Date: do 28 mrt 2013, Material: Au, Temp: 4.2 K
AO1 - module gain: 1.0E+0, R_out: 0.0
AO2 - module gain: 1.0E+2
MUX1 - ADC gain: 4, logarithmic amplifier: D:\LabVIEW Data\Lithographic MCBJ\MED24_070412.TXT, R_in: 0.000
MUX2 - ADC gain: 4, linear amplifier: 1.000000 x 1e10 V/A, R_in: 1.000
Breaking trace: 15 0
Axis position: -884.155488
Vbias (V)	<I> and Ii MUX1 (A)	Vbias (V)	<I> and Ii MUX2 (A)
@
0.00000000E+0	-5.26072019E-10	-5.26072019E-10	0.00000000E+0	0.00000000E+0	0.00000000E+0
2.44140625E-3	1.03068998E-9	1.03068998E-9	2.44140625E-3	0.00000000E+0	0.00000000E+0
4.88281250E-3	2.80088996E-9	2.80088996E-9	4.88281250E-3	0.00000000E+0	0.00000000E+0
7.32421875E-3	4.55476012E-9	4.55476012E-9	7.32421875E-3	0.00000000E+0	0.00000000E+0
9.76562500E-3	6.51894982E-9	6.51894982E-9	9.76562500E-3	0.00000000E+0	0.00000000E+0
1.22070313E-2	8.38709990E-9	8.38709990E-9	1.22070313E-2	0.00000000E+0	0.00000000E+0
1.46484375E-2	1.03718003E-8	1.03718003E-8	1.46484375E-2	0.00000000E+0	0.00000000E+0
1.70898438E-2	1.24110997E-8	1.24110997E-8	1.70898438E-2	0.00000000E+0	0.00000000E+0
1.95312500E-2	1.46031001E-8	1.46031001E-8	1.95312500E-2	0.00000000E+0	0.00000000E+0
2.19726563E-2	1.65833001E-8	1.65833001E-8	2.19726563E-2	0.00000000E+0	0.00000000E+0
2.44140625E-2	1.86884002E-8	1.86884002E-8	2.44140625E-2	0.00000000E+0	0.00000000E+0
2.68554688E-2	2.08495994E-8	2.08495994E-8	2.68554688E-2	0.00000000E+0	0.00000000E+0
2.92968750E-2	2.29061996E-8	2.29061996E-8	2.92968750E-2	0.00000000E+0	0.00000000E+0
3.17382813E-2	2.49820005E-8	2.49820005E-8	3.17382813E-2	0.00000000E+0	0.00000000E+0
3.41796875E-2	2.70807003E-8	2.70807003E-8	3.41796875E-2	0.00000000E+0	0.00000000E+0
3.66210938E-2	2.90991995E-8	2.90991995E-8	3.66210938E-2	0.00000000E+0	0.00000000E+0
3.90625000E-2	3.12398996E-8	3.12398996E-8	3.90625000E-2	0.00000000E+0	0.00000000E+0
4.15039063E-2	3.33959989E-8	3.33959989E-8	4.15039063E-2	0.00000000E+0	0.00000000E+0
4.39453125E-2	2.28220998E-8	2.28220998E-8	4.39453125E-2	0.00000000E+0	0.00000000E+0
4.63867188E-2	2.72031002E-8	2.72031002E-8	4.63867188E-2	0.00000000E+0	0.00000000E+0
4.88281250E-2	2.41525004E-8	2.41525004E-8	4.88281250E-2	0.00000000E+0	0.00000000E+0
5.12695313E-2	2.10075992E-8	2.10075992E-8	5.12695313E-2	0.00000000E+0	0.00000000E+0
5.37109375E-2	1.83571007E-8	1.83571007E-8	5.37109375E-2	0.00000000E+0	0.00000000E+0
5.61523438E-2	1.67439005E-8	1.67439005E-8	5.61523438E-2	0.00000000E+0	0.00000000E+0
5.85937500E-2	1.58799001E-8	1.58799001E-8	5.85937500E-2	0.00000000E+0	0.00000000E+0
6.10351563E-2	1.49700998E-8	1.49700998E-8	6.10351563E-2	0.00000000E+0	0.00000000E+0
6.34765625E-2	1.42590002E-8	1.42590002E-8	6.34765625E-2	0.00000000E+0	0.00000000E+0
6.59179688E-2	1.39915004E-8	1.39915004E-8	6.59179688E-2	0.00000000E+0	0.00000000E+0
6.83593750E-2	1.38309000E-8	1.38309000E-8	6.83593750E-2	0.00000000E+0	0.00000000E+0
7.08007813E-2	1.36958000E-8	1.36958000E-8	7.08007813E-2	0.00000000E+0	0.00000000E+0
7.32421875E-2	1.36041001E-8	1.36041001E-8	7.32421875E-2	0.00000000E+0	0.00000000E+0
7.56835938E-2	1.35422997E-8	1.35422997E-8	7.56835938E-2	0.00000000E+0	0.00000000E+0
7.81250000E-2	1.36041001E-8	1.36041001E-8	7.81250000E-2	0.00000000E+0	0.00000000E+0
8.05664063E-2	1.36856002E-8	1.36856002E-8	8.05664063E-2	0.00000000E+0	0.00000000E+0
8.30078125E-2	1.38920999E-8	1.38920999E-8	8.30078125E-2	0.00000000E+0	0.00000000E+0
8.54492188E-2	1.41749004E-8	1.41749004E-8	8.54492188E-2	0.00000000E+0	0.00000000E+0
8.78906250E-2	1.49242005E-8	1.49242005E-8	8.78906250E-2	0.00000000E+0	0.00000000E+0
9.03320313E-2	1.52453001E-8	1.52453001E-8	9.03320313E-2	0.00000000E+0	0.00000000E+0
9.27734375E-2	1.55741002E-8	1.55741002E-8	9.27734375E-2	0.00000000E+0	0.00000000E+0
9.52148438E-2	1.59639999E-8	1.59639999E-8	9.52148438E-2	0.00000000E+0	0.00000000E+0
9.76562500E-2	1.63481992E-8	1.63481992E-8	9.76562500E-2	0.00000000E+0	0.00000000E+0
1.00097656E-1	1.67439005E-8	1.67439005E-8	1.00097656E-1	0.00000000E+0	0.00000000E+0
1.02539062E-1	1.71949992E-8	1.71949992E-8	1.02539062E-1	0.00000000E+0	0.00000000E+0
1.04980469E-1	1.75924999E-8	1.75924999E-8	1.04980469E-1	0.00000000E+0	0.00000000E+0
1.07421875E-1	1.80819004E-8	1.80819004E-8	1.07421875E-1	0.00000000E+0	0.00000000E+0
1.09863281E-1	1.84565003E-8	1.84565003E-8	1.09863281E-1	0.00000000E+0	0.00000000E+0
1.12304687E-1	1.88922993E-8	1.88922993E-8	1.12304687E-1	0.00000000E+0	0.00000000E+0
1.14746094E-1	1.93243004E-8	1.93243004E-8	1.14746094E-1	0.00000000E+0	0.00000000E+0
1.17187500E-1	1.96186001E-8	1.96186001E-8	1.17187500E-1	0.00000000E+0	0.00000000E+0
1.19628906E-1	2.00697006E-8	2.00697006E-8	1.19628906E-1	0.00000000E+0	0.00000000E+0
1.22070312E-1	2.04864001E-8	2.04864001E-8	1.22070312E-1	0.00000000E+0	0.00000000E+0
1.24511719E-1	2.08495994E-8	2.08495994E-8	1.24511719E-1	0.00000000E+0	0.00000000E+0
1.26953125E-1	2.10636006E-8	2.10636006E-8	1.26953125E-1	0.00000000E+0	0.00000000E+0
1.29394531E-1	2.16179004E-8	2.16179004E-8	1.29394531E-1	0.00000000E+0	0.00000000E+0
1.31835937E-1	2.20116991E-8	2.20116991E-8	1.31835937E-1	0.00000000E+0	0.00000000E+0
1.34277344E-1	2.24397994E-8	2.24397994E-8	1.34277344E-1	0.00000000E+0	0.00000000E+0
1.36718750E-1	2.26539001E-8	2.26539001E-8	1.36718750E-1	0.00000000E+0	0.00000000E+0
1.39160156E-1	2.31203003E-8	2.31203003E-8	1.39160156E-1	0.00000000E+0	0.00000000E+0
1.41601562E-1	2.35179005E-8	2.35179005E-8	1.41601562E-1	0.00000000E+0	0.00000000E+0
1.44042969E-1	2.40148008E-8	2.40148008E-8	1.44042969E-1	0.00000000E+0	0.00000000E+0
1.46484375E-1	2.45729996E-8	2.45729996E-8	1.46484375E-1	0.00000000E+0	0.00000000E+0
1.48925781E-1	2.49017003E-8	2.49017003E-8	1.48925781E-1	0.00000000E+0	0.00000000E+0
1.51367187E-1	2.53146002E-8	2.53146002E-8	1.51367187E-1	0.00000000E+0	0.00000000E+0
1.53808594E-1	2.58498005E-8	2.58498005E-8	1.53808594E-1	0.00000000E+0	0.00000000E+0
1.56250000E-1	2.62244004E-8	2.62244004E-8	1.56250000E-1	0.00000000E+0	0.00000000E+0
1.58691406E-1	2.66754991E-8	2.66754991E-8	1.58691406E-1	0.00000000E+0	0.00000000E+0
1.61132812E-1	2.70501008E-8	2.70501008E-8	1.61132812E-1	0.00000000E+0	0.00000000E+0
1.63574219E-1	2.74783005E-8	2.74783005E-8	1.63574219E-1	0.00000000E+0	0.00000000E+0
1.66015625E-1	2.79523000E-8	2.79523000E-8	1.66015625E-1	0.00000000E+0	0.00000000E+0
1.68457031E-1	2.82733996E-8	2.82733996E-8	1.68457031E-1	0.00000000E+0	0.00000000E+0
1.70898437E-1	2.88163005E-8	2.88163005E-8	1.70898437E-1	0.00000000E+0	0.00000000E+0
1.73339844E-1	2.91756006E-8	2.91756006E-8	1.73339844E-1	0.00000000E+0	0.00000000E+0
1.75781250E-1	2.96993008E-8	2.96993008E-8	1.75781250E-1	0.00000000E+0	0.00000000E+0
1.78222656E-1	3.01237009E-8	3.01237009E-8	1.78222656E-1	0.00000000E+0	0.00000000E+0
1.80664062E-1	3.05365013E-8	3.05365013E-8	1.80664062E-1	0.00000000E+0	0.00000000E+0
1.83105469E-1	3.09265005E-8	3.09265005E-8	1.83105469E-1	0.00000000E+0	0.00000000E+0
1.85546875E-1	3.14386988E-8	3.14386988E-8	1.85546875E-1	0.00000000E+0	0.00000000E+0
1.87988281E-1	3.18057012E-8	3.18057012E-8	1.87988281E-1	0.00000000E+0	0.00000000E+0
1.90429687E-1	3.21802993E-8	3.21802993E-8	1.90429687E-1	0.00000000E+0	0.00000000E+0
1.92871094E-1	3.24555991E-8	3.24555991E-8	1.92871094E-1	0.00000000E+0	0.00000000E+0
1.95312500E-1	3.29449001E-8	3.29449001E-8	1.95312500E-1	0.00000000E+0	0.00000000E+0
1.97753906E-1	3.33272006E-8	3.33272006E-8	1.97753906E-1	0.00000000E+0	0.00000000E+0
2.00195312E-1	3.37782993E-8	3.37782993E-8	2.00195312E-1	0.00000000E+0	0.00000000E+0
2.02636719E-1	3.41835005E-8	3.41835005E-8	2.02636719E-1	0.00000000E+0	0.00000000E+0
2.05078125E-1	3.46001983E-8	3.46001983E-8	2.05078125E-1	0.00000000E+0	0.00000000E+0
2.07519531E-1	3.50092009E-8	3.50092009E-8	2.07519531E-1	0.00000000E+0	0.00000000E+0
2.09960937E-1	3.53761997E-8	3.53761997E-8	2.09960937E-1	0.00000000E+0	0.00000000E+0
2.12402344E-1	3.57431986E-8	3.57431986E-8	2.12402344E-1	0.00000000E+0	0.00000000E+0
2.14843750E-1	3.60948995E-8	3.60948995E-8	2.14843750E-1	0.00000000E+0	0.00000000E+0
2.17285156E-1	3.66301016E-8	3.66301016E-8	2.17285156E-1	0.00000000E+0	0.00000000E+0
2.19726562E-1	3.70046997E-8	3.70046997E-8	2.19726562E-1	0.00000000E+0	0.00000000E+0
2.22167969E-1	3.73945994E-8	3.73945994E-8	2.22167969E-1	0.00000000E+0	0.00000000E+0
2.24609375E-1	3.77615983E-8	3.77615983E-8	2.24609375E-1	0.00000000E+0	0.00000000E+0
2.27050781E-1	3.81286007E-8	3.81286007E-8	2.27050781E-1	0.00000000E+0	0.00000000E+0
2.29492187E-1	3.85950010E-8	3.85950010E-8	2.29492187E-1	0.00000000E+0	0.00000000E+0
2.31933594E-1	3.88625985E-8	3.88625985E-8	2.31933594E-1	0.00000000E+0	0.00000000E+0
2.34375000E-1	3.92218986E-8	3.92218986E-8	2.34375000E-1	0.00000000E+0	0.00000000E+0
2.36816406E-1	3.95735995E-8	3.95735995E-8	2.36816406E-1	0.00000000E+0	0.00000000E+0
2.39257812E-1	4.00630000E-8	4.00630000E-8	2.39257812E-1	0.00000000E+0	0.00000000E+0
2.41699219E-1	4.04298994E-8	4.04298994E-8	2.41699219E-1	0.00000000E+0	0.00000000E+0
2.44140625E-1	4.08198986E-8	4.08198986E-8	2.44140625E-1	0.00000000E+0	0.00000000E+0
2.46582031E-1	4.12326990E-8	4.12326990E-8	2.46582031E-1	0.00000000E+0	0.00000000E+0
2.49023437E-1	4.14773993E-8	4.14773993E-8	2.49023437E-1	0.00000000E+0	0.00000000E+0
2.51464844E-1	4.18672990E-8	4.18672990E-8	2.51464844E-1	0.00000000E+0	0.00000000E+0
2.53906250E-1	4.23261000E-8	4.23261000E-8	2.53906250E-1	0.00000000E+0	0.00000000E+0
2.56347656E-1	4.27541984E-8	4.27541984E-8	2.56347656E-1	0.00000000E+0	0.00000000E+0
2.58789062E-1	4.31288001E-8	4.31288001E-8	2.58789062E-1	0.00000000E+0	0.00000000E+0
2.61230469E-1	4.35798988E-8	4.35798988E-8	2.61230469E-1	0.00000000E+0	0.00000000E+0
2.63671875E-1	4.40462991E-8	4.40462991E-8	2.63671875E-1	0.00000000E+0	0.00000000E+0
2.66113281E-1	4.44210002E-8	4.44210002E-8	2.66113281E-1	0.00000000E+0	0.00000000E+0
2.68554687E-1	4.48262014E-8	4.48262014E-8	2.68554687E-1	0.00000000E+0	0.00000000E+0
2.70996094E-1	4.52773001E-8	4.52773001E-8	2.70996094E-1	0.00000000E+0	0.00000000E+0
2.73437500E-1	4.57588989E-8	4.57588989E-8	2.73437500E-1	0.00000000E+0	0.00000000E+0
2.75878906E-1	4.61565008E-8	4.61565008E-8	2.75878906E-1	0.00000000E+0	0.00000000E+0
2.78320312E-1	4.65234997E-8	4.65234997E-8	2.78320312E-1	0.00000000E+0	0.00000000E+0
2.80761719E-1	4.70815991E-8	4.70815991E-8	2.80761719E-1	0.00000000E+0	0.00000000E+0
2.83203125E-1	5.10650011E-8	5.10650011E-8	2.83203125E-1	0.00000000E+0	0.00000000E+0
2.85644531E-1	5.15427985E-8	5.15427985E-8	2.85644531E-1	0.00000000E+0	0.00000000E+0
2.88085937E-1	5.19519006E-8	5.19519006E-8	2.88085937E-1	0.00000000E+0	0.00000000E+0
2.90527344E-1	5.23877013E-8	5.23877013E-8	2.90527344E-1	0.00000000E+0	0.00000000E+0
2.92968750E-1	5.29610986E-8	5.29610986E-8	2.92968750E-1	0.00000000E+0	0.00000000E+0
2.95410156E-1	5.34198001E-8	5.34198001E-8	2.95410156E-1	0.00000000E+0	0.00000000E+0
2.97851562E-1	5.39167999E-8	5.39167999E-8	2.97851562E-1	0.00000000E+0	0.00000000E+0
3.00292969E-1	5.43448984E-8	5.43448984E-8	3.00292969E-1	0.00000000E+0	0.00000000E+0
3.02734375E-1	5.48647989E-8	5.48647989E-8	3.02734375E-1	0.00000000E+0	0.00000000E+0
3.05175781E-1	5.53311992E-8	5.53311992E-8	3.05175781E-1	0.00000000E+0	0.00000000E+0
3.07617187E-1	5.58205002E-8	5.58205002E-8	3.07617187E-1	0.00000000E+0	0.00000000E+0
3.10058594E-1	5.62715989E-8	5.62715989E-8	3.10058594E-1	0.00000000E+0	0.00000000E+0
3.12500000E-1	5.68220990E-8	5.68220990E-8	3.12500000E-1	0.00000000E+0	0.00000000E+0
3.14941406E-1	5.72999994E-8	5.72999994E-8	3.14941406E-1	0.00000000E+0	0.00000000E+0
3.17382812E-1	5.77318993E-8	5.77318993E-8	3.17382812E-1	0.00000000E+0	0.00000000E+0
3.19824219E-1	5.82748001E-8	5.82748001E-8	3.19824219E-1	0.00000000E+0	0.00000000E+0
3.22265625E-1	5.87182001E-8	5.87182001E-8	3.22265625E-1	0.00000000E+0	0.00000000E+0
3.24707031E-1	5.91195999E-8	5.91195999E-8	3.24707031E-1	0.00000000E+0	0.00000000E+0
3.27148437E-1	5.96280998E-8	5.96280998E-8	3.27148437E-1	0.00000000E+0	0.00000000E+0
3.29589844E-1	6.00485990E-8	6.00485990E-8	3.29589844E-1	0.00000000E+0	0.00000000E+0
3.32031250E-1	6.04844033E-8	6.04844033E-8	3.32031250E-1	0.00000000E+0	0.00000000E+0
3.34472656E-1	6.11342017E-8	6.11342017E-8	3.34472656E-1	0.00000000E+0	0.00000000E+0
3.36914062E-1	6.17497022E-8	6.17497022E-8	3.36914062E-1	0.00000000E+0	0.00000000E+0
3.39355469E-1	6.19982004E-8	6.19982004E-8	3.39355469E-1	0.00000000E+0	0.00000000E+0
3.41796875E-1	6.23384011E-8	6.23384011E-8	3.41796875E-1	0.00000000E+0	0.00000000E+0
3.44238281E-1	6.27857020E-8	6.27857020E-8	3.44238281E-1	0.00000000E+0	0.00000000E+0
3.46679687E-1	6.34890966E-8	6.34890966E-8	3.46679687E-1	0.00000000E+0	0.00000000E+0
3.49121094E-1	6.38560991E-8	6.38560991E-8	3.49121094E-1	0.00000000E+0	0.00000000E+0
3.51562500E-1	6.43454001E-8	6.43454001E-8	3.51562500E-1	0.00000000E+0	0.00000000E+0
3.54003906E-1	6.48959002E-8	6.48959002E-8	3.54003906E-1	0.00000000E+0	0.00000000E+0
3.56445312E-1	6.52858034E-8	6.52858034E-8	3.56445312E-1	0.00000000E+0	0.00000000E+0
3.58886719E-1	6.57941968E-8	6.57941968E-8	3.58886719E-1	0.00000000E+0	0.00000000E+0
3.61328125E-1	6.60045032E-8	6.60045032E-8	3.61328125E-1	0.00000000E+0	0.00000000E+0
3.63769531E-1	6.65128965E-8	6.65128965E-8	3.63769531E-1	0.00000000E+0	0.00000000E+0
3.66210937E-1	6.69908005E-8	6.69908005E-8	3.66210937E-1	0.00000000E+0	0.00000000E+0
3.68652344E-1	6.74419027E-8	6.74419027E-8	3.68652344E-1	0.00000000E+0	0.00000000E+0
3.71093750E-1	6.79311967E-8	6.79311967E-8	3.71093750E-1	0.00000000E+0	0.00000000E+0
3.73535156E-1	6.84586965E-8	6.84586965E-8	3.73535156E-1	0.00000000E+0	0.00000000E+0
3.75976562E-1	6.88792028E-8	6.88792028E-8	3.75976562E-1	0.00000000E+0	0.00000000E+0
3.78417969E-1	6.93073972E-8	6.93073972E-8	3.78417969E-1	0.00000000E+0	0.00000000E+0
3.80859375E-1	6.96934990E-8	6.96934990E-8	3.80859375E-1	0.00000000E+0	0.00000000E+0
3.83300781E-1	7.01866014E-8	7.01866014E-8	3.83300781E-1	0.00000000E+0	0.00000000E+0
3.85742187E-1	7.06148029E-8	7.06148029E-8	3.85742187E-1	0.00000000E+0	0.00000000E+0
3.88183594E-1	7.10275998E-8	7.10275998E-8	3.88183594E-1	0.00000000E+0	0.00000000E+0
3.90625000E-1	7.16278024E-8	7.16278024E-8	3.90625000E-1	0.00000000E+0	0.00000000E+0
3.93066406E-1	7.19604003E-8	7.19604003E-8	3.93066406E-1	0.00000000E+0	0.00000000E+0
3.95507812E-1	7.22586009E-8	7.22586009E-8	3.95507812E-1	0.00000000E+0	0.00000000E+0
3.97949219E-1	7.28166967E-8	7.28166967E-8	3.97949219E-1	0.00000000E+0	0.00000000E+0
4.00390625E-1	7.31684011E-8	7.31684011E-8	4.00390625E-1	0.00000000E+0	0.00000000E+0
4.02832031E-1	7.36157020E-8	7.36157020E-8	4.02832031E-1	0.00000000E+0	0.00000000E+0
4.05273437E-1	7.42005994E-8	7.42005994E-8	4.05273437E-1	0.00000000E+0	0.00000000E+0
4.07714844E-1	7.47242979E-8	7.47242979E-8	4.07714844E-1	0.00000000E+0	0.00000000E+0
4.10156250E-1	7.55308989E-8	7.55308989E-8	4.10156250E-1	0.00000000E+0	0.00000000E+0
4.12597656E-1	7.54467990E-8	7.54467990E-8	4.12597656E-1	0.00000000E+0	0.00000000E+0
4.15039062E-1	7.59781997E-8	7.59781997E-8	4.15039062E-1	0.00000000E+0	0.00000000E+0
4.17480469E-1	7.66088988E-8	7.66088988E-8	4.17480469E-1	0.00000000E+0	0.00000000E+0
4.19921875E-1	7.68115029E-8	7.68115029E-8	4.19921875E-1	0.00000000E+0	0.00000000E+0
4.22363281E-1	7.73046978E-8	7.73046978E-8	4.22363281E-1	0.00000000E+0	0.00000000E+0
4.24804687E-1	7.78246019E-8	7.78246019E-8	4.24804687E-1	0.00000000E+0	0.00000000E+0
4.27246094E-1	7.80998022E-8	7.80998022E-8	4.27246094E-1	0.00000000E+0	0.00000000E+0
4.29687500E-1	7.87037990E-8	7.87037990E-8	4.29687500E-1	0.00000000E+0	0.00000000E+0
4.32128906E-1	7.91320005E-8	7.91320005E-8	4.32128906E-1	0.00000000E+0	0.00000000E+0
4.34570312E-1	7.95715991E-8	7.95715991E-8	4.34570312E-1	0.00000000E+0	0.00000000E+0
4.37011719E-1	8.02214970E-8	8.02214970E-8	4.37011719E-1	0.00000000E+0	0.00000000E+0
4.39453125E-1	8.04393991E-8	8.04393991E-8	4.39453125E-1	0.00000000E+0	0.00000000E+0
4.41894531E-1	8.09516010E-8	8.09516010E-8	4.41894531E-1	0.00000000E+0	0.00000000E+0
4.44335937E-1	8.14065970E-8	8.14065970E-8	4.44335937E-1	0.00000000E+0	0.00000000E+0
4.46777344E-1	8.18117982E-8	8.18117982E-8	4.46777344E-1	0.00000000E+0	0.00000000E+0
4.49218750E-1	8.23533028E-8	8.23533028E-8	4.49218750E-1	0.00000000E+0	0.00000000E+0
4.51660156E-1	8.27063005E-8	8.27063005E-8	4.51660156E-1	0.00000000E+0	0.00000000E+0
4.54101562E-1	8.33447018E-8	8.33447018E-8	4.54101562E-1	0.00000000E+0	0.00000000E+0
4.56542969E-1	8.39868974E-8	8.39868974E-8	4.56542969E-1	0.00000000E+0	0.00000000E+0
4.58984375E-1	8.43691979E-8	8.43691979E-8	4.58984375E-1	0.00000000E+0	0.00000000E+0
4.61425781E-1	8.47973993E-8	8.47973993E-8	4.61425781E-1	0.00000000E+0	0.00000000E+0
4.63867187E-1	8.53364028E-8	8.53364028E-8	4.63867187E-1	0.00000000E+0	0.00000000E+0
4.66308594E-1	8.56803979E-8	8.56803979E-8	4.66308594E-1	0.00000000E+0	0.00000000E+0
4.68750000E-1	8.62525980E-8	8.62525980E-8	4.68750000E-1	0.00000000E+0	0.00000000E+0
4.71191406E-1	8.66360992E-8	8.66360992E-8	4.71191406E-1	0.00000000E+0	0.00000000E+0
4.73632812E-1	8.70452013E-8	8.70452013E-8	4.73632812E-1	0.00000000E+0	0.00000000E+0
4.76074219E-1	8.76682975E-8	8.76682975E-8	4.76074219E-1	0.00000000E+0	0.00000000E+0
4.78515625E-1	8.82532021E-8	8.82532021E-8	4.78515625E-1	0.00000000E+0	0.00000000E+0
4.80957031E-1	8.87119000E-8	8.87119000E-8	4.80957031E-1	0.00000000E+0	0.00000000E+0
4.83398437E-1	8.91171013E-8	8.91171013E-8	4.83398437E-1	0.00000000E+0	0.00000000E+0
4.85839844E-1	8.98510990E-8	8.98510990E-8	4.85839844E-1	0.00000000E+0	0.00000000E+0
4.88281250E-1	9.01645976E-8	9.01645976E-8	4.88281250E-1	0.00000000E+0	0.00000000E+0
4.90722656E-1	9.00907011E-8	9.00907011E-8	4.90722656E-1	0.00000000E+0	0.00000000E+0
4.93164062E-1	9.04665995E-8	9.04665995E-8	4.93164062E-1	0.00000000E+0	0.00000000E+0
4.90722656E-1	8.99581991E-8	8.99581991E-8	4.90722656E-1	0.00000000E+0	0.00000000E+0
4.88281250E-1	8.95146997E-8	8.95146997E-8	4.88281250E-1	0.00000000E+0	0.00000000E+0
4.85839844E-1	8.89298022E-8	8.89298022E-8	4.85839844E-1	0.00000000E+0	0.00000000E+0
4.83398437E-1	8.82532021E-8	8.82532021E-8	4.83398437E-1	0.00000000E+0	0.00000000E+0
4.80957031E-1	8.78823982E-8	8.78823982E-8	4.80957031E-1	0.00000000E+0	0.00000000E+0
4.78515625E-1	8.74847998E-8	8.74847998E-8	4.78515625E-1	0.00000000E+0	0.00000000E+0
4.76074219E-1	8.68081997E-8	8.68081997E-8	4.76074219E-1	0.00000000E+0	0.00000000E+0
4.73632812E-1	8.62525980E-8	8.62525980E-8	4.73632812E-1	0.00000000E+0	0.00000000E+0
4.71191406E-1	8.60168967E-8	8.60168967E-8	4.71191406E-1	0.00000000E+0	0.00000000E+0
4.68750000E-1	8.53937010E-8	8.53937010E-8	4.68750000E-1	0.00000000E+0	0.00000000E+0
4.66308594E-1	8.49082014E-8	8.49082014E-8	4.66308594E-1	0.00000000E+0	0.00000000E+0
4.63867187E-1	8.44328980E-8	8.44328980E-8	4.63867187E-1	0.00000000E+0	0.00000000E+0
4.61425781E-1	8.41513028E-8	8.41513028E-8	4.61425781E-1	0.00000000E+0	0.00000000E+0
4.58984375E-1	8.33829006E-8	8.33829006E-8	4.58984375E-1	0.00000000E+0	0.00000000E+0
4.56542969E-1	8.30542035E-8	8.30542035E-8	4.56542969E-1	0.00000000E+0	0.00000000E+0
4.54101562E-1	8.25928979E-8	8.25928979E-8	4.54101562E-1	0.00000000E+0	0.00000000E+0
4.51660156E-1	8.21901978E-8	8.21901978E-8	4.51660156E-1	0.00000000E+0	0.00000000E+0
4.49218750E-1	8.16244992E-8	8.16244992E-8	4.49218750E-1	0.00000000E+0	0.00000000E+0
4.46777344E-1	8.11198007E-8	8.11198007E-8	4.46777344E-1	0.00000000E+0	0.00000000E+0
4.44335937E-1	8.07414011E-8	8.07414011E-8	4.44335937E-1	0.00000000E+0	0.00000000E+0
4.41894531E-1	8.02214970E-8	8.02214970E-8	4.41894531E-1	0.00000000E+0	0.00000000E+0
4.39453125E-1	7.96213016E-8	7.96213016E-8	4.39453125E-1	0.00000000E+0	0.00000000E+0
4.37011719E-1	7.90822980E-8	7.90822980E-8	4.37011719E-1	0.00000000E+0	0.00000000E+0
4.34570312E-1	7.86540966E-8	7.86540966E-8	4.34570312E-1	0.00000000E+0	0.00000000E+0
4.32128906E-1	7.82298031E-8	7.82298031E-8	4.32128906E-1	0.00000000E+0	0.00000000E+0
4.29687500E-1	7.78246019E-8	7.78246019E-8	4.29687500E-1	0.00000000E+0	0.00000000E+0
4.27246094E-1	7.74499966E-8	7.74499966E-8	4.27246094E-1	0.00000000E+0	0.00000000E+0
4.24804687E-1	7.72359030E-8	7.72359030E-8	4.24804687E-1	0.00000000E+0	0.00000000E+0
4.22363281E-1	7.67618999E-8	7.67618999E-8	4.22363281E-1	0.00000000E+0	0.00000000E+0
4.19921875E-1	7.64406991E-8	7.64406991E-8	4.19921875E-1	0.00000000E+0	0.00000000E+0
4.17480469E-1	7.57985035E-8	7.57985035E-8	4.17480469E-1	0.00000000E+0	0.00000000E+0
4.15039062E-1	7.52938973E-8	7.52938973E-8	4.15039062E-1	0.00000000E+0	0.00000000E+0
4.12597656E-1	7.49192992E-8	7.49192992E-8	4.12597656E-1	0.00000000E+0	0.00000000E+0
4.10156250E-1	7.44528990E-8	7.44528990E-8	4.10156250E-1	0.00000000E+0	0.00000000E+0
4.07714844E-1	7.40323998E-8	7.40323998E-8	4.07714844E-1	0.00000000E+0	0.00000000E+0
4.05273437E-1	7.37877031E-8	7.37877031E-8	4.05273437E-1	0.00000000E+0	0.00000000E+0
4.02832031E-1	7.34321972E-8	7.34321972E-8	4.02832031E-1	0.00000000E+0	0.00000000E+0
4.00390625E-1	7.27708027E-8	7.27708027E-8	4.00390625E-1	0.00000000E+0	0.00000000E+0
3.97949219E-1	7.25147018E-8	7.25147018E-8	3.97949219E-1	0.00000000E+0	0.00000000E+0
3.95507812E-1	7.20063014E-8	7.20063014E-8	3.95507812E-1	0.00000000E+0	0.00000000E+0
3.93066406E-1	7.15283974E-8	7.15283974E-8	3.93066406E-1	0.00000000E+0	0.00000000E+0
3.90625000E-1	7.11690973E-8	7.11690973E-8	3.90625000E-1	0.00000000E+0	0.00000000E+0
3.88183594E-1	7.07371015E-8	7.07371015E-8	3.88183594E-1	0.00000000E+0	0.00000000E+0
3.85742187E-1	7.02784035E-8	7.02784035E-8	3.85742187E-1	0.00000000E+0	0.00000000E+0
3.83300781E-1	6.97852016E-8	6.97852016E-8	3.83300781E-1	0.00000000E+0	0.00000000E+0
3.80859375E-1	6.93532982E-8	6.93532982E-8	3.80859375E-1	0.00000000E+0	0.00000000E+0
3.78417969E-1	6.88295003E-8	6.88295003E-8	3.78417969E-1	0.00000000E+0	0.00000000E+0
3.75976562E-1	6.85008033E-8	6.85008033E-8	3.75976562E-1	0.00000000E+0	0.00000000E+0
3.73535156E-1	6.81567016E-8	6.81567016E-8	3.73535156E-1	0.00000000E+0	0.00000000E+0
3.71093750E-1	6.77285996E-8	6.77285996E-8	3.71093750E-1	0.00000000E+0	0.00000000E+0
3.68652344E-1	6.74112997E-8	6.74112997E-8	3.68652344E-1	0.00000000E+0	0.00000000E+0
3.66210937E-1	6.70289992E-8	6.70289992E-8	3.66210937E-1	0.00000000E+0	0.00000000E+0
3.63769531E-1	6.64325981E-8	6.64325981E-8	3.63769531E-1	0.00000000E+0	0.00000000E+0
3.61328125E-1	6.59662973E-8	6.59662973E-8	3.61328125E-1	0.00000000E+0	0.00000000E+0
3.58886719E-1	6.54272014E-8	6.54272014E-8	3.58886719E-1	0.00000000E+0	0.00000000E+0
3.56445312E-1	6.50259011E-8	6.50259011E-8	3.56445312E-1	0.00000000E+0	0.00000000E+0
3.54003906E-1	6.43760032E-8	6.43760032E-8	3.54003906E-1	0.00000000E+0	0.00000000E+0
3.51562500E-1	6.40090008E-8	6.40090008E-8	3.51562500E-1	0.00000000E+0	0.00000000E+0
3.49121094E-1	6.34890966E-8	6.34890966E-8	3.49121094E-1	0.00000000E+0	0.00000000E+0
3.46679687E-1	6.31833004E-8	6.31833004E-8	3.46679687E-1	0.00000000E+0	0.00000000E+0
3.44238281E-1	6.26557011E-8	6.26557011E-8	3.44238281E-1	0.00000000E+0	0.00000000E+0
3.41796875E-1	6.21854994E-8	6.21854994E-8	3.41796875E-1	0.00000000E+0	0.00000000E+0
3.39355469E-1	6.17077021E-8	6.17077021E-8	3.39355469E-1	0.00000000E+0	0.00000000E+0
3.36914062E-1	6.11801028E-8	6.11801028E-8	3.36914062E-1	0.00000000E+0	0.00000000E+0
3.34472656E-1	6.06908017E-8	6.06908017E-8	3.34472656E-1	0.00000000E+0	0.00000000E+0
3.32031250E-1	6.02015007E-8	6.02015007E-8	3.32031250E-1	0.00000000E+0	0.00000000E+0
3.29589844E-1	5.97427032E-8	5.97427032E-8	3.29589844E-1	0.00000000E+0	0.00000000E+0
3.27148437E-1	5.92916010E-8	5.92916010E-8	3.27148437E-1	0.00000000E+0	0.00000000E+0
3.24707031E-1	5.89094000E-8	5.89094000E-8	3.24707031E-1	0.00000000E+0	0.00000000E+0
3.22265625E-1	5.84659006E-8	5.84659006E-8	3.22265625E-1	0.00000000E+0	0.00000000E+0
3.19824219E-1	5.79230992E-8	5.79230992E-8	3.19824219E-1	0.00000000E+0	0.00000000E+0
3.17382812E-1	5.75446002E-8	5.75446002E-8	3.17382812E-1	0.00000000E+0	0.00000000E+0
3.14941406E-1	5.71356011E-8	5.71356011E-8	3.14941406E-1	0.00000000E+0	0.00000000E+0
3.12500000E-1	5.65660017E-8	5.65660017E-8	3.12500000E-1	0.00000000E+0	0.00000000E+0
3.10058594E-1	5.59542990E-8	5.59542990E-8	3.10058594E-1	0.00000000E+0	0.00000000E+0
3.07617187E-1	5.56293998E-8	5.56293998E-8	3.07617187E-1	0.00000000E+0	0.00000000E+0
3.05175781E-1	5.50483001E-8	5.50483001E-8	3.05175781E-1	0.00000000E+0	0.00000000E+0
3.02734375E-1	5.48647989E-8	5.48647989E-8	3.02734375E-1	0.00000000E+0	0.00000000E+0
3.00292969E-1	5.42302985E-8	5.42302985E-8	3.00292969E-1	0.00000000E+0	0.00000000E+0
2.97851562E-1	5.36110001E-8	5.36110001E-8	2.97851562E-1	0.00000000E+0	0.00000000E+0
2.95410156E-1	5.32056994E-8	5.32056994E-8	2.95410156E-1	0.00000000E+0	0.00000000E+0
2.92968750E-1	5.27700017E-8	5.27700017E-8	2.92968750E-1	0.00000000E+0	0.00000000E+0
2.90527344E-1	5.21658983E-8	5.21658983E-8	2.90527344E-1	0.00000000E+0	0.00000000E+0
2.88085937E-1	5.17377998E-8	5.17377998E-8	2.88085937E-1	0.00000000E+0	0.00000000E+0
2.85644531E-1	5.12982012E-8	5.12982012E-8	2.85644531E-1	0.00000000E+0	0.00000000E+0
2.83203125E-1	5.08049993E-8	5.08049993E-8	2.83203125E-1	0.00000000E+0	0.00000000E+0
2.80761719E-1	5.03539006E-8	5.03539006E-8	2.80761719E-1	0.00000000E+0	0.00000000E+0
2.78320312E-1	4.98340000E-8	4.98340000E-8	2.78320312E-1	0.00000000E+0	0.00000000E+0
2.75878906E-1	4.95282002E-8	4.95282002E-8	2.75878906E-1	0.00000000E+0	0.00000000E+0
2.73437500E-1	4.90771015E-8	4.90771015E-8	2.73437500E-1	0.00000000E+0	0.00000000E+0
2.70996094E-1	4.85668004E-8	4.85668004E-8	2.70996094E-1	0.00000000E+0	0.00000000E+0
2.68554687E-1	4.80603006E-8	4.80603006E-8	2.68554687E-1	0.00000000E+0	0.00000000E+0
2.66113281E-1	4.77315005E-8	4.77315005E-8	2.66113281E-1	0.00000000E+0	0.00000000E+0
2.63671875E-1	4.72956998E-8	4.72956998E-8	2.63671875E-1	0.00000000E+0	0.00000000E+0
2.61230469E-1	4.70204995E-8	4.70204995E-8	2.61230469E-1	0.00000000E+0	0.00000000E+0
2.58789062E-1	4.64317012E-8	4.64317012E-8	2.58789062E-1	0.00000000E+0	0.00000000E+0
2.56347656E-1	4.59424001E-8	4.59424001E-8	2.56347656E-1	0.00000000E+0	0.00000000E+0
2.53906250E-1	4.54759999E-8	4.54759999E-8	2.53906250E-1	0.00000000E+0	0.00000000E+0
2.51464844E-1	4.52389983E-8	4.52389983E-8	2.51464844E-1	0.00000000E+0	0.00000000E+0
2.49023437E-1	4.45586004E-8	4.45586004E-8	2.49023437E-1	0.00000000E+0	0.00000000E+0
2.46582031E-1	4.41916015E-8	4.41916015E-8	2.46582031E-1	0.00000000E+0	0.00000000E+0
2.44140625E-1	4.37634000E-8	4.37634000E-8	2.44140625E-1	0.00000000E+0	0.00000000E+0
2.41699219E-1	4.32512017E-8	4.32512017E-8	2.41699219E-1	0.00000000E+0	0.00000000E+0
2.39257812E-1	4.28841993E-8	4.28841993E-8	2.39257812E-1	0.00000000E+0	0.00000000E+0
2.36816406E-1	4.24560014E-8	4.24560014E-8	2.36816406E-1	0.00000000E+0	0.00000000E+0
2.34375000E-1	4.19476009E-8	4.19476009E-8	2.34375000E-1	0.00000000E+0	0.00000000E+0
2.31933594E-1	4.15308996E-8	4.15308996E-8	2.31933594E-1	0.00000000E+0	0.00000000E+0
2.29492187E-1	4.11639007E-8	4.11639007E-8	2.29492187E-1	0.00000000E+0	0.00000000E+0
2.27050781E-1	4.06364009E-8	4.06364009E-8	2.27050781E-1	0.00000000E+0	0.00000000E+0
2.24609375E-1	4.02159017E-8	4.02159017E-8	2.24609375E-1	0.00000000E+0	0.00000000E+0
2.22167969E-1	3.97877002E-8	3.97877002E-8	2.22167969E-1	0.00000000E+0	0.00000000E+0
2.19726562E-1	3.94513009E-8	3.94513009E-8	2.19726562E-1	0.00000000E+0	0.00000000E+0
2.17285156E-1	3.89314003E-8	3.89314003E-8	2.17285156E-1	0.00000000E+0	0.00000000E+0
2.14843750E-1	3.84955996E-8	3.84955996E-8	2.14843750E-1	0.00000000E+0	0.00000000E+0
2.12402344E-1	3.80751004E-8	3.80751004E-8	2.12402344E-1	0.00000000E+0	0.00000000E+0
2.09960937E-1	3.77807012E-8	3.77807012E-8	2.09960937E-1	0.00000000E+0	0.00000000E+0
2.07519531E-1	3.73104996E-8	3.73104996E-8	2.07519531E-1	0.00000000E+0	0.00000000E+0
2.05078125E-1	3.69436002E-8	3.69436002E-8	2.05078125E-1	0.00000000E+0	0.00000000E+0
2.02636719E-1	3.64160009E-8	3.64160009E-8	2.02636719E-1	0.00000000E+0	0.00000000E+0
2.00195312E-1	3.60183989E-8	3.60183989E-8	2.00195312E-1	0.00000000E+0	0.00000000E+0
1.97753906E-1	3.56514001E-8	3.56514001E-8	1.97753906E-1	0.00000000E+0	0.00000000E+0
1.95312500E-1	3.52118015E-8	3.52118015E-8	1.95312500E-1	0.00000000E+0	0.00000000E+0
1.92871094E-1	3.47951001E-8	3.47951001E-8	1.92871094E-1	0.00000000E+0	0.00000000E+0
1.90429687E-1	3.43898989E-8	3.43898989E-8	1.90429687E-1	0.00000000E+0	0.00000000E+0
1.87988281E-1	3.39006014E-8	3.39006014E-8	1.87988281E-1	0.00000000E+0	0.00000000E+0
1.85546875E-1	3.34915988E-8	3.34915988E-8	1.85546875E-1	0.00000000E+0	0.00000000E+0
1.83105469E-1	3.30671988E-8	3.30671988E-8	1.83105469E-1	0.00000000E+0	0.00000000E+0
1.80664062E-1	3.25396989E-8	3.25396989E-8	1.80664062E-1	0.00000000E+0	0.00000000E+0
1.78222656E-1	3.21345013E-8	3.21345013E-8	1.78222656E-1	0.00000000E+0	0.00000000E+0
1.75781250E-1	3.17674989E-8	3.17674989E-8	1.75781250E-1	0.00000000E+0	0.00000000E+0
1.73339844E-1	3.12782014E-8	3.12782014E-8	1.73339844E-1	0.00000000E+0	0.00000000E+0
1.70898437E-1	3.07812016E-8	3.07812016E-8	1.70898437E-1	0.00000000E+0	0.00000000E+0
1.68457031E-1	3.03300993E-8	3.03300993E-8	1.68457031E-1	0.00000000E+0	0.00000000E+0
1.66015625E-1	2.97949008E-8	2.97949008E-8	1.66015625E-1	0.00000000E+0	0.00000000E+0
1.63574219E-1	2.94547000E-8	2.94547000E-8	1.63574219E-1	0.00000000E+0	0.00000000E+0
1.61132812E-1	2.89157001E-8	2.89157001E-8	1.61132812E-1	0.00000000E+0	0.00000000E+0
1.58691406E-1	2.84377997E-8	2.84377997E-8	1.58691406E-1	0.00000000E+0	0.00000000E+0
1.56250000E-1	2.79675998E-8	2.79675998E-8	1.56250000E-1	0.00000000E+0	0.00000000E+0
1.53808594E-1	2.73750995E-8	2.73750995E-8	1.53808594E-1	0.00000000E+0	0.00000000E+0
1.51367187E-1	2.68780997E-8	2.68780997E-8	1.51367187E-1	0.00000000E+0	0.00000000E+0
1.48925781E-1	2.65111009E-8	2.65111009E-8	1.48925781E-1	0.00000000E+0	0.00000000E+0
1.46484375E-1	2.60523993E-8	2.60523993E-8	1.46484375E-1	0.00000000E+0	0.00000000E+0
1.44042969E-1	2.56204000E-8	2.56204000E-8	1.44042969E-1	0.00000000E+0	0.00000000E+0
1.41601562E-1	2.51157992E-8	2.51157992E-8	1.41601562E-1	0.00000000E+0	0.00000000E+0
1.39160156E-1	2.47335006E-8	2.47335006E-8	1.39160156E-1	0.00000000E+0	0.00000000E+0
1.36718750E-1	2.42288998E-8	2.42288998E-8	1.36718750E-1	0.00000000E+0	0.00000000E+0
1.34277344E-1	2.37166997E-8	2.37166997E-8	1.34277344E-1	0.00000000E+0	0.00000000E+0
1.31835937E-1	2.35026008E-8	2.35026008E-8	1.31835937E-1	0.00000000E+0	0.00000000E+0
1.29394531E-1	2.31776003E-8	2.31776003E-8	1.29394531E-1	0.00000000E+0	0.00000000E+0
1.26953125E-1	2.27992007E-8	2.27992007E-8	1.26953125E-1	0.00000000E+0	0.00000000E+0
1.24511719E-1	2.23786998E-8	2.23786998E-8	1.24511719E-1	0.00000000E+0	0.00000000E+0
1.22070312E-1	2.18817000E-8	2.18817000E-8	1.22070312E-1	0.00000000E+0	0.00000000E+0
1.19628906E-1	2.10178008E-8	2.10178008E-8	1.19628906E-1	0.00000000E+0	0.00000000E+0
1.17187500E-1	1.94962997E-8	1.94962997E-8	1.17187500E-1	0.00000000E+0	0.00000000E+0
1.14746094E-1	1.90911003E-8	1.90911003E-8	1.14746094E-1	0.00000000E+0	0.00000000E+0
1.12304687E-1	1.87546991E-8	1.87546991E-8	1.12304687E-1	0.00000000E+0	0.00000000E+0
1.09863281E-1	1.83877003E-8	1.83877003E-8	1.09863281E-1	0.00000000E+0	0.00000000E+0
1.07421875E-1	1.79901001E-8	1.79901001E-8	1.07421875E-1	0.00000000E+0	0.00000000E+0
1.04980469E-1	1.75619004E-8	1.75619004E-8	1.04980469E-1	0.00000000E+0	0.00000000E+0
1.02539062E-1	1.70930008E-8	1.70930008E-8	1.02539062E-1	0.00000000E+0	0.00000000E+0
1.00097656E-1	1.66751004E-8	1.66751004E-8	1.00097656E-1	0.00000000E+0	0.00000000E+0
9.76562500E-2	1.62443996E-8	1.62443996E-8	9.76562500E-2	0.00000000E+0	0.00000000E+0
9.52148438E-2	1.57958002E-8	1.57958002E-8	9.52148438E-2	0.00000000E+0	0.00000000E+0
9.27734375E-2	1.53752993E-8	1.53752993E-8	9.27734375E-2	0.00000000E+0	0.00000000E+0
9.03320313E-2	1.49446002E-8	1.49446002E-8	9.03320313E-2	0.00000000E+0	0.00000000E+0
8.78906250E-2	1.45878003E-8	1.45878003E-8	8.78906250E-2	0.00000000E+0	0.00000000E+0
8.54492188E-2	1.42183003E-8	1.42183003E-8	8.54492188E-2	0.00000000E+0	0.00000000E+0
8.30078125E-2	1.39302996E-8	1.39302996E-8	8.30078125E-2	0.00000000E+0	0.00000000E+0
8.05664063E-2	1.36729001E-8	1.36729001E-8	8.05664063E-2	0.00000000E+0	0.00000000E+0
7.81250000E-2	1.34410003E-8	1.34410003E-8	7.81250000E-2	0.00000000E+0	0.00000000E+0
7.56835938E-2	1.33492000E-8	1.33492000E-8	7.56835938E-2	0.00000000E+0	0.00000000E+0
7.32421875E-2	1.31963001E-8	1.31963001E-8	7.32421875E-2	0.00000000E+0	0.00000000E+0
7.08007813E-2	1.32422002E-8	1.32422002E-8	7.08007813E-2	0.00000000E+0	0.00000000E+0
6.83593750E-2	1.33090996E-8	1.33090996E-8	6.83593750E-2	0.00000000E+0	0.00000000E+0
6.59179688E-2	1.35020999E-8	1.35020999E-8	6.59179688E-2	0.00000000E+0	0.00000000E+0
6.34765625E-2	1.37671998E-8	1.37671998E-8	6.34765625E-2	0.00000000E+0	0.00000000E+0
6.10351563E-2	1.41902001E-8	1.41902001E-8	6.10351563E-2	0.00000000E+0	0.00000000E+0
5.85937500E-2	1.48461998E-8	1.48461998E-8	5.85937500E-2	0.00000000E+0	0.00000000E+0
5.61523438E-2	1.56582001E-8	1.56582001E-8	5.61523438E-2	0.00000000E+0	0.00000000E+0
5.37109375E-2	1.71949992E-8	1.71949992E-8	5.37109375E-2	0.00000000E+0	0.00000000E+0
5.12695313E-2	1.94300007E-8	1.94300007E-8	5.12695313E-2	0.00000000E+0	0.00000000E+0
4.88281250E-2	2.20881002E-8	2.20881002E-8	4.88281250E-2	0.00000000E+0	0.00000000E+0
4.63867188E-2	2.59567994E-8	2.59567994E-8	4.63867188E-2	0.00000000E+0	0.00000000E+0
4.39453125E-2	2.73942007E-8	2.73942007E-8	4.39453125E-2	0.00000000E+0	0.00000000E+0
4.15039063E-2	3.18285984E-8	3.18285984E-8	4.15039063E-2	0.00000000E+0	0.00000000E+0
3.90625000E-2	3.24709006E-8	3.24709006E-8	3.90625000E-2	0.00000000E+0	0.00000000E+0
3.66210938E-2	3.00662997E-8	3.00662997E-8	3.66210938E-2	0.00000000E+0	0.00000000E+0
3.41796875E-2	2.78452994E-8	2.78452994E-8	3.41796875E-2	0.00000000E+0	0.00000000E+0
3.17382813E-2	2.56204000E-8	2.56204000E-8	3.17382813E-2	0.00000000E+0	0.00000000E+0
2.92968750E-2	2.35026008E-8	2.35026008E-8	2.92968750E-2	0.00000000E+0	0.00000000E+0
2.68554688E-2	2.12929994E-8	2.12929994E-8	2.68554688E-2	0.00000000E+0	0.00000000E+0
2.44140625E-2	1.91521998E-8	1.91521998E-8	2.44140625E-2	0.00000000E+0	0.00000000E+0
2.19726563E-2	1.69388006E-8	1.69388006E-8	2.19726563E-2	0.00000000E+0	0.00000000E+0
1.95312500E-2	1.48707002E-8	1.48707002E-8	1.95312500E-2	0.00000000E+0	0.00000000E+0
1.70898438E-2	1.26719000E-8	1.26719000E-8	1.70898438E-2	0.00000000E+0	0.00000000E+0
1.46484375E-2	1.06469997E-8	1.06469997E-8	1.46484375E-2	0.00000000E+0	0.00000000E+0
1.22070313E-2	8.56172022E-9	8.56172022E-9	1.22070313E-2	0.00000000E+0	0.00000000E+0
9.76562500E-3	6.60664989E-9	6.60664989E-9	9.76562500E-3	0.00000000E+0	0.00000000E+0
7.32421875E-3	4.70129979E-9	4.70129979E-9	7.32421875E-3	0.00000000E+0	0.00000000E+0
4.88281250E-3	2.80619994E-9	2.80619994E-9	4.88281250E-3	0.00000000E+0	0.00000000E+0
2.44140625E-3	1.05272002E-9	1.05272002E-9	2.44140625E-3	0.00000000E+0	0.00000000E+0
0.00000000E+0	-4.64211003E-10	-4.64211003E-10	0.00000000E+0	0.00000000E+0	0.00000000E+0
-2.44140625E-3	-2.39545006E-9	-2.39545006E-9	-2.44140625E-3	0.00000000E+0	0.00000000E+0
-4.88281250E-3	-4.24271018E-9	-4.24271018E-9	-4.88281250E-3	0.00000000E+0	0.00000000E+0
-7.32421875E-3	-6.26726004E-9	-6.26726004E-9	-7.32421875E-3	0.00000000E+0	0.00000000E+0
-9.76562500E-3	-8.18829982E-9	-8.18829982E-9	-9.76562500E-3	0.00000000E+0	0.00000000E+0
-1.22070313E-2	-1.02415996E-8	-1.02415996E-8	-1.22070313E-2	0.00000000E+0	0.00000000E+0
-1.46484375E-2	-1.22571002E-8	-1.22571002E-8	-1.46484375E-2	0.00000000E+0	0.00000000E+0
-1.70898438E-2	-1.43966998E-8	-1.43966998E-8	-1.70898438E-2	0.00000000E+0	0.00000000E+0
-1.95312500E-2	-1.64176992E-8	-1.64176992E-8	-1.95312500E-2	0.00000000E+0	0.00000000E+0
-2.19726563E-2	-1.85481994E-8	-1.85481994E-8	-2.19726563E-2	0.00000000E+0	0.00000000E+0
-2.44140625E-2	-2.06583994E-8	-2.06583994E-8	-2.44140625E-2	0.00000000E+0	0.00000000E+0
-2.68554688E-2	-2.28349002E-8	-2.28349002E-8	-2.68554688E-2	0.00000000E+0	0.00000000E+0
-2.92968750E-2	-2.50241001E-8	-2.50241001E-8	-2.92968750E-2	0.00000000E+0	0.00000000E+0
-3.17382813E-2	-2.68971991E-8	-2.68971991E-8	-3.17382813E-2	0.00000000E+0	0.00000000E+0
-3.41796875E-2	-2.94890992E-8	-2.94890992E-8	-3.41796875E-2	0.00000000E+0	0.00000000E+0
-3.66210938E-2	-3.17407007E-8	-3.17407007E-8	-3.66210938E-2	0.00000000E+0	0.00000000E+0
-3.90625000E-2	-3.41146986E-8	-3.41146986E-8	-3.90625000E-2	0.00000000E+0	0.00000000E+0
-4.15039063E-2	-3.64771999E-8	-3.64771999E-8	-4.15039063E-2	0.00000000E+0	0.00000000E+0
-4.39453125E-2	-2.90227007E-8	-2.90227007E-8	-4.39453125E-2	0.00000000E+0	0.00000000E+0
-4.63867188E-2	-2.69393006E-8	-2.69393006E-8	-4.63867188E-2	0.00000000E+0	0.00000000E+0
-4.88281250E-2	-2.32272992E-8	-2.32272992E-8	-4.88281250E-2	0.00000000E+0	0.00000000E+0
-5.12695313E-2	-2.01996997E-8	-2.01996997E-8	-5.12695313E-2	0.00000000E+0	0.00000000E+0
-5.37109375E-2	-1.82552000E-8	-1.82552000E-8	-5.37109375E-2	0.00000000E+0	0.00000000E+0
-5.61523438E-2	-1.69070002E-8	-1.69070002E-8	-5.61523438E-2	0.00000000E+0	0.00000000E+0
-5.85937500E-2	-1.60002998E-8	-1.60002998E-8	-5.85937500E-2	0.00000000E+0	0.00000000E+0
-6.10351563E-2	-1.52887001E-8	-1.52887001E-8	-6.10351563E-2	0.00000000E+0	0.00000000E+0
-6.34765625E-2	-1.47790002E-8	-1.47790002E-8	-6.34765625E-2	0.00000000E+0	0.00000000E+0
-6.59179688E-2	-1.44604000E-8	-1.44604000E-8	-6.59179688E-2	0.00000000E+0	0.00000000E+0
-6.83593750E-2	-1.42590002E-8	-1.42590002E-8	-6.83593750E-2	0.00000000E+0	0.00000000E+0
-7.08007813E-2	-1.42054999E-8	-1.42054999E-8	-7.08007813E-2	0.00000000E+0	0.00000000E+0
-7.32421875E-2	-1.42156997E-8	-1.42156997E-8	-7.32421875E-2	0.00000000E+0	0.00000000E+0
-7.56835938E-2	-1.43380996E-8	-1.43380996E-8	-7.56835938E-2	0.00000000E+0	0.00000000E+0
-7.81250000E-2	-1.45132999E-8	-1.45132999E-8	-7.81250000E-2	0.00000000E+0	0.00000000E+0
-8.05664063E-2	-1.48592001E-8	-1.48592001E-8	-8.05664063E-2	0.00000000E+0	0.00000000E+0
-8.30078125E-2	-1.52070996E-8	-1.52070996E-8	-8.30078125E-2	0.00000000E+0	0.00000000E+0
-8.54492188E-2	-1.56046998E-8	-1.56046998E-8	-8.54492188E-2	0.00000000E+0	0.00000000E+0
-8.78906250E-2	-1.60098992E-8	-1.60098992E-8	-8.78906250E-2	0.00000000E+0	0.00000000E+0
-9.03320313E-2	-1.64992002E-8	-1.64992002E-8	-9.03320313E-2	0.00000000E+0	0.00000000E+0
-9.27734375E-2	-1.69629999E-8	-1.69629999E-8	-9.27734375E-2	0.00000000E+0	0.00000000E+0
-9.52148438E-2	-1.75287997E-8	-1.75287997E-8	-9.52148438E-2	0.00000000E+0	0.00000000E+0
-9.76562500E-2	-1.80181008E-8	-1.80181008E-8	-9.76562500E-2	0.00000000E+0	0.00000000E+0
-1.00097656E-1	-1.85686009E-8	-1.85686009E-8	-1.00097656E-1	0.00000000E+0	0.00000000E+0
-1.02539062E-1	-1.91521998E-8	-1.91521998E-8	-1.02539062E-1	0.00000000E+0	0.00000000E+0
-1.04980469E-1	-1.97155003E-8	-1.97155003E-8	-1.04980469E-1	0.00000000E+0	0.00000000E+0
-1.07421875E-1	-2.03220001E-8	-2.03220001E-8	-1.07421875E-1	0.00000000E+0	0.00000000E+0
-1.09863281E-1	-2.07959996E-8	-2.07959996E-8	-1.09863281E-1	0.00000000E+0	0.00000000E+0
-1.12304687E-1	-2.12854001E-8	-2.12854001E-8	-1.12304687E-1	0.00000000E+0	0.00000000E+0
-1.14746094E-1	-2.18053007E-8	-2.18053007E-8	-1.14746094E-1	0.00000000E+0	0.00000000E+0
-1.17187500E-1	-2.21264003E-8	-2.21264003E-8	-1.17187500E-1	0.00000000E+0	0.00000000E+0
-1.19628906E-1	-2.26921006E-8	-2.26921006E-8	-1.19628906E-1	0.00000000E+0	0.00000000E+0
-1.22070312E-1	-2.33305997E-8	-2.33305997E-8	-1.22070312E-1	0.00000000E+0	0.00000000E+0
-1.24511719E-1	-2.36783997E-8	-2.36783997E-8	-1.24511719E-1	0.00000000E+0	0.00000000E+0
-1.26953125E-1	-2.40224995E-8	-2.40224995E-8	-1.26953125E-1	0.00000000E+0	0.00000000E+0
-1.29394531E-1	-2.46034997E-8	-2.46034997E-8	-1.29394531E-1	0.00000000E+0	0.00000000E+0
-1.31835937E-1	-2.51845993E-8	-2.51845993E-8	-1.31835937E-1	0.00000000E+0	0.00000000E+0
-1.34277344E-1	-2.56356998E-8	-2.56356998E-8	-1.34277344E-1	0.00000000E+0	0.00000000E+0
-1.36718750E-1	-2.59797996E-8	-2.59797996E-8	-1.36718750E-1	0.00000000E+0	0.00000000E+0
-1.39160156E-1	-2.64691007E-8	-2.64691007E-8	-1.39160156E-1	0.00000000E+0	0.00000000E+0
-1.41601562E-1	-2.70807003E-8	-2.70807003E-8	-1.41601562E-1	0.00000000E+0	0.00000000E+0
-1.44042969E-1	-2.75318008E-8	-2.75318008E-8	-1.44042969E-1	0.00000000E+0	0.00000000E+0
-1.46484375E-1	-2.81204997E-8	-2.81204997E-8	-1.46484375E-1	0.00000000E+0	0.00000000E+0
-1.48925781E-1	-2.86557000E-8	-2.86557000E-8	-1.48925781E-1	0.00000000E+0	0.00000000E+0
-1.51367187E-1	-2.92444007E-8	-2.92444007E-8	-1.51367187E-1	0.00000000E+0	0.00000000E+0
-1.53808594E-1	-2.97567002E-8	-2.97567002E-8	-1.53808594E-1	0.00000000E+0	0.00000000E+0
-1.56250000E-1	-3.02841983E-8	-3.02841983E-8	-1.56250000E-1	0.00000000E+0	0.00000000E+0
-1.58691406E-1	-3.07735988E-8	-3.07735988E-8	-1.58691406E-1	0.00000000E+0	0.00000000E+0
-1.61132812E-1	-3.11941015E-8	-3.11941015E-8	-1.61132812E-1	0.00000000E+0	0.00000000E+0
-1.63574219E-1	-3.17903996E-8	-3.17903996E-8	-1.63574219E-1	0.00000000E+0	0.00000000E+0
-1.66015625E-1	-3.24249996E-8	-3.24249996E-8	-1.66015625E-1	0.00000000E+0	0.00000000E+0
-1.68457031E-1	-3.28532010E-8	-3.28532010E-8	-1.68457031E-1	0.00000000E+0	0.00000000E+0
-1.70898437E-1	-3.33194983E-8	-3.33194983E-8	-1.70898437E-1	0.00000000E+0	0.00000000E+0
-1.73339844E-1	-3.39618005E-8	-3.39618005E-8	-1.73339844E-1	0.00000000E+0	0.00000000E+0
-1.75781250E-1	-3.43402000E-8	-3.43402000E-8	-1.75781250E-1	0.00000000E+0	0.00000000E+0
-1.78222656E-1	-3.49251010E-8	-3.49251010E-8	-1.78222656E-1	0.00000000E+0	0.00000000E+0
-1.80664062E-1	-3.54487995E-8	-3.54487995E-8	-1.80664062E-1	0.00000000E+0	0.00000000E+0
-1.83105469E-1	-3.59382000E-8	-3.59382000E-8	-1.83105469E-1	0.00000000E+0	0.00000000E+0
-1.85546875E-1	-3.64084016E-8	-3.64084016E-8	-1.85546875E-1	0.00000000E+0	0.00000000E+0
-1.87988281E-1	-3.68135993E-8	-3.68135993E-8	-1.87988281E-1	0.00000000E+0	0.00000000E+0
-1.90429687E-1	-3.73144005E-8	-3.73144005E-8	-1.90429687E-1	0.00000000E+0	0.00000000E+0
-1.92871094E-1	-3.78839999E-8	-3.78839999E-8	-1.92871094E-1	0.00000000E+0	0.00000000E+0
-1.95312500E-1	-3.83427015E-8	-3.83427015E-8	-1.95312500E-1	0.00000000E+0	0.00000000E+0
-1.97753906E-1	-3.88932015E-8	-3.88932015E-8	-1.97753906E-1	0.00000000E+0	0.00000000E+0
-2.00195312E-1	-3.93824990E-8	-3.93824990E-8	-2.00195312E-1	0.00000000E+0	0.00000000E+0
-2.02636719E-1	-3.98718001E-8	-3.98718001E-8	-2.02636719E-1	0.00000000E+0	0.00000000E+0
-2.05078125E-1	-4.02541005E-8	-4.02541005E-8	-2.05078125E-1	0.00000000E+0	0.00000000E+0
-2.07519531E-1	-4.07586995E-8	-4.07586995E-8	-2.07519531E-1	0.00000000E+0	0.00000000E+0
-2.09960937E-1	-4.11563015E-8	-4.11563015E-8	-2.09960937E-1	0.00000000E+0	0.00000000E+0
-2.12402344E-1	-4.17373016E-8	-4.17373016E-8	-2.12402344E-1	0.00000000E+0	0.00000000E+0
-2.14843750E-1	-4.21712016E-8	-4.21712016E-8	-2.14843750E-1	0.00000000E+0	0.00000000E+0
-2.17285156E-1	-4.25937010E-8	-4.25937010E-8	-2.17285156E-1	0.00000000E+0	0.00000000E+0
-2.19726562E-1	-4.30829985E-8	-4.30829985E-8	-2.19726562E-1	0.00000000E+0	0.00000000E+0
-2.22167969E-1	-4.36257999E-8	-4.36257999E-8	-2.22167969E-1	0.00000000E+0	0.00000000E+0
-2.24609375E-1	-4.41609984E-8	-4.41609984E-8	-2.24609375E-1	0.00000000E+0	0.00000000E+0
-2.27050781E-1	-4.45280008E-8	-4.45280008E-8	-2.27050781E-1	0.00000000E+0	0.00000000E+0
-2.29492187E-1	-4.49255992E-8	-4.49255992E-8	-2.29492187E-1	0.00000000E+0	0.00000000E+0
-2.31933594E-1	-4.55065994E-8	-4.55065994E-8	-2.31933594E-1	0.00000000E+0	0.00000000E+0
-2.34375000E-1	-4.58735983E-8	-4.58735983E-8	-2.34375000E-1	0.00000000E+0	0.00000000E+0
-2.36816406E-1	-4.62406007E-8	-4.62406007E-8	-2.36816406E-1	0.00000000E+0	0.00000000E+0
-2.39257812E-1	-4.67299017E-8	-4.67299017E-8	-2.39257812E-1	0.00000000E+0	0.00000000E+0
-2.41699219E-1	-4.70893013E-8	-4.70893013E-8	-2.41699219E-1	0.00000000E+0	0.00000000E+0
-2.44140625E-1	-4.75250985E-8	-4.75250985E-8	-2.44140625E-1	0.00000000E+0	0.00000000E+0
-2.46582031E-1	-4.80373004E-8	-4.80373004E-8	-2.46582031E-1	0.00000000E+0	0.00000000E+0
-2.49023437E-1	-4.83890013E-8	-4.83890013E-8	-2.49023437E-1	0.00000000E+0	0.00000000E+0
-2.51464844E-1	-4.89395013E-8	-4.89395013E-8	-2.51464844E-1	0.00000000E+0	0.00000000E+0
-2.53906250E-1	-4.94287988E-8	-4.94287988E-8	-2.53906250E-1	0.00000000E+0	0.00000000E+0
-2.56347656E-1	-4.96888006E-8	-4.96888006E-8	-2.56347656E-1	0.00000000E+0	0.00000000E+0
-2.58789062E-1	-5.01246014E-8	-5.01246014E-8	-2.58789062E-1	0.00000000E+0	0.00000000E+0
-2.61230469E-1	-5.06138988E-8	-5.06138988E-8	-2.61230469E-1	0.00000000E+0	0.00000000E+0
-2.63671875E-1	-5.10115008E-8	-5.10115008E-8	-2.63671875E-1	0.00000000E+0	0.00000000E+0
-2.66113281E-1	-5.15084011E-8	-5.15084011E-8	-2.66113281E-1	0.00000000E+0	0.00000000E+0
-2.68554687E-1	-5.19250989E-8	-5.19250989E-8	-2.68554687E-1	0.00000000E+0	0.00000000E+0
-2.70996094E-1	-5.24029993E-8	-5.24029993E-8	-2.70996094E-1	0.00000000E+0	0.00000000E+0
-2.73437500E-1	-5.28005017E-8	-5.28005017E-8	-2.73437500E-1	0.00000000E+0	0.00000000E+0
-2.75878906E-1	-5.31369011E-8	-5.31369011E-8	-2.75878906E-1	0.00000000E+0	0.00000000E+0
-2.78320312E-1	-5.35459996E-8	-5.35459996E-8	-2.78320312E-1	0.00000000E+0	0.00000000E+0
-2.80761719E-1	-5.39932010E-8	-5.39932010E-8	-2.80761719E-1	0.00000000E+0	0.00000000E+0
-2.83203125E-1	-5.45360983E-8	-5.45360983E-8	-2.83203125E-1	0.00000000E+0	0.00000000E+0
-2.85644531E-1	-5.48725012E-8	-5.48725012E-8	-2.85644531E-1	0.00000000E+0	0.00000000E+0
-2.88085937E-1	-5.53235999E-8	-5.53235999E-8	-2.88085937E-1	0.00000000E+0	0.00000000E+0
-2.90527344E-1	-5.57975994E-8	-5.57975994E-8	-2.90527344E-1	0.00000000E+0	0.00000000E+0
-2.92968750E-1	-5.61339988E-8	-5.61339988E-8	-2.92968750E-1	0.00000000E+0	0.00000000E+0
-2.95410156E-1	-5.65392000E-8	-5.65392000E-8	-2.95410156E-1	0.00000000E+0	0.00000000E+0
-2.97851562E-1	-5.69596992E-8	-5.69596992E-8	-2.97851562E-1	0.00000000E+0	0.00000000E+0
-3.00292969E-1	-5.74031986E-8	-5.74031986E-8	-3.00292969E-1	0.00000000E+0	0.00000000E+0
-3.02734375E-1	-5.78389994E-8	-5.78389994E-8	-3.02734375E-1	0.00000000E+0	0.00000000E+0
-3.05175781E-1	-5.83818007E-8	-5.83818007E-8	-3.05175781E-1	0.00000000E+0	0.00000000E+0
-3.07617187E-1	-5.87793991E-8	-5.87793991E-8	-3.07617187E-1	0.00000000E+0	0.00000000E+0
-3.10058594E-1	-5.91807989E-8	-5.91807989E-8	-3.10058594E-1	0.00000000E+0	0.00000000E+0
-3.12500000E-1	-5.96701000E-8	-5.96701000E-8	-3.12500000E-1	0.00000000E+0	0.00000000E+0
-3.14941406E-1	-6.00867978E-8	-6.00867978E-8	-3.14941406E-1	0.00000000E+0	0.00000000E+0
-3.17382812E-1	-6.04844033E-8	-6.04844033E-8	-3.17382812E-1	0.00000000E+0	0.00000000E+0
-3.19824219E-1	-6.10653998E-8	-6.10653998E-8	-3.19824219E-1	0.00000000E+0	0.00000000E+0
-3.22265625E-1	-6.17918019E-8	-6.17918019E-8	-3.22265625E-1	0.00000000E+0	0.00000000E+0
-3.24707031E-1	-6.23002023E-8	-6.23002023E-8	-3.24707031E-1	0.00000000E+0	0.00000000E+0
-3.27148437E-1	-6.26671977E-8	-6.26671977E-8	-3.27148437E-1	0.00000000E+0	0.00000000E+0
-3.29589844E-1	-6.27321981E-8	-6.27321981E-8	-3.29589844E-1	0.00000000E+0	0.00000000E+0
-3.32031250E-1	-6.28620995E-8	-6.28620995E-8	-3.32031250E-1	0.00000000E+0	0.00000000E+0
-3.34472656E-1	-6.31755981E-8	-6.31755981E-8	-3.34472656E-1	0.00000000E+0	0.00000000E+0
-3.36914062E-1	-6.38369997E-8	-6.38369997E-8	-3.36914062E-1	0.00000000E+0	0.00000000E+0
-3.39355469E-1	-6.40242988E-8	-6.40242988E-8	-3.39355469E-1	0.00000000E+0	0.00000000E+0
-3.41796875E-1	-6.43988969E-8	-6.43988969E-8	-3.41796875E-1	0.00000000E+0	0.00000000E+0
-3.44238281E-1	-6.49188010E-8	-6.49188010E-8	-3.44238281E-1	0.00000000E+0	0.00000000E+0
-3.46679687E-1	-6.52629026E-8	-6.52629026E-8	-3.46679687E-1	0.00000000E+0	0.00000000E+0
-3.49121094E-1	-6.56375008E-8	-6.56375008E-8	-3.49121094E-1	0.00000000E+0	0.00000000E+0
-3.51562500E-1	-6.61420998E-8	-6.61420998E-8	-3.51562500E-1	0.00000000E+0	0.00000000E+0
-3.54003906E-1	-7.14633970E-8	-7.14633970E-8	-3.54003906E-1	0.00000000E+0	0.00000000E+0
-3.56445312E-1	-7.18686977E-8	-7.18686977E-8	-3.56445312E-1	0.00000000E+0	0.00000000E+0
-3.58886719E-1	-7.23197999E-8	-7.23197999E-8	-3.58886719E-1	0.00000000E+0	0.00000000E+0
-3.61328125E-1	-7.27363982E-8	-7.27363982E-8	-3.61328125E-1	0.00000000E+0	0.00000000E+0
-3.63769531E-1	-7.31836991E-8	-7.31836991E-8	-3.63769531E-1	0.00000000E+0	0.00000000E+0
-3.66210937E-1	-7.36271986E-8	-7.36271986E-8	-3.66210937E-1	0.00000000E+0	0.00000000E+0
-3.68652344E-1	-7.41928972E-8	-7.41928972E-8	-3.68652344E-1	0.00000000E+0	0.00000000E+0
-3.71093750E-1	-7.45598996E-8	-7.45598996E-8	-3.71093750E-1	0.00000000E+0	0.00000000E+0
-3.73535156E-1	-7.50186970E-8	-7.50186970E-8	-3.73535156E-1	0.00000000E+0	0.00000000E+0
-3.75976562E-1	-7.54392033E-8	-7.54392033E-8	-3.75976562E-1	0.00000000E+0	0.00000000E+0
-3.78417969E-1	-7.57411982E-8	-7.57411982E-8	-3.78417969E-1	0.00000000E+0	0.00000000E+0
-3.80859375E-1	-7.61731016E-8	-7.61731016E-8	-3.80859375E-1	0.00000000E+0	0.00000000E+0
-3.83300781E-1	-7.65056996E-8	-7.65056996E-8	-3.83300781E-1	0.00000000E+0	0.00000000E+0
-3.85742187E-1	-7.69109008E-8	-7.69109008E-8	-3.85742187E-1	0.00000000E+0	0.00000000E+0
-3.88183594E-1	-7.72741018E-8	-7.72741018E-8	-3.88183594E-1	0.00000000E+0	0.00000000E+0
-3.90625000E-1	-7.77634028E-8	-7.77634028E-8	-3.90625000E-1	0.00000000E+0	0.00000000E+0
-3.93066406E-1	-7.79928016E-8	-7.79928016E-8	-3.93066406E-1	0.00000000E+0	0.00000000E+0
-3.95507812E-1	-7.82526968E-8	-7.82526968E-8	-3.95507812E-1	0.00000000E+0	0.00000000E+0
-3.97949219E-1	-7.88108991E-8	-7.88108991E-8	-3.97949219E-1	0.00000000E+0	0.00000000E+0
-4.00390625E-1	-7.92390011E-8	-7.92390011E-8	-4.00390625E-1	0.00000000E+0	0.00000000E+0
-4.02832031E-1	-7.95793014E-8	-7.95793014E-8	-4.02832031E-1	0.00000000E+0	0.00000000E+0
-4.05273437E-1	-7.99157007E-8	-7.99157007E-8	-4.05273437E-1	0.00000000E+0	0.00000000E+0
-4.07714844E-1	-8.04470019E-8	-8.04470019E-8	-4.07714844E-1	0.00000000E+0	0.00000000E+0
-4.10156250E-1	-8.07795999E-8	-8.07795999E-8	-4.10156250E-1	0.00000000E+0	0.00000000E+0
-4.12597656E-1	-8.12243002E-8	-8.12243002E-8	-4.12597656E-1	0.00000000E+0	0.00000000E+0
-4.15039062E-1	-8.15747967E-8	-8.15747967E-8	-4.15039062E-1	0.00000000E+0	0.00000000E+0
-4.17480469E-1	-8.19723027E-8	-8.19723027E-8	-4.17480469E-1	0.00000000E+0	0.00000000E+0
-4.19921875E-1	-8.23087021E-8	-8.23087021E-8	-4.19921875E-1	0.00000000E+0	0.00000000E+0
-4.22363281E-1	-8.27713009E-8	-8.27713009E-8	-4.22363281E-1	0.00000000E+0	0.00000000E+0
-4.24804687E-1	-8.31115017E-8	-8.31115017E-8	-4.24804687E-1	0.00000000E+0	0.00000000E+0
-4.27246094E-1	-8.35741005E-8	-8.35741005E-8	-4.27246094E-1	0.00000000E+0	0.00000000E+0
-4.29687500E-1	-8.38034993E-8	-8.38034993E-8	-4.29687500E-1	0.00000000E+0	0.00000000E+0
-4.32128906E-1	-8.40634016E-8	-8.40634016E-8	-4.32128906E-1	0.00000000E+0	0.00000000E+0
-4.34570312E-1	-8.43654036E-8	-8.43654036E-8	-4.34570312E-1	0.00000000E+0	0.00000000E+0
-4.37011719E-1	-8.47668034E-8	-8.47668034E-8	-4.37011719E-1	0.00000000E+0	0.00000000E+0
-4.39453125E-1	-8.55580993E-8	-8.55580993E-8	-4.39453125E-1	0.00000000E+0	0.00000000E+0
-4.41894531E-1	-8.56574971E-8	-8.56574971E-8	-4.41894531E-1	0.00000000E+0	0.00000000E+0
-4.44335937E-1	-8.60780034E-8	-8.60780034E-8	-4.44335937E-1	0.00000000E+0	0.00000000E+0
-4.46777344E-1	-8.63188987E-8	-8.63188987E-8	-4.46777344E-1	0.00000000E+0	0.00000000E+0
-4.49218750E-1	-8.66667023E-8	-8.66667023E-8	-4.49218750E-1	0.00000000E+0	0.00000000E+0
-4.51660156E-1	-8.70336976E-8	-8.70336976E-8	-4.51660156E-1	0.00000000E+0	0.00000000E+0
-4.54101562E-1	-8.73395010E-8	-8.73395010E-8	-4.54101562E-1	0.00000000E+0	0.00000000E+0
-4.56542969E-1	-8.76223964E-8	-8.76223964E-8	-4.56542969E-1	0.00000000E+0	0.00000000E+0
-4.58984375E-1	-8.80467965E-8	-8.80467965E-8	-4.58984375E-1	0.00000000E+0	0.00000000E+0
-4.61425781E-1	-8.81691022E-8	-8.81691022E-8	-4.61425781E-1	0.00000000E+0	0.00000000E+0
-4.63867187E-1	-8.87271980E-8	-8.87271980E-8	-4.63867187E-1	0.00000000E+0	0.00000000E+0
-4.66308594E-1	-8.89719018E-8	-8.89719018E-8	-4.66308594E-1	0.00000000E+0	0.00000000E+0
-4.68750000E-1	-8.95185011E-8	-8.95185011E-8	-4.68750000E-1	0.00000000E+0	0.00000000E+0
-4.71191406E-1	-8.98281982E-8	-8.98281982E-8	-4.71191406E-1	0.00000000E+0	0.00000000E+0
-4.73632812E-1	-9.00728025E-8	-9.00728025E-8	-4.73632812E-1	0.00000000E+0	0.00000000E+0
-4.76074219E-1	-9.05697988E-8	-9.05697988E-8	-4.76074219E-1	0.00000000E+0	0.00000000E+0
-4.78515625E-1	-9.06883031E-8	-9.06883031E-8	-4.78515625E-1	0.00000000E+0	0.00000000E+0
-4.80957031E-1	-9.08411977E-8	-9.08411977E-8	-4.80957031E-1	0.00000000E+0	0.00000000E+0
-4.83398437E-1	-9.10132982E-8	-9.10132982E-8	-4.83398437E-1	0.00000000E+0	0.00000000E+0
-4.85839844E-1	-9.11509019E-8	-9.11509019E-8	-4.85839844E-1	0.00000000E+0	0.00000000E+0
-4.88281250E-1	-9.13304987E-8	-9.13304987E-8	-4.88281250E-1	0.00000000E+0	0.00000000E+0
-4.90722656E-1	-9.16975011E-8	-9.16975011E-8	-4.90722656E-1	0.00000000E+0	0.00000000E+0
-4.93164062E-1	-9.21448020E-8	-9.21448020E-8	-4.93164062E-1	0.00000000E+0	0.00000000E+0
-4.90722656E-1	-9.17625016E-8	-9.17625016E-8	-4.90722656E-1	0.00000000E+0	0.00000000E+0
-4.88281250E-1	-9.15828977E-8	-9.15828977E-8	-4.88281250E-1	0.00000000E+0	0.00000000E+0
-4.85839844E-1	-9.13954992E-8	-9.13954992E-8	-4.85839844E-1	0.00000000E+0	0.00000000E+0
-4.83398437E-1	-9.10718967E-8	-9.10718967E-8	-4.83398437E-1	0.00000000E+0	0.00000000E+0
-4.80957031E-1	-9.05697988E-8	-9.05697988E-8	-4.80957031E-1	0.00000000E+0	0.00000000E+0
-4.78515625E-1	-9.02053969E-8	-9.02053969E-8	-4.78515625E-1	0.00000000E+0	0.00000000E+0
-4.76074219E-1	-8.97594035E-8	-8.97594035E-8	-4.76074219E-1	0.00000000E+0	0.00000000E+0
-4.73632812E-1	-8.95835015E-8	-8.95835015E-8	-4.73632812E-1	0.00000000E+0	0.00000000E+0
-4.71191406E-1	-8.94305998E-8	-8.94305998E-8	-4.71191406E-1	0.00000000E+0	0.00000000E+0
-4.68750000E-1	-8.91553995E-8	-8.91553995E-8	-4.68750000E-1	0.00000000E+0	0.00000000E+0
-4.66308594E-1	-8.87271980E-8	-8.87271980E-8	-4.66308594E-1	0.00000000E+0	0.00000000E+0
-4.63867187E-1	-8.85360976E-8	-8.85360976E-8	-4.63867187E-1	0.00000000E+0	0.00000000E+0
-4.61425781E-1	-8.81116975E-8	-8.81116975E-8	-4.61425781E-1	0.00000000E+0	0.00000000E+0
-4.58984375E-1	-8.75727011E-8	-8.75727011E-8	-4.58984375E-1	0.00000000E+0	0.00000000E+0
-4.56542969E-1	-8.73395010E-8	-8.73395010E-8	-4.56542969E-1	0.00000000E+0	0.00000000E+0
-4.54101562E-1	-8.69763994E-8	-8.69763994E-8	-4.54101562E-1	0.00000000E+0	0.00000000E+0
-4.51660156E-1	-8.69152004E-8	-8.69152004E-8	-4.51660156E-1	0.00000000E+0	0.00000000E+0
-4.49218750E-1	-8.62499974E-8	-8.62499974E-8	-4.49218750E-1	0.00000000E+0	0.00000000E+0
-4.46777344E-1	-8.59442011E-8	-8.59442011E-8	-4.46777344E-1	0.00000000E+0	0.00000000E+0
-4.44335937E-1	-8.57149018E-8	-8.57149018E-8	-4.44335937E-1	0.00000000E+0	0.00000000E+0
-4.41894531E-1	-8.53135020E-8	-8.53135020E-8	-4.41894531E-1	0.00000000E+0	0.00000000E+0
-4.39453125E-1	-8.51337987E-8	-8.51337987E-8	-4.39453125E-1	0.00000000E+0	0.00000000E+0
-4.37011719E-1	-8.47668034E-8	-8.47668034E-8	-4.37011719E-1	0.00000000E+0	0.00000000E+0
-4.34570312E-1	-8.44266026E-8	-8.44266026E-8	-4.34570312E-1	0.00000000E+0	0.00000000E+0
-4.32128906E-1	-8.39984011E-8	-8.39984011E-8	-4.32128906E-1	0.00000000E+0	0.00000000E+0
-4.29687500E-1	-8.36313987E-8	-8.36313987E-8	-4.29687500E-1	0.00000000E+0	0.00000000E+0
-4.27246094E-1	-8.31115017E-8	-8.31115017E-8	-4.27246094E-1	0.00000000E+0	0.00000000E+0
-4.24804687E-1	-8.28706987E-8	-8.28706987E-8	-4.24804687E-1	0.00000000E+0	0.00000000E+0
-4.22363281E-1	-8.26643003E-8	-8.26643003E-8	-4.22363281E-1	0.00000000E+0	0.00000000E+0
-4.19921875E-1	-8.21826021E-8	-8.21826021E-8	-4.19921875E-1	0.00000000E+0	0.00000000E+0
-4.17480469E-1	-8.18078973E-8	-8.18078973E-8	-4.17480469E-1	0.00000000E+0	0.00000000E+0
-4.15039062E-1	-8.12243002E-8	-8.12243002E-8	-4.15039062E-1	0.00000000E+0	0.00000000E+0
-4.12597656E-1	-8.09593033E-8	-8.09593033E-8	-4.12597656E-1	0.00000000E+0	0.00000000E+0
-4.10156250E-1	-8.06840035E-8	-8.06840035E-8	-4.10156250E-1	0.00000000E+0	0.00000000E+0
-4.07714844E-1	-8.01602980E-8	-8.01602980E-8	-4.07714844E-1	0.00000000E+0	0.00000000E+0
-4.05273437E-1	-7.97359974E-8	-7.97359974E-8	-4.05273437E-1	0.00000000E+0	0.00000000E+0
-4.02832031E-1	-7.93536969E-8	-7.93536969E-8	-4.02832031E-1	0.00000000E+0	0.00000000E+0
-4.00390625E-1	-7.90288013E-8	-7.90288013E-8	-4.00390625E-1	0.00000000E+0	0.00000000E+0
-3.97949219E-1	-7.86846996E-8	-7.86846996E-8	-3.97949219E-1	0.00000000E+0	0.00000000E+0
-3.95507812E-1	-7.82526968E-8	-7.82526968E-8	-3.95507812E-1	0.00000000E+0	0.00000000E+0
-3.93066406E-1	-7.79430991E-8	-7.79430991E-8	-3.93066406E-1	0.00000000E+0	0.00000000E+0
-3.90625000E-1	-7.75035005E-8	-7.75035005E-8	-3.90625000E-1	0.00000000E+0	0.00000000E+0
-3.88183594E-1	-7.70293980E-8	-7.70293980E-8	-3.88183594E-1	0.00000000E+0	0.00000000E+0
-3.85742187E-1	-7.65056996E-8	-7.65056996E-8	-3.85742187E-1	0.00000000E+0	0.00000000E+0
-3.83300781E-1	-7.62802017E-8	-7.62802017E-8	-3.83300781E-1	0.00000000E+0	0.00000000E+0
-3.80859375E-1	-7.58672982E-8	-7.58672982E-8	-3.80859375E-1	0.00000000E+0	0.00000000E+0
-3.78417969E-1	-7.52824008E-8	-7.52824008E-8	-3.78417969E-1	0.00000000E+0	0.00000000E+0
-3.75976562E-1	-7.50186970E-8	-7.50186970E-8	-3.75976562E-1	0.00000000E+0	0.00000000E+0
-3.73535156E-1	-7.45598996E-8	-7.45598996E-8	-3.73535156E-1	0.00000000E+0	0.00000000E+0
-3.71093750E-1	-7.41471027E-8	-7.41471027E-8	-3.71093750E-1	0.00000000E+0	0.00000000E+0
-3.68652344E-1	-7.37189012E-8	-7.37189012E-8	-3.68652344E-1	0.00000000E+0	0.00000000E+0
-3.66210937E-1	-7.34130978E-8	-7.34130978E-8	-3.66210937E-1	0.00000000E+0	0.00000000E+0
-3.63769531E-1	-7.30423011E-8	-7.30423011E-8	-3.63769531E-1	0.00000000E+0	0.00000000E+0
-3.61328125E-1	-7.25185032E-8	-7.25185032E-8	-3.61328125E-1	0.00000000E+0	0.00000000E+0
-3.58886719E-1	-7.19144992E-8	-7.19144992E-8	-3.58886719E-1	0.00000000E+0	0.00000000E+0
-3.56445312E-1	-7.17692998E-8	-7.17692998E-8	-3.56445312E-1	0.00000000E+0	0.00000000E+0
-3.54003906E-1	-7.14176025E-8	-7.14176025E-8	-3.54003906E-1	0.00000000E+0	0.00000000E+0
-3.51562500E-1	-7.08326979E-8	-7.08326979E-8	-3.51562500E-1	0.00000000E+0	0.00000000E+0
-3.49121094E-1	-7.05803984E-8	-7.05803984E-8	-3.49121094E-1	0.00000000E+0	0.00000000E+0
-3.46679687E-1	-7.01025016E-8	-7.01025016E-8	-3.46679687E-1	0.00000000E+0	0.00000000E+0
-3.44238281E-1	-6.98273013E-8	-6.98273013E-8	-3.44238281E-1	0.00000000E+0	0.00000000E+0
-3.41796875E-1	-6.92920992E-8	-6.92920992E-8	-3.41796875E-1	0.00000000E+0	0.00000000E+0
-3.39355469E-1	-6.89059974E-8	-6.89059974E-8	-3.39355469E-1	0.00000000E+0	0.00000000E+0
-3.36914062E-1	-6.83783981E-8	-6.83783981E-8	-3.36914062E-1	0.00000000E+0	0.00000000E+0
-3.34472656E-1	-6.80458996E-8	-6.80458996E-8	-3.34472656E-1	0.00000000E+0	0.00000000E+0
-3.32031250E-1	-6.72965967E-8	-6.72965967E-8	-3.32031250E-1	0.00000000E+0	0.00000000E+0
-3.29589844E-1	-6.71246028E-8	-6.71246028E-8	-3.29589844E-1	0.00000000E+0	0.00000000E+0
-3.27148437E-1	-6.67843025E-8	-6.67843025E-8	-3.27148437E-1	0.00000000E+0	0.00000000E+0
-3.24707031E-1	-6.62339019E-8	-6.62339019E-8	-3.24707031E-1	0.00000000E+0	0.00000000E+0
-3.22265625E-1	-6.59357013E-8	-6.59357013E-8	-3.22265625E-1	0.00000000E+0	0.00000000E+0
-3.19824219E-1	-6.54464003E-8	-6.54464003E-8	-3.19824219E-1	0.00000000E+0	0.00000000E+0
-3.17382812E-1	-6.37949000E-8	-6.37949000E-8	-3.17382812E-1	0.00000000E+0	0.00000000E+0
-3.14941406E-1	-6.30380015E-8	-6.30380015E-8	-3.14941406E-1	0.00000000E+0	0.00000000E+0
-3.12500000E-1	-6.40701998E-8	-6.40701998E-8	-3.12500000E-1	0.00000000E+0	0.00000000E+0
-3.10058594E-1	-6.36573034E-8	-6.36573034E-8	-3.10058594E-1	0.00000000E+0	0.00000000E+0
-3.07617187E-1	-6.31335979E-8	-6.31335979E-8	-3.07617187E-1	0.00000000E+0	0.00000000E+0
-3.05175781E-1	-6.25334025E-8	-6.25334025E-8	-3.05175781E-1	0.00000000E+0	0.00000000E+0
-3.02734375E-1	-6.22275991E-8	-6.22275991E-8	-3.02734375E-1	0.00000000E+0	0.00000000E+0
-3.00292969E-1	-6.17497022E-8	-6.17497022E-8	-3.00292969E-1	0.00000000E+0	0.00000000E+0
-2.97851562E-1	-6.12029964E-8	-6.12029964E-8	-2.97851562E-1	0.00000000E+0	0.00000000E+0
-2.95410156E-1	-6.08437034E-8	-6.08437034E-8	-2.95410156E-1	0.00000000E+0	0.00000000E+0
-2.92968750E-1	-6.03467001E-8	-6.03467001E-8	-2.92968750E-1	0.00000000E+0	0.00000000E+0
-2.90527344E-1	-5.99262009E-8	-5.99262009E-8	-2.90527344E-1	0.00000000E+0	0.00000000E+0
-2.88085937E-1	-5.94750986E-8	-5.94750986E-8	-2.88085937E-1	0.00000000E+0	0.00000000E+0
-2.85644531E-1	-5.89858011E-8	-5.89858011E-8	-2.85644531E-1	0.00000000E+0	0.00000000E+0
-2.83203125E-1	-5.85730007E-8	-5.85730007E-8	-2.83203125E-1	0.00000000E+0	0.00000000E+0
-2.80761719E-1	-5.82022004E-8	-5.82022004E-8	-2.80761719E-1	0.00000000E+0	0.00000000E+0
-2.78320312E-1	-5.76631010E-8	-5.76631010E-8	-2.78320312E-1	0.00000000E+0	0.00000000E+0
-2.75878906E-1	-5.72349990E-8	-5.72349990E-8	-2.75878906E-1	0.00000000E+0	0.00000000E+0
-2.73437500E-1	-5.68489007E-8	-5.68489007E-8	-2.73437500E-1	0.00000000E+0	0.00000000E+0
-2.70996094E-1	-5.62334002E-8	-5.62334002E-8	-2.70996094E-1	0.00000000E+0	0.00000000E+0
-2.68554687E-1	-5.57059003E-8	-5.57059003E-8	-2.68554687E-1	0.00000000E+0	0.00000000E+0
-2.66113281E-1	-5.54458985E-8	-5.54458985E-8	-2.66113281E-1	0.00000000E+0	0.00000000E+0
-2.63671875E-1	-5.48725012E-8	-5.48725012E-8	-2.63671875E-1	0.00000000E+0	0.00000000E+0
-2.61230469E-1	-5.44022996E-8	-5.44022996E-8	-2.61230469E-1	0.00000000E+0	0.00000000E+0
-2.58789062E-1	-5.39932010E-8	-5.39932010E-8	-2.58789062E-1	0.00000000E+0	0.00000000E+0
-2.56347656E-1	-5.34733005E-8	-5.34733005E-8	-2.56347656E-1	0.00000000E+0	0.00000000E+0
-2.53906250E-1	-5.30069997E-8	-5.30069997E-8	-2.53906250E-1	0.00000000E+0	0.00000000E+0
-2.51464844E-1	-5.25099999E-8	-5.25099999E-8	-2.51464844E-1	0.00000000E+0	0.00000000E+0
-2.49023437E-1	-5.21276995E-8	-5.21276995E-8	-2.49023437E-1	0.00000000E+0	0.00000000E+0
-2.46582031E-1	-5.16383984E-8	-5.16383984E-8	-2.46582031E-1	0.00000000E+0	0.00000000E+0
-2.44140625E-1	-5.11720017E-8	-5.11720017E-8	-2.44140625E-1	0.00000000E+0	0.00000000E+0
-2.41699219E-1	-5.07133002E-8	-5.07133002E-8	-2.41699219E-1	0.00000000E+0	0.00000000E+0
-2.39257812E-1	-5.02850988E-8	-5.02850988E-8	-2.39257812E-1	0.00000000E+0	0.00000000E+0
-2.36816406E-1	-4.97958013E-8	-4.97958013E-8	-2.36816406E-1	0.00000000E+0	0.00000000E+0
-2.34375000E-1	-4.93065002E-8	-4.93065002E-8	-2.34375000E-1	0.00000000E+0	0.00000000E+0
-2.31933594E-1	-4.87254006E-8	-4.87254006E-8	-2.31933594E-1	0.00000000E+0	0.00000000E+0
-2.29492187E-1	-4.82208016E-8	-4.82208016E-8	-2.29492187E-1	0.00000000E+0	0.00000000E+0
-2.27050781E-1	-4.78806008E-8	-4.78806008E-8	-2.27050781E-1	0.00000000E+0	0.00000000E+0
-2.24609375E-1	-4.72191992E-8	-4.72191992E-8	-2.24609375E-1	0.00000000E+0	0.00000000E+0
-2.22167969E-1	-4.68026009E-8	-4.68026009E-8	-2.22167969E-1	0.00000000E+0	0.00000000E+0
-2.19726562E-1	-4.61794016E-8	-4.61794016E-8	-2.19726562E-1	0.00000000E+0	0.00000000E+0
-2.17285156E-1	-4.57512996E-8	-4.57512996E-8	-2.17285156E-1	0.00000000E+0	0.00000000E+0
-2.14843750E-1	-4.52237003E-8	-4.52237003E-8	-2.14843750E-1	0.00000000E+0	0.00000000E+0
-2.12402344E-1	-4.48568009E-8	-4.48568009E-8	-2.12402344E-1	0.00000000E+0	0.00000000E+0
-2.09960937E-1	-4.43139001E-8	-4.43139001E-8	-2.09960937E-1	0.00000000E+0	0.00000000E+0
-2.07519531E-1	-4.37768009E-8	-4.37768009E-8	-2.07519531E-1	0.00000000E+0	0.00000000E+0
-2.05078125E-1	-4.32053007E-8	-4.32053007E-8	-2.05078125E-1	0.00000000E+0	0.00000000E+0
-2.02636719E-1	-4.28382982E-8	-4.28382982E-8	-2.02636719E-1	0.00000000E+0	0.00000000E+0
-2.00195312E-1	-4.22878017E-8	-4.22878017E-8	-2.00195312E-1	0.00000000E+0	0.00000000E+0
-1.97753906E-1	-4.17755999E-8	-4.17755999E-8	-1.97753906E-1	0.00000000E+0	0.00000000E+0
-1.95312500E-1	-4.12786001E-8	-4.12786001E-8	-1.95312500E-1	0.00000000E+0	0.00000000E+0
-1.92871094E-1	-4.07032985E-8	-4.07032985E-8	-1.92871094E-1	0.00000000E+0	0.00000000E+0
-1.90429687E-1	-4.02693985E-8	-4.02693985E-8	-1.90429687E-1	0.00000000E+0	0.00000000E+0
-1.87988281E-1	-3.96882989E-8	-3.96882989E-8	-1.87988281E-1	0.00000000E+0	0.00000000E+0
-1.85546875E-1	-3.91301995E-8	-3.91301995E-8	-1.85546875E-1	0.00000000E+0	0.00000000E+0
-1.83105469E-1	-3.86485013E-8	-3.86485013E-8	-1.83105469E-1	0.00000000E+0	0.00000000E+0
-1.80664062E-1	-3.81056999E-8	-3.81056999E-8	-1.80664062E-1	0.00000000E+0	0.00000000E+0
-1.78222656E-1	-3.75781006E-8	-3.75781006E-8	-1.78222656E-1	0.00000000E+0	0.00000000E+0
-1.75781250E-1	-3.70887996E-8	-3.70887996E-8	-1.75781250E-1	0.00000000E+0	0.00000000E+0
-1.73339844E-1	-3.63854014E-8	-3.63854014E-8	-1.73339844E-1	0.00000000E+0	0.00000000E+0
-1.70898437E-1	-3.59878989E-8	-3.59878989E-8	-1.70898437E-1	0.00000000E+0	0.00000000E+0
-1.68457031E-1	-3.54297001E-8	-3.54297001E-8	-1.68457031E-1	0.00000000E+0	0.00000000E+0
-1.66015625E-1	-3.48792000E-8	-3.48792000E-8	-1.66015625E-1	0.00000000E+0	0.00000000E+0
-1.63574219E-1	-3.26772991E-8	-3.26772991E-8	-1.63574219E-1	0.00000000E+0	0.00000000E+0
-1.61132812E-1	-3.14080992E-8	-3.14080992E-8	-1.61132812E-1	0.00000000E+0	0.00000000E+0
-1.58691406E-1	-3.07505985E-8	-3.07505985E-8	-1.58691406E-1	0.00000000E+0	0.00000000E+0
-1.56250000E-1	-3.02841983E-8	-3.02841983E-8	-1.56250000E-1	0.00000000E+0	0.00000000E+0
-1.53808594E-1	-2.97414005E-8	-2.97414005E-8	-1.53808594E-1	0.00000000E+0	0.00000000E+0
-1.51367187E-1	-2.92214999E-8	-2.92214999E-8	-1.51367187E-1	0.00000000E+0	0.00000000E+0
-1.48925781E-1	-2.86709998E-8	-2.86709998E-8	-1.48925781E-1	0.00000000E+0	0.00000000E+0
-1.46484375E-1	-2.83193007E-8	-2.83193007E-8	-1.46484375E-1	0.00000000E+0	0.00000000E+0
-1.44042969E-1	-2.76312004E-8	-2.76312004E-8	-1.44042969E-1	0.00000000E+0	0.00000000E+0
-1.41601562E-1	-2.70922005E-8	-2.70922005E-8	-1.41601562E-1	0.00000000E+0	0.00000000E+0
-1.39160156E-1	-2.65760995E-8	-2.65760995E-8	-1.39160156E-1	0.00000000E+0	0.00000000E+0
-1.36718750E-1	-2.60027004E-8	-2.60027004E-8	-1.36718750E-1	0.00000000E+0	0.00000000E+0
-1.34277344E-1	-2.55936996E-8	-2.55936996E-8	-1.34277344E-1	0.00000000E+0	0.00000000E+0
-1.31835937E-1	-2.51082000E-8	-2.51082000E-8	-1.31835937E-1	0.00000000E+0	0.00000000E+0
-1.29394531E-1	-2.45118006E-8	-2.45118006E-8	-1.29394531E-1	0.00000000E+0	0.00000000E+0
-1.26953125E-1	-2.40224995E-8	-2.40224995E-8	-1.26953125E-1	0.00000000E+0	0.00000000E+0
-1.24511719E-1	-2.35140991E-8	-2.35140991E-8	-1.24511719E-1	0.00000000E+0	0.00000000E+0
-1.22070312E-1	-2.31050006E-8	-2.31050006E-8	-1.22070312E-1	0.00000000E+0	0.00000000E+0
-1.19628906E-1	-2.26616006E-8	-2.26616006E-8	-1.19628906E-1	0.00000000E+0	0.00000000E+0
-1.17187500E-1	-2.23098997E-8	-2.23098997E-8	-1.17187500E-1	0.00000000E+0	0.00000000E+0
-1.14746094E-1	-2.16522995E-8	-2.16522995E-8	-1.14746094E-1	0.00000000E+0	0.00000000E+0
-1.12304687E-1	-2.11783000E-8	-2.11783000E-8	-1.12304687E-1	0.00000000E+0	0.00000000E+0
-1.09863281E-1	-2.06992006E-8	-2.06992006E-8	-1.09863281E-1	0.00000000E+0	0.00000000E+0
-1.07421875E-1	-2.01996997E-8	-2.01996997E-8	-1.07421875E-1	0.00000000E+0	0.00000000E+0
-1.04980469E-1	-1.97524006E-8	-1.97524006E-8	-1.04980469E-1	0.00000000E+0	0.00000000E+0
-1.02539062E-1	-1.92362997E-8	-1.92362997E-8	-1.02539062E-1	0.00000000E+0	0.00000000E+0
-1.00097656E-1	-1.86297999E-8	-1.86297999E-8	-1.00097656E-1	0.00000000E+0	0.00000000E+0
-9.76562500E-2	-1.80691000E-8	-1.80691000E-8	-9.76562500E-2	0.00000000E+0	0.00000000E+0
-9.52148438E-2	-1.75849006E-8	-1.75849006E-8	-9.52148438E-2	0.00000000E+0	0.00000000E+0
-9.27734375E-2	-1.69884995E-8	-1.69884995E-8	-9.27734375E-2	0.00000000E+0	0.00000000E+0
-9.03320313E-2	-1.64176992E-8	-1.64176992E-8	-9.03320313E-2	0.00000000E+0	0.00000000E+0
-8.78906250E-2	-1.58493005E-8	-1.58493005E-8	-8.78906250E-2	0.00000000E+0	0.00000000E+0
-8.54492188E-2	-1.53887001E-8	-1.53887001E-8	-8.54492188E-2	0.00000000E+0	0.00000000E+0
-8.30078125E-2	-1.49395003E-8	-1.49395003E-8	-8.30078125E-2	0.00000000E+0	0.00000000E+0
-8.05664063E-2	-1.45724997E-8	-1.45724997E-8	-8.05664063E-2	0.00000000E+0	0.00000000E+0
-7.81250000E-2	-1.42258996E-8	-1.42258996E-8	-7.81250000E-2	0.00000000E+0	0.00000000E+0
-7.56835938E-2	-1.39609000E-8	-1.39609000E-8	-7.56835938E-2	0.00000000E+0	0.00000000E+0
-7.32421875E-2	-1.37009000E-8	-1.37009000E-8	-7.32421875E-2	0.00000000E+0	0.00000000E+0
-7.08007813E-2	-1.35734997E-8	-1.35734997E-8	-7.08007813E-2	0.00000000E+0	0.00000000E+0
-6.83593750E-2	-1.35734997E-8	-1.35734997E-8	-6.83593750E-2	0.00000000E+0	0.00000000E+0
-6.59179688E-2	-1.35632998E-8	-1.35632998E-8	-6.59179688E-2	0.00000000E+0	0.00000000E+0
-6.34765625E-2	-1.37773997E-8	-1.37773997E-8	-6.34765625E-2	0.00000000E+0	0.00000000E+0
-6.10351563E-2	-1.41087000E-8	-1.41087000E-8	-6.10351563E-2	0.00000000E+0	0.00000000E+0
-5.85937500E-2	-1.46948000E-8	-1.46948000E-8	-5.85937500E-2	0.00000000E+0	0.00000000E+0
-5.61523438E-2	-1.54491993E-8	-1.54491993E-8	-5.61523438E-2	0.00000000E+0	0.00000000E+0
-5.37109375E-2	-1.64279008E-8	-1.64279008E-8	-5.37109375E-2	0.00000000E+0	0.00000000E+0
-5.12695313E-2	-1.82118001E-8	-1.82118001E-8	-5.12695313E-2	0.00000000E+0	0.00000000E+0
-4.88281250E-2	-2.08304005E-8	-2.08304005E-8	-4.88281250E-2	0.00000000E+0	0.00000000E+0
-4.63867188E-2	-2.39766003E-8	-2.39766003E-8	-4.63867188E-2	0.00000000E+0	0.00000000E+0
-4.39453125E-2	-2.77343997E-8	-2.77343997E-8	-4.39453125E-2	0.00000000E+0	0.00000000E+0
-4.15039063E-2	-2.53068997E-8	-2.53068997E-8	-4.15039063E-2	0.00000000E+0	0.00000000E+0
-3.90625000E-2	-3.39158994E-8	-3.39158994E-8	-3.90625000E-2	0.00000000E+0	0.00000000E+0
-3.66210938E-2	-3.21727001E-8	-3.21727001E-8	-3.66210938E-2	0.00000000E+0	0.00000000E+0
-3.41796875E-2	-2.95503000E-8	-2.95503000E-8	-3.41796875E-2	0.00000000E+0	0.00000000E+0
-3.17382813E-2	-2.72451004E-8	-2.72451004E-8	-3.17382813E-2	0.00000000E+0	0.00000000E+0
-2.92968750E-2	-2.49400003E-8	-2.49400003E-8	-2.92968750E-2	0.00000000E+0	0.00000000E+0
-2.68554688E-2	-2.22945999E-8	-2.22945999E-8	-2.68554688E-2	0.00000000E+0	0.00000000E+0
-2.44140625E-2	-2.01308996E-8	-2.01308996E-8	-2.44140625E-2	0.00000000E+0	0.00000000E+0
-2.19726563E-2	-1.80283006E-8	-1.80283006E-8	-2.19726563E-2	0.00000000E+0	0.00000000E+0
-1.95312500E-2	-1.59029003E-8	-1.59029003E-8	-1.95312500E-2	0.00000000E+0	0.00000000E+0
-1.70898438E-2	-1.39990997E-8	-1.39990997E-8	-1.70898438E-2	0.00000000E+0	0.00000000E+0
-1.46484375E-2	-1.19532997E-8	-1.19532997E-8	-1.46484375E-2	0.00000000E+0	0.00000000E+0
-1.22070313E-2	-9.95964022E-9	-9.95964022E-9	-1.22070313E-2	0.00000000E+0	0.00000000E+0
-9.76562500E-3	-7.93115973E-9	-7.93115973E-9	-9.76562500E-3	0.00000000E+0	0.00000000E+0
-7.32421875E-3	-6.08314021E-9	-6.08314021E-9	-7.32421875E-3	0.00000000E+0	0.00000000E+0
-4.88281250E-3	-4.12350998E-9	-4.12350998E-9	-4.88281250E-3	0.00000000E+0	0.00000000E+0
-2.44140625E-3	-2.26940999E-9	-2.26940999E-9	-2.44140625E-3	0.00000000E+0	0.00000000E+0
0.00000000E+0	-2.89486990E-10	-2.89486990E-10	0.00000000E+0	0.00000000E+0	0.00000000E+0
