Date: do 28 mrt 2013, Material: Au, Temp: 4.2 K
AO1 - module gain: 1.0E+0, R_out: 0.0
AO2 - module gain: 1.0E+2
MUX1 - ADC gain: 4, logarithmic amplifier: D:\LabVIEW Data\Lithographic MCBJ\MED24_070412.TXT, R_in: 0.000
MUX2 - ADC gain: 4, linear amplifier: 1.000000 x 1e10 V/A, R_in: 1.000
Breaking trace: 15 0
Axis position: -884.788279
Vbias (V)	<I> and Ii MUX1 (A)	Vbias (V)	<I> and Ii MUX2 (A)
@
0.00000000E+0	-2.63993993E-10	-2.63993993E-10	0.00000000E+0	0.00000000E+0	0.00000000E+0
2.44140625E-3	5.06499009E-10	5.06499009E-10	2.44140625E-3	0.00000000E+0	0.00000000E+0
4.88281250E-3	1.44942003E-9	1.44942003E-9	4.88281250E-3	0.00000000E+0	0.00000000E+0
7.32421875E-3	2.37114994E-9	2.37114994E-9	7.32421875E-3	0.00000000E+0	0.00000000E+0
9.76562500E-3	3.27884009E-9	3.27884009E-9	9.76562500E-3	0.00000000E+0	0.00000000E+0
1.22070313E-2	4.26625002E-9	4.26625002E-9	1.22070313E-2	0.00000000E+0	0.00000000E+0
1.46484375E-2	5.35957012E-9	5.35957012E-9	1.46484375E-2	0.00000000E+0	0.00000000E+0
1.70898438E-2	6.39861009E-9	6.39861009E-9	1.70898438E-2	0.00000000E+0	0.00000000E+0
1.95312500E-2	7.46384021E-9	7.46384021E-9	1.95312500E-2	0.00000000E+0	0.00000000E+0
2.19726563E-2	8.45847037E-9	8.45847037E-9	2.19726563E-2	0.00000000E+0	0.00000000E+0
2.44140625E-2	9.48408996E-9	9.48408996E-9	2.44140625E-2	0.00000000E+0	0.00000000E+0
2.68554688E-2	1.06120002E-8	1.06120002E-8	2.68554688E-2	0.00000000E+0	0.00000000E+0
2.92968750E-2	1.16191998E-8	1.16191998E-8	2.92968750E-2	0.00000000E+0	0.00000000E+0
3.17382813E-2	1.27861002E-8	1.27861002E-8	3.17382813E-2	0.00000000E+0	0.00000000E+0
3.41796875E-2	1.39405003E-8	1.39405003E-8	3.41796875E-2	0.00000000E+0	0.00000000E+0
3.66210938E-2	1.50101993E-8	1.50101993E-8	3.66210938E-2	0.00000000E+0	0.00000000E+0
3.90625000E-2	1.61067000E-8	1.61067000E-8	3.90625000E-2	0.00000000E+0	0.00000000E+0
4.15039063E-2	1.69388006E-8	1.69388006E-8	4.15039063E-2	0.00000000E+0	0.00000000E+0
4.39453125E-2	1.83571007E-8	1.83571007E-8	4.39453125E-2	0.00000000E+0	0.00000000E+0
4.63867188E-2	1.56123008E-8	1.56123008E-8	4.63867188E-2	0.00000000E+0	0.00000000E+0
4.88281250E-2	1.52147006E-8	1.52147006E-8	4.88281250E-2	0.00000000E+0	0.00000000E+0
5.12695313E-2	1.39710998E-8	1.39710998E-8	5.12695313E-2	0.00000000E+0	0.00000000E+0
5.37109375E-2	1.24444997E-8	1.24444997E-8	5.37109375E-2	0.00000000E+0	0.00000000E+0
5.61523438E-2	1.12405001E-8	1.12405001E-8	5.61523438E-2	0.00000000E+0	0.00000000E+0
5.85937500E-2	1.04223004E-8	1.04223004E-8	5.85937500E-2	0.00000000E+0	0.00000000E+0
6.10351563E-2	9.64327995E-9	9.64327995E-9	6.10351563E-2	0.00000000E+0	0.00000000E+0
6.34765625E-2	9.28895982E-9	9.28895982E-9	6.34765625E-2	0.00000000E+0	0.00000000E+0
6.59179688E-2	8.94362984E-9	8.94362984E-9	6.59179688E-2	0.00000000E+0	0.00000000E+0
6.83593750E-2	8.75494965E-9	8.75494965E-9	6.83593750E-2	0.00000000E+0	0.00000000E+0
7.08007813E-2	8.56779980E-9	8.56779980E-9	7.08007813E-2	0.00000000E+0	0.00000000E+0
7.32421875E-2	8.50705995E-9	8.50705995E-9	7.32421875E-2	0.00000000E+0	0.00000000E+0
7.56835938E-2	8.45847037E-9	8.45847037E-9	7.56835938E-2	0.00000000E+0	0.00000000E+0
7.81250000E-2	8.41785042E-9	8.41785042E-9	7.81250000E-2	0.00000000E+0	0.00000000E+0
8.05664063E-2	8.42354009E-9	8.42354009E-9	8.05664063E-2	0.00000000E+0	0.00000000E+0
8.30078125E-2	8.36925018E-9	8.36925018E-9	8.30078125E-2	0.00000000E+0	0.00000000E+0
8.54492188E-2	8.39316971E-9	8.39316971E-9	8.54492188E-2	0.00000000E+0	0.00000000E+0
8.78906250E-2	8.47555004E-9	8.47555004E-9	8.78906250E-2	0.00000000E+0	0.00000000E+0
9.03320313E-2	8.50705995E-9	8.50705995E-9	9.03320313E-2	0.00000000E+0	0.00000000E+0
9.27734375E-2	8.56172022E-9	8.56172022E-9	9.27734375E-2	0.00000000E+0	0.00000000E+0
9.52148438E-2	8.65852989E-9	8.65852989E-9	9.52148438E-2	0.00000000E+0	0.00000000E+0
9.76562500E-2	8.72990036E-9	8.72990036E-9	9.76562500E-2	0.00000000E+0	0.00000000E+0
1.00097656E-1	8.82898021E-9	8.82898021E-9	1.00097656E-1	0.00000000E+0	0.00000000E+0
1.02539062E-1	8.96071040E-9	8.96071040E-9	1.02539062E-1	0.00000000E+0	0.00000000E+0
1.04980469E-1	9.04524011E-9	9.04524011E-9	1.04980469E-1	0.00000000E+0	0.00000000E+0
1.07421875E-1	9.18316978E-9	9.18316978E-9	1.07421875E-1	0.00000000E+0	0.00000000E+0
1.09863281E-1	9.32971034E-9	9.32971034E-9	1.09863281E-1	0.00000000E+0	0.00000000E+0
1.12304687E-1	9.48408996E-9	9.48408996E-9	1.12304687E-1	0.00000000E+0	0.00000000E+0
1.14746094E-1	9.64327995E-9	9.64327995E-9	1.14746094E-1	0.00000000E+0	0.00000000E+0
1.17187500E-1	9.83574999E-9	9.83574999E-9	1.17187500E-1	0.00000000E+0	0.00000000E+0
1.19628906E-1	1.00386002E-8	1.00386002E-8	1.19628906E-1	0.00000000E+0	0.00000000E+0
1.22070312E-1	1.02454001E-8	1.02454001E-8	1.22070312E-1	0.00000000E+0	0.00000000E+0
1.24511719E-1	1.04384998E-8	1.04384998E-8	1.24511719E-1	0.00000000E+0	0.00000000E+0
1.26953125E-1	1.06049001E-8	1.06049001E-8	1.26953125E-1	0.00000000E+0	0.00000000E+0
1.29394531E-1	1.07510001E-8	1.07510001E-8	1.29394531E-1	0.00000000E+0	0.00000000E+0
1.31835937E-1	1.09386002E-8	1.09386002E-8	1.31835937E-1	0.00000000E+0	0.00000000E+0
1.34277344E-1	1.11059002E-8	1.11059002E-8	1.34277344E-1	0.00000000E+0	0.00000000E+0
1.36718750E-1	1.12793996E-8	1.12793996E-8	1.36718750E-1	0.00000000E+0	0.00000000E+0
1.39160156E-1	1.14017000E-8	1.14017000E-8	1.39160156E-1	0.00000000E+0	0.00000000E+0
1.41601562E-1	1.15976997E-8	1.15976997E-8	1.41601562E-1	0.00000000E+0	0.00000000E+0
1.44042969E-1	1.21405002E-8	1.21405002E-8	1.44042969E-1	0.00000000E+0	0.00000000E+0
1.46484375E-1	1.23374999E-8	1.23374999E-8	1.46484375E-1	0.00000000E+0	0.00000000E+0
1.48925781E-1	1.25454998E-8	1.25454998E-8	1.48925781E-1	0.00000000E+0	0.00000000E+0
1.51367187E-1	1.27408004E-8	1.27408004E-8	1.51367187E-1	0.00000000E+0	0.00000000E+0
1.53808594E-1	1.29488003E-8	1.29488003E-8	1.53808594E-1	0.00000000E+0	0.00000000E+0
1.56250000E-1	1.32344997E-8	1.32344997E-8	1.56250000E-1	0.00000000E+0	0.00000000E+0
1.58691406E-1	1.34792000E-8	1.34792000E-8	1.58691406E-1	0.00000000E+0	0.00000000E+0
1.61132812E-1	1.36958000E-8	1.36958000E-8	1.61132812E-1	0.00000000E+0	0.00000000E+0
1.63574219E-1	1.39609000E-8	1.39609000E-8	1.63574219E-1	0.00000000E+0	0.00000000E+0
1.66015625E-1	1.41673002E-8	1.41673002E-8	1.66015625E-1	0.00000000E+0	0.00000000E+0
1.68457031E-1	1.44005003E-8	1.44005003E-8	1.68457031E-1	0.00000000E+0	0.00000000E+0
1.70898437E-1	1.46388004E-8	1.46388004E-8	1.70898437E-1	0.00000000E+0	0.00000000E+0
1.73339844E-1	1.48461998E-8	1.48461998E-8	1.73339844E-1	0.00000000E+0	0.00000000E+0
1.75781250E-1	1.50720005E-8	1.50720005E-8	1.75781250E-1	0.00000000E+0	0.00000000E+0
1.78222656E-1	1.52836002E-8	1.52836002E-8	1.78222656E-1	0.00000000E+0	0.00000000E+0
1.80664062E-1	1.56123008E-8	1.56123008E-8	1.80664062E-1	0.00000000E+0	0.00000000E+0
1.83105469E-1	1.57142992E-8	1.57142992E-8	1.83105469E-1	0.00000000E+0	0.00000000E+0
1.85546875E-1	1.58723008E-8	1.58723008E-8	1.85546875E-1	0.00000000E+0	0.00000000E+0
1.87988281E-1	1.61806000E-8	1.61806000E-8	1.87988281E-1	0.00000000E+0	0.00000000E+0
1.90429687E-1	1.60047993E-8	1.60047993E-8	1.90429687E-1	0.00000000E+0	0.00000000E+0
1.92871094E-1	1.56734998E-8	1.56734998E-8	1.92871094E-1	0.00000000E+0	0.00000000E+0
1.95312500E-1	1.67184009E-8	1.67184009E-8	1.95312500E-1	0.00000000E+0	0.00000000E+0
1.97753906E-1	1.69273999E-8	1.69273999E-8	1.97753906E-1	0.00000000E+0	0.00000000E+0
2.00195312E-1	1.71643997E-8	1.71643997E-8	2.00195312E-1	0.00000000E+0	0.00000000E+0
2.02636719E-1	1.73911996E-8	1.73911996E-8	2.02636719E-1	0.00000000E+0	0.00000000E+0
2.05078125E-1	1.75823001E-8	1.75823001E-8	2.05078125E-1	0.00000000E+0	0.00000000E+0
2.07519531E-1	1.78270003E-8	1.78270003E-8	2.07519531E-1	0.00000000E+0	0.00000000E+0
2.09960937E-1	1.80206996E-8	1.80206996E-8	2.09960937E-1	0.00000000E+0	0.00000000E+0
2.12402344E-1	1.82450002E-8	1.82450002E-8	2.12402344E-1	0.00000000E+0	0.00000000E+0
2.14843750E-1	1.79671993E-8	1.79671993E-8	2.14843750E-1	0.00000000E+0	0.00000000E+0
2.17285156E-1	1.86322993E-8	1.86322993E-8	2.17285156E-1	0.00000000E+0	0.00000000E+0
2.19726562E-1	1.88464000E-8	1.88464000E-8	2.19726562E-1	0.00000000E+0	0.00000000E+0
2.22167969E-1	1.90451992E-8	1.90451992E-8	2.22167969E-1	0.00000000E+0	0.00000000E+0
2.24609375E-1	1.92937009E-8	1.92937009E-8	2.24609375E-1	0.00000000E+0	0.00000000E+0
2.27050781E-1	1.94300007E-8	1.94300007E-8	2.27050781E-1	0.00000000E+0	0.00000000E+0
2.29492187E-1	1.95880006E-8	1.95880006E-8	2.29492187E-1	0.00000000E+0	0.00000000E+0
2.31933594E-1	1.98633003E-8	1.98633003E-8	2.31933594E-1	0.00000000E+0	0.00000000E+0
2.34375000E-1	2.00697006E-8	2.00697006E-8	2.34375000E-1	0.00000000E+0	0.00000000E+0
2.36816406E-1	2.00277004E-8	2.00277004E-8	2.36816406E-1	0.00000000E+0	0.00000000E+0
2.39257812E-1	2.00697006E-8	2.00697006E-8	2.39257812E-1	0.00000000E+0	0.00000000E+0
2.41699219E-1	2.06583994E-8	2.06583994E-8	2.41699219E-1	0.00000000E+0	0.00000000E+0
2.44140625E-1	2.08647997E-8	2.08647997E-8	2.44140625E-1	0.00000000E+0	0.00000000E+0
2.46582031E-1	2.10483009E-8	2.10483009E-8	2.46582031E-1	0.00000000E+0	0.00000000E+0
2.49023437E-1	2.12446007E-8	2.12446007E-8	2.49023437E-1	0.00000000E+0	0.00000000E+0
2.51464844E-1	2.14612008E-8	2.14612008E-8	2.51464844E-1	0.00000000E+0	0.00000000E+0
2.53906250E-1	2.16600000E-8	2.16600000E-8	2.53906250E-1	0.00000000E+0	0.00000000E+0
2.56347656E-1	2.19047003E-8	2.19047003E-8	2.56347656E-1	0.00000000E+0	0.00000000E+0
2.58789062E-1	2.20729000E-8	2.20729000E-8	2.58789062E-1	0.00000000E+0	0.00000000E+0
2.61230469E-1	2.23098997E-8	2.23098997E-8	2.61230469E-1	0.00000000E+0	0.00000000E+0
2.63671875E-1	2.25162999E-8	2.25162999E-8	2.63671875E-1	0.00000000E+0	0.00000000E+0
2.66113281E-1	2.27610002E-8	2.27610002E-8	2.66113281E-1	0.00000000E+0	0.00000000E+0
2.68554687E-1	2.29214994E-8	2.29214994E-8	2.68554687E-1	0.00000000E+0	0.00000000E+0
2.70996094E-1	2.18434995E-8	2.18434995E-8	2.70996094E-1	0.00000000E+0	0.00000000E+0
2.73437500E-1	2.22105001E-8	2.22105001E-8	2.73437500E-1	0.00000000E+0	0.00000000E+0
2.75878906E-1	2.36248994E-8	2.36248994E-8	2.75878906E-1	0.00000000E+0	0.00000000E+0
2.78320312E-1	2.38275000E-8	2.38275000E-8	2.78320312E-1	0.00000000E+0	0.00000000E+0
2.80761719E-1	2.39994993E-8	2.39994993E-8	2.80761719E-1	0.00000000E+0	0.00000000E+0
2.83203125E-1	2.42479992E-8	2.42479992E-8	2.83203125E-1	0.00000000E+0	0.00000000E+0
2.85644531E-1	2.44620999E-8	2.44620999E-8	2.85644531E-1	0.00000000E+0	0.00000000E+0
2.88085937E-1	2.47182008E-8	2.47182008E-8	2.88085937E-1	0.00000000E+0	0.00000000E+0
2.90527344E-1	2.41525004E-8	2.41525004E-8	2.90527344E-1	0.00000000E+0	0.00000000E+0
2.92968750E-1	2.51311008E-8	2.51311008E-8	2.92968750E-1	0.00000000E+0	0.00000000E+0
2.95410156E-1	2.53681005E-8	2.53681005E-8	2.95410156E-1	0.00000000E+0	0.00000000E+0
2.97851562E-1	2.55898005E-8	2.55898005E-8	2.97851562E-1	0.00000000E+0	0.00000000E+0
3.00292969E-1	2.58077009E-8	2.58077009E-8	3.00292969E-1	0.00000000E+0	0.00000000E+0
3.02734375E-1	2.60027004E-8	2.60027004E-8	3.02734375E-1	0.00000000E+0	0.00000000E+0
3.05175781E-1	2.62244004E-8	2.62244004E-8	3.05175781E-1	0.00000000E+0	0.00000000E+0
3.07617187E-1	2.65302003E-8	2.65302003E-8	3.07617187E-1	0.00000000E+0	0.00000000E+0
3.10058594E-1	2.67596008E-8	2.67596008E-8	3.10058594E-1	0.00000000E+0	0.00000000E+0
3.12500000E-1	2.69584000E-8	2.69584000E-8	3.12500000E-1	0.00000000E+0	0.00000000E+0
3.14941406E-1	2.72183005E-8	2.72183005E-8	3.14941406E-1	0.00000000E+0	0.00000000E+0
3.17382812E-1	2.74783005E-8	2.74783005E-8	3.17382812E-1	0.00000000E+0	0.00000000E+0
3.19824219E-1	2.76312004E-8	2.76312004E-8	3.19824219E-1	0.00000000E+0	0.00000000E+0
3.22265625E-1	2.78759007E-8	2.78759007E-8	3.22265625E-1	0.00000000E+0	0.00000000E+0
3.24707031E-1	2.81091008E-8	2.81091008E-8	3.24707031E-1	0.00000000E+0	0.00000000E+0
3.27148437E-1	2.83346004E-8	2.83346004E-8	3.27148437E-1	0.00000000E+0	0.00000000E+0
3.29589844E-1	2.77230008E-8	2.77230008E-8	3.29589844E-1	0.00000000E+0	0.00000000E+0
3.32031250E-1	2.87397999E-8	2.87397999E-8	3.32031250E-1	0.00000000E+0	0.00000000E+0
3.34472656E-1	2.89654007E-8	2.89654007E-8	3.34472656E-1	0.00000000E+0	0.00000000E+0
3.36914062E-1	2.91909004E-8	2.91909004E-8	3.36914062E-1	0.00000000E+0	0.00000000E+0
3.39355469E-1	2.85716002E-8	2.85716002E-8	3.39355469E-1	0.00000000E+0	0.00000000E+0
3.41796875E-1	2.87207005E-8	2.87207005E-8	3.41796875E-1	0.00000000E+0	0.00000000E+0
3.44238281E-1	2.98942986E-8	2.98942986E-8	3.44238281E-1	0.00000000E+0	0.00000000E+0
3.46679687E-1	3.00472003E-8	3.00472003E-8	3.46679687E-1	0.00000000E+0	0.00000000E+0
3.49121094E-1	3.02689003E-8	3.02689003E-8	3.49121094E-1	0.00000000E+0	0.00000000E+0
3.51562500E-1	3.05365013E-8	3.05365013E-8	3.51562500E-1	0.00000000E+0	0.00000000E+0
3.54003906E-1	3.02919005E-8	3.02919005E-8	3.54003906E-1	0.00000000E+0	0.00000000E+0
3.56445312E-1	3.09265005E-8	3.09265005E-8	3.56445312E-1	0.00000000E+0	0.00000000E+0
3.58886719E-1	3.11634984E-8	3.11634984E-8	3.58886719E-1	0.00000000E+0	0.00000000E+0
3.61328125E-1	3.14195994E-8	3.14195994E-8	3.61328125E-1	0.00000000E+0	0.00000000E+0
3.63769531E-1	3.16222000E-8	3.16222000E-8	3.63769531E-1	0.00000000E+0	0.00000000E+0
3.66210937E-1	3.18898010E-8	3.18898010E-8	3.66210937E-1	0.00000000E+0	0.00000000E+0
3.68652344E-1	3.09722985E-8	3.09722985E-8	3.68652344E-1	0.00000000E+0	0.00000000E+0
3.71093750E-1	3.22721014E-8	3.22721014E-8	3.71093750E-1	0.00000000E+0	0.00000000E+0
3.73535156E-1	3.22873994E-8	3.22873994E-8	3.73535156E-1	0.00000000E+0	0.00000000E+0
3.75976562E-1	3.26620011E-8	3.26620011E-8	3.75976562E-1	0.00000000E+0	0.00000000E+0
3.78417969E-1	3.28226015E-8	3.28226015E-8	3.78417969E-1	0.00000000E+0	0.00000000E+0
3.80859375E-1	3.31130998E-8	3.31130998E-8	3.80859375E-1	0.00000000E+0	0.00000000E+0
3.83300781E-1	3.32507000E-8	3.32507000E-8	3.83300781E-1	0.00000000E+0	0.00000000E+0
3.85742187E-1	3.29295986E-8	3.29295986E-8	3.85742187E-1	0.00000000E+0	0.00000000E+0
3.88183594E-1	3.36234010E-8	3.36234010E-8	3.88183594E-1	0.00000000E+0	0.00000000E+0
3.90625000E-1	3.29602017E-8	3.29602017E-8	3.90625000E-1	0.00000000E+0	0.00000000E+0
3.93066406E-1	3.37973987E-8	3.37973987E-8	3.93066406E-1	0.00000000E+0	0.00000000E+0
3.95507812E-1	3.37782993E-8	3.37782993E-8	3.95507812E-1	0.00000000E+0	0.00000000E+0
3.97949219E-1	3.44893003E-8	3.44893003E-8	3.97949219E-1	0.00000000E+0	0.00000000E+0
4.00390625E-1	3.42064013E-8	3.42064013E-8	4.00390625E-1	0.00000000E+0	0.00000000E+0
4.02832031E-1	3.42676003E-8	3.42676003E-8	4.02832031E-1	0.00000000E+0	0.00000000E+0
4.05273437E-1	3.51620990E-8	3.51620990E-8	4.05273437E-1	0.00000000E+0	0.00000000E+0
4.07714844E-1	3.53761997E-8	3.53761997E-8	4.07714844E-1	0.00000000E+0	0.00000000E+0
4.10156250E-1	3.55597010E-8	3.55597010E-8	4.10156250E-1	0.00000000E+0	0.00000000E+0
4.12597656E-1	3.57431986E-8	3.57431986E-8	4.12597656E-1	0.00000000E+0	0.00000000E+0
4.15039062E-1	3.46193012E-8	3.46193012E-8	4.15039062E-1	0.00000000E+0	0.00000000E+0
4.17480469E-1	3.41625004E-8	3.41625004E-8	4.17480469E-1	0.00000000E+0	0.00000000E+0
4.19921875E-1	3.63319010E-8	3.63319010E-8	4.19921875E-1	0.00000000E+0	0.00000000E+0
4.22363281E-1	3.66529989E-8	3.66529989E-8	4.22363281E-1	0.00000000E+0	0.00000000E+0
4.24804687E-1	3.63128017E-8	3.63128017E-8	4.24804687E-1	0.00000000E+0	0.00000000E+0
4.27246094E-1	3.70887996E-8	3.70887996E-8	4.27246094E-1	0.00000000E+0	0.00000000E+0
4.29687500E-1	3.57203014E-8	3.57203014E-8	4.29687500E-1	0.00000000E+0	0.00000000E+0
4.32128906E-1	3.68211985E-8	3.68211985E-8	4.32128906E-1	0.00000000E+0	0.00000000E+0
4.34570312E-1	3.76392997E-8	3.76392997E-8	4.34570312E-1	0.00000000E+0	0.00000000E+0
4.37011719E-1	3.79450995E-8	3.79450995E-8	4.37011719E-1	0.00000000E+0	0.00000000E+0
4.39453125E-1	3.81286007E-8	3.81286007E-8	4.39453125E-1	0.00000000E+0	0.00000000E+0
4.41894531E-1	3.80139014E-8	3.80139014E-8	4.41894531E-1	0.00000000E+0	0.00000000E+0
4.44335937E-1	3.85567986E-8	3.85567986E-8	4.44335937E-1	0.00000000E+0	0.00000000E+0
4.46777344E-1	3.88625985E-8	3.88625985E-8	4.46777344E-1	0.00000000E+0	0.00000000E+0
4.49218750E-1	3.91149015E-8	3.91149015E-8	4.49218750E-1	0.00000000E+0	0.00000000E+0
4.51660156E-1	3.93289987E-8	3.93289987E-8	4.51660156E-1	0.00000000E+0	0.00000000E+0
4.54101562E-1	4.01240996E-8	4.01240996E-8	4.54101562E-1	0.00000000E+0	0.00000000E+0
4.56542969E-1	3.97877002E-8	3.97877002E-8	4.56542969E-1	0.00000000E+0	0.00000000E+0
4.58984375E-1	3.92218986E-8	3.92218986E-8	4.58984375E-1	0.00000000E+0	0.00000000E+0
4.61425781E-1	4.02693985E-8	4.02693985E-8	4.61425781E-1	0.00000000E+0	0.00000000E+0
4.63867187E-1	4.05217015E-8	4.05217015E-8	4.63867187E-1	0.00000000E+0	0.00000000E+0
4.66308594E-1	3.96347986E-8	3.96347986E-8	4.66308594E-1	0.00000000E+0	0.00000000E+0
4.68750000E-1	4.08887004E-8	4.08887004E-8	4.68750000E-1	0.00000000E+0	0.00000000E+0
4.71191406E-1	4.12097982E-8	4.12097982E-8	4.71191406E-1	0.00000000E+0	0.00000000E+0
4.73632812E-1	4.13588985E-8	4.13588985E-8	4.73632812E-1	0.00000000E+0	0.00000000E+0
4.76074219E-1	4.04528997E-8	4.04528997E-8	4.76074219E-1	0.00000000E+0	0.00000000E+0
4.78515625E-1	4.19476009E-8	4.19476009E-8	4.78515625E-1	0.00000000E+0	0.00000000E+0
4.80957031E-1	4.22114006E-8	4.22114006E-8	4.80957031E-1	0.00000000E+0	0.00000000E+0
4.83398437E-1	4.24560014E-8	4.24560014E-8	4.83398437E-1	0.00000000E+0	0.00000000E+0
4.85839844E-1	4.26013003E-8	4.26013003E-8	4.85839844E-1	0.00000000E+0	0.00000000E+0
4.88281250E-1	4.24177991E-8	4.24177991E-8	4.88281250E-1	0.00000000E+0	0.00000000E+0
4.90722656E-1	4.30752998E-8	4.30752998E-8	4.90722656E-1	0.00000000E+0	0.00000000E+0
4.93164062E-1	4.33123013E-8	4.33123013E-8	4.93164062E-1	0.00000000E+0	0.00000000E+0
4.90722656E-1	4.18366994E-8	4.18366994E-8	4.90722656E-1	0.00000000E+0	0.00000000E+0
4.88281250E-1	4.23566000E-8	4.23566000E-8	4.88281250E-1	0.00000000E+0	0.00000000E+0
4.85839844E-1	4.25401012E-8	4.25401012E-8	4.85839844E-1	0.00000000E+0	0.00000000E+0
4.83398437E-1	4.23871995E-8	4.23871995E-8	4.83398437E-1	0.00000000E+0	0.00000000E+0
4.80957031E-1	4.20813997E-8	4.20813997E-8	4.80957031E-1	0.00000000E+0	0.00000000E+0
4.78515625E-1	3.96882989E-8	3.96882989E-8	4.78515625E-1	0.00000000E+0	0.00000000E+0
4.76074219E-1	4.05217015E-8	4.05217015E-8	4.76074219E-1	0.00000000E+0	0.00000000E+0
4.73632812E-1	4.11028012E-8	4.11028012E-8	4.73632812E-1	0.00000000E+0	0.00000000E+0
4.71191406E-1	4.12097982E-8	4.12097982E-8	4.71191406E-1	0.00000000E+0	0.00000000E+0
4.68750000E-1	4.09880982E-8	4.09880982E-8	4.68750000E-1	0.00000000E+0	0.00000000E+0
4.66308594E-1	3.94207014E-8	3.94207014E-8	4.66308594E-1	0.00000000E+0	0.00000000E+0
4.63867187E-1	4.05217015E-8	4.05217015E-8	4.63867187E-1	0.00000000E+0	0.00000000E+0
4.61425781E-1	4.02465012E-8	4.02465012E-8	4.61425781E-1	0.00000000E+0	0.00000000E+0
4.58984375E-1	4.00094002E-8	4.00094002E-8	4.58984375E-1	0.00000000E+0	0.00000000E+0
4.56542969E-1	3.91397990E-8	3.91397990E-8	4.56542969E-1	0.00000000E+0	0.00000000E+0
4.54101562E-1	3.95066984E-8	3.95066984E-8	4.54101562E-1	0.00000000E+0	0.00000000E+0
4.51660156E-1	3.71997011E-8	3.71997011E-8	4.51660156E-1	0.00000000E+0	0.00000000E+0
4.49218750E-1	3.80521996E-8	3.80521996E-8	4.49218750E-1	0.00000000E+0	0.00000000E+0
4.46777344E-1	3.87172996E-8	3.87172996E-8	4.46777344E-1	0.00000000E+0	0.00000000E+0
4.44335937E-1	3.84955996E-8	3.84955996E-8	4.44335937E-1	0.00000000E+0	0.00000000E+0
4.41894531E-1	3.74940008E-8	3.74940008E-8	4.41894531E-1	0.00000000E+0	0.00000000E+0
4.39453125E-1	3.81897998E-8	3.81897998E-8	4.39453125E-1	0.00000000E+0	0.00000000E+0
4.37011719E-1	3.76392997E-8	3.76392997E-8	4.37011719E-1	0.00000000E+0	0.00000000E+0
4.34570312E-1	3.76774985E-8	3.76774985E-8	4.34570312E-1	0.00000000E+0	0.00000000E+0
4.32128906E-1	3.73104996E-8	3.73104996E-8	4.32128906E-1	0.00000000E+0	0.00000000E+0
4.29687500E-1	3.71997011E-8	3.71997011E-8	4.29687500E-1	0.00000000E+0	0.00000000E+0
4.27246094E-1	3.70658988E-8	3.70658988E-8	4.27246094E-1	0.00000000E+0	0.00000000E+0
4.24804687E-1	3.60183989E-8	3.60183989E-8	4.24804687E-1	0.00000000E+0	0.00000000E+0
4.22363281E-1	3.65077995E-8	3.65077995E-8	4.22363281E-1	0.00000000E+0	0.00000000E+0
4.19921875E-1	3.60948995E-8	3.60948995E-8	4.19921875E-1	0.00000000E+0	0.00000000E+0
4.17480469E-1	3.61408006E-8	3.61408006E-8	4.17480469E-1	0.00000000E+0	0.00000000E+0
4.15039062E-1	3.59457992E-8	3.59457992E-8	4.15039062E-1	0.00000000E+0	0.00000000E+0
4.12597656E-1	3.57203014E-8	3.57203014E-8	4.12597656E-1	0.00000000E+0	0.00000000E+0
4.10156250E-1	3.54984984E-8	3.54984984E-8	4.10156250E-1	0.00000000E+0	0.00000000E+0
4.07714844E-1	3.52539011E-8	3.52539011E-8	4.07714844E-1	0.00000000E+0	0.00000000E+0
4.05273437E-1	3.50703999E-8	3.50703999E-8	4.05273437E-1	0.00000000E+0	0.00000000E+0
4.02832031E-1	3.48506006E-8	3.48506006E-8	4.02832031E-1	0.00000000E+0	0.00000000E+0
4.00390625E-1	3.43287994E-8	3.43287994E-8	4.00390625E-1	0.00000000E+0	0.00000000E+0
3.97949219E-1	3.45314000E-8	3.45314000E-8	3.97949219E-1	0.00000000E+0	0.00000000E+0
3.95507812E-1	3.42866997E-8	3.42866997E-8	3.95507812E-1	0.00000000E+0	0.00000000E+0
3.93066406E-1	3.38777006E-8	3.38777006E-8	3.93066406E-1	0.00000000E+0	0.00000000E+0
3.90625000E-1	3.29602017E-8	3.29602017E-8	3.90625000E-1	0.00000000E+0	0.00000000E+0
3.88183594E-1	3.36234010E-8	3.36234010E-8	3.88183594E-1	0.00000000E+0	0.00000000E+0
3.85742187E-1	3.29295986E-8	3.29295986E-8	3.85742187E-1	0.00000000E+0	0.00000000E+0
3.83300781E-1	3.32737002E-8	3.32737002E-8	3.83300781E-1	0.00000000E+0	0.00000000E+0
3.80859375E-1	3.30519008E-8	3.30519008E-8	3.80859375E-1	0.00000000E+0	0.00000000E+0
3.78417969E-1	3.28378995E-8	3.28378995E-8	3.78417969E-1	0.00000000E+0	0.00000000E+0
3.75976562E-1	3.13317017E-8	3.13317017E-8	3.75976562E-1	0.00000000E+0	0.00000000E+0
3.73535156E-1	3.24709006E-8	3.24709006E-8	3.73535156E-1	0.00000000E+0	0.00000000E+0
3.71093750E-1	3.22567999E-8	3.22567999E-8	3.71093750E-1	0.00000000E+0	0.00000000E+0
3.68652344E-1	3.20504014E-8	3.20504014E-8	3.68652344E-1	0.00000000E+0	0.00000000E+0
3.66210937E-1	3.18439000E-8	3.18439000E-8	3.66210937E-1	0.00000000E+0	0.00000000E+0
3.63769531E-1	3.15114015E-8	3.15114015E-8	3.63769531E-1	0.00000000E+0	0.00000000E+0
3.61328125E-1	3.14195994E-8	3.14195994E-8	3.61328125E-1	0.00000000E+0	0.00000000E+0
3.58886719E-1	3.11634984E-8	3.11634984E-8	3.58886719E-1	0.00000000E+0	0.00000000E+0
3.56445312E-1	3.09722985E-8	3.09722985E-8	3.56445312E-1	0.00000000E+0	0.00000000E+0
3.54003906E-1	3.07583008E-8	3.07583008E-8	3.54003906E-1	0.00000000E+0	0.00000000E+0
3.51562500E-1	3.05862002E-8	3.05862002E-8	3.51562500E-1	0.00000000E+0	0.00000000E+0
3.49121094E-1	3.04141992E-8	3.04141992E-8	3.49121094E-1	0.00000000E+0	0.00000000E+0
3.46679687E-1	3.01694989E-8	3.01694989E-8	3.46679687E-1	0.00000000E+0	0.00000000E+0
3.44238281E-1	2.98636991E-8	2.98636991E-8	3.44238281E-1	0.00000000E+0	0.00000000E+0
3.41796875E-1	2.96801996E-8	2.96801996E-8	3.41796875E-1	0.00000000E+0	0.00000000E+0
3.39355469E-1	2.92673992E-8	2.92673992E-8	3.39355469E-1	0.00000000E+0	0.00000000E+0
3.36914062E-1	2.92137994E-8	2.92137994E-8	3.36914062E-1	0.00000000E+0	0.00000000E+0
3.34472656E-1	2.89654007E-8	2.89654007E-8	3.34472656E-1	0.00000000E+0	0.00000000E+0
3.32031250E-1	2.87628001E-8	2.87628001E-8	3.32031250E-1	0.00000000E+0	0.00000000E+0
3.29589844E-1	2.85486994E-8	2.85486994E-8	3.29589844E-1	0.00000000E+0	0.00000000E+0
3.27148437E-1	2.83039991E-8	2.83039991E-8	3.27148437E-1	0.00000000E+0	0.00000000E+0
3.24707031E-1	2.80288006E-8	2.80288006E-8	3.24707031E-1	0.00000000E+0	0.00000000E+0
3.22265625E-1	2.78452994E-8	2.78452994E-8	3.22265625E-1	0.00000000E+0	0.00000000E+0
3.19824219E-1	2.76159007E-8	2.76159007E-8	3.19824219E-1	0.00000000E+0	0.00000000E+0
3.17382812E-1	2.73560001E-8	2.73560001E-8	3.17382812E-1	0.00000000E+0	0.00000000E+0
3.14941406E-1	2.71228000E-8	2.71228000E-8	3.14941406E-1	0.00000000E+0	0.00000000E+0
3.12500000E-1	2.68971991E-8	2.68971991E-8	3.12500000E-1	0.00000000E+0	0.00000000E+0
3.10058594E-1	2.65990998E-8	2.65990998E-8	3.10058594E-1	0.00000000E+0	0.00000000E+0
3.07617187E-1	2.63888005E-8	2.63888005E-8	3.07617187E-1	0.00000000E+0	0.00000000E+0
3.05175781E-1	2.61441002E-8	2.61441002E-8	3.05175781E-1	0.00000000E+0	0.00000000E+0
3.02734375E-1	2.49017003E-8	2.49017003E-8	3.02734375E-1	0.00000000E+0	0.00000000E+0
3.00292969E-1	2.56969006E-8	2.56969006E-8	3.00292969E-1	0.00000000E+0	0.00000000E+0
2.97851562E-1	2.54827999E-8	2.54827999E-8	2.97851562E-1	0.00000000E+0	0.00000000E+0
2.95410156E-1	2.52458001E-8	2.52458001E-8	2.95410156E-1	0.00000000E+0	0.00000000E+0
2.92968750E-1	2.49628993E-8	2.49628993E-8	2.92968750E-1	0.00000000E+0	0.00000000E+0
2.90527344E-1	2.47793999E-8	2.47793999E-8	2.90527344E-1	0.00000000E+0	0.00000000E+0
2.88085937E-1	2.45539002E-8	2.45539002E-8	2.88085937E-1	0.00000000E+0	0.00000000E+0
2.85644531E-1	2.43589007E-8	2.43589007E-8	2.85644531E-1	0.00000000E+0	0.00000000E+0
2.83203125E-1	2.41372007E-8	2.41372007E-8	2.83203125E-1	0.00000000E+0	0.00000000E+0
2.80761719E-1	2.39230999E-8	2.39230999E-8	2.80761719E-1	0.00000000E+0	0.00000000E+0
2.78320312E-1	2.32081998E-8	2.32081998E-8	2.78320312E-1	0.00000000E+0	0.00000000E+0
2.75878906E-1	2.34108004E-8	2.34108004E-8	2.75878906E-1	0.00000000E+0	0.00000000E+0
2.73437500E-1	2.33190995E-8	2.33190995E-8	2.73437500E-1	0.00000000E+0	0.00000000E+0
2.70996094E-1	2.30552999E-8	2.30552999E-8	2.70996094E-1	0.00000000E+0	0.00000000E+0
2.68554687E-1	2.21952003E-8	2.21952003E-8	2.68554687E-1	0.00000000E+0	0.00000000E+0
2.66113281E-1	2.26691999E-8	2.26691999E-8	2.66113281E-1	0.00000000E+0	0.00000000E+0
2.63671875E-1	2.25162999E-8	2.25162999E-8	2.63671875E-1	0.00000000E+0	0.00000000E+0
2.61230469E-1	2.22295995E-8	2.22295995E-8	2.61230469E-1	0.00000000E+0	0.00000000E+0
2.58789062E-1	2.14765006E-8	2.14765006E-8	2.58789062E-1	0.00000000E+0	0.00000000E+0
2.56347656E-1	2.17823004E-8	2.17823004E-8	2.56347656E-1	0.00000000E+0	0.00000000E+0
2.53906250E-1	2.16179004E-8	2.16179004E-8	2.53906250E-1	0.00000000E+0	0.00000000E+0
2.51464844E-1	2.13745999E-8	2.13745999E-8	2.51464844E-1	0.00000000E+0	0.00000000E+0
2.49023437E-1	2.12165006E-8	2.12165006E-8	2.49023437E-1	0.00000000E+0	0.00000000E+0
2.46582031E-1	2.10636006E-8	2.10636006E-8	2.46582031E-1	0.00000000E+0	0.00000000E+0
2.44140625E-1	2.08037001E-8	2.08037001E-8	2.44140625E-1	0.00000000E+0	0.00000000E+0
2.41699219E-1	2.06202007E-8	2.06202007E-8	2.41699219E-1	0.00000000E+0	0.00000000E+0
2.39257812E-1	2.04328998E-8	2.04328998E-8	2.39257812E-1	0.00000000E+0	0.00000000E+0
2.36816406E-1	2.01919992E-8	2.01919992E-8	2.36816406E-1	0.00000000E+0	0.00000000E+0
2.34375000E-1	2.00277004E-8	2.00277004E-8	2.34375000E-1	0.00000000E+0	0.00000000E+0
2.31933594E-1	1.98938999E-8	1.98938999E-8	2.31933594E-1	0.00000000E+0	0.00000000E+0
2.29492187E-1	1.96606997E-8	1.96606997E-8	2.29492187E-1	0.00000000E+0	0.00000000E+0
2.27050781E-1	1.94962997E-8	1.94962997E-8	2.27050781E-1	0.00000000E+0	0.00000000E+0
2.24609375E-1	1.92134006E-8	1.92134006E-8	2.24609375E-1	0.00000000E+0	0.00000000E+0
2.22167969E-1	1.89840001E-8	1.89840001E-8	2.22167969E-1	0.00000000E+0	0.00000000E+0
2.19726562E-1	1.87954008E-8	1.87954008E-8	2.19726562E-1	0.00000000E+0	0.00000000E+0
2.17285156E-1	1.86118996E-8	1.86118996E-8	2.17285156E-1	0.00000000E+0	0.00000000E+0
2.14843750E-1	1.84030000E-8	1.84030000E-8	2.14843750E-1	0.00000000E+0	0.00000000E+0
2.12402344E-1	1.82042008E-8	1.82042008E-8	2.12402344E-1	0.00000000E+0	0.00000000E+0
2.09960937E-1	1.79416997E-8	1.79416997E-8	2.09960937E-1	0.00000000E+0	0.00000000E+0
2.07519531E-1	1.77657995E-8	1.77657995E-8	2.07519531E-1	0.00000000E+0	0.00000000E+0
2.05078125E-1	1.75619004E-8	1.75619004E-8	2.05078125E-1	0.00000000E+0	0.00000000E+0
2.02636719E-1	1.73427992E-8	1.73427992E-8	2.02636719E-1	0.00000000E+0	0.00000000E+0
2.00195312E-1	1.70827992E-8	1.70827992E-8	2.00195312E-1	0.00000000E+0	0.00000000E+0
1.97753906E-1	1.69629999E-8	1.69629999E-8	1.97753906E-1	0.00000000E+0	0.00000000E+0
1.95312500E-1	1.58723008E-8	1.58723008E-8	1.95312500E-1	0.00000000E+0	0.00000000E+0
1.92871094E-1	1.63768998E-8	1.63768998E-8	1.92871094E-1	0.00000000E+0	0.00000000E+0
1.90429687E-1	1.62443996E-8	1.62443996E-8	1.90429687E-1	0.00000000E+0	0.00000000E+0
1.87988281E-1	1.60863003E-8	1.60863003E-8	1.87988281E-1	0.00000000E+0	0.00000000E+0
1.85546875E-1	1.57473998E-8	1.57473998E-8	1.85546875E-1	0.00000000E+0	0.00000000E+0
1.83105469E-1	1.55816995E-8	1.55816995E-8	1.83105469E-1	0.00000000E+0	0.00000000E+0
1.80664062E-1	1.53371005E-8	1.53371005E-8	1.80664062E-1	0.00000000E+0	0.00000000E+0
1.78222656E-1	1.51638009E-8	1.51638009E-8	1.78222656E-1	0.00000000E+0	0.00000000E+0
1.75781250E-1	1.48707002E-8	1.48707002E-8	1.75781250E-1	0.00000000E+0	0.00000000E+0
1.73339844E-1	1.47253996E-8	1.47253996E-8	1.73339844E-1	0.00000000E+0	0.00000000E+0
1.70898437E-1	1.44617003E-8	1.44617003E-8	1.70898437E-1	0.00000000E+0	0.00000000E+0
1.68457031E-1	1.40717002E-8	1.40717002E-8	1.68457031E-1	0.00000000E+0	0.00000000E+0
1.66015625E-1	1.39710998E-8	1.39710998E-8	1.66015625E-1	0.00000000E+0	0.00000000E+0
1.63574219E-1	1.37849998E-8	1.37849998E-8	1.63574219E-1	0.00000000E+0	0.00000000E+0
1.61132812E-1	1.35122997E-8	1.35122997E-8	1.61132812E-1	0.00000000E+0	0.00000000E+0
1.58691406E-1	1.33339002E-8	1.33339002E-8	1.58691406E-1	0.00000000E+0	0.00000000E+0
1.56250000E-1	1.30815998E-8	1.30815998E-8	1.56250000E-1	0.00000000E+0	0.00000000E+0
1.53808594E-1	1.28056996E-8	1.28056996E-8	1.53808594E-1	0.00000000E+0	0.00000000E+0
1.51367187E-1	1.25795996E-8	1.25795996E-8	1.51367187E-1	0.00000000E+0	0.00000000E+0
1.48925781E-1	1.23654003E-8	1.23654003E-8	1.48925781E-1	0.00000000E+0	0.00000000E+0
1.46484375E-1	1.21893002E-8	1.21893002E-8	1.46484375E-1	0.00000000E+0	0.00000000E+0
1.44042969E-1	1.20052999E-8	1.20052999E-8	1.44042969E-1	0.00000000E+0	0.00000000E+0
1.41601562E-1	1.18264003E-8	1.18264003E-8	1.41601562E-1	0.00000000E+0	0.00000000E+0
1.39160156E-1	1.16252004E-8	1.16252004E-8	1.39160156E-1	0.00000000E+0	0.00000000E+0
1.36718750E-1	1.14979004E-8	1.14979004E-8	1.36718750E-1	0.00000000E+0	0.00000000E+0
1.34277344E-1	1.13139000E-8	1.13139000E-8	1.34277344E-1	0.00000000E+0	0.00000000E+0
1.31835937E-1	1.11917000E-8	1.11917000E-8	1.31835937E-1	0.00000000E+0	0.00000000E+0
1.29394531E-1	1.10452003E-8	1.10452003E-8	1.29394531E-1	0.00000000E+0	0.00000000E+0
1.26953125E-1	1.08606999E-8	1.08606999E-8	1.26953125E-1	0.00000000E+0	0.00000000E+0
1.24511719E-1	1.06945999E-8	1.06945999E-8	1.24511719E-1	0.00000000E+0	0.00000000E+0
1.22070312E-1	1.04996998E-8	1.04996998E-8	1.22070312E-1	0.00000000E+0	0.00000000E+0
1.19628906E-1	1.03264002E-8	1.03264002E-8	1.19628906E-1	0.00000000E+0	0.00000000E+0
1.17187500E-1	1.01288000E-8	1.01288000E-8	1.17187500E-1	0.00000000E+0	0.00000000E+0
1.14746094E-1	9.93842963E-9	9.93842963E-9	1.14746094E-1	0.00000000E+0	0.00000000E+0
1.12304687E-1	9.70212000E-9	9.70212000E-9	1.12304687E-1	0.00000000E+0	0.00000000E+0
1.09863281E-1	9.52559986E-9	9.52559986E-9	1.09863281E-1	0.00000000E+0	0.00000000E+0
1.07421875E-1	9.32237043E-9	9.32237043E-9	1.07421875E-1	0.00000000E+0	0.00000000E+0
1.04980469E-1	9.15710974E-9	9.15710974E-9	1.04980469E-1	0.00000000E+0	0.00000000E+0
1.02539062E-1	8.98805030E-9	8.98805030E-9	1.02539062E-1	0.00000000E+0	0.00000000E+0
1.00097656E-1	8.84833984E-9	8.84833984E-9	1.00097656E-1	0.00000000E+0	0.00000000E+0
9.76562500E-2	8.72990036E-9	8.72990036E-9	9.76562500E-2	0.00000000E+0	0.00000000E+0
9.52148438E-2	8.57349036E-9	8.57349036E-9	9.52148438E-2	0.00000000E+0	0.00000000E+0
9.27734375E-2	8.46986037E-9	8.46986037E-9	9.27734375E-2	0.00000000E+0	0.00000000E+0
9.03320313E-2	8.36925018E-9	8.36925018E-9	9.03320313E-2	0.00000000E+0	0.00000000E+0
8.78906250E-2	8.29257019E-9	8.29257019E-9	8.78906250E-2	0.00000000E+0	0.00000000E+0
8.54492188E-2	8.22613000E-9	8.22613000E-9	8.54492188E-2	0.00000000E+0	0.00000000E+0
8.30078125E-2	8.15628010E-9	8.15628010E-9	8.30078125E-2	0.00000000E+0	0.00000000E+0
8.05664063E-2	8.15021028E-9	8.15021028E-9	8.05664063E-2	0.00000000E+0	0.00000000E+0
7.81250000E-2	8.16755019E-9	8.16755019E-9	7.81250000E-2	0.00000000E+0	0.00000000E+0
7.56835938E-2	8.11516010E-9	8.11516010E-9	7.56835938E-2	0.00000000E+0	0.00000000E+0
7.32421875E-2	8.17754042E-9	8.17754042E-9	7.32421875E-2	0.00000000E+0	0.00000000E+0
7.08007813E-2	8.25650037E-9	8.25650037E-9	7.08007813E-2	0.00000000E+0	0.00000000E+0
6.83593750E-2	8.37532976E-9	8.37532976E-9	6.83593750E-2	0.00000000E+0	0.00000000E+0
6.59179688E-2	8.52489990E-9	8.52489990E-9	6.59179688E-2	0.00000000E+0	0.00000000E+0
6.34765625E-2	8.76103012E-9	8.76103012E-9	6.34765625E-2	0.00000000E+0	0.00000000E+0
6.10351563E-2	9.11763021E-9	9.11763021E-9	6.10351563E-2	0.00000000E+0	0.00000000E+0
5.85937500E-2	9.57849000E-9	9.57849000E-9	5.85937500E-2	0.00000000E+0	0.00000000E+0
5.61523438E-2	1.02301998E-8	1.02301998E-8	5.61523438E-2	0.00000000E+0	0.00000000E+0
5.37109375E-2	1.11325003E-8	1.11325003E-8	5.37109375E-2	0.00000000E+0	0.00000000E+0
5.12695313E-2	1.22412001E-8	1.22412001E-8	5.12695313E-2	0.00000000E+0	0.00000000E+0
4.88281250E-2	1.35939002E-8	1.35939002E-8	4.88281250E-2	0.00000000E+0	0.00000000E+0
4.63867188E-2	1.46031001E-8	1.46031001E-8	4.63867188E-2	0.00000000E+0	0.00000000E+0
4.39453125E-2	1.20508004E-8	1.20508004E-8	4.39453125E-2	0.00000000E+0	0.00000000E+0
4.15039063E-2	1.68382002E-8	1.68382002E-8	4.15039063E-2	0.00000000E+0	0.00000000E+0
3.90625000E-2	1.53064992E-8	1.53064992E-8	3.90625000E-2	0.00000000E+0	0.00000000E+0
3.66210938E-2	1.46514996E-8	1.46514996E-8	3.66210938E-2	0.00000000E+0	0.00000000E+0
3.41796875E-2	1.35709000E-8	1.35709000E-8	3.41796875E-2	0.00000000E+0	0.00000000E+0
3.17382813E-2	1.24776998E-8	1.24776998E-8	3.17382813E-2	0.00000000E+0	0.00000000E+0
2.92968750E-2	1.14356000E-8	1.14356000E-8	2.92968750E-2	0.00000000E+0	0.00000000E+0
2.68554688E-2	1.03949001E-8	1.03949001E-8	2.68554688E-2	0.00000000E+0	0.00000000E+0
2.44140625E-2	9.32237043E-9	9.32237043E-9	2.44140625E-2	0.00000000E+0	0.00000000E+0
2.19726563E-2	8.21474977E-9	8.21474977E-9	2.19726563E-2	0.00000000E+0	0.00000000E+0
1.95312500E-2	7.19317006E-9	7.19317006E-9	1.95312500E-2	0.00000000E+0	0.00000000E+0
1.70898438E-2	6.16704021E-9	6.16704021E-9	1.70898438E-2	0.00000000E+0	0.00000000E+0
1.46484375E-2	5.22366994E-9	5.22366994E-9	1.46484375E-2	0.00000000E+0	0.00000000E+0
1.22070313E-2	4.16146984E-9	4.16146984E-9	1.22070313E-2	0.00000000E+0	0.00000000E+0
9.76562500E-3	3.16342996E-9	3.16342996E-9	9.76562500E-3	0.00000000E+0	0.00000000E+0
7.32421875E-3	2.22119989E-9	2.22119989E-9	7.32421875E-3	0.00000000E+0	0.00000000E+0
4.88281250E-3	1.42664003E-9	1.42664003E-9	4.88281250E-3	0.00000000E+0	0.00000000E+0
2.44140625E-3	3.76532000E-10	3.76532000E-10	2.44140625E-3	0.00000000E+0	0.00000000E+0
0.00000000E+0	-2.84984009E-10	-2.84984009E-10	0.00000000E+0	0.00000000E+0	0.00000000E+0
-2.44140625E-3	-1.14141996E-9	-1.14141996E-9	-2.44140625E-3	0.00000000E+0	0.00000000E+0
-4.88281250E-3	-2.14412998E-9	-2.14412998E-9	-4.88281250E-3	0.00000000E+0	0.00000000E+0
-7.32421875E-3	-3.07498005E-9	-3.07498005E-9	-7.32421875E-3	0.00000000E+0	0.00000000E+0
-9.76562500E-3	-3.98760003E-9	-3.98760003E-9	-9.76562500E-3	0.00000000E+0	0.00000000E+0
-1.22070313E-2	-5.04903985E-9	-5.04903985E-9	-1.22070313E-2	0.00000000E+0	0.00000000E+0
-1.46484375E-2	-6.07326989E-9	-6.07326989E-9	-1.46484375E-2	0.00000000E+0	0.00000000E+0
-1.70898438E-2	-7.12560011E-9	-7.12560011E-9	-1.70898438E-2	0.00000000E+0	0.00000000E+0
-1.95312500E-2	-8.07315015E-9	-8.07315015E-9	-1.95312500E-2	0.00000000E+0	0.00000000E+0
-2.19726563E-2	-9.09547992E-9	-9.09547992E-9	-2.19726563E-2	0.00000000E+0	0.00000000E+0
-2.44140625E-2	-1.01171000E-8	-1.01171000E-8	-2.44140625E-2	0.00000000E+0	0.00000000E+0
-2.68554688E-2	-1.11940999E-8	-1.11940999E-8	-2.68554688E-2	0.00000000E+0	0.00000000E+0
-2.92968750E-2	-1.22807000E-8	-1.22807000E-8	-2.92968750E-2	0.00000000E+0	0.00000000E+0
-3.17382813E-2	-1.35020999E-8	-1.35020999E-8	-3.17382813E-2	0.00000000E+0	0.00000000E+0
-3.41796875E-2	-1.46146002E-8	-1.46146002E-8	-3.41796875E-2	0.00000000E+0	0.00000000E+0
-3.66210938E-2	-1.57193991E-8	-1.57193991E-8	-3.66210938E-2	0.00000000E+0	0.00000000E+0
-3.90625000E-2	-1.68050001E-8	-1.68050001E-8	-3.90625000E-2	0.00000000E+0	0.00000000E+0
-4.15039063E-2	-1.81200992E-8	-1.81200992E-8	-4.15039063E-2	0.00000000E+0	0.00000000E+0
-4.39453125E-2	-1.28668001E-8	-1.28668001E-8	-4.39453125E-2	0.00000000E+0	0.00000000E+0
-4.63867188E-2	-1.57779994E-8	-1.57779994E-8	-4.63867188E-2	0.00000000E+0	0.00000000E+0
-4.88281250E-2	-1.47151997E-8	-1.47151997E-8	-4.88281250E-2	0.00000000E+0	0.00000000E+0
-5.12695313E-2	-1.32064999E-8	-1.32064999E-8	-5.12695313E-2	0.00000000E+0	0.00000000E+0
-5.37109375E-2	-1.18890000E-8	-1.18890000E-8	-5.37109375E-2	0.00000000E+0	0.00000000E+0
-5.61523438E-2	-1.09605001E-8	-1.09605001E-8	-5.61523438E-2	0.00000000E+0	0.00000000E+0
-5.85937500E-2	-1.03422000E-8	-1.03422000E-8	-5.85937500E-2	0.00000000E+0	0.00000000E+0
-6.10351563E-2	-9.85131976E-9	-9.85131976E-9	-6.10351563E-2	0.00000000E+0	0.00000000E+0
-6.34765625E-2	-9.48574019E-9	-9.48574019E-9	-6.34765625E-2	0.00000000E+0	0.00000000E+0
-6.59179688E-2	-9.17141030E-9	-9.17141030E-9	-6.59179688E-2	0.00000000E+0	0.00000000E+0
-6.83593750E-2	-8.97968988E-9	-8.97968988E-9	-6.83593750E-2	0.00000000E+0	0.00000000E+0
-7.08007813E-2	-8.91478003E-9	-8.91478003E-9	-7.08007813E-2	0.00000000E+0	0.00000000E+0
-7.32421875E-2	-8.81189965E-9	-8.81189965E-9	-7.32421875E-2	0.00000000E+0	0.00000000E+0
-7.56835938E-2	-8.70825989E-9	-8.70825989E-9	-7.56835938E-2	0.00000000E+0	0.00000000E+0
-7.81250000E-2	-8.63196004E-9	-8.63196004E-9	-7.81250000E-2	0.00000000E+0	0.00000000E+0
-8.05664063E-2	-8.69003980E-9	-8.69003980E-9	-8.05664063E-2	0.00000000E+0	0.00000000E+0
-8.30078125E-2	-8.65018013E-9	-8.65018013E-9	-8.30078125E-2	0.00000000E+0	0.00000000E+0
-8.54492188E-2	-8.72647998E-9	-8.72647998E-9	-8.54492188E-2	0.00000000E+0	0.00000000E+0
-8.78906250E-2	-8.82973961E-9	-8.82973961E-9	-8.78906250E-2	0.00000000E+0	0.00000000E+0
-9.03320313E-2	-8.96678998E-9	-8.96678998E-9	-9.03320313E-2	0.00000000E+0	0.00000000E+0
-9.27734375E-2	-9.08725983E-9	-9.08725983E-9	-9.27734375E-2	0.00000000E+0	0.00000000E+0
-9.52148438E-2	-9.22910992E-9	-9.22910992E-9	-9.52148438E-2	0.00000000E+0	0.00000000E+0
-9.76562500E-2	-9.40563982E-9	-9.40563982E-9	-9.76562500E-2	0.00000000E+0	0.00000000E+0
-1.00097656E-1	-9.59506963E-9	-9.59506963E-9	-1.00097656E-1	0.00000000E+0	0.00000000E+0
-1.02539062E-1	-9.79664971E-9	-9.79664971E-9	-1.02539062E-1	0.00000000E+0	0.00000000E+0
-1.04980469E-1	-1.00057003E-8	-1.00057003E-8	-1.04980469E-1	0.00000000E+0	0.00000000E+0
-1.07421875E-1	-1.02496998E-8	-1.02496998E-8	-1.07421875E-1	0.00000000E+0	0.00000000E+0
-1.09863281E-1	-1.05003002E-8	-1.05003002E-8	-1.09863281E-1	0.00000000E+0	0.00000000E+0
-1.12304687E-1	-1.07449996E-8	-1.07449996E-8	-1.12304687E-1	0.00000000E+0	0.00000000E+0
-1.14746094E-1	-1.09866001E-8	-1.09866001E-8	-1.14746094E-1	0.00000000E+0	0.00000000E+0
-1.17187500E-1	-1.11940999E-8	-1.11940999E-8	-1.17187500E-1	0.00000000E+0	0.00000000E+0
-1.19628906E-1	-1.14713998E-8	-1.14713998E-8	-1.19628906E-1	0.00000000E+0	0.00000000E+0
-1.22070312E-1	-1.16864003E-8	-1.16864003E-8	-1.22070312E-1	0.00000000E+0	0.00000000E+0
-1.24511719E-1	-1.21154002E-8	-1.21154002E-8	-1.24511719E-1	0.00000000E+0	0.00000000E+0
-1.26953125E-1	-1.24752999E-8	-1.24752999E-8	-1.26953125E-1	0.00000000E+0	0.00000000E+0
-1.29394531E-1	-1.27315003E-8	-1.27315003E-8	-1.29394531E-1	0.00000000E+0	0.00000000E+0
-1.31835937E-1	-1.29681004E-8	-1.29681004E-8	-1.31835937E-1	0.00000000E+0	0.00000000E+0
-1.34277344E-1	-1.32575000E-8	-1.32575000E-8	-1.34277344E-1	0.00000000E+0	0.00000000E+0
-1.36718750E-1	-1.35251002E-8	-1.35251002E-8	-1.36718750E-1	0.00000000E+0	0.00000000E+0
-1.39160156E-1	-1.37341001E-8	-1.37341001E-8	-1.39160156E-1	0.00000000E+0	0.00000000E+0
-1.41601562E-1	-1.39990997E-8	-1.39990997E-8	-1.41601562E-1	0.00000000E+0	0.00000000E+0
-1.44042969E-1	-1.42258996E-8	-1.42258996E-8	-1.44042969E-1	0.00000000E+0	0.00000000E+0
-1.46484375E-1	-1.44807997E-8	-1.44807997E-8	-1.46484375E-1	0.00000000E+0	0.00000000E+0
-1.48925781E-1	-1.46948000E-8	-1.46948000E-8	-1.48925781E-1	0.00000000E+0	0.00000000E+0
-1.51367187E-1	-1.49700998E-8	-1.49700998E-8	-1.51367187E-1	0.00000000E+0	0.00000000E+0
-1.53808594E-1	-1.51765001E-8	-1.51765001E-8	-1.53808594E-1	0.00000000E+0	0.00000000E+0
-1.56250000E-1	-1.54389994E-8	-1.54389994E-8	-1.56250000E-1	0.00000000E+0	0.00000000E+0
-1.58691406E-1	-1.56429003E-8	-1.56429003E-8	-1.58691406E-1	0.00000000E+0	0.00000000E+0
-1.61132812E-1	-1.59232005E-8	-1.59232005E-8	-1.61132812E-1	0.00000000E+0	0.00000000E+0
-1.63574219E-1	-1.61551998E-8	-1.61551998E-8	-1.63574219E-1	0.00000000E+0	0.00000000E+0
-1.66015625E-1	-1.65195999E-8	-1.65195999E-8	-1.66015625E-1	0.00000000E+0	0.00000000E+0
-1.68457031E-1	-1.67056005E-8	-1.67056005E-8	-1.68457031E-1	0.00000000E+0	0.00000000E+0
-1.70898437E-1	-1.70446004E-8	-1.70446004E-8	-1.70898437E-1	0.00000000E+0	0.00000000E+0
-1.73339844E-1	-1.72484995E-8	-1.72484995E-8	-1.73339844E-1	0.00000000E+0	0.00000000E+0
-1.75781250E-1	-1.75389996E-8	-1.75389996E-8	-1.75781250E-1	0.00000000E+0	0.00000000E+0
-1.78222656E-1	-1.77046999E-8	-1.77046999E-8	-1.78222656E-1	0.00000000E+0	0.00000000E+0
-1.80664062E-1	-1.79773991E-8	-1.79773991E-8	-1.80664062E-1	0.00000000E+0	0.00000000E+0
-1.83105469E-1	-1.83341999E-8	-1.83341999E-8	-1.83105469E-1	0.00000000E+0	0.00000000E+0
-1.85546875E-1	-1.87317006E-8	-1.87317006E-8	-1.85546875E-1	0.00000000E+0	0.00000000E+0
-1.87988281E-1	-1.88388007E-8	-1.88388007E-8	-1.87988281E-1	0.00000000E+0	0.00000000E+0
-1.90429687E-1	-1.91904999E-8	-1.91904999E-8	-1.90429687E-1	0.00000000E+0	0.00000000E+0
-1.92871094E-1	-1.93739993E-8	-1.93739993E-8	-1.92871094E-1	0.00000000E+0	0.00000000E+0
-1.95312500E-1	-1.92999998E-8	-1.92999998E-8	-1.95312500E-1	0.00000000E+0	0.00000000E+0
-1.97753906E-1	-1.98531005E-8	-1.98531005E-8	-1.97753906E-1	0.00000000E+0	0.00000000E+0
-2.00195312E-1	-2.01996997E-8	-2.01996997E-8	-2.00195312E-1	0.00000000E+0	0.00000000E+0
-2.02636719E-1	-2.03678994E-8	-2.03678994E-8	-2.02636719E-1	0.00000000E+0	0.00000000E+0
-2.05078125E-1	-2.06992006E-8	-2.06992006E-8	-2.05078125E-1	0.00000000E+0	0.00000000E+0
-2.07519531E-1	-2.08928999E-8	-2.08928999E-8	-2.07519531E-1	0.00000000E+0	0.00000000E+0
-2.09960937E-1	-2.11884998E-8	-2.11884998E-8	-2.09960937E-1	0.00000000E+0	0.00000000E+0
-2.12402344E-1	-2.15759002E-8	-2.15759002E-8	-2.12402344E-1	0.00000000E+0	0.00000000E+0
-2.14843750E-1	-2.17288001E-8	-2.17288001E-8	-2.14843750E-1	0.00000000E+0	0.00000000E+0
-2.17285156E-1	-2.19314007E-8	-2.19314007E-8	-2.17285156E-1	0.00000000E+0	0.00000000E+0
-2.19726562E-1	-2.21569998E-8	-2.21569998E-8	-2.19726562E-1	0.00000000E+0	0.00000000E+0
-2.22167969E-1	-2.24322001E-8	-2.24322001E-8	-2.22167969E-1	0.00000000E+0	0.00000000E+0
-2.24609375E-1	-2.26463008E-8	-2.26463008E-8	-2.24609375E-1	0.00000000E+0	0.00000000E+0
-2.27050781E-1	-2.28908998E-8	-2.28908998E-8	-2.27050781E-1	0.00000000E+0	0.00000000E+0
-2.29492187E-1	-2.31356001E-8	-2.31356001E-8	-2.29492187E-1	0.00000000E+0	0.00000000E+0
-2.31933594E-1	-2.34108004E-8	-2.34108004E-8	-2.31933594E-1	0.00000000E+0	0.00000000E+0
-2.34375000E-1	-2.36173001E-8	-2.36173001E-8	-2.34375000E-1	0.00000000E+0	0.00000000E+0
-2.36816406E-1	-2.39115998E-8	-2.39115998E-8	-2.36816406E-1	0.00000000E+0	0.00000000E+0
-2.39257812E-1	-2.40644997E-8	-2.40644997E-8	-2.39257812E-1	0.00000000E+0	0.00000000E+0
-2.41699219E-1	-2.42060008E-8	-2.42060008E-8	-2.41699219E-1	0.00000000E+0	0.00000000E+0
-2.44140625E-1	-2.45233007E-8	-2.45233007E-8	-2.44140625E-1	0.00000000E+0	0.00000000E+0
-2.46582031E-1	-2.48481999E-8	-2.48481999E-8	-2.46582031E-1	0.00000000E+0	0.00000000E+0
-2.49023437E-1	-2.50431995E-8	-2.50431995E-8	-2.49023437E-1	0.00000000E+0	0.00000000E+0
-2.51464844E-1	-2.52686991E-8	-2.52686991E-8	-2.51464844E-1	0.00000000E+0	0.00000000E+0
-2.53906250E-1	-2.54522003E-8	-2.54522003E-8	-2.53906250E-1	0.00000000E+0	0.00000000E+0
-2.56347656E-1	-2.57770996E-8	-2.57770996E-8	-2.56347656E-1	0.00000000E+0	0.00000000E+0
-2.58789062E-1	-2.59797996E-8	-2.59797996E-8	-2.58789062E-1	0.00000000E+0	0.00000000E+0
-2.61230469E-1	-2.61326996E-8	-2.61326996E-8	-2.61230469E-1	0.00000000E+0	0.00000000E+0
-2.63671875E-1	-2.64078999E-8	-2.64078999E-8	-2.63671875E-1	0.00000000E+0	0.00000000E+0
-2.66113281E-1	-2.60715005E-8	-2.60715005E-8	-2.66113281E-1	0.00000000E+0	0.00000000E+0
-2.68554687E-1	-2.68360996E-8	-2.68360996E-8	-2.68554687E-1	0.00000000E+0	0.00000000E+0
-2.70996094E-1	-2.70807003E-8	-2.70807003E-8	-2.70996094E-1	0.00000000E+0	0.00000000E+0
-2.73437500E-1	-2.73482996E-8	-2.73482996E-8	-2.73437500E-1	0.00000000E+0	0.00000000E+0
-2.75878906E-1	-2.72872001E-8	-2.72872001E-8	-2.75878906E-1	0.00000000E+0	0.00000000E+0
-2.78320312E-1	-2.76618000E-8	-2.76618000E-8	-2.78320312E-1	0.00000000E+0	0.00000000E+0
-2.80761719E-1	-2.79370003E-8	-2.79370003E-8	-2.80761719E-1	0.00000000E+0	0.00000000E+0
-2.83203125E-1	-2.81817005E-8	-2.81817005E-8	-2.83203125E-1	0.00000000E+0	0.00000000E+0
-2.85644531E-1	-2.84492998E-8	-2.84492998E-8	-2.85644531E-1	0.00000000E+0	0.00000000E+0
-2.88085937E-1	-2.86251005E-8	-2.86251005E-8	-2.88085937E-1	0.00000000E+0	0.00000000E+0
-2.90527344E-1	-2.88010007E-8	-2.88010007E-8	-2.90527344E-1	0.00000000E+0	0.00000000E+0
-2.92968750E-1	-2.90608995E-8	-2.90608995E-8	-2.92968750E-1	0.00000000E+0	0.00000000E+0
-2.95410156E-1	-2.92940996E-8	-2.92940996E-8	-2.95410156E-1	0.00000000E+0	0.00000000E+0
-2.97851562E-1	-2.94049993E-8	-2.94049993E-8	-2.97851562E-1	0.00000000E+0	0.00000000E+0
-3.00292969E-1	-2.96726004E-8	-2.96726004E-8	-3.00292969E-1	0.00000000E+0	0.00000000E+0
-3.02734375E-1	-2.99325009E-8	-2.99325009E-8	-3.02734375E-1	0.00000000E+0	0.00000000E+0
-3.05175781E-1	-3.01083993E-8	-3.01083993E-8	-3.05175781E-1	0.00000000E+0	0.00000000E+0
-3.07617187E-1	-3.02994998E-8	-3.02994998E-8	-3.07617187E-1	0.00000000E+0	0.00000000E+0
-3.10058594E-1	-3.05060013E-8	-3.05060013E-8	-3.10058594E-1	0.00000000E+0	0.00000000E+0
-3.12500000E-1	-3.07505985E-8	-3.07505985E-8	-3.12500000E-1	0.00000000E+0	0.00000000E+0
-3.14941406E-1	-3.10296997E-8	-3.10296997E-8	-3.14941406E-1	0.00000000E+0	0.00000000E+0
-3.17382812E-1	-3.03760004E-8	-3.03760004E-8	-3.17382812E-1	0.00000000E+0	0.00000000E+0
-3.19824219E-1	-3.13469997E-8	-3.13469997E-8	-3.19824219E-1	0.00000000E+0	0.00000000E+0
-3.22265625E-1	-3.16298987E-8	-3.16298987E-8	-3.22265625E-1	0.00000000E+0	0.00000000E+0
-3.24707031E-1	-3.18133999E-8	-3.18133999E-8	-3.24707031E-1	0.00000000E+0	0.00000000E+0
-3.27148437E-1	-3.16909983E-8	-3.16909983E-8	-3.27148437E-1	0.00000000E+0	0.00000000E+0
-3.29589844E-1	-3.22414984E-8	-3.22414984E-8	-3.29589844E-1	0.00000000E+0	0.00000000E+0
-3.32031250E-1	-3.24861986E-8	-3.24861986E-8	-3.32031250E-1	0.00000000E+0	0.00000000E+0
-3.34472656E-1	-3.26276002E-8	-3.26276002E-8	-3.34472656E-1	0.00000000E+0	0.00000000E+0
-3.36914062E-1	-3.28913998E-8	-3.28913998E-8	-3.36914062E-1	0.00000000E+0	0.00000000E+0
-3.39355469E-1	-3.29219993E-8	-3.29219993E-8	-3.39355469E-1	0.00000000E+0	0.00000000E+0
-3.41796875E-1	-3.31971997E-8	-3.31971997E-8	-3.41796875E-1	0.00000000E+0	0.00000000E+0
-3.44238281E-1	-3.34418999E-8	-3.34418999E-8	-3.44238281E-1	0.00000000E+0	0.00000000E+0
-3.46679687E-1	-3.33731016E-8	-3.33731016E-8	-3.46679687E-1	0.00000000E+0	0.00000000E+0
-3.49121094E-1	-3.36254011E-8	-3.36254011E-8	-3.49121094E-1	0.00000000E+0	0.00000000E+0
-3.51562500E-1	-3.39923005E-8	-3.39923005E-8	-3.51562500E-1	0.00000000E+0	0.00000000E+0
-3.54003906E-1	-3.39312010E-8	-3.39312010E-8	-3.54003906E-1	0.00000000E+0	0.00000000E+0
-3.56445312E-1	-3.42522988E-8	-3.42522988E-8	-3.56445312E-1	0.00000000E+0	0.00000000E+0
-3.58886719E-1	-3.44281013E-8	-3.44281013E-8	-3.58886719E-1	0.00000000E+0	0.00000000E+0
-3.61328125E-1	-3.47569014E-8	-3.47569014E-8	-3.61328125E-1	0.00000000E+0	0.00000000E+0
-3.63769531E-1	-3.49403990E-8	-3.49403990E-8	-3.63769531E-1	0.00000000E+0	0.00000000E+0
-3.66210937E-1	-3.51544998E-8	-3.51544998E-8	-3.66210937E-1	0.00000000E+0	0.00000000E+0
-3.68652344E-1	-3.54487995E-8	-3.54487995E-8	-3.68652344E-1	0.00000000E+0	0.00000000E+0
-3.71093750E-1	-3.54297001E-8	-3.54297001E-8	-3.71093750E-1	0.00000000E+0	0.00000000E+0
-3.73535156E-1	-3.54487995E-8	-3.54487995E-8	-3.73535156E-1	0.00000000E+0	0.00000000E+0
-3.75976562E-1	-3.57049998E-8	-3.57049998E-8	-3.75976562E-1	0.00000000E+0	0.00000000E+0
-3.78417969E-1	-3.62784007E-8	-3.62784007E-8	-3.78417969E-1	0.00000000E+0	0.00000000E+0
-3.80859375E-1	-3.61408006E-8	-3.61408006E-8	-3.80859375E-1	0.00000000E+0	0.00000000E+0
-3.83300781E-1	-3.63854014E-8	-3.63854014E-8	-3.83300781E-1	0.00000000E+0	0.00000000E+0
-3.85742187E-1	-3.68135993E-8	-3.68135993E-8	-3.85742187E-1	0.00000000E+0	0.00000000E+0
-3.88183594E-1	-3.69052984E-8	-3.69052984E-8	-3.88183594E-1	0.00000000E+0	0.00000000E+0
-3.90625000E-1	-3.70887996E-8	-3.70887996E-8	-3.90625000E-1	0.00000000E+0	0.00000000E+0
-3.93066406E-1	-3.73640994E-8	-3.73640994E-8	-3.93066406E-1	0.00000000E+0	0.00000000E+0
-3.95507812E-1	-3.65994985E-8	-3.65994985E-8	-3.95507812E-1	0.00000000E+0	0.00000000E+0
-3.97949219E-1	-3.69052984E-8	-3.69052984E-8	-3.97949219E-1	0.00000000E+0	0.00000000E+0
-4.00390625E-1	-3.78380989E-8	-3.78380989E-8	-4.00390625E-1	0.00000000E+0	0.00000000E+0
-4.02832031E-1	-3.79450995E-8	-3.79450995E-8	-4.02832031E-1	0.00000000E+0	0.00000000E+0
-4.05273437E-1	-3.80369016E-8	-3.80369016E-8	-4.05273437E-1	0.00000000E+0	0.00000000E+0
-4.07714844E-1	-3.84765002E-8	-3.84765002E-8	-4.07714844E-1	0.00000000E+0	0.00000000E+0
-4.10156250E-1	-3.84039005E-8	-3.84039005E-8	-4.10156250E-1	0.00000000E+0	0.00000000E+0
-4.12597656E-1	-3.82433001E-8	-3.82433001E-8	-4.12597656E-1	0.00000000E+0	0.00000000E+0
-4.15039062E-1	-3.90384010E-8	-3.90384010E-8	-4.15039062E-1	0.00000000E+0	0.00000000E+0
-4.17480469E-1	-3.85013017E-8	-3.85013017E-8	-4.17480469E-1	0.00000000E+0	0.00000000E+0
-4.19921875E-1	-3.91607990E-8	-3.91607990E-8	-4.19921875E-1	0.00000000E+0	0.00000000E+0
-4.22363281E-1	-3.95564008E-8	-3.95564008E-8	-4.22363281E-1	0.00000000E+0	0.00000000E+0
-4.24804687E-1	-3.96576993E-8	-3.96576993E-8	-4.24804687E-1	0.00000000E+0	0.00000000E+0
-4.27246094E-1	-3.97495015E-8	-3.97495015E-8	-4.27246094E-1	0.00000000E+0	0.00000000E+0
-4.29687500E-1	-3.98107005E-8	-3.98107005E-8	-4.29687500E-1	0.00000000E+0	0.00000000E+0
-4.32128906E-1	-4.03000016E-8	-4.03000016E-8	-4.32128906E-1	0.00000000E+0	0.00000000E+0
-4.34570312E-1	-4.04452010E-8	-4.04452010E-8	-4.34570312E-1	0.00000000E+0	0.00000000E+0
-4.37011719E-1	-4.04834992E-8	-4.04834992E-8	-4.37011719E-1	0.00000000E+0	0.00000000E+0
-4.39453125E-1	-4.07281000E-8	-4.07281000E-8	-4.39453125E-1	0.00000000E+0	0.00000000E+0
-4.41894531E-1	-4.07892990E-8	-4.07892990E-8	-4.41894531E-1	0.00000000E+0	0.00000000E+0
-4.44335937E-1	-4.11256984E-8	-4.11256984E-8	-4.44335937E-1	0.00000000E+0	0.00000000E+0
-4.46777344E-1	-4.07032985E-8	-4.07032985E-8	-4.46777344E-1	0.00000000E+0	0.00000000E+0
-4.49218750E-1	-4.13703987E-8	-4.13703987E-8	-4.49218750E-1	0.00000000E+0	0.00000000E+0
-4.51660156E-1	-4.15308996E-8	-4.15308996E-8	-4.51660156E-1	0.00000000E+0	0.00000000E+0
-4.54101562E-1	-4.16455990E-8	-4.16455990E-8	-4.54101562E-1	0.00000000E+0	0.00000000E+0
-4.56542969E-1	-4.18366994E-8	-4.18366994E-8	-4.56542969E-1	0.00000000E+0	0.00000000E+0
-4.58984375E-1	-4.14314982E-8	-4.14314982E-8	-4.58984375E-1	0.00000000E+0	0.00000000E+0
-4.61425781E-1	-4.21043005E-8	-4.21043005E-8	-4.61425781E-1	0.00000000E+0	0.00000000E+0
-4.63867187E-1	-4.22878017E-8	-4.22878017E-8	-4.63867187E-1	0.00000000E+0	0.00000000E+0
-4.66308594E-1	-4.22649009E-8	-4.22649009E-8	-4.66308594E-1	0.00000000E+0	0.00000000E+0
-4.68750000E-1	-4.22266986E-8	-4.22266986E-8	-4.68750000E-1	0.00000000E+0	0.00000000E+0
-4.71191406E-1	-4.21712016E-8	-4.21712016E-8	-4.71191406E-1	0.00000000E+0	0.00000000E+0
-4.73632812E-1	-4.28689013E-8	-4.28689013E-8	-4.73632812E-1	0.00000000E+0	0.00000000E+0
-4.76074219E-1	-4.30829985E-8	-4.30829985E-8	-4.76074219E-1	0.00000000E+0	0.00000000E+0
-4.78515625E-1	-4.28689013E-8	-4.28689013E-8	-4.78515625E-1	0.00000000E+0	0.00000000E+0
-4.80957031E-1	-4.24101998E-8	-4.24101998E-8	-4.80957031E-1	0.00000000E+0	0.00000000E+0
-4.83398437E-1	-4.31747011E-8	-4.31747011E-8	-4.83398437E-1	0.00000000E+0	0.00000000E+0
-4.85839844E-1	-4.33887983E-8	-4.33887983E-8	-4.85839844E-1	0.00000000E+0	0.00000000E+0
-4.88281250E-1	-4.37768009E-8	-4.37768009E-8	-4.88281250E-1	0.00000000E+0	0.00000000E+0
-4.90722656E-1	-4.37023004E-8	-4.37023004E-8	-4.90722656E-1	0.00000000E+0	0.00000000E+0
-4.93164062E-1	-4.38093011E-8	-4.38093011E-8	-4.93164062E-1	0.00000000E+0	0.00000000E+0
-4.90722656E-1	-4.36257999E-8	-4.36257999E-8	-4.90722656E-1	0.00000000E+0	0.00000000E+0
-4.88281250E-1	-4.36104983E-8	-4.36104983E-8	-4.88281250E-1	0.00000000E+0	0.00000000E+0
-4.85839844E-1	-4.28917986E-8	-4.28917986E-8	-4.85839844E-1	0.00000000E+0	0.00000000E+0
-4.83398437E-1	-4.30523990E-8	-4.30523990E-8	-4.83398437E-1	0.00000000E+0	0.00000000E+0
-4.80957031E-1	-4.32053007E-8	-4.32053007E-8	-4.80957031E-1	0.00000000E+0	0.00000000E+0
-4.78515625E-1	-4.30829985E-8	-4.30829985E-8	-4.78515625E-1	0.00000000E+0	0.00000000E+0
-4.76074219E-1	-4.24712994E-8	-4.24712994E-8	-4.76074219E-1	0.00000000E+0	0.00000000E+0
-4.73632812E-1	-4.25324984E-8	-4.25324984E-8	-4.73632812E-1	0.00000000E+0	0.00000000E+0
-4.71191406E-1	-4.25096012E-8	-4.25096012E-8	-4.71191406E-1	0.00000000E+0	0.00000000E+0
-4.68750000E-1	-4.25324984E-8	-4.25324984E-8	-4.68750000E-1	0.00000000E+0	0.00000000E+0
-4.66308594E-1	-4.22878017E-8	-4.22878017E-8	-4.66308594E-1	0.00000000E+0	0.00000000E+0
-4.63867187E-1	-4.20432009E-8	-4.20432009E-8	-4.63867187E-1	0.00000000E+0	0.00000000E+0
-4.61425781E-1	-4.20928998E-8	-4.20928998E-8	-4.61425781E-1	0.00000000E+0	0.00000000E+0
-4.58984375E-1	-4.19591011E-8	-4.19591011E-8	-4.58984375E-1	0.00000000E+0	0.00000000E+0
-4.56542969E-1	-4.15308996E-8	-4.15308996E-8	-4.56542969E-1	0.00000000E+0	0.00000000E+0
-4.54101562E-1	-4.15843999E-8	-4.15843999E-8	-4.54101562E-1	0.00000000E+0	0.00000000E+0
-4.51660156E-1	-4.14927008E-8	-4.14927008E-8	-4.51660156E-1	0.00000000E+0	0.00000000E+0
-4.49218750E-1	-4.10798009E-8	-4.10798009E-8	-4.49218750E-1	0.00000000E+0	0.00000000E+0
-4.46777344E-1	-4.04834992E-8	-4.04834992E-8	-4.46777344E-1	0.00000000E+0	0.00000000E+0
-4.44335937E-1	-4.10033998E-8	-4.10033998E-8	-4.44335937E-1	0.00000000E+0	0.00000000E+0
-4.41894531E-1	-4.03917007E-8	-4.03917007E-8	-4.41894531E-1	0.00000000E+0	0.00000000E+0
-4.39453125E-1	-4.04834992E-8	-4.04834992E-8	-4.39453125E-1	0.00000000E+0	0.00000000E+0
-4.37011719E-1	-3.90231989E-8	-3.90231989E-8	-4.37011719E-1	0.00000000E+0	0.00000000E+0
-4.34570312E-1	-3.96576993E-8	-3.96576993E-8	-4.34570312E-1	0.00000000E+0	0.00000000E+0
-4.32128906E-1	-3.95564008E-8	-3.95564008E-8	-4.32128906E-1	0.00000000E+0	0.00000000E+0
-4.29687500E-1	-4.00247018E-8	-4.00247018E-8	-4.29687500E-1	0.00000000E+0	0.00000000E+0
-4.27246094E-1	-3.98564985E-8	-3.98564985E-8	-4.27246094E-1	0.00000000E+0	0.00000000E+0
-4.24804687E-1	-3.96576993E-8	-3.96576993E-8	-4.24804687E-1	0.00000000E+0	0.00000000E+0
-4.22363281E-1	-3.94665989E-8	-3.94665989E-8	-4.22363281E-1	0.00000000E+0	0.00000000E+0
-4.19921875E-1	-3.93137007E-8	-3.93137007E-8	-4.19921875E-1	0.00000000E+0	0.00000000E+0
-4.17480469E-1	-3.82814989E-8	-3.82814989E-8	-4.17480469E-1	0.00000000E+0	0.00000000E+0
-4.15039062E-1	-3.90880999E-8	-3.90880999E-8	-4.15039062E-1	0.00000000E+0	0.00000000E+0
-4.12597656E-1	-3.88013994E-8	-3.88013994E-8	-4.12597656E-1	0.00000000E+0	0.00000000E+0
-4.10156250E-1	-3.86791008E-8	-3.86791008E-8	-4.10156250E-1	0.00000000E+0	0.00000000E+0
-4.07714844E-1	-3.84555001E-8	-3.84555001E-8	-4.07714844E-1	0.00000000E+0	0.00000000E+0
-4.05273437E-1	-3.76392997E-8	-3.76392997E-8	-4.05273437E-1	0.00000000E+0	0.00000000E+0
-4.02832031E-1	-3.79450995E-8	-3.79450995E-8	-4.02832031E-1	0.00000000E+0	0.00000000E+0
-4.00390625E-1	-3.79450995E-8	-3.79450995E-8	-4.00390625E-1	0.00000000E+0	0.00000000E+0
-3.97949219E-1	-3.72111018E-8	-3.72111018E-8	-3.97949219E-1	0.00000000E+0	0.00000000E+0
-3.95507812E-1	-3.71806017E-8	-3.71806017E-8	-3.95507812E-1	0.00000000E+0	0.00000000E+0
-3.93066406E-1	-3.73640994E-8	-3.73640994E-8	-3.93066406E-1	0.00000000E+0	0.00000000E+0
-3.90625000E-1	-3.69359014E-8	-3.69359014E-8	-3.90625000E-1	0.00000000E+0	0.00000000E+0
-3.88183594E-1	-3.69971005E-8	-3.69971005E-8	-3.88183594E-1	0.00000000E+0	0.00000000E+0
-3.85742187E-1	-3.67218007E-8	-3.67218007E-8	-3.85742187E-1	0.00000000E+0	0.00000000E+0
-3.83300781E-1	-3.57966989E-8	-3.57966989E-8	-3.83300781E-1	0.00000000E+0	0.00000000E+0
-3.80859375E-1	-3.59878989E-8	-3.59878989E-8	-3.80859375E-1	0.00000000E+0	0.00000000E+0
-3.78417969E-1	-3.61637014E-8	-3.61637014E-8	-3.78417969E-1	0.00000000E+0	0.00000000E+0
-3.75976562E-1	-3.57738017E-8	-3.57738017E-8	-3.75976562E-1	0.00000000E+0	0.00000000E+0
-3.73535156E-1	-3.57431986E-8	-3.57431986E-8	-3.73535156E-1	0.00000000E+0	0.00000000E+0
-3.71093750E-1	-3.55291014E-8	-3.55291014E-8	-3.71093750E-1	0.00000000E+0	0.00000000E+0
-3.68652344E-1	-3.54297001E-8	-3.54297001E-8	-3.68652344E-1	0.00000000E+0	0.00000000E+0
-3.66210937E-1	-3.51544998E-8	-3.51544998E-8	-3.66210937E-1	0.00000000E+0	0.00000000E+0
-3.63769531E-1	-3.49709985E-8	-3.49709985E-8	-3.63769531E-1	0.00000000E+0	0.00000000E+0
-3.61328125E-1	-3.48792000E-8	-3.48792000E-8	-3.61328125E-1	0.00000000E+0	0.00000000E+0
-3.58886719E-1	-3.46536986E-8	-3.46536986E-8	-3.58886719E-1	0.00000000E+0	0.00000000E+0
-3.56445312E-1	-3.42370008E-8	-3.42370008E-8	-3.56445312E-1	0.00000000E+0	0.00000000E+0
-3.54003906E-1	-3.42064013E-8	-3.42064013E-8	-3.54003906E-1	0.00000000E+0	0.00000000E+0
-3.51562500E-1	-3.40840991E-8	-3.40840991E-8	-3.51562500E-1	0.00000000E+0	0.00000000E+0
-3.49121094E-1	-3.38088988E-8	-3.38088988E-8	-3.49121094E-1	0.00000000E+0	0.00000000E+0
-3.46679687E-1	-3.34418999E-8	-3.34418999E-8	-3.46679687E-1	0.00000000E+0	0.00000000E+0
-3.44238281E-1	-3.28913998E-8	-3.28913998E-8	-3.44238281E-1	0.00000000E+0	0.00000000E+0
-3.41796875E-1	-3.29754997E-8	-3.29754997E-8	-3.41796875E-1	0.00000000E+0	0.00000000E+0
-3.39355469E-1	-3.30443015E-8	-3.30443015E-8	-3.39355469E-1	0.00000000E+0	0.00000000E+0
-3.36914062E-1	-3.23753007E-8	-3.23753007E-8	-3.36914062E-1	0.00000000E+0	0.00000000E+0
-3.34472656E-1	-3.18515987E-8	-3.18515987E-8	-3.34472656E-1	0.00000000E+0	0.00000000E+0
-3.32031250E-1	-3.21727001E-8	-3.21727001E-8	-3.32031250E-1	0.00000000E+0	0.00000000E+0
-3.29589844E-1	-3.21880016E-8	-3.21880016E-8	-3.29589844E-1	0.00000000E+0	0.00000000E+0
-3.27148437E-1	-3.19968017E-8	-3.19968017E-8	-3.27148437E-1	0.00000000E+0	0.00000000E+0
-3.24707031E-1	-3.17522009E-8	-3.17522009E-8	-3.24707031E-1	0.00000000E+0	0.00000000E+0
-3.22265625E-1	-3.16298987E-8	-3.16298987E-8	-3.22265625E-1	0.00000000E+0	0.00000000E+0
-3.19824219E-1	-3.10487991E-8	-3.10487991E-8	-3.19824219E-1	0.00000000E+0	0.00000000E+0
-3.17382812E-1	-3.11328989E-8	-3.11328989E-8	-3.17382812E-1	0.00000000E+0	0.00000000E+0
-3.14941406E-1	-3.04676995E-8	-3.04676995E-8	-3.14941406E-1	0.00000000E+0	0.00000000E+0
-3.12500000E-1	-3.06664987E-8	-3.06664987E-8	-3.12500000E-1	0.00000000E+0	0.00000000E+0
-3.10058594E-1	-3.03606988E-8	-3.03606988E-8	-3.10058594E-1	0.00000000E+0	0.00000000E+0
-3.07617187E-1	-3.02000984E-8	-3.02000984E-8	-3.07617187E-1	0.00000000E+0	0.00000000E+0
-3.05175781E-1	-2.99975014E-8	-2.99975014E-8	-3.05175781E-1	0.00000000E+0	0.00000000E+0
-3.02734375E-1	-2.94890992E-8	-2.94890992E-8	-3.02734375E-1	0.00000000E+0	0.00000000E+0
-3.00292969E-1	-2.93055997E-8	-2.93055997E-8	-3.00292969E-1	0.00000000E+0	0.00000000E+0
-2.97851562E-1	-2.93668005E-8	-2.93668005E-8	-2.97851562E-1	0.00000000E+0	0.00000000E+0
-2.95410156E-1	-2.90608995E-8	-2.90608995E-8	-2.95410156E-1	0.00000000E+0	0.00000000E+0
-2.92968750E-1	-2.88851005E-8	-2.88851005E-8	-2.92968750E-1	0.00000000E+0	0.00000000E+0
-2.90527344E-1	-2.86251005E-8	-2.86251005E-8	-2.90527344E-1	0.00000000E+0	0.00000000E+0
-2.88085937E-1	-2.84492998E-8	-2.84492998E-8	-2.88085937E-1	0.00000000E+0	0.00000000E+0
-2.85644531E-1	-2.81664008E-8	-2.81664008E-8	-2.85644531E-1	0.00000000E+0	0.00000000E+0
-2.83203125E-1	-2.79790999E-8	-2.79790999E-8	-2.83203125E-1	0.00000000E+0	0.00000000E+0
-2.80761719E-1	-2.77841004E-8	-2.77841004E-8	-2.80761719E-1	0.00000000E+0	0.00000000E+0
-2.78320312E-1	-2.75509002E-8	-2.75509002E-8	-2.78320312E-1	0.00000000E+0	0.00000000E+0
-2.75878906E-1	-2.73482996E-8	-2.73482996E-8	-2.75878906E-1	0.00000000E+0	0.00000000E+0
-2.73437500E-1	-2.71037006E-8	-2.71037006E-8	-2.73437500E-1	0.00000000E+0	0.00000000E+0
-2.70996094E-1	-2.69201994E-8	-2.69201994E-8	-2.70996094E-1	0.00000000E+0	0.00000000E+0
-2.68554687E-1	-2.64078999E-8	-2.64078999E-8	-2.68554687E-1	0.00000000E+0	0.00000000E+0
-2.66113281E-1	-2.64078999E-8	-2.64078999E-8	-2.66113281E-1	0.00000000E+0	0.00000000E+0
-2.63671875E-1	-2.62600999E-8	-2.62600999E-8	-2.63671875E-1	0.00000000E+0	0.00000000E+0
-2.61230469E-1	-2.60562008E-8	-2.60562008E-8	-2.61230469E-1	0.00000000E+0	0.00000000E+0
-2.58789062E-1	-2.58116000E-8	-2.58116000E-8	-2.58789062E-1	0.00000000E+0	0.00000000E+0
-2.56347656E-1	-2.55745007E-8	-2.55745007E-8	-2.56347656E-1	0.00000000E+0	0.00000000E+0
-2.53906250E-1	-2.53528007E-8	-2.53528007E-8	-2.53906250E-1	0.00000000E+0	0.00000000E+0
-2.51464844E-1	-2.51387000E-8	-2.51387000E-8	-2.51464844E-1	0.00000000E+0	0.00000000E+0
-2.49023437E-1	-2.48940992E-8	-2.48940992E-8	-2.49023437E-1	0.00000000E+0	0.00000000E+0
-2.46582031E-1	-2.46800003E-8	-2.46800003E-8	-2.46582031E-1	0.00000000E+0	0.00000000E+0
-2.44140625E-1	-2.44315004E-8	-2.44315004E-8	-2.44140625E-1	0.00000000E+0	0.00000000E+0
-2.41699219E-1	-2.41447999E-8	-2.41447999E-8	-2.41699219E-1	0.00000000E+0	0.00000000E+0
-2.39257812E-1	-2.39766003E-8	-2.39766003E-8	-2.39257812E-1	0.00000000E+0	0.00000000E+0
-2.36816406E-1	-2.34223005E-8	-2.34223005E-8	-2.36816406E-1	0.00000000E+0	0.00000000E+0
-2.34375000E-1	-2.35485000E-8	-2.35485000E-8	-2.34375000E-1	0.00000000E+0	0.00000000E+0
-2.31933594E-1	-2.33497008E-8	-2.33497008E-8	-2.31933594E-1	0.00000000E+0	0.00000000E+0
-2.29492187E-1	-2.31050006E-8	-2.31050006E-8	-2.29492187E-1	0.00000000E+0	0.00000000E+0
-2.27050781E-1	-2.28603998E-8	-2.28603998E-8	-2.27050781E-1	0.00000000E+0	0.00000000E+0
-2.24609375E-1	-2.14840998E-8	-2.14840998E-8	-2.24609375E-1	0.00000000E+0	0.00000000E+0
-2.22167969E-1	-2.24016006E-8	-2.24016006E-8	-2.22167969E-1	0.00000000E+0	0.00000000E+0
-2.19726562E-1	-2.22067005E-8	-2.22067005E-8	-2.19726562E-1	0.00000000E+0	0.00000000E+0
-2.17285156E-1	-2.18969998E-8	-2.18969998E-8	-2.17285156E-1	0.00000000E+0	0.00000000E+0
-2.14843750E-1	-2.16880007E-8	-2.16880007E-8	-2.14843750E-1	0.00000000E+0	0.00000000E+0
-2.12402344E-1	-2.14230003E-8	-2.14230003E-8	-2.12402344E-1	0.00000000E+0	0.00000000E+0
-2.09960937E-1	-2.06992006E-8	-2.06992006E-8	-2.09960937E-1	0.00000000E+0	0.00000000E+0
-2.07519531E-1	-2.08928999E-8	-2.08928999E-8	-2.07519531E-1	0.00000000E+0	0.00000000E+0
-2.05078125E-1	-2.06890007E-8	-2.06890007E-8	-2.05078125E-1	0.00000000E+0	0.00000000E+0
-2.02636719E-1	-2.04036006E-8	-2.04036006E-8	-2.02636719E-1	0.00000000E+0	0.00000000E+0
-2.00195312E-1	-2.01308996E-8	-2.01308996E-8	-2.00195312E-1	0.00000000E+0	0.00000000E+0
-1.97753906E-1	-1.98531005E-8	-1.98531005E-8	-1.97753906E-1	0.00000000E+0	0.00000000E+0
-1.95312500E-1	-1.95650998E-8	-1.95650998E-8	-1.95312500E-1	0.00000000E+0	0.00000000E+0
-1.92871094E-1	-1.94772003E-8	-1.94772003E-8	-1.92871094E-1	0.00000000E+0	0.00000000E+0
-1.90429687E-1	-1.92057996E-8	-1.92057996E-8	-1.90429687E-1	0.00000000E+0	0.00000000E+0
-1.87988281E-1	-1.88731999E-8	-1.88731999E-8	-1.87988281E-1	0.00000000E+0	0.00000000E+0
-1.85546875E-1	-1.86297999E-8	-1.86297999E-8	-1.85546875E-1	0.00000000E+0	0.00000000E+0
-1.83105469E-1	-1.84067996E-8	-1.84067996E-8	-1.83105469E-1	0.00000000E+0	0.00000000E+0
-1.80664062E-1	-1.81303008E-8	-1.81303008E-8	-1.80664062E-1	0.00000000E+0	0.00000000E+0
-1.78222656E-1	-1.76945001E-8	-1.76945001E-8	-1.78222656E-1	0.00000000E+0	0.00000000E+0
-1.75781250E-1	-1.75084001E-8	-1.75084001E-8	-1.75781250E-1	0.00000000E+0	0.00000000E+0
-1.73339844E-1	-1.72203993E-8	-1.72203993E-8	-1.73339844E-1	0.00000000E+0	0.00000000E+0
-1.70898437E-1	-1.69070002E-8	-1.69070002E-8	-1.70898437E-1	0.00000000E+0	0.00000000E+0
-1.68457031E-1	-1.65680003E-8	-1.65680003E-8	-1.68457031E-1	0.00000000E+0	0.00000000E+0
-1.66015625E-1	-1.63640994E-8	-1.63640994E-8	-1.66015625E-1	0.00000000E+0	0.00000000E+0
-1.63574219E-1	-1.61321996E-8	-1.61321996E-8	-1.63574219E-1	0.00000000E+0	0.00000000E+0
-1.61132812E-1	-1.57984008E-8	-1.57984008E-8	-1.61132812E-1	0.00000000E+0	0.00000000E+0
-1.58691406E-1	-1.55435007E-8	-1.55435007E-8	-1.58691406E-1	0.00000000E+0	0.00000000E+0
-1.56250000E-1	-1.52172994E-8	-1.52172994E-8	-1.56250000E-1	0.00000000E+0	0.00000000E+0
-1.53808594E-1	-1.49930006E-8	-1.49930006E-8	-1.53808594E-1	0.00000000E+0	0.00000000E+0
-1.51367187E-1	-1.47560000E-8	-1.47560000E-8	-1.51367187E-1	0.00000000E+0	0.00000000E+0
-1.48925781E-1	-1.45324002E-8	-1.45324002E-8	-1.48925781E-1	0.00000000E+0	0.00000000E+0
-1.46484375E-1	-1.42685996E-8	-1.42685996E-8	-1.46484375E-1	0.00000000E+0	0.00000000E+0
-1.44042969E-1	-1.40526000E-8	-1.40526000E-8	-1.44042969E-1	0.00000000E+0	0.00000000E+0
-1.41601562E-1	-1.38385001E-8	-1.38385001E-8	-1.41601562E-1	0.00000000E+0	0.00000000E+0
-1.39160156E-1	-1.35939002E-8	-1.35939002E-8	-1.39160156E-1	0.00000000E+0	0.00000000E+0
-1.36718750E-1	-1.33390001E-8	-1.33390001E-8	-1.36718750E-1	0.00000000E+0	0.00000000E+0
-1.34277344E-1	-1.31300002E-8	-1.31300002E-8	-1.34277344E-1	0.00000000E+0	0.00000000E+0
-1.31835937E-1	-1.28463000E-8	-1.28463000E-8	-1.31835937E-1	0.00000000E+0	0.00000000E+0
-1.29394531E-1	-1.26522002E-8	-1.26522002E-8	-1.29394531E-1	0.00000000E+0	0.00000000E+0
-1.26953125E-1	-1.24134001E-8	-1.24134001E-8	-1.26953125E-1	0.00000000E+0	0.00000000E+0
-1.24511719E-1	-1.22054997E-8	-1.22054997E-8	-1.24511719E-1	0.00000000E+0	0.00000000E+0
-1.22070312E-1	-1.19522001E-8	-1.19522001E-8	-1.22070312E-1	0.00000000E+0	0.00000000E+0
-1.19628906E-1	-1.16693997E-8	-1.16693997E-8	-1.19628906E-1	0.00000000E+0	0.00000000E+0
-1.17187500E-1	-1.14418004E-8	-1.14418004E-8	-1.17187500E-1	0.00000000E+0	0.00000000E+0
-1.14746094E-1	-1.11405001E-8	-1.11405001E-8	-1.14746094E-1	0.00000000E+0	0.00000000E+0
-1.12304687E-1	-1.08676996E-8	-1.08676996E-8	-1.12304687E-1	0.00000000E+0	0.00000000E+0
-1.09863281E-1	-1.06079003E-8	-1.06079003E-8	-1.09863281E-1	0.00000000E+0	0.00000000E+0
-1.07421875E-1	-1.03091002E-8	-1.03091002E-8	-1.07421875E-1	0.00000000E+0	0.00000000E+0
-1.04980469E-1	-1.00498996E-8	-1.00498996E-8	-1.04980469E-1	0.00000000E+0	0.00000000E+0
-1.02539062E-1	-9.80273018E-9	-9.80273018E-9	-1.02539062E-1	0.00000000E+0	0.00000000E+0
-1.00097656E-1	-9.58026014E-9	-9.58026014E-9	-1.00097656E-1	0.00000000E+0	0.00000000E+0
-9.76562500E-2	-9.36108968E-9	-9.36108968E-9	-9.76562500E-2	0.00000000E+0	0.00000000E+0
-9.52148438E-2	-9.15280030E-9	-9.15280030E-9	-9.52148438E-2	0.00000000E+0	0.00000000E+0
-9.27734375E-2	-8.99753960E-9	-8.99753960E-9	-9.27734375E-2	0.00000000E+0	0.00000000E+0
-9.03320313E-2	-8.81189965E-9	-8.81189965E-9	-9.03320313E-2	0.00000000E+0	0.00000000E+0
-8.78906250E-2	-8.63196004E-9	-8.63196004E-9	-8.78906250E-2	0.00000000E+0	0.00000000E+0
-8.54492188E-2	-8.50060022E-9	-8.50060022E-9	-8.54492188E-2	0.00000000E+0	0.00000000E+0
-8.30078125E-2	-8.43226999E-9	-8.43226999E-9	-8.30078125E-2	0.00000000E+0	0.00000000E+0
-8.05664063E-2	-8.38215986E-9	-8.38215986E-9	-8.05664063E-2	0.00000000E+0	0.00000000E+0
-7.81250000E-2	-8.34571967E-9	-8.34571967E-9	-7.81250000E-2	0.00000000E+0	0.00000000E+0
-7.56835938E-2	-8.35141023E-9	-8.35141023E-9	-7.56835938E-2	0.00000000E+0	0.00000000E+0
-7.32421875E-2	-8.39278957E-9	-8.39278957E-9	-7.32421875E-2	0.00000000E+0	0.00000000E+0
-7.08007813E-2	-8.41594971E-9	-8.41594971E-9	-7.08007813E-2	0.00000000E+0	0.00000000E+0
-6.83593750E-2	-8.55602966E-9	-8.55602966E-9	-6.83593750E-2	0.00000000E+0	0.00000000E+0
-6.59179688E-2	-8.69610961E-9	-8.69610961E-9	-6.59179688E-2	0.00000000E+0	0.00000000E+0
-6.34765625E-2	-8.90907970E-9	-8.90907970E-9	-6.34765625E-2	0.00000000E+0	0.00000000E+0
-6.10351563E-2	-9.22910992E-9	-9.22910992E-9	-6.10351563E-2	0.00000000E+0	0.00000000E+0
-5.85937500E-2	-9.63493019E-9	-9.63493019E-9	-5.85937500E-2	0.00000000E+0	0.00000000E+0
-5.61523438E-2	-1.01930002E-8	-1.01930002E-8	-5.61523438E-2	0.00000000E+0	0.00000000E+0
-5.37109375E-2	-1.09605001E-8	-1.09605001E-8	-5.37109375E-2	0.00000000E+0	0.00000000E+0
-5.12695313E-2	-1.19293997E-8	-1.19293997E-8	-5.12695313E-2	0.00000000E+0	0.00000000E+0
-4.88281250E-2	-1.33492000E-8	-1.33492000E-8	-4.88281250E-2	0.00000000E+0	0.00000000E+0
-4.63867188E-2	-1.46451997E-8	-1.46451997E-8	-4.63867188E-2	0.00000000E+0	0.00000000E+0
-4.39453125E-2	-1.54491993E-8	-1.54491993E-8	-4.39453125E-2	0.00000000E+0	0.00000000E+0
-4.15039063E-2	-1.45827004E-8	-1.45827004E-8	-4.15039063E-2	0.00000000E+0	0.00000000E+0
-3.90625000E-2	-1.65680003E-8	-1.65680003E-8	-3.90625000E-2	0.00000000E+0	0.00000000E+0
-3.66210938E-2	-1.54134998E-8	-1.54134998E-8	-3.66210938E-2	0.00000000E+0	0.00000000E+0
-3.41796875E-2	-1.42782000E-8	-1.42782000E-8	-3.41796875E-2	0.00000000E+0	0.00000000E+0
-3.17382813E-2	-1.32473001E-8	-1.32473001E-8	-3.17382813E-2	0.00000000E+0	0.00000000E+0
-2.92968750E-2	-1.21393997E-8	-1.21393997E-8	-2.92968750E-2	0.00000000E+0	0.00000000E+0
-2.68554688E-2	-1.10840004E-8	-1.10840004E-8	-2.68554688E-2	0.00000000E+0	0.00000000E+0
-2.44140625E-2	-9.95053018E-9	-9.95053018E-9	-2.44140625E-2	0.00000000E+0	0.00000000E+0
-2.19726563E-2	-8.92882035E-9	-8.92882035E-9	-2.19726563E-2	0.00000000E+0	0.00000000E+0
-1.95312500E-2	-7.85903964E-9	-7.85903964E-9	-1.95312500E-2	0.00000000E+0	0.00000000E+0
-1.70898438E-2	-6.85568002E-9	-6.85568002E-9	-1.70898438E-2	0.00000000E+0	0.00000000E+0
-1.46484375E-2	-5.89484994E-9	-5.89484994E-9	-1.46484375E-2	0.00000000E+0	0.00000000E+0
-1.22070313E-2	-4.94577979E-9	-4.94577979E-9	-1.22070313E-2	0.00000000E+0	0.00000000E+0
-9.76562500E-3	-3.89497012E-9	-3.89497012E-9	-9.76562500E-3	0.00000000E+0	0.00000000E+0
-7.32421875E-3	-2.89502999E-9	-2.89502999E-9	-7.32421875E-3	0.00000000E+0	0.00000000E+0
-4.88281250E-3	-2.03023998E-9	-2.03023998E-9	-4.88281250E-3	0.00000000E+0	0.00000000E+0
-2.44140625E-3	-1.10371001E-9	-1.10371001E-9	-2.44140625E-3	0.00000000E+0	0.00000000E+0
0.00000000E+0	-7.95088995E-11	-7.95088995E-11	0.00000000E+0	0.00000000E+0	0.00000000E+0
