Date: do 28 mrt 2013, Material: Au, Temp: 4.2 K
AO1 - module gain: 1.0E+0, R_out: 0.0
AO2 - module gain: 1.0E+2
MUX1 - ADC gain: 4, logarithmic amplifier: D:\LabVIEW Data\Lithographic MCBJ\MED24_070412.TXT, R_in: 0.000
MUX2 - ADC gain: 4, linear amplifier: 1.000000 x 1e10 V/A, R_in: 1.000
Breaking trace: 15 0
Axis position: -884.901423
Vbias (V)	<I> and Ii MUX1 (A)	Vbias (V)	<I> and Ii MUX2 (A)
@
0.00000000E+0	-2.20479995E-10	-2.20479995E-10	0.00000000E+0	0.00000000E+0	0.00000000E+0
2.44140625E-3	4.48544007E-10	4.48544007E-10	2.44140625E-3	0.00000000E+0	0.00000000E+0
4.88281250E-3	1.27967004E-9	1.27967004E-9	4.88281250E-3	0.00000000E+0	0.00000000E+0
7.32421875E-3	2.13047002E-9	2.13047002E-9	7.32421875E-3	0.00000000E+0	0.00000000E+0
9.76562500E-3	2.93147995E-9	2.93147995E-9	9.76562500E-3	0.00000000E+0	0.00000000E+0
1.22070313E-2	3.78715992E-9	3.78715992E-9	1.22070313E-2	0.00000000E+0	0.00000000E+0
1.46484375E-2	4.74229989E-9	4.74229989E-9	1.46484375E-2	0.00000000E+0	0.00000000E+0
1.70898438E-2	5.67162983E-9	5.67162983E-9	1.70898438E-2	0.00000000E+0	0.00000000E+0
1.95312500E-2	6.67232003E-9	6.67232003E-9	1.95312500E-2	0.00000000E+0	0.00000000E+0
2.19726563E-2	7.58076979E-9	7.58076979E-9	2.19726563E-2	0.00000000E+0	0.00000000E+0
2.44140625E-2	8.50705995E-9	8.50705995E-9	2.44140625E-2	0.00000000E+0	0.00000000E+0
2.68554688E-2	9.42309963E-9	9.42309963E-9	2.68554688E-2	0.00000000E+0	0.00000000E+0
2.92968750E-2	1.04301998E-8	1.04301998E-8	2.92968750E-2	0.00000000E+0	0.00000000E+0
3.17382813E-2	1.13857999E-8	1.13857999E-8	3.17382813E-2	0.00000000E+0	0.00000000E+0
3.41796875E-2	1.23052004E-8	1.23052004E-8	3.41796875E-2	0.00000000E+0	0.00000000E+0
3.66210938E-2	1.34314000E-8	1.34314000E-8	3.66210938E-2	0.00000000E+0	0.00000000E+0
3.90625000E-2	1.44349004E-8	1.44349004E-8	3.90625000E-2	0.00000000E+0	0.00000000E+0
4.15039063E-2	1.53677000E-8	1.53677000E-8	4.15039063E-2	0.00000000E+0	0.00000000E+0
4.39453125E-2	1.64782001E-8	1.64782001E-8	4.39453125E-2	0.00000000E+0	0.00000000E+0
4.63867188E-2	1.44961003E-8	1.44961003E-8	4.63867188E-2	0.00000000E+0	0.00000000E+0
4.88281250E-2	1.43087000E-8	1.43087000E-8	4.88281250E-2	0.00000000E+0	0.00000000E+0
5.12695313E-2	1.30968996E-8	1.30968996E-8	5.12695313E-2	0.00000000E+0	0.00000000E+0
5.37109375E-2	1.16744996E-8	1.16744996E-8	5.37109375E-2	0.00000000E+0	0.00000000E+0
5.61523438E-2	1.06176996E-8	1.06176996E-8	5.61523438E-2	0.00000000E+0	0.00000000E+0
5.85937500E-2	9.85510962E-9	9.85510962E-9	5.85937500E-2	0.00000000E+0	0.00000000E+0
6.10351563E-2	9.26821020E-9	9.26821020E-9	6.10351563E-2	0.00000000E+0	0.00000000E+0
6.34765625E-2	8.86428975E-9	8.86428975E-9	6.34765625E-2	0.00000000E+0	0.00000000E+0
6.59179688E-2	8.58563975E-9	8.58563975E-9	6.59179688E-2	0.00000000E+0	0.00000000E+0
6.83593750E-2	8.36216962E-9	8.36216962E-9	6.83593750E-2	0.00000000E+0	0.00000000E+0
7.08007813E-2	8.20184010E-9	8.20184010E-9	7.08007813E-2	0.00000000E+0	0.00000000E+0
7.32421875E-2	8.09643019E-9	8.09643019E-9	7.32421875E-2	0.00000000E+0	0.00000000E+0
7.56835938E-2	8.07351963E-9	8.07351963E-9	7.56835938E-2	0.00000000E+0	0.00000000E+0
7.81250000E-2	7.99455968E-9	7.99455968E-9	7.81250000E-2	0.00000000E+0	0.00000000E+0
8.05664063E-2	7.97798982E-9	7.97798982E-9	8.05664063E-2	0.00000000E+0	0.00000000E+0
8.30078125E-2	7.97215982E-9	7.97215982E-9	8.30078125E-2	0.00000000E+0	0.00000000E+0
8.54492188E-2	8.03100964E-9	8.03100964E-9	8.54492188E-2	0.00000000E+0	0.00000000E+0
8.78906250E-2	8.02454991E-9	8.02454991E-9	8.78906250E-2	0.00000000E+0	0.00000000E+0
9.03320313E-2	8.01277977E-9	8.01277977E-9	9.03320313E-2	0.00000000E+0	0.00000000E+0
9.27734375E-2	8.05226996E-9	8.05226996E-9	9.27734375E-2	0.00000000E+0	0.00000000E+0
9.52148438E-2	8.12250001E-9	8.12250001E-9	9.52148438E-2	0.00000000E+0	0.00000000E+0
9.76562500E-2	8.21474977E-9	8.21474977E-9	9.76562500E-2	0.00000000E+0	0.00000000E+0
1.00097656E-1	8.30888958E-9	8.30888958E-9	1.00097656E-1	0.00000000E+0	0.00000000E+0
1.02539062E-1	8.41785042E-9	8.41785042E-9	1.02539062E-1	0.00000000E+0	0.00000000E+0
1.04980469E-1	8.51237036E-9	8.51237036E-9	1.04980469E-1	0.00000000E+0	0.00000000E+0
1.07421875E-1	8.61752980E-9	8.61752980E-9	1.07421875E-1	0.00000000E+0	0.00000000E+0
1.09863281E-1	8.79937012E-9	8.79937012E-9	1.09863281E-1	0.00000000E+0	0.00000000E+0
1.12304687E-1	8.94932040E-9	8.94932040E-9	1.12304687E-1	0.00000000E+0	0.00000000E+0
1.14746094E-1	9.08560960E-9	9.08560960E-9	1.14746094E-1	0.00000000E+0	0.00000000E+0
1.17187500E-1	9.26821020E-9	9.26821020E-9	1.17187500E-1	0.00000000E+0	0.00000000E+0
1.19628906E-1	9.42309963E-9	9.42309963E-9	1.19628906E-1	0.00000000E+0	0.00000000E+0
1.22070312E-1	9.57849000E-9	9.57849000E-9	1.22070312E-1	0.00000000E+0	0.00000000E+0
1.24511719E-1	9.77197967E-9	9.77197967E-9	1.24511719E-1	0.00000000E+0	0.00000000E+0
1.26953125E-1	9.93938976E-9	9.93938976E-9	1.26953125E-1	0.00000000E+0	0.00000000E+0
1.29394531E-1	1.01279003E-8	1.01279003E-8	1.29394531E-1	0.00000000E+0	0.00000000E+0
1.31835937E-1	1.02730002E-8	1.02730002E-8	1.31835937E-1	0.00000000E+0	0.00000000E+0
1.34277344E-1	1.04223004E-8	1.04223004E-8	1.34277344E-1	0.00000000E+0	0.00000000E+0
1.36718750E-1	1.05886002E-8	1.05886002E-8	1.36718750E-1	0.00000000E+0	0.00000000E+0
1.39160156E-1	1.07247002E-8	1.07247002E-8	1.39160156E-1	0.00000000E+0	0.00000000E+0
1.41601562E-1	1.08886997E-8	1.08886997E-8	1.41601562E-1	0.00000000E+0	0.00000000E+0
1.44042969E-1	1.10649996E-8	1.10649996E-8	1.44042969E-1	0.00000000E+0	0.00000000E+0
1.46484375E-1	1.12566996E-8	1.12566996E-8	1.46484375E-1	0.00000000E+0	0.00000000E+0
1.48925781E-1	1.14017000E-8	1.14017000E-8	1.48925781E-1	0.00000000E+0	0.00000000E+0
1.51367187E-1	1.15671002E-8	1.15671002E-8	1.51367187E-1	0.00000000E+0	0.00000000E+0
1.53808594E-1	1.17618999E-8	1.17618999E-8	1.53808594E-1	0.00000000E+0	0.00000000E+0
1.56250000E-1	1.19210002E-8	1.19210002E-8	1.56250000E-1	0.00000000E+0	0.00000000E+0
1.58691406E-1	1.21222001E-8	1.21222001E-8	1.58691406E-1	0.00000000E+0	0.00000000E+0
1.61132812E-1	1.23844002E-8	1.23844002E-8	1.61132812E-1	0.00000000E+0	0.00000000E+0
1.63574219E-1	1.26524000E-8	1.26524000E-8	1.63574219E-1	0.00000000E+0	0.00000000E+0
1.66015625E-1	1.28354003E-8	1.28354003E-8	1.66015625E-1	0.00000000E+0	0.00000000E+0
1.68457031E-1	1.31198998E-8	1.31198998E-8	1.68457031E-1	0.00000000E+0	0.00000000E+0
1.70898437E-1	1.33593998E-8	1.33593998E-8	1.70898437E-1	0.00000000E+0	0.00000000E+0
1.73339844E-1	1.35327003E-8	1.35327003E-8	1.73339844E-1	0.00000000E+0	0.00000000E+0
1.75781250E-1	1.37059999E-8	1.37059999E-8	1.75781250E-1	0.00000000E+0	0.00000000E+0
1.78222656E-1	1.38920999E-8	1.38920999E-8	1.78222656E-1	0.00000000E+0	0.00000000E+0
1.80664062E-1	1.40602996E-8	1.40602996E-8	1.80664062E-1	0.00000000E+0	0.00000000E+0
1.83105469E-1	1.44195997E-8	1.44195997E-8	1.83105469E-1	0.00000000E+0	0.00000000E+0
1.85546875E-1	1.46871999E-8	1.46871999E-8	1.85546875E-1	0.00000000E+0	0.00000000E+0
1.87988281E-1	1.47560000E-8	1.47560000E-8	1.87988281E-1	0.00000000E+0	0.00000000E+0
1.90429687E-1	1.43278998E-8	1.43278998E-8	1.90429687E-1	0.00000000E+0	0.00000000E+0
1.92871094E-1	1.43354999E-8	1.43354999E-8	1.92871094E-1	0.00000000E+0	0.00000000E+0
1.95312500E-1	1.45495997E-8	1.45495997E-8	1.95312500E-1	0.00000000E+0	0.00000000E+0
1.97753906E-1	1.46999000E-8	1.46999000E-8	1.97753906E-1	0.00000000E+0	0.00000000E+0
2.00195312E-1	1.56938995E-8	1.56938995E-8	2.00195312E-1	0.00000000E+0	0.00000000E+0
2.02636719E-1	1.54594009E-8	1.54594009E-8	2.02636719E-1	0.00000000E+0	0.00000000E+0
2.05078125E-1	1.60940008E-8	1.60940008E-8	2.05078125E-1	0.00000000E+0	0.00000000E+0
2.07519531E-1	1.62775002E-8	1.62775002E-8	2.07519531E-1	0.00000000E+0	0.00000000E+0
2.09960937E-1	1.64877001E-8	1.64877001E-8	2.09960937E-1	0.00000000E+0	0.00000000E+0
2.12402344E-1	1.66215006E-8	1.66215006E-8	2.12402344E-1	0.00000000E+0	0.00000000E+0
2.14843750E-1	1.68484000E-8	1.68484000E-8	2.14843750E-1	0.00000000E+0	0.00000000E+0
2.17285156E-1	1.70267995E-8	1.70267995E-8	2.17285156E-1	0.00000000E+0	0.00000000E+0
2.19726562E-1	1.72044992E-8	1.72044992E-8	2.19726562E-1	0.00000000E+0	0.00000000E+0
2.22167969E-1	1.73300005E-8	1.73300005E-8	2.22167969E-1	0.00000000E+0	0.00000000E+0
2.24609375E-1	1.75721002E-8	1.75721002E-8	2.24609375E-1	0.00000000E+0	0.00000000E+0
2.27050781E-1	1.77759993E-8	1.77759993E-8	2.27050781E-1	0.00000000E+0	0.00000000E+0
2.29492187E-1	1.69629999E-8	1.69629999E-8	2.29492187E-1	0.00000000E+0	0.00000000E+0
2.31933594E-1	1.72236003E-8	1.72236003E-8	2.31933594E-1	0.00000000E+0	0.00000000E+0
2.34375000E-1	1.73070998E-8	1.73070998E-8	2.34375000E-1	0.00000000E+0	0.00000000E+0
2.36816406E-1	1.85100006E-8	1.85100006E-8	2.36816406E-1	0.00000000E+0	0.00000000E+0
2.39257812E-1	1.86322993E-8	1.86322993E-8	2.39257812E-1	0.00000000E+0	0.00000000E+0
2.41699219E-1	1.88158005E-8	1.88158005E-8	2.41699219E-1	0.00000000E+0	0.00000000E+0
2.44140625E-1	1.89572997E-8	1.89572997E-8	2.44140625E-1	0.00000000E+0	0.00000000E+0
2.46582031E-1	1.91521998E-8	1.91521998E-8	2.46582031E-1	0.00000000E+0	0.00000000E+0
2.49023437E-1	1.93484997E-8	1.93484997E-8	2.49023437E-1	0.00000000E+0	0.00000000E+0
2.51464844E-1	1.96033003E-8	1.96033003E-8	2.51464844E-1	0.00000000E+0	0.00000000E+0
2.53906250E-1	1.98020995E-8	1.98020995E-8	2.53906250E-1	0.00000000E+0	0.00000000E+0
2.56347656E-1	1.99779997E-8	1.99779997E-8	2.56347656E-1	0.00000000E+0	0.00000000E+0
2.58789062E-1	2.01500008E-8	2.01500008E-8	2.58789062E-1	0.00000000E+0	0.00000000E+0
2.61230469E-1	1.93891996E-8	1.93891996E-8	2.61230469E-1	0.00000000E+0	0.00000000E+0
2.63671875E-1	2.06048991E-8	2.06048991E-8	2.63671875E-1	0.00000000E+0	0.00000000E+0
2.66113281E-1	1.97524006E-8	1.97524006E-8	2.66113281E-1	0.00000000E+0	0.00000000E+0
2.68554687E-1	2.05361008E-8	2.05361008E-8	2.68554687E-1	0.00000000E+0	0.00000000E+0
2.70996094E-1	2.11860005E-8	2.11860005E-8	2.70996094E-1	0.00000000E+0	0.00000000E+0
2.73437500E-1	2.12701003E-8	2.12701003E-8	2.73437500E-1	0.00000000E+0	0.00000000E+0
2.75878906E-1	2.03627994E-8	2.03627994E-8	2.75878906E-1	0.00000000E+0	0.00000000E+0
2.78320312E-1	2.05589998E-8	2.05589998E-8	2.78320312E-1	0.00000000E+0	0.00000000E+0
2.80761719E-1	2.19199006E-8	2.19199006E-8	2.80761719E-1	0.00000000E+0	0.00000000E+0
2.83203125E-1	2.21492993E-8	2.21492993E-8	2.83203125E-1	0.00000000E+0	0.00000000E+0
2.85644531E-1	2.23596004E-8	2.23596004E-8	2.85644531E-1	0.00000000E+0	0.00000000E+0
2.88085937E-1	2.25621992E-8	2.25621992E-8	2.88085937E-1	0.00000000E+0	0.00000000E+0
2.90527344E-1	2.27800996E-8	2.27800996E-8	2.90527344E-1	0.00000000E+0	0.00000000E+0
2.92968750E-1	2.30858994E-8	2.30858994E-8	2.92968750E-1	0.00000000E+0	0.00000000E+0
2.95410156E-1	2.32081998E-8	2.32081998E-8	2.95410156E-1	0.00000000E+0	0.00000000E+0
2.97851562E-1	2.34338007E-8	2.34338007E-8	2.97851562E-1	0.00000000E+0	0.00000000E+0
3.00292969E-1	2.36555007E-8	2.36555007E-8	3.00292969E-1	0.00000000E+0	0.00000000E+0
3.02734375E-1	2.38695996E-8	2.38695996E-8	3.02734375E-1	0.00000000E+0	0.00000000E+0
3.05175781E-1	2.40454003E-8	2.40454003E-8	3.05175781E-1	0.00000000E+0	0.00000000E+0
3.07617187E-1	2.35637003E-8	2.35637003E-8	3.07617187E-1	0.00000000E+0	0.00000000E+0
3.10058594E-1	2.45193998E-8	2.45193998E-8	3.10058594E-1	0.00000000E+0	0.00000000E+0
3.12500000E-1	2.46953000E-8	2.46953000E-8	3.12500000E-1	0.00000000E+0	0.00000000E+0
3.14941406E-1	2.49017003E-8	2.49017003E-8	3.14941406E-1	0.00000000E+0	0.00000000E+0
3.17382812E-1	2.51157992E-8	2.51157992E-8	3.17382812E-1	0.00000000E+0	0.00000000E+0
3.19824219E-1	2.53146002E-8	2.53146002E-8	3.19824219E-1	0.00000000E+0	0.00000000E+0
3.22265625E-1	2.55745007E-8	2.55745007E-8	3.22265625E-1	0.00000000E+0	0.00000000E+0
3.24707031E-1	2.57465995E-8	2.57465995E-8	3.24707031E-1	0.00000000E+0	0.00000000E+0
3.27148437E-1	2.59109001E-8	2.59109001E-8	3.27148437E-1	0.00000000E+0	0.00000000E+0
3.29589844E-1	2.61250008E-8	2.61250008E-8	3.29589844E-1	0.00000000E+0	0.00000000E+0
3.32031250E-1	2.62740993E-8	2.62740993E-8	3.32031250E-1	0.00000000E+0	0.00000000E+0
3.34472656E-1	2.64919997E-8	2.64919997E-8	3.34472656E-1	0.00000000E+0	0.00000000E+0
3.36914062E-1	2.67367000E-8	2.67367000E-8	3.36914062E-1	0.00000000E+0	0.00000000E+0
3.39355469E-1	2.68971991E-8	2.68971991E-8	3.39355469E-1	0.00000000E+0	0.00000000E+0
3.41796875E-1	2.71228000E-8	2.71228000E-8	3.41796875E-1	0.00000000E+0	0.00000000E+0
3.44238281E-1	2.72794995E-8	2.72794995E-8	3.44238281E-1	0.00000000E+0	0.00000000E+0
3.46679687E-1	2.74783005E-8	2.74783005E-8	3.46679687E-1	0.00000000E+0	0.00000000E+0
3.49121094E-1	2.77230008E-8	2.77230008E-8	3.49121094E-1	0.00000000E+0	0.00000000E+0
3.51562500E-1	2.63888005E-8	2.63888005E-8	3.51562500E-1	0.00000000E+0	0.00000000E+0
3.54003906E-1	2.68170002E-8	2.68170002E-8	3.54003906E-1	0.00000000E+0	0.00000000E+0
3.56445312E-1	2.83039991E-8	2.83039991E-8	3.56445312E-1	0.00000000E+0	0.00000000E+0
3.58886719E-1	2.84952009E-8	2.84952009E-8	3.58886719E-1	0.00000000E+0	0.00000000E+0
3.61328125E-1	2.86709998E-8	2.86709998E-8	3.61328125E-1	0.00000000E+0	0.00000000E+0
3.63769531E-1	2.88698008E-8	2.88698008E-8	3.63769531E-1	0.00000000E+0	0.00000000E+0
3.66210937E-1	2.90380004E-8	2.90380004E-8	3.66210937E-1	0.00000000E+0	0.00000000E+0
3.68652344E-1	2.92673992E-8	2.92673992E-8	3.68652344E-1	0.00000000E+0	0.00000000E+0
3.71093750E-1	2.95120000E-8	2.95120000E-8	3.71093750E-1	0.00000000E+0	0.00000000E+0
3.73535156E-1	2.96993008E-8	2.96993008E-8	3.73535156E-1	0.00000000E+0	0.00000000E+0
3.75976562E-1	2.98330995E-8	2.98330995E-8	3.75976562E-1	0.00000000E+0	0.00000000E+0
3.78417969E-1	3.00662997E-8	3.00662997E-8	3.78417969E-1	0.00000000E+0	0.00000000E+0
3.80859375E-1	3.02689003E-8	3.02689003E-8	3.80859375E-1	0.00000000E+0	0.00000000E+0
3.83300781E-1	3.04141992E-8	3.04141992E-8	3.83300781E-1	0.00000000E+0	0.00000000E+0
3.85742187E-1	3.00662997E-8	3.00662997E-8	3.85742187E-1	0.00000000E+0	0.00000000E+0
3.88183594E-1	3.00662997E-8	3.00662997E-8	3.88183594E-1	0.00000000E+0	0.00000000E+0
3.90625000E-1	2.89462996E-8	2.89462996E-8	3.90625000E-1	0.00000000E+0	0.00000000E+0
3.93066406E-1	3.04906997E-8	3.04906997E-8	3.93066406E-1	0.00000000E+0	0.00000000E+0
3.95507812E-1	3.13469997E-8	3.13469997E-8	3.95507812E-1	0.00000000E+0	0.00000000E+0
3.97949219E-1	3.15227986E-8	3.15227986E-8	3.97949219E-1	0.00000000E+0	0.00000000E+0
4.00390625E-1	3.17368993E-8	3.17368993E-8	4.00390625E-1	0.00000000E+0	0.00000000E+0
4.02832031E-1	3.19089004E-8	3.19089004E-8	4.02832031E-1	0.00000000E+0	0.00000000E+0
4.05273437E-1	3.03530001E-8	3.03530001E-8	4.05273437E-1	0.00000000E+0	0.00000000E+0
4.07714844E-1	3.22873994E-8	3.22873994E-8	4.07714844E-1	0.00000000E+0	0.00000000E+0
4.10156250E-1	3.25015002E-8	3.25015002E-8	4.10156250E-1	0.00000000E+0	0.00000000E+0
4.12597656E-1	3.12782014E-8	3.12782014E-8	4.12597656E-1	0.00000000E+0	0.00000000E+0
4.15039062E-1	3.29295986E-8	3.29295986E-8	4.15039062E-1	0.00000000E+0	0.00000000E+0
4.17480469E-1	3.31512986E-8	3.31512986E-8	4.17480469E-1	0.00000000E+0	0.00000000E+0
4.19921875E-1	3.32737002E-8	3.32737002E-8	4.19921875E-1	0.00000000E+0	0.00000000E+0
4.22363281E-1	3.23484990E-8	3.23484990E-8	4.22363281E-1	0.00000000E+0	0.00000000E+0
4.24804687E-1	3.17674989E-8	3.17674989E-8	4.24804687E-1	0.00000000E+0	0.00000000E+0
4.27246094E-1	3.36865007E-8	3.36865007E-8	4.27246094E-1	0.00000000E+0	0.00000000E+0
4.29687500E-1	3.41414008E-8	3.41414008E-8	4.29687500E-1	0.00000000E+0	0.00000000E+0
4.32128906E-1	3.30671988E-8	3.30671988E-8	4.32128906E-1	0.00000000E+0	0.00000000E+0
4.34570312E-1	3.33578001E-8	3.33578001E-8	4.34570312E-1	0.00000000E+0	0.00000000E+0
4.37011719E-1	3.48256997E-8	3.48256997E-8	4.37011719E-1	0.00000000E+0	0.00000000E+0
4.39453125E-1	3.42446995E-8	3.42446995E-8	4.39453125E-1	0.00000000E+0	0.00000000E+0
4.41894531E-1	3.31321992E-8	3.31321992E-8	4.41894531E-1	0.00000000E+0	0.00000000E+0
4.44335937E-1	3.40611983E-8	3.40611983E-8	4.44335937E-1	0.00000000E+0	0.00000000E+0
4.46777344E-1	3.49174982E-8	3.49174982E-8	4.46777344E-1	0.00000000E+0	0.00000000E+0
4.49218750E-1	3.51163010E-8	3.51163010E-8	4.49218750E-1	0.00000000E+0	0.00000000E+0
4.51660156E-1	3.41165993E-8	3.41165993E-8	4.51660156E-1	0.00000000E+0	0.00000000E+0
4.54101562E-1	3.61865986E-8	3.61865986E-8	4.54101562E-1	0.00000000E+0	0.00000000E+0
4.56542969E-1	3.64771999E-8	3.64771999E-8	4.56542969E-1	0.00000000E+0	0.00000000E+0
4.58984375E-1	3.66988999E-8	3.66988999E-8	4.58984375E-1	0.00000000E+0	0.00000000E+0
4.61425781E-1	3.68746988E-8	3.68746988E-8	4.61425781E-1	0.00000000E+0	0.00000000E+0
4.63867187E-1	3.69856004E-8	3.69856004E-8	4.63867187E-1	0.00000000E+0	0.00000000E+0
4.66308594E-1	3.71997011E-8	3.71997011E-8	4.66308594E-1	0.00000000E+0	0.00000000E+0
4.68750000E-1	3.73945994E-8	3.73945994E-8	4.68750000E-1	0.00000000E+0	0.00000000E+0
4.71191406E-1	3.63854014E-8	3.63854014E-8	4.71191406E-1	0.00000000E+0	0.00000000E+0
4.73632812E-1	3.74940008E-8	3.74940008E-8	4.73632812E-1	0.00000000E+0	0.00000000E+0
4.76074219E-1	3.80980012E-8	3.80980012E-8	4.76074219E-1	0.00000000E+0	0.00000000E+0
4.78515625E-1	3.82509988E-8	3.82509988E-8	4.78515625E-1	0.00000000E+0	0.00000000E+0
4.80957031E-1	3.79221987E-8	3.79221987E-8	4.80957031E-1	0.00000000E+0	0.00000000E+0
4.83398437E-1	3.87172996E-8	3.87172996E-8	4.83398437E-1	0.00000000E+0	0.00000000E+0
4.85839844E-1	3.80139014E-8	3.80139014E-8	4.85839844E-1	0.00000000E+0	0.00000000E+0
4.88281250E-1	3.91397990E-8	3.91397990E-8	4.88281250E-1	0.00000000E+0	0.00000000E+0
4.90722656E-1	3.91646005E-8	3.91646005E-8	4.90722656E-1	0.00000000E+0	0.00000000E+0
4.93164062E-1	3.92754984E-8	3.92754984E-8	4.93164062E-1	0.00000000E+0	0.00000000E+0
4.90722656E-1	3.72111018E-8	3.72111018E-8	4.90722656E-1	0.00000000E+0	0.00000000E+0
4.88281250E-1	3.64925015E-8	3.64925015E-8	4.88281250E-1	0.00000000E+0	0.00000000E+0
4.85839844E-1	3.67218007E-8	3.67218007E-8	4.85839844E-1	0.00000000E+0	0.00000000E+0
4.83398437E-1	3.86371006E-8	3.86371006E-8	4.83398437E-1	0.00000000E+0	0.00000000E+0
4.80957031E-1	3.80751004E-8	3.80751004E-8	4.80957031E-1	0.00000000E+0	0.00000000E+0
4.78515625E-1	3.81667995E-8	3.81667995E-8	4.78515625E-1	0.00000000E+0	0.00000000E+0
4.76074219E-1	3.79450995E-8	3.79450995E-8	4.76074219E-1	0.00000000E+0	0.00000000E+0
4.73632812E-1	3.77807012E-8	3.77807012E-8	4.73632812E-1	0.00000000E+0	0.00000000E+0
4.71191406E-1	3.74940008E-8	3.74940008E-8	4.71191406E-1	0.00000000E+0	0.00000000E+0
4.68750000E-1	3.73334998E-8	3.73334998E-8	4.68750000E-1	0.00000000E+0	0.00000000E+0
4.66308594E-1	3.70887996E-8	3.70887996E-8	4.66308594E-1	0.00000000E+0	0.00000000E+0
4.63867187E-1	3.62936987E-8	3.62936987E-8	4.63867187E-1	0.00000000E+0	0.00000000E+0
4.61425781E-1	3.67218007E-8	3.67218007E-8	4.61425781E-1	0.00000000E+0	0.00000000E+0
4.58984375E-1	3.65077995E-8	3.65077995E-8	4.58984375E-1	0.00000000E+0	0.00000000E+0
4.56542969E-1	3.57010990E-8	3.57010990E-8	4.56542969E-1	0.00000000E+0	0.00000000E+0
4.54101562E-1	3.45314000E-8	3.45314000E-8	4.54101562E-1	0.00000000E+0	0.00000000E+0
4.51660156E-1	3.59648986E-8	3.59648986E-8	4.51660156E-1	0.00000000E+0	0.00000000E+0
4.49218750E-1	3.57203014E-8	3.57203014E-8	4.49218750E-1	0.00000000E+0	0.00000000E+0
4.46777344E-1	3.54984984E-8	3.54984984E-8	4.46777344E-1	0.00000000E+0	0.00000000E+0
4.44335937E-1	3.52539011E-8	3.52539011E-8	4.44335937E-1	0.00000000E+0	0.00000000E+0
4.41894531E-1	3.50244989E-8	3.50244989E-8	4.41894531E-1	0.00000000E+0	0.00000000E+0
4.39453125E-1	3.48506006E-8	3.48506006E-8	4.39453125E-1	0.00000000E+0	0.00000000E+0
4.37011719E-1	3.31742989E-8	3.31742989E-8	4.37011719E-1	0.00000000E+0	0.00000000E+0
4.34570312E-1	3.44511015E-8	3.44511015E-8	4.34570312E-1	0.00000000E+0	0.00000000E+0
4.32128906E-1	3.42866997E-8	3.42866997E-8	4.32128906E-1	0.00000000E+0	0.00000000E+0
4.29687500E-1	3.40611983E-8	3.40611983E-8	4.29687500E-1	0.00000000E+0	0.00000000E+0
4.27246094E-1	3.39158994E-8	3.39158994E-8	4.27246094E-1	0.00000000E+0	0.00000000E+0
4.24804687E-1	3.37782993E-8	3.37782993E-8	4.24804687E-1	0.00000000E+0	0.00000000E+0
4.22363281E-1	3.35565993E-8	3.35565993E-8	4.22363281E-1	0.00000000E+0	0.00000000E+0
4.19921875E-1	3.32966010E-8	3.32966010E-8	4.19921875E-1	0.00000000E+0	0.00000000E+0
4.17480469E-1	3.31130998E-8	3.31130998E-8	4.17480469E-1	0.00000000E+0	0.00000000E+0
4.15039062E-1	3.29449001E-8	3.29449001E-8	4.15039062E-1	0.00000000E+0	0.00000000E+0
4.12597656E-1	3.09722985E-8	3.09722985E-8	4.12597656E-1	0.00000000E+0	0.00000000E+0
4.10156250E-1	3.23179989E-8	3.23179989E-8	4.10156250E-1	0.00000000E+0	0.00000000E+0
4.07714844E-1	3.23484990E-8	3.23484990E-8	4.07714844E-1	0.00000000E+0	0.00000000E+0
4.05273437E-1	3.13317017E-8	3.13317017E-8	4.05273437E-1	0.00000000E+0	0.00000000E+0
4.02832031E-1	3.19815996E-8	3.19815996E-8	4.02832031E-1	0.00000000E+0	0.00000000E+0
4.00390625E-1	3.14195994E-8	3.14195994E-8	4.00390625E-1	0.00000000E+0	0.00000000E+0
3.97949219E-1	3.15114015E-8	3.15114015E-8	3.97949219E-1	0.00000000E+0	0.00000000E+0
3.95507812E-1	3.13775992E-8	3.13775992E-8	3.95507812E-1	0.00000000E+0	0.00000000E+0
3.93066406E-1	3.11328989E-8	3.11328989E-8	3.93066406E-1	0.00000000E+0	0.00000000E+0
3.90625000E-1	2.91909004E-8	2.91909004E-8	3.90625000E-1	0.00000000E+0	0.00000000E+0
3.88183594E-1	3.07277013E-8	3.07277013E-8	3.88183594E-1	0.00000000E+0	0.00000000E+0
3.85742187E-1	3.05747996E-8	3.05747996E-8	3.85742187E-1	0.00000000E+0	0.00000000E+0
3.83300781E-1	3.03835996E-8	3.03835996E-8	3.83300781E-1	0.00000000E+0	0.00000000E+0
3.80859375E-1	3.02154000E-8	3.02154000E-8	3.80859375E-1	0.00000000E+0	0.00000000E+0
3.78417969E-1	3.00166008E-8	3.00166008E-8	3.78417969E-1	0.00000000E+0	0.00000000E+0
3.75976562E-1	2.93743998E-8	2.93743998E-8	3.75976562E-1	0.00000000E+0	0.00000000E+0
3.73535156E-1	2.96343998E-8	2.96343998E-8	3.73535156E-1	0.00000000E+0	0.00000000E+0
3.71093750E-1	2.93743998E-8	2.93743998E-8	3.71093750E-1	0.00000000E+0	0.00000000E+0
3.68652344E-1	2.92673992E-8	2.92673992E-8	3.68652344E-1	0.00000000E+0	0.00000000E+0
3.66210937E-1	2.86098008E-8	2.86098008E-8	3.66210937E-1	0.00000000E+0	0.00000000E+0
3.63769531E-1	2.87628001E-8	2.87628001E-8	3.63769531E-1	0.00000000E+0	0.00000000E+0
3.61328125E-1	2.85906996E-8	2.85906996E-8	3.61328125E-1	0.00000000E+0	0.00000000E+0
3.58886719E-1	2.84264008E-8	2.84264008E-8	3.58886719E-1	0.00000000E+0	0.00000000E+0
3.56445312E-1	2.82313994E-8	2.82313994E-8	3.56445312E-1	0.00000000E+0	0.00000000E+0
3.54003906E-1	2.80594001E-8	2.80594001E-8	3.54003906E-1	0.00000000E+0	0.00000000E+0
3.51562500E-1	2.78452994E-8	2.78452994E-8	3.51562500E-1	0.00000000E+0	0.00000000E+0
3.49121094E-1	2.76923995E-8	2.76923995E-8	3.49121094E-1	0.00000000E+0	0.00000000E+0
3.46679687E-1	2.74476992E-8	2.74476992E-8	3.46679687E-1	0.00000000E+0	0.00000000E+0
3.44238281E-1	2.72183005E-8	2.72183005E-8	3.44238281E-1	0.00000000E+0	0.00000000E+0
3.41796875E-1	2.69201994E-8	2.69201994E-8	3.41796875E-1	0.00000000E+0	0.00000000E+0
3.39355469E-1	2.67251998E-8	2.67251998E-8	3.39355469E-1	0.00000000E+0	0.00000000E+0
3.36914062E-1	2.65990998E-8	2.65990998E-8	3.36914062E-1	0.00000000E+0	0.00000000E+0
3.34472656E-1	2.63696993E-8	2.63696993E-8	3.34472656E-1	0.00000000E+0	0.00000000E+0
3.32031250E-1	2.62244004E-8	2.62244004E-8	3.32031250E-1	0.00000000E+0	0.00000000E+0
3.29589844E-1	2.49322998E-8	2.49322998E-8	3.29589844E-1	0.00000000E+0	0.00000000E+0
3.27148437E-1	2.48023007E-8	2.48023007E-8	3.27148437E-1	0.00000000E+0	0.00000000E+0
3.24707031E-1	2.55745007E-8	2.55745007E-8	3.24707031E-1	0.00000000E+0	0.00000000E+0
3.22265625E-1	2.53374992E-8	2.53374992E-8	3.22265625E-1	0.00000000E+0	0.00000000E+0
3.19824219E-1	2.51157992E-8	2.51157992E-8	3.19824219E-1	0.00000000E+0	0.00000000E+0
3.17382812E-1	2.45539002E-8	2.45539002E-8	3.17382812E-1	0.00000000E+0	0.00000000E+0
3.14941406E-1	2.47182008E-8	2.47182008E-8	3.14941406E-1	0.00000000E+0	0.00000000E+0
3.12500000E-1	2.38465994E-8	2.38465994E-8	3.12500000E-1	0.00000000E+0	0.00000000E+0
3.10058594E-1	2.42671003E-8	2.42671003E-8	3.10058594E-1	0.00000000E+0	0.00000000E+0
3.07617187E-1	2.40835991E-8	2.40835991E-8	3.07617187E-1	0.00000000E+0	0.00000000E+0
3.05175781E-1	2.33190995E-8	2.33190995E-8	3.05175781E-1	0.00000000E+0	0.00000000E+0
3.02734375E-1	2.29214994E-8	2.29214994E-8	3.02734375E-1	0.00000000E+0	0.00000000E+0
3.00292969E-1	2.21492993E-8	2.21492993E-8	3.00292969E-1	0.00000000E+0	0.00000000E+0
2.97851562E-1	2.20270007E-8	2.20270007E-8	2.97851562E-1	0.00000000E+0	0.00000000E+0
2.95410156E-1	2.25621992E-8	2.25621992E-8	2.95410156E-1	0.00000000E+0	0.00000000E+0
2.92968750E-1	2.29214994E-8	2.29214994E-8	2.92968750E-1	0.00000000E+0	0.00000000E+0
2.90527344E-1	2.26997994E-8	2.26997994E-8	2.90527344E-1	0.00000000E+0	0.00000000E+0
2.88085937E-1	2.25010002E-8	2.25010002E-8	2.88085937E-1	0.00000000E+0	0.00000000E+0
2.85644531E-1	2.22487007E-8	2.22487007E-8	2.85644531E-1	0.00000000E+0	0.00000000E+0
2.83203125E-1	2.21073009E-8	2.21073009E-8	2.83203125E-1	0.00000000E+0	0.00000000E+0
2.80761719E-1	2.18626006E-8	2.18626006E-8	2.80761719E-1	0.00000000E+0	0.00000000E+0
2.78320312E-1	2.16803997E-8	2.16803997E-8	2.78320312E-1	0.00000000E+0	0.00000000E+0
2.75878906E-1	2.03144008E-8	2.03144008E-8	2.75878906E-1	0.00000000E+0	0.00000000E+0
2.73437500E-1	2.05475992E-8	2.05475992E-8	2.73437500E-1	0.00000000E+0	0.00000000E+0
2.70996094E-1	2.10636006E-8	2.10636006E-8	2.70996094E-1	0.00000000E+0	0.00000000E+0
2.68554687E-1	2.09260005E-8	2.09260005E-8	2.68554687E-1	0.00000000E+0	0.00000000E+0
2.66113281E-1	2.07629007E-8	2.07629007E-8	2.66113281E-1	0.00000000E+0	0.00000000E+0
2.63671875E-1	2.05361008E-8	2.05361008E-8	2.63671875E-1	0.00000000E+0	0.00000000E+0
2.61230469E-1	1.95880006E-8	1.95880006E-8	2.61230469E-1	0.00000000E+0	0.00000000E+0
2.58789062E-1	2.01308996E-8	2.01308996E-8	2.58789062E-1	0.00000000E+0	0.00000000E+0
2.56347656E-1	1.99549994E-8	1.99549994E-8	2.56347656E-1	0.00000000E+0	0.00000000E+0
2.53906250E-1	1.97830001E-8	1.97830001E-8	2.53906250E-1	0.00000000E+0	0.00000000E+0
2.51464844E-1	1.95382999E-8	1.95382999E-8	2.51464844E-1	0.00000000E+0	0.00000000E+0
2.49023437E-1	1.93739993E-8	1.93739993E-8	2.49023437E-1	0.00000000E+0	0.00000000E+0
2.46582031E-1	1.91369001E-8	1.91369001E-8	2.46582031E-1	0.00000000E+0	0.00000000E+0
2.44140625E-1	1.89457996E-8	1.89457996E-8	2.44140625E-1	0.00000000E+0	0.00000000E+0
2.41699219E-1	1.87546991E-8	1.87546991E-8	2.41699219E-1	0.00000000E+0	0.00000000E+0
2.39257812E-1	1.85864995E-8	1.85864995E-8	2.39257812E-1	0.00000000E+0	0.00000000E+0
2.36816406E-1	1.82195006E-8	1.82195006E-8	2.36816406E-1	0.00000000E+0	0.00000000E+0
2.34375000E-1	1.77225008E-8	1.77225008E-8	2.34375000E-1	0.00000000E+0	0.00000000E+0
2.31933594E-1	1.81124005E-8	1.81124005E-8	2.31933594E-1	0.00000000E+0	0.00000000E+0
2.29492187E-1	1.75924999E-8	1.75924999E-8	2.29492187E-1	0.00000000E+0	0.00000000E+0
2.27050781E-1	1.76537007E-8	1.76537007E-8	2.27050781E-1	0.00000000E+0	0.00000000E+0
2.24609375E-1	1.75236998E-8	1.75236998E-8	2.24609375E-1	0.00000000E+0	0.00000000E+0
2.22167969E-1	1.72867001E-8	1.72867001E-8	2.22167969E-1	0.00000000E+0	0.00000000E+0
2.19726562E-1	1.71338002E-8	1.71338002E-8	2.19726562E-1	0.00000000E+0	0.00000000E+0
2.17285156E-1	1.69503007E-8	1.69503007E-8	2.17285156E-1	0.00000000E+0	0.00000000E+0
2.14843750E-1	1.67871992E-8	1.67871992E-8	2.14843750E-1	0.00000000E+0	0.00000000E+0
2.12402344E-1	1.65450995E-8	1.65450995E-8	2.12402344E-1	0.00000000E+0	0.00000000E+0
2.09960937E-1	1.63386993E-8	1.63386993E-8	2.09960937E-1	0.00000000E+0	0.00000000E+0
2.07519531E-1	1.61436997E-8	1.61436997E-8	2.07519531E-1	0.00000000E+0	0.00000000E+0
2.05078125E-1	1.59792997E-8	1.59792997E-8	2.05078125E-1	0.00000000E+0	0.00000000E+0
2.02636719E-1	1.57473998E-8	1.57473998E-8	2.02636719E-1	0.00000000E+0	0.00000000E+0
2.00195312E-1	1.55090998E-8	1.55090998E-8	2.00195312E-1	0.00000000E+0	0.00000000E+0
1.97753906E-1	1.53167008E-8	1.53167008E-8	1.97753906E-1	0.00000000E+0	0.00000000E+0
1.95312500E-1	1.51535993E-8	1.51535993E-8	1.95312500E-1	0.00000000E+0	0.00000000E+0
1.92871094E-1	1.49318993E-8	1.49318993E-8	1.92871094E-1	0.00000000E+0	0.00000000E+0
1.90429687E-1	1.48522998E-8	1.48522998E-8	1.90429687E-1	0.00000000E+0	0.00000000E+0
1.87988281E-1	1.38615004E-8	1.38615004E-8	1.87988281E-1	0.00000000E+0	0.00000000E+0
1.85546875E-1	1.36041001E-8	1.36041001E-8	1.85546875E-1	0.00000000E+0	0.00000000E+0
1.83105469E-1	1.33798004E-8	1.33798004E-8	1.83105469E-1	0.00000000E+0	0.00000000E+0
1.80664062E-1	1.32268996E-8	1.32268996E-8	1.80664062E-1	0.00000000E+0	0.00000000E+0
1.78222656E-1	1.30893003E-8	1.30893003E-8	1.78222656E-1	0.00000000E+0	0.00000000E+0
1.75781250E-1	1.28056996E-8	1.28056996E-8	1.75781250E-1	0.00000000E+0	0.00000000E+0
1.73339844E-1	1.26251001E-8	1.26251001E-8	1.73339844E-1	0.00000000E+0	0.00000000E+0
1.70898437E-1	1.24464004E-8	1.24464004E-8	1.70898437E-1	0.00000000E+0	0.00000000E+0
1.68457031E-1	1.22274004E-8	1.22274004E-8	1.68457031E-1	0.00000000E+0	0.00000000E+0
1.66015625E-1	1.20088002E-8	1.20088002E-8	1.66015625E-1	0.00000000E+0	0.00000000E+0
1.63574219E-1	1.18185000E-8	1.18185000E-8	1.63574219E-1	0.00000000E+0	0.00000000E+0
1.61132812E-1	1.16105001E-8	1.16105001E-8	1.61132812E-1	0.00000000E+0	0.00000000E+0
1.58691406E-1	1.14017000E-8	1.14017000E-8	1.58691406E-1	0.00000000E+0	0.00000000E+0
1.56250000E-1	1.12218004E-8	1.12218004E-8	1.56250000E-1	0.00000000E+0	0.00000000E+0
1.53808594E-1	1.10649996E-8	1.10649996E-8	1.53808594E-1	0.00000000E+0	0.00000000E+0
1.51367187E-1	1.08839000E-8	1.08839000E-8	1.51367187E-1	0.00000000E+0	0.00000000E+0
1.48925781E-1	1.05939000E-8	1.05939000E-8	1.48925781E-1	0.00000000E+0	0.00000000E+0
1.46484375E-1	1.05939000E-8	1.05939000E-8	1.46484375E-1	0.00000000E+0	0.00000000E+0
1.44042969E-1	1.04111004E-8	1.04111004E-8	1.44042969E-1	0.00000000E+0	0.00000000E+0
1.41601562E-1	1.02439000E-8	1.02439000E-8	1.41601562E-1	0.00000000E+0	0.00000000E+0
1.39160156E-1	1.00616004E-8	1.00616004E-8	1.39160156E-1	0.00000000E+0	0.00000000E+0
1.36718750E-1	9.88433957E-9	9.88433957E-9	1.36718750E-1	0.00000000E+0	0.00000000E+0
1.34277344E-1	9.72073000E-9	9.72073000E-9	1.34277344E-1	0.00000000E+0	0.00000000E+0
1.31835937E-1	9.53319024E-9	9.53319024E-9	1.31835937E-1	0.00000000E+0	0.00000000E+0
1.29394531E-1	9.34300015E-9	9.34300015E-9	1.29394531E-1	0.00000000E+0	0.00000000E+0
1.26953125E-1	9.17103016E-9	9.17103016E-9	1.26953125E-1	0.00000000E+0	0.00000000E+0
1.24511719E-1	9.00018993E-9	9.00018993E-9	1.24511719E-1	0.00000000E+0	0.00000000E+0
1.22070312E-1	8.82366979E-9	8.82366979E-9	1.22070312E-1	0.00000000E+0	0.00000000E+0
1.19628906E-1	8.65852989E-9	8.65852989E-9	1.19628906E-1	0.00000000E+0	0.00000000E+0
1.17187500E-1	8.50022985E-9	8.50022985E-9	1.17187500E-1	0.00000000E+0	0.00000000E+0
1.14746094E-1	8.33242986E-9	8.33242986E-9	1.14746094E-1	0.00000000E+0	0.00000000E+0
1.12304687E-1	8.17261014E-9	8.17261014E-9	1.12304687E-1	0.00000000E+0	0.00000000E+0
1.09863281E-1	8.01277977E-9	8.01277977E-9	1.09863281E-1	0.00000000E+0	0.00000000E+0
1.07421875E-1	7.90914978E-9	7.90914978E-9	1.07421875E-1	0.00000000E+0	0.00000000E+0
1.04980469E-1	7.75426034E-9	7.75426034E-9	1.04980469E-1	0.00000000E+0	0.00000000E+0
1.02539062E-1	7.66543007E-9	7.66543007E-9	1.02539062E-1	0.00000000E+0	0.00000000E+0
1.00097656E-1	7.57431984E-9	7.57431984E-9	1.00097656E-1	0.00000000E+0	0.00000000E+0
9.76562500E-2	7.49724993E-9	7.49724993E-9	9.76562500E-2	0.00000000E+0	0.00000000E+0
9.52148438E-2	7.37919015E-9	7.37919015E-9	9.52148438E-2	0.00000000E+0	0.00000000E+0
9.27734375E-2	7.33325001E-9	7.33325001E-9	9.27734375E-2	0.00000000E+0	0.00000000E+0
9.03320313E-2	7.29187022E-9	7.29187022E-9	9.03320313E-2	0.00000000E+0	0.00000000E+0
8.78906250E-2	7.25960003E-9	7.25960003E-9	8.78906250E-2	0.00000000E+0	0.00000000E+0
8.54492188E-2	7.20759985E-9	7.20759985E-9	8.54492188E-2	0.00000000E+0	0.00000000E+0
8.30078125E-2	7.15330994E-9	7.15330994E-9	8.30078125E-2	0.00000000E+0	0.00000000E+0
8.05664063E-2	7.19317006E-9	7.19317006E-9	8.05664063E-2	0.00000000E+0	0.00000000E+0
7.81250000E-2	7.17153004E-9	7.17153004E-9	7.81250000E-2	0.00000000E+0	0.00000000E+0
7.56835938E-2	7.21404980E-9	7.21404980E-9	7.56835938E-2	0.00000000E+0	0.00000000E+0
7.32421875E-2	7.26985006E-9	7.26985006E-9	7.32421875E-2	0.00000000E+0	0.00000000E+0
7.08007813E-2	7.38601980E-9	7.38601980E-9	7.08007813E-2	0.00000000E+0	0.00000000E+0
6.83593750E-2	7.50333040E-9	7.50333040E-9	6.83593750E-2	0.00000000E+0	0.00000000E+0
6.59179688E-2	7.64341035E-9	7.64341035E-9	6.59179688E-2	0.00000000E+0	0.00000000E+0
6.34765625E-2	7.88219001E-9	7.88219001E-9	6.34765625E-2	0.00000000E+0	0.00000000E+0
6.10351563E-2	8.15021028E-9	8.15021028E-9	6.10351563E-2	0.00000000E+0	0.00000000E+0
5.85937500E-2	8.66497984E-9	8.66497984E-9	5.85937500E-2	0.00000000E+0	0.00000000E+0
5.61523438E-2	9.29667987E-9	9.29667987E-9	5.61523438E-2	0.00000000E+0	0.00000000E+0
5.37109375E-2	1.01784998E-8	1.01784998E-8	5.37109375E-2	0.00000000E+0	0.00000000E+0
5.12695313E-2	1.13044996E-8	1.13044996E-8	5.12695313E-2	0.00000000E+0	0.00000000E+0
4.88281250E-2	1.24017001E-8	1.24017001E-8	4.88281250E-2	0.00000000E+0	0.00000000E+0
4.63867188E-2	1.30968996E-8	1.30968996E-8	4.63867188E-2	0.00000000E+0	0.00000000E+0
4.39453125E-2	1.12462999E-8	1.12462999E-8	4.39453125E-2	0.00000000E+0	0.00000000E+0
4.15039063E-2	1.44195997E-8	1.44195997E-8	4.15039063E-2	0.00000000E+0	0.00000000E+0
3.90625000E-2	1.35224996E-8	1.35224996E-8	3.90625000E-2	0.00000000E+0	0.00000000E+0
3.66210938E-2	1.25542998E-8	1.25542998E-8	3.66210938E-2	0.00000000E+0	0.00000000E+0
3.41796875E-2	1.16834000E-8	1.16834000E-8	3.41796875E-2	0.00000000E+0	0.00000000E+0
3.17382813E-2	1.07642002E-8	1.07642002E-8	3.17382813E-2	0.00000000E+0	0.00000000E+0
2.92968750E-2	9.87130999E-9	9.87130999E-9	2.92968750E-2	0.00000000E+0	0.00000000E+0
2.68554688E-2	8.90377017E-9	8.90377017E-9	2.68554688E-2	0.00000000E+0	0.00000000E+0
2.44140625E-2	7.97215982E-9	7.97215982E-9	2.44140625E-2	0.00000000E+0	0.00000000E+0
2.19726563E-2	7.05612013E-9	7.05612013E-9	2.19726563E-2	0.00000000E+0	0.00000000E+0
1.95312500E-2	6.21828988E-9	6.21828988E-9	1.95312500E-2	0.00000000E+0	0.00000000E+0
1.70898438E-2	5.36337019E-9	5.36337019E-9	1.70898438E-2	0.00000000E+0	0.00000000E+0
1.46484375E-2	4.49497017E-9	4.49497017E-9	1.46484375E-2	0.00000000E+0	0.00000000E+0
1.22070313E-2	3.55766994E-9	3.55766994E-9	1.22070313E-2	0.00000000E+0	0.00000000E+0
9.76562500E-3	2.68472000E-9	2.68472000E-9	9.76562500E-3	0.00000000E+0	0.00000000E+0
7.32421875E-3	1.95393990E-9	1.95393990E-9	7.32421875E-3	0.00000000E+0	0.00000000E+0
4.88281250E-3	1.16653998E-9	1.16653998E-9	4.88281250E-3	0.00000000E+0	0.00000000E+0
2.44140625E-3	2.70773987E-10	2.70773987E-10	2.44140625E-3	0.00000000E+0	0.00000000E+0
0.00000000E+0	-2.50561988E-10	-2.50561988E-10	0.00000000E+0	0.00000000E+0	0.00000000E+0
-2.44140625E-3	-9.07736997E-10	-9.07736997E-10	-2.44140625E-3	0.00000000E+0	0.00000000E+0
-4.88281250E-3	-1.76981996E-9	-1.76981996E-9	-4.88281250E-3	0.00000000E+0	0.00000000E+0
-7.32421875E-3	-2.56248001E-9	-2.56248001E-9	-7.32421875E-3	0.00000000E+0	0.00000000E+0
-9.76562500E-3	-3.28452998E-9	-3.28452998E-9	-9.76562500E-3	0.00000000E+0	0.00000000E+0
-1.22070313E-2	-4.10679979E-9	-4.10679979E-9	-1.22070313E-2	0.00000000E+0	0.00000000E+0
-1.46484375E-2	-4.94121988E-9	-4.94121988E-9	-1.46484375E-2	0.00000000E+0	0.00000000E+0
-1.70898438E-2	-5.81816018E-9	-5.81816018E-9	-1.70898438E-2	0.00000000E+0	0.00000000E+0
-1.95312500E-2	-6.67270017E-9	-6.67270017E-9	-1.95312500E-2	0.00000000E+0	0.00000000E+0
-2.19726563E-2	-7.46157003E-9	-7.46157003E-9	-2.19726563E-2	0.00000000E+0	0.00000000E+0
-2.44140625E-2	-8.27511037E-9	-8.27511037E-9	-2.44140625E-2	0.00000000E+0	0.00000000E+0
-2.68554688E-2	-9.11940035E-9	-9.11940035E-9	-2.68554688E-2	0.00000000E+0	0.00000000E+0
-2.92968750E-2	-1.00564002E-8	-1.00564002E-8	-2.92968750E-2	0.00000000E+0	0.00000000E+0
-3.17382813E-2	-1.08849996E-8	-1.08849996E-8	-3.17382813E-2	0.00000000E+0	0.00000000E+0
-3.41796875E-2	-1.17615997E-8	-1.17615997E-8	-3.41796875E-2	0.00000000E+0	0.00000000E+0
-3.66210938E-2	-1.27117001E-8	-1.27117001E-8	-3.66210938E-2	0.00000000E+0	0.00000000E+0
-3.90625000E-2	-1.37212997E-8	-1.37212997E-8	-3.90625000E-2	0.00000000E+0	0.00000000E+0
-4.15039063E-2	-1.47992996E-8	-1.47992996E-8	-4.15039063E-2	0.00000000E+0	0.00000000E+0
-4.39453125E-2	-1.15768000E-8	-1.15768000E-8	-4.39453125E-2	0.00000000E+0	0.00000000E+0
-4.63867188E-2	-1.43278998E-8	-1.43278998E-8	-4.63867188E-2	0.00000000E+0	0.00000000E+0
-4.88281250E-2	-1.35505998E-8	-1.35505998E-8	-4.88281250E-2	0.00000000E+0	0.00000000E+0
-5.12695313E-2	-1.21744002E-8	-1.21744002E-8	-5.12695313E-2	0.00000000E+0	0.00000000E+0
-5.37109375E-2	-1.08208997E-8	-1.08208997E-8	-5.37109375E-2	0.00000000E+0	0.00000000E+0
-5.61523438E-2	-1.00150999E-8	-1.00150999E-8	-5.61523438E-2	0.00000000E+0	0.00000000E+0
-5.85937500E-2	-9.39918010E-9	-9.39918010E-9	-5.85937500E-2	0.00000000E+0	0.00000000E+0
-6.10351563E-2	-8.99184016E-9	-8.99184016E-9	-6.10351563E-2	0.00000000E+0	0.00000000E+0
-6.34765625E-2	-8.66535999E-9	-8.66535999E-9	-6.34765625E-2	0.00000000E+0	0.00000000E+0
-6.59179688E-2	-8.43378967E-9	-8.43378967E-9	-6.59179688E-2	0.00000000E+0	0.00000000E+0
-6.83593750E-2	-8.22196000E-9	-8.22196000E-9	-6.83593750E-2	0.00000000E+0	0.00000000E+0
-7.08007813E-2	-8.08909029E-9	-8.08909029E-9	-7.08007813E-2	0.00000000E+0	0.00000000E+0
-7.32421875E-2	-7.99798006E-9	-7.99798006E-9	-7.32421875E-2	0.00000000E+0	0.00000000E+0
-7.56835938E-2	-7.98544963E-9	-7.98544963E-9	-7.56835938E-2	0.00000000E+0	0.00000000E+0
-7.81250000E-2	-8.22196000E-9	-8.22196000E-9	-7.81250000E-2	0.00000000E+0	0.00000000E+0
-8.05664063E-2	-8.32559977E-9	-8.32559977E-9	-8.05664063E-2	0.00000000E+0	0.00000000E+0
-8.30078125E-2	-8.37000957E-9	-8.37000957E-9	-8.30078125E-2	0.00000000E+0	0.00000000E+0
-8.54492188E-2	-8.34571967E-9	-8.34571967E-9	-8.54492188E-2	0.00000000E+0	0.00000000E+0
-8.78906250E-2	-8.45099990E-9	-8.45099990E-9	-8.78906250E-2	0.00000000E+0	0.00000000E+0
-9.03320313E-2	-8.51731041E-9	-8.51731041E-9	-9.03320313E-2	0.00000000E+0	0.00000000E+0
-9.27734375E-2	-8.61942961E-9	-8.61942961E-9	-9.27734375E-2	0.00000000E+0	0.00000000E+0
-9.52148438E-2	-8.74432970E-9	-8.74432970E-9	-9.52148438E-2	0.00000000E+0	0.00000000E+0
-9.76562500E-2	-8.87718965E-9	-8.87718965E-9	-9.76562500E-2	0.00000000E+0	0.00000000E+0
-1.00097656E-1	-9.09547992E-9	-9.09547992E-9	-1.00097656E-1	0.00000000E+0	0.00000000E+0
-1.02539062E-1	-9.24847043E-9	-9.24847043E-9	-1.02539062E-1	0.00000000E+0	0.00000000E+0
-1.04980469E-1	-9.43397982E-9	-9.43397982E-9	-1.04980469E-1	0.00000000E+0	0.00000000E+0
-1.07421875E-1	-9.63493019E-9	-9.63493019E-9	-1.07421875E-1	0.00000000E+0	0.00000000E+0
-1.09863281E-1	-9.83879023E-9	-9.83879023E-9	-1.09863281E-1	0.00000000E+0	0.00000000E+0
-1.12304687E-1	-1.00338999E-8	-1.00338999E-8	-1.12304687E-1	0.00000000E+0	0.00000000E+0
-1.14746094E-1	-1.02050999E-8	-1.02050999E-8	-1.14746094E-1	0.00000000E+0	0.00000000E+0
-1.17187500E-1	-1.03342002E-8	-1.03342002E-8	-1.17187500E-1	0.00000000E+0	0.00000000E+0
-1.19628906E-1	-1.05486002E-8	-1.05486002E-8	-1.19628906E-1	0.00000000E+0	0.00000000E+0
-1.22070312E-1	-1.07891998E-8	-1.07891998E-8	-1.22070312E-1	0.00000000E+0	0.00000000E+0
-1.24511719E-1	-1.10398002E-8	-1.10398002E-8	-1.24511719E-1	0.00000000E+0	0.00000000E+0
-1.26953125E-1	-1.12854996E-8	-1.12854996E-8	-1.26953125E-1	0.00000000E+0	0.00000000E+0
-1.29394531E-1	-1.15401999E-8	-1.15401999E-8	-1.29394531E-1	0.00000000E+0	0.00000000E+0
-1.31835937E-1	-1.17688996E-8	-1.17688996E-8	-1.31835937E-1	0.00000000E+0	0.00000000E+0
-1.34277344E-1	-1.20127002E-8	-1.20127002E-8	-1.34277344E-1	0.00000000E+0	0.00000000E+0
-1.36718750E-1	-1.22298003E-8	-1.22298003E-8	-1.36718750E-1	0.00000000E+0	0.00000000E+0
-1.39160156E-1	-1.24666997E-8	-1.24666997E-8	-1.39160156E-1	0.00000000E+0	0.00000000E+0
-1.41601562E-1	-1.26859003E-8	-1.26859003E-8	-1.41601562E-1	0.00000000E+0	0.00000000E+0
-1.44042969E-1	-1.29130999E-8	-1.29130999E-8	-1.44042969E-1	0.00000000E+0	0.00000000E+0
-1.46484375E-1	-1.32166997E-8	-1.32166997E-8	-1.46484375E-1	0.00000000E+0	0.00000000E+0
-1.48925781E-1	-1.34614000E-8	-1.34614000E-8	-1.48925781E-1	0.00000000E+0	0.00000000E+0
-1.51367187E-1	-1.36702996E-8	-1.36702996E-8	-1.51367187E-1	0.00000000E+0	0.00000000E+0
-1.53808594E-1	-1.39015999E-8	-1.39015999E-8	-1.53808594E-1	0.00000000E+0	0.00000000E+0
-1.56250000E-1	-1.41214000E-8	-1.41214000E-8	-1.56250000E-1	0.00000000E+0	0.00000000E+0
-1.58691406E-1	-1.43482000E-8	-1.43482000E-8	-1.58691406E-1	0.00000000E+0	0.00000000E+0
-1.61132812E-1	-1.45827004E-8	-1.45827004E-8	-1.61132812E-1	0.00000000E+0	0.00000000E+0
-1.63574219E-1	-1.48478003E-8	-1.48478003E-8	-1.63574219E-1	0.00000000E+0	0.00000000E+0
-1.66015625E-1	-1.50796993E-8	-1.50796993E-8	-1.66015625E-1	0.00000000E+0	0.00000000E+0
-1.68457031E-1	-1.53484994E-8	-1.53484994E-8	-1.68457031E-1	0.00000000E+0	0.00000000E+0
-1.70898437E-1	-1.55639004E-8	-1.55639004E-8	-1.70898437E-1	0.00000000E+0	0.00000000E+0
-1.73339844E-1	-1.58340008E-8	-1.58340008E-8	-1.73339844E-1	0.00000000E+0	0.00000000E+0
-1.75781250E-1	-1.60252007E-8	-1.60252007E-8	-1.75781250E-1	0.00000000E+0	0.00000000E+0
-1.78222656E-1	-1.62660001E-8	-1.62660001E-8	-1.78222656E-1	0.00000000E+0	0.00000000E+0
-1.80664062E-1	-1.64992002E-8	-1.64992002E-8	-1.80664062E-1	0.00000000E+0	0.00000000E+0
-1.83105469E-1	-1.67643002E-8	-1.67643002E-8	-1.83105469E-1	0.00000000E+0	0.00000000E+0
-1.85546875E-1	-1.70904997E-8	-1.70904997E-8	-1.85546875E-1	0.00000000E+0	0.00000000E+0
-1.87988281E-1	-1.72637993E-8	-1.72637993E-8	-1.87988281E-1	0.00000000E+0	0.00000000E+0
-1.90429687E-1	-1.74650996E-8	-1.74650996E-8	-1.90429687E-1	0.00000000E+0	0.00000000E+0
-1.92871094E-1	-1.77582002E-8	-1.77582002E-8	-1.92871094E-1	0.00000000E+0	0.00000000E+0
-1.95312500E-1	-1.80792998E-8	-1.80792998E-8	-1.95312500E-1	0.00000000E+0	0.00000000E+0
-1.97753906E-1	-1.78321002E-8	-1.78321002E-8	-1.97753906E-1	0.00000000E+0	0.00000000E+0
-2.00195312E-1	-1.85481994E-8	-1.85481994E-8	-2.00195312E-1	0.00000000E+0	0.00000000E+0
-2.02636719E-1	-1.86756992E-8	-1.86756992E-8	-2.02636719E-1	0.00000000E+0	0.00000000E+0
-2.05078125E-1	-1.88999003E-8	-1.88999003E-8	-2.05078125E-1	0.00000000E+0	0.00000000E+0
-2.07519531E-1	-1.91293008E-8	-1.91293008E-8	-2.07519531E-1	0.00000000E+0	0.00000000E+0
-2.09960937E-1	-1.93586995E-8	-1.93586995E-8	-2.09960937E-1	0.00000000E+0	0.00000000E+0
-2.12402344E-1	-1.95803995E-8	-1.95803995E-8	-2.12402344E-1	0.00000000E+0	0.00000000E+0
-2.14843750E-1	-1.98429007E-8	-1.98429007E-8	-2.14843750E-1	0.00000000E+0	0.00000000E+0
-2.17285156E-1	-1.99753991E-8	-1.99753991E-8	-2.17285156E-1	0.00000000E+0	0.00000000E+0
-2.19726562E-1	-2.03104999E-8	-2.03104999E-8	-2.19726562E-1	0.00000000E+0	0.00000000E+0
-2.22167969E-1	-2.04138004E-8	-2.04138004E-8	-2.22167969E-1	0.00000000E+0	0.00000000E+0
-2.24609375E-1	-2.06890007E-8	-2.06890007E-8	-2.24609375E-1	0.00000000E+0	0.00000000E+0
-2.27050781E-1	-2.09030997E-8	-2.09030997E-8	-2.27050781E-1	0.00000000E+0	0.00000000E+0
-2.29492187E-1	-2.11285993E-8	-2.11285993E-8	-2.29492187E-1	0.00000000E+0	0.00000000E+0
-2.31933594E-1	-2.13542002E-8	-2.13542002E-8	-2.31933594E-1	0.00000000E+0	0.00000000E+0
-2.34375000E-1	-2.03525996E-8	-2.03525996E-8	-2.34375000E-1	0.00000000E+0	0.00000000E+0
-2.36816406E-1	-2.18053007E-8	-2.18053007E-8	-2.36816406E-1	0.00000000E+0	0.00000000E+0
-2.39257812E-1	-2.19735004E-8	-2.19735004E-8	-2.39257812E-1	0.00000000E+0	0.00000000E+0
-2.41699219E-1	-2.21952003E-8	-2.21952003E-8	-2.41699219E-1	0.00000000E+0	0.00000000E+0
-2.44140625E-1	-2.23863008E-8	-2.23863008E-8	-2.44140625E-1	0.00000000E+0	0.00000000E+0
-2.46582031E-1	-2.26309993E-8	-2.26309993E-8	-2.46582031E-1	0.00000000E+0	0.00000000E+0
-2.49023437E-1	-2.28220998E-8	-2.28220998E-8	-2.49023437E-1	0.00000000E+0	0.00000000E+0
-2.51464844E-1	-2.30668000E-8	-2.30668000E-8	-2.51464844E-1	0.00000000E+0	0.00000000E+0
-2.53906250E-1	-2.19735004E-8	-2.19735004E-8	-2.53906250E-1	0.00000000E+0	0.00000000E+0
-2.56347656E-1	-2.31661996E-8	-2.31661996E-8	-2.56347656E-1	0.00000000E+0	0.00000000E+0
-2.58789062E-1	-2.36975009E-8	-2.36975009E-8	-2.58789062E-1	0.00000000E+0	0.00000000E+0
-2.61230469E-1	-2.39115998E-8	-2.39115998E-8	-2.61230469E-1	0.00000000E+0	0.00000000E+0
-2.63671875E-1	-2.41295002E-8	-2.41295002E-8	-2.63671875E-1	0.00000000E+0	0.00000000E+0
-2.66113281E-1	-2.37166997E-8	-2.37166997E-8	-2.66113281E-1	0.00000000E+0	0.00000000E+0
-2.68554687E-1	-2.45882994E-8	-2.45882994E-8	-2.68554687E-1	0.00000000E+0	0.00000000E+0
-2.70996094E-1	-2.47411993E-8	-2.47411993E-8	-2.70996094E-1	0.00000000E+0	0.00000000E+0
-2.73437500E-1	-2.49705003E-8	-2.49705003E-8	-2.73437500E-1	0.00000000E+0	0.00000000E+0
-2.75878906E-1	-2.52152006E-8	-2.52152006E-8	-2.75878906E-1	0.00000000E+0	0.00000000E+0
-2.78320312E-1	-2.53681005E-8	-2.53681005E-8	-2.78320312E-1	0.00000000E+0	0.00000000E+0
-2.80761719E-1	-2.55440007E-8	-2.55440007E-8	-2.80761719E-1	0.00000000E+0	0.00000000E+0
-2.83203125E-1	-2.57350994E-8	-2.57350994E-8	-2.83203125E-1	0.00000000E+0	0.00000000E+0
-2.85644531E-1	-2.59492001E-8	-2.59492001E-8	-2.85644531E-1	0.00000000E+0	0.00000000E+0
-2.88085937E-1	-2.61633009E-8	-2.61633009E-8	-2.88085937E-1	0.00000000E+0	0.00000000E+0
-2.90527344E-1	-2.63315005E-8	-2.63315005E-8	-2.90527344E-1	0.00000000E+0	0.00000000E+0
-2.92968750E-1	-2.65302003E-8	-2.65302003E-8	-2.92968750E-1	0.00000000E+0	0.00000000E+0
-2.95410156E-1	-2.67902003E-8	-2.67902003E-8	-2.95410156E-1	0.00000000E+0	0.00000000E+0
-2.97851562E-1	-2.69584000E-8	-2.69584000E-8	-2.97851562E-1	0.00000000E+0	0.00000000E+0
-3.00292969E-1	-2.71725007E-8	-2.71725007E-8	-3.00292969E-1	0.00000000E+0	0.00000000E+0
-3.02734375E-1	-2.73635994E-8	-2.73635994E-8	-3.02734375E-1	0.00000000E+0	0.00000000E+0
-3.05175781E-1	-2.75318008E-8	-2.75318008E-8	-3.05175781E-1	0.00000000E+0	0.00000000E+0
-3.07617187E-1	-2.76465002E-8	-2.76465002E-8	-3.07617187E-1	0.00000000E+0	0.00000000E+0
-3.10058594E-1	-2.78452994E-8	-2.78452994E-8	-3.10058594E-1	0.00000000E+0	0.00000000E+0
-3.12500000E-1	-2.80594001E-8	-2.80594001E-8	-3.12500000E-1	0.00000000E+0	0.00000000E+0
-3.14941406E-1	-2.83346004E-8	-2.83346004E-8	-3.14941406E-1	0.00000000E+0	0.00000000E+0
-3.17382812E-1	-2.84875004E-8	-2.84875004E-8	-3.17382812E-1	0.00000000E+0	0.00000000E+0
-3.19824219E-1	-2.86709998E-8	-2.86709998E-8	-3.19824219E-1	0.00000000E+0	0.00000000E+0
-3.22265625E-1	-2.88851005E-8	-2.88851005E-8	-3.22265625E-1	0.00000000E+0	0.00000000E+0
-3.24707031E-1	-2.90991995E-8	-2.90991995E-8	-3.24707031E-1	0.00000000E+0	0.00000000E+0
-3.27148437E-1	-2.92940996E-8	-2.92940996E-8	-3.27148437E-1	0.00000000E+0	0.00000000E+0
-3.29589844E-1	-2.94584996E-8	-2.94584996E-8	-3.29589844E-1	0.00000000E+0	0.00000000E+0
-3.32031250E-1	-2.91717992E-8	-2.91717992E-8	-3.32031250E-1	0.00000000E+0	0.00000000E+0
-3.34472656E-1	-2.90073991E-8	-2.90073991E-8	-3.34472656E-1	0.00000000E+0	0.00000000E+0
-3.36914062E-1	-3.00587004E-8	-3.00587004E-8	-3.36914062E-1	0.00000000E+0	0.00000000E+0
-3.39355469E-1	-2.85486994E-8	-2.85486994E-8	-3.39355469E-1	0.00000000E+0	0.00000000E+0
-3.41796875E-1	-3.03760004E-8	-3.03760004E-8	-3.41796875E-1	0.00000000E+0	0.00000000E+0
-3.44238281E-1	-3.05288985E-8	-3.05288985E-8	-3.44238281E-1	0.00000000E+0	0.00000000E+0
-3.46679687E-1	-3.06512007E-8	-3.06512007E-8	-3.46679687E-1	0.00000000E+0	0.00000000E+0
-3.49121094E-1	-3.08881987E-8	-3.08881987E-8	-3.49121094E-1	0.00000000E+0	0.00000000E+0
-3.51562500E-1	-2.98330995E-8	-2.98330995E-8	-3.51562500E-1	0.00000000E+0	0.00000000E+0
-3.54003906E-1	-3.12858006E-8	-3.12858006E-8	-3.54003906E-1	0.00000000E+0	0.00000000E+0
-3.56445312E-1	-3.10793986E-8	-3.10793986E-8	-3.56445312E-1	0.00000000E+0	0.00000000E+0
-3.58886719E-1	-3.15877990E-8	-3.15877990E-8	-3.58886719E-1	0.00000000E+0	0.00000000E+0
-3.61328125E-1	-3.18133999E-8	-3.18133999E-8	-3.61328125E-1	0.00000000E+0	0.00000000E+0
-3.63769531E-1	-3.13010986E-8	-3.13010986E-8	-3.63769531E-1	0.00000000E+0	0.00000000E+0
-3.66210937E-1	-3.21573985E-8	-3.21573985E-8	-3.66210937E-1	0.00000000E+0	0.00000000E+0
-3.68652344E-1	-3.24020988E-8	-3.24020988E-8	-3.68652344E-1	0.00000000E+0	0.00000000E+0
-3.71093750E-1	-3.25856000E-8	-3.25856000E-8	-3.71093750E-1	0.00000000E+0	0.00000000E+0
-3.73535156E-1	-3.19433013E-8	-3.19433013E-8	-3.73535156E-1	0.00000000E+0	0.00000000E+0
-3.75976562E-1	-3.28913998E-8	-3.28913998E-8	-3.75976562E-1	0.00000000E+0	0.00000000E+0
-3.78417969E-1	-3.30749010E-8	-3.30749010E-8	-3.78417969E-1	0.00000000E+0	0.00000000E+0
-3.80859375E-1	-3.32697994E-8	-3.32697994E-8	-3.80859375E-1	0.00000000E+0	0.00000000E+0
-3.83300781E-1	-3.24020988E-8	-3.24020988E-8	-3.83300781E-1	0.00000000E+0	0.00000000E+0
-3.85742187E-1	-3.33194983E-8	-3.33194983E-8	-3.85742187E-1	0.00000000E+0	0.00000000E+0
-3.88183594E-1	-3.38088988E-8	-3.38088988E-8	-3.88183594E-1	0.00000000E+0	0.00000000E+0
-3.90625000E-1	-3.35029995E-8	-3.35029995E-8	-3.90625000E-1	0.00000000E+0	0.00000000E+0
-3.93066406E-1	-3.41835005E-8	-3.41835005E-8	-3.93066406E-1	0.00000000E+0	0.00000000E+0
-3.95507812E-1	-3.40229001E-8	-3.40229001E-8	-3.95507812E-1	0.00000000E+0	0.00000000E+0
-3.97949219E-1	-3.45274991E-8	-3.45274991E-8	-3.97949219E-1	0.00000000E+0	0.00000000E+0
-4.00390625E-1	-3.34877015E-8	-3.34877015E-8	-4.00390625E-1	0.00000000E+0	0.00000000E+0
-4.02832031E-1	-3.48792000E-8	-3.48792000E-8	-4.02832031E-1	0.00000000E+0	0.00000000E+0
-4.05273437E-1	-3.50226017E-8	-3.50226017E-8	-4.05273437E-1	0.00000000E+0	0.00000000E+0
-4.07714844E-1	-3.51774005E-8	-3.51774005E-8	-4.07714844E-1	0.00000000E+0	0.00000000E+0
-4.10156250E-1	-3.51544998E-8	-3.51544998E-8	-4.10156250E-1	0.00000000E+0	0.00000000E+0
-4.12597656E-1	-3.53991005E-8	-3.53991005E-8	-4.12597656E-1	0.00000000E+0	0.00000000E+0
-4.15039062E-1	-3.56514001E-8	-3.56514001E-8	-4.15039062E-1	0.00000000E+0	0.00000000E+0
-4.17480469E-1	-3.58579015E-8	-3.58579015E-8	-4.17480469E-1	0.00000000E+0	0.00000000E+0
-4.19921875E-1	-3.55521017E-8	-3.55521017E-8	-4.19921875E-1	0.00000000E+0	0.00000000E+0
-4.22363281E-1	-3.62019001E-8	-3.62019001E-8	-4.22363281E-1	0.00000000E+0	0.00000000E+0
-4.24804687E-1	-3.61408006E-8	-3.61408006E-8	-4.24804687E-1	0.00000000E+0	0.00000000E+0
-4.27246094E-1	-3.64771999E-8	-3.64771999E-8	-4.27246094E-1	0.00000000E+0	0.00000000E+0
-4.29687500E-1	-3.53686005E-8	-3.53686005E-8	-4.29687500E-1	0.00000000E+0	0.00000000E+0
-4.32128906E-1	-3.59190011E-8	-3.59190011E-8	-4.32128906E-1	0.00000000E+0	0.00000000E+0
-4.34570312E-1	-3.65307002E-8	-3.65307002E-8	-4.34570312E-1	0.00000000E+0	0.00000000E+0
-4.37011719E-1	-3.59572994E-8	-3.59572994E-8	-4.37011719E-1	0.00000000E+0	0.00000000E+0
-4.39453125E-1	-3.62019001E-8	-3.62019001E-8	-4.39453125E-1	0.00000000E+0	0.00000000E+0
-4.41894531E-1	-3.73144005E-8	-3.73144005E-8	-4.41894531E-1	0.00000000E+0	0.00000000E+0
-4.44335937E-1	-3.75092988E-8	-3.75092988E-8	-4.44335937E-1	0.00000000E+0	0.00000000E+0
-4.46777344E-1	-3.74864015E-8	-3.74864015E-8	-4.46777344E-1	0.00000000E+0	0.00000000E+0
-4.49218750E-1	-3.78380989E-8	-3.78380989E-8	-4.49218750E-1	0.00000000E+0	0.00000000E+0
-4.51660156E-1	-3.78380989E-8	-3.78380989E-8	-4.51660156E-1	0.00000000E+0	0.00000000E+0
-4.54101562E-1	-3.73870002E-8	-3.73870002E-8	-4.54101562E-1	0.00000000E+0	0.00000000E+0
-4.56542969E-1	-3.75284017E-8	-3.75284017E-8	-4.56542969E-1	0.00000000E+0	0.00000000E+0
-4.58984375E-1	-3.85013017E-8	-3.85013017E-8	-4.58984375E-1	0.00000000E+0	0.00000000E+0
-4.61425781E-1	-3.82814989E-8	-3.82814989E-8	-4.61425781E-1	0.00000000E+0	0.00000000E+0
-4.63867187E-1	-3.86179018E-8	-3.86179018E-8	-4.63867187E-1	0.00000000E+0	0.00000000E+0
-4.66308594E-1	-3.84039005E-8	-3.84039005E-8	-4.66308594E-1	0.00000000E+0	0.00000000E+0
-4.68750000E-1	-3.89773014E-8	-3.89773014E-8	-4.68750000E-1	0.00000000E+0	0.00000000E+0
-4.71191406E-1	-3.90880999E-8	-3.90880999E-8	-4.71191406E-1	0.00000000E+0	0.00000000E+0
-4.73632812E-1	-3.75781006E-8	-3.75781006E-8	-4.73632812E-1	0.00000000E+0	0.00000000E+0
-4.76074219E-1	-3.86179018E-8	-3.86179018E-8	-4.76074219E-1	0.00000000E+0	0.00000000E+0
-4.78515625E-1	-3.95564008E-8	-3.95564008E-8	-4.78515625E-1	0.00000000E+0	0.00000000E+0
-4.80957031E-1	-3.91091994E-8	-3.91091994E-8	-4.80957031E-1	0.00000000E+0	0.00000000E+0
-4.83398437E-1	-3.97112991E-8	-3.97112991E-8	-4.83398437E-1	0.00000000E+0	0.00000000E+0
-4.85839844E-1	-3.96882989E-8	-3.96882989E-8	-4.85839844E-1	0.00000000E+0	0.00000000E+0
-4.88281250E-1	-3.94437016E-8	-3.94437016E-8	-4.88281250E-1	0.00000000E+0	0.00000000E+0
-4.90722656E-1	-4.00630000E-8	-4.00630000E-8	-4.90722656E-1	0.00000000E+0	0.00000000E+0
-4.93164062E-1	-4.01470999E-8	-4.01470999E-8	-4.93164062E-1	0.00000000E+0	0.00000000E+0
-4.90722656E-1	-3.92983992E-8	-3.92983992E-8	-4.90722656E-1	0.00000000E+0	0.00000000E+0
-4.88281250E-1	-3.93443003E-8	-3.93443003E-8	-4.88281250E-1	0.00000000E+0	0.00000000E+0
-4.85839844E-1	-3.98412006E-8	-3.98412006E-8	-4.85839844E-1	0.00000000E+0	0.00000000E+0
-4.83398437E-1	-3.89773014E-8	-3.89773014E-8	-4.83398437E-1	0.00000000E+0	0.00000000E+0
-4.80957031E-1	-3.92525017E-8	-3.92525017E-8	-4.80957031E-1	0.00000000E+0	0.00000000E+0
-4.78515625E-1	-3.86791008E-8	-3.86791008E-8	-4.78515625E-1	0.00000000E+0	0.00000000E+0
-4.76074219E-1	-3.93443003E-8	-3.93443003E-8	-4.76074219E-1	0.00000000E+0	0.00000000E+0
-4.73632812E-1	-3.92277002E-8	-3.92277002E-8	-4.73632812E-1	0.00000000E+0	0.00000000E+0
-4.71191406E-1	-3.87097003E-8	-3.87097003E-8	-4.71191406E-1	0.00000000E+0	0.00000000E+0
-4.68750000E-1	-3.81592002E-8	-3.81592002E-8	-4.68750000E-1	0.00000000E+0	0.00000000E+0
-4.66308594E-1	-3.81286007E-8	-3.81286007E-8	-4.66308594E-1	0.00000000E+0	0.00000000E+0
-4.63867187E-1	-3.86485013E-8	-3.86485013E-8	-4.63867187E-1	0.00000000E+0	0.00000000E+0
-4.61425781E-1	-3.78534004E-8	-3.78534004E-8	-4.61425781E-1	0.00000000E+0	0.00000000E+0
-4.58984375E-1	-3.74557985E-8	-3.74557985E-8	-4.58984375E-1	0.00000000E+0	0.00000000E+0
-4.56542969E-1	-3.81286007E-8	-3.81286007E-8	-4.56542969E-1	0.00000000E+0	0.00000000E+0
-4.54101562E-1	-3.81286007E-8	-3.81286007E-8	-4.54101562E-1	0.00000000E+0	0.00000000E+0
-4.51660156E-1	-3.79756990E-8	-3.79756990E-8	-4.51660156E-1	0.00000000E+0	0.00000000E+0
-4.49218750E-1	-3.65994985E-8	-3.65994985E-8	-4.49218750E-1	0.00000000E+0	0.00000000E+0
-4.46777344E-1	-3.63854014E-8	-3.63854014E-8	-4.46777344E-1	0.00000000E+0	0.00000000E+0
-4.44335937E-1	-3.69665010E-8	-3.69665010E-8	-4.44335937E-1	0.00000000E+0	0.00000000E+0
-4.41894531E-1	-3.73870002E-8	-3.73870002E-8	-4.41894531E-1	0.00000000E+0	0.00000000E+0
-4.39453125E-1	-3.68746988E-8	-3.68746988E-8	-4.39453125E-1	0.00000000E+0	0.00000000E+0
-4.37011719E-1	-3.71308992E-8	-3.71308992E-8	-4.37011719E-1	0.00000000E+0	0.00000000E+0
-4.34570312E-1	-3.52996992E-8	-3.52996992E-8	-4.34570312E-1	0.00000000E+0	0.00000000E+0
-4.32128906E-1	-3.67886983E-8	-3.67886983E-8	-4.32128906E-1	0.00000000E+0	0.00000000E+0
-4.29687500E-1	-3.64466004E-8	-3.64466004E-8	-4.29687500E-1	0.00000000E+0	0.00000000E+0
-4.27246094E-1	-3.65077995E-8	-3.65077995E-8	-4.27246094E-1	0.00000000E+0	0.00000000E+0
-4.24804687E-1	-3.63471990E-8	-3.63471990E-8	-4.24804687E-1	0.00000000E+0	0.00000000E+0
-4.22363281E-1	-3.59572994E-8	-3.59572994E-8	-4.22363281E-1	0.00000000E+0	0.00000000E+0
-4.19921875E-1	-3.58579015E-8	-3.58579015E-8	-4.19921875E-1	0.00000000E+0	0.00000000E+0
-4.17480469E-1	-3.58770009E-8	-3.58770009E-8	-4.17480469E-1	0.00000000E+0	0.00000000E+0
-4.15039062E-1	-3.48486999E-8	-3.48486999E-8	-4.15039062E-1	0.00000000E+0	0.00000000E+0
-4.12597656E-1	-3.56132013E-8	-3.56132013E-8	-4.12597656E-1	0.00000000E+0	0.00000000E+0
-4.10156250E-1	-3.52767984E-8	-3.52767984E-8	-4.10156250E-1	0.00000000E+0	0.00000000E+0
-4.07714844E-1	-3.52996992E-8	-3.52996992E-8	-4.07714844E-1	0.00000000E+0	0.00000000E+0
-4.05273437E-1	-3.35641985E-8	-3.35641985E-8	-4.05273437E-1	0.00000000E+0	0.00000000E+0
-4.02832031E-1	-3.37782993E-8	-3.37782993E-8	-4.02832031E-1	0.00000000E+0	0.00000000E+0
-4.00390625E-1	-3.42064013E-8	-3.42064013E-8	-4.00390625E-1	0.00000000E+0	0.00000000E+0
-3.97949219E-1	-3.43592994E-8	-3.43592994E-8	-3.97949219E-1	0.00000000E+0	0.00000000E+0
-3.95507812E-1	-3.39158994E-8	-3.39158994E-8	-3.95507812E-1	0.00000000E+0	0.00000000E+0
-3.93066406E-1	-3.37782993E-8	-3.37782993E-8	-3.93066406E-1	0.00000000E+0	0.00000000E+0
-3.90625000E-1	-3.33424985E-8	-3.33424985E-8	-3.90625000E-1	0.00000000E+0	0.00000000E+0
-3.88183594E-1	-3.39158994E-8	-3.39158994E-8	-3.88183594E-1	0.00000000E+0	0.00000000E+0
-3.85742187E-1	-3.32450014E-8	-3.32450014E-8	-3.85742187E-1	0.00000000E+0	0.00000000E+0
-3.83300781E-1	-3.35641985E-8	-3.35641985E-8	-3.83300781E-1	0.00000000E+0	0.00000000E+0
-3.80859375E-1	-3.21573985E-8	-3.21573985E-8	-3.80859375E-1	0.00000000E+0	0.00000000E+0
-3.78417969E-1	-3.24631984E-8	-3.24631984E-8	-3.78417969E-1	0.00000000E+0	0.00000000E+0
-3.75976562E-1	-3.29754997E-8	-3.29754997E-8	-3.75976562E-1	0.00000000E+0	0.00000000E+0
-3.73535156E-1	-3.28148992E-8	-3.28148992E-8	-3.73535156E-1	0.00000000E+0	0.00000000E+0
-3.71093750E-1	-3.26466996E-8	-3.26466996E-8	-3.71093750E-1	0.00000000E+0	0.00000000E+0
-3.68652344E-1	-3.18324993E-8	-3.18324993E-8	-3.68652344E-1	0.00000000E+0	0.00000000E+0
-3.66210937E-1	-3.19050990E-8	-3.19050990E-8	-3.66210937E-1	0.00000000E+0	0.00000000E+0
-3.63769531E-1	-3.07888008E-8	-3.07888008E-8	-3.63769531E-1	0.00000000E+0	0.00000000E+0
-3.61328125E-1	-3.06818002E-8	-3.06818002E-8	-3.61328125E-1	0.00000000E+0	0.00000000E+0
-3.58886719E-1	-3.17293001E-8	-3.17293001E-8	-3.58886719E-1	0.00000000E+0	0.00000000E+0
-3.56445312E-1	-3.15075006E-8	-3.15075006E-8	-3.56445312E-1	0.00000000E+0	0.00000000E+0
-3.54003906E-1	-3.04676995E-8	-3.04676995E-8	-3.54003906E-1	0.00000000E+0	0.00000000E+0
-3.51562500E-1	-3.11100017E-8	-3.11100017E-8	-3.51562500E-1	0.00000000E+0	0.00000000E+0
-3.49121094E-1	-2.99171994E-8	-2.99171994E-8	-3.49121094E-1	0.00000000E+0	0.00000000E+0
-3.46679687E-1	-3.06206012E-8	-3.06206012E-8	-3.46679687E-1	0.00000000E+0	0.00000000E+0
-3.44238281E-1	-3.05671009E-8	-3.05671009E-8	-3.44238281E-1	0.00000000E+0	0.00000000E+0
-3.41796875E-1	-3.04524015E-8	-3.04524015E-8	-3.41796875E-1	0.00000000E+0	0.00000000E+0
-3.39355469E-1	-3.02000984E-8	-3.02000984E-8	-3.39355469E-1	0.00000000E+0	0.00000000E+0
-3.36914062E-1	-2.99975014E-8	-2.99975014E-8	-3.36914062E-1	0.00000000E+0	0.00000000E+0
-3.34472656E-1	-2.97949008E-8	-2.97949008E-8	-3.34472656E-1	0.00000000E+0	0.00000000E+0
-3.32031250E-1	-2.95082003E-8	-2.95082003E-8	-3.32031250E-1	0.00000000E+0	0.00000000E+0
-3.29589844E-1	-2.94890992E-8	-2.94890992E-8	-3.29589844E-1	0.00000000E+0	0.00000000E+0
-3.27148437E-1	-2.90608995E-8	-2.90608995E-8	-3.27148437E-1	0.00000000E+0	0.00000000E+0
-3.24707031E-1	-2.90380004E-8	-2.90380004E-8	-3.24707031E-1	0.00000000E+0	0.00000000E+0
-3.22265625E-1	-2.88544992E-8	-2.88544992E-8	-3.22265625E-1	0.00000000E+0	0.00000000E+0
-3.19824219E-1	-2.85486994E-8	-2.85486994E-8	-3.19824219E-1	0.00000000E+0	0.00000000E+0
-3.17382812E-1	-2.78912005E-8	-2.78912005E-8	-3.17382812E-1	0.00000000E+0	0.00000000E+0
-3.14941406E-1	-2.83039991E-8	-2.83039991E-8	-3.14941406E-1	0.00000000E+0	0.00000000E+0
-3.12500000E-1	-2.80899002E-8	-2.80899002E-8	-3.12500000E-1	0.00000000E+0	0.00000000E+0
-3.10058594E-1	-2.78452994E-8	-2.78452994E-8	-3.10058594E-1	0.00000000E+0	0.00000000E+0
-3.07617187E-1	-2.76465002E-8	-2.76465002E-8	-3.07617187E-1	0.00000000E+0	0.00000000E+0
-3.05175781E-1	-2.74401000E-8	-2.74401000E-8	-3.05175781E-1	0.00000000E+0	0.00000000E+0
-3.02734375E-1	-2.72259992E-8	-2.72259992E-8	-3.02734375E-1	0.00000000E+0	0.00000000E+0
-3.00292969E-1	-2.70807003E-8	-2.70807003E-8	-3.00292969E-1	0.00000000E+0	0.00000000E+0
-2.97851562E-1	-2.68971991E-8	-2.68971991E-8	-2.97851562E-1	0.00000000E+0	0.00000000E+0
-2.95410156E-1	-2.66526001E-8	-2.66526001E-8	-2.95410156E-1	0.00000000E+0	0.00000000E+0
-2.92968750E-1	-2.64691007E-8	-2.64691007E-8	-2.92968750E-1	0.00000000E+0	0.00000000E+0
-2.90527344E-1	-2.53068997E-8	-2.53068997E-8	-2.90527344E-1	0.00000000E+0	0.00000000E+0
-2.88085937E-1	-2.54102002E-8	-2.54102002E-8	-2.88085937E-1	0.00000000E+0	0.00000000E+0
-2.85644531E-1	-2.58879993E-8	-2.58879993E-8	-2.85644531E-1	0.00000000E+0	0.00000000E+0
-2.83203125E-1	-2.56739003E-8	-2.56739003E-8	-2.83203125E-1	0.00000000E+0	0.00000000E+0
-2.80761719E-1	-2.55018993E-8	-2.55018993E-8	-2.80761719E-1	0.00000000E+0	0.00000000E+0
-2.78320312E-1	-2.47411993E-8	-2.47411993E-8	-2.78320312E-1	0.00000000E+0	0.00000000E+0
-2.75878906E-1	-2.50010999E-8	-2.50010999E-8	-2.75878906E-1	0.00000000E+0	0.00000000E+0
-2.73437500E-1	-2.42213005E-8	-2.42213005E-8	-2.73437500E-1	0.00000000E+0	0.00000000E+0
-2.70996094E-1	-2.46800003E-8	-2.46800003E-8	-2.70996094E-1	0.00000000E+0	0.00000000E+0
-2.68554687E-1	-2.44505998E-8	-2.44505998E-8	-2.68554687E-1	0.00000000E+0	0.00000000E+0
-2.66113281E-1	-2.42786005E-8	-2.42786005E-8	-2.66113281E-1	0.00000000E+0	0.00000000E+0
-2.63671875E-1	-2.40454003E-8	-2.40454003E-8	-2.63671875E-1	0.00000000E+0	0.00000000E+0
-2.61230469E-1	-2.39230999E-8	-2.39230999E-8	-2.61230469E-1	0.00000000E+0	0.00000000E+0
-2.58789062E-1	-2.36975009E-8	-2.36975009E-8	-2.58789062E-1	0.00000000E+0	0.00000000E+0
-2.56347656E-1	-2.34338007E-8	-2.34338007E-8	-2.56347656E-1	0.00000000E+0	0.00000000E+0
-2.53906250E-1	-2.33000002E-8	-2.33000002E-8	-2.53906250E-1	0.00000000E+0	0.00000000E+0
-2.51464844E-1	-2.31203003E-8	-2.31203003E-8	-2.51464844E-1	0.00000000E+0	0.00000000E+0
-2.49023437E-1	-2.28908998E-8	-2.28908998E-8	-2.49023437E-1	0.00000000E+0	0.00000000E+0
-2.46582031E-1	-2.26616006E-8	-2.26616006E-8	-2.46582031E-1	0.00000000E+0	0.00000000E+0
-2.44140625E-1	-2.17389999E-8	-2.17389999E-8	-2.44140625E-1	0.00000000E+0	0.00000000E+0
-2.41699219E-1	-2.22333991E-8	-2.22333991E-8	-2.41699219E-1	0.00000000E+0	0.00000000E+0
-2.39257812E-1	-2.20345999E-8	-2.20345999E-8	-2.39257812E-1	0.00000000E+0	0.00000000E+0
-2.36816406E-1	-2.18053007E-8	-2.18053007E-8	-2.36816406E-1	0.00000000E+0	0.00000000E+0
-2.34375000E-1	-2.16370992E-8	-2.16370992E-8	-2.34375000E-1	0.00000000E+0	0.00000000E+0
-2.31933594E-1	-2.13796998E-8	-2.13796998E-8	-2.31933594E-1	0.00000000E+0	0.00000000E+0
-2.29492187E-1	-2.11094999E-8	-2.11094999E-8	-2.29492187E-1	0.00000000E+0	0.00000000E+0
-2.27050781E-1	-2.08827000E-8	-2.08827000E-8	-2.27050781E-1	0.00000000E+0	0.00000000E+0
-2.24609375E-1	-2.06583994E-8	-2.06583994E-8	-2.24609375E-1	0.00000000E+0	0.00000000E+0
-2.22167969E-1	-1.98989998E-8	-1.98989998E-8	-2.22167969E-1	0.00000000E+0	0.00000000E+0
-2.19726562E-1	-2.01500008E-8	-2.01500008E-8	-2.19726562E-1	0.00000000E+0	0.00000000E+0
-2.17285156E-1	-1.99549994E-8	-1.99549994E-8	-2.17285156E-1	0.00000000E+0	0.00000000E+0
-2.14843750E-1	-1.97524006E-8	-1.97524006E-8	-2.14843750E-1	0.00000000E+0	0.00000000E+0
-2.12402344E-1	-1.95294003E-8	-1.95294003E-8	-2.12402344E-1	0.00000000E+0	0.00000000E+0
-2.09960937E-1	-1.93586995E-8	-1.93586995E-8	-2.09960937E-1	0.00000000E+0	0.00000000E+0
-2.07519531E-1	-1.91139993E-8	-1.91139993E-8	-2.07519531E-1	0.00000000E+0	0.00000000E+0
-2.05078125E-1	-1.88922993E-8	-1.88922993E-8	-2.05078125E-1	0.00000000E+0	0.00000000E+0
-2.02636719E-1	-1.86196001E-8	-1.86196001E-8	-2.02636719E-1	0.00000000E+0	0.00000000E+0
-2.00195312E-1	-1.84067996E-8	-1.84067996E-8	-2.00195312E-1	0.00000000E+0	0.00000000E+0
-1.97753906E-1	-1.81507005E-8	-1.81507005E-8	-1.97753906E-1	0.00000000E+0	0.00000000E+0
-1.95312500E-1	-1.78754007E-8	-1.78754007E-8	-1.95312500E-1	0.00000000E+0	0.00000000E+0
-1.92871094E-1	-1.76460997E-8	-1.76460997E-8	-1.92871094E-1	0.00000000E+0	0.00000000E+0
-1.90429687E-1	-1.74524004E-8	-1.74524004E-8	-1.90429687E-1	0.00000000E+0	0.00000000E+0
-1.87988281E-1	-1.72077002E-8	-1.72077002E-8	-1.87988281E-1	0.00000000E+0	0.00000000E+0
-1.85546875E-1	-1.69758003E-8	-1.69758003E-8	-1.85546875E-1	0.00000000E+0	0.00000000E+0
-1.83105469E-1	-1.66087997E-8	-1.66087997E-8	-1.83105469E-1	0.00000000E+0	0.00000000E+0
-1.80664062E-1	-1.63640994E-8	-1.63640994E-8	-1.80664062E-1	0.00000000E+0	0.00000000E+0
-1.78222656E-1	-1.60825007E-8	-1.60825007E-8	-1.78222656E-1	0.00000000E+0	0.00000000E+0
-1.75781250E-1	-1.59029003E-8	-1.59029003E-8	-1.75781250E-1	0.00000000E+0	0.00000000E+0
-1.73339844E-1	-1.56429003E-8	-1.56429003E-8	-1.73339844E-1	0.00000000E+0	0.00000000E+0
-1.70898437E-1	-1.53791007E-8	-1.53791007E-8	-1.70898437E-1	0.00000000E+0	0.00000000E+0
-1.68457031E-1	-1.51535993E-8	-1.51535993E-8	-1.68457031E-1	0.00000000E+0	0.00000000E+0
-1.66015625E-1	-1.48592001E-8	-1.48592001E-8	-1.66015625E-1	0.00000000E+0	0.00000000E+0
-1.63574219E-1	-1.46643000E-8	-1.46643000E-8	-1.63574219E-1	0.00000000E+0	0.00000000E+0
-1.61132812E-1	-1.43966998E-8	-1.43966998E-8	-1.61132812E-1	0.00000000E+0	0.00000000E+0
-1.58691406E-1	-1.42156997E-8	-1.42156997E-8	-1.58691406E-1	0.00000000E+0	0.00000000E+0
-1.56250000E-1	-1.39609000E-8	-1.39609000E-8	-1.56250000E-1	0.00000000E+0	0.00000000E+0
-1.53808594E-1	-1.37583003E-8	-1.37583003E-8	-1.53808594E-1	0.00000000E+0	0.00000000E+0
-1.51367187E-1	-1.35173996E-8	-1.35173996E-8	-1.51367187E-1	0.00000000E+0	0.00000000E+0
-1.48925781E-1	-1.33492000E-8	-1.33492000E-8	-1.48925781E-1	0.00000000E+0	0.00000000E+0
-1.46484375E-1	-1.31300002E-8	-1.31300002E-8	-1.46484375E-1	0.00000000E+0	0.00000000E+0
-1.44042969E-1	-1.28764004E-8	-1.28764004E-8	-1.44042969E-1	0.00000000E+0	0.00000000E+0
-1.41601562E-1	-1.26778001E-8	-1.26778001E-8	-1.41601562E-1	0.00000000E+0	0.00000000E+0
-1.39160156E-1	-1.24485000E-8	-1.24485000E-8	-1.39160156E-1	0.00000000E+0	0.00000000E+0
-1.36718750E-1	-1.22571002E-8	-1.22571002E-8	-1.36718750E-1	0.00000000E+0	0.00000000E+0
-1.34277344E-1	-1.20463000E-8	-1.20463000E-8	-1.34277344E-1	0.00000000E+0	0.00000000E+0
-1.31835937E-1	-1.18037002E-8	-1.18037002E-8	-1.31835937E-1	0.00000000E+0	0.00000000E+0
-1.29394531E-1	-1.15768000E-8	-1.15768000E-8	-1.29394531E-1	0.00000000E+0	0.00000000E+0
-1.26953125E-1	-1.13696004E-8	-1.13696004E-8	-1.26953125E-1	0.00000000E+0	0.00000000E+0
-1.24511719E-1	-1.12857004E-8	-1.12857004E-8	-1.24511719E-1	0.00000000E+0	0.00000000E+0
-1.22070312E-1	-1.09605001E-8	-1.09605001E-8	-1.22070312E-1	0.00000000E+0	0.00000000E+0
-1.19628906E-1	-1.06227001E-8	-1.06227001E-8	-1.19628906E-1	0.00000000E+0	0.00000000E+0
-1.17187500E-1	-1.03501003E-8	-1.03501003E-8	-1.17187500E-1	0.00000000E+0	0.00000000E+0
-1.14746094E-1	-1.02496998E-8	-1.02496998E-8	-1.14746094E-1	0.00000000E+0	0.00000000E+0
-1.12304687E-1	-1.00669002E-8	-1.00669002E-8	-1.12304687E-1	0.00000000E+0	0.00000000E+0
-1.09863281E-1	-9.79664971E-9	-9.79664971E-9	-1.09863281E-1	0.00000000E+0	0.00000000E+0
-1.07421875E-1	-9.56633972E-9	-9.56633972E-9	-1.07421875E-1	0.00000000E+0	0.00000000E+0
-1.04980469E-1	-9.36918987E-9	-9.36918987E-9	-1.04980469E-1	0.00000000E+0	0.00000000E+0
-1.02539062E-1	-9.13116960E-9	-9.13116960E-9	-1.02539062E-1	0.00000000E+0	0.00000000E+0
-1.00097656E-1	-8.93465035E-9	-8.93465035E-9	-1.00097656E-1	0.00000000E+0	0.00000000E+0
-9.76562500E-2	-8.69610961E-9	-8.69610961E-9	-9.76562500E-2	0.00000000E+0	0.00000000E+0
-9.52148438E-2	-8.52794013E-9	-8.52794013E-9	-9.52148438E-2	0.00000000E+0	0.00000000E+0
-9.27734375E-2	-8.37570990E-9	-8.37570990E-9	-9.27734375E-2	0.00000000E+0	0.00000000E+0
-9.03320313E-2	-8.21968005E-9	-8.21968005E-9	-9.03320313E-2	0.00000000E+0	0.00000000E+0
-8.78906250E-2	-8.06859024E-9	-8.06859024E-9	-8.78906250E-2	0.00000000E+0	0.00000000E+0
-8.54492188E-2	-8.01961964E-9	-8.01961964E-9	-8.54492188E-2	0.00000000E+0	0.00000000E+0
-8.30078125E-2	-7.91902011E-9	-7.91902011E-9	-8.30078125E-2	0.00000000E+0	0.00000000E+0
-8.05664063E-2	-7.91902011E-9	-7.91902011E-9	-8.05664063E-2	0.00000000E+0	0.00000000E+0
-7.81250000E-2	-7.86396992E-9	-7.86396992E-9	-7.81250000E-2	0.00000000E+0	0.00000000E+0
-7.56835938E-2	-7.89053978E-9	-7.89053978E-9	-7.56835938E-2	0.00000000E+0	0.00000000E+0
-7.32421875E-2	-7.89737964E-9	-7.89737964E-9	-7.32421875E-2	0.00000000E+0	0.00000000E+0
-7.08007813E-2	-7.98544963E-9	-7.98544963E-9	-7.08007813E-2	0.00000000E+0	0.00000000E+0
-6.83593750E-2	-8.04809019E-9	-8.04809019E-9	-6.83593750E-2	0.00000000E+0	0.00000000E+0
-6.59179688E-2	-8.21968005E-9	-8.21968005E-9	-6.59179688E-2	0.00000000E+0	0.00000000E+0
-6.34765625E-2	-8.43226999E-9	-8.43226999E-9	-6.34765625E-2	0.00000000E+0	0.00000000E+0
-6.10351563E-2	-8.67598970E-9	-8.67598970E-9	-6.10351563E-2	0.00000000E+0	0.00000000E+0
-5.85937500E-2	-9.06776965E-9	-9.06776965E-9	-5.85937500E-2	0.00000000E+0	0.00000000E+0
-5.61523438E-2	-9.64100000E-9	-9.64100000E-9	-5.61523438E-2	0.00000000E+0	0.00000000E+0
-5.37109375E-2	-1.03342002E-8	-1.03342002E-8	-5.37109375E-2	0.00000000E+0	0.00000000E+0
-5.12695313E-2	-1.13145999E-8	-1.13145999E-8	-5.12695313E-2	0.00000000E+0	0.00000000E+0
-4.88281250E-2	-1.24395996E-8	-1.24395996E-8	-4.88281250E-2	0.00000000E+0	0.00000000E+0
-4.63867188E-2	-1.36092000E-8	-1.36092000E-8	-4.63867188E-2	0.00000000E+0	0.00000000E+0
-4.39453125E-2	-1.40431000E-8	-1.40431000E-8	-4.39453125E-2	0.00000000E+0	0.00000000E+0
-4.15039063E-2	-1.39112002E-8	-1.39112002E-8	-4.15039063E-2	0.00000000E+0	0.00000000E+0
-3.90625000E-2	-1.50796993E-8	-1.50796993E-8	-3.90625000E-2	0.00000000E+0	0.00000000E+0
-3.66210938E-2	-1.39812997E-8	-1.39812997E-8	-3.66210938E-2	0.00000000E+0	0.00000000E+0
-3.41796875E-2	-1.30434001E-8	-1.30434001E-8	-3.41796875E-2	0.00000000E+0	0.00000000E+0
-3.17382813E-2	-1.20383001E-8	-1.20383001E-8	-3.17382813E-2	0.00000000E+0	0.00000000E+0
-2.92968750E-2	-1.10323004E-8	-1.10323004E-8	-2.92968750E-2	0.00000000E+0	0.00000000E+0
-2.68554688E-2	-1.00572999E-8	-1.00572999E-8	-2.68554688E-2	0.00000000E+0	0.00000000E+0
-2.44140625E-2	-9.04346997E-9	-9.04346997E-9	-2.44140625E-2	0.00000000E+0	0.00000000E+0
-2.19726563E-2	-8.10199996E-9	-8.10199996E-9	-2.19726563E-2	0.00000000E+0	0.00000000E+0
-1.95312500E-2	-7.18139992E-9	-7.18139992E-9	-1.95312500E-2	0.00000000E+0	0.00000000E+0
-1.70898438E-2	-6.32154995E-9	-6.32154995E-9	-1.70898438E-2	0.00000000E+0	0.00000000E+0
-1.46484375E-2	-5.44613021E-9	-5.44613021E-9	-1.46484375E-2	0.00000000E+0	0.00000000E+0
-1.22070313E-2	-4.53501992E-9	-4.53501992E-9	-1.22070313E-2	0.00000000E+0	0.00000000E+0
-9.76562500E-3	-3.53812002E-9	-3.53812002E-9	-9.76562500E-3	0.00000000E+0	0.00000000E+0
-7.32421875E-3	-2.66649991E-9	-2.66649991E-9	-7.32421875E-3	0.00000000E+0	0.00000000E+0
-4.88281250E-3	-1.90269001E-9	-1.90269001E-9	-4.88281250E-3	0.00000000E+0	0.00000000E+0
-2.44140625E-3	-9.77298020E-10	-9.77298020E-10	-2.44140625E-3	0.00000000E+0	0.00000000E+0
0.00000000E+0	-6.81818005E-11	-6.81818005E-11	0.00000000E+0	0.00000000E+0	0.00000000E+0
