Date: do 28 mrt 2013, Material: Au, Temp: 4.2 K
AO1 - module gain: 1.0E+0, R_out: 0.0
AO2 - module gain: 1.0E+2
MUX1 - ADC gain: 4, logarithmic amplifier: D:\LabVIEW Data\Lithographic MCBJ\MED24_070412.TXT, R_in: 0.000
MUX2 - ADC gain: 4, linear amplifier: 1.000000 x 1e10 V/A, R_in: 1.000
Breaking trace: 15 0
Axis position: -882.763889
Vbias (V)	<I> and Ii MUX1 (A)	Vbias (V)	<I> and Ii MUX2 (A)
@
0.00000000E+0	-3.99667993E-10	-3.99667993E-10	0.00000000E+0	0.00000000E+0	0.00000000E+0
2.44140625E-3	1.64226999E-9	1.64226999E-9	2.44140625E-3	0.00000000E+0	0.00000000E+0
4.88281250E-3	4.42341008E-9	4.42341008E-9	4.88281250E-3	0.00000000E+0	0.00000000E+0
7.32421875E-3	7.24442017E-9	7.24442017E-9	7.32421875E-3	0.00000000E+0	0.00000000E+0
9.76562500E-3	1.02064002E-8	1.02064002E-8	9.76562500E-3	0.00000000E+0	0.00000000E+0
1.22070313E-2	1.32498004E-8	1.32498004E-8	1.22070313E-2	0.00000000E+0	0.00000000E+0
1.46484375E-2	1.64279008E-8	1.64279008E-8	1.46484375E-2	0.00000000E+0	0.00000000E+0
1.70898438E-2	1.95192005E-8	1.95192005E-8	1.70898438E-2	0.00000000E+0	0.00000000E+0
1.95312500E-2	2.27800996E-8	2.27800996E-8	1.95312500E-2	0.00000000E+0	0.00000000E+0
2.19726563E-2	2.58345008E-8	2.58345008E-8	2.19726563E-2	0.00000000E+0	0.00000000E+0
2.44140625E-2	2.91603008E-8	2.91603008E-8	2.44140625E-2	0.00000000E+0	0.00000000E+0
2.68554688E-2	3.21802993E-8	3.21802993E-8	2.68554688E-2	0.00000000E+0	0.00000000E+0
2.92968750E-2	3.57203014E-8	3.57203014E-8	2.92968750E-2	0.00000000E+0	0.00000000E+0
3.17382813E-2	3.85567986E-8	3.85567986E-8	3.17382813E-2	0.00000000E+0	0.00000000E+0
3.41796875E-2	4.19667003E-8	4.19667003E-8	3.41796875E-2	0.00000000E+0	0.00000000E+0
3.66210938E-2	4.51778988E-8	4.51778988E-8	3.66210938E-2	0.00000000E+0	0.00000000E+0
3.90625000E-2	4.88019012E-8	4.88019012E-8	3.90625000E-2	0.00000000E+0	0.00000000E+0
4.15039063E-2	5.19213010E-8	5.19213010E-8	4.15039063E-2	0.00000000E+0	0.00000000E+0
4.39453125E-2	5.48647989E-8	5.48647989E-8	4.39453125E-2	0.00000000E+0	0.00000000E+0
4.63867188E-2	5.82212998E-8	5.82212998E-8	4.63867188E-2	0.00000000E+0	0.00000000E+0
4.88281250E-2	6.17497022E-8	6.17497022E-8	4.88281250E-2	0.00000000E+0	0.00000000E+0
5.12695313E-2	6.57941968E-8	6.57941968E-8	5.12695313E-2	0.00000000E+0	0.00000000E+0
5.37109375E-2	6.82676031E-8	6.82676031E-8	5.37109375E-2	0.00000000E+0	0.00000000E+0
5.61523438E-2	7.16699020E-8	7.16699020E-8	5.61523438E-2	0.00000000E+0	0.00000000E+0
5.85937500E-2	7.46630988E-8	7.46630988E-8	5.85937500E-2	0.00000000E+0	0.00000000E+0
6.10351563E-2	7.78819000E-8	7.78819000E-8	6.10351563E-2	0.00000000E+0	0.00000000E+0
6.34765625E-2	8.09057994E-8	8.09057994E-8	6.34765625E-2	0.00000000E+0	0.00000000E+0
6.59179688E-2	8.40405008E-8	8.40405008E-8	6.59179688E-2	0.00000000E+0	0.00000000E+0
6.83593750E-2	8.76148007E-8	8.76148007E-8	6.83593750E-2	0.00000000E+0	0.00000000E+0
7.08007813E-2	9.02869033E-8	9.02869033E-8	7.08007813E-2	0.00000000E+0	0.00000000E+0
7.32421875E-2	9.36204003E-8	9.36204003E-8	7.32421875E-2	0.00000000E+0	0.00000000E+0
7.56835938E-2	9.70646994E-8	9.70646994E-8	7.56835938E-2	0.00000000E+0	0.00000000E+0
7.81250000E-2	1.00229002E-7	1.00229002E-7	7.81250000E-2	0.00000000E+0	0.00000000E+0
8.05664063E-2	1.02881998E-7	1.02881998E-7	8.05664063E-2	0.00000000E+0	0.00000000E+0
8.30078125E-2	1.07744000E-7	1.07744000E-7	8.30078125E-2	0.00000000E+0	0.00000000E+0
8.54492188E-2	1.10724002E-7	1.10724002E-7	8.54492188E-2	0.00000000E+0	0.00000000E+0
8.78906250E-2	1.13307998E-7	1.13307998E-7	8.78906250E-2	0.00000000E+0	0.00000000E+0
9.03320313E-2	1.16812998E-7	1.16812998E-7	9.03320313E-2	0.00000000E+0	0.00000000E+0
9.27734375E-2	1.20026002E-7	1.20026002E-7	9.27734375E-2	0.00000000E+0	0.00000000E+0
9.52148438E-2	1.22838003E-7	1.22838003E-7	9.52148438E-2	0.00000000E+0	0.00000000E+0
9.76562500E-2	1.26339998E-7	1.26339998E-7	9.76562500E-2	0.00000000E+0	0.00000000E+0
1.00097656E-1	1.29392006E-7	1.29392006E-7	1.00097656E-1	0.00000000E+0	0.00000000E+0
1.02539062E-1	1.32468998E-7	1.32468998E-7	1.02539062E-1	0.00000000E+0	0.00000000E+0
1.04980469E-1	1.33691003E-7	1.33691003E-7	1.04980469E-1	0.00000000E+0	0.00000000E+0
1.07421875E-1	1.36617999E-7	1.36617999E-7	1.07421875E-1	0.00000000E+0	0.00000000E+0
1.09863281E-1	1.39749005E-7	1.39749005E-7	1.09863281E-1	0.00000000E+0	0.00000000E+0
1.12304687E-1	1.42440996E-7	1.42440996E-7	1.12304687E-1	0.00000000E+0	0.00000000E+0
1.14746094E-1	1.45273006E-7	1.45273006E-7	1.14746094E-1	0.00000000E+0	0.00000000E+0
1.17187500E-1	1.47945997E-7	1.47945997E-7	1.17187500E-1	0.00000000E+0	0.00000000E+0
1.19628906E-1	1.51153003E-7	1.51153003E-7	1.19628906E-1	0.00000000E+0	0.00000000E+0
1.22070312E-1	1.53914996E-7	1.53914996E-7	1.22070312E-1	0.00000000E+0	0.00000000E+0
1.24511719E-1	1.56320993E-7	1.56320993E-7	1.24511719E-1	0.00000000E+0	0.00000000E+0
1.26953125E-1	1.59910002E-7	1.59910002E-7	1.26953125E-1	0.00000000E+0	0.00000000E+0
1.29394531E-1	1.62633995E-7	1.62633995E-7	1.29394531E-1	0.00000000E+0	0.00000000E+0
1.31835937E-1	1.65637005E-7	1.65637005E-7	1.31835937E-1	0.00000000E+0	0.00000000E+0
1.34277344E-1	1.70907001E-7	1.70907001E-7	1.34277344E-1	0.00000000E+0	0.00000000E+0
1.36718750E-1	1.73274003E-7	1.73274003E-7	1.36718750E-1	0.00000000E+0	0.00000000E+0
1.39160156E-1	1.73960998E-7	1.73960998E-7	1.39160156E-1	0.00000000E+0	0.00000000E+0
1.41601562E-1	1.76404995E-7	1.76404995E-7	1.41601562E-1	0.00000000E+0	0.00000000E+0
1.44042969E-1	1.80529000E-7	1.80529000E-7	1.44042969E-1	0.00000000E+0	0.00000000E+0
1.46484375E-1	1.81903005E-7	1.81903005E-7	1.46484375E-1	0.00000000E+0	0.00000000E+0
1.48925781E-1	1.82514000E-7	1.82514000E-7	1.48925781E-1	0.00000000E+0	0.00000000E+0
1.51367187E-1	1.85568993E-7	1.85568993E-7	1.51367187E-1	0.00000000E+0	0.00000000E+0
1.53808594E-1	1.89158001E-7	1.89158001E-7	1.53808594E-1	0.00000000E+0	0.00000000E+0
1.56250000E-1	1.92696007E-7	1.92696007E-7	1.56250000E-1	0.00000000E+0	0.00000000E+0
1.58691406E-1	1.95191006E-7	1.95191006E-7	1.58691406E-1	0.00000000E+0	0.00000000E+0
1.61132812E-1	1.97825997E-7	1.97825997E-7	1.61132812E-1	0.00000000E+0	0.00000000E+0
1.63574219E-1	2.00537002E-7	2.00537002E-7	1.63574219E-1	0.00000000E+0	0.00000000E+0
1.66015625E-1	2.04049002E-7	2.04049002E-7	1.66015625E-1	0.00000000E+0	0.00000000E+0
1.68457031E-1	2.07409002E-7	2.07409002E-7	1.68457031E-1	0.00000000E+0	0.00000000E+0
1.70898437E-1	2.10159001E-7	2.10159001E-7	1.70898437E-1	0.00000000E+0	0.00000000E+0
1.73339844E-1	2.13212999E-7	2.13212999E-7	1.73339844E-1	0.00000000E+0	0.00000000E+0
1.75781250E-1	2.16152998E-7	2.16152998E-7	1.75781250E-1	0.00000000E+0	0.00000000E+0
1.78222656E-1	2.22072003E-7	2.22072003E-7	1.78222656E-1	0.00000000E+0	0.00000000E+0
1.80664062E-1	2.22682999E-7	2.22682999E-7	1.80664062E-1	0.00000000E+0	0.00000000E+0
1.83105469E-1	2.24363006E-7	2.24363006E-7	1.83105469E-1	0.00000000E+0	0.00000000E+0
1.85546875E-1	2.28003003E-7	2.28003003E-7	1.85546875E-1	0.00000000E+0	0.00000000E+0
1.87988281E-1	2.30929999E-7	2.30929999E-7	1.87988281E-1	0.00000000E+0	0.00000000E+0
1.90429687E-1	2.33985006E-7	2.33985006E-7	1.90429687E-1	0.00000000E+0	0.00000000E+0
1.92871094E-1	2.39025013E-7	2.39025013E-7	1.92871094E-1	0.00000000E+0	0.00000000E+0
1.95312500E-1	2.39788989E-7	2.39788989E-7	1.95312500E-1	0.00000000E+0	0.00000000E+0
1.97753906E-1	2.43225003E-7	2.43225003E-7	1.97753906E-1	0.00000000E+0	0.00000000E+0
2.00195312E-1	2.45745014E-7	2.45745014E-7	2.00195312E-1	0.00000000E+0	0.00000000E+0
2.02636719E-1	2.48647012E-7	2.48647012E-7	2.02636719E-1	0.00000000E+0	0.00000000E+0
2.05078125E-1	2.52082998E-7	2.52082998E-7	2.05078125E-1	0.00000000E+0	0.00000000E+0
2.07519531E-1	2.54451010E-7	2.54451010E-7	2.07519531E-1	0.00000000E+0	0.00000000E+0
2.09960937E-1	2.57200014E-7	2.57200014E-7	2.09960937E-1	0.00000000E+0	0.00000000E+0
2.12402344E-1	2.60560000E-7	2.60560000E-7	2.12402344E-1	0.00000000E+0	0.00000000E+0
2.14843750E-1	2.63309005E-7	2.63309005E-7	2.14843750E-1	0.00000000E+0	0.00000000E+0
2.17285156E-1	2.66746014E-7	2.66746014E-7	2.17285156E-1	0.00000000E+0	0.00000000E+0
2.19726562E-1	2.69265996E-7	2.69265996E-7	2.19726562E-1	0.00000000E+0	0.00000000E+0
2.22167969E-1	2.72550011E-7	2.72550011E-7	2.22167969E-1	0.00000000E+0	0.00000000E+0
2.24609375E-1	2.77081000E-7	2.77081000E-7	2.24609375E-1	0.00000000E+0	0.00000000E+0
2.27050781E-1	2.82629998E-7	2.82629998E-7	2.27050781E-1	0.00000000E+0	0.00000000E+0
2.29492187E-1	2.86983010E-7	2.86983010E-7	2.29492187E-1	0.00000000E+0	0.00000000E+0
2.31933594E-1	2.86983010E-7	2.86983010E-7	2.31933594E-1	0.00000000E+0	0.00000000E+0
2.34375000E-1	2.89425998E-7	2.89425998E-7	2.34375000E-1	0.00000000E+0	0.00000000E+0
2.36816406E-1	2.89654992E-7	2.89654992E-7	2.36816406E-1	0.00000000E+0	0.00000000E+0
2.39257812E-1	2.92404991E-7	2.92404991E-7	2.39257812E-1	0.00000000E+0	0.00000000E+0
2.41699219E-1	2.94543014E-7	2.94543014E-7	2.41699219E-1	0.00000000E+0	0.00000000E+0
2.44140625E-1	2.98207993E-7	2.98207993E-7	2.44140625E-1	0.00000000E+0	0.00000000E+0
2.46582031E-1	3.00652005E-7	3.00652005E-7	2.46582031E-1	0.00000000E+0	0.00000000E+0
2.49023437E-1	3.03897991E-7	3.03897991E-7	2.49023437E-1	0.00000000E+0	0.00000000E+0
2.51464844E-1	3.06837990E-7	3.06837990E-7	2.51464844E-1	0.00000000E+0	0.00000000E+0
2.53906250E-1	3.12107005E-7	3.12107005E-7	2.53906250E-1	0.00000000E+0	0.00000000E+0
2.56347656E-1	3.12107005E-7	3.12107005E-7	2.56347656E-1	0.00000000E+0	0.00000000E+0
2.58789062E-1	3.15773008E-7	3.15773008E-7	2.58789062E-1	0.00000000E+0	0.00000000E+0
2.61230469E-1	3.20277991E-7	3.20277991E-7	2.61230469E-1	0.00000000E+0	0.00000000E+0
2.63671875E-1	3.26540004E-7	3.26540004E-7	2.63671875E-1	0.00000000E+0	0.00000000E+0
2.66113281E-1	3.30206007E-7	3.30206007E-7	2.66113281E-1	0.00000000E+0	0.00000000E+0
2.68554687E-1	3.31808991E-7	3.31808991E-7	2.68554687E-1	0.00000000E+0	0.00000000E+0
2.70996094E-1	3.34864012E-7	3.34864012E-7	2.70996094E-1	0.00000000E+0	0.00000000E+0
2.73437500E-1	3.38529986E-7	3.38529986E-7	2.73437500E-1	0.00000000E+0	0.00000000E+0
2.75878906E-1	3.42080995E-7	3.42080995E-7	2.75878906E-1	0.00000000E+0	0.00000000E+0
2.78320312E-1	3.46241990E-7	3.46241990E-7	2.78320312E-1	0.00000000E+0	0.00000000E+0
2.80761719E-1	3.48074991E-7	3.48074991E-7	2.80761719E-1	0.00000000E+0	0.00000000E+0
2.83203125E-1	3.51130012E-7	3.51130012E-7	2.83203125E-1	0.00000000E+0	0.00000000E+0
2.85644531E-1	3.55292002E-7	3.55292002E-7	2.85644531E-1	0.00000000E+0	0.00000000E+0
2.88085937E-1	3.57926012E-7	3.57926012E-7	2.88085937E-1	0.00000000E+0	0.00000000E+0
2.90527344E-1	3.61667986E-7	3.61667986E-7	2.90527344E-1	0.00000000E+0	0.00000000E+0
2.92968750E-1	3.62431990E-7	3.62431990E-7	2.92968750E-1	0.00000000E+0	0.00000000E+0
2.95410156E-1	3.66709003E-7	3.66709003E-7	2.95410156E-1	0.00000000E+0	0.00000000E+0
2.97851562E-1	3.70679999E-7	3.70679999E-7	2.97851562E-1	0.00000000E+0	0.00000000E+0
3.00292969E-1	3.73122987E-7	3.73122987E-7	3.00292969E-1	0.00000000E+0	0.00000000E+0
3.02734375E-1	3.78697990E-7	3.78697990E-7	3.02734375E-1	0.00000000E+0	0.00000000E+0
3.05175781E-1	3.79309000E-7	3.79309000E-7	3.05175781E-1	0.00000000E+0	0.00000000E+0
3.07617187E-1	3.83203997E-7	3.83203997E-7	3.07617187E-1	0.00000000E+0	0.00000000E+0
3.10058594E-1	3.85838007E-7	3.85838007E-7	3.10058594E-1	0.00000000E+0	0.00000000E+0
3.12500000E-1	3.89885997E-7	3.89885997E-7	3.12500000E-1	0.00000000E+0	0.00000000E+0
3.14941406E-1	3.95193013E-7	3.95193013E-7	3.14941406E-1	0.00000000E+0	0.00000000E+0
3.17382812E-1	3.98057011E-7	3.98057011E-7	3.17382812E-1	0.00000000E+0	0.00000000E+0
3.19824219E-1	3.99774990E-7	3.99774990E-7	3.19824219E-1	0.00000000E+0	0.00000000E+0
3.22265625E-1	3.99355002E-7	3.99355002E-7	3.22265625E-1	0.00000000E+0	0.00000000E+0
3.24707031E-1	4.03745986E-7	4.03745986E-7	3.24707031E-1	0.00000000E+0	0.00000000E+0
3.27148437E-1	4.08327992E-7	4.08327992E-7	3.27148437E-1	0.00000000E+0	0.00000000E+0
3.29589844E-1	4.10772003E-7	4.10772003E-7	3.29589844E-1	0.00000000E+0	0.00000000E+0
3.32031250E-1	4.13330014E-7	4.13330014E-7	3.32031250E-1	0.00000000E+0	0.00000000E+0
3.34472656E-1	4.15659002E-7	4.15659002E-7	3.34472656E-1	0.00000000E+0	0.00000000E+0
3.36914062E-1	4.18025991E-7	4.18025991E-7	3.36914062E-1	0.00000000E+0	0.00000000E+0
3.39355469E-1	4.25433996E-7	4.25433996E-7	3.39355469E-1	0.00000000E+0	0.00000000E+0
3.41796875E-1	4.31618986E-7	4.31618986E-7	3.41796875E-1	0.00000000E+0	0.00000000E+0
3.44238281E-1	4.32288005E-7	4.32288005E-7	3.44238281E-1	0.00000000E+0	0.00000000E+0
3.46679687E-1	4.34979995E-7	4.34979995E-7	3.46679687E-1	0.00000000E+0	0.00000000E+0
3.49121094E-1	4.37652005E-7	4.37652005E-7	3.49121094E-1	0.00000000E+0	0.00000000E+0
3.51562500E-1	4.44753994E-7	4.44753994E-7	3.51562500E-1	0.00000000E+0	0.00000000E+0
3.54003906E-1	4.44373001E-7	4.44373001E-7	3.54003906E-1	0.00000000E+0	0.00000000E+0
3.56445312E-1	4.42311006E-7	4.42311006E-7	3.56445312E-1	0.00000000E+0	0.00000000E+0
3.58886719E-1	4.46282002E-7	4.46282002E-7	3.58886719E-1	0.00000000E+0	0.00000000E+0
3.61328125E-1	4.54835003E-7	4.54835003E-7	3.61328125E-1	0.00000000E+0	0.00000000E+0
3.63769531E-1	4.57048998E-7	4.57048998E-7	3.63769531E-1	0.00000000E+0	0.00000000E+0
3.66210937E-1	4.62776995E-7	4.62776995E-7	3.66210937E-1	0.00000000E+0	0.00000000E+0
3.68652344E-1	4.60333013E-7	4.60333013E-7	3.68652344E-1	0.00000000E+0	0.00000000E+0
3.71093750E-1	4.62298999E-7	4.62298999E-7	3.71093750E-1	0.00000000E+0	0.00000000E+0
3.73535156E-1	4.65830993E-7	4.65830993E-7	3.73535156E-1	0.00000000E+0	0.00000000E+0
3.75976562E-1	4.68847986E-7	4.68847986E-7	3.75976562E-1	0.00000000E+0	0.00000000E+0
3.78417969E-1	4.70184006E-7	4.70184006E-7	3.78417969E-1	0.00000000E+0	0.00000000E+0
3.80859375E-1	4.73850008E-7	4.73850008E-7	3.80859375E-1	0.00000000E+0	0.00000000E+0
3.83300781E-1	4.75683009E-7	4.75683009E-7	3.83300781E-1	0.00000000E+0	0.00000000E+0
3.85742187E-1	4.79653977E-7	4.79653977E-7	3.85742187E-1	0.00000000E+0	0.00000000E+0
3.88183594E-1	4.82574990E-7	4.82574990E-7	3.88183594E-1	0.00000000E+0	0.00000000E+0
3.90625000E-1	4.84234988E-7	4.84234988E-7	3.90625000E-1	0.00000000E+0	0.00000000E+0
3.93066406E-1	4.91872015E-7	4.91872015E-7	3.93066406E-1	0.00000000E+0	0.00000000E+0
3.95507812E-1	4.94010010E-7	4.94010010E-7	3.95507812E-1	0.00000000E+0	0.00000000E+0
3.97949219E-1	4.98287022E-7	4.98287022E-7	3.97949219E-1	0.00000000E+0	0.00000000E+0
4.00390625E-1	5.01227021E-7	5.01227021E-7	4.00390625E-1	0.00000000E+0	0.00000000E+0
4.02832031E-1	5.01646980E-7	5.01646980E-7	4.02832031E-1	0.00000000E+0	0.00000000E+0
4.05273437E-1	5.06916024E-7	5.06916024E-7	4.05273437E-1	0.00000000E+0	0.00000000E+0
4.07714844E-1	5.08137987E-7	5.08137987E-7	4.07714844E-1	0.00000000E+0	0.00000000E+0
4.10156250E-1	5.14858016E-7	5.14858016E-7	4.10156250E-1	0.00000000E+0	0.00000000E+0
4.12597656E-1	5.17072976E-7	5.17072976E-7	4.12597656E-1	0.00000000E+0	0.00000000E+0
4.15039062E-1	5.17072976E-7	5.17072976E-7	4.15039062E-1	0.00000000E+0	0.00000000E+0
4.17480469E-1	5.16385001E-7	5.16385001E-7	4.17480469E-1	0.00000000E+0	0.00000000E+0
4.19921875E-1	5.20890978E-7	5.20890978E-7	4.19921875E-1	0.00000000E+0	0.00000000E+0
4.22363281E-1	5.25740006E-7	5.25740006E-7	4.22363281E-1	0.00000000E+0	0.00000000E+0
4.24804687E-1	5.30130990E-7	5.30130990E-7	4.24804687E-1	0.00000000E+0	0.00000000E+0
4.27246094E-1	5.33185982E-7	5.33185982E-7	4.27246094E-1	0.00000000E+0	0.00000000E+0
4.29687500E-1	5.37844016E-7	5.37844016E-7	4.29687500E-1	0.00000000E+0	0.00000000E+0
4.32128906E-1	5.39600990E-7	5.39600990E-7	4.32128906E-1	0.00000000E+0	0.00000000E+0
4.34570312E-1	5.43037004E-7	5.43037004E-7	4.34570312E-1	0.00000000E+0	0.00000000E+0
4.37011719E-1	5.44259024E-7	5.44259024E-7	4.37011719E-1	0.00000000E+0	0.00000000E+0
4.39453125E-1	5.50254015E-7	5.50254015E-7	4.39453125E-1	0.00000000E+0	0.00000000E+0
4.41894531E-1	5.51590006E-7	5.51590006E-7	4.41894531E-1	0.00000000E+0	0.00000000E+0
4.44335937E-1	5.55867018E-7	5.55867018E-7	4.44335937E-1	0.00000000E+0	0.00000000E+0
4.46777344E-1	5.59531998E-7	5.59531998E-7	4.46777344E-1	0.00000000E+0	0.00000000E+0
4.49218750E-1	5.61669992E-7	5.61669992E-7	4.49218750E-1	0.00000000E+0	0.00000000E+0
4.51660156E-1	5.64113975E-7	5.64113975E-7	4.51660156E-1	0.00000000E+0	0.00000000E+0
4.54101562E-1	5.70911027E-7	5.70911027E-7	4.54101562E-1	0.00000000E+0	0.00000000E+0
4.56542969E-1	5.71139992E-7	5.71139992E-7	4.56542969E-1	0.00000000E+0	0.00000000E+0
4.58984375E-1	5.76867023E-7	5.76867023E-7	4.58984375E-1	0.00000000E+0	0.00000000E+0
4.61425781E-1	5.77249011E-7	5.77249011E-7	4.61425781E-1	0.00000000E+0	0.00000000E+0
4.63867187E-1	5.80991014E-7	5.80991014E-7	4.63867187E-1	0.00000000E+0	0.00000000E+0
4.66308594E-1	5.85839985E-7	5.85839985E-7	4.66308594E-1	0.00000000E+0	0.00000000E+0
4.68750000E-1	5.90765978E-7	5.90765978E-7	4.68750000E-1	0.00000000E+0	0.00000000E+0
4.71191406E-1	5.93132995E-7	5.93132995E-7	4.71191406E-1	0.00000000E+0	0.00000000E+0
4.73632812E-1	5.96645975E-7	5.96645975E-7	4.73632812E-1	0.00000000E+0	0.00000000E+0
4.76074219E-1	5.99318980E-7	5.99318980E-7	4.76074219E-1	0.00000000E+0	0.00000000E+0
4.78515625E-1	6.02143984E-7	6.02143984E-7	4.78515625E-1	0.00000000E+0	0.00000000E+0
4.80957031E-1	6.08558992E-7	6.08558992E-7	4.80957031E-1	0.00000000E+0	0.00000000E+0
4.83398437E-1	6.08940979E-7	6.08940979E-7	4.83398437E-1	0.00000000E+0	0.00000000E+0
4.85839844E-1	6.12834981E-7	6.12834981E-7	4.85839844E-1	0.00000000E+0	0.00000000E+0
4.88281250E-1	6.14592011E-7	6.14592011E-7	4.88281250E-1	0.00000000E+0	0.00000000E+0
4.90722656E-1	6.16272018E-7	6.16272018E-7	4.90722656E-1	0.00000000E+0	0.00000000E+0
4.93164062E-1	6.20853996E-7	6.20853996E-7	4.93164062E-1	0.00000000E+0	0.00000000E+0
4.90722656E-1	6.17035994E-7	6.17035994E-7	4.90722656E-1	0.00000000E+0	0.00000000E+0
4.88281250E-1	6.15125998E-7	6.15125998E-7	4.88281250E-1	0.00000000E+0	0.00000000E+0
4.85839844E-1	6.12606016E-7	6.12606016E-7	4.85839844E-1	0.00000000E+0	0.00000000E+0
4.83398437E-1	6.05657021E-7	6.05657021E-7	4.83398437E-1	0.00000000E+0	0.00000000E+0
4.80957031E-1	6.06115009E-7	6.06115009E-7	4.80957031E-1	0.00000000E+0	0.00000000E+0
4.78515625E-1	6.02143984E-7	6.02143984E-7	4.78515625E-1	0.00000000E+0	0.00000000E+0
4.76074219E-1	5.97867995E-7	5.97867995E-7	4.76074219E-1	0.00000000E+0	0.00000000E+0
4.73632812E-1	5.96187988E-7	5.96187988E-7	4.73632812E-1	0.00000000E+0	0.00000000E+0
4.71191406E-1	5.92788979E-7	5.92788979E-7	4.71191406E-1	0.00000000E+0	0.00000000E+0
4.68750000E-1	5.92445986E-7	5.92445986E-7	4.68750000E-1	0.00000000E+0	0.00000000E+0
4.66308594E-1	5.90765978E-7	5.90765978E-7	4.66308594E-1	0.00000000E+0	0.00000000E+0
4.63867187E-1	5.86871010E-7	5.86871010E-7	4.63867187E-1	0.00000000E+0	0.00000000E+0
4.61425781E-1	5.82823986E-7	5.82823986E-7	4.61425781E-1	0.00000000E+0	0.00000000E+0
4.58984375E-1	5.80991014E-7	5.80991014E-7	4.58984375E-1	0.00000000E+0	0.00000000E+0
4.56542969E-1	5.77630999E-7	5.77630999E-7	4.56542969E-1	0.00000000E+0	0.00000000E+0
4.54101562E-1	5.73888997E-7	5.73888997E-7	4.54101562E-1	0.00000000E+0	0.00000000E+0
4.51660156E-1	5.71139992E-7	5.71139992E-7	4.51660156E-1	0.00000000E+0	0.00000000E+0
4.49218750E-1	5.69689007E-7	5.69689007E-7	4.49218750E-1	0.00000000E+0	0.00000000E+0
4.46777344E-1	5.64113975E-7	5.64113975E-7	4.46777344E-1	0.00000000E+0	0.00000000E+0
4.44335937E-1	5.60448996E-7	5.60448996E-7	4.44335937E-1	0.00000000E+0	0.00000000E+0
4.41894531E-1	5.59035982E-7	5.59035982E-7	4.41894531E-1	0.00000000E+0	0.00000000E+0
4.39453125E-1	5.53116990E-7	5.53116990E-7	4.39453125E-1	0.00000000E+0	0.00000000E+0
4.37011719E-1	5.50673974E-7	5.50673974E-7	4.37011719E-1	0.00000000E+0	0.00000000E+0
4.34570312E-1	5.48229991E-7	5.48229991E-7	4.34570312E-1	0.00000000E+0	0.00000000E+0
4.32128906E-1	5.44869977E-7	5.44869977E-7	4.32128906E-1	0.00000000E+0	0.00000000E+0
4.29687500E-1	5.43342992E-7	5.43342992E-7	4.29687500E-1	0.00000000E+0	0.00000000E+0
4.27246094E-1	5.38379027E-7	5.38379027E-7	4.27246094E-1	0.00000000E+0	0.00000000E+0
4.24804687E-1	5.33796992E-7	5.33796992E-7	4.24804687E-1	0.00000000E+0	0.00000000E+0
4.22363281E-1	5.32116985E-7	5.32116985E-7	4.22363281E-1	0.00000000E+0	0.00000000E+0
4.19921875E-1	5.29519980E-7	5.29519980E-7	4.19921875E-1	0.00000000E+0	0.00000000E+0
4.17480469E-1	5.25243991E-7	5.25243991E-7	4.17480469E-1	0.00000000E+0	0.00000000E+0
4.15039062E-1	5.21425989E-7	5.21425989E-7	4.15039062E-1	0.00000000E+0	0.00000000E+0
4.12597656E-1	5.18217973E-7	5.18217973E-7	4.12597656E-1	0.00000000E+0	0.00000000E+0
4.10156250E-1	5.14858016E-7	5.14858016E-7	4.10156250E-1	0.00000000E+0	0.00000000E+0
4.07714844E-1	5.14858016E-7	5.14858016E-7	4.07714844E-1	0.00000000E+0	0.00000000E+0
4.05273437E-1	5.11192980E-7	5.11192980E-7	4.05273437E-1	0.00000000E+0	0.00000000E+0
4.02832031E-1	5.02639978E-7	5.02639978E-7	4.02832031E-1	0.00000000E+0	0.00000000E+0
4.00390625E-1	5.03556009E-7	5.03556009E-7	4.00390625E-1	0.00000000E+0	0.00000000E+0
3.97949219E-1	4.96759014E-7	4.96759014E-7	3.97949219E-1	0.00000000E+0	0.00000000E+0
3.95507812E-1	4.98287022E-7	4.98287022E-7	3.95507812E-1	0.00000000E+0	0.00000000E+0
3.93066406E-1	4.97065002E-7	4.97065002E-7	3.93066406E-1	0.00000000E+0	0.00000000E+0
3.90625000E-1	4.91337005E-7	4.91337005E-7	3.90625000E-1	0.00000000E+0	0.00000000E+0
3.88183594E-1	4.93780988E-7	4.93780988E-7	3.88183594E-1	0.00000000E+0	0.00000000E+0
3.85742187E-1	4.85227986E-7	4.85227986E-7	3.85742187E-1	0.00000000E+0	0.00000000E+0
3.83300781E-1	4.83547979E-7	4.83547979E-7	3.83300781E-1	0.00000000E+0	0.00000000E+0
3.80859375E-1	4.80340987E-7	4.80340987E-7	3.80859375E-1	0.00000000E+0	0.00000000E+0
3.78417969E-1	4.76904006E-7	4.76904006E-7	3.78417969E-1	0.00000000E+0	0.00000000E+0
3.75976562E-1	4.74766011E-7	4.74766011E-7	3.75976562E-1	0.00000000E+0	0.00000000E+0
3.73535156E-1	4.71405997E-7	4.71405997E-7	3.73535156E-1	0.00000000E+0	0.00000000E+0
3.71093750E-1	4.68351004E-7	4.68351004E-7	3.71093750E-1	0.00000000E+0	0.00000000E+0
3.68652344E-1	4.64990990E-7	4.64990990E-7	3.68652344E-1	0.00000000E+0	0.00000000E+0
3.66210937E-1	4.63998987E-7	4.63998987E-7	3.66210937E-1	0.00000000E+0	0.00000000E+0
3.63769531E-1	4.60333013E-7	4.60333013E-7	3.63769531E-1	0.00000000E+0	0.00000000E+0
3.61328125E-1	4.57048998E-7	4.57048998E-7	3.61328125E-1	0.00000000E+0	0.00000000E+0
3.58886719E-1	4.51704011E-7	4.51704011E-7	3.58886719E-1	0.00000000E+0	0.00000000E+0
3.56445312E-1	4.49947009E-7	4.49947009E-7	3.56445312E-1	0.00000000E+0	0.00000000E+0
3.54003906E-1	4.49031006E-7	4.49031006E-7	3.54003906E-1	0.00000000E+0	0.00000000E+0
3.51562500E-1	4.43227009E-7	4.43227009E-7	3.51562500E-1	0.00000000E+0	0.00000000E+0
3.49121094E-1	4.38033993E-7	4.38033993E-7	3.49121094E-1	0.00000000E+0	0.00000000E+0
3.46679687E-1	4.40706998E-7	4.40706998E-7	3.46679687E-1	0.00000000E+0	0.00000000E+0
3.44238281E-1	4.33451987E-7	4.33451987E-7	3.44238281E-1	0.00000000E+0	0.00000000E+0
3.41796875E-1	4.34062997E-7	4.34062997E-7	3.41796875E-1	0.00000000E+0	0.00000000E+0
3.39355469E-1	4.30932005E-7	4.30932005E-7	3.39355469E-1	0.00000000E+0	0.00000000E+0
3.36914062E-1	4.26655987E-7	4.26655987E-7	3.36914062E-1	0.00000000E+0	0.00000000E+0
3.34472656E-1	4.21826002E-7	4.21826002E-7	3.34472656E-1	0.00000000E+0	0.00000000E+0
3.32031250E-1	4.19094988E-7	4.19094988E-7	3.32031250E-1	0.00000000E+0	0.00000000E+0
3.29589844E-1	4.16078990E-7	4.16078990E-7	3.29589844E-1	0.00000000E+0	0.00000000E+0
3.27148437E-1	4.11688006E-7	4.11688006E-7	3.27148437E-1	0.00000000E+0	0.00000000E+0
3.24707031E-1	4.09550012E-7	4.09550012E-7	3.24707031E-1	0.00000000E+0	0.00000000E+0
3.22265625E-1	4.04968006E-7	4.04968006E-7	3.22265625E-1	0.00000000E+0	0.00000000E+0
3.19824219E-1	4.00690993E-7	4.00690993E-7	3.19824219E-1	0.00000000E+0	0.00000000E+0
3.17382812E-1	3.98057011E-7	3.98057011E-7	3.17382812E-1	0.00000000E+0	0.00000000E+0
3.14941406E-1	3.94887991E-7	3.94887991E-7	3.14941406E-1	0.00000000E+0	0.00000000E+0
3.12500000E-1	3.91527010E-7	3.91527010E-7	3.12500000E-1	0.00000000E+0	0.00000000E+0
3.10058594E-1	3.89885997E-7	3.89885997E-7	3.10058594E-1	0.00000000E+0	0.00000000E+0
3.07617187E-1	3.87479986E-7	3.87479986E-7	3.07617187E-1	0.00000000E+0	0.00000000E+0
3.05175781E-1	3.82592987E-7	3.82592987E-7	3.05175781E-1	0.00000000E+0	0.00000000E+0
3.02734375E-1	3.72817993E-7	3.72817993E-7	3.02734375E-1	0.00000000E+0	0.00000000E+0
3.00292969E-1	3.73810991E-7	3.73810991E-7	3.00292969E-1	0.00000000E+0	0.00000000E+0
2.97851562E-1	3.74040013E-7	3.74040013E-7	2.97851562E-1	0.00000000E+0	0.00000000E+0
2.95410156E-1	3.72589000E-7	3.72589000E-7	2.95410156E-1	0.00000000E+0	0.00000000E+0
2.92968750E-1	3.60905005E-7	3.60905005E-7	2.92968750E-1	0.00000000E+0	0.00000000E+0
2.90527344E-1	3.55292002E-7	3.55292002E-7	2.90527344E-1	0.00000000E+0	0.00000000E+0
2.88085937E-1	3.59683014E-7	3.59683014E-7	2.88085937E-1	0.00000000E+0	0.00000000E+0
2.85644531E-1	3.58460994E-7	3.58460994E-7	2.85644531E-1	0.00000000E+0	0.00000000E+0
2.83203125E-1	3.54489998E-7	3.54489998E-7	2.83203125E-1	0.00000000E+0	0.00000000E+0
2.80761719E-1	3.53268007E-7	3.53268007E-7	2.80761719E-1	0.00000000E+0	0.00000000E+0
2.78320312E-1	3.48686001E-7	3.48686001E-7	2.78320312E-1	0.00000000E+0	0.00000000E+0
2.75878906E-1	3.44027995E-7	3.44027995E-7	2.75878906E-1	0.00000000E+0	0.00000000E+0
2.73437500E-1	3.43187992E-7	3.43187992E-7	2.73437500E-1	0.00000000E+0	0.00000000E+0
2.70996094E-1	3.35359999E-7	3.35359999E-7	2.70996094E-1	0.00000000E+0	0.00000000E+0
2.68554687E-1	3.32000013E-7	3.32000013E-7	2.68554687E-1	0.00000000E+0	0.00000000E+0
2.66113281E-1	3.28830993E-7	3.28830993E-7	2.66113281E-1	0.00000000E+0	0.00000000E+0
2.63671875E-1	3.27914989E-7	3.27914989E-7	2.63671875E-1	0.00000000E+0	0.00000000E+0
2.61230469E-1	3.23524006E-7	3.23524006E-7	2.61230469E-1	0.00000000E+0	0.00000000E+0
2.58789062E-1	3.23179989E-7	3.23179989E-7	2.58789062E-1	0.00000000E+0	0.00000000E+0
2.56347656E-1	3.17222998E-7	3.17222998E-7	2.56347656E-1	0.00000000E+0	0.00000000E+0
2.53906250E-1	3.13557990E-7	3.13557990E-7	2.53906250E-1	0.00000000E+0	0.00000000E+0
2.51464844E-1	3.13442996E-7	3.13442996E-7	2.51464844E-1	0.00000000E+0	0.00000000E+0
2.49023437E-1	3.09396000E-7	3.09396000E-7	2.49023437E-1	0.00000000E+0	0.00000000E+0
2.46582031E-1	3.04775995E-7	3.04775995E-7	2.46582031E-1	0.00000000E+0	0.00000000E+0
2.44140625E-1	3.00842999E-7	3.00842999E-7	2.44140625E-1	0.00000000E+0	0.00000000E+0
2.41699219E-1	2.98514010E-7	2.98514010E-7	2.41699219E-1	0.00000000E+0	0.00000000E+0
2.39257812E-1	2.96069999E-7	2.96069999E-7	2.39257812E-1	0.00000000E+0	0.00000000E+0
2.36816406E-1	2.93016001E-7	2.93016001E-7	2.36816406E-1	0.00000000E+0	0.00000000E+0
2.34375000E-1	2.91068005E-7	2.91068005E-7	2.34375000E-1	0.00000000E+0	0.00000000E+0
2.31933594E-1	2.88968010E-7	2.88968010E-7	2.31933594E-1	0.00000000E+0	0.00000000E+0
2.29492187E-1	2.84462999E-7	2.84462999E-7	2.29492187E-1	0.00000000E+0	0.00000000E+0
2.27050781E-1	2.81903993E-7	2.81903993E-7	2.27050781E-1	0.00000000E+0	0.00000000E+0
2.24609375E-1	2.78200986E-7	2.78200986E-7	2.24609375E-1	0.00000000E+0	0.00000000E+0
2.22167969E-1	2.74764005E-7	2.74764005E-7	2.22167969E-1	0.00000000E+0	0.00000000E+0
2.19726562E-1	2.71786007E-7	2.71786007E-7	2.19726562E-1	0.00000000E+0	0.00000000E+0
2.17285156E-1	2.71786007E-7	2.71786007E-7	2.17285156E-1	0.00000000E+0	0.00000000E+0
2.14843750E-1	2.68196999E-7	2.68196999E-7	2.14843750E-1	0.00000000E+0	0.00000000E+0
2.12402344E-1	2.64721990E-7	2.64721990E-7	2.12402344E-1	0.00000000E+0	0.00000000E+0
2.09960937E-1	2.60140013E-7	2.60140013E-7	2.09960937E-1	0.00000000E+0	0.00000000E+0
2.07519531E-1	2.58115989E-7	2.58115989E-7	2.07519531E-1	0.00000000E+0	0.00000000E+0
2.05078125E-1	2.54946997E-7	2.54946997E-7	2.05078125E-1	0.00000000E+0	0.00000000E+0
2.02636719E-1	2.51473011E-7	2.51473011E-7	2.02636719E-1	0.00000000E+0	0.00000000E+0
2.00195312E-1	2.48800006E-7	2.48800006E-7	2.00195312E-1	0.00000000E+0	0.00000000E+0
1.97753906E-1	2.45172004E-7	2.45172004E-7	1.97753906E-1	0.00000000E+0	0.00000000E+0
1.95312500E-1	2.42920009E-7	2.42920009E-7	1.95312500E-1	0.00000000E+0	0.00000000E+0
1.92871094E-1	2.39635995E-7	2.39635995E-7	1.92871094E-1	0.00000000E+0	0.00000000E+0
1.90429687E-1	2.36682993E-7	2.36682993E-7	1.90429687E-1	0.00000000E+0	0.00000000E+0
1.87988281E-1	2.34519007E-7	2.34519007E-7	1.87988281E-1	0.00000000E+0	0.00000000E+0
1.85546875E-1	2.30815999E-7	2.30815999E-7	1.85546875E-1	0.00000000E+0	0.00000000E+0
1.83105469E-1	2.27265005E-7	2.27265005E-7	1.83105469E-1	0.00000000E+0	0.00000000E+0
1.80664062E-1	2.24515006E-7	2.24515006E-7	1.80664062E-1	0.00000000E+0	0.00000000E+0
1.78222656E-1	2.21574993E-7	2.21574993E-7	1.78222656E-1	0.00000000E+0	0.00000000E+0
1.75781250E-1	2.19016997E-7	2.19016997E-7	1.75781250E-1	0.00000000E+0	0.00000000E+0
1.73339844E-1	2.15352003E-7	2.15352003E-7	1.73339844E-1	0.00000000E+0	0.00000000E+0
1.70898437E-1	2.12296996E-7	2.12296996E-7	1.70898437E-1	0.00000000E+0	0.00000000E+0
1.68457031E-1	2.08936996E-7	2.08936996E-7	1.68457031E-1	0.00000000E+0	0.00000000E+0
1.66015625E-1	2.06264005E-7	2.06264005E-7	1.66015625E-1	0.00000000E+0	0.00000000E+0
1.63574219E-1	2.02368994E-7	2.02368994E-7	1.63574219E-1	0.00000000E+0	0.00000000E+0
1.61132812E-1	2.00537002E-7	2.00537002E-7	1.61132812E-1	0.00000000E+0	0.00000000E+0
1.58691406E-1	1.97023994E-7	1.97023994E-7	1.58691406E-1	0.00000000E+0	0.00000000E+0
1.56250000E-1	1.93995007E-7	1.93995007E-7	1.56250000E-1	0.00000000E+0	0.00000000E+0
1.53808594E-1	1.90913994E-7	1.90913994E-7	1.53808594E-1	0.00000000E+0	0.00000000E+0
1.51367187E-1	1.87477994E-7	1.87477994E-7	1.51367187E-1	0.00000000E+0	0.00000000E+0
1.48925781E-1	1.84651995E-7	1.84651995E-7	1.48925781E-1	0.00000000E+0	0.00000000E+0
1.46484375E-1	1.82362001E-7	1.82362001E-7	1.46484375E-1	0.00000000E+0	0.00000000E+0
1.44042969E-1	1.78798004E-7	1.78798004E-7	1.44042969E-1	0.00000000E+0	0.00000000E+0
1.41601562E-1	1.76252001E-7	1.76252001E-7	1.41601562E-1	0.00000000E+0	0.00000000E+0
1.39160156E-1	1.73884999E-7	1.73884999E-7	1.39160156E-1	0.00000000E+0	0.00000000E+0
1.36718750E-1	1.70142997E-7	1.70142997E-7	1.36718750E-1	0.00000000E+0	0.00000000E+0
1.34277344E-1	1.67240998E-7	1.67240998E-7	1.34277344E-1	0.00000000E+0	0.00000000E+0
1.31835937E-1	1.64110006E-7	1.64110006E-7	1.31835937E-1	0.00000000E+0	0.00000000E+0
1.29394531E-1	1.61539006E-7	1.61539006E-7	1.29394531E-1	0.00000000E+0	0.00000000E+0
1.26953125E-1	1.59223006E-7	1.59223006E-7	1.26953125E-1	0.00000000E+0	0.00000000E+0
1.24511719E-1	1.56778995E-7	1.56778995E-7	1.24511719E-1	0.00000000E+0	0.00000000E+0
1.22070312E-1	1.53456995E-7	1.53456995E-7	1.22070312E-1	0.00000000E+0	0.00000000E+0
1.19628906E-1	1.50670004E-7	1.50670004E-7	1.19628906E-1	0.00000000E+0	0.00000000E+0
1.17187500E-1	1.48550996E-7	1.48550996E-7	1.17187500E-1	0.00000000E+0	0.00000000E+0
1.14746094E-1	1.45076001E-7	1.45076001E-7	1.14746094E-1	0.00000000E+0	0.00000000E+0
1.12304687E-1	1.41582007E-7	1.41582007E-7	1.12304687E-1	0.00000000E+0	0.00000000E+0
1.09863281E-1	1.38679994E-7	1.38679994E-7	1.09863281E-1	0.00000000E+0	0.00000000E+0
1.07421875E-1	1.35804001E-7	1.35804001E-7	1.07421875E-1	0.00000000E+0	0.00000000E+0
1.04980469E-1	1.32856997E-7	1.32856997E-7	1.04980469E-1	0.00000000E+0	0.00000000E+0
1.02539062E-1	1.30280995E-7	1.30280995E-7	1.02539062E-1	0.00000000E+0	0.00000000E+0
1.00097656E-1	1.27334999E-7	1.27334999E-7	1.00097656E-1	0.00000000E+0	0.00000000E+0
9.76562500E-2	1.24205002E-7	1.24205002E-7	9.76562500E-2	0.00000000E+0	0.00000000E+0
9.52148438E-2	1.20693002E-7	1.20693002E-7	9.52148438E-2	0.00000000E+0	0.00000000E+0
9.27734375E-2	1.17829998E-7	1.17829998E-7	9.27734375E-2	0.00000000E+0	0.00000000E+0
9.03320313E-2	1.14559001E-7	1.14559001E-7	9.03320313E-2	0.00000000E+0	0.00000000E+0
8.78906250E-2	1.11580000E-7	1.11580000E-7	8.78906250E-2	0.00000000E+0	0.00000000E+0
8.54492188E-2	1.08998002E-7	1.08998002E-7	8.54492188E-2	0.00000000E+0	0.00000000E+0
8.30078125E-2	1.05095999E-7	1.05095999E-7	8.30078125E-2	0.00000000E+0	0.00000000E+0
8.05664063E-2	1.02057001E-7	1.02057001E-7	8.05664063E-2	0.00000000E+0	0.00000000E+0
7.81250000E-2	9.98362992E-8	9.98362992E-8	7.81250000E-2	0.00000000E+0	0.00000000E+0
7.56835938E-2	9.58108970E-8	9.58108970E-8	7.56835938E-2	0.00000000E+0	0.00000000E+0
7.32421875E-2	9.26455996E-8	9.26455996E-8	7.32421875E-2	0.00000000E+0	0.00000000E+0
7.08007813E-2	8.93846988E-8	8.93846988E-8	7.08007813E-2	0.00000000E+0	0.00000000E+0
6.83593750E-2	8.64310010E-8	8.64310010E-8	6.83593750E-2	0.00000000E+0	0.00000000E+0
6.59179688E-2	8.30045011E-8	8.30045011E-8	6.59179688E-2	0.00000000E+0	0.00000000E+0
6.34765625E-2	7.99500981E-8	7.99500981E-8	6.34765625E-2	0.00000000E+0	0.00000000E+0
6.10351563E-2	7.68115029E-8	7.68115029E-8	6.10351563E-2	0.00000000E+0	0.00000000E+0
5.85937500E-2	7.39252997E-8	7.39252997E-8	5.85937500E-2	0.00000000E+0	0.00000000E+0
5.61523438E-2	7.05573981E-8	7.05573981E-8	5.61523438E-2	0.00000000E+0	0.00000000E+0
5.37109375E-2	6.74419027E-8	6.74419027E-8	5.37109375E-2	0.00000000E+0	0.00000000E+0
5.12695313E-2	6.37567013E-8	6.37567013E-8	5.12695313E-2	0.00000000E+0	0.00000000E+0
4.88281250E-2	6.06679009E-8	6.06679009E-8	4.88281250E-2	0.00000000E+0	0.00000000E+0
4.63867188E-2	5.76631010E-8	5.76631010E-8	4.63867188E-2	0.00000000E+0	0.00000000E+0
4.39453125E-2	5.46736985E-8	5.46736985E-8	4.39453125E-2	0.00000000E+0	0.00000000E+0
4.15039063E-2	5.15427985E-8	5.15427985E-8	4.15039063E-2	0.00000000E+0	0.00000000E+0
3.90625000E-2	4.80297011E-8	4.80297011E-8	3.90625000E-2	0.00000000E+0	0.00000000E+0
3.66210938E-2	4.49216984E-8	4.49216984E-8	3.66210938E-2	0.00000000E+0	0.00000000E+0
3.41796875E-2	4.17755999E-8	4.17755999E-8	3.41796875E-2	0.00000000E+0	0.00000000E+0
3.17382813E-2	3.84955996E-8	3.84955996E-8	3.17382813E-2	0.00000000E+0	0.00000000E+0
2.92968750E-2	3.52539011E-8	3.52539011E-8	2.92968750E-2	0.00000000E+0	0.00000000E+0
2.68554688E-2	3.21345013E-8	3.21345013E-8	2.68554688E-2	0.00000000E+0	0.00000000E+0
2.44140625E-2	2.89845001E-8	2.89845001E-8	2.44140625E-2	0.00000000E+0	0.00000000E+0
2.19726563E-2	2.57160000E-8	2.57160000E-8	2.19726563E-2	0.00000000E+0	0.00000000E+0
1.95312500E-2	2.25775008E-8	2.25775008E-8	1.95312500E-2	0.00000000E+0	0.00000000E+0
1.70898438E-2	1.94172998E-8	1.94172998E-8	1.70898438E-2	0.00000000E+0	0.00000000E+0
1.46484375E-2	1.63080998E-8	1.63080998E-8	1.46484375E-2	0.00000000E+0	0.00000000E+0
1.22070313E-2	1.31868001E-8	1.31868001E-8	1.22070313E-2	0.00000000E+0	0.00000000E+0
9.76562500E-3	1.02381996E-8	1.02381996E-8	9.76562500E-3	0.00000000E+0	0.00000000E+0
7.32421875E-3	7.17153004E-9	7.17153004E-9	7.32421875E-3	0.00000000E+0	0.00000000E+0
4.88281250E-3	4.43860015E-9	4.43860015E-9	4.88281250E-3	0.00000000E+0	0.00000000E+0
2.44140625E-3	1.66960001E-9	1.66960001E-9	2.44140625E-3	0.00000000E+0	0.00000000E+0
0.00000000E+0	-6.12869977E-10	-6.12869977E-10	0.00000000E+0	0.00000000E+0	0.00000000E+0
-2.44140625E-3	-3.60796992E-9	-3.60796992E-9	-2.44140625E-3	0.00000000E+0	0.00000000E+0
-4.88281250E-3	-6.51135990E-9	-6.51135990E-9	-4.88281250E-3	0.00000000E+0	0.00000000E+0
-7.32421875E-3	-9.50015977E-9	-9.50015977E-9	-7.32421875E-3	0.00000000E+0	0.00000000E+0
-9.76562500E-3	-1.24134001E-8	-1.24134001E-8	-9.76562500E-3	0.00000000E+0	0.00000000E+0
-1.22070313E-2	-1.55894000E-8	-1.55894000E-8	-1.22070313E-2	0.00000000E+0	0.00000000E+0
-1.46484375E-2	-1.86399998E-8	-1.86399998E-8	-1.46484375E-2	0.00000000E+0	0.00000000E+0
-1.70898438E-2	-2.16522995E-8	-2.16522995E-8	-1.70898438E-2	0.00000000E+0	0.00000000E+0
-1.95312500E-2	-2.46647005E-8	-2.46647005E-8	-1.95312500E-2	0.00000000E+0	0.00000000E+0
-2.19726563E-2	-2.77688006E-8	-2.77688006E-8	-2.19726563E-2	0.00000000E+0	0.00000000E+0
-2.44140625E-2	-3.10793986E-8	-3.10793986E-8	-2.44140625E-2	0.00000000E+0	0.00000000E+0
-2.68554688E-2	-3.41835005E-8	-3.41835005E-8	-2.68554688E-2	0.00000000E+0	0.00000000E+0
-2.92968750E-2	-3.72953011E-8	-3.72953011E-8	-2.92968750E-2	0.00000000E+0	0.00000000E+0
-3.17382813E-2	-4.06498017E-8	-4.06498017E-8	-3.17382813E-2	0.00000000E+0	0.00000000E+0
-3.41796875E-2	-4.40540013E-8	-4.40540013E-8	-3.41796875E-2	0.00000000E+0	0.00000000E+0
-3.66210938E-2	-4.73416009E-8	-4.73416009E-8	-3.66210938E-2	0.00000000E+0	0.00000000E+0
-3.90625000E-2	-5.08968014E-8	-5.08968014E-8	-3.90625000E-2	0.00000000E+0	0.00000000E+0
-4.15039063E-2	-5.45131016E-8	-5.45131016E-8	-4.15039063E-2	0.00000000E+0	0.00000000E+0
-4.39453125E-2	-5.78772017E-8	-5.78772017E-8	-4.39453125E-2	0.00000000E+0	0.00000000E+0
-4.63867188E-2	-6.14324023E-8	-6.14324023E-8	-4.63867188E-2	0.00000000E+0	0.00000000E+0
-4.88281250E-2	-6.43147970E-8	-6.43147970E-8	-4.88281250E-2	0.00000000E+0	0.00000000E+0
-5.12695313E-2	-6.80917012E-8	-6.80917012E-8	-5.12695313E-2	0.00000000E+0	0.00000000E+0
-5.37109375E-2	-7.16163981E-8	-7.16163981E-8	-5.37109375E-2	0.00000000E+0	0.00000000E+0
-5.61523438E-2	-7.49765974E-8	-7.49765974E-8	-5.61523438E-2	0.00000000E+0	0.00000000E+0
-5.85937500E-2	-7.86236001E-8	-7.86236001E-8	-5.85937500E-2	0.00000000E+0	0.00000000E+0
-6.10351563E-2	-8.23087021E-8	-8.23087021E-8	-6.10351563E-2	0.00000000E+0	0.00000000E+0
-6.34765625E-2	-8.54855031E-8	-8.54855031E-8	-6.34765625E-2	0.00000000E+0	0.00000000E+0
-6.59179688E-2	-8.89719018E-8	-8.89719018E-8	-6.59179688E-2	0.00000000E+0	0.00000000E+0
-6.83593750E-2	-9.24621020E-8	-9.24621020E-8	-6.83593750E-2	0.00000000E+0	0.00000000E+0
-7.08007813E-2	-9.63039994E-8	-9.63039994E-8	-7.08007813E-2	0.00000000E+0	0.00000000E+0
-7.32421875E-2	-1.00111997E-7	-1.00111997E-7	-7.32421875E-2	0.00000000E+0	0.00000000E+0
-7.56835938E-2	-1.03338003E-7	-1.03338003E-7	-7.56835938E-2	0.00000000E+0	0.00000000E+0
-7.81250000E-2	-1.06454998E-7	-1.06454998E-7	-7.81250000E-2	0.00000000E+0	0.00000000E+0
-8.05664063E-2	-1.09826999E-7	-1.09826999E-7	-8.05664063E-2	0.00000000E+0	0.00000000E+0
-8.30078125E-2	-1.13516997E-7	-1.13516997E-7	-8.30078125E-2	0.00000000E+0	0.00000000E+0
-8.54492188E-2	-1.17150996E-7	-1.17150996E-7	-8.54492188E-2	0.00000000E+0	0.00000000E+0
-8.78906250E-2	-1.20395001E-7	-1.20395001E-7	-8.78906250E-2	0.00000000E+0	0.00000000E+0
-9.03320313E-2	-1.24259998E-7	-1.24259998E-7	-9.03320313E-2	0.00000000E+0	0.00000000E+0
-9.27734375E-2	-1.28337007E-7	-1.28337007E-7	-9.27734375E-2	0.00000000E+0	0.00000000E+0
-9.52148438E-2	-1.31655000E-7	-1.31655000E-7	-9.52148438E-2	0.00000000E+0	0.00000000E+0
-9.76562500E-2	-1.35397002E-7	-1.35397002E-7	-9.76562500E-2	0.00000000E+0	0.00000000E+0
-1.00097656E-1	-1.39788000E-7	-1.39788000E-7	-1.00097656E-1	0.00000000E+0	0.00000000E+0
-1.02539062E-1	-1.43847998E-7	-1.43847998E-7	-1.02539062E-1	0.00000000E+0	0.00000000E+0
-1.04980469E-1	-1.46876999E-7	-1.46876999E-7	-1.04980469E-1	0.00000000E+0	0.00000000E+0
-1.07421875E-1	-1.50746004E-7	-1.50746004E-7	-1.07421875E-1	0.00000000E+0	0.00000000E+0
-1.09863281E-1	-1.54869994E-7	-1.54869994E-7	-1.09863281E-1	0.00000000E+0	0.00000000E+0
-1.12304687E-1	-1.57810007E-7	-1.57810007E-7	-1.12304687E-1	0.00000000E+0	0.00000000E+0
-1.14746094E-1	-1.62150002E-7	-1.62150002E-7	-1.14746094E-1	0.00000000E+0	0.00000000E+0
-1.17187500E-1	-1.65230006E-7	-1.65230006E-7	-1.17187500E-1	0.00000000E+0	0.00000000E+0
-1.19628906E-1	-1.69353996E-7	-1.69353996E-7	-1.19628906E-1	0.00000000E+0	0.00000000E+0
-1.22070312E-1	-1.72968996E-7	-1.72968996E-7	-1.22070312E-1	0.00000000E+0	0.00000000E+0
-1.24511719E-1	-1.77016005E-7	-1.77016005E-7	-1.24511719E-1	0.00000000E+0	0.00000000E+0
-1.26953125E-1	-1.79688996E-7	-1.79688996E-7	-1.26953125E-1	0.00000000E+0	0.00000000E+0
-1.29394531E-1	-1.83812006E-7	-1.83812006E-7	-1.29394531E-1	0.00000000E+0	0.00000000E+0
-1.31835937E-1	-1.86332997E-7	-1.86332997E-7	-1.31835937E-1	0.00000000E+0	0.00000000E+0
-1.34277344E-1	-1.90380007E-7	-1.90380007E-7	-1.34277344E-1	0.00000000E+0	0.00000000E+0
-1.36718750E-1	-1.94555000E-7	-1.94555000E-7	-1.36718750E-1	0.00000000E+0	0.00000000E+0
-1.39160156E-1	-1.98932995E-7	-1.98932995E-7	-1.39160156E-1	0.00000000E+0	0.00000000E+0
-1.41601562E-1	-2.00155000E-7	-2.00155000E-7	-1.41601562E-1	0.00000000E+0	0.00000000E+0
-1.44042969E-1	-2.03718002E-7	-2.03718002E-7	-1.44042969E-1	0.00000000E+0	0.00000000E+0
-1.46484375E-1	-2.07485996E-7	-2.07485996E-7	-1.46484375E-1	0.00000000E+0	0.00000000E+0
-1.48925781E-1	-2.10769997E-7	-2.10769997E-7	-1.48925781E-1	0.00000000E+0	0.00000000E+0
-1.51367187E-1	-2.15656996E-7	-2.15656996E-7	-1.51367187E-1	0.00000000E+0	0.00000000E+0
-1.53808594E-1	-2.19284004E-7	-2.19284004E-7	-1.53808594E-1	0.00000000E+0	0.00000000E+0
-1.56250000E-1	-2.23064006E-7	-2.23064006E-7	-1.56250000E-1	0.00000000E+0	0.00000000E+0
-1.58691406E-1	-2.26042999E-7	-2.26042999E-7	-1.58691406E-1	0.00000000E+0	0.00000000E+0
-1.61132812E-1	-2.29478999E-7	-2.29478999E-7	-1.61132812E-1	0.00000000E+0	0.00000000E+0
-1.63574219E-1	-2.33373996E-7	-2.33373996E-7	-1.63574219E-1	0.00000000E+0	0.00000000E+0
-1.66015625E-1	-2.37039004E-7	-2.37039004E-7	-1.66015625E-1	0.00000000E+0	0.00000000E+0
-1.68457031E-1	-2.41316002E-7	-2.41316002E-7	-1.68457031E-1	0.00000000E+0	0.00000000E+0
-1.70898437E-1	-2.44370995E-7	-2.44370995E-7	-1.70898437E-1	0.00000000E+0	0.00000000E+0
-1.73339844E-1	-2.48417990E-7	-2.48417990E-7	-1.73339844E-1	0.00000000E+0	0.00000000E+0
-1.75781250E-1	-2.52312987E-7	-2.52312987E-7	-1.75781250E-1	0.00000000E+0	0.00000000E+0
-1.78222656E-1	-2.56779998E-7	-2.56779998E-7	-1.78222656E-1	0.00000000E+0	0.00000000E+0
-1.80664062E-1	-2.58803993E-7	-2.58803993E-7	-1.80664062E-1	0.00000000E+0	0.00000000E+0
-1.83105469E-1	-2.62087013E-7	-2.62087013E-7	-1.83105469E-1	0.00000000E+0	0.00000000E+0
-1.85546875E-1	-2.66287998E-7	-2.66287998E-7	-1.85546875E-1	0.00000000E+0	0.00000000E+0
-1.87988281E-1	-2.70219999E-7	-2.70219999E-7	-1.87988281E-1	0.00000000E+0	0.00000000E+0
-1.90429687E-1	-2.73542014E-7	-2.73542014E-7	-1.90429687E-1	0.00000000E+0	0.00000000E+0
-1.92871094E-1	-2.77437010E-7	-2.77437010E-7	-1.92871094E-1	0.00000000E+0	0.00000000E+0
-1.95312500E-1	-2.80796996E-7	-2.80796996E-7	-1.95312500E-1	0.00000000E+0	0.00000000E+0
-1.97753906E-1	-2.84767992E-7	-2.84767992E-7	-1.97753906E-1	0.00000000E+0	0.00000000E+0
-2.00195312E-1	-2.88433995E-7	-2.88433995E-7	-2.00195312E-1	0.00000000E+0	0.00000000E+0
-2.02636719E-1	-2.92213997E-7	-2.92213997E-7	-2.02636719E-1	0.00000000E+0	0.00000000E+0
-2.05078125E-1	-2.94465991E-7	-2.94465991E-7	-2.05078125E-1	0.00000000E+0	0.00000000E+0
-2.07519531E-1	-3.00347011E-7	-3.00347011E-7	-2.07519531E-1	0.00000000E+0	0.00000000E+0
-2.09960937E-1	-3.06875990E-7	-3.06875990E-7	-2.09960937E-1	0.00000000E+0	0.00000000E+0
-2.12402344E-1	-3.09739988E-7	-3.09739988E-7	-2.12402344E-1	0.00000000E+0	0.00000000E+0
-2.14843750E-1	-3.07296006E-7	-3.07296006E-7	-2.14843750E-1	0.00000000E+0	0.00000000E+0
-2.17285156E-1	-3.11114007E-7	-3.11114007E-7	-2.17285156E-1	0.00000000E+0	0.00000000E+0
-2.19726562E-1	-3.21957998E-7	-3.21957998E-7	-2.19726562E-1	0.00000000E+0	0.00000000E+0
-2.22167969E-1	-3.21424011E-7	-3.21424011E-7	-2.22167969E-1	0.00000000E+0	0.00000000E+0
-2.24609375E-1	-3.27075014E-7	-3.27075014E-7	-2.24609375E-1	0.00000000E+0	0.00000000E+0
-2.27050781E-1	-3.26921992E-7	-3.26921992E-7	-2.27050781E-1	0.00000000E+0	0.00000000E+0
-2.29492187E-1	-3.31046010E-7	-3.31046010E-7	-2.29492187E-1	0.00000000E+0	0.00000000E+0
-2.31933594E-1	-3.34405996E-7	-3.34405996E-7	-2.31933594E-1	0.00000000E+0	0.00000000E+0
-2.34375000E-1	-3.41584013E-7	-3.41584013E-7	-2.34375000E-1	0.00000000E+0	0.00000000E+0
-2.36816406E-1	-3.43799002E-7	-3.43799002E-7	-2.36816406E-1	0.00000000E+0	0.00000000E+0
-2.39257812E-1	-3.47082988E-7	-3.47082988E-7	-2.39257812E-1	0.00000000E+0	0.00000000E+0
-2.41699219E-1	-3.46777000E-7	-3.46777000E-7	-2.41699219E-1	0.00000000E+0	0.00000000E+0
-2.44140625E-1	-3.54108010E-7	-3.54108010E-7	-2.44140625E-1	0.00000000E+0	0.00000000E+0
-2.46582031E-1	-3.55711990E-7	-3.55711990E-7	-2.46582031E-1	0.00000000E+0	0.00000000E+0
-2.49023437E-1	-3.55025009E-7	-3.55025009E-7	-2.49023437E-1	0.00000000E+0	0.00000000E+0
-2.51464844E-1	-3.58460994E-7	-3.58460994E-7	-2.51464844E-1	0.00000000E+0	0.00000000E+0
-2.53906250E-1	-3.62126997E-7	-3.62126997E-7	-2.53906250E-1	0.00000000E+0	0.00000000E+0
-2.56347656E-1	-3.64570013E-7	-3.64570013E-7	-2.56347656E-1	0.00000000E+0	0.00000000E+0
-2.58789062E-1	-3.68846997E-7	-3.68846997E-7	-2.58789062E-1	0.00000000E+0	0.00000000E+0
-2.61230469E-1	-3.73122987E-7	-3.73122987E-7	-2.61230469E-1	0.00000000E+0	0.00000000E+0
-2.63671875E-1	-3.77018011E-7	-3.77018011E-7	-2.63671875E-1	0.00000000E+0	0.00000000E+0
-2.66113281E-1	-3.79537994E-7	-3.79537994E-7	-2.66113281E-1	0.00000000E+0	0.00000000E+0
-2.68554687E-1	-3.82592987E-7	-3.82592987E-7	-2.68554687E-1	0.00000000E+0	0.00000000E+0
-2.70996094E-1	-3.91604004E-7	-3.91604004E-7	-2.70996094E-1	0.00000000E+0	0.00000000E+0
-2.73437500E-1	-3.93589005E-7	-3.93589005E-7	-2.73437500E-1	0.00000000E+0	0.00000000E+0
-2.75878906E-1	-3.91604004E-7	-3.91604004E-7	-2.75878906E-1	0.00000000E+0	0.00000000E+0
-2.78320312E-1	-3.99698990E-7	-3.99698990E-7	-2.78320312E-1	0.00000000E+0	0.00000000E+0
-2.80761719E-1	-4.00309005E-7	-4.00309005E-7	-2.80761719E-1	0.00000000E+0	0.00000000E+0
-2.83203125E-1	-4.01837013E-7	-4.01837013E-7	-2.83203125E-1	0.00000000E+0	0.00000000E+0
-2.85644531E-1	-4.07030001E-7	-4.07030001E-7	-2.85644531E-1	0.00000000E+0	0.00000000E+0
-2.88085937E-1	-4.11000997E-7	-4.11000997E-7	-2.88085937E-1	0.00000000E+0	0.00000000E+0
-2.90527344E-1	-4.12069994E-7	-4.12069994E-7	-2.90527344E-1	0.00000000E+0	0.00000000E+0
-2.92968750E-1	-4.17796997E-7	-4.17796997E-7	-2.92968750E-1	0.00000000E+0	0.00000000E+0
-2.95410156E-1	-4.20470002E-7	-4.20470002E-7	-2.95410156E-1	0.00000000E+0	0.00000000E+0
-2.97851562E-1	-4.21538999E-7	-4.21538999E-7	-2.97851562E-1	0.00000000E+0	0.00000000E+0
-3.00292969E-1	-4.24937014E-7	-4.24937014E-7	-3.00292969E-1	0.00000000E+0	0.00000000E+0
-3.02734375E-1	-4.23907011E-7	-4.23907011E-7	-3.02734375E-1	0.00000000E+0	0.00000000E+0
-3.05175781E-1	-4.33069999E-7	-4.33069999E-7	-3.05175781E-1	0.00000000E+0	0.00000000E+0
-3.07617187E-1	-4.36736002E-7	-4.36736002E-7	-3.07617187E-1	0.00000000E+0	0.00000000E+0
-3.10058594E-1	-4.34903001E-7	-4.34903001E-7	-3.10058594E-1	0.00000000E+0	0.00000000E+0
-3.12500000E-1	-4.37347012E-7	-4.37347012E-7	-3.12500000E-1	0.00000000E+0	0.00000000E+0
-3.14941406E-1	-4.41318008E-7	-4.41318008E-7	-3.14941406E-1	0.00000000E+0	0.00000000E+0
-3.17382812E-1	-4.45289004E-7	-4.45289004E-7	-3.17382812E-1	0.00000000E+0	0.00000000E+0
-3.19824219E-1	-4.48343997E-7	-4.48343997E-7	-3.19824219E-1	0.00000000E+0	0.00000000E+0
-3.22265625E-1	-4.51397995E-7	-4.51397995E-7	-3.22265625E-1	0.00000000E+0	0.00000000E+0
-3.24707031E-1	-4.55292991E-7	-4.55292991E-7	-3.24707031E-1	0.00000000E+0	0.00000000E+0
-3.27148437E-1	-4.58424012E-7	-4.58424012E-7	-3.27148437E-1	0.00000000E+0	0.00000000E+0
-3.29589844E-1	-4.59646003E-7	-4.59646003E-7	-3.29589844E-1	0.00000000E+0	0.00000000E+0
-3.32031250E-1	-4.63616999E-7	-4.63616999E-7	-3.32031250E-1	0.00000000E+0	0.00000000E+0
-3.34472656E-1	-4.67511001E-7	-4.67511001E-7	-3.34472656E-1	0.00000000E+0	0.00000000E+0
-3.36914062E-1	-4.75529987E-7	-4.75529987E-7	-3.36914062E-1	0.00000000E+0	0.00000000E+0
-3.39355469E-1	-4.79729977E-7	-4.79729977E-7	-3.39355469E-1	0.00000000E+0	0.00000000E+0
-3.41796875E-1	-4.82250016E-7	-4.82250016E-7	-3.41796875E-1	0.00000000E+0	0.00000000E+0
-3.44238281E-1	-4.85801024E-7	-4.85801024E-7	-3.44238281E-1	0.00000000E+0	0.00000000E+0
-3.46679687E-1	-4.89886986E-7	-4.89886986E-7	-3.46679687E-1	0.00000000E+0	0.00000000E+0
-3.49121094E-1	-4.91490027E-7	-4.91490027E-7	-3.49121094E-1	0.00000000E+0	0.00000000E+0
-3.51562500E-1	-4.95918982E-7	-4.95918982E-7	-3.51562500E-1	0.00000000E+0	0.00000000E+0
-3.54003906E-1	-4.97294025E-7	-4.97294025E-7	-3.54003906E-1	0.00000000E+0	0.00000000E+0
-3.56445312E-1	-5.01800002E-7	-5.01800002E-7	-3.56445312E-1	0.00000000E+0	0.00000000E+0
-3.58886719E-1	-5.04625007E-7	-5.04625007E-7	-3.58886719E-1	0.00000000E+0	0.00000000E+0
-3.61328125E-1	-5.07679999E-7	-5.07679999E-7	-3.61328125E-1	0.00000000E+0	0.00000000E+0
-3.63769531E-1	-5.14152021E-7	-5.14152021E-7	-3.63769531E-1	0.00000000E+0	0.00000000E+0
-3.66210937E-1	-5.18906006E-7	-5.18906006E-7	-3.66210937E-1	0.00000000E+0	0.00000000E+0
-3.68652344E-1	-5.16920011E-7	-5.16920011E-7	-3.68652344E-1	0.00000000E+0	0.00000000E+0
-3.71093750E-1	-5.23335018E-7	-5.23335018E-7	-3.71093750E-1	0.00000000E+0	0.00000000E+0
-3.73535156E-1	-5.28604005E-7	-5.28604005E-7	-3.73535156E-1	0.00000000E+0	0.00000000E+0
-3.75976562E-1	-5.27305986E-7	-5.27305986E-7	-3.75976562E-1	0.00000000E+0	0.00000000E+0
-3.78417969E-1	-5.26694976E-7	-5.26694976E-7	-3.78417969E-1	0.00000000E+0	0.00000000E+0
-3.80859375E-1	-5.23335018E-7	-5.23335018E-7	-3.80859375E-1	0.00000000E+0	0.00000000E+0
-3.83300781E-1	-5.26197994E-7	-5.26197994E-7	-3.83300781E-1	0.00000000E+0	0.00000000E+0
-3.85742187E-1	-5.31199987E-7	-5.31199987E-7	-3.85742187E-1	0.00000000E+0	0.00000000E+0
-3.88183594E-1	-5.31888020E-7	-5.31888020E-7	-3.88183594E-1	0.00000000E+0	0.00000000E+0
-3.90625000E-1	-5.35858987E-7	-5.35858987E-7	-3.90625000E-1	0.00000000E+0	0.00000000E+0
-3.93066406E-1	-5.37996982E-7	-5.37996982E-7	-3.93066406E-1	0.00000000E+0	0.00000000E+0
-3.95507812E-1	-5.42579016E-7	-5.42579016E-7	-3.95507812E-1	0.00000000E+0	0.00000000E+0
-3.97949219E-1	-5.43724013E-7	-5.43724013E-7	-3.97949219E-1	0.00000000E+0	0.00000000E+0
-4.00390625E-1	-5.47694981E-7	-5.47694981E-7	-4.00390625E-1	0.00000000E+0	0.00000000E+0
-4.02832031E-1	-5.50636003E-7	-5.50636003E-7	-4.02832031E-1	0.00000000E+0	0.00000000E+0
-4.05273437E-1	-5.53194013E-7	-5.53194013E-7	-4.05273437E-1	0.00000000E+0	0.00000000E+0
-4.07714844E-1	-5.56858993E-7	-5.56858993E-7	-4.07714844E-1	0.00000000E+0	0.00000000E+0
-4.10156250E-1	-5.57547025E-7	-5.57547025E-7	-4.10156250E-1	0.00000000E+0	0.00000000E+0
-4.12597656E-1	-5.59074010E-7	-5.59074010E-7	-4.12597656E-1	0.00000000E+0	0.00000000E+0
-4.15039062E-1	-5.61517993E-7	-5.61517993E-7	-4.15039062E-1	0.00000000E+0	0.00000000E+0
-4.17480469E-1	-5.73622003E-7	-5.73622003E-7	-4.17480469E-1	0.00000000E+0	0.00000000E+0
-4.19921875E-1	-5.69917972E-7	-5.69917972E-7	-4.19921875E-1	0.00000000E+0	0.00000000E+0
-4.22363281E-1	-5.72208990E-7	-5.72208990E-7	-4.22363281E-1	0.00000000E+0	0.00000000E+0
-4.24804687E-1	-5.74422984E-7	-5.74422984E-7	-4.24804687E-1	0.00000000E+0	0.00000000E+0
-4.27246094E-1	-5.78318009E-7	-5.78318009E-7	-4.27246094E-1	0.00000000E+0	0.00000000E+0
-4.29687500E-1	-5.85954979E-7	-5.85954979E-7	-4.29687500E-1	0.00000000E+0	0.00000000E+0
-4.32128906E-1	-5.86184001E-7	-5.86184001E-7	-4.32128906E-1	0.00000000E+0	0.00000000E+0
-4.34570312E-1	-5.88092973E-7	-5.88092973E-7	-4.34570312E-1	0.00000000E+0	0.00000000E+0
-4.37011719E-1	-5.90307991E-7	-5.90307991E-7	-4.37011719E-1	0.00000000E+0	0.00000000E+0
-4.39453125E-1	-5.93477012E-7	-5.93477012E-7	-4.39453125E-1	0.00000000E+0	0.00000000E+0
-4.41894531E-1	-5.97141991E-7	-5.97141991E-7	-4.41894531E-1	0.00000000E+0	0.00000000E+0
-4.44335937E-1	-6.05122978E-7	-6.05122978E-7	-4.44335937E-1	0.00000000E+0	0.00000000E+0
-4.46777344E-1	-6.05122978E-7	-6.05122978E-7	-4.46777344E-1	0.00000000E+0	0.00000000E+0
-4.49218750E-1	-6.06343974E-7	-6.06343974E-7	-4.49218750E-1	0.00000000E+0	0.00000000E+0
-4.51660156E-1	-6.06343974E-7	-6.06343974E-7	-4.51660156E-1	0.00000000E+0	0.00000000E+0
-4.54101562E-1	-6.08940979E-7	-6.08940979E-7	-4.54101562E-1	0.00000000E+0	0.00000000E+0
-4.56542969E-1	-6.11537018E-7	-6.11537018E-7	-4.56542969E-1	0.00000000E+0	0.00000000E+0
-4.58984375E-1	-6.21159018E-7	-6.21159018E-7	-4.58984375E-1	0.00000000E+0	0.00000000E+0
-4.61425781E-1	-6.20663002E-7	-6.20663002E-7	-4.61425781E-1	0.00000000E+0	0.00000000E+0
-4.63867187E-1	-6.25207008E-7	-6.25207008E-7	-4.63867187E-1	0.00000000E+0	0.00000000E+0
-4.66308594E-1	-6.23527001E-7	-6.23527001E-7	-4.66308594E-1	0.00000000E+0	0.00000000E+0
-4.68750000E-1	-6.22800997E-7	-6.22800997E-7	-4.68750000E-1	0.00000000E+0	0.00000000E+0
-4.71191406E-1	-6.22304981E-7	-6.22304981E-7	-4.71191406E-1	0.00000000E+0	0.00000000E+0
-4.73632812E-1	-6.28184978E-7	-6.28184978E-7	-4.73632812E-1	0.00000000E+0	0.00000000E+0
-4.76074219E-1	-6.25740995E-7	-6.25740995E-7	-4.76074219E-1	0.00000000E+0	0.00000000E+0
-4.78515625E-1	-6.30170973E-7	-6.30170973E-7	-4.78515625E-1	0.00000000E+0	0.00000000E+0
-4.80957031E-1	-6.29025010E-7	-6.29025010E-7	-4.80957031E-1	0.00000000E+0	0.00000000E+0
-4.83398437E-1	-6.33760010E-7	-6.33760010E-7	-4.83398437E-1	0.00000000E+0	0.00000000E+0
-4.85839844E-1	-6.35898004E-7	-6.35898004E-7	-4.85839844E-1	0.00000000E+0	0.00000000E+0
-4.88281250E-1	-6.36203026E-7	-6.36203026E-7	-4.88281250E-1	0.00000000E+0	0.00000000E+0
-4.90722656E-1	-6.36355992E-7	-6.36355992E-7	-4.90722656E-1	0.00000000E+0	0.00000000E+0
-4.93164062E-1	-6.38875974E-7	-6.38875974E-7	-4.93164062E-1	0.00000000E+0	0.00000000E+0
-4.90722656E-1	-6.37654011E-7	-6.37654011E-7	-4.90722656E-1	0.00000000E+0	0.00000000E+0
-4.88281250E-1	-6.37272990E-7	-6.37272990E-7	-4.88281250E-1	0.00000000E+0	0.00000000E+0
-4.85839844E-1	-6.33760010E-7	-6.33760010E-7	-4.85839844E-1	0.00000000E+0	0.00000000E+0
-4.83398437E-1	-6.30705017E-7	-6.30705017E-7	-4.83398437E-1	0.00000000E+0	0.00000000E+0
-4.80957031E-1	-6.32767012E-7	-6.32767012E-7	-4.80957031E-1	0.00000000E+0	0.00000000E+0
-4.78515625E-1	-6.26887015E-7	-6.26887015E-7	-4.78515625E-1	0.00000000E+0	0.00000000E+0
-4.76074219E-1	-6.27191980E-7	-6.27191980E-7	-4.76074219E-1	0.00000000E+0	0.00000000E+0
-4.73632812E-1	-6.31353998E-7	-6.31353998E-7	-4.73632812E-1	0.00000000E+0	0.00000000E+0
-4.71191406E-1	-6.30933982E-7	-6.30933982E-7	-4.71191406E-1	0.00000000E+0	0.00000000E+0
-4.68750000E-1	-6.14896976E-7	-6.14896976E-7	-4.68750000E-1	0.00000000E+0	0.00000000E+0
-4.66308594E-1	-6.13141026E-7	-6.13141026E-7	-4.66308594E-1	0.00000000E+0	0.00000000E+0
-4.63867187E-1	-6.11919006E-7	-6.11919006E-7	-4.63867187E-1	0.00000000E+0	0.00000000E+0
-4.61425781E-1	-6.09475023E-7	-6.09475023E-7	-4.61425781E-1	0.00000000E+0	0.00000000E+0
-4.58984375E-1	-6.02832017E-7	-6.02832017E-7	-4.58984375E-1	0.00000000E+0	0.00000000E+0
-4.56542969E-1	-6.03901015E-7	-6.03901015E-7	-4.56542969E-1	0.00000000E+0	0.00000000E+0
-4.54101562E-1	-6.07643017E-7	-6.07643017E-7	-4.54101562E-1	0.00000000E+0	0.00000000E+0
-4.51660156E-1	-6.13523014E-7	-6.13523014E-7	-4.51660156E-1	0.00000000E+0	0.00000000E+0
-4.49218750E-1	-6.01456975E-7	-6.01456975E-7	-4.49218750E-1	0.00000000E+0	0.00000000E+0
-4.46777344E-1	-5.99701025E-7	-5.99701025E-7	-4.46777344E-1	0.00000000E+0	0.00000000E+0
-4.44335937E-1	-6.02525972E-7	-6.02525972E-7	-4.44335937E-1	0.00000000E+0	0.00000000E+0
-4.41894531E-1	-5.94813002E-7	-5.94813002E-7	-4.41894531E-1	0.00000000E+0	0.00000000E+0
-4.39453125E-1	-5.92751007E-7	-5.92751007E-7	-4.39453125E-1	0.00000000E+0	0.00000000E+0
-4.37011719E-1	-5.87786985E-7	-5.87786985E-7	-4.37011719E-1	0.00000000E+0	0.00000000E+0
-4.34570312E-1	-5.86717988E-7	-5.86717988E-7	-4.34570312E-1	0.00000000E+0	0.00000000E+0
-4.32128906E-1	-5.84733016E-7	-5.84733016E-7	-4.32128906E-1	0.00000000E+0	0.00000000E+0
-4.29687500E-1	-5.81143979E-7	-5.81143979E-7	-4.29687500E-1	0.00000000E+0	0.00000000E+0
-4.27246094E-1	-5.82708992E-7	-5.82708992E-7	-4.27246094E-1	0.00000000E+0	0.00000000E+0
-4.24804687E-1	-5.79922016E-7	-5.79922016E-7	-4.24804687E-1	0.00000000E+0	0.00000000E+0
-4.22363281E-1	-5.77630999E-7	-5.77630999E-7	-4.22363281E-1	0.00000000E+0	0.00000000E+0
-4.19921875E-1	-5.70682005E-7	-5.70682005E-7	-4.19921875E-1	0.00000000E+0	0.00000000E+0
-4.17480469E-1	-5.69917972E-7	-5.69917972E-7	-4.17480469E-1	0.00000000E+0	0.00000000E+0
-4.15039062E-1	-5.66100027E-7	-5.66100027E-7	-4.15039062E-1	0.00000000E+0	0.00000000E+0
-4.12597656E-1	-5.67855977E-7	-5.67855977E-7	-4.12597656E-1	0.00000000E+0	0.00000000E+0
-4.10156250E-1	-5.64266998E-7	-5.64266998E-7	-4.10156250E-1	0.00000000E+0	0.00000000E+0
-4.07714844E-1	-5.62740013E-7	-5.62740013E-7	-4.07714844E-1	0.00000000E+0	0.00000000E+0
-4.05273437E-1	-5.63350000E-7	-5.63350000E-7	-4.05273437E-1	0.00000000E+0	0.00000000E+0
-4.02832031E-1	-5.56171983E-7	-5.56171983E-7	-4.02832031E-1	0.00000000E+0	0.00000000E+0
-4.00390625E-1	-5.55636973E-7	-5.55636973E-7	-4.00390625E-1	0.00000000E+0	0.00000000E+0
-3.97949219E-1	-5.52812025E-7	-5.52812025E-7	-3.97949219E-1	0.00000000E+0	0.00000000E+0
-3.95507812E-1	-5.52353981E-7	-5.52353981E-7	-3.95507812E-1	0.00000000E+0	0.00000000E+0
-3.93066406E-1	-5.46894000E-7	-5.46894000E-7	-3.93066406E-1	0.00000000E+0	0.00000000E+0
-3.90625000E-1	-5.52353981E-7	-5.52353981E-7	-3.90625000E-1	0.00000000E+0	0.00000000E+0
-3.88183594E-1	-5.44411989E-7	-5.44411989E-7	-3.88183594E-1	0.00000000E+0	0.00000000E+0
-3.85742187E-1	-5.36469997E-7	-5.36469997E-7	-3.85742187E-1	0.00000000E+0	0.00000000E+0
-3.83300781E-1	-5.26999997E-7	-5.26999997E-7	-3.83300781E-1	0.00000000E+0	0.00000000E+0
-3.80859375E-1	-5.25091025E-7	-5.25091025E-7	-3.80859375E-1	0.00000000E+0	0.00000000E+0
-3.78417969E-1	-5.20204026E-7	-5.20204026E-7	-3.78417969E-1	0.00000000E+0	0.00000000E+0
-3.75976562E-1	-5.17759986E-7	-5.17759986E-7	-3.75976562E-1	0.00000000E+0	0.00000000E+0
-3.73535156E-1	-5.16920011E-7	-5.16920011E-7	-3.73535156E-1	0.00000000E+0	0.00000000E+0
-3.71093750E-1	-5.11764995E-7	-5.11764995E-7	-3.71093750E-1	0.00000000E+0	0.00000000E+0
-3.68652344E-1	-5.09054018E-7	-5.09054018E-7	-3.68652344E-1	0.00000000E+0	0.00000000E+0
-3.66210937E-1	-5.05464982E-7	-5.05464982E-7	-3.66210937E-1	0.00000000E+0	0.00000000E+0
-3.63769531E-1	-5.04243019E-7	-5.04243019E-7	-3.63769531E-1	0.00000000E+0	0.00000000E+0
-3.61328125E-1	-5.00960027E-7	-5.00960027E-7	-3.61328125E-1	0.00000000E+0	0.00000000E+0
-3.58886719E-1	-5.01264992E-7	-5.01264992E-7	-3.58886719E-1	0.00000000E+0	0.00000000E+0
-3.56445312E-1	-4.97904978E-7	-4.97904978E-7	-3.56445312E-1	0.00000000E+0	0.00000000E+0
-3.54003906E-1	-4.94773985E-7	-4.94773985E-7	-3.54003906E-1	0.00000000E+0	0.00000000E+0
-3.51562500E-1	-4.93017978E-7	-4.93017978E-7	-3.51562500E-1	0.00000000E+0	0.00000000E+0
-3.49121094E-1	-4.90803018E-7	-4.90803018E-7	-3.49121094E-1	0.00000000E+0	0.00000000E+0
-3.46679687E-1	-4.86296983E-7	-4.86296983E-7	-3.46679687E-1	0.00000000E+0	0.00000000E+0
-3.44238281E-1	-4.80798974E-7	-4.80798974E-7	-3.44238281E-1	0.00000000E+0	0.00000000E+0
-3.41796875E-1	-4.79729977E-7	-4.79729977E-7	-3.41796875E-1	0.00000000E+0	0.00000000E+0
-3.39355469E-1	-4.77363017E-7	-4.77363017E-7	-3.39355469E-1	0.00000000E+0	0.00000000E+0
-3.36914062E-1	-4.72398995E-7	-4.72398995E-7	-3.36914062E-1	0.00000000E+0	0.00000000E+0
-3.34472656E-1	-4.70261000E-7	-4.70261000E-7	-3.34472656E-1	0.00000000E+0	0.00000000E+0
-3.32031250E-1	-4.68122010E-7	-4.68122010E-7	-3.32031250E-1	0.00000000E+0	0.00000000E+0
-3.29589844E-1	-4.64342008E-7	-4.64342008E-7	-3.29589844E-1	0.00000000E+0	0.00000000E+0
-3.27148437E-1	-4.61611990E-7	-4.61611990E-7	-3.27148437E-1	0.00000000E+0	0.00000000E+0
-3.24707031E-1	-4.57622008E-7	-4.57622008E-7	-3.24707031E-1	0.00000000E+0	0.00000000E+0
-3.22265625E-1	-4.55980000E-7	-4.55980000E-7	-3.22265625E-1	0.00000000E+0	0.00000000E+0
-3.19824219E-1	-4.50328997E-7	-4.50328997E-7	-3.19824219E-1	0.00000000E+0	0.00000000E+0
-3.17382812E-1	-4.48648990E-7	-4.48648990E-7	-3.17382812E-1	0.00000000E+0	0.00000000E+0
-3.14941406E-1	-4.45900014E-7	-4.45900014E-7	-3.14941406E-1	0.00000000E+0	0.00000000E+0
-3.12500000E-1	-4.41851995E-7	-4.41851995E-7	-3.12500000E-1	0.00000000E+0	0.00000000E+0
-3.10058594E-1	-4.38873997E-7	-4.38873997E-7	-3.10058594E-1	0.00000000E+0	0.00000000E+0
-3.07617187E-1	-4.35514011E-7	-4.35514011E-7	-3.07617187E-1	0.00000000E+0	0.00000000E+0
-3.05175781E-1	-4.31466987E-7	-4.31466987E-7	-3.05175781E-1	0.00000000E+0	0.00000000E+0
-3.02734375E-1	-4.30092001E-7	-4.30092001E-7	-3.02734375E-1	0.00000000E+0	0.00000000E+0
-3.00292969E-1	-4.28411994E-7	-4.28411994E-7	-3.00292969E-1	0.00000000E+0	0.00000000E+0
-2.97851562E-1	-4.24136005E-7	-4.24136005E-7	-2.97851562E-1	0.00000000E+0	0.00000000E+0
-2.95410156E-1	-4.20470002E-7	-4.20470002E-7	-2.95410156E-1	0.00000000E+0	0.00000000E+0
-2.92968750E-1	-4.19248011E-7	-4.19248011E-7	-2.92968750E-1	0.00000000E+0	0.00000000E+0
-2.90527344E-1	-4.15123992E-7	-4.15123992E-7	-2.90527344E-1	0.00000000E+0	0.00000000E+0
-2.88085937E-1	-4.10389987E-7	-4.10389987E-7	-2.88085937E-1	0.00000000E+0	0.00000000E+0
-2.85644531E-1	-4.06877007E-7	-4.06877007E-7	-2.85644531E-1	0.00000000E+0	0.00000000E+0
-2.83203125E-1	-4.03363998E-7	-4.03363998E-7	-2.83203125E-1	0.00000000E+0	0.00000000E+0
-2.80761719E-1	-4.04069993E-7	-4.04069993E-7	-2.80761719E-1	0.00000000E+0	0.00000000E+0
-2.78320312E-1	-3.99202008E-7	-3.99202008E-7	-2.78320312E-1	0.00000000E+0	0.00000000E+0
-2.75878906E-1	-3.94506003E-7	-3.94506003E-7	-2.75878906E-1	0.00000000E+0	0.00000000E+0
-2.73437500E-1	-3.97255008E-7	-3.97255008E-7	-2.73437500E-1	0.00000000E+0	0.00000000E+0
-2.70996094E-1	-3.91375011E-7	-3.91375011E-7	-2.70996094E-1	0.00000000E+0	0.00000000E+0
-2.68554687E-1	-3.87785008E-7	-3.87785008E-7	-2.68554687E-1	0.00000000E+0	0.00000000E+0
-2.66113281E-1	-3.80453997E-7	-3.80453997E-7	-2.66113281E-1	0.00000000E+0	0.00000000E+0
-2.63671875E-1	-3.84731010E-7	-3.84731010E-7	-2.63671875E-1	0.00000000E+0	0.00000000E+0
-2.61230469E-1	-3.77895987E-7	-3.77895987E-7	-2.61230469E-1	0.00000000E+0	0.00000000E+0
-2.58789062E-1	-3.73352009E-7	-3.73352009E-7	-2.58789062E-1	0.00000000E+0	0.00000000E+0
-2.56347656E-1	-3.71290014E-7	-3.71290014E-7	-2.56347656E-1	0.00000000E+0	0.00000000E+0
-2.53906250E-1	-3.63959003E-7	-3.63959003E-7	-2.53906250E-1	0.00000000E+0	0.00000000E+0
-2.51464844E-1	-3.66020998E-7	-3.66020998E-7	-2.51464844E-1	0.00000000E+0	0.00000000E+0
-2.49023437E-1	-3.63347993E-7	-3.63347993E-7	-2.49023437E-1	0.00000000E+0	0.00000000E+0
-2.46582031E-1	-3.57965007E-7	-3.57965007E-7	-2.46582031E-1	0.00000000E+0	0.00000000E+0
-2.44140625E-1	-3.52885991E-7	-3.52885991E-7	-2.44140625E-1	0.00000000E+0	0.00000000E+0
-2.41699219E-1	-3.48495007E-7	-3.48495007E-7	-2.41699219E-1	0.00000000E+0	0.00000000E+0
-2.39257812E-1	-3.46472007E-7	-3.46472007E-7	-2.39257812E-1	0.00000000E+0	0.00000000E+0
-2.36816406E-1	-3.40361993E-7	-3.40361993E-7	-2.36816406E-1	0.00000000E+0	0.00000000E+0
-2.34375000E-1	-3.37307995E-7	-3.37307995E-7	-2.34375000E-1	0.00000000E+0	0.00000000E+0
-2.31933594E-1	-3.34558990E-7	-3.34558990E-7	-2.31933594E-1	0.00000000E+0	0.00000000E+0
-2.29492187E-1	-3.30511000E-7	-3.30511000E-7	-2.29492187E-1	0.00000000E+0	0.00000000E+0
-2.27050781E-1	-3.26921992E-7	-3.26921992E-7	-2.27050781E-1	0.00000000E+0	0.00000000E+0
-2.24609375E-1	-3.23179989E-7	-3.23179989E-7	-2.24609375E-1	0.00000000E+0	0.00000000E+0
-2.22167969E-1	-3.21957998E-7	-3.21957998E-7	-2.22167969E-1	0.00000000E+0	0.00000000E+0
-2.19726562E-1	-3.17758008E-7	-3.17758008E-7	-2.19726562E-1	0.00000000E+0	0.00000000E+0
-2.17285156E-1	-3.14016006E-7	-3.14016006E-7	-2.17285156E-1	0.00000000E+0	0.00000000E+0
-2.14843750E-1	-3.10961013E-7	-3.10961013E-7	-2.14843750E-1	0.00000000E+0	0.00000000E+0
-2.12402344E-1	-3.06074014E-7	-3.06074014E-7	-2.12402344E-1	0.00000000E+0	0.00000000E+0
-2.09960937E-1	-3.03018993E-7	-3.03018993E-7	-2.09960937E-1	0.00000000E+0	0.00000000E+0
-2.07519531E-1	-2.99354014E-7	-2.99354014E-7	-2.07519531E-1	0.00000000E+0	0.00000000E+0
-2.05078125E-1	-2.96681009E-7	-2.96681009E-7	-2.05078125E-1	0.00000000E+0	0.00000000E+0
-2.02636719E-1	-2.92939006E-7	-2.92939006E-7	-2.02636719E-1	0.00000000E+0	0.00000000E+0
-2.00195312E-1	-2.89654992E-7	-2.89654992E-7	-2.00195312E-1	0.00000000E+0	0.00000000E+0
-1.97753906E-1	-2.85073014E-7	-2.85073014E-7	-1.97753906E-1	0.00000000E+0	0.00000000E+0
-1.95312500E-1	-2.82172010E-7	-2.82172010E-7	-1.95312500E-1	0.00000000E+0	0.00000000E+0
-1.92871094E-1	-2.78963995E-7	-2.78963995E-7	-1.92871094E-1	0.00000000E+0	0.00000000E+0
-1.90429687E-1	-2.74764005E-7	-2.74764005E-7	-1.90429687E-1	0.00000000E+0	0.00000000E+0
-1.87988281E-1	-2.70831009E-7	-2.70831009E-7	-1.87988281E-1	0.00000000E+0	0.00000000E+0
-1.85546875E-1	-2.67166001E-7	-2.67166001E-7	-1.85546875E-1	0.00000000E+0	0.00000000E+0
-1.83105469E-1	-2.64913012E-7	-2.64913012E-7	-1.83105469E-1	0.00000000E+0	0.00000000E+0
-1.80664062E-1	-2.62214996E-7	-2.62214996E-7	-1.80664062E-1	0.00000000E+0	0.00000000E+0
-1.78222656E-1	-2.57327002E-7	-2.57327002E-7	-1.78222656E-1	0.00000000E+0	0.00000000E+0
-1.75781250E-1	-2.53725005E-7	-2.53725005E-7	-1.75781250E-1	0.00000000E+0	0.00000000E+0
-1.73339844E-1	-2.54030994E-7	-2.54030994E-7	-1.73339844E-1	0.00000000E+0	0.00000000E+0
-1.70898437E-1	-2.50556013E-7	-2.50556013E-7	-1.70898437E-1	0.00000000E+0	0.00000000E+0
-1.68457031E-1	-2.41849989E-7	-2.41849989E-7	-1.68457031E-1	0.00000000E+0	0.00000000E+0
-1.66015625E-1	-2.41697990E-7	-2.41697990E-7	-1.66015625E-1	0.00000000E+0	0.00000000E+0
-1.63574219E-1	-2.39369001E-7	-2.39369001E-7	-1.63574219E-1	0.00000000E+0	0.00000000E+0
-1.61132812E-1	-2.35818007E-7	-2.35818007E-7	-1.61132812E-1	0.00000000E+0	0.00000000E+0
-1.58691406E-1	-2.33985006E-7	-2.33985006E-7	-1.58691406E-1	0.00000000E+0	0.00000000E+0
-1.56250000E-1	-2.29899001E-7	-2.29899001E-7	-1.56250000E-1	0.00000000E+0	0.00000000E+0
-1.53808594E-1	-2.26233993E-7	-2.26233993E-7	-1.53808594E-1	0.00000000E+0	0.00000000E+0
-1.51367187E-1	-2.21079006E-7	-2.21079006E-7	-1.51367187E-1	0.00000000E+0	0.00000000E+0
-1.48925781E-1	-2.15656996E-7	-2.15656996E-7	-1.48925781E-1	0.00000000E+0	0.00000000E+0
-1.46484375E-1	-2.10539994E-7	-2.10539994E-7	-1.46484375E-1	0.00000000E+0	0.00000000E+0
-1.44042969E-1	-2.06671004E-7	-2.06671004E-7	-1.44042969E-1	0.00000000E+0	0.00000000E+0
-1.41601562E-1	-2.03005996E-7	-2.03005996E-7	-1.41601562E-1	0.00000000E+0	0.00000000E+0
-1.39160156E-1	-2.00027003E-7	-2.00027003E-7	-1.39160156E-1	0.00000000E+0	0.00000000E+0
-1.36718750E-1	-1.95916002E-7	-1.95916002E-7	-1.36718750E-1	0.00000000E+0	0.00000000E+0
-1.34277344E-1	-1.92111003E-7	-1.92111003E-7	-1.34277344E-1	0.00000000E+0	0.00000000E+0
-1.31835937E-1	-1.88903996E-7	-1.88903996E-7	-1.31835937E-1	0.00000000E+0	0.00000000E+0
-1.29394531E-1	-1.86218003E-7	-1.86218003E-7	-1.29394531E-1	0.00000000E+0	0.00000000E+0
-1.26953125E-1	-1.83506998E-7	-1.83506998E-7	-1.26953125E-1	0.00000000E+0	0.00000000E+0
-1.24511719E-1	-1.78887007E-7	-1.78887007E-7	-1.24511719E-1	0.00000000E+0	0.00000000E+0
-1.22070312E-1	-1.75004999E-7	-1.75004999E-7	-1.22070312E-1	0.00000000E+0	0.00000000E+0
-1.19628906E-1	-1.71441002E-7	-1.71441002E-7	-1.19628906E-1	0.00000000E+0	0.00000000E+0
-1.17187500E-1	-1.67775994E-7	-1.67775994E-7	-1.17187500E-1	0.00000000E+0	0.00000000E+0
-1.14746094E-1	-1.64721001E-7	-1.64721001E-7	-1.14746094E-1	0.00000000E+0	0.00000000E+0
-1.12304687E-1	-1.60674006E-7	-1.60674006E-7	-1.12304687E-1	0.00000000E+0	0.00000000E+0
-1.09863281E-1	-1.57618999E-7	-1.57618999E-7	-1.09863281E-1	0.00000000E+0	0.00000000E+0
-1.07421875E-1	-1.53342995E-7	-1.53342995E-7	-1.07421875E-1	0.00000000E+0	0.00000000E+0
-1.04980469E-1	-1.48938994E-7	-1.48938994E-7	-1.04980469E-1	0.00000000E+0	0.00000000E+0
-1.02539062E-1	-1.45273006E-7	-1.45273006E-7	-1.02539062E-1	0.00000000E+0	0.00000000E+0
-1.00097656E-1	-1.41200005E-7	-1.41200005E-7	-1.00097656E-1	0.00000000E+0	0.00000000E+0
-9.76562500E-2	-1.37648996E-7	-1.37648996E-7	-9.76562500E-2	0.00000000E+0	0.00000000E+0
-9.52148438E-2	-1.33335007E-7	-1.33335007E-7	-9.52148438E-2	0.00000000E+0	0.00000000E+0
-9.27734375E-2	-1.29843002E-7	-1.29843002E-7	-9.27734375E-2	0.00000000E+0	0.00000000E+0
-9.03320313E-2	-1.25954003E-7	-1.25954003E-7	-9.03320313E-2	0.00000000E+0	0.00000000E+0
-8.78906250E-2	-1.22220001E-7	-1.22220001E-7	-8.78906250E-2	0.00000000E+0	0.00000000E+0
-8.54492188E-2	-1.18473999E-7	-1.18473999E-7	-8.54492188E-2	0.00000000E+0	0.00000000E+0
-8.30078125E-2	-1.15112002E-7	-1.15112002E-7	-8.30078125E-2	0.00000000E+0	0.00000000E+0
-8.05664063E-2	-1.11829998E-7	-1.11829998E-7	-8.05664063E-2	0.00000000E+0	0.00000000E+0
-7.81250000E-2	-1.07547002E-7	-1.07547002E-7	-7.81250000E-2	0.00000000E+0	0.00000000E+0
-7.56835938E-2	-1.03849999E-7	-1.03849999E-7	-7.56835938E-2	0.00000000E+0	0.00000000E+0
-7.32421875E-2	-1.01508000E-7	-1.01508000E-7	-7.32421875E-2	0.00000000E+0	0.00000000E+0
-7.08007813E-2	-9.71679981E-8	-9.71679981E-8	-7.08007813E-2	0.00000000E+0	0.00000000E+0
-6.83593750E-2	-9.37504012E-8	-9.37504012E-8	-6.83593750E-2	0.00000000E+0	0.00000000E+0
-6.59179688E-2	-9.03443009E-8	-9.03443009E-8	-6.59179688E-2	0.00000000E+0	0.00000000E+0
-6.34765625E-2	-8.63837997E-8	-8.63837997E-8	-6.34765625E-2	0.00000000E+0	0.00000000E+0
-6.10351563E-2	-8.32338998E-8	-8.32338998E-8	-6.10351563E-2	0.00000000E+0	0.00000000E+0
-5.85937500E-2	-7.91817030E-8	-7.91817030E-8	-5.85937500E-2	0.00000000E+0	0.00000000E+0
-5.61523438E-2	-7.60508030E-8	-7.60508030E-8	-5.61523438E-2	0.00000000E+0	0.00000000E+0
-5.37109375E-2	-7.22165012E-8	-7.22165012E-8	-5.37109375E-2	0.00000000E+0	0.00000000E+0
-5.12695313E-2	-6.87034003E-8	-6.87034003E-8	-5.12695313E-2	0.00000000E+0	0.00000000E+0
-4.88281250E-2	-6.50793979E-8	-6.50793979E-8	-4.88281250E-2	0.00000000E+0	0.00000000E+0
-4.63867188E-2	-6.17918019E-8	-6.17918019E-8	-4.63867188E-2	0.00000000E+0	0.00000000E+0
-4.39453125E-2	-5.83283004E-8	-5.83283004E-8	-4.39453125E-2	0.00000000E+0	0.00000000E+0
-4.15039063E-2	-5.48725012E-8	-5.48725012E-8	-4.15039063E-2	0.00000000E+0	0.00000000E+0
-3.90625000E-2	-5.15886995E-8	-5.15886995E-8	-3.90625000E-2	0.00000000E+0	0.00000000E+0
-3.66210938E-2	-4.81444005E-8	-4.81444005E-8	-3.66210938E-2	0.00000000E+0	0.00000000E+0
-3.41796875E-2	-4.49255992E-8	-4.49255992E-8	-3.41796875E-2	0.00000000E+0	0.00000000E+0
-3.17382813E-2	-4.12480006E-8	-4.12480006E-8	-3.17382813E-2	0.00000000E+0	0.00000000E+0
-2.92968750E-2	-3.79756990E-8	-3.79756990E-8	-2.92968750E-2	0.00000000E+0	0.00000000E+0
-2.68554688E-2	-3.47569014E-8	-3.47569014E-8	-2.68554688E-2	0.00000000E+0	0.00000000E+0
-2.44140625E-2	-3.14464010E-8	-3.14464010E-8	-2.44140625E-2	0.00000000E+0	0.00000000E+0
-2.19726563E-2	-2.82886994E-8	-2.82886994E-8	-2.19726563E-2	0.00000000E+0	0.00000000E+0
-1.95312500E-2	-2.49858001E-8	-2.49858001E-8	-1.95312500E-2	0.00000000E+0	0.00000000E+0
-1.70898438E-2	-2.20651994E-8	-2.20651994E-8	-1.70898438E-2	0.00000000E+0	0.00000000E+0
-1.46484375E-2	-1.88388007E-8	-1.88388007E-8	-1.46484375E-2	0.00000000E+0	0.00000000E+0
-1.22070313E-2	-1.58188005E-8	-1.58188005E-8	-1.22070313E-2	0.00000000E+0	0.00000000E+0
-9.76562500E-3	-1.26600002E-8	-1.26600002E-8	-9.76562500E-3	0.00000000E+0	0.00000000E+0
-7.32421875E-3	-9.64670033E-9	-9.64670033E-9	-7.32421875E-3	0.00000000E+0	0.00000000E+0
-4.88281250E-3	-6.57666011E-9	-6.57666011E-9	-4.88281250E-3	0.00000000E+0	0.00000000E+0
-2.44140625E-3	-3.62620001E-9	-3.62620001E-9	-2.44140625E-3	0.00000000E+0	0.00000000E+0
0.00000000E+0	-5.48747991E-10	-5.48747991E-10	0.00000000E+0	0.00000000E+0	0.00000000E+0
