Date: do 28 mrt 2013, Material: Au, Temp: 4.2 K
AO1 - module gain: 1.0E+0, R_out: 0.0
AO2 - module gain: 1.0E+2
MUX1 - ADC gain: 4, logarithmic amplifier: D:\LabVIEW Data\Lithographic MCBJ\MED24_070412.TXT, R_in: 0.000
MUX2 - ADC gain: 4, linear amplifier: 1.000000 x 1e10 V/A, R_in: 1.000
Breaking trace: 15 0
Axis position: -886.948171
Vbias (V)	<I> and Ii MUX1 (A)	Vbias (V)	<I> and Ii MUX2 (A)
@
0.00000000E+0	1.54979002E-10	1.54979002E-10	0.00000000E+0	0.00000000E+0	0.00000000E+0
2.44140625E-3	-1.22829004E-11	-1.22829004E-11	2.44140625E-3	0.00000000E+0	0.00000000E+0
4.88281250E-3	-1.81562994E-11	-1.81562994E-11	4.88281250E-3	0.00000000E+0	0.00000000E+0
7.32421875E-3	-1.03531003E-11	-1.03531003E-11	7.32421875E-3	0.00000000E+0	0.00000000E+0
9.76562500E-3	-1.21553002E-11	-1.21553002E-11	9.76562500E-3	0.00000000E+0	0.00000000E+0
1.22070313E-2	-1.45557004E-12	-1.45557004E-12	1.22070313E-2	0.00000000E+0	0.00000000E+0
1.46484375E-2	-2.54997998E-12	-2.54997998E-12	1.46484375E-2	0.00000000E+0	0.00000000E+0
1.70898438E-2	6.66495982E-12	6.66495982E-12	1.70898438E-2	0.00000000E+0	0.00000000E+0
1.95312500E-2	5.32431000E-12	5.32431000E-12	1.95312500E-2	0.00000000E+0	0.00000000E+0
2.19726563E-2	1.91061993E-11	1.91061993E-11	2.19726563E-2	0.00000000E+0	0.00000000E+0
2.44140625E-2	1.70071006E-11	1.70071006E-11	2.44140625E-2	0.00000000E+0	0.00000000E+0
2.68554688E-2	2.71960995E-11	2.71960995E-11	2.68554688E-2	0.00000000E+0	0.00000000E+0
2.92968750E-2	2.51659995E-11	2.51659995E-11	2.92968750E-2	0.00000000E+0	0.00000000E+0
3.17382813E-2	3.76149008E-11	3.76149008E-11	3.17382813E-2	0.00000000E+0	0.00000000E+0
3.41796875E-2	3.44228986E-11	3.44228986E-11	3.41796875E-2	0.00000000E+0	0.00000000E+0
3.66210938E-2	4.64248986E-11	4.64248986E-11	3.66210938E-2	0.00000000E+0	0.00000000E+0
3.90625000E-2	4.33604992E-11	4.33604992E-11	3.90625000E-2	0.00000000E+0	0.00000000E+0
4.15039063E-2	6.11665996E-11	6.11665996E-11	4.15039063E-2	0.00000000E+0	0.00000000E+0
4.39453125E-2	5.69969003E-11	5.69969003E-11	4.39453125E-2	0.00000000E+0	0.00000000E+0
4.63867188E-2	6.99438008E-11	6.99438008E-11	4.63867188E-2	0.00000000E+0	0.00000000E+0
4.88281250E-2	6.91266003E-11	6.91266003E-11	4.88281250E-2	0.00000000E+0	0.00000000E+0
5.12695313E-2	8.34078015E-11	8.34078015E-11	5.12695313E-2	0.00000000E+0	0.00000000E+0
5.37109375E-2	7.92133997E-11	7.92133997E-11	5.37109375E-2	0.00000000E+0	0.00000000E+0
5.61523438E-2	9.36465003E-11	9.36465003E-11	5.61523438E-2	0.00000000E+0	0.00000000E+0
5.85937500E-2	9.27923016E-11	9.27923016E-11	5.85937500E-2	0.00000000E+0	0.00000000E+0
6.10351563E-2	1.08293999E-10	1.08293999E-10	6.10351563E-2	0.00000000E+0	0.00000000E+0
6.34765625E-2	1.06472997E-10	1.06472997E-10	6.34765625E-2	0.00000000E+0	0.00000000E+0
6.59179688E-2	1.19561000E-10	1.19561000E-10	6.59179688E-2	0.00000000E+0	0.00000000E+0
6.83593750E-2	1.19280003E-10	1.19280003E-10	6.83593750E-2	0.00000000E+0	0.00000000E+0
7.08007813E-2	1.35234005E-10	1.35234005E-10	7.08007813E-2	0.00000000E+0	0.00000000E+0
7.32421875E-2	1.31996997E-10	1.31996997E-10	7.32421875E-2	0.00000000E+0	0.00000000E+0
7.56835938E-2	1.48390994E-10	1.48390994E-10	7.56835938E-2	0.00000000E+0	0.00000000E+0
7.81250000E-2	1.44331005E-10	1.44331005E-10	7.81250000E-2	0.00000000E+0	0.00000000E+0
8.05664063E-2	1.63100006E-10	1.63100006E-10	8.05664063E-2	0.00000000E+0	0.00000000E+0
8.30078125E-2	1.58579996E-10	1.58579996E-10	8.30078125E-2	0.00000000E+0	0.00000000E+0
8.54492188E-2	1.75357007E-10	1.75357007E-10	8.54492188E-2	0.00000000E+0	0.00000000E+0
8.78906250E-2	1.71737999E-10	1.71737999E-10	8.78906250E-2	0.00000000E+0	0.00000000E+0
9.03320313E-2	1.87486998E-10	1.87486998E-10	9.03320313E-2	0.00000000E+0	0.00000000E+0
9.27734375E-2	1.84779997E-10	1.84779997E-10	9.27734375E-2	0.00000000E+0	0.00000000E+0
9.52148438E-2	1.99336006E-10	1.99336006E-10	9.52148438E-2	0.00000000E+0	0.00000000E+0
9.76562500E-2	1.98550995E-10	1.98550995E-10	9.76562500E-2	0.00000000E+0	0.00000000E+0
1.00097656E-1	2.16036994E-10	2.16036994E-10	1.00097656E-1	0.00000000E+0	0.00000000E+0
1.02539062E-1	2.16650003E-10	2.16650003E-10	1.02539062E-1	0.00000000E+0	0.00000000E+0
1.04980469E-1	2.59932992E-10	2.59932992E-10	1.04980469E-1	0.00000000E+0	0.00000000E+0
1.07421875E-1	3.73237996E-10	3.73237996E-10	1.07421875E-1	0.00000000E+0	0.00000000E+0
1.09863281E-1	4.65474992E-10	4.65474992E-10	1.09863281E-1	0.00000000E+0	0.00000000E+0
1.12304687E-1	5.10233022E-10	5.10233022E-10	1.12304687E-1	0.00000000E+0	0.00000000E+0
1.14746094E-1	5.50051005E-10	5.50051005E-10	1.14746094E-1	0.00000000E+0	0.00000000E+0
1.17187500E-1	5.71425018E-10	5.71425018E-10	1.17187500E-1	0.00000000E+0	0.00000000E+0
1.19628906E-1	6.00995975E-10	6.00995975E-10	1.19628906E-1	0.00000000E+0	0.00000000E+0
1.22070312E-1	6.16854012E-10	6.16854012E-10	1.22070312E-1	0.00000000E+0	0.00000000E+0
1.24511719E-1	6.34243991E-10	6.34243991E-10	1.24511719E-1	0.00000000E+0	0.00000000E+0
1.26953125E-1	6.42058018E-10	6.42058018E-10	1.26953125E-1	0.00000000E+0	0.00000000E+0
1.29394531E-1	6.55080989E-10	6.55080989E-10	1.29394531E-1	0.00000000E+0	0.00000000E+0
1.31835937E-1	6.58241017E-10	6.58241017E-10	1.31835937E-1	0.00000000E+0	0.00000000E+0
1.34277344E-1	6.64044986E-10	6.64044986E-10	1.34277344E-1	0.00000000E+0	0.00000000E+0
1.36718750E-1	6.69139022E-10	6.69139022E-10	1.36718750E-1	0.00000000E+0	0.00000000E+0
1.39160156E-1	6.74462985E-10	6.74462985E-10	1.39160156E-1	0.00000000E+0	0.00000000E+0
1.41601562E-1	6.73238021E-10	6.73238021E-10	1.41601562E-1	0.00000000E+0	0.00000000E+0
1.44042969E-1	6.83847978E-10	6.83847978E-10	1.44042969E-1	0.00000000E+0	0.00000000E+0
1.46484375E-1	6.77221001E-10	6.77221001E-10	1.46484375E-1	0.00000000E+0	0.00000000E+0
1.48925781E-1	6.82506995E-10	6.82506995E-10	1.48925781E-1	0.00000000E+0	0.00000000E+0
1.51367187E-1	6.79595991E-10	6.79595991E-10	1.51367187E-1	0.00000000E+0	0.00000000E+0
1.53808594E-1	6.84268975E-10	6.84268975E-10	1.53808594E-1	0.00000000E+0	0.00000000E+0
1.56250000E-1	6.79979018E-10	6.79979018E-10	1.56250000E-1	0.00000000E+0	0.00000000E+0
1.58691406E-1	6.93654023E-10	6.93654023E-10	1.58691406E-1	0.00000000E+0	0.00000000E+0
1.61132812E-1	6.84728996E-10	6.84728996E-10	1.61132812E-1	0.00000000E+0	0.00000000E+0
1.63574219E-1	6.96450009E-10	6.96450009E-10	1.63574219E-1	0.00000000E+0	0.00000000E+0
1.66015625E-1	6.96066982E-10	6.96066982E-10	1.66015625E-1	0.00000000E+0	0.00000000E+0
1.68457031E-1	6.99974023E-10	6.99974023E-10	1.68457031E-1	0.00000000E+0	0.00000000E+0
1.70898437E-1	7.02884972E-10	7.02884972E-10	1.70898437E-1	0.00000000E+0	0.00000000E+0
1.73339844E-1	7.12002013E-10	7.12002013E-10	1.73339844E-1	0.00000000E+0	0.00000000E+0
1.75781250E-1	7.11235015E-10	7.11235015E-10	1.75781250E-1	0.00000000E+0	0.00000000E+0
1.78222656E-1	7.20772997E-10	7.20772997E-10	1.78222656E-1	0.00000000E+0	0.00000000E+0
1.80664062E-1	7.16406989E-10	7.16406989E-10	1.80664062E-1	0.00000000E+0	0.00000000E+0
1.83105469E-1	7.24258986E-10	7.24258986E-10	1.83105469E-1	0.00000000E+0	0.00000000E+0
1.85546875E-1	7.22649995E-10	7.22649995E-10	1.85546875E-1	0.00000000E+0	0.00000000E+0
1.87988281E-1	7.37359007E-10	7.37359007E-10	1.87988281E-1	0.00000000E+0	0.00000000E+0
1.90429687E-1	7.38202000E-10	7.38202000E-10	1.90429687E-1	0.00000000E+0	0.00000000E+0
1.92871094E-1	7.45096984E-10	7.45096984E-10	1.92871094E-1	0.00000000E+0	0.00000000E+0
1.95312500E-1	7.35175976E-10	7.35175976E-10	1.95312500E-1	0.00000000E+0	0.00000000E+0
1.97753906E-1	7.57736984E-10	7.57736984E-10	1.97753906E-1	0.00000000E+0	0.00000000E+0
2.00195312E-1	7.53906992E-10	7.53906992E-10	2.00195312E-1	0.00000000E+0	0.00000000E+0
2.02636719E-1	7.62410024E-10	7.62410024E-10	2.02636719E-1	0.00000000E+0	0.00000000E+0
2.05078125E-1	7.55591978E-10	7.55591978E-10	2.05078125E-1	0.00000000E+0	0.00000000E+0
2.07519531E-1	7.75970010E-10	7.75970010E-10	2.07519531E-1	0.00000000E+0	0.00000000E+0
2.09960937E-1	7.66930019E-10	7.66930019E-10	2.09960937E-1	0.00000000E+0	0.00000000E+0
2.12402344E-1	7.81485987E-10	7.81485987E-10	2.12402344E-1	0.00000000E+0	0.00000000E+0
2.14843750E-1	7.69305009E-10	7.69305009E-10	2.14843750E-1	0.00000000E+0	0.00000000E+0
2.17285156E-1	7.92096000E-10	7.92096000E-10	2.17285156E-1	0.00000000E+0	0.00000000E+0
2.19726562E-1	7.83017984E-10	7.83017984E-10	2.19726562E-1	0.00000000E+0	0.00000000E+0
2.22167969E-1	8.02322986E-10	8.02322986E-10	2.22167969E-1	0.00000000E+0	0.00000000E+0
2.24609375E-1	7.95467026E-10	7.95467026E-10	2.24609375E-1	0.00000000E+0	0.00000000E+0
2.27050781E-1	8.10117973E-10	8.10117973E-10	2.27050781E-1	0.00000000E+0	0.00000000E+0
2.29492187E-1	7.96194999E-10	7.96194999E-10	2.29492187E-1	0.00000000E+0	0.00000000E+0
2.31933594E-1	8.18335011E-10	8.18335011E-10	2.31933594E-1	0.00000000E+0	0.00000000E+0
2.34375000E-1	8.10596978E-10	8.10596978E-10	2.34375000E-1	0.00000000E+0	0.00000000E+0
2.36816406E-1	8.34652014E-10	8.34652014E-10	2.36816406E-1	0.00000000E+0	0.00000000E+0
2.39257812E-1	8.18832002E-10	8.18832002E-10	2.39257812E-1	0.00000000E+0	0.00000000E+0
2.41699219E-1	8.42338976E-10	8.42338976E-10	2.41699219E-1	0.00000000E+0	0.00000000E+0
2.44140625E-1	8.26800017E-10	8.26800017E-10	2.44140625E-1	0.00000000E+0	0.00000000E+0
2.46582031E-1	8.53115023E-10	8.53115023E-10	2.46582031E-1	0.00000000E+0	0.00000000E+0
2.49023437E-1	8.37409975E-10	8.37409975E-10	2.49023437E-1	0.00000000E+0	0.00000000E+0
2.51464844E-1	8.67715011E-10	8.67715011E-10	2.51464844E-1	0.00000000E+0	0.00000000E+0
2.53906250E-1	8.52616977E-10	8.52616977E-10	2.53906250E-1	0.00000000E+0	0.00000000E+0
2.56347656E-1	8.84217977E-10	8.84217977E-10	2.56347656E-1	0.00000000E+0	0.00000000E+0
2.58789062E-1	8.63610017E-10	8.63610017E-10	2.58789062E-1	0.00000000E+0	0.00000000E+0
2.61230469E-1	8.93385976E-10	8.93385976E-10	2.61230469E-1	0.00000000E+0	0.00000000E+0
2.63671875E-1	8.76404005E-10	8.76404005E-10	2.63671875E-1	0.00000000E+0	0.00000000E+0
2.66113281E-1	9.10315989E-10	9.10315989E-10	2.66113281E-1	0.00000000E+0	0.00000000E+0
2.68554687E-1	8.87741991E-10	8.87741991E-10	2.68554687E-1	0.00000000E+0	0.00000000E+0
2.70996094E-1	9.22675991E-10	9.22675991E-10	2.70996094E-1	0.00000000E+0	0.00000000E+0
2.73437500E-1	9.00919006E-10	9.00919006E-10	2.73437500E-1	0.00000000E+0	0.00000000E+0
2.75878906E-1	9.42019018E-10	9.42019018E-10	2.75878906E-1	0.00000000E+0	0.00000000E+0
2.78320312E-1	9.15857001E-10	9.15857001E-10	2.78320312E-1	0.00000000E+0	0.00000000E+0
2.80761719E-1	9.49489043E-10	9.49489043E-10	2.80761719E-1	0.00000000E+0	0.00000000E+0
2.83203125E-1	9.30029997E-10	9.30029997E-10	2.83203125E-1	0.00000000E+0	0.00000000E+0
2.85644531E-1	9.65864055E-10	9.65864055E-10	2.85644531E-1	0.00000000E+0	0.00000000E+0
2.88085937E-1	9.46232981E-10	9.46232981E-10	2.88085937E-1	0.00000000E+0	0.00000000E+0
2.90527344E-1	9.82303017E-10	9.82303017E-10	2.90527344E-1	0.00000000E+0	0.00000000E+0
2.92968750E-1	9.61440039E-10	9.61440039E-10	2.92968750E-1	0.00000000E+0	0.00000000E+0
2.95410156E-1	9.99973992E-10	9.99973992E-10	2.95410156E-1	0.00000000E+0	0.00000000E+0
2.97851562E-1	9.74932024E-10	9.74932024E-10	2.97851562E-1	0.00000000E+0	0.00000000E+0
3.00292969E-1	1.01000996E-9	1.01000996E-9	3.00292969E-1	0.00000000E+0	0.00000000E+0
3.02734375E-1	9.90321047E-10	9.90321047E-10	3.02734375E-1	0.00000000E+0	0.00000000E+0
3.05175781E-1	1.03338005E-9	1.03338005E-9	3.05175781E-1	0.00000000E+0	0.00000000E+0
3.07617187E-1	1.01404996E-9	1.01404996E-9	3.07617187E-1	0.00000000E+0	0.00000000E+0
3.10058594E-1	1.05370002E-9	1.05370002E-9	3.10058594E-1	0.00000000E+0	0.00000000E+0
3.12500000E-1	1.02771003E-9	1.02771003E-9	3.12500000E-1	0.00000000E+0	0.00000000E+0
3.14941406E-1	1.06878995E-9	1.06878995E-9	3.14941406E-1	0.00000000E+0	0.00000000E+0
3.17382812E-1	1.04969000E-9	1.04969000E-9	3.17382812E-1	0.00000000E+0	0.00000000E+0
3.19824219E-1	1.08424003E-9	1.08424003E-9	3.19824219E-1	0.00000000E+0	0.00000000E+0
3.22265625E-1	1.07275000E-9	1.07275000E-9	3.22265625E-1	0.00000000E+0	0.00000000E+0
3.24707031E-1	1.10173004E-9	1.10173004E-9	3.24707031E-1	0.00000000E+0	0.00000000E+0
3.27148437E-1	1.08630005E-9	1.08630005E-9	3.27148437E-1	0.00000000E+0	0.00000000E+0
3.29589844E-1	1.11966003E-9	1.11966003E-9	3.29589844E-1	0.00000000E+0	0.00000000E+0
3.32031250E-1	1.10556997E-9	1.10556997E-9	3.32031250E-1	0.00000000E+0	0.00000000E+0
3.34472656E-1	1.13545995E-9	1.13545995E-9	3.34472656E-1	0.00000000E+0	0.00000000E+0
3.36914062E-1	1.12482001E-9	1.12482001E-9	3.36914062E-1	0.00000000E+0	0.00000000E+0
3.39355469E-1	1.15472998E-9	1.15472998E-9	3.39355469E-1	0.00000000E+0	0.00000000E+0
3.41796875E-1	1.13021004E-9	1.13021004E-9	3.41796875E-1	0.00000000E+0	0.00000000E+0
3.44238281E-1	1.16084997E-9	1.16084997E-9	3.44238281E-1	0.00000000E+0	0.00000000E+0
3.46679687E-1	1.15174004E-9	1.15174004E-9	3.46679687E-1	0.00000000E+0	0.00000000E+0
3.49121094E-1	1.18177002E-9	1.18177002E-9	3.49121094E-1	0.00000000E+0	0.00000000E+0
3.51562500E-1	1.16798005E-9	1.16798005E-9	3.51562500E-1	0.00000000E+0	0.00000000E+0
3.54003906E-1	1.19976995E-9	1.19976995E-9	3.54003906E-1	0.00000000E+0	0.00000000E+0
3.56445312E-1	1.19176002E-9	1.19176002E-9	3.56445312E-1	0.00000000E+0	0.00000000E+0
3.58886719E-1	1.21711996E-9	1.21711996E-9	3.58886719E-1	0.00000000E+0	0.00000000E+0
3.61328125E-1	1.21069998E-9	1.21069998E-9	3.61328125E-1	0.00000000E+0	0.00000000E+0
3.63769531E-1	1.23715005E-9	1.23715005E-9	3.63769531E-1	0.00000000E+0	0.00000000E+0
3.66210937E-1	1.23105004E-9	1.23105004E-9	3.66210937E-1	0.00000000E+0	0.00000000E+0
3.68652344E-1	1.27556998E-9	1.27556998E-9	3.68652344E-1	0.00000000E+0	0.00000000E+0
3.71093750E-1	1.26887001E-9	1.26887001E-9	3.71093750E-1	0.00000000E+0	0.00000000E+0
3.73535156E-1	1.29460997E-9	1.29460997E-9	3.73535156E-1	0.00000000E+0	0.00000000E+0
3.75976562E-1	1.28730004E-9	1.28730004E-9	3.75976562E-1	0.00000000E+0	0.00000000E+0
3.78417969E-1	1.30908995E-9	1.30908995E-9	3.78417969E-1	0.00000000E+0	0.00000000E+0
3.80859375E-1	1.30299005E-9	1.30299005E-9	3.80859375E-1	0.00000000E+0	0.00000000E+0
3.83300781E-1	1.33097000E-9	1.33097000E-9	3.83300781E-1	0.00000000E+0	0.00000000E+0
3.85742187E-1	1.32641997E-9	1.32641997E-9	3.85742187E-1	0.00000000E+0	0.00000000E+0
3.88183594E-1	1.34615996E-9	1.34615996E-9	3.88183594E-1	0.00000000E+0	0.00000000E+0
3.90625000E-1	1.34540001E-9	1.34540001E-9	3.90625000E-1	0.00000000E+0	0.00000000E+0
3.93066406E-1	1.36969003E-9	1.36969003E-9	3.93066406E-1	0.00000000E+0	0.00000000E+0
3.95507812E-1	1.36589995E-9	1.36589995E-9	3.95507812E-1	0.00000000E+0	0.00000000E+0
3.97949219E-1	1.38917999E-9	1.38917999E-9	3.97949219E-1	0.00000000E+0	0.00000000E+0
4.00390625E-1	1.38564005E-9	1.38564005E-9	4.00390625E-1	0.00000000E+0	0.00000000E+0
4.02832031E-1	1.40917000E-9	1.40917000E-9	4.02832031E-1	0.00000000E+0	0.00000000E+0
4.05273437E-1	1.40005996E-9	1.40005996E-9	4.05273437E-1	0.00000000E+0	0.00000000E+0
4.07714844E-1	1.41069001E-9	1.41069001E-9	4.07714844E-1	0.00000000E+0	0.00000000E+0
4.10156250E-1	1.40234002E-9	1.40234002E-9	4.10156250E-1	0.00000000E+0	0.00000000E+0
4.12597656E-1	1.43169998E-9	1.43169998E-9	4.12597656E-1	0.00000000E+0	0.00000000E+0
4.15039062E-1	1.42891998E-9	1.42891998E-9	4.15039062E-1	0.00000000E+0	0.00000000E+0
4.17480469E-1	1.45093004E-9	1.45093004E-9	4.17480469E-1	0.00000000E+0	0.00000000E+0
4.19921875E-1	1.45207002E-9	1.45207002E-9	4.19921875E-1	0.00000000E+0	0.00000000E+0
4.22363281E-1	1.47219004E-9	1.47219004E-9	4.22363281E-1	0.00000000E+0	0.00000000E+0
4.24804687E-1	1.47219004E-9	1.47219004E-9	4.24804687E-1	0.00000000E+0	0.00000000E+0
4.27246094E-1	1.49572998E-9	1.49572998E-9	4.27246094E-1	0.00000000E+0	0.00000000E+0
4.29687500E-1	1.49572998E-9	1.49572998E-9	4.29687500E-1	0.00000000E+0	0.00000000E+0
4.32128906E-1	1.51471002E-9	1.51471002E-9	4.32128906E-1	0.00000000E+0	0.00000000E+0
4.34570312E-1	1.51660995E-9	1.51660995E-9	4.34570312E-1	0.00000000E+0	0.00000000E+0
4.37011719E-1	1.54261004E-9	1.54261004E-9	4.37011719E-1	0.00000000E+0	0.00000000E+0
4.39453125E-1	1.54736002E-9	1.54736002E-9	4.39453125E-1	0.00000000E+0	0.00000000E+0
4.41894531E-1	1.56937996E-9	1.56937996E-9	4.41894531E-1	0.00000000E+0	0.00000000E+0
4.44335937E-1	1.56937996E-9	1.56937996E-9	4.44335937E-1	0.00000000E+0	0.00000000E+0
4.46777344E-1	1.59215996E-9	1.59215996E-9	4.46777344E-1	0.00000000E+0	0.00000000E+0
4.49218750E-1	1.59063995E-9	1.59063995E-9	4.49218750E-1	0.00000000E+0	0.00000000E+0
4.51660156E-1	1.60886005E-9	1.60886005E-9	4.51660156E-1	0.00000000E+0	0.00000000E+0
4.54101562E-1	1.61283997E-9	1.61283997E-9	4.54101562E-1	0.00000000E+0	0.00000000E+0
4.56542969E-1	1.62631997E-9	1.62631997E-9	4.56542969E-1	0.00000000E+0	0.00000000E+0
4.58984375E-1	1.63713998E-9	1.63713998E-9	4.58984375E-1	0.00000000E+0	0.00000000E+0
4.61425781E-1	1.64986003E-9	1.64986003E-9	4.61425781E-1	0.00000000E+0	0.00000000E+0
4.63867187E-1	1.65543002E-9	1.65543002E-9	4.63867187E-1	0.00000000E+0	0.00000000E+0
4.66308594E-1	1.67073999E-9	1.67073999E-9	4.66308594E-1	0.00000000E+0	0.00000000E+0
4.68750000E-1	1.67490999E-9	1.67490999E-9	4.68750000E-1	0.00000000E+0	0.00000000E+0
4.71191406E-1	1.68781999E-9	1.68781999E-9	4.71191406E-1	0.00000000E+0	0.00000000E+0
4.73632812E-1	1.69313996E-9	1.69313996E-9	4.73632812E-1	0.00000000E+0	0.00000000E+0
4.76074219E-1	1.70959003E-9	1.70959003E-9	4.76074219E-1	0.00000000E+0	0.00000000E+0
4.78515625E-1	1.71325998E-9	1.71325998E-9	4.78515625E-1	0.00000000E+0	0.00000000E+0
4.80957031E-1	1.72528003E-9	1.72528003E-9	4.80957031E-1	0.00000000E+0	0.00000000E+0
4.83398437E-1	1.73134995E-9	1.73134995E-9	4.83398437E-1	0.00000000E+0	0.00000000E+0
4.85839844E-1	1.74602999E-9	1.74602999E-9	4.85839844E-1	0.00000000E+0	0.00000000E+0
4.88281250E-1	1.74249004E-9	1.74249004E-9	4.88281250E-1	0.00000000E+0	0.00000000E+0
4.90722656E-1	1.75159998E-9	1.75159998E-9	4.90722656E-1	0.00000000E+0	0.00000000E+0
4.93164062E-1	1.75976000E-9	1.75976000E-9	4.93164062E-1	0.00000000E+0	0.00000000E+0
4.90722656E-1	1.73236003E-9	1.73236003E-9	4.90722656E-1	0.00000000E+0	0.00000000E+0
4.88281250E-1	1.71565995E-9	1.71565995E-9	4.88281250E-1	0.00000000E+0	0.00000000E+0
4.85839844E-1	1.71438996E-9	1.71438996E-9	4.85839844E-1	0.00000000E+0	0.00000000E+0
4.83398437E-1	1.70225001E-9	1.70225001E-9	4.83398437E-1	0.00000000E+0	0.00000000E+0
4.80957031E-1	1.69869996E-9	1.69869996E-9	4.80957031E-1	0.00000000E+0	0.00000000E+0
4.78515625E-1	1.68781999E-9	1.68781999E-9	4.78515625E-1	0.00000000E+0	0.00000000E+0
4.76074219E-1	1.68554004E-9	1.68554004E-9	4.76074219E-1	0.00000000E+0	0.00000000E+0
4.73632812E-1	1.67073999E-9	1.67073999E-9	4.73632812E-1	0.00000000E+0	0.00000000E+0
4.71191406E-1	1.66200997E-9	1.66200997E-9	4.71191406E-1	0.00000000E+0	0.00000000E+0
4.68750000E-1	1.65061997E-9	1.65061997E-9	4.68750000E-1	0.00000000E+0	0.00000000E+0
4.66308594E-1	1.64429004E-9	1.64429004E-9	4.66308594E-1	0.00000000E+0	0.00000000E+0
4.63867187E-1	1.63904001E-9	1.63904001E-9	4.63867187E-1	0.00000000E+0	0.00000000E+0
4.61425781E-1	1.63164005E-9	1.63164005E-9	4.61425781E-1	0.00000000E+0	0.00000000E+0
4.58984375E-1	1.61948999E-9	1.61948999E-9	4.58984375E-1	0.00000000E+0	0.00000000E+0
4.56542969E-1	1.60379998E-9	1.60379998E-9	4.56542969E-1	0.00000000E+0	0.00000000E+0
4.54101562E-1	1.59063995E-9	1.59063995E-9	4.54101562E-1	0.00000000E+0	0.00000000E+0
4.51660156E-1	1.58760005E-9	1.58760005E-9	4.51660156E-1	0.00000000E+0	0.00000000E+0
4.49218750E-1	1.57240998E-9	1.57240998E-9	4.49218750E-1	0.00000000E+0	0.00000000E+0
4.46777344E-1	1.56823998E-9	1.56823998E-9	4.46777344E-1	0.00000000E+0	0.00000000E+0
4.44335937E-1	1.55494995E-9	1.55494995E-9	4.44335937E-1	0.00000000E+0	0.00000000E+0
4.41894531E-1	1.54659996E-9	1.54659996E-9	4.41894531E-1	0.00000000E+0	0.00000000E+0
4.39453125E-1	1.53236002E-9	1.53236002E-9	4.39453125E-1	0.00000000E+0	0.00000000E+0
4.37011719E-1	1.52483004E-9	1.52483004E-9	4.37011719E-1	0.00000000E+0	0.00000000E+0
4.34570312E-1	1.51268997E-9	1.51268997E-9	4.34570312E-1	0.00000000E+0	0.00000000E+0
4.32128906E-1	1.50559998E-9	1.50559998E-9	4.32128906E-1	0.00000000E+0	0.00000000E+0
4.29687500E-1	1.49497004E-9	1.49497004E-9	4.29687500E-1	0.00000000E+0	0.00000000E+0
4.27246094E-1	1.48510004E-9	1.48510004E-9	4.27246094E-1	0.00000000E+0	0.00000000E+0
4.24804687E-1	1.47067003E-9	1.47067003E-9	4.24804687E-1	0.00000000E+0	0.00000000E+0
4.22363281E-1	1.46612000E-9	1.46612000E-9	4.22363281E-1	0.00000000E+0	0.00000000E+0
4.19921875E-1	1.44942003E-9	1.44942003E-9	4.19921875E-1	0.00000000E+0	0.00000000E+0
4.17480469E-1	1.44277001E-9	1.44277001E-9	4.17480469E-1	0.00000000E+0	0.00000000E+0
4.15039062E-1	1.42816003E-9	1.42816003E-9	4.15039062E-1	0.00000000E+0	0.00000000E+0
4.12597656E-1	1.42378997E-9	1.42378997E-9	4.12597656E-1	0.00000000E+0	0.00000000E+0
4.10156250E-1	1.40842005E-9	1.40842005E-9	4.10156250E-1	0.00000000E+0	0.00000000E+0
4.07714844E-1	1.39855005E-9	1.39855005E-9	4.07714844E-1	0.00000000E+0	0.00000000E+0
4.05273437E-1	1.38564005E-9	1.38564005E-9	4.05273437E-1	0.00000000E+0	0.00000000E+0
4.02832031E-1	1.37956002E-9	1.37956002E-9	4.02832031E-1	0.00000000E+0	0.00000000E+0
4.00390625E-1	1.37121003E-9	1.37121003E-9	4.00390625E-1	0.00000000E+0	0.00000000E+0
3.97949219E-1	1.36134004E-9	1.36134004E-9	3.97949219E-1	0.00000000E+0	0.00000000E+0
3.95507812E-1	1.35171996E-9	1.35171996E-9	3.95507812E-1	0.00000000E+0	0.00000000E+0
3.93066406E-1	1.33856004E-9	1.33856004E-9	3.93066406E-1	0.00000000E+0	0.00000000E+0
3.90625000E-1	1.33439004E-9	1.33439004E-9	3.90625000E-1	0.00000000E+0	0.00000000E+0
3.88183594E-1	1.31123001E-9	1.31123001E-9	3.88183594E-1	0.00000000E+0	0.00000000E+0
3.85742187E-1	1.30664002E-9	1.30664002E-9	3.85742187E-1	0.00000000E+0	0.00000000E+0
3.83300781E-1	1.29599997E-9	1.29599997E-9	3.83300781E-1	0.00000000E+0	0.00000000E+0
3.80859375E-1	1.28977995E-9	1.28977995E-9	3.80859375E-1	0.00000000E+0	0.00000000E+0
3.78417969E-1	1.27262001E-9	1.27262001E-9	3.78417969E-1	0.00000000E+0	0.00000000E+0
3.75976562E-1	1.27044997E-9	1.27044997E-9	3.75976562E-1	0.00000000E+0	0.00000000E+0
3.73535156E-1	1.25356003E-9	1.25356003E-9	3.73535156E-1	0.00000000E+0	0.00000000E+0
3.71093750E-1	1.25610000E-9	1.25610000E-9	3.71093750E-1	0.00000000E+0	0.00000000E+0
3.68652344E-1	1.23029997E-9	1.23029997E-9	3.68652344E-1	0.00000000E+0	0.00000000E+0
3.66210937E-1	1.23462995E-9	1.23462995E-9	3.66210937E-1	0.00000000E+0	0.00000000E+0
3.63769531E-1	1.21069998E-9	1.21069998E-9	3.63769531E-1	0.00000000E+0	0.00000000E+0
3.61328125E-1	1.21666999E-9	1.21666999E-9	3.61328125E-1	0.00000000E+0	0.00000000E+0
3.58886719E-1	1.18625998E-9	1.18625998E-9	3.58886719E-1	0.00000000E+0	0.00000000E+0
3.56445312E-1	1.19253996E-9	1.19253996E-9	3.56445312E-1	0.00000000E+0	0.00000000E+0
3.54003906E-1	1.16748000E-9	1.16748000E-9	3.54003906E-1	0.00000000E+0	0.00000000E+0
3.51562500E-1	1.17468002E-9	1.17468002E-9	3.51562500E-1	0.00000000E+0	0.00000000E+0
3.49121094E-1	1.13545995E-9	1.13545995E-9	3.49121094E-1	0.00000000E+0	0.00000000E+0
3.46679687E-1	1.14917997E-9	1.14917997E-9	3.46679687E-1	0.00000000E+0	0.00000000E+0
3.44238281E-1	1.11650000E-9	1.11650000E-9	3.44238281E-1	0.00000000E+0	0.00000000E+0
3.41796875E-1	1.13763998E-9	1.13763998E-9	3.41796875E-1	0.00000000E+0	0.00000000E+0
3.39355469E-1	1.09908005E-9	1.09908005E-9	3.39355469E-1	0.00000000E+0	0.00000000E+0
3.36914062E-1	1.11591003E-9	1.11591003E-9	3.36914062E-1	0.00000000E+0	0.00000000E+0
3.34472656E-1	1.08013998E-9	1.08013998E-9	3.34472656E-1	0.00000000E+0	0.00000000E+0
3.32031250E-1	1.10120002E-9	1.10120002E-9	3.32031250E-1	0.00000000E+0	0.00000000E+0
3.29589844E-1	1.05025000E-9	1.05025000E-9	3.29589844E-1	0.00000000E+0	0.00000000E+0
3.27148437E-1	1.07320997E-9	1.07320997E-9	3.27148437E-1	0.00000000E+0	0.00000000E+0
3.24707031E-1	1.03568998E-9	1.03568998E-9	3.24707031E-1	0.00000000E+0	0.00000000E+0
3.22265625E-1	1.05996001E-9	1.05996001E-9	3.22265625E-1	0.00000000E+0	0.00000000E+0
3.19824219E-1	1.01325004E-9	1.01325004E-9	3.19824219E-1	0.00000000E+0	0.00000000E+0
3.17382812E-1	1.05077003E-9	1.05077003E-9	3.17382812E-1	0.00000000E+0	0.00000000E+0
3.14941406E-1	1.01663999E-9	1.01663999E-9	3.14941406E-1	0.00000000E+0	0.00000000E+0
3.12500000E-1	1.04585995E-9	1.04585995E-9	3.12500000E-1	0.00000000E+0	0.00000000E+0
3.10058594E-1	9.85800996E-10	9.85800996E-10	3.10058594E-1	0.00000000E+0	0.00000000E+0
3.07617187E-1	1.01593001E-9	1.01593001E-9	3.07617187E-1	0.00000000E+0	0.00000000E+0
3.05175781E-1	9.69712977E-10	9.69712977E-10	3.05175781E-1	0.00000000E+0	0.00000000E+0
3.02734375E-1	1.00196995E-9	1.00196995E-9	3.02734375E-1	0.00000000E+0	0.00000000E+0
3.00292969E-1	9.45479028E-10	9.45479028E-10	3.00292969E-1	0.00000000E+0	0.00000000E+0
2.97851562E-1	9.81205006E-10	9.81205006E-10	2.97851562E-1	0.00000000E+0	0.00000000E+0
2.95410156E-1	9.33401023E-10	9.33401023E-10	2.95410156E-1	0.00000000E+0	0.00000000E+0
2.92968750E-1	9.67491975E-10	9.67491975E-10	2.92968750E-1	0.00000000E+0	0.00000000E+0
2.90527344E-1	9.08808973E-10	9.08808973E-10	2.90527344E-1	0.00000000E+0	0.00000000E+0
2.88085937E-1	9.45479028E-10	9.45479028E-10	2.88085937E-1	0.00000000E+0	0.00000000E+0
2.85644531E-1	8.96897001E-10	8.96897001E-10	2.85644531E-1	0.00000000E+0	0.00000000E+0
2.83203125E-1	9.31638988E-10	9.31638988E-10	2.83203125E-1	0.00000000E+0	0.00000000E+0
2.80761719E-1	8.74591011E-10	8.74591011E-10	2.80761719E-1	0.00000000E+0	0.00000000E+0
2.78320312E-1	9.10877984E-10	9.10877984E-10	2.78320312E-1	0.00000000E+0	0.00000000E+0
2.75878906E-1	8.62308003E-10	8.62308003E-10	2.75878906E-1	0.00000000E+0	0.00000000E+0
2.73437500E-1	9.00458985E-10	9.00458985E-10	2.73437500E-1	0.00000000E+0	0.00000000E+0
2.70996094E-1	8.34192992E-10	8.34192992E-10	2.70996094E-1	0.00000000E+0	0.00000000E+0
2.68554687E-1	8.76404005E-10	8.76404005E-10	2.68554687E-1	0.00000000E+0	0.00000000E+0
2.66113281E-1	8.23467017E-10	8.23467017E-10	2.66113281E-1	0.00000000E+0	0.00000000E+0
2.63671875E-1	8.63266014E-10	8.63266014E-10	2.63671875E-1	0.00000000E+0	0.00000000E+0
2.61230469E-1	8.05578992E-10	8.05578992E-10	2.61230469E-1	0.00000000E+0	0.00000000E+0
2.58789062E-1	8.49387005E-10	8.49387005E-10	2.58789062E-1	0.00000000E+0	0.00000000E+0
2.56347656E-1	7.96194999E-10	7.96194999E-10	2.56347656E-1	0.00000000E+0	0.00000000E+0
2.53906250E-1	8.39975978E-10	8.39975978E-10	2.53906250E-1	0.00000000E+0	0.00000000E+0
2.51464844E-1	7.78881015E-10	7.78881015E-10	2.51464844E-1	0.00000000E+0	0.00000000E+0
2.49023437E-1	8.20019996E-10	8.20019996E-10	2.49023437E-1	0.00000000E+0	0.00000000E+0
2.46582031E-1	7.70376984E-10	7.70376984E-10	2.46582031E-1	0.00000000E+0	0.00000000E+0
2.44140625E-1	8.09869005E-10	8.09869005E-10	2.44140625E-1	0.00000000E+0	0.00000000E+0
2.41699219E-1	7.53637985E-10	7.53637985E-10	2.41699219E-1	0.00000000E+0	0.00000000E+0
2.39257812E-1	7.93820010E-10	7.93820010E-10	2.39257812E-1	0.00000000E+0	0.00000000E+0
2.36816406E-1	7.46092021E-10	7.46092021E-10	2.36816406E-1	0.00000000E+0	0.00000000E+0
2.34375000E-1	7.84167009E-10	7.84167009E-10	2.34375000E-1	0.00000000E+0	0.00000000E+0
2.31933594E-1	7.26098015E-10	7.26098015E-10	2.31933594E-1	0.00000000E+0	0.00000000E+0
2.29492187E-1	7.65053021E-10	7.65053021E-10	2.29492187E-1	0.00000000E+0	0.00000000E+0
2.27050781E-1	7.18130000E-10	7.18130000E-10	2.27050781E-1	0.00000000E+0	0.00000000E+0
2.24609375E-1	7.54864005E-10	7.54864005E-10	2.24609375E-1	0.00000000E+0	0.00000000E+0
2.22167969E-1	7.06945003E-10	7.06945003E-10	2.22167969E-1	0.00000000E+0	0.00000000E+0
2.19726562E-1	7.45403017E-10	7.45403017E-10	2.19726562E-1	0.00000000E+0	0.00000000E+0
2.17285156E-1	6.99285019E-10	6.99285019E-10	2.17285156E-1	0.00000000E+0	0.00000000E+0
2.14843750E-1	7.38202000E-10	7.38202000E-10	2.14843750E-1	0.00000000E+0	0.00000000E+0
2.12402344E-1	6.83847978E-10	6.83847978E-10	2.12402344E-1	0.00000000E+0	0.00000000E+0
2.09960937E-1	7.19777016E-10	7.19777016E-10	2.09960937E-1	0.00000000E+0	0.00000000E+0
2.07519531E-1	6.78293977E-10	6.78293977E-10	2.07519531E-1	0.00000000E+0	0.00000000E+0
2.05078125E-1	7.15984994E-10	7.15984994E-10	2.05078125E-1	0.00000000E+0	0.00000000E+0
2.02636719E-1	6.64886979E-10	6.64886979E-10	2.02636719E-1	0.00000000E+0	0.00000000E+0
2.00195312E-1	7.03536007E-10	7.03536007E-10	2.00195312E-1	0.00000000E+0	0.00000000E+0
1.97753906E-1	6.59831023E-10	6.59831023E-10	1.97753906E-1	0.00000000E+0	0.00000000E+0
1.95312500E-1	6.95684010E-10	6.95684010E-10	1.95312500E-1	0.00000000E+0	0.00000000E+0
1.92871094E-1	6.43743003E-10	6.43743003E-10	1.92871094E-1	0.00000000E+0	0.00000000E+0
1.90429687E-1	6.76379008E-10	6.76379008E-10	1.90429687E-1	0.00000000E+0	0.00000000E+0
1.87988281E-1	6.37920994E-10	6.37920994E-10	1.87988281E-1	0.00000000E+0	0.00000000E+0
1.85546875E-1	6.71283973E-10	6.71283973E-10	1.85546875E-1	0.00000000E+0	0.00000000E+0
1.83105469E-1	6.25969998E-10	6.25969998E-10	1.83105469E-1	0.00000000E+0	0.00000000E+0
1.80664062E-1	6.52630006E-10	6.52630006E-10	1.80664062E-1	0.00000000E+0	0.00000000E+0
1.78222656E-1	6.18844975E-10	6.18844975E-10	1.78222656E-1	0.00000000E+0	0.00000000E+0
1.75781250E-1	6.47344012E-10	6.47344012E-10	1.75781250E-1	0.00000000E+0	0.00000000E+0
1.73339844E-1	6.09576001E-10	6.09576001E-10	1.73339844E-1	0.00000000E+0	0.00000000E+0
1.70898437E-1	6.34243991E-10	6.34243991E-10	1.70898437E-1	0.00000000E+0	0.00000000E+0
1.68457031E-1	6.01915018E-10	6.01915018E-10	1.68457031E-1	0.00000000E+0	0.00000000E+0
1.66015625E-1	6.27349006E-10	6.27349006E-10	1.66015625E-1	0.00000000E+0	0.00000000E+0
1.63574219E-1	5.88738003E-10	5.88738003E-10	1.63574219E-1	0.00000000E+0	0.00000000E+0
1.61132812E-1	6.15168028E-10	6.15168028E-10	1.61132812E-1	0.00000000E+0	0.00000000E+0
1.58691406E-1	5.85597015E-10	5.85597015E-10	1.58691406E-1	0.00000000E+0	0.00000000E+0
1.56250000E-1	6.06893980E-10	6.06893980E-10	1.56250000E-1	0.00000000E+0	0.00000000E+0
1.53808594E-1	5.69969016E-10	5.69969016E-10	1.53808594E-1	0.00000000E+0	0.00000000E+0
1.51367187E-1	5.92108973E-10	5.92108973E-10	1.51367187E-1	0.00000000E+0	0.00000000E+0
1.48925781E-1	5.68742997E-10	5.68742997E-10	1.48925781E-1	0.00000000E+0	0.00000000E+0
1.46484375E-1	5.89351012E-10	5.89351012E-10	1.46484375E-1	0.00000000E+0	0.00000000E+0
1.44042969E-1	5.67134006E-10	5.67134006E-10	1.44042969E-1	0.00000000E+0	0.00000000E+0
1.41601562E-1	5.84984006E-10	5.84984006E-10	1.41601562E-1	0.00000000E+0	0.00000000E+0
1.39160156E-1	5.61006019E-10	5.61006019E-10	1.39160156E-1	0.00000000E+0	0.00000000E+0
1.36718750E-1	5.81613979E-10	5.81613979E-10	1.36718750E-1	0.00000000E+0	0.00000000E+0
1.34277344E-1	5.56102997E-10	5.56102997E-10	1.34277344E-1	0.00000000E+0	0.00000000E+0
1.31835937E-1	5.70696990E-10	5.70696990E-10	1.31835937E-1	0.00000000E+0	0.00000000E+0
1.29394531E-1	5.50664014E-10	5.50664014E-10	1.29394531E-1	0.00000000E+0	0.00000000E+0
1.26953125E-1	5.58209978E-10	5.58209978E-10	1.26953125E-1	0.00000000E+0	0.00000000E+0
1.24511719E-1	5.33809996E-10	5.33809996E-10	1.24511719E-1	0.00000000E+0	0.00000000E+0
1.22070312E-1	5.41202028E-10	5.41202028E-10	1.22070312E-1	0.00000000E+0	0.00000000E+0
1.19628906E-1	5.21475974E-10	5.21475974E-10	1.19628906E-1	0.00000000E+0	0.00000000E+0
1.17187500E-1	5.22624999E-10	5.22624999E-10	1.17187500E-1	0.00000000E+0	0.00000000E+0
1.14746094E-1	4.92518026E-10	4.92518026E-10	1.14746094E-1	0.00000000E+0	0.00000000E+0
1.12304687E-1	4.86388985E-10	4.86388985E-10	1.12304687E-1	0.00000000E+0	0.00000000E+0
1.09863281E-1	4.60264993E-10	4.60264993E-10	1.09863281E-1	0.00000000E+0	0.00000000E+0
1.07421875E-1	4.45978005E-10	4.45978005E-10	1.07421875E-1	0.00000000E+0	0.00000000E+0
1.04980469E-1	4.17823998E-10	4.17823998E-10	1.04980469E-1	0.00000000E+0	0.00000000E+0
1.02539062E-1	3.95378008E-10	3.95378008E-10	1.02539062E-1	0.00000000E+0	0.00000000E+0
1.00097656E-1	3.59447999E-10	3.59447999E-10	1.00097656E-1	0.00000000E+0	0.00000000E+0
9.76562500E-2	3.25663996E-10	3.25663996E-10	9.76562500E-2	0.00000000E+0	0.00000000E+0
9.52148438E-2	2.85444002E-10	2.85444002E-10	9.52148438E-2	0.00000000E+0	0.00000000E+0
9.27734375E-2	2.39018999E-10	2.39018999E-10	9.27734375E-2	0.00000000E+0	0.00000000E+0
9.03320313E-2	1.84876003E-10	1.84876003E-10	9.03320313E-2	0.00000000E+0	0.00000000E+0
8.78906250E-2	1.37690997E-10	1.37690997E-10	8.78906250E-2	0.00000000E+0	0.00000000E+0
8.54492188E-2	1.37793998E-10	1.37793998E-10	8.54492188E-2	0.00000000E+0	0.00000000E+0
8.30078125E-2	1.19949994E-10	1.19949994E-10	8.30078125E-2	0.00000000E+0	0.00000000E+0
8.05664063E-2	1.26020999E-10	1.26020999E-10	8.05664063E-2	0.00000000E+0	0.00000000E+0
7.81250000E-2	1.07112000E-10	1.07112000E-10	7.81250000E-2	0.00000000E+0	0.00000000E+0
7.56835938E-2	1.18589999E-10	1.18589999E-10	7.56835938E-2	0.00000000E+0	0.00000000E+0
7.32421875E-2	9.95300994E-11	9.95300994E-11	7.32421875E-2	0.00000000E+0	0.00000000E+0
7.08007813E-2	1.06409999E-10	1.06409999E-10	7.08007813E-2	0.00000000E+0	0.00000000E+0
6.83593750E-2	8.95300986E-11	8.95300986E-11	6.83593750E-2	0.00000000E+0	0.00000000E+0
6.59179688E-2	9.75228995E-11	9.75228995E-11	6.59179688E-2	0.00000000E+0	0.00000000E+0
6.34765625E-2	7.99411995E-11	7.99411995E-11	6.34765625E-2	0.00000000E+0	0.00000000E+0
6.10351563E-2	8.69816025E-11	8.69816025E-11	6.10351563E-2	0.00000000E+0	0.00000000E+0
5.85937500E-2	6.93309021E-11	6.93309021E-11	5.85937500E-2	0.00000000E+0	0.00000000E+0
5.61523438E-2	7.76812989E-11	7.76812989E-11	5.61523438E-2	0.00000000E+0	0.00000000E+0
5.37109375E-2	6.18615992E-11	6.18615992E-11	5.37109375E-2	0.00000000E+0	0.00000000E+0
5.12695313E-2	6.81818005E-11	6.81818005E-11	5.12695313E-2	0.00000000E+0	0.00000000E+0
4.88281250E-2	5.27195995E-11	5.27195995E-11	4.88281250E-2	0.00000000E+0	0.00000000E+0
4.63867188E-2	6.13308015E-11	6.13308015E-11	4.63867188E-2	0.00000000E+0	0.00000000E+0
4.39453125E-2	4.24221006E-11	4.24221006E-11	4.39453125E-2	0.00000000E+0	0.00000000E+0
4.15039063E-2	5.01020996E-11	5.01020996E-11	4.15039063E-2	0.00000000E+0	0.00000000E+0
3.90625000E-2	3.28650995E-11	3.28650995E-11	3.90625000E-2	0.00000000E+0	0.00000000E+0
3.66210938E-2	4.25945008E-11	4.25945008E-11	3.66210938E-2	0.00000000E+0	0.00000000E+0
3.41796875E-2	2.40806992E-11	2.40806992E-11	3.41796875E-2	0.00000000E+0	0.00000000E+0
3.17382813E-2	2.99540011E-11	2.99540011E-11	3.17382813E-2	0.00000000E+0	0.00000000E+0
2.92968750E-2	1.50536007E-11	1.50536007E-11	2.92968750E-2	0.00000000E+0	0.00000000E+0
2.68554688E-2	2.33401007E-11	2.33401007E-11	2.68554688E-2	0.00000000E+0	0.00000000E+0
2.44140625E-2	8.27374020E-12	8.27374020E-12	2.44140625E-2	0.00000000E+0	0.00000000E+0
2.19726563E-2	1.13380997E-11	1.13380997E-11	2.19726563E-2	0.00000000E+0	0.00000000E+0
1.95312500E-2	-2.22164995E-12	-2.22164995E-12	1.95312500E-2	0.00000000E+0	0.00000000E+0
1.70898438E-2	6.66495982E-12	6.66495982E-12	1.70898438E-2	0.00000000E+0	0.00000000E+0
1.46484375E-2	-5.47751991E-12	-5.47751991E-12	1.46484375E-2	0.00000000E+0	0.00000000E+0
1.22070313E-2	-1.60877995E-12	-1.60877995E-12	1.22070313E-2	0.00000000E+0	0.00000000E+0
9.76562500E-3	-1.24106003E-11	-1.24106003E-11	9.76562500E-3	0.00000000E+0	0.00000000E+0
7.32421875E-3	-5.82226021E-12	-5.82226021E-12	7.32421875E-3	0.00000000E+0	0.00000000E+0
4.88281250E-3	-1.68845996E-11	-1.68845996E-11	4.88281250E-3	0.00000000E+0	0.00000000E+0
2.44140625E-3	-1.05172997E-11	-1.05172997E-11	2.44140625E-3	0.00000000E+0	0.00000000E+0
0.00000000E+0	-2.02552992E-11	-2.02552992E-11	0.00000000E+0	0.00000000E+0	0.00000000E+0
-2.44140625E-3	-6.66495982E-12	-6.66495982E-12	-2.44140625E-3	0.00000000E+0	0.00000000E+0
-4.88281250E-3	-2.00715000E-11	-2.00715000E-11	-4.88281250E-3	0.00000000E+0	0.00000000E+0
-7.32421875E-3	-1.60877995E-11	-1.60877995E-11	-7.32421875E-3	0.00000000E+0	0.00000000E+0
-9.76562500E-3	-2.78856001E-11	-2.78856001E-11	-9.76562500E-3	0.00000000E+0	0.00000000E+0
-1.22070313E-2	-2.12205999E-11	-2.12205999E-11	-1.22070313E-2	0.00000000E+0	0.00000000E+0
-1.46484375E-2	-3.25586988E-11	-3.25586988E-11	-1.46484375E-2	0.00000000E+0	0.00000000E+0
-1.70898438E-2	-3.17160014E-11	-3.17160014E-11	-1.70898438E-2	0.00000000E+0	0.00000000E+0
-1.95312500E-2	-4.38049007E-11	-4.38049007E-11	-1.95312500E-2	0.00000000E+0	0.00000000E+0
-2.19726563E-2	-3.89171993E-11	-3.89171993E-11	-2.19726563E-2	0.00000000E+0	0.00000000E+0
-2.44140625E-2	-4.93360006E-11	-4.93360006E-11	-2.44140625E-2	0.00000000E+0	0.00000000E+0
-2.68554688E-2	-5.02246994E-11	-5.02246994E-11	-2.68554688E-2	0.00000000E+0	0.00000000E+0
-2.92968750E-2	-6.12965997E-11	-6.12965997E-11	-2.92968750E-2	0.00000000E+0	0.00000000E+0
-3.17382813E-2	-5.79161996E-11	-5.79161996E-11	-3.17382813E-2	0.00000000E+0	0.00000000E+0
-3.41796875E-2	-6.91470006E-11	-6.91470006E-11	-3.41796875E-2	0.00000000E+0	0.00000000E+0
-3.66210938E-2	-6.83541002E-11	-6.83541002E-11	-3.66210938E-2	0.00000000E+0	0.00000000E+0
-3.90625000E-2	-7.68895989E-11	-7.68895989E-11	-3.90625000E-2	0.00000000E+0	0.00000000E+0
-4.15039063E-2	-7.89835974E-11	-7.89835974E-11	-4.15039063E-2	0.00000000E+0	0.00000000E+0
-4.39453125E-2	-9.03983000E-11	-9.03983000E-11	-4.39453125E-2	0.00000000E+0	0.00000000E+0
-4.63867188E-2	-9.29264027E-11	-9.29264027E-11	-4.63867188E-2	0.00000000E+0	0.00000000E+0
-4.88281250E-2	-1.02910999E-10	-1.02910999E-10	-4.88281250E-2	0.00000000E+0	0.00000000E+0
-5.12695313E-2	-1.02425998E-10	-1.02425998E-10	-5.12695313E-2	0.00000000E+0	0.00000000E+0
-5.37109375E-2	-1.13814999E-10	-1.13814999E-10	-5.37109375E-2	0.00000000E+0	0.00000000E+0
-5.61523438E-2	-1.15756002E-10	-1.15756002E-10	-5.61523438E-2	0.00000000E+0	0.00000000E+0
-5.85937500E-2	-1.24304997E-10	-1.24304997E-10	-5.85937500E-2	0.00000000E+0	0.00000000E+0
-6.10351563E-2	-1.27553995E-10	-1.27553995E-10	-6.10351563E-2	0.00000000E+0	0.00000000E+0
-6.34765625E-2	-1.37588996E-10	-1.37588996E-10	-6.34765625E-2	0.00000000E+0	0.00000000E+0
-6.59179688E-2	-1.40654002E-10	-1.40654002E-10	-6.59179688E-2	0.00000000E+0	0.00000000E+0
-6.83593750E-2	-1.49540005E-10	-1.49540005E-10	-6.83593750E-2	0.00000000E+0	0.00000000E+0
-7.08007813E-2	-1.53523999E-10	-1.53523999E-10	-7.08007813E-2	0.00000000E+0	0.00000000E+0
-7.32421875E-2	-1.61491001E-10	-1.61491001E-10	-7.32421875E-2	0.00000000E+0	0.00000000E+0
-7.56835938E-2	-1.66854003E-10	-1.66854003E-10	-7.56835938E-2	0.00000000E+0	0.00000000E+0
-7.81250000E-2	-1.74132000E-10	-1.74132000E-10	-7.81250000E-2	0.00000000E+0	0.00000000E+0
-8.05664063E-2	-1.74775000E-10	-1.74775000E-10	-8.05664063E-2	0.00000000E+0	0.00000000E+0
-8.30078125E-2	-1.84243995E-10	-1.84243995E-10	-8.30078125E-2	0.00000000E+0	0.00000000E+0
-8.54492188E-2	-1.90908997E-10	-1.90908997E-10	-8.54492188E-2	0.00000000E+0	0.00000000E+0
-8.78906250E-2	-1.96731006E-10	-1.96731006E-10	-8.78906250E-2	0.00000000E+0	0.00000000E+0
-9.03320313E-2	-2.03454004E-10	-2.03454004E-10	-9.03320313E-2	0.00000000E+0	0.00000000E+0
-9.27734375E-2	-2.13872003E-10	-2.13872003E-10	-9.27734375E-2	0.00000000E+0	0.00000000E+0
-9.52148438E-2	-2.27222005E-10	-2.27222005E-10	-9.52148438E-2	0.00000000E+0	0.00000000E+0
-9.76562500E-2	-2.56690003E-10	-2.56690003E-10	-9.76562500E-2	0.00000000E+0	0.00000000E+0
-1.00097656E-1	-5.23927013E-10	-5.23927013E-10	-1.00097656E-1	0.00000000E+0	0.00000000E+0
-1.02539062E-1	-6.05515027E-10	-6.05515027E-10	-1.02539062E-1	0.00000000E+0	0.00000000E+0
-1.04980469E-1	-6.01149019E-10	-6.01149019E-10	-1.04980469E-1	0.00000000E+0	0.00000000E+0
-1.07421875E-1	-6.00612005E-10	-6.00612005E-10	-1.07421875E-1	0.00000000E+0	0.00000000E+0
-1.09863281E-1	-5.92644989E-10	-5.92644989E-10	-1.09863281E-1	0.00000000E+0	0.00000000E+0
-1.12304687E-1	-5.98161021E-10	-5.98161021E-10	-1.12304687E-1	0.00000000E+0	0.00000000E+0
-1.14746094E-1	-5.94176985E-10	-5.94176985E-10	-1.14746094E-1	0.00000000E+0	0.00000000E+0
-1.17187500E-1	-6.04213013E-10	-6.04213013E-10	-1.17187500E-1	0.00000000E+0	0.00000000E+0
-1.19628906E-1	-5.90615001E-10	-5.90615001E-10	-1.19628906E-1	0.00000000E+0	0.00000000E+0
-1.22070312E-1	-6.03447015E-10	-6.03447015E-10	-1.22070312E-1	0.00000000E+0	0.00000000E+0
-1.24511719E-1	-5.99195027E-10	-5.99195027E-10	-1.24511719E-1	0.00000000E+0	0.00000000E+0
-1.26953125E-1	-6.14708007E-10	-6.14708007E-10	-1.26953125E-1	0.00000000E+0	0.00000000E+0
-1.29394531E-1	-6.10265005E-10	-6.10265005E-10	-1.29394531E-1	0.00000000E+0	0.00000000E+0
-1.31835937E-1	-6.18999019E-10	-6.18999019E-10	-1.31835937E-1	0.00000000E+0	0.00000000E+0
-1.34277344E-1	-6.18999019E-10	-6.18999019E-10	-1.34277344E-1	0.00000000E+0	0.00000000E+0
-1.36718750E-1	-6.28612995E-10	-6.28612995E-10	-1.36718750E-1	0.00000000E+0	0.00000000E+0
-1.39160156E-1	-6.22701002E-10	-6.22701002E-10	-1.39160156E-1	0.00000000E+0	0.00000000E+0
-1.41601562E-1	-6.37594977E-10	-6.37594977E-10	-1.41601562E-1	0.00000000E+0	0.00000000E+0
-1.44042969E-1	-6.33898989E-10	-6.33898989E-10	-1.44042969E-1	0.00000000E+0	0.00000000E+0
-1.46484375E-1	-6.49489018E-10	-6.49489018E-10	-1.46484375E-1	0.00000000E+0	0.00000000E+0
-1.48925781E-1	-6.48339993E-10	-6.48339993E-10	-1.48925781E-1	0.00000000E+0	0.00000000E+0
-1.51367187E-1	-6.57455979E-10	-6.57455979E-10	-1.51367187E-1	0.00000000E+0	0.00000000E+0
-1.53808594E-1	-6.55846988E-10	-6.55846988E-10	-1.53808594E-1	0.00000000E+0	0.00000000E+0
-1.56250000E-1	-6.74514000E-10	-6.74514000E-10	-1.56250000E-1	0.00000000E+0	0.00000000E+0
-1.58691406E-1	-6.65844990E-10	-6.65844990E-10	-1.58691406E-1	0.00000000E+0	0.00000000E+0
-1.61132812E-1	-6.79672985E-10	-6.79672985E-10	-1.61132812E-1	0.00000000E+0	0.00000000E+0
-1.63574219E-1	-6.81511014E-10	-6.81511014E-10	-1.63574219E-1	0.00000000E+0	0.00000000E+0
-1.66015625E-1	-6.95913993E-10	-6.95913993E-10	-1.66015625E-1	0.00000000E+0	0.00000000E+0
-1.68457031E-1	-6.97139013E-10	-6.97139013E-10	-1.68457031E-1	0.00000000E+0	0.00000000E+0
-1.70898437E-1	-7.12435999E-10	-7.12435999E-10	-1.70898437E-1	0.00000000E+0	0.00000000E+0
-1.73339844E-1	-7.10623005E-10	-7.10623005E-10	-1.73339844E-1	0.00000000E+0	0.00000000E+0
-1.75781250E-1	-7.25867977E-10	-7.25867977E-10	-1.75781250E-1	0.00000000E+0	0.00000000E+0
-1.78222656E-1	-7.23723026E-10	-7.23723026E-10	-1.78222656E-1	0.00000000E+0	0.00000000E+0
-1.80664062E-1	-7.39829975E-10	-7.39829975E-10	-1.80664062E-1	0.00000000E+0	0.00000000E+0
-1.83105469E-1	-7.42568007E-10	-7.42568007E-10	-1.83105469E-1	0.00000000E+0	0.00000000E+0
-1.85546875E-1	-7.53064000E-10	-7.53064000E-10	-1.85546875E-1	0.00000000E+0	0.00000000E+0
-1.87988281E-1	-7.52450990E-10	-7.52450990E-10	-1.87988281E-1	0.00000000E+0	0.00000000E+0
-1.90429687E-1	-7.68576980E-10	-7.68576980E-10	-1.90429687E-1	0.00000000E+0	0.00000000E+0
-1.92871094E-1	-7.68155983E-10	-7.68155983E-10	-1.92871094E-1	0.00000000E+0	0.00000000E+0
-1.95312500E-1	-7.83190013E-10	-7.83190013E-10	-1.95312500E-1	0.00000000E+0	0.00000000E+0
-1.97753906E-1	-7.80361997E-10	-7.80361997E-10	-1.97753906E-1	0.00000000E+0	0.00000000E+0
-2.00195312E-1	-7.94815991E-10	-7.94815991E-10	-2.00195312E-1	0.00000000E+0	0.00000000E+0
-2.02636719E-1	-8.00101985E-10	-8.00101985E-10	-2.02636719E-1	0.00000000E+0	0.00000000E+0
-2.05078125E-1	-8.11822998E-10	-8.11822998E-10	-2.05078125E-1	0.00000000E+0	0.00000000E+0
-2.07519531E-1	-8.13968004E-10	-8.13968004E-10	-2.07519531E-1	0.00000000E+0	0.00000000E+0
-2.09960937E-1	-8.24080026E-10	-8.24080026E-10	-2.09960937E-1	0.00000000E+0	0.00000000E+0
-2.12402344E-1	-8.24999014E-10	-8.24999014E-10	-2.12402344E-1	0.00000000E+0	0.00000000E+0
-2.14843750E-1	-8.44790016E-10	-8.44790016E-10	-2.14843750E-1	0.00000000E+0	0.00000000E+0
-2.17285156E-1	-8.43155989E-10	-8.43155989E-10	-2.17285156E-1	0.00000000E+0	0.00000000E+0
-2.19726562E-1	-8.54915028E-10	-8.54915028E-10	-2.19726562E-1	0.00000000E+0	0.00000000E+0
-2.22167969E-1	-8.55240989E-10	-8.55240989E-10	-2.22167969E-1	0.00000000E+0	0.00000000E+0
-2.24609375E-1	-8.68359995E-10	-8.68359995E-10	-2.24609375E-1	0.00000000E+0	0.00000000E+0
-2.27050781E-1	-8.68665972E-10	-8.68665972E-10	-2.27050781E-1	0.00000000E+0	0.00000000E+0
-2.29492187E-1	-8.82340978E-10	-8.82340978E-10	-2.29492187E-1	0.00000000E+0	0.00000000E+0
-2.31933594E-1	-8.87589002E-10	-8.87589002E-10	-2.31933594E-1	0.00000000E+0	0.00000000E+0
-2.34375000E-1	-8.98186026E-10	-8.98186026E-10	-2.34375000E-1	0.00000000E+0	0.00000000E+0
-2.36816406E-1	-9.00305996E-10	-9.00305996E-10	-2.36816406E-1	0.00000000E+0	0.00000000E+0
-2.39257812E-1	-9.11414000E-10	-9.11414000E-10	-2.39257812E-1	0.00000000E+0	0.00000000E+0
-2.41699219E-1	-9.17618981E-10	-9.17618981E-10	-2.41699219E-1	0.00000000E+0	0.00000000E+0
-2.44140625E-1	-9.25434007E-10	-9.25434007E-10	-2.44140625E-1	0.00000000E+0	0.00000000E+0
-2.46582031E-1	-9.32022015E-10	-9.32022015E-10	-2.46582031E-1	0.00000000E+0	0.00000000E+0
-2.49023437E-1	-9.48148005E-10	-9.48148005E-10	-2.49023437E-1	0.00000000E+0	0.00000000E+0
-2.51464844E-1	-9.60316049E-10	-9.60316049E-10	-2.51464844E-1	0.00000000E+0	0.00000000E+0
-2.53906250E-1	-9.64351043E-10	-9.64351043E-10	-2.53906250E-1	0.00000000E+0	0.00000000E+0
-2.56347656E-1	-9.69406999E-10	-9.69406999E-10	-2.56347656E-1	0.00000000E+0	0.00000000E+0
-2.58789062E-1	-9.77298020E-10	-9.77298020E-10	-2.58789062E-1	0.00000000E+0	0.00000000E+0
-2.61230469E-1	-9.86834947E-10	-9.86834947E-10	-2.61230469E-1	0.00000000E+0	0.00000000E+0
-2.63671875E-1	-9.95587945E-10	-9.95587945E-10	-2.63671875E-1	0.00000000E+0	0.00000000E+0
-2.66113281E-1	-1.00726005E-9	-1.00726005E-9	-2.66113281E-1	0.00000000E+0	0.00000000E+0
-2.68554687E-1	-1.01158004E-9	-1.01158004E-9	-2.68554687E-1	0.00000000E+0	0.00000000E+0
-2.70996094E-1	-1.02108000E-9	-1.02108000E-9	-2.70996094E-1	0.00000000E+0	0.00000000E+0
-2.73437500E-1	-1.02900999E-9	-1.02900999E-9	-2.73437500E-1	0.00000000E+0	0.00000000E+0
-2.75878906E-1	-1.04126996E-9	-1.04126996E-9	-2.75878906E-1	0.00000000E+0	0.00000000E+0
-2.78320312E-1	-1.04083997E-9	-1.04083997E-9	-2.78320312E-1	0.00000000E+0	0.00000000E+0
-2.80761719E-1	-1.05543996E-9	-1.05543996E-9	-2.80761719E-1	0.00000000E+0	0.00000000E+0
-2.83203125E-1	-1.06094999E-9	-1.06094999E-9	-2.83203125E-1	0.00000000E+0	0.00000000E+0
-2.85644531E-1	-1.07520004E-9	-1.07520004E-9	-2.85644531E-1	0.00000000E+0	0.00000000E+0
-2.88085937E-1	-1.07678999E-9	-1.07678999E-9	-2.88085937E-1	0.00000000E+0	0.00000000E+0
-2.90527344E-1	-1.09338005E-9	-1.09338005E-9	-2.90527344E-1	0.00000000E+0	0.00000000E+0
-2.92968750E-1	-1.09525999E-9	-1.09525999E-9	-2.92968750E-1	0.00000000E+0	0.00000000E+0
-2.95410156E-1	-1.11124998E-9	-1.11124998E-9	-2.95410156E-1	0.00000000E+0	0.00000000E+0
-2.97851562E-1	-1.11278997E-9	-1.11278997E-9	-2.97851562E-1	0.00000000E+0	0.00000000E+0
-3.00292969E-1	-1.13327003E-9	-1.13327003E-9	-3.00292969E-1	0.00000000E+0	0.00000000E+0
-3.02734375E-1	-1.13142995E-9	-1.13142995E-9	-3.02734375E-1	0.00000000E+0	0.00000000E+0
-3.05175781E-1	-1.15262000E-9	-1.15262000E-9	-3.05175781E-1	0.00000000E+0	0.00000000E+0
-3.07617187E-1	-1.15105003E-9	-1.15105003E-9	-3.07617187E-1	0.00000000E+0	0.00000000E+0
-3.10058594E-1	-1.17135002E-9	-1.17135002E-9	-3.10058594E-1	0.00000000E+0	0.00000000E+0
-3.12500000E-1	-1.17200005E-9	-1.17200005E-9	-3.12500000E-1	0.00000000E+0	0.00000000E+0
-3.14941406E-1	-1.18683996E-9	-1.18683996E-9	-3.14941406E-1	0.00000000E+0	0.00000000E+0
-3.17382812E-1	-1.18399002E-9	-1.18399002E-9	-3.17382812E-1	0.00000000E+0	0.00000000E+0
-3.19824219E-1	-1.20843002E-9	-1.20843002E-9	-3.19824219E-1	0.00000000E+0	0.00000000E+0
-3.22265625E-1	-1.20665999E-9	-1.20665999E-9	-3.22265625E-1	0.00000000E+0	0.00000000E+0
-3.24707031E-1	-1.22371002E-9	-1.22371002E-9	-3.24707031E-1	0.00000000E+0	0.00000000E+0
-3.27148437E-1	-1.21606003E-9	-1.21606003E-9	-3.27148437E-1	0.00000000E+0	0.00000000E+0
-3.29589844E-1	-1.24392996E-9	-1.24392996E-9	-3.29589844E-1	0.00000000E+0	0.00000000E+0
-3.32031250E-1	-1.24095001E-9	-1.24095001E-9	-3.32031250E-1	0.00000000E+0	0.00000000E+0
-3.34472656E-1	-1.26461996E-9	-1.26461996E-9	-3.34472656E-1	0.00000000E+0	0.00000000E+0
-3.36914062E-1	-1.25707000E-9	-1.25707000E-9	-3.36914062E-1	0.00000000E+0	0.00000000E+0
-3.39355469E-1	-1.28312005E-9	-1.28312005E-9	-3.39355469E-1	0.00000000E+0	0.00000000E+0
-3.41796875E-1	-1.27791000E-9	-1.27791000E-9	-3.41796875E-1	0.00000000E+0	0.00000000E+0
-3.44238281E-1	-1.30029998E-9	-1.30029998E-9	-3.44238281E-1	0.00000000E+0	0.00000000E+0
-3.46679687E-1	-1.29688005E-9	-1.29688005E-9	-3.46679687E-1	0.00000000E+0	0.00000000E+0
-3.49121094E-1	-1.31958000E-9	-1.31958000E-9	-3.49121094E-1	0.00000000E+0	0.00000000E+0
-3.51562500E-1	-1.30963995E-9	-1.30963995E-9	-3.51562500E-1	0.00000000E+0	0.00000000E+0
-3.54003906E-1	-1.33324995E-9	-1.33324995E-9	-3.54003906E-1	0.00000000E+0	0.00000000E+0
-3.56445312E-1	-1.32944999E-9	-1.32944999E-9	-3.56445312E-1	0.00000000E+0	0.00000000E+0
-3.58886719E-1	-1.35602995E-9	-1.35602995E-9	-3.58886719E-1	0.00000000E+0	0.00000000E+0
-3.61328125E-1	-1.35166001E-9	-1.35166001E-9	-3.61328125E-1	0.00000000E+0	0.00000000E+0
-3.63769531E-1	-1.37500999E-9	-1.37500999E-9	-3.63769531E-1	0.00000000E+0	0.00000000E+0
-3.66210937E-1	-1.37273004E-9	-1.37273004E-9	-3.66210937E-1	0.00000000E+0	0.00000000E+0
-3.68652344E-1	-1.39804002E-9	-1.39804002E-9	-3.68652344E-1	0.00000000E+0	0.00000000E+0
-3.71093750E-1	-1.39209000E-9	-1.39209000E-9	-3.71093750E-1	0.00000000E+0	0.00000000E+0
-3.73535156E-1	-1.41221002E-9	-1.41221002E-9	-3.73535156E-1	0.00000000E+0	0.00000000E+0
-3.75976562E-1	-1.41278000E-9	-1.41278000E-9	-3.75976562E-1	0.00000000E+0	0.00000000E+0
-3.78417969E-1	-1.43270995E-9	-1.43270995E-9	-3.78417969E-1	0.00000000E+0	0.00000000E+0
-3.80859375E-1	-1.42739998E-9	-1.42739998E-9	-3.80859375E-1	0.00000000E+0	0.00000000E+0
-3.83300781E-1	-1.44106005E-9	-1.44106005E-9	-3.83300781E-1	0.00000000E+0	0.00000000E+0
-3.85742187E-1	-1.44106005E-9	-1.44106005E-9	-3.85742187E-1	0.00000000E+0	0.00000000E+0
-3.88183594E-1	-1.46207002E-9	-1.46207002E-9	-3.88183594E-1	0.00000000E+0	0.00000000E+0
-3.90625000E-1	-1.47294998E-9	-1.47294998E-9	-3.90625000E-1	0.00000000E+0	0.00000000E+0
-3.93066406E-1	-1.49250001E-9	-1.49250001E-9	-3.93066406E-1	0.00000000E+0	0.00000000E+0
-3.95507812E-1	-1.49250001E-9	-1.49250001E-9	-3.95507812E-1	0.00000000E+0	0.00000000E+0
-3.97949219E-1	-1.51394997E-9	-1.51394997E-9	-3.97949219E-1	0.00000000E+0	0.00000000E+0
-4.00390625E-1	-1.51167001E-9	-1.51167001E-9	-4.00390625E-1	0.00000000E+0	0.00000000E+0
-4.02832031E-1	-1.52989998E-9	-1.52989998E-9	-4.02832031E-1	0.00000000E+0	0.00000000E+0
-4.05273437E-1	-1.53066004E-9	-1.53066004E-9	-4.05273437E-1	0.00000000E+0	0.00000000E+0
-4.07714844E-1	-1.54507995E-9	-1.54507995E-9	-4.07714844E-1	0.00000000E+0	0.00000000E+0
-4.10156250E-1	-1.54711000E-9	-1.54711000E-9	-4.10156250E-1	0.00000000E+0	0.00000000E+0
-4.12597656E-1	-1.56462998E-9	-1.56462998E-9	-4.12597656E-1	0.00000000E+0	0.00000000E+0
-4.15039062E-1	-1.56367996E-9	-1.56367996E-9	-4.15039062E-1	0.00000000E+0	0.00000000E+0
-4.17480469E-1	-1.57753999E-9	-1.57753999E-9	-4.17480469E-1	0.00000000E+0	0.00000000E+0
-4.19921875E-1	-1.57658997E-9	-1.57658997E-9	-4.19921875E-1	0.00000000E+0	0.00000000E+0
-4.22363281E-1	-1.59469005E-9	-1.59469005E-9	-4.22363281E-1	0.00000000E+0	0.00000000E+0
-4.24804687E-1	-1.59366997E-9	-1.59366997E-9	-4.24804687E-1	0.00000000E+0	0.00000000E+0
-4.27246094E-1	-1.61000002E-9	-1.61000002E-9	-4.27246094E-1	0.00000000E+0	0.00000000E+0
-4.29687500E-1	-1.60657998E-9	-1.60657998E-9	-4.29687500E-1	0.00000000E+0	0.00000000E+0
-4.32128906E-1	-1.62404001E-9	-1.62404001E-9	-4.32128906E-1	0.00000000E+0	0.00000000E+0
-4.34570312E-1	-1.62025005E-9	-1.62025005E-9	-4.34570312E-1	0.00000000E+0	0.00000000E+0
-4.37011719E-1	-1.63720004E-9	-1.63720004E-9	-4.37011719E-1	0.00000000E+0	0.00000000E+0
-4.39453125E-1	-1.63543001E-9	-1.63543001E-9	-4.39453125E-1	0.00000000E+0	0.00000000E+0
-4.41894531E-1	-1.64934999E-9	-1.64934999E-9	-4.41894531E-1	0.00000000E+0	0.00000000E+0
-4.44335937E-1	-1.64720004E-9	-1.64720004E-9	-4.44335937E-1	0.00000000E+0	0.00000000E+0
-4.46777344E-1	-1.66351999E-9	-1.66351999E-9	-4.46777344E-1	0.00000000E+0	0.00000000E+0
-4.49218750E-1	-1.66257996E-9	-1.66257996E-9	-4.49218750E-1	0.00000000E+0	0.00000000E+0
-4.51660156E-1	-1.68365000E-9	-1.68365000E-9	-4.51660156E-1	0.00000000E+0	0.00000000E+0
-4.54101562E-1	-1.67947001E-9	-1.67947001E-9	-4.54101562E-1	0.00000000E+0	0.00000000E+0
-4.56542969E-1	-1.69693004E-9	-1.69693004E-9	-4.56542969E-1	0.00000000E+0	0.00000000E+0
-4.58984375E-1	-1.69161996E-9	-1.69161996E-9	-4.58984375E-1	0.00000000E+0	0.00000000E+0
-4.61425781E-1	-1.70554004E-9	-1.70554004E-9	-4.61425781E-1	0.00000000E+0	0.00000000E+0
-4.63867187E-1	-1.70073000E-9	-1.70073000E-9	-4.63867187E-1	0.00000000E+0	0.00000000E+0
-4.66308594E-1	-1.72249004E-9	-1.72249004E-9	-4.66308594E-1	0.00000000E+0	0.00000000E+0
-4.68750000E-1	-1.71642001E-9	-1.71642001E-9	-4.68750000E-1	0.00000000E+0	0.00000000E+0
-4.71191406E-1	-1.71894998E-9	-1.71894998E-9	-4.71191406E-1	0.00000000E+0	0.00000000E+0
-4.73632812E-1	-1.71971004E-9	-1.71971004E-9	-4.73632812E-1	0.00000000E+0	0.00000000E+0
-4.76074219E-1	-1.73641002E-9	-1.73641002E-9	-4.76074219E-1	0.00000000E+0	0.00000000E+0
-4.78515625E-1	-1.72907000E-9	-1.72907000E-9	-4.78515625E-1	0.00000000E+0	0.00000000E+0
-4.80957031E-1	-1.74223003E-9	-1.74223003E-9	-4.80957031E-1	0.00000000E+0	0.00000000E+0
-4.83398437E-1	-1.73768000E-9	-1.73768000E-9	-4.83398437E-1	0.00000000E+0	0.00000000E+0
-4.85839844E-1	-1.76272996E-9	-1.76272996E-9	-4.85839844E-1	0.00000000E+0	0.00000000E+0
-4.88281250E-1	-1.74855996E-9	-1.74855996E-9	-4.88281250E-1	0.00000000E+0	0.00000000E+0
-4.90722656E-1	-1.78083004E-9	-1.78083004E-9	-4.90722656E-1	0.00000000E+0	0.00000000E+0
-4.93164062E-1	-1.77463000E-9	-1.77463000E-9	-4.93164062E-1	0.00000000E+0	0.00000000E+0
-4.90722656E-1	-1.77362003E-9	-1.77362003E-9	-4.90722656E-1	0.00000000E+0	0.00000000E+0
-4.88281250E-1	-1.76171999E-9	-1.76171999E-9	-4.88281250E-1	0.00000000E+0	0.00000000E+0
-4.85839844E-1	-1.74223003E-9	-1.74223003E-9	-4.85839844E-1	0.00000000E+0	0.00000000E+0
-4.83398437E-1	-1.73489001E-9	-1.73489001E-9	-4.83398437E-1	0.00000000E+0	0.00000000E+0
-4.80957031E-1	-1.74223003E-9	-1.74223003E-9	-4.80957031E-1	0.00000000E+0	0.00000000E+0
-4.78515625E-1	-1.73224002E-9	-1.73224002E-9	-4.78515625E-1	0.00000000E+0	0.00000000E+0
-4.76074219E-1	-1.72907000E-9	-1.72907000E-9	-4.76074219E-1	0.00000000E+0	0.00000000E+0
-4.73632812E-1	-1.71971004E-9	-1.71971004E-9	-4.73632812E-1	0.00000000E+0	0.00000000E+0
-4.71191406E-1	-1.72046999E-9	-1.72046999E-9	-4.71191406E-1	0.00000000E+0	0.00000000E+0
-4.68750000E-1	-1.70832004E-9	-1.70832004E-9	-4.68750000E-1	0.00000000E+0	0.00000000E+0
-4.66308594E-1	-1.70225001E-9	-1.70225001E-9	-4.66308594E-1	0.00000000E+0	0.00000000E+0
-4.63867187E-1	-1.69263004E-9	-1.69263004E-9	-4.63867187E-1	0.00000000E+0	0.00000000E+0
-4.61425781E-1	-1.69364001E-9	-1.69364001E-9	-4.61425781E-1	0.00000000E+0	0.00000000E+0
-4.58984375E-1	-1.67846004E-9	-1.67846004E-9	-4.58984375E-1	0.00000000E+0	0.00000000E+0
-4.56542969E-1	-1.68047998E-9	-1.68047998E-9	-4.56542969E-1	0.00000000E+0	0.00000000E+0
-4.54101562E-1	-1.66656000E-9	-1.66656000E-9	-4.54101562E-1	0.00000000E+0	0.00000000E+0
-4.51660156E-1	-1.66453995E-9	-1.66453995E-9	-4.51660156E-1	0.00000000E+0	0.00000000E+0
-4.49218750E-1	-1.65441005E-9	-1.65441005E-9	-4.49218750E-1	0.00000000E+0	0.00000000E+0
-4.46777344E-1	-1.65035996E-9	-1.65035996E-9	-4.46777344E-1	0.00000000E+0	0.00000000E+0
-4.44335937E-1	-1.64024005E-9	-1.64024005E-9	-4.44335937E-1	0.00000000E+0	0.00000000E+0
-4.41894531E-1	-1.64226999E-9	-1.64226999E-9	-4.41894531E-1	0.00000000E+0	0.00000000E+0
-4.39453125E-1	-1.62656999E-9	-1.62656999E-9	-4.39453125E-1	0.00000000E+0	0.00000000E+0
-4.37011719E-1	-1.61644997E-9	-1.61644997E-9	-4.37011719E-1	0.00000000E+0	0.00000000E+0
-4.34570312E-1	-1.60202995E-9	-1.60202995E-9	-4.34570312E-1	0.00000000E+0	0.00000000E+0
-4.32128906E-1	-1.60202995E-9	-1.60202995E-9	-4.32128906E-1	0.00000000E+0	0.00000000E+0
-4.29687500E-1	-1.58253999E-9	-1.58253999E-9	-4.29687500E-1	0.00000000E+0	0.00000000E+0
-4.27246094E-1	-1.59063995E-9	-1.59063995E-9	-4.27246094E-1	0.00000000E+0	0.00000000E+0
-4.24804687E-1	-1.57039004E-9	-1.57039004E-9	-4.24804687E-1	0.00000000E+0	0.00000000E+0
-4.22363281E-1	-1.57563995E-9	-1.57563995E-9	-4.22363281E-1	0.00000000E+0	0.00000000E+0
-4.19921875E-1	-1.55646995E-9	-1.55646995E-9	-4.19921875E-1	0.00000000E+0	0.00000000E+0
-4.17480469E-1	-1.55950997E-9	-1.55950997E-9	-4.17480469E-1	0.00000000E+0	0.00000000E+0
-4.15039062E-1	-1.53824997E-9	-1.53824997E-9	-4.15039062E-1	0.00000000E+0	0.00000000E+0
-4.12597656E-1	-1.54128998E-9	-1.54128998E-9	-4.12597656E-1	0.00000000E+0	0.00000000E+0
-4.10156250E-1	-1.52306001E-9	-1.52306001E-9	-4.10156250E-1	0.00000000E+0	0.00000000E+0
-4.07714844E-1	-1.53066004E-9	-1.53066004E-9	-4.07714844E-1	0.00000000E+0	0.00000000E+0
-4.05273437E-1	-1.51167001E-9	-1.51167001E-9	-4.05273437E-1	0.00000000E+0	0.00000000E+0
-4.02832031E-1	-1.51242996E-9	-1.51242996E-9	-4.02832031E-1	0.00000000E+0	0.00000000E+0
-4.00390625E-1	-1.48851997E-9	-1.48851997E-9	-4.00390625E-1	0.00000000E+0	0.00000000E+0
-3.97949219E-1	-1.49801005E-9	-1.49801005E-9	-3.97949219E-1	0.00000000E+0	0.00000000E+0
-3.95507812E-1	-1.47142998E-9	-1.47142998E-9	-3.95507812E-1	0.00000000E+0	0.00000000E+0
-3.93066406E-1	-1.47846002E-9	-1.47846002E-9	-3.93066406E-1	0.00000000E+0	0.00000000E+0
-3.90625000E-1	-1.45016998E-9	-1.45016998E-9	-3.90625000E-1	0.00000000E+0	0.00000000E+0
-3.88183594E-1	-1.45903001E-9	-1.45903001E-9	-3.88183594E-1	0.00000000E+0	0.00000000E+0
-3.85742187E-1	-1.43651002E-9	-1.43651002E-9	-3.85742187E-1	0.00000000E+0	0.00000000E+0
-3.83300781E-1	-1.44258006E-9	-1.44258006E-9	-3.83300781E-1	0.00000000E+0	0.00000000E+0
-3.80859375E-1	-1.41677003E-9	-1.41677003E-9	-3.80859375E-1	0.00000000E+0	0.00000000E+0
-3.78417969E-1	-1.42487000E-9	-1.42487000E-9	-3.78417969E-1	0.00000000E+0	0.00000000E+0
-3.75976562E-1	-1.39626999E-9	-1.39626999E-9	-3.75976562E-1	0.00000000E+0	0.00000000E+0
-3.73535156E-1	-1.39804002E-9	-1.39804002E-9	-3.73535156E-1	0.00000000E+0	0.00000000E+0
-3.71093750E-1	-1.37348999E-9	-1.37348999E-9	-3.71093750E-1	0.00000000E+0	0.00000000E+0
-3.68652344E-1	-1.38297995E-9	-1.38297995E-9	-3.68652344E-1	0.00000000E+0	0.00000000E+0
-3.66210937E-1	-1.35921996E-9	-1.35921996E-9	-3.66210937E-1	0.00000000E+0	0.00000000E+0
-3.63769531E-1	-1.36361999E-9	-1.36361999E-9	-3.63769531E-1	0.00000000E+0	0.00000000E+0
-3.61328125E-1	-1.33476996E-9	-1.33476996E-9	-3.61328125E-1	0.00000000E+0	0.00000000E+0
-3.58886719E-1	-1.34008005E-9	-1.34008005E-9	-3.58886719E-1	0.00000000E+0	0.00000000E+0
-3.56445312E-1	-1.31427003E-9	-1.31427003E-9	-3.56445312E-1	0.00000000E+0	0.00000000E+0
-3.54003906E-1	-1.31958000E-9	-1.31958000E-9	-3.54003906E-1	0.00000000E+0	0.00000000E+0
-3.51562500E-1	-1.29406996E-9	-1.29406996E-9	-3.51562500E-1	0.00000000E+0	0.00000000E+0
-3.49121094E-1	-1.30442002E-9	-1.30442002E-9	-3.49121094E-1	0.00000000E+0	0.00000000E+0
-3.46679687E-1	-1.28094002E-9	-1.28094002E-9	-3.46679687E-1	0.00000000E+0	0.00000000E+0
-3.44238281E-1	-1.28386002E-9	-1.28386002E-9	-3.44238281E-1	0.00000000E+0	0.00000000E+0
-3.41796875E-1	-1.26001998E-9	-1.26001998E-9	-3.41796875E-1	0.00000000E+0	0.00000000E+0
-3.39355469E-1	-1.26277999E-9	-1.26277999E-9	-3.39355469E-1	0.00000000E+0	0.00000000E+0
-3.36914062E-1	-1.24148003E-9	-1.24148003E-9	-3.36914062E-1	0.00000000E+0	0.00000000E+0
-3.34472656E-1	-1.23874000E-9	-1.23874000E-9	-3.34472656E-1	0.00000000E+0	0.00000000E+0
-3.32031250E-1	-1.22077004E-9	-1.22077004E-9	-3.32031250E-1	0.00000000E+0	0.00000000E+0
-3.29589844E-1	-1.22697996E-9	-1.22697996E-9	-3.29589844E-1	0.00000000E+0	0.00000000E+0
-3.27148437E-1	-1.20756005E-9	-1.20756005E-9	-3.27148437E-1	0.00000000E+0	0.00000000E+0
-3.24707031E-1	-1.19036003E-9	-1.19036003E-9	-3.24707031E-1	0.00000000E+0	0.00000000E+0
-3.22265625E-1	-1.17594001E-9	-1.17594001E-9	-3.22265625E-1	0.00000000E+0	0.00000000E+0
-3.19824219E-1	-1.16709997E-9	-1.16709997E-9	-3.19824219E-1	0.00000000E+0	0.00000000E+0
-3.17382812E-1	-1.15262000E-9	-1.15262000E-9	-3.17382812E-1	0.00000000E+0	0.00000000E+0
-3.14941406E-1	-1.14228005E-9	-1.14228005E-9	-3.14941406E-1	0.00000000E+0	0.00000000E+0
-3.12500000E-1	-1.12801002E-9	-1.12801002E-9	-3.12500000E-1	0.00000000E+0	0.00000000E+0
-3.10058594E-1	-1.12801002E-9	-1.12801002E-9	-3.10058594E-1	0.00000000E+0	0.00000000E+0
-3.07617187E-1	-1.11519005E-9	-1.11519005E-9	-3.07617187E-1	0.00000000E+0	0.00000000E+0
-3.05175781E-1	-1.10328002E-9	-1.10328002E-9	-3.05175781E-1	0.00000000E+0	0.00000000E+0
-3.02734375E-1	-1.09419995E-9	-1.09419995E-9	-3.02734375E-1	0.00000000E+0	0.00000000E+0
-3.00292969E-1	-1.07931997E-9	-1.07931997E-9	-3.00292969E-1	0.00000000E+0	0.00000000E+0
-2.97851562E-1	-1.07678999E-9	-1.07678999E-9	-2.97851562E-1	0.00000000E+0	0.00000000E+0
-2.95410156E-1	-1.05689002E-9	-1.05689002E-9	-2.95410156E-1	0.00000000E+0	0.00000000E+0
-2.92968750E-1	-1.05311004E-9	-1.05311004E-9	-2.92968750E-1	0.00000000E+0	0.00000000E+0
-2.90527344E-1	-1.04126996E-9	-1.04126996E-9	-2.90527344E-1	0.00000000E+0	0.00000000E+0
-2.88085937E-1	-1.03606002E-9	-1.03606002E-9	-2.88085937E-1	0.00000000E+0	0.00000000E+0
-2.85644531E-1	-1.01798003E-9	-1.01798003E-9	-2.85644531E-1	0.00000000E+0	0.00000000E+0
-2.83203125E-1	-1.01629005E-9	-1.01629005E-9	-2.83203125E-1	0.00000000E+0	0.00000000E+0
-2.80761719E-1	-9.97644967E-10	-9.97644967E-10	-2.80761719E-1	0.00000000E+0	0.00000000E+0
-2.78320312E-1	-9.99131000E-10	-9.99131000E-10	-2.78320312E-1	0.00000000E+0	0.00000000E+0
-2.75878906E-1	-9.71731029E-10	-9.71731029E-10	-2.75878906E-1	0.00000000E+0	0.00000000E+0
-2.73437500E-1	-9.73103043E-10	-9.73103043E-10	-2.73437500E-1	0.00000000E+0	0.00000000E+0
-2.70996094E-1	-9.57418034E-10	-9.57418034E-10	-2.70996094E-1	0.00000000E+0	0.00000000E+0
-2.68554687E-1	-9.62465996E-10	-9.62465996E-10	-2.68554687E-1	0.00000000E+0	0.00000000E+0
-2.66113281E-1	-9.37205979E-10	-9.37205979E-10	-2.66113281E-1	0.00000000E+0	0.00000000E+0
-2.63671875E-1	-9.38840006E-10	-9.38840006E-10	-2.63671875E-1	0.00000000E+0	0.00000000E+0
-2.61230469E-1	-9.18769005E-10	-9.18769005E-10	-2.61230469E-1	0.00000000E+0	0.00000000E+0
-2.58789062E-1	-9.24283983E-10	-9.24283983E-10	-2.58789062E-1	0.00000000E+0	0.00000000E+0
-2.56347656E-1	-8.97433017E-10	-8.97433017E-10	-2.56347656E-1	0.00000000E+0	0.00000000E+0
-2.53906250E-1	-9.01224984E-10	-9.01224984E-10	-2.53906250E-1	0.00000000E+0	0.00000000E+0
-2.51464844E-1	-8.85712004E-10	-8.85712004E-10	-2.51464844E-1	0.00000000E+0	0.00000000E+0
-2.49023437E-1	-8.89120999E-10	-8.89120999E-10	-2.49023437E-1	0.00000000E+0	0.00000000E+0
-2.46582031E-1	-8.60067018E-10	-8.60067018E-10	-2.46582031E-1	0.00000000E+0	0.00000000E+0
-2.44140625E-1	-8.70505001E-10	-8.70505001E-10	-2.44140625E-1	0.00000000E+0	0.00000000E+0
-2.41699219E-1	-8.40704006E-10	-8.40704006E-10	-2.41699219E-1	0.00000000E+0	0.00000000E+0
-2.39257812E-1	-8.51813009E-10	-8.51813009E-10	-2.39257812E-1	0.00000000E+0	0.00000000E+0
-2.36816406E-1	-8.18871027E-10	-8.18871027E-10	-2.36816406E-1	0.00000000E+0	0.00000000E+0
-2.34375000E-1	-8.30209013E-10	-8.30209013E-10	-2.34375000E-1	0.00000000E+0	0.00000000E+0
-2.31933594E-1	-8.10291001E-10	-8.10291001E-10	-2.31933594E-1	0.00000000E+0	0.00000000E+0
-2.29492187E-1	-8.17338974E-10	-8.17338974E-10	-2.29492187E-1	0.00000000E+0	0.00000000E+0
-2.27050781E-1	-7.89300014E-10	-7.89300014E-10	-2.27050781E-1	0.00000000E+0	0.00000000E+0
-2.24609375E-1	-7.99795008E-10	-7.99795008E-10	-2.24609375E-1	0.00000000E+0	0.00000000E+0
-2.22167969E-1	-7.73645981E-10	-7.73645981E-10	-2.22167969E-1	0.00000000E+0	0.00000000E+0
-2.19726562E-1	-7.81869014E-10	-7.81869014E-10	-2.19726562E-1	0.00000000E+0	0.00000000E+0
-2.17285156E-1	-7.53829998E-10	-7.53829998E-10	-2.17285156E-1	0.00000000E+0	0.00000000E+0
-2.14843750E-1	-7.65819019E-10	-7.65819019E-10	-2.14843750E-1	0.00000000E+0	0.00000000E+0
-2.12402344E-1	-7.40768002E-10	-7.40768002E-10	-2.12402344E-1	0.00000000E+0	0.00000000E+0
-2.09960937E-1	-7.52757023E-10	-7.52757023E-10	-2.09960937E-1	0.00000000E+0	0.00000000E+0
-2.07519531E-1	-7.26901983E-10	-7.26901983E-10	-2.07519531E-1	0.00000000E+0	0.00000000E+0
-2.05078125E-1	-7.38891004E-10	-7.38891004E-10	-2.05078125E-1	0.00000000E+0	0.00000000E+0
-2.02636719E-1	-7.11389003E-10	-7.11389003E-10	-2.02636719E-1	0.00000000E+0	0.00000000E+0
-2.00195312E-1	-7.22036986E-10	-7.22036986E-10	-2.00195312E-1	0.00000000E+0	0.00000000E+0
-1.97753906E-1	-6.90321023E-10	-6.90321023E-10	-1.97753906E-1	0.00000000E+0	0.00000000E+0
-1.95312500E-1	-6.99438008E-10	-6.99438008E-10	-1.95312500E-1	0.00000000E+0	0.00000000E+0
-1.92871094E-1	-6.81127987E-10	-6.81127987E-10	-1.92871094E-1	0.00000000E+0	0.00000000E+0
-1.90429687E-1	-6.88176016E-10	-6.88176016E-10	-1.90429687E-1	0.00000000E+0	0.00000000E+0
-1.87988281E-1	-6.60213995E-10	-6.60213995E-10	-1.87988281E-1	0.00000000E+0	0.00000000E+0
-1.85546875E-1	-6.70070999E-10	-6.70070999E-10	-1.85546875E-1	0.00000000E+0	0.00000000E+0
-1.83105469E-1	-6.45428988E-10	-6.45428988E-10	-1.83105469E-1	0.00000000E+0	0.00000000E+0
-1.80664062E-1	-6.54238996E-10	-6.54238996E-10	-1.80664062E-1	0.00000000E+0	0.00000000E+0
-1.78222656E-1	-6.28612995E-10	-6.28612995E-10	-1.78222656E-1	0.00000000E+0	0.00000000E+0
-1.75781250E-1	-6.33171016E-10	-6.33171016E-10	-1.75781250E-1	0.00000000E+0	0.00000000E+0
-1.73339844E-1	-6.16796003E-10	-6.16796003E-10	-1.73339844E-1	0.00000000E+0	0.00000000E+0
-1.70898437E-1	-6.24208019E-10	-6.24208019E-10	-1.70898437E-1	0.00000000E+0	0.00000000E+0
-1.68457031E-1	-5.98659011E-10	-5.98659011E-10	-1.68457031E-1	0.00000000E+0	0.00000000E+0
-1.66015625E-1	-6.04213013E-10	-6.04213013E-10	-1.66015625E-1	0.00000000E+0	0.00000000E+0
-1.63574219E-1	-5.85826998E-10	-5.85826998E-10	-1.63574219E-1	0.00000000E+0	0.00000000E+0
-1.61132812E-1	-5.90615001E-10	-5.90615001E-10	-1.61132812E-1	0.00000000E+0	0.00000000E+0
-1.58691406E-1	-5.68551983E-10	-5.68551983E-10	-1.58691406E-1	0.00000000E+0	0.00000000E+0
-1.56250000E-1	-5.70504977E-10	-5.70504977E-10	-1.56250000E-1	0.00000000E+0	0.00000000E+0
-1.53808594E-1	-5.60200997E-10	-5.60200997E-10	-1.53808594E-1	0.00000000E+0	0.00000000E+0
-1.51367187E-1	-5.62538016E-10	-5.62538016E-10	-1.51367187E-1	0.00000000E+0	0.00000000E+0
-1.48925781E-1	-5.44765011E-10	-5.44765011E-10	-1.48925781E-1	0.00000000E+0	0.00000000E+0
-1.46484375E-1	-5.48289025E-10	-5.48289025E-10	-1.46484375E-1	0.00000000E+0	0.00000000E+0
-1.44042969E-1	-5.36568012E-10	-5.36568012E-10	-1.44042969E-1	0.00000000E+0	0.00000000E+0
-1.41601562E-1	-5.35725020E-10	-5.35725020E-10	-1.41601562E-1	0.00000000E+0	0.00000000E+0
-1.39160156E-1	-5.21629018E-10	-5.21629018E-10	-1.39160156E-1	0.00000000E+0	0.00000000E+0
-1.36718750E-1	-5.26072019E-10	-5.26072019E-10	-1.36718750E-1	0.00000000E+0	0.00000000E+0
-1.34277344E-1	-5.17109022E-10	-5.17109022E-10	-1.34277344E-1	0.00000000E+0	0.00000000E+0
-1.31835937E-1	-5.09755016E-10	-5.09755016E-10	-1.31835937E-1	0.00000000E+0	0.00000000E+0
-1.29394531E-1	-5.03395992E-10	-5.03395992E-10	-1.29394531E-1	0.00000000E+0	0.00000000E+0
-1.26953125E-1	-5.01097996E-10	-5.01097996E-10	-1.26953125E-1	0.00000000E+0	0.00000000E+0
-1.24511719E-1	-4.92287988E-10	-4.92287988E-10	-1.24511719E-1	0.00000000E+0	0.00000000E+0
-1.22070312E-1	-4.88610985E-10	-4.88610985E-10	-1.22070312E-1	0.00000000E+0	0.00000000E+0
-1.19628906E-1	-4.82175022E-10	-4.82175022E-10	-1.19628906E-1	0.00000000E+0	0.00000000E+0
-1.17187500E-1	-4.75484985E-10	-4.75484985E-10	-1.17187500E-1	0.00000000E+0	0.00000000E+0
-1.14746094E-1	-4.75816997E-10	-4.75816997E-10	-1.14746094E-1	0.00000000E+0	0.00000000E+0
-1.12304687E-1	-4.71642003E-10	-4.71642003E-10	-1.12304687E-1	0.00000000E+0	0.00000000E+0
-1.09863281E-1	-4.65066013E-10	-4.65066013E-10	-1.09863281E-1	0.00000000E+0	0.00000000E+0
-1.07421875E-1	-4.59192989E-10	-4.59192989E-10	-1.07421875E-1	0.00000000E+0	0.00000000E+0
-1.04980469E-1	-4.59958988E-10	-4.59958988E-10	-1.04980469E-1	0.00000000E+0	0.00000000E+0
-1.02539062E-1	-4.53677013E-10	-4.53677013E-10	-1.02539062E-1	0.00000000E+0	0.00000000E+0
-1.00097656E-1	-4.51339993E-10	-4.51339993E-10	-1.00097656E-1	0.00000000E+0	0.00000000E+0
-9.76562500E-2	-4.46475995E-10	-4.46475995E-10	-9.76562500E-2	0.00000000E+0	0.00000000E+0
-9.52148438E-2	-4.48007992E-10	-4.48007992E-10	-9.52148438E-2	0.00000000E+0	0.00000000E+0
-9.27734375E-2	-4.37665987E-10	-4.37665987E-10	-9.27734375E-2	0.00000000E+0	0.00000000E+0
-9.03320313E-2	-4.29602992E-10	-4.29602992E-10	-9.03320313E-2	0.00000000E+0	0.00000000E+0
-8.78906250E-2	-3.95709993E-10	-3.95709993E-10	-8.78906250E-2	0.00000000E+0	0.00000000E+0
-8.54492188E-2	-3.29954009E-10	-3.29954009E-10	-8.54492188E-2	0.00000000E+0	0.00000000E+0
-8.30078125E-2	-2.37615011E-10	-2.37615011E-10	-8.30078125E-2	0.00000000E+0	0.00000000E+0
-8.05664063E-2	-1.50153001E-10	-1.50153001E-10	-8.05664063E-2	0.00000000E+0	0.00000000E+0
-7.81250000E-2	-1.38202005E-10	-1.38202005E-10	-7.81250000E-2	0.00000000E+0	0.00000000E+0
-7.56835938E-2	-1.31958999E-10	-1.31958999E-10	-7.56835938E-2	0.00000000E+0	0.00000000E+0
-7.32421875E-2	-1.23937999E-10	-1.23937999E-10	-7.32421875E-2	0.00000000E+0	0.00000000E+0
-7.08007813E-2	-1.23937999E-10	-1.23937999E-10	-7.08007813E-2	0.00000000E+0	0.00000000E+0
-6.83593750E-2	-1.16261001E-10	-1.16261001E-10	-6.83593750E-2	0.00000000E+0	0.00000000E+0
-6.59179688E-2	-1.15231998E-10	-1.15231998E-10	-6.59179688E-2	0.00000000E+0	0.00000000E+0
-6.34765625E-2	-1.07559003E-10	-1.07559003E-10	-6.34765625E-2	0.00000000E+0	0.00000000E+0
-6.10351563E-2	-1.07206001E-10	-1.07206001E-10	-6.10351563E-2	0.00000000E+0	0.00000000E+0
-5.85937500E-2	-1.01302002E-10	-1.01302002E-10	-5.85937500E-2	0.00000000E+0	0.00000000E+0
-5.61523438E-2	-9.87486967E-11	-9.87486967E-11	-5.61523438E-2	0.00000000E+0	0.00000000E+0
-5.37109375E-2	-8.86362997E-11	-8.86362997E-11	-5.37109375E-2	0.00000000E+0	0.00000000E+0
-5.12695313E-2	-9.05186967E-11	-9.05186967E-11	-5.12695313E-2	0.00000000E+0	0.00000000E+0
-4.88281250E-2	-8.23033031E-11	-8.23033031E-11	-4.88281250E-2	0.00000000E+0	0.00000000E+0
-4.63867188E-2	-7.94542002E-11	-7.94542002E-11	-4.63867188E-2	0.00000000E+0	0.00000000E+0
-4.39453125E-2	-7.22037014E-11	-7.22037014E-11	-4.39453125E-2	0.00000000E+0	0.00000000E+0
-4.15039063E-2	-7.32379990E-11	-7.32379990E-11	-4.15039063E-2	0.00000000E+0	0.00000000E+0
-3.90625000E-2	-6.70326017E-11	-6.70326017E-11	-3.90625000E-2	0.00000000E+0	0.00000000E+0
-3.66210938E-2	-6.12008014E-11	-6.12008014E-11	-3.66210938E-2	0.00000000E+0	0.00000000E+0
-3.41796875E-2	-5.45235003E-11	-5.45235003E-11	-3.41796875E-2	0.00000000E+0	0.00000000E+0
-3.17382813E-2	-5.43156006E-11	-5.43156006E-11	-3.17382813E-2	0.00000000E+0	0.00000000E+0
-2.92968750E-2	-4.79571001E-11	-4.79571001E-11	-2.92968750E-2	0.00000000E+0	0.00000000E+0
-2.68554688E-2	-4.64095984E-11	-4.64095984E-11	-2.68554688E-2	0.00000000E+0	0.00000000E+0
-2.44140625E-2	-3.88598008E-11	-3.88598008E-11	-2.44140625E-2	0.00000000E+0	0.00000000E+0
-2.19726563E-2	-3.88598008E-11	-3.88598008E-11	-2.19726563E-2	0.00000000E+0	0.00000000E+0
-1.95312500E-2	-3.32672986E-11	-3.32672986E-11	-1.95312500E-2	0.00000000E+0	0.00000000E+0
-1.70898438E-2	-3.01072015E-11	-3.01072015E-11	-1.70898438E-2	0.00000000E+0	0.00000000E+0
-1.46484375E-2	-2.33426993E-11	-2.33426993E-11	-1.46484375E-2	0.00000000E+0	0.00000000E+0
-1.22070313E-2	-2.31434993E-11	-2.31434993E-11	-1.22070313E-2	0.00000000E+0	0.00000000E+0
-9.76562500E-3	-1.96373993E-11	-1.96373993E-11	-9.76562500E-3	0.00000000E+0	0.00000000E+0
-7.32421875E-3	-1.75214999E-11	-1.75214999E-11	-7.32421875E-3	0.00000000E+0	0.00000000E+0
-4.88281250E-3	-1.44943996E-11	-1.44943996E-11	-4.88281250E-3	0.00000000E+0	0.00000000E+0
-2.44140625E-3	-1.65474995E-11	-1.65474995E-11	-2.44140625E-3	0.00000000E+0	0.00000000E+0
0.00000000E+0	-1.71275008E-11	-1.71275008E-11	0.00000000E+0	0.00000000E+0	0.00000000E+0
