Date: do 28 mrt 2013, Material: Au, Temp: 4.2 K
AO1 - module gain: 1.0E+0, R_out: 0.0
AO2 - module gain: 1.0E+2
MUX1 - ADC gain: 4, logarithmic amplifier: D:\LabVIEW Data\Lithographic MCBJ\MED24_070412.TXT, R_in: 0.000
MUX2 - ADC gain: 4, linear amplifier: 1.000000 x 1e10 V/A, R_in: 1.000
Breaking trace: 15 0
Axis position: -883.780488
Vbias (V)	<I> and Ii MUX1 (A)	Vbias (V)	<I> and Ii MUX2 (A)
@
0.00000000E+0	-8.75254980E-10	-8.75254980E-10	0.00000000E+0	0.00000000E+0	0.00000000E+0
2.44140625E-3	2.94514990E-9	2.94514990E-9	2.44140625E-3	0.00000000E+0	0.00000000E+0
4.88281250E-3	7.97215982E-9	7.97215982E-9	4.88281250E-3	0.00000000E+0	0.00000000E+0
7.32421875E-3	1.30815998E-8	1.30815998E-8	7.32421875E-3	0.00000000E+0	0.00000000E+0
9.76562500E-3	1.85202005E-8	1.85202005E-8	9.76562500E-3	0.00000000E+0	0.00000000E+0
1.22070313E-2	2.39115998E-8	2.39115998E-8	1.22070313E-2	0.00000000E+0	0.00000000E+0
1.46484375E-2	2.95732008E-8	2.95732008E-8	1.46484375E-2	0.00000000E+0	0.00000000E+0
1.70898438E-2	3.53150007E-8	3.53150007E-8	1.70898438E-2	0.00000000E+0	0.00000000E+0
1.95312500E-2	4.11869010E-8	4.11869010E-8	1.95312500E-2	0.00000000E+0	0.00000000E+0
2.19726563E-2	4.68827999E-8	4.68827999E-8	2.19726563E-2	0.00000000E+0	0.00000000E+0
2.44140625E-2	5.28082005E-8	5.28082005E-8	2.44140625E-2	0.00000000E+0	0.00000000E+0
2.68554688E-2	5.85805999E-8	5.85805999E-8	2.68554688E-2	0.00000000E+0	0.00000000E+0
2.92968750E-2	6.43760032E-8	6.43760032E-8	2.92968750E-2	0.00000000E+0	0.00000000E+0
3.17382813E-2	7.04657026E-8	7.04657026E-8	3.17382813E-2	0.00000000E+0	0.00000000E+0
3.41796875E-2	7.67618999E-8	7.67618999E-8	3.41796875E-2	0.00000000E+0	0.00000000E+0
3.66210938E-2	8.19149975E-8	8.19149975E-8	3.66210938E-2	0.00000000E+0	0.00000000E+0
3.90625000E-2	8.78823982E-8	8.78823982E-8	3.90625000E-2	0.00000000E+0	0.00000000E+0
4.15039063E-2	9.33490014E-8	9.33490014E-8	4.15039063E-2	0.00000000E+0	0.00000000E+0
4.39453125E-2	5.27700017E-8	5.27700017E-8	4.39453125E-2	0.00000000E+0	0.00000000E+0
4.63867188E-2	6.57063026E-8	6.57063026E-8	4.63867188E-2	0.00000000E+0	0.00000000E+0
4.88281250E-2	5.66463001E-8	5.66463001E-8	4.88281250E-2	0.00000000E+0	0.00000000E+0
5.12695313E-2	3.72723008E-8	3.72723008E-8	5.12695313E-2	0.00000000E+0	0.00000000E+0
5.37109375E-2	3.95735995E-8	3.95735995E-8	5.37109375E-2	0.00000000E+0	0.00000000E+0
5.61523438E-2	3.66529989E-8	3.66529989E-8	5.61523438E-2	0.00000000E+0	0.00000000E+0
5.85937500E-2	3.25015002E-8	3.25015002E-8	5.85937500E-2	0.00000000E+0	0.00000000E+0
6.10351563E-2	3.05747996E-8	3.05747996E-8	6.10351563E-2	0.00000000E+0	0.00000000E+0
6.34765625E-2	2.90533002E-8	2.90533002E-8	6.34765625E-2	0.00000000E+0	0.00000000E+0
6.59179688E-2	2.83957995E-8	2.83957995E-8	6.59179688E-2	0.00000000E+0	0.00000000E+0
6.83593750E-2	2.83346004E-8	2.83346004E-8	6.83593750E-2	0.00000000E+0	0.00000000E+0
7.08007813E-2	2.87207005E-8	2.87207005E-8	7.08007813E-2	0.00000000E+0	0.00000000E+0
7.32421875E-2	2.94049993E-8	2.94049993E-8	7.32421875E-2	0.00000000E+0	0.00000000E+0
7.56835938E-2	3.01694989E-8	3.01694989E-8	7.56835938E-2	0.00000000E+0	0.00000000E+0
7.81250000E-2	3.12782014E-8	3.12782014E-8	7.81250000E-2	0.00000000E+0	0.00000000E+0
8.05664063E-2	3.22567999E-8	3.22567999E-8	8.05664063E-2	0.00000000E+0	0.00000000E+0
8.30078125E-2	3.32048984E-8	3.32048984E-8	8.30078125E-2	0.00000000E+0	0.00000000E+0
8.54492188E-2	3.43057991E-8	3.43057991E-8	8.54492188E-2	0.00000000E+0	0.00000000E+0
8.78906250E-2	3.51620990E-8	3.51620990E-8	8.78906250E-2	0.00000000E+0	0.00000000E+0
9.03320313E-2	3.63547983E-8	3.63547983E-8	9.03320313E-2	0.00000000E+0	0.00000000E+0
9.27734375E-2	3.74557985E-8	3.74557985E-8	9.27734375E-2	0.00000000E+0	0.00000000E+0
9.52148438E-2	3.94819004E-8	3.94819004E-8	9.52148438E-2	0.00000000E+0	0.00000000E+0
9.76562500E-2	4.07968983E-8	4.07968983E-8	9.76562500E-2	0.00000000E+0	0.00000000E+0
1.00097656E-1	4.31288001E-8	4.31288001E-8	1.00097656E-1	0.00000000E+0	0.00000000E+0
1.02539062E-1	4.52773001E-8	4.52773001E-8	1.02539062E-1	0.00000000E+0	0.00000000E+0
1.04980469E-1	4.80297011E-8	4.80297011E-8	1.04980469E-1	0.00000000E+0	0.00000000E+0
1.07421875E-1	4.97804997E-8	4.97804997E-8	1.07421875E-1	0.00000000E+0	0.00000000E+0
1.09863281E-1	4.95282002E-8	4.95282002E-8	1.09863281E-1	0.00000000E+0	0.00000000E+0
1.12304687E-1	5.28578994E-8	5.28578994E-8	1.12304687E-1	0.00000000E+0	0.00000000E+0
1.14746094E-1	5.39779990E-8	5.39779990E-8	1.14746094E-1	0.00000000E+0	0.00000000E+0
1.17187500E-1	5.50178001E-8	5.50178001E-8	1.17187500E-1	0.00000000E+0	0.00000000E+0
1.19628906E-1	5.57364004E-8	5.57364004E-8	1.19628906E-1	0.00000000E+0	0.00000000E+0
1.22070312E-1	5.70552992E-8	5.70552992E-8	1.22070312E-1	0.00000000E+0	0.00000000E+0
1.24511719E-1	5.80989017E-8	5.80989017E-8	1.24511719E-1	0.00000000E+0	0.00000000E+0
1.26953125E-1	5.87182001E-8	5.87182001E-8	1.26953125E-1	0.00000000E+0	0.00000000E+0
1.29394531E-1	5.99492012E-8	5.99492012E-8	1.29394531E-1	0.00000000E+0	0.00000000E+0
1.31835937E-1	6.12297981E-8	6.12297981E-8	1.31835937E-1	0.00000000E+0	0.00000000E+0
1.34277344E-1	6.22886986E-8	6.22886986E-8	1.34277344E-1	0.00000000E+0	0.00000000E+0
1.36718750E-1	6.28927026E-8	6.28927026E-8	1.36718750E-1	0.00000000E+0	0.00000000E+0
1.39160156E-1	6.38063966E-8	6.38063966E-8	1.39160156E-1	0.00000000E+0	0.00000000E+0
1.41601562E-1	6.47429985E-8	6.47429985E-8	1.41601562E-1	0.00000000E+0	0.00000000E+0
1.44042969E-1	6.58745023E-8	6.58745023E-8	1.44042969E-1	0.00000000E+0	0.00000000E+0
1.46484375E-1	6.69372966E-8	6.69372966E-8	1.46484375E-1	0.00000000E+0	0.00000000E+0
1.48925781E-1	6.85008033E-8	6.85008033E-8	1.48925781E-1	0.00000000E+0	0.00000000E+0
1.51367187E-1	6.93073972E-8	6.93073972E-8	1.51367187E-1	0.00000000E+0	0.00000000E+0
1.53808594E-1	7.01866014E-8	7.01866014E-8	1.53808594E-1	0.00000000E+0	0.00000000E+0
1.56250000E-1	7.14749007E-8	7.14749007E-8	1.56250000E-1	0.00000000E+0	0.00000000E+0
1.58691406E-1	7.25720994E-8	7.25720994E-8	1.58691406E-1	0.00000000E+0	0.00000000E+0
1.61132812E-1	7.36157020E-8	7.36157020E-8	1.61132812E-1	0.00000000E+0	0.00000000E+0
1.63574219E-1	7.50262998E-8	7.50262998E-8	1.63574219E-1	0.00000000E+0	0.00000000E+0
1.66015625E-1	7.58597025E-8	7.58597025E-8	1.66015625E-1	0.00000000E+0	0.00000000E+0
1.68457031E-1	7.69300996E-8	7.69300996E-8	1.68457031E-1	0.00000000E+0	0.00000000E+0
1.70898437E-1	7.84438967E-8	7.84438967E-8	1.70898437E-1	0.00000000E+0	0.00000000E+0
1.73339844E-1	7.90822980E-8	7.90822980E-8	1.73339844E-1	0.00000000E+0	0.00000000E+0
1.75781250E-1	8.02788023E-8	8.02788023E-8	1.75781250E-1	0.00000000E+0	0.00000000E+0
1.78222656E-1	8.12307022E-8	8.12307022E-8	1.78222656E-1	0.00000000E+0	0.00000000E+0
1.80664062E-1	8.24757009E-8	8.24757009E-8	1.80664062E-1	0.00000000E+0	0.00000000E+0
1.83105469E-1	8.33829006E-8	8.33829006E-8	1.83105469E-1	0.00000000E+0	0.00000000E+0
1.85546875E-1	8.46827035E-8	8.46827035E-8	1.85546875E-1	0.00000000E+0	0.00000000E+0
1.87988281E-1	8.56803979E-8	8.56803979E-8	1.87988281E-1	0.00000000E+0	0.00000000E+0
1.90429687E-1	8.66897025E-8	8.66897025E-8	1.90429687E-1	0.00000000E+0	0.00000000E+0
1.92871094E-1	8.80543993E-8	8.80543993E-8	1.92871094E-1	0.00000000E+0	0.00000000E+0
1.95312500E-1	8.88648017E-8	8.88648017E-8	1.95312500E-1	0.00000000E+0	0.00000000E+0
1.97753906E-1	8.99581991E-8	8.99581991E-8	1.97753906E-1	0.00000000E+0	0.00000000E+0
2.00195312E-1	9.09902980E-8	9.09902980E-8	2.00195312E-1	0.00000000E+0	0.00000000E+0
2.02636719E-1	9.18618994E-8	9.18618994E-8	2.02636719E-1	0.00000000E+0	0.00000000E+0
2.05078125E-1	9.31463973E-8	9.31463973E-8	2.05078125E-1	0.00000000E+0	0.00000000E+0
2.07519531E-1	9.42931990E-8	9.42931990E-8	2.07519531E-1	0.00000000E+0	0.00000000E+0
2.09960937E-1	9.52566026E-8	9.52566026E-8	2.09960937E-1	0.00000000E+0	0.00000000E+0
2.12402344E-1	9.60083995E-8	9.60083995E-8	2.12402344E-1	0.00000000E+0	0.00000000E+0
2.14843750E-1	9.72011023E-8	9.72011023E-8	2.14843750E-1	0.00000000E+0	0.00000000E+0
2.17285156E-1	9.83428023E-8	9.83428023E-8	2.17285156E-1	0.00000000E+0	0.00000000E+0
2.19726562E-1	9.94921976E-8	9.94921976E-8	2.19726562E-1	0.00000000E+0	0.00000000E+0
2.22167969E-1	1.00670000E-7	1.00670000E-7	2.22167969E-1	0.00000000E+0	0.00000000E+0
2.24609375E-1	1.01563998E-7	1.01563998E-7	2.24609375E-1	0.00000000E+0	0.00000000E+0
2.27050781E-1	1.02592999E-7	1.02592999E-7	2.27050781E-1	0.00000000E+0	0.00000000E+0
2.29492187E-1	1.03811999E-7	1.03811999E-7	2.29492187E-1	0.00000000E+0	0.00000000E+0
2.31933594E-1	1.04823002E-7	1.04823002E-7	2.31933594E-1	0.00000000E+0	0.00000000E+0
2.34375000E-1	1.05971999E-7	1.05971999E-7	2.34375000E-1	0.00000000E+0	0.00000000E+0
2.36816406E-1	1.06709997E-7	1.06709997E-7	2.36816406E-1	0.00000000E+0	0.00000000E+0
2.39257812E-1	1.07744000E-7	1.07744000E-7	2.39257812E-1	0.00000000E+0	0.00000000E+0
2.41699219E-1	1.08934998E-7	1.08934998E-7	2.41699219E-1	0.00000000E+0	0.00000000E+0
2.44140625E-1	1.09890003E-7	1.09890003E-7	2.44140625E-1	0.00000000E+0	0.00000000E+0
2.46582031E-1	1.11200997E-7	1.11200997E-7	2.46582031E-1	0.00000000E+0	0.00000000E+0
2.49023437E-1	1.12311000E-7	1.12311000E-7	2.49023437E-1	0.00000000E+0	0.00000000E+0
2.51464844E-1	1.13444003E-7	1.13444003E-7	2.51464844E-1	0.00000000E+0	0.00000000E+0
2.53906250E-1	1.14461997E-7	1.14461997E-7	2.53906250E-1	0.00000000E+0	0.00000000E+0
2.56347656E-1	1.15524998E-7	1.15524998E-7	2.56347656E-1	0.00000000E+0	0.00000000E+0
2.58789062E-1	1.16572998E-7	1.16572998E-7	2.58789062E-1	0.00000000E+0	0.00000000E+0
2.61230469E-1	1.17667000E-7	1.17667000E-7	2.61230469E-1	0.00000000E+0	0.00000000E+0
2.63671875E-1	1.18457997E-7	1.18457997E-7	2.63671875E-1	0.00000000E+0	0.00000000E+0
2.66113281E-1	1.19931002E-7	1.19931002E-7	2.66113281E-1	0.00000000E+0	0.00000000E+0
2.68554687E-1	1.21016996E-7	1.21016996E-7	2.68554687E-1	0.00000000E+0	0.00000000E+0
2.70996094E-1	1.22329993E-7	1.22329993E-7	2.70996094E-1	0.00000000E+0	0.00000000E+0
2.73437500E-1	1.23196003E-7	1.23196003E-7	2.73437500E-1	0.00000000E+0	0.00000000E+0
2.75878906E-1	1.24482995E-7	1.24482995E-7	2.75878906E-1	0.00000000E+0	0.00000000E+0
2.78320312E-1	1.25835996E-7	1.25835996E-7	2.78320312E-1	0.00000000E+0	0.00000000E+0
2.80761719E-1	1.26610999E-7	1.26610999E-7	2.80761719E-1	0.00000000E+0	0.00000000E+0
2.83203125E-1	1.28064002E-7	1.28064002E-7	2.83203125E-1	0.00000000E+0	0.00000000E+0
2.85644531E-1	1.29206001E-7	1.29206001E-7	2.85644531E-1	0.00000000E+0	0.00000000E+0
2.88085937E-1	1.30130005E-7	1.30130005E-7	2.88085937E-1	0.00000000E+0	0.00000000E+0
2.90527344E-1	1.30738002E-7	1.30738002E-7	2.90527344E-1	0.00000000E+0	0.00000000E+0
2.92968750E-1	1.31883994E-7	1.31883994E-7	2.92968750E-1	0.00000000E+0	0.00000000E+0
2.95410156E-1	1.33029005E-7	1.33029005E-7	2.95410156E-1	0.00000000E+0	0.00000000E+0
2.97851562E-1	1.34480004E-7	1.34480004E-7	2.97851562E-1	0.00000000E+0	0.00000000E+0
3.00292969E-1	1.35906006E-7	1.35906006E-7	3.00292969E-1	0.00000000E+0	0.00000000E+0
3.02734375E-1	1.37306003E-7	1.37306003E-7	3.02734375E-1	0.00000000E+0	0.00000000E+0
3.05175781E-1	1.38578002E-7	1.38578002E-7	3.05175781E-1	0.00000000E+0	0.00000000E+0
3.07617187E-1	1.39673006E-7	1.39673006E-7	3.07617187E-1	0.00000000E+0	0.00000000E+0
3.10058594E-1	1.41200005E-7	1.41200005E-7	3.10058594E-1	0.00000000E+0	0.00000000E+0
3.12500000E-1	1.42537004E-7	1.42537004E-7	3.12500000E-1	0.00000000E+0	0.00000000E+0
3.14941406E-1	1.43853995E-7	1.43853995E-7	3.14941406E-1	0.00000000E+0	0.00000000E+0
3.17382812E-1	1.44178998E-7	1.44178998E-7	3.17382812E-1	0.00000000E+0	0.00000000E+0
3.19824219E-1	1.45273006E-7	1.45273006E-7	3.19824219E-1	0.00000000E+0	0.00000000E+0
3.22265625E-1	1.46317007E-7	1.46317007E-7	3.22265625E-1	0.00000000E+0	0.00000000E+0
3.24707031E-1	1.47614998E-7	1.47614998E-7	3.24707031E-1	0.00000000E+0	0.00000000E+0
3.27148437E-1	1.49523999E-7	1.49523999E-7	3.27148437E-1	0.00000000E+0	0.00000000E+0
3.29589844E-1	1.51026001E-7	1.51026001E-7	3.29589844E-1	0.00000000E+0	0.00000000E+0
3.32031250E-1	1.52406997E-7	1.52406997E-7	3.32031250E-1	0.00000000E+0	0.00000000E+0
3.34472656E-1	1.53572003E-7	1.53572003E-7	3.34472656E-1	0.00000000E+0	0.00000000E+0
3.36914062E-1	1.54831994E-7	1.54831994E-7	3.36914062E-1	0.00000000E+0	0.00000000E+0
3.39355469E-1	1.55557004E-7	1.55557004E-7	3.39355469E-1	0.00000000E+0	0.00000000E+0
3.41796875E-1	1.56574998E-7	1.56574998E-7	3.41796875E-1	0.00000000E+0	0.00000000E+0
3.44238281E-1	1.57848007E-7	1.57848007E-7	3.44238281E-1	0.00000000E+0	0.00000000E+0
3.46679687E-1	1.58917004E-7	1.58917004E-7	3.46679687E-1	0.00000000E+0	0.00000000E+0
3.49121094E-1	1.60241001E-7	1.60241001E-7	3.49121094E-1	0.00000000E+0	0.00000000E+0
3.51562500E-1	1.61539006E-7	1.61539006E-7	3.51562500E-1	0.00000000E+0	0.00000000E+0
3.54003906E-1	1.62391999E-7	1.62391999E-7	3.54003906E-1	0.00000000E+0	0.00000000E+0
3.56445312E-1	1.64008000E-7	1.64008000E-7	3.56445312E-1	0.00000000E+0	0.00000000E+0
3.58886719E-1	1.64702001E-7	1.64702001E-7	3.58886719E-1	0.00000000E+0	0.00000000E+0
3.61328125E-1	1.65713999E-7	1.65713999E-7	3.61328125E-1	0.00000000E+0	0.00000000E+0
3.63769531E-1	1.66681005E-7	1.66681005E-7	3.63769531E-1	0.00000000E+0	0.00000000E+0
3.66210937E-1	1.67495998E-7	1.67495998E-7	3.66210937E-1	0.00000000E+0	0.00000000E+0
3.68652344E-1	1.68615998E-7	1.68615998E-7	3.68652344E-1	0.00000000E+0	0.00000000E+0
3.71093750E-1	1.70448004E-7	1.70448004E-7	3.71093750E-1	0.00000000E+0	0.00000000E+0
3.73535156E-1	1.70652001E-7	1.70652001E-7	3.73535156E-1	0.00000000E+0	0.00000000E+0
3.75976562E-1	1.71669996E-7	1.71669996E-7	3.75976562E-1	0.00000000E+0	0.00000000E+0
3.78417969E-1	1.72892001E-7	1.72892001E-7	3.78417969E-1	0.00000000E+0	0.00000000E+0
3.80859375E-1	1.74037993E-7	1.74037993E-7	3.80859375E-1	0.00000000E+0	0.00000000E+0
3.83300781E-1	1.74725002E-7	1.74725002E-7	3.83300781E-1	0.00000000E+0	0.00000000E+0
3.85742187E-1	1.75641006E-7	1.75641006E-7	3.85742187E-1	0.00000000E+0	0.00000000E+0
3.88183594E-1	1.76940006E-7	1.76940006E-7	3.88183594E-1	0.00000000E+0	0.00000000E+0
3.90625000E-1	1.77881006E-7	1.77881006E-7	3.90625000E-1	0.00000000E+0	0.00000000E+0
3.93066406E-1	1.79001006E-7	1.79001006E-7	3.93066406E-1	0.00000000E+0	0.00000000E+0
3.95507812E-1	1.80032004E-7	1.80032004E-7	3.95507812E-1	0.00000000E+0	0.00000000E+0
3.97949219E-1	1.80680999E-7	1.80680999E-7	3.97949219E-1	0.00000000E+0	0.00000000E+0
4.00390625E-1	1.81903005E-7	1.81903005E-7	4.00390625E-1	0.00000000E+0	0.00000000E+0
4.02832031E-1	1.82972002E-7	1.82972002E-7	4.02832031E-1	0.00000000E+0	0.00000000E+0
4.05273437E-1	1.85568993E-7	1.85568993E-7	4.05273437E-1	0.00000000E+0	0.00000000E+0
4.07714844E-1	1.86433994E-7	1.86433994E-7	4.07714844E-1	0.00000000E+0	0.00000000E+0
4.10156250E-1	1.87604996E-7	1.87604996E-7	4.10156250E-1	0.00000000E+0	0.00000000E+0
4.12597656E-1	1.88471006E-7	1.88471006E-7	4.12597656E-1	0.00000000E+0	0.00000000E+0
4.15039062E-1	1.89272995E-7	1.89272995E-7	4.15039062E-1	0.00000000E+0	0.00000000E+0
4.17480469E-1	1.89158001E-7	1.89158001E-7	4.17480469E-1	0.00000000E+0	0.00000000E+0
4.19921875E-1	1.90456007E-7	1.90456007E-7	4.19921875E-1	0.00000000E+0	0.00000000E+0
4.22363281E-1	1.91932997E-7	1.91932997E-7	4.22363281E-1	0.00000000E+0	0.00000000E+0
4.24804687E-1	1.90913994E-7	1.90913994E-7	4.24804687E-1	0.00000000E+0	0.00000000E+0
4.27246094E-1	1.91411004E-7	1.91411004E-7	4.27246094E-1	0.00000000E+0	0.00000000E+0
4.29687500E-1	1.93052998E-7	1.93052998E-7	4.29687500E-1	0.00000000E+0	0.00000000E+0
4.32128906E-1	1.94427002E-7	1.94427002E-7	4.32128906E-1	0.00000000E+0	0.00000000E+0
4.34570312E-1	1.95878002E-7	1.95878002E-7	4.34570312E-1	0.00000000E+0	0.00000000E+0
4.37011719E-1	1.96871000E-7	1.96871000E-7	4.37011719E-1	0.00000000E+0	0.00000000E+0
4.39453125E-1	1.97939997E-7	1.97939997E-7	4.39453125E-1	0.00000000E+0	0.00000000E+0
4.41894531E-1	1.98627006E-7	1.98627006E-7	4.41894531E-1	0.00000000E+0	0.00000000E+0
4.44335937E-1	1.98831003E-7	1.98831003E-7	4.44335937E-1	0.00000000E+0	0.00000000E+0
4.46777344E-1	2.01377006E-7	2.01377006E-7	4.46777344E-1	0.00000000E+0	0.00000000E+0
4.49218750E-1	2.02216995E-7	2.02216995E-7	4.49218750E-1	0.00000000E+0	0.00000000E+0
4.51660156E-1	2.02674997E-7	2.02674997E-7	4.51660156E-1	0.00000000E+0	0.00000000E+0
4.54101562E-1	2.03693006E-7	2.03693006E-7	4.54101562E-1	0.00000000E+0	0.00000000E+0
4.56542969E-1	2.05576995E-7	2.05576995E-7	4.56542969E-1	0.00000000E+0	0.00000000E+0
4.58984375E-1	2.06072997E-7	2.06072997E-7	4.58984375E-1	0.00000000E+0	0.00000000E+0
4.61425781E-1	2.07206000E-7	2.07206000E-7	4.61425781E-1	0.00000000E+0	0.00000000E+0
4.63867187E-1	2.08708002E-7	2.08708002E-7	4.63867187E-1	0.00000000E+0	0.00000000E+0
4.66308594E-1	2.10005993E-7	2.10005993E-7	4.66308594E-1	0.00000000E+0	0.00000000E+0
4.68750000E-1	2.12092999E-7	2.12092999E-7	4.68750000E-1	0.00000000E+0	0.00000000E+0
4.71191406E-1	2.13340996E-7	2.13340996E-7	4.71191406E-1	0.00000000E+0	0.00000000E+0
4.73632812E-1	2.12984006E-7	2.12984006E-7	4.73632812E-1	0.00000000E+0	0.00000000E+0
4.76074219E-1	2.14359005E-7	2.14359005E-7	4.76074219E-1	0.00000000E+0	0.00000000E+0
4.78515625E-1	2.16268006E-7	2.16268006E-7	4.78515625E-1	0.00000000E+0	0.00000000E+0
4.80957031E-1	2.16573000E-7	2.16573000E-7	4.80957031E-1	0.00000000E+0	0.00000000E+0
4.83398437E-1	2.17795005E-7	2.17795005E-7	4.83398437E-1	0.00000000E+0	0.00000000E+0
4.85839844E-1	2.18712003E-7	2.18712003E-7	4.85839844E-1	0.00000000E+0	0.00000000E+0
4.88281250E-1	2.20391996E-7	2.20391996E-7	4.88281250E-1	0.00000000E+0	0.00000000E+0
4.90722656E-1	2.21460994E-7	2.21460994E-7	4.90722656E-1	0.00000000E+0	0.00000000E+0
4.93164062E-1	2.22580994E-7	2.22580994E-7	4.93164062E-1	0.00000000E+0	0.00000000E+0
4.90722656E-1	2.21944006E-7	2.21944006E-7	4.90722656E-1	0.00000000E+0	0.00000000E+0
4.88281250E-1	2.21460994E-7	2.21460994E-7	4.88281250E-1	0.00000000E+0	0.00000000E+0
4.85839844E-1	2.19322999E-7	2.19322999E-7	4.85839844E-1	0.00000000E+0	0.00000000E+0
4.83398437E-1	2.18227996E-7	2.18227996E-7	4.83398437E-1	0.00000000E+0	0.00000000E+0
4.80957031E-1	2.16725994E-7	2.16725994E-7	4.80957031E-1	0.00000000E+0	0.00000000E+0
4.78515625E-1	2.15504002E-7	2.15504002E-7	4.78515625E-1	0.00000000E+0	0.00000000E+0
4.76074219E-1	2.14129997E-7	2.14129997E-7	4.76074219E-1	0.00000000E+0	0.00000000E+0
4.73632812E-1	2.12602004E-7	2.12602004E-7	4.73632812E-1	0.00000000E+0	0.00000000E+0
4.71191406E-1	2.11686000E-7	2.11686000E-7	4.71191406E-1	0.00000000E+0	0.00000000E+0
4.68750000E-1	2.11227999E-7	2.11227999E-7	4.68750000E-1	0.00000000E+0	0.00000000E+0
4.66308594E-1	2.10159001E-7	2.10159001E-7	4.66308594E-1	0.00000000E+0	0.00000000E+0
4.63867187E-1	2.08326000E-7	2.08326000E-7	4.63867187E-1	0.00000000E+0	0.00000000E+0
4.61425781E-1	2.06492999E-7	2.06492999E-7	4.61425781E-1	0.00000000E+0	0.00000000E+0
4.58984375E-1	2.05576995E-7	2.05576995E-7	4.58984375E-1	0.00000000E+0	0.00000000E+0
4.56542969E-1	2.04863994E-7	2.04863994E-7	4.56542969E-1	0.00000000E+0	0.00000000E+0
4.54101562E-1	2.03693006E-7	2.03693006E-7	4.54101562E-1	0.00000000E+0	0.00000000E+0
4.51660156E-1	2.03566003E-7	2.03566003E-7	4.51660156E-1	0.00000000E+0	0.00000000E+0
4.49218750E-1	2.02368994E-7	2.02368994E-7	4.49218750E-1	0.00000000E+0	0.00000000E+0
4.46777344E-1	2.01185998E-7	2.01185998E-7	4.46777344E-1	0.00000000E+0	0.00000000E+0
4.44335937E-1	1.99466996E-7	1.99466996E-7	4.44335937E-1	0.00000000E+0	0.00000000E+0
4.41894531E-1	1.97226996E-7	1.97226996E-7	4.41894531E-1	0.00000000E+0	0.00000000E+0
4.39453125E-1	1.96604006E-7	1.96604006E-7	4.39453125E-1	0.00000000E+0	0.00000000E+0
4.37011719E-1	1.95496000E-7	1.95496000E-7	4.37011719E-1	0.00000000E+0	0.00000000E+0
4.34570312E-1	1.94351003E-7	1.94351003E-7	4.34570312E-1	0.00000000E+0	0.00000000E+0
4.32128906E-1	1.93180000E-7	1.93180000E-7	4.32128906E-1	0.00000000E+0	0.00000000E+0
4.29687500E-1	1.92696007E-7	1.92696007E-7	4.29687500E-1	0.00000000E+0	0.00000000E+0
4.27246094E-1	1.91219996E-7	1.91219996E-7	4.27246094E-1	0.00000000E+0	0.00000000E+0
4.24804687E-1	1.91219996E-7	1.91219996E-7	4.24804687E-1	0.00000000E+0	0.00000000E+0
4.22363281E-1	1.89386995E-7	1.89386995E-7	4.22363281E-1	0.00000000E+0	0.00000000E+0
4.19921875E-1	1.88673994E-7	1.88673994E-7	4.19921875E-1	0.00000000E+0	0.00000000E+0
4.17480469E-1	1.86752999E-7	1.86752999E-7	4.17480469E-1	0.00000000E+0	0.00000000E+0
4.15039062E-1	1.86535999E-7	1.86535999E-7	4.15039062E-1	0.00000000E+0	0.00000000E+0
4.12597656E-1	1.86026995E-7	1.86026995E-7	4.12597656E-1	0.00000000E+0	0.00000000E+0
4.10156250E-1	1.84499996E-7	1.84499996E-7	4.10156250E-1	0.00000000E+0	0.00000000E+0
4.07714844E-1	1.83278004E-7	1.83278004E-7	4.07714844E-1	0.00000000E+0	0.00000000E+0
4.05273437E-1	1.81903005E-7	1.81903005E-7	4.05273437E-1	0.00000000E+0	0.00000000E+0
4.02832031E-1	1.80604999E-7	1.80604999E-7	4.02832031E-1	0.00000000E+0	0.00000000E+0
4.00390625E-1	1.78695998E-7	1.78695998E-7	4.00390625E-1	0.00000000E+0	0.00000000E+0
3.97949219E-1	1.77881006E-7	1.77881006E-7	3.97949219E-1	0.00000000E+0	0.00000000E+0
3.95507812E-1	1.76811994E-7	1.76811994E-7	3.95507812E-1	0.00000000E+0	0.00000000E+0
3.93066406E-1	1.76940006E-7	1.76940006E-7	3.93066406E-1	0.00000000E+0	0.00000000E+0
3.90625000E-1	1.75641006E-7	1.75641006E-7	3.90625000E-1	0.00000000E+0	0.00000000E+0
3.88183594E-1	1.75183004E-7	1.75183004E-7	3.88183594E-1	0.00000000E+0	0.00000000E+0
3.85742187E-1	1.72739007E-7	1.72739007E-7	3.85742187E-1	0.00000000E+0	0.00000000E+0
3.83300781E-1	1.71365002E-7	1.71365002E-7	3.83300781E-1	0.00000000E+0	0.00000000E+0
3.80859375E-1	1.70142997E-7	1.70142997E-7	3.80859375E-1	0.00000000E+0	0.00000000E+0
3.78417969E-1	1.69226993E-7	1.69226993E-7	3.78417969E-1	0.00000000E+0	0.00000000E+0
3.75976562E-1	1.68106993E-7	1.68106993E-7	3.75976562E-1	0.00000000E+0	0.00000000E+0
3.73535156E-1	1.67394006E-7	1.67394006E-7	3.73535156E-1	0.00000000E+0	0.00000000E+0
3.71093750E-1	1.66476994E-7	1.66476994E-7	3.71093750E-1	0.00000000E+0	0.00000000E+0
3.68652344E-1	1.65025995E-7	1.65025995E-7	3.68652344E-1	0.00000000E+0	0.00000000E+0
3.66210937E-1	1.64110006E-7	1.64110006E-7	3.66210937E-1	0.00000000E+0	0.00000000E+0
3.63769531E-1	1.62633995E-7	1.62633995E-7	3.63769531E-1	0.00000000E+0	0.00000000E+0
3.61328125E-1	1.61665994E-7	1.61665994E-7	3.61328125E-1	0.00000000E+0	0.00000000E+0
3.58886719E-1	1.60596997E-7	1.60596997E-7	3.58886719E-1	0.00000000E+0	0.00000000E+0
3.56445312E-1	1.62182005E-7	1.62182005E-7	3.56445312E-1	0.00000000E+0	0.00000000E+0
3.54003906E-1	1.61285001E-7	1.61285001E-7	3.54003906E-1	0.00000000E+0	0.00000000E+0
3.51562500E-1	1.60927996E-7	1.60927996E-7	3.51562500E-1	0.00000000E+0	0.00000000E+0
3.49121094E-1	1.57542999E-7	1.57542999E-7	3.49121094E-1	0.00000000E+0	0.00000000E+0
3.46679687E-1	1.56167999E-7	1.56167999E-7	3.46679687E-1	0.00000000E+0	0.00000000E+0
3.44238281E-1	1.55137002E-7	1.55137002E-7	3.44238281E-1	0.00000000E+0	0.00000000E+0
3.41796875E-1	1.53342995E-7	1.53342995E-7	3.41796875E-1	0.00000000E+0	0.00000000E+0
3.39355469E-1	1.52311998E-7	1.52311998E-7	3.39355469E-1	0.00000000E+0	0.00000000E+0
3.36914062E-1	1.51357000E-7	1.51357000E-7	3.36914062E-1	0.00000000E+0	0.00000000E+0
3.34472656E-1	1.49791006E-7	1.49791006E-7	3.34472656E-1	0.00000000E+0	0.00000000E+0
3.32031250E-1	1.49065997E-7	1.49065997E-7	3.32031250E-1	0.00000000E+0	0.00000000E+0
3.29589844E-1	1.47690997E-7	1.47690997E-7	3.29589844E-1	0.00000000E+0	0.00000000E+0
3.27148437E-1	1.46698994E-7	1.46698994E-7	3.27148437E-1	0.00000000E+0	0.00000000E+0
3.24707031E-1	1.45477003E-7	1.45477003E-7	3.24707031E-1	0.00000000E+0	0.00000000E+0
3.22265625E-1	1.43758996E-7	1.43758996E-7	3.22265625E-1	0.00000000E+0	0.00000000E+0
3.19824219E-1	1.42039994E-7	1.42039994E-7	3.19824219E-1	0.00000000E+0	0.00000000E+0
3.17382812E-1	1.41048005E-7	1.41048005E-7	3.17382812E-1	0.00000000E+0	0.00000000E+0
3.14941406E-1	1.39997994E-7	1.39997994E-7	3.14941406E-1	0.00000000E+0	0.00000000E+0
3.12500000E-1	1.38679994E-7	1.38679994E-7	3.12500000E-1	0.00000000E+0	0.00000000E+0
3.10058594E-1	1.37553997E-7	1.37553997E-7	3.10058594E-1	0.00000000E+0	0.00000000E+0
3.07617187E-1	1.36332005E-7	1.36332005E-7	3.07617187E-1	0.00000000E+0	0.00000000E+0
3.05175781E-1	1.34988994E-7	1.34988994E-7	3.05175781E-1	0.00000000E+0	0.00000000E+0
3.02734375E-1	1.33984003E-7	1.33984003E-7	3.02734375E-1	0.00000000E+0	0.00000000E+0
3.00292969E-1	1.33411007E-7	1.33411007E-7	3.00292969E-1	0.00000000E+0	0.00000000E+0
2.97851562E-1	1.32468998E-7	1.32468998E-7	2.97851562E-1	0.00000000E+0	0.00000000E+0
2.95410156E-1	1.31540006E-7	1.31540006E-7	2.95410156E-1	0.00000000E+0	0.00000000E+0
2.92968750E-1	1.30280995E-7	1.30280995E-7	2.92968750E-1	0.00000000E+0	0.00000000E+0
2.90527344E-1	1.28943000E-7	1.28943000E-7	2.90527344E-1	0.00000000E+0	0.00000000E+0
2.88085937E-1	1.27974999E-7	1.27974999E-7	2.88085937E-1	0.00000000E+0	0.00000000E+0
2.85644531E-1	1.26689997E-7	1.26689997E-7	2.85644531E-1	0.00000000E+0	0.00000000E+0
2.83203125E-1	1.25762995E-7	1.25762995E-7	2.83203125E-1	0.00000000E+0	0.00000000E+0
2.80761719E-1	1.24297003E-7	1.24297003E-7	2.80761719E-1	0.00000000E+0	0.00000000E+0
2.78320312E-1	1.23668002E-7	1.23668002E-7	2.78320312E-1	0.00000000E+0	0.00000000E+0
2.75878906E-1	1.22173006E-7	1.22173006E-7	2.75878906E-1	0.00000000E+0	0.00000000E+0
2.73437500E-1	1.21442994E-7	1.21442994E-7	2.73437500E-1	0.00000000E+0	0.00000000E+0
2.70996094E-1	1.20105994E-7	1.20105994E-7	2.70996094E-1	0.00000000E+0	0.00000000E+0
2.68554687E-1	1.18978001E-7	1.18978001E-7	2.68554687E-1	0.00000000E+0	0.00000000E+0
2.66113281E-1	1.17917999E-7	1.17917999E-7	2.66113281E-1	0.00000000E+0	0.00000000E+0
2.63671875E-1	1.16812998E-7	1.16812998E-7	2.63671875E-1	0.00000000E+0	0.00000000E+0
2.61230469E-1	1.15589998E-7	1.15589998E-7	2.61230469E-1	0.00000000E+0	0.00000000E+0
2.58789062E-1	1.14559001E-7	1.14559001E-7	2.58789062E-1	0.00000000E+0	0.00000000E+0
2.56347656E-1	1.13389000E-7	1.13389000E-7	2.56347656E-1	0.00000000E+0	0.00000000E+0
2.53906250E-1	1.12233998E-7	1.12233998E-7	2.53906250E-1	0.00000000E+0	0.00000000E+0
2.51464844E-1	1.11230001E-7	1.11230001E-7	2.51464844E-1	0.00000000E+0	0.00000000E+0
2.49023437E-1	1.10203999E-7	1.10203999E-7	2.49023437E-1	0.00000000E+0	0.00000000E+0
2.46582031E-1	1.08998002E-7	1.08998002E-7	2.46582031E-1	0.00000000E+0	0.00000000E+0
2.44140625E-1	1.07814003E-7	1.07814003E-7	2.44140625E-1	0.00000000E+0	0.00000000E+0
2.41699219E-1	1.06789003E-7	1.06789003E-7	2.41699219E-1	0.00000000E+0	0.00000000E+0
2.39257812E-1	1.05971999E-7	1.05971999E-7	2.39257812E-1	0.00000000E+0	0.00000000E+0
2.36816406E-1	1.05095999E-7	1.05095999E-7	2.36816406E-1	0.00000000E+0	0.00000000E+0
2.34375000E-1	1.03811999E-7	1.03811999E-7	2.34375000E-1	0.00000000E+0	0.00000000E+0
2.31933594E-1	1.02979001E-7	1.02979001E-7	2.31933594E-1	0.00000000E+0	0.00000000E+0
2.29492187E-1	1.01753002E-7	1.01753002E-7	2.29492187E-1	0.00000000E+0	0.00000000E+0
2.27050781E-1	1.00737999E-7	1.00737999E-7	2.27050781E-1	0.00000000E+0	0.00000000E+0
2.24609375E-1	9.97712988E-8	9.97712988E-8	2.24609375E-1	0.00000000E+0	0.00000000E+0
2.22167969E-1	9.86627029E-8	9.86627029E-8	2.22167969E-1	0.00000000E+0	0.00000000E+0
2.19726562E-1	9.76038024E-8	9.76038024E-8	2.19726562E-1	0.00000000E+0	0.00000000E+0
2.17285156E-1	9.65103979E-8	9.65103979E-8	2.17285156E-1	0.00000000E+0	0.00000000E+0
2.14843750E-1	9.56082999E-8	9.56082999E-8	2.14843750E-1	0.00000000E+0	0.00000000E+0
2.12402344E-1	9.46143004E-8	9.46143004E-8	2.12402344E-1	0.00000000E+0	0.00000000E+0
2.09960937E-1	9.34790023E-8	9.34790023E-8	2.09960937E-1	0.00000000E+0	0.00000000E+0
2.07519531E-1	9.23206969E-8	9.23206969E-8	2.07519531E-1	0.00000000E+0	0.00000000E+0
2.05078125E-1	9.12922999E-8	9.12922999E-8	2.05078125E-1	0.00000000E+0	0.00000000E+0
2.02636719E-1	9.01645976E-8	9.01645976E-8	2.02636719E-1	0.00000000E+0	0.00000000E+0
2.00195312E-1	8.89871998E-8	8.89871998E-8	2.00195312E-1	0.00000000E+0	0.00000000E+0
1.97753906E-1	8.80046969E-8	8.80046969E-8	1.97753906E-1	0.00000000E+0	0.00000000E+0
1.95312500E-1	8.72975008E-8	8.72975008E-8	1.95312500E-1	0.00000000E+0	0.00000000E+0
1.92871094E-1	8.59556977E-8	8.59556977E-8	1.92871094E-1	0.00000000E+0	0.00000000E+0
1.90429687E-1	8.47973993E-8	8.47973993E-8	1.90429687E-1	0.00000000E+0	0.00000000E+0
1.87988281E-1	8.38645988E-8	8.38645988E-8	1.87988281E-1	0.00000000E+0	0.00000000E+0
1.85546875E-1	8.30045011E-8	8.30045011E-8	1.85546875E-1	0.00000000E+0	0.00000000E+0
1.83105469E-1	8.17467978E-8	8.17467978E-8	1.83105469E-1	0.00000000E+0	0.00000000E+0
1.80664062E-1	8.06764007E-8	8.06764007E-8	1.80664062E-1	0.00000000E+0	0.00000000E+0
1.78222656E-1	7.96634012E-8	7.96634012E-8	1.78222656E-1	0.00000000E+0	0.00000000E+0
1.75781250E-1	7.85929970E-8	7.85929970E-8	1.75781250E-1	0.00000000E+0	0.00000000E+0
1.73339844E-1	7.76678988E-8	7.76678988E-8	1.73339844E-1	0.00000000E+0	0.00000000E+0
1.70898437E-1	7.64406991E-8	7.64406991E-8	1.70898437E-1	0.00000000E+0	0.00000000E+0
1.68457031E-1	7.49192992E-8	7.49192992E-8	1.68457031E-1	0.00000000E+0	0.00000000E+0
1.66015625E-1	7.40323998E-8	7.40323998E-8	1.66015625E-1	0.00000000E+0	0.00000000E+0
1.63574219E-1	7.31684011E-8	7.31684011E-8	1.63574219E-1	0.00000000E+0	0.00000000E+0
1.61132812E-1	7.20368973E-8	7.20368973E-8	1.61132812E-1	0.00000000E+0	0.00000000E+0
1.58691406E-1	7.10275998E-8	7.10275998E-8	1.58691406E-1	0.00000000E+0	0.00000000E+0
1.56250000E-1	6.99419971E-8	6.99419971E-8	1.56250000E-1	0.00000000E+0	0.00000000E+0
1.53808594E-1	6.88295003E-8	6.88295003E-8	1.53808594E-1	0.00000000E+0	0.00000000E+0
1.51367187E-1	6.77285996E-8	6.77285996E-8	1.51367187E-1	0.00000000E+0	0.00000000E+0
1.48925781E-1	6.67078979E-8	6.67078979E-8	1.48925781E-1	0.00000000E+0	0.00000000E+0
1.46484375E-1	6.56146000E-8	6.56146000E-8	1.46484375E-1	0.00000000E+0	0.00000000E+0
1.44042969E-1	6.45595009E-8	6.45595009E-8	1.44042969E-1	0.00000000E+0	0.00000000E+0
1.41601562E-1	6.35387991E-8	6.35387991E-8	1.41601562E-1	0.00000000E+0	0.00000000E+0
1.39160156E-1	6.26557011E-8	6.26557011E-8	1.39160156E-1	0.00000000E+0	0.00000000E+0
1.36718750E-1	6.17497022E-8	6.17497022E-8	1.36718750E-1	0.00000000E+0	0.00000000E+0
1.34277344E-1	6.06679009E-8	6.06679009E-8	1.34277344E-1	0.00000000E+0	0.00000000E+0
1.31835937E-1	5.98344982E-8	5.98344982E-8	1.31835937E-1	0.00000000E+0	0.00000000E+0
1.29394531E-1	5.87182001E-8	5.87182001E-8	1.29394531E-1	0.00000000E+0	0.00000000E+0
1.26953125E-1	5.77318993E-8	5.77318993E-8	1.26953125E-1	0.00000000E+0	0.00000000E+0
1.24511719E-1	5.68220990E-8	5.68220990E-8	1.24511719E-1	0.00000000E+0	0.00000000E+0
1.22070312E-1	5.56293998E-8	5.56293998E-8	1.22070312E-1	0.00000000E+0	0.00000000E+0
1.19628906E-1	5.48419017E-8	5.48419017E-8	1.19628906E-1	0.00000000E+0	0.00000000E+0
1.17187500E-1	5.37639018E-8	5.37639018E-8	1.17187500E-1	0.00000000E+0	0.00000000E+0
1.14746094E-1	5.27393986E-8	5.27393986E-8	1.14746094E-1	0.00000000E+0	0.00000000E+0
1.12304687E-1	5.17874987E-8	5.17874987E-8	1.12304687E-1	0.00000000E+0	0.00000000E+0
1.09863281E-1	5.06827007E-8	5.06827007E-8	1.09863281E-1	0.00000000E+0	0.00000000E+0
1.07421875E-1	4.97423009E-8	4.97423009E-8	1.07421875E-1	0.00000000E+0	0.00000000E+0
1.04980469E-1	4.80603006E-8	4.80603006E-8	1.04980469E-1	0.00000000E+0	0.00000000E+0
1.02539062E-1	4.65005989E-8	4.65005989E-8	1.02539062E-1	0.00000000E+0	0.00000000E+0
1.00097656E-1	4.42909993E-8	4.42909993E-8	1.00097656E-1	0.00000000E+0	0.00000000E+0
9.76562500E-2	4.34040999E-8	4.34040999E-8	9.76562500E-2	0.00000000E+0	0.00000000E+0
9.52148438E-2	4.16149994E-8	4.16149994E-8	9.52148438E-2	0.00000000E+0	0.00000000E+0
9.27734375E-2	3.97877002E-8	3.97877002E-8	9.27734375E-2	0.00000000E+0	0.00000000E+0
9.03320313E-2	3.80751004E-8	3.80751004E-8	9.03320313E-2	0.00000000E+0	0.00000000E+0
8.78906250E-2	3.72111018E-8	3.72111018E-8	8.78906250E-2	0.00000000E+0	0.00000000E+0
8.54492188E-2	3.58044012E-8	3.58044012E-8	8.54492188E-2	0.00000000E+0	0.00000000E+0
8.30078125E-2	3.41835005E-8	3.41835005E-8	8.30078125E-2	0.00000000E+0	0.00000000E+0
8.05664063E-2	3.32048984E-8	3.32048984E-8	8.05664063E-2	0.00000000E+0	0.00000000E+0
7.81250000E-2	3.18592015E-8	3.18592015E-8	7.81250000E-2	0.00000000E+0	0.00000000E+0
7.56835938E-2	3.05977004E-8	3.05977004E-8	7.56835938E-2	0.00000000E+0	0.00000000E+0
7.32421875E-2	2.95885005E-8	2.95885005E-8	7.32421875E-2	0.00000000E+0	0.00000000E+0
7.08007813E-2	2.87207005E-8	2.87207005E-8	7.08007813E-2	0.00000000E+0	0.00000000E+0
6.83593750E-2	2.80058003E-8	2.80058003E-8	6.83593750E-2	0.00000000E+0	0.00000000E+0
6.59179688E-2	2.74630008E-8	2.74630008E-8	6.59179688E-2	0.00000000E+0	0.00000000E+0
6.34765625E-2	2.74973999E-8	2.74973999E-8	6.34765625E-2	0.00000000E+0	0.00000000E+0
6.10351563E-2	2.83039991E-8	2.83039991E-8	6.10351563E-2	0.00000000E+0	0.00000000E+0
5.85937500E-2	3.00472003E-8	3.00472003E-8	5.85937500E-2	0.00000000E+0	0.00000000E+0
5.61523438E-2	3.30671988E-8	3.30671988E-8	5.61523438E-2	0.00000000E+0	0.00000000E+0
5.37109375E-2	3.70658988E-8	3.70658988E-8	5.37109375E-2	0.00000000E+0	0.00000000E+0
5.12695313E-2	4.11333012E-8	4.11333012E-8	5.12695313E-2	0.00000000E+0	0.00000000E+0
4.88281250E-2	4.60111984E-8	4.60111984E-8	4.88281250E-2	0.00000000E+0	0.00000000E+0
4.63867188E-2	6.14133029E-8	6.14133029E-8	4.63867188E-2	0.00000000E+0	0.00000000E+0
4.39453125E-2	6.21854994E-8	6.21854994E-8	4.39453125E-2	0.00000000E+0	0.00000000E+0
4.15039063E-2	6.92615032E-8	6.92615032E-8	4.15039063E-2	0.00000000E+0	0.00000000E+0
3.90625000E-2	8.57990017E-8	8.57990017E-8	3.90625000E-2	0.00000000E+0	0.00000000E+0
3.66210938E-2	8.09057994E-8	8.09057994E-8	3.66210938E-2	0.00000000E+0	0.00000000E+0
3.41796875E-2	7.53397984E-8	7.53397984E-8	3.41796875E-2	0.00000000E+0	0.00000000E+0
3.17382813E-2	6.95596967E-8	6.95596967E-8	3.17382813E-2	0.00000000E+0	0.00000000E+0
2.92968750E-2	6.38789999E-8	6.38789999E-8	2.92968750E-2	0.00000000E+0	0.00000000E+0
2.68554688E-2	5.79000989E-8	5.79000989E-8	2.68554688E-2	0.00000000E+0	0.00000000E+0
2.44140625E-2	5.22271009E-8	5.22271009E-8	2.44140625E-2	0.00000000E+0	0.00000000E+0
2.19726563E-2	4.63628993E-8	4.63628993E-8	2.19726563E-2	0.00000000E+0	0.00000000E+0
1.95312500E-2	4.07968983E-8	4.07968983E-8	1.95312500E-2	0.00000000E+0	0.00000000E+0
1.70898438E-2	3.48753986E-8	3.48753986E-8	1.70898438E-2	0.00000000E+0	0.00000000E+0
1.46484375E-2	2.92520994E-8	2.92520994E-8	1.46484375E-2	0.00000000E+0	0.00000000E+0
1.22070313E-2	2.36248994E-8	2.36248994E-8	1.22070313E-2	0.00000000E+0	0.00000000E+0
9.76562500E-3	1.83111997E-8	1.83111997E-8	9.76562500E-3	0.00000000E+0	0.00000000E+0
7.32421875E-3	1.28686004E-8	1.28686004E-8	7.32421875E-3	0.00000000E+0	0.00000000E+0
4.88281250E-3	7.86511034E-9	7.86511034E-9	4.88281250E-3	0.00000000E+0	0.00000000E+0
2.44140625E-3	2.90415003E-9	2.90415003E-9	2.44140625E-3	0.00000000E+0	0.00000000E+0
0.00000000E+0	-9.21909993E-10	-9.21909993E-10	0.00000000E+0	0.00000000E+0	0.00000000E+0
-2.44140625E-3	-6.45137987E-9	-6.45137987E-9	-2.44140625E-3	0.00000000E+0	0.00000000E+0
-4.88281250E-3	-1.17088002E-8	-1.17088002E-8	-4.88281250E-3	0.00000000E+0	0.00000000E+0
-7.32421875E-3	-1.72944006E-8	-1.72944006E-8	-7.32421875E-3	0.00000000E+0	0.00000000E+0
-9.76562500E-3	-2.26309993E-8	-2.26309993E-8	-9.76562500E-3	0.00000000E+0	0.00000000E+0
-1.22070313E-2	-2.83039991E-8	-2.83039991E-8	-1.22070313E-2	0.00000000E+0	0.00000000E+0
-1.46484375E-2	-3.37936008E-8	-3.37936008E-8	-1.46484375E-2	0.00000000E+0	0.00000000E+0
-1.70898438E-2	-3.94437016E-8	-3.94437016E-8	-1.70898438E-2	0.00000000E+0	0.00000000E+0
-1.95312500E-2	-4.49255992E-8	-4.49255992E-8	-1.95312500E-2	0.00000000E+0	0.00000000E+0
-2.19726563E-2	-5.07743998E-8	-5.07743998E-8	-2.19726563E-2	0.00000000E+0	0.00000000E+0
-2.44140625E-2	-5.66538993E-8	-5.66538993E-8	-2.44140625E-2	0.00000000E+0	0.00000000E+0
-2.68554688E-2	-6.27091978E-8	-6.27091978E-8	-2.68554688E-2	0.00000000E+0	0.00000000E+0
-2.92968750E-2	-6.85390020E-8	-6.85390020E-8	-2.92968750E-2	0.00000000E+0	0.00000000E+0
-3.17382813E-2	-7.47624966E-8	-7.47624966E-8	-3.17382813E-2	0.00000000E+0	0.00000000E+0
-3.41796875E-2	-8.06840035E-8	-8.06840035E-8	-3.41796875E-2	0.00000000E+0	0.00000000E+0
-3.66210938E-2	-8.66667023E-8	-8.66667023E-8	-3.66210938E-2	0.00000000E+0	0.00000000E+0
-3.90625000E-2	-9.24621020E-8	-9.24621020E-8	-3.90625000E-2	0.00000000E+0	0.00000000E+0
-4.15039063E-2	-7.13717014E-8	-7.13717014E-8	-4.15039063E-2	0.00000000E+0	0.00000000E+0
-4.39453125E-2	-6.59891981E-8	-6.59891981E-8	-4.39453125E-2	0.00000000E+0	0.00000000E+0
-4.63867188E-2	-6.12488975E-8	-6.12488975E-8	-4.63867188E-2	0.00000000E+0	0.00000000E+0
-4.88281250E-2	-4.01165003E-8	-4.01165003E-8	-4.88281250E-2	0.00000000E+0	0.00000000E+0
-5.12695313E-2	-3.89543011E-8	-3.89543011E-8	-5.12695313E-2	0.00000000E+0	0.00000000E+0
-5.37109375E-2	-3.79756990E-8	-3.79756990E-8	-5.37109375E-2	0.00000000E+0	0.00000000E+0
-5.61523438E-2	-3.37782993E-8	-3.37782993E-8	-5.61523438E-2	0.00000000E+0	0.00000000E+0
-5.85937500E-2	-3.11100017E-8	-3.11100017E-8	-5.85937500E-2	0.00000000E+0	0.00000000E+0
-6.10351563E-2	-2.96726004E-8	-2.96726004E-8	-6.10351563E-2	0.00000000E+0	0.00000000E+0
-6.34765625E-2	-2.91603008E-8	-2.91603008E-8	-6.34765625E-2	0.00000000E+0	0.00000000E+0
-6.59179688E-2	-2.92444007E-8	-2.92444007E-8	-6.59179688E-2	0.00000000E+0	0.00000000E+0
-6.83593750E-2	-2.98942986E-8	-2.98942986E-8	-6.83593750E-2	0.00000000E+0	0.00000000E+0
-7.08007813E-2	-3.07735988E-8	-3.07735988E-8	-7.08007813E-2	0.00000000E+0	0.00000000E+0
-7.32421875E-2	-3.19241984E-8	-3.19241984E-8	-7.32421875E-2	0.00000000E+0	0.00000000E+0
-7.56835938E-2	-3.30136984E-8	-3.30136984E-8	-7.56835938E-2	0.00000000E+0	0.00000000E+0
-7.81250000E-2	-3.41453017E-8	-3.41453017E-8	-7.81250000E-2	0.00000000E+0	0.00000000E+0
-8.05664063E-2	-3.59878989E-8	-3.59878989E-8	-8.05664063E-2	0.00000000E+0	0.00000000E+0
-8.30078125E-2	-3.69971005E-8	-3.69971005E-8	-8.30078125E-2	0.00000000E+0	0.00000000E+0
-8.54492188E-2	-3.87823000E-8	-3.87823000E-8	-8.54492188E-2	0.00000000E+0	0.00000000E+0
-8.78906250E-2	-3.95564008E-8	-3.95564008E-8	-8.78906250E-2	0.00000000E+0	0.00000000E+0
-9.03320313E-2	-4.16455990E-8	-4.16455990E-8	-9.03320313E-2	0.00000000E+0	0.00000000E+0
-9.27734375E-2	-4.36832011E-8	-4.36832011E-8	-9.27734375E-2	0.00000000E+0	0.00000000E+0
-9.52148438E-2	-4.62712002E-8	-4.62712002E-8	-9.52148438E-2	0.00000000E+0	0.00000000E+0
-9.76562500E-2	-4.78156004E-8	-4.78156004E-8	-9.76562500E-2	0.00000000E+0	0.00000000E+0
-1.00097656E-1	-5.00327992E-8	-5.00327992E-8	-1.00097656E-1	0.00000000E+0	0.00000000E+0
-1.02539062E-1	-5.22806012E-8	-5.22806012E-8	-1.02539062E-1	0.00000000E+0	0.00000000E+0
-1.04980469E-1	-5.19594998E-8	-5.19594998E-8	-1.04980469E-1	0.00000000E+0	0.00000000E+0
-1.07421875E-1	-5.52700996E-8	-5.52700996E-8	-1.07421875E-1	0.00000000E+0	0.00000000E+0
-1.09863281E-1	-5.75179016E-8	-5.75179016E-8	-1.09863281E-1	0.00000000E+0	0.00000000E+0
-1.12304687E-1	-5.94750986E-8	-5.94750986E-8	-1.12304687E-1	0.00000000E+0	0.00000000E+0
-1.14746094E-1	-6.07711002E-8	-6.07711002E-8	-1.14746094E-1	0.00000000E+0	0.00000000E+0
-1.17187500E-1	-6.20899030E-8	-6.20899030E-8	-1.17187500E-1	0.00000000E+0	0.00000000E+0
-1.19628906E-1	-6.36573034E-8	-6.36573034E-8	-1.19628906E-1	0.00000000E+0	0.00000000E+0
-1.22070312E-1	-6.44983018E-8	-6.44983018E-8	-1.22070312E-1	0.00000000E+0	0.00000000E+0
-1.24511719E-1	-6.56756995E-8	-6.56756995E-8	-1.24511719E-1	0.00000000E+0	0.00000000E+0
-1.26953125E-1	-6.66007978E-8	-6.66007978E-8	-1.26953125E-1	0.00000000E+0	0.00000000E+0
-1.29394531E-1	-6.79540975E-8	-6.79540975E-8	-1.29394531E-1	0.00000000E+0	0.00000000E+0
-1.31835937E-1	-6.96820024E-8	-6.96820024E-8	-1.31835937E-1	0.00000000E+0	0.00000000E+0
-1.34277344E-1	-7.04350995E-8	-7.04350995E-8	-1.34277344E-1	0.00000000E+0	0.00000000E+0
-1.36718750E-1	-7.14176025E-8	-7.14176025E-8	-1.36718750E-1	0.00000000E+0	0.00000000E+0
-1.39160156E-1	-7.29849035E-8	-7.29849035E-8	-1.39160156E-1	0.00000000E+0	0.00000000E+0
-1.41601562E-1	-7.42387982E-8	-7.42387982E-8	-1.41601562E-1	0.00000000E+0	0.00000000E+0
-1.44042969E-1	-7.56990985E-8	-7.56990985E-8	-1.44042969E-1	0.00000000E+0	0.00000000E+0
-1.46484375E-1	-7.69109008E-8	-7.69109008E-8	-1.46484375E-1	0.00000000E+0	0.00000000E+0
-1.48925781E-1	-7.86846996E-8	-7.86846996E-8	-1.48925781E-1	0.00000000E+0	0.00000000E+0
-1.51367187E-1	-7.93536969E-8	-7.93536969E-8	-1.51367187E-1	0.00000000E+0	0.00000000E+0
-1.53808594E-1	-8.06840035E-8	-8.06840035E-8	-1.53808594E-1	0.00000000E+0	0.00000000E+0
-1.56250000E-1	-8.21826021E-8	-8.21826021E-8	-1.56250000E-1	0.00000000E+0	0.00000000E+0
-1.58691406E-1	-8.33344984E-8	-8.33344984E-8	-1.58691406E-1	0.00000000E+0	0.00000000E+0
-1.61132812E-1	-8.47668034E-8	-8.47668034E-8	-1.61132812E-1	0.00000000E+0	0.00000000E+0
-1.63574219E-1	-8.59442011E-8	-8.59442011E-8	-1.63574219E-1	0.00000000E+0	0.00000000E+0
-1.66015625E-1	-8.70986980E-8	-8.70986980E-8	-1.66015625E-1	0.00000000E+0	0.00000000E+0
-1.68457031E-1	-8.83041977E-8	-8.83041977E-8	-1.68457031E-1	0.00000000E+0	0.00000000E+0
-1.70898437E-1	-8.95835015E-8	-8.95835015E-8	-1.70898437E-1	0.00000000E+0	0.00000000E+0
-1.73339844E-1	-9.06883031E-8	-9.06883031E-8	-1.73339844E-1	0.00000000E+0	0.00000000E+0
-1.75781250E-1	-9.20721988E-8	-9.20721988E-8	-1.75781250E-1	0.00000000E+0	0.00000000E+0
-1.78222656E-1	-9.32915967E-8	-9.32915967E-8	-1.78222656E-1	0.00000000E+0	0.00000000E+0
-1.80664062E-1	-9.45225977E-8	-9.45225977E-8	-1.80664062E-1	0.00000000E+0	0.00000000E+0
-1.83105469E-1	-9.56923998E-8	-9.56923998E-8	-1.83105469E-1	0.00000000E+0	0.00000000E+0
-1.85546875E-1	-9.70112026E-8	-9.70112026E-8	-1.85546875E-1	0.00000000E+0	0.00000000E+0
-1.87988281E-1	-9.81618982E-8	-9.81618982E-8	-1.87988281E-1	0.00000000E+0	0.00000000E+0
-1.90429687E-1	-9.94730982E-8	-9.94730982E-8	-1.90429687E-1	0.00000000E+0	0.00000000E+0
-1.92871094E-1	-1.00960001E-7	-1.00960001E-7	-1.92871094E-1	0.00000000E+0	0.00000000E+0
-1.95312500E-1	-1.02138003E-7	-1.02138003E-7	-1.95312500E-1	0.00000000E+0	0.00000000E+0
-1.97753906E-1	-1.03281003E-7	-1.03281003E-7	-1.97753906E-1	0.00000000E+0	0.00000000E+0
-2.00195312E-1	-1.04770002E-7	-1.04770002E-7	-2.00195312E-1	0.00000000E+0	0.00000000E+0
-2.02636719E-1	-1.05940998E-7	-1.05940998E-7	-2.02636719E-1	0.00000000E+0	0.00000000E+0
-2.05078125E-1	-1.07180000E-7	-1.07180000E-7	-2.05078125E-1	0.00000000E+0	0.00000000E+0
-2.07519531E-1	-1.08565999E-7	-1.08565999E-7	-2.07519531E-1	0.00000000E+0	0.00000000E+0
-2.09960937E-1	-1.09634001E-7	-1.09634001E-7	-2.09960937E-1	0.00000000E+0	0.00000000E+0
-2.12402344E-1	-1.10847999E-7	-1.10847999E-7	-2.12402344E-1	0.00000000E+0	0.00000000E+0
-2.14843750E-1	-1.12142999E-7	-1.12142999E-7	-2.14843750E-1	0.00000000E+0	0.00000000E+0
-2.17285156E-1	-1.13516997E-7	-1.13516997E-7	-2.17285156E-1	0.00000000E+0	0.00000000E+0
-2.19726562E-1	-1.14461997E-7	-1.14461997E-7	-2.19726562E-1	0.00000000E+0	0.00000000E+0
-2.22167969E-1	-1.15904001E-7	-1.15904001E-7	-2.22167969E-1	0.00000000E+0	0.00000000E+0
-2.24609375E-1	-1.17092000E-7	-1.17092000E-7	-2.24609375E-1	0.00000000E+0	0.00000000E+0
-2.27050781E-1	-1.18137002E-7	-1.18137002E-7	-2.27050781E-1	0.00000000E+0	0.00000000E+0
-2.29492187E-1	-1.19505003E-7	-1.19505003E-7	-2.29492187E-1	0.00000000E+0	0.00000000E+0
-2.31933594E-1	-1.20560998E-7	-1.20560998E-7	-2.31933594E-1	0.00000000E+0	0.00000000E+0
-2.34375000E-1	-1.21975006E-7	-1.21975006E-7	-2.34375000E-1	0.00000000E+0	0.00000000E+0
-2.36816406E-1	-1.23288999E-7	-1.23288999E-7	-2.36816406E-1	0.00000000E+0	0.00000000E+0
-2.39257812E-1	-1.24413006E-7	-1.24413006E-7	-2.39257812E-1	0.00000000E+0	0.00000000E+0
-2.41699219E-1	-1.25629001E-7	-1.25629001E-7	-2.41699219E-1	0.00000000E+0	0.00000000E+0
-2.44140625E-1	-1.26488999E-7	-1.26488999E-7	-2.44140625E-1	0.00000000E+0	0.00000000E+0
-2.46582031E-1	-1.28059000E-7	-1.28059000E-7	-2.46582031E-1	0.00000000E+0	0.00000000E+0
-2.49023437E-1	-1.28939007E-7	-1.28939007E-7	-2.49023437E-1	0.00000000E+0	0.00000000E+0
-2.51464844E-1	-1.30508994E-7	-1.30508994E-7	-2.51464844E-1	0.00000000E+0	0.00000000E+0
-2.53906250E-1	-1.31502006E-7	-1.31502006E-7	-2.53906250E-1	0.00000000E+0	0.00000000E+0
-2.56347656E-1	-1.32647003E-7	-1.32647003E-7	-2.56347656E-1	0.00000000E+0	0.00000000E+0
-2.58789062E-1	-1.34098002E-7	-1.34098002E-7	-2.58789062E-1	0.00000000E+0	0.00000000E+0
-2.61230469E-1	-1.35015000E-7	-1.35015000E-7	-2.61230469E-1	0.00000000E+0	0.00000000E+0
-2.63671875E-1	-1.36007003E-7	-1.36007003E-7	-2.63671875E-1	0.00000000E+0	0.00000000E+0
-2.66113281E-1	-1.37745005E-7	-1.37745005E-7	-2.66113281E-1	0.00000000E+0	0.00000000E+0
-2.68554687E-1	-1.38451000E-7	-1.38451000E-7	-2.68554687E-1	0.00000000E+0	0.00000000E+0
-2.70996094E-1	-1.39468995E-7	-1.39468995E-7	-2.70996094E-1	0.00000000E+0	0.00000000E+0
-2.73437500E-1	-1.40588995E-7	-1.40588995E-7	-2.73437500E-1	0.00000000E+0	0.00000000E+0
-2.75878906E-1	-1.41811000E-7	-1.41811000E-7	-2.75878906E-1	0.00000000E+0	0.00000000E+0
-2.78320312E-1	-1.42931000E-7	-1.42931000E-7	-2.78320312E-1	0.00000000E+0	0.00000000E+0
-2.80761719E-1	-1.43950004E-7	-1.43950004E-7	-2.80761719E-1	0.00000000E+0	0.00000000E+0
-2.83203125E-1	-1.44885007E-7	-1.44885007E-7	-2.83203125E-1	0.00000000E+0	0.00000000E+0
-2.85644531E-1	-1.45935005E-7	-1.45935005E-7	-2.85644531E-1	0.00000000E+0	0.00000000E+0
-2.88085937E-1	-1.46876999E-7	-1.46876999E-7	-2.88085937E-1	0.00000000E+0	0.00000000E+0
-2.90527344E-1	-1.48455001E-7	-1.48455001E-7	-2.90527344E-1	0.00000000E+0	0.00000000E+0
-2.92968750E-1	-1.49600993E-7	-1.49600993E-7	-2.92968750E-1	0.00000000E+0	0.00000000E+0
-2.95410156E-1	-1.50415005E-7	-1.50415005E-7	-2.95410156E-1	0.00000000E+0	0.00000000E+0
-2.97851562E-1	-1.51763999E-7	-1.51763999E-7	-2.97851562E-1	0.00000000E+0	0.00000000E+0
-3.00292969E-1	-1.52921999E-7	-1.52921999E-7	-3.00292969E-1	0.00000000E+0	0.00000000E+0
-3.02734375E-1	-1.54080993E-7	-1.54080993E-7	-3.02734375E-1	0.00000000E+0	0.00000000E+0
-3.05175781E-1	-1.55072996E-7	-1.55072996E-7	-3.05175781E-1	0.00000000E+0	0.00000000E+0
-3.07617187E-1	-1.56205999E-7	-1.56205999E-7	-3.07617187E-1	0.00000000E+0	0.00000000E+0
-3.10058594E-1	-1.57466005E-7	-1.57466005E-7	-3.10058594E-1	0.00000000E+0	0.00000000E+0
-3.12500000E-1	-1.58516002E-7	-1.58516002E-7	-3.12500000E-1	0.00000000E+0	0.00000000E+0
-3.14941406E-1	-1.59642994E-7	-1.59642994E-7	-3.14941406E-1	0.00000000E+0	0.00000000E+0
-3.17382812E-1	-1.61054999E-7	-1.61054999E-7	-3.17382812E-1	0.00000000E+0	0.00000000E+0
-3.19824219E-1	-1.62277004E-7	-1.62277004E-7	-3.19824219E-1	0.00000000E+0	0.00000000E+0
-3.22265625E-1	-1.63652004E-7	-1.63652004E-7	-3.22265625E-1	0.00000000E+0	0.00000000E+0
-3.24707031E-1	-1.64110006E-7	-1.64110006E-7	-3.24707031E-1	0.00000000E+0	0.00000000E+0
-3.27148437E-1	-1.65230006E-7	-1.65230006E-7	-3.27148437E-1	0.00000000E+0	0.00000000E+0
-3.29589844E-1	-1.66706997E-7	-1.66706997E-7	-3.29589844E-1	0.00000000E+0	0.00000000E+0
-3.32031250E-1	-1.68387004E-7	-1.68387004E-7	-3.32031250E-1	0.00000000E+0	0.00000000E+0
-3.34472656E-1	-1.69226993E-7	-1.69226993E-7	-3.34472656E-1	0.00000000E+0	0.00000000E+0
-3.36914062E-1	-1.69914003E-7	-1.69914003E-7	-3.36914062E-1	0.00000000E+0	0.00000000E+0
-3.39355469E-1	-1.71135994E-7	-1.71135994E-7	-3.39355469E-1	0.00000000E+0	0.00000000E+0
-3.41796875E-1	-1.71924995E-7	-1.71924995E-7	-3.41796875E-1	0.00000000E+0	0.00000000E+0
-3.44238281E-1	-1.72816002E-7	-1.72816002E-7	-3.44238281E-1	0.00000000E+0	0.00000000E+0
-3.46679687E-1	-1.74369006E-7	-1.74369006E-7	-3.46679687E-1	0.00000000E+0	0.00000000E+0
-3.49121094E-1	-1.75411998E-7	-1.75411998E-7	-3.49121094E-1	0.00000000E+0	0.00000000E+0
-3.51562500E-1	-1.76328996E-7	-1.76328996E-7	-3.51562500E-1	0.00000000E+0	0.00000000E+0
-3.54003906E-1	-1.77092005E-7	-1.77092005E-7	-3.54003906E-1	0.00000000E+0	0.00000000E+0
-3.56445312E-1	-1.78670007E-7	-1.78670007E-7	-3.56445312E-1	0.00000000E+0	0.00000000E+0
-3.58886719E-1	-1.79791002E-7	-1.79791002E-7	-3.58886719E-1	0.00000000E+0	0.00000000E+0
-3.61328125E-1	-1.80911002E-7	-1.80911002E-7	-3.61328125E-1	0.00000000E+0	0.00000000E+0
-3.63769531E-1	-1.83354004E-7	-1.83354004E-7	-3.63769531E-1	0.00000000E+0	0.00000000E+0
-3.66210937E-1	-1.83889000E-7	-1.83889000E-7	-3.66210937E-1	0.00000000E+0	0.00000000E+0
-3.68652344E-1	-1.84271002E-7	-1.84271002E-7	-3.68652344E-1	0.00000000E+0	0.00000000E+0
-3.71093750E-1	-1.88445000E-7	-1.88445000E-7	-3.71093750E-1	0.00000000E+0	0.00000000E+0
-3.73535156E-1	-1.89464004E-7	-1.89464004E-7	-3.73535156E-1	0.00000000E+0	0.00000000E+0
-3.75976562E-1	-1.90253004E-7	-1.90253004E-7	-3.75976562E-1	0.00000000E+0	0.00000000E+0
-3.78417969E-1	-1.91753998E-7	-1.91753998E-7	-3.78417969E-1	0.00000000E+0	0.00000000E+0
-3.80859375E-1	-1.92364993E-7	-1.92364993E-7	-3.80859375E-1	0.00000000E+0	0.00000000E+0
-3.83300781E-1	-1.93128997E-7	-1.93128997E-7	-3.83300781E-1	0.00000000E+0	0.00000000E+0
-3.85742187E-1	-1.94045001E-7	-1.94045001E-7	-3.85742187E-1	0.00000000E+0	0.00000000E+0
-3.88183594E-1	-1.94655996E-7	-1.94655996E-7	-3.88183594E-1	0.00000000E+0	0.00000000E+0
-3.90625000E-1	-1.95802002E-7	-1.95802002E-7	-3.90625000E-1	0.00000000E+0	0.00000000E+0
-3.93066406E-1	-1.97405996E-7	-1.97405996E-7	-3.93066406E-1	0.00000000E+0	0.00000000E+0
-3.95507812E-1	-1.98321999E-7	-1.98321999E-7	-3.95507812E-1	0.00000000E+0	0.00000000E+0
-3.97949219E-1	-1.98169005E-7	-1.98169005E-7	-3.97949219E-1	0.00000000E+0	0.00000000E+0
-4.00390625E-1	-2.00155000E-7	-2.00155000E-7	-4.00390625E-1	0.00000000E+0	0.00000000E+0
-4.02832031E-1	-2.01248994E-7	-2.01248994E-7	-4.02832031E-1	0.00000000E+0	0.00000000E+0
-4.05273437E-1	-2.01936999E-7	-2.01936999E-7	-4.05273437E-1	0.00000000E+0	0.00000000E+0
-4.07714844E-1	-2.02904005E-7	-2.02904005E-7	-4.07714844E-1	0.00000000E+0	0.00000000E+0
-4.10156250E-1	-2.03819994E-7	-2.03819994E-7	-4.10156250E-1	0.00000000E+0	0.00000000E+0
-4.12597656E-1	-2.04939994E-7	-2.04939994E-7	-4.12597656E-1	0.00000000E+0	0.00000000E+0
-4.15039062E-1	-2.06264005E-7	-2.06264005E-7	-4.15039062E-1	0.00000000E+0	0.00000000E+0
-4.17480469E-1	-2.07384005E-7	-2.07384005E-7	-4.17480469E-1	0.00000000E+0	0.00000000E+0
-4.19921875E-1	-2.06568998E-7	-2.06568998E-7	-4.19921875E-1	0.00000000E+0	0.00000000E+0
-4.22363281E-1	-2.05768004E-7	-2.05768004E-7	-4.22363281E-1	0.00000000E+0	0.00000000E+0
-4.24804687E-1	-2.06568998E-7	-2.06568998E-7	-4.24804687E-1	0.00000000E+0	0.00000000E+0
-4.27246094E-1	-2.07179994E-7	-2.07179994E-7	-4.27246094E-1	0.00000000E+0	0.00000000E+0
-4.29687500E-1	-2.08402000E-7	-2.08402000E-7	-4.29687500E-1	0.00000000E+0	0.00000000E+0
-4.32128906E-1	-2.13137000E-7	-2.13137000E-7	-4.32128906E-1	0.00000000E+0	0.00000000E+0
-4.34570312E-1	-2.13595001E-7	-2.13595001E-7	-4.34570312E-1	0.00000000E+0	0.00000000E+0
-4.37011719E-1	-2.12870006E-7	-2.12870006E-7	-4.37011719E-1	0.00000000E+0	0.00000000E+0
-4.39453125E-1	-2.14970001E-7	-2.14970001E-7	-4.39453125E-1	0.00000000E+0	0.00000000E+0
-4.41894531E-1	-2.15911996E-7	-2.15911996E-7	-4.41894531E-1	0.00000000E+0	0.00000000E+0
-4.44335937E-1	-2.16649994E-7	-2.16649994E-7	-4.44335937E-1	0.00000000E+0	0.00000000E+0
-4.46777344E-1	-2.16879002E-7	-2.16879002E-7	-4.46777344E-1	0.00000000E+0	0.00000000E+0
-4.49218750E-1	-2.18381004E-7	-2.18381004E-7	-4.49218750E-1	0.00000000E+0	0.00000000E+0
-4.51660156E-1	-2.19857000E-7	-2.19857000E-7	-4.51660156E-1	0.00000000E+0	0.00000000E+0
-4.54101562E-1	-2.23064006E-7	-2.23064006E-7	-4.54101562E-1	0.00000000E+0	0.00000000E+0
-4.56542969E-1	-2.22454005E-7	-2.22454005E-7	-4.56542969E-1	0.00000000E+0	0.00000000E+0
-4.58984375E-1	-2.23268003E-7	-2.23268003E-7	-4.58984375E-1	0.00000000E+0	0.00000000E+0
-4.61425781E-1	-2.25814006E-7	-2.25814006E-7	-4.61425781E-1	0.00000000E+0	0.00000000E+0
-4.63867187E-1	-2.24285998E-7	-2.24285998E-7	-4.63867187E-1	0.00000000E+0	0.00000000E+0
-4.66308594E-1	-2.25202996E-7	-2.25202996E-7	-4.66308594E-1	0.00000000E+0	0.00000000E+0
-4.68750000E-1	-2.26233993E-7	-2.26233993E-7	-4.68750000E-1	0.00000000E+0	0.00000000E+0
-4.71191406E-1	-2.29020998E-7	-2.29020998E-7	-4.71191406E-1	0.00000000E+0	0.00000000E+0
-4.73632812E-1	-2.28868004E-7	-2.28868004E-7	-4.73632812E-1	0.00000000E+0	0.00000000E+0
-4.76074219E-1	-2.28716004E-7	-2.28716004E-7	-4.76074219E-1	0.00000000E+0	0.00000000E+0
-4.78515625E-1	-2.29020998E-7	-2.29020998E-7	-4.78515625E-1	0.00000000E+0	0.00000000E+0
-4.80957031E-1	-2.29899001E-7	-2.29899001E-7	-4.80957031E-1	0.00000000E+0	0.00000000E+0
-4.83398437E-1	-2.32534006E-7	-2.32534006E-7	-4.83398437E-1	0.00000000E+0	0.00000000E+0
-4.85839844E-1	-2.33373996E-7	-2.33373996E-7	-4.85839844E-1	0.00000000E+0	0.00000000E+0
-4.88281250E-1	-2.33067993E-7	-2.33067993E-7	-4.88281250E-1	0.00000000E+0	0.00000000E+0
-4.90722656E-1	-2.36275994E-7	-2.36275994E-7	-4.90722656E-1	0.00000000E+0	0.00000000E+0
-4.93164062E-1	-2.37039004E-7	-2.37039004E-7	-4.93164062E-1	0.00000000E+0	0.00000000E+0
-4.90722656E-1	-2.36619002E-7	-2.36619002E-7	-4.90722656E-1	0.00000000E+0	0.00000000E+0
-4.88281250E-1	-2.33373996E-7	-2.33373996E-7	-4.88281250E-1	0.00000000E+0	0.00000000E+0
-4.85839844E-1	-2.35320996E-7	-2.35320996E-7	-4.85839844E-1	0.00000000E+0	0.00000000E+0
-4.83398437E-1	-2.34596001E-7	-2.34596001E-7	-4.83398437E-1	0.00000000E+0	0.00000000E+0
-4.80957031E-1	-2.32763000E-7	-2.32763000E-7	-4.80957031E-1	0.00000000E+0	0.00000000E+0
-4.78515625E-1	-2.29707993E-7	-2.29707993E-7	-4.78515625E-1	0.00000000E+0	0.00000000E+0
-4.76074219E-1	-2.29020998E-7	-2.29020998E-7	-4.76074219E-1	0.00000000E+0	0.00000000E+0
-4.73632812E-1	-2.30701005E-7	-2.30701005E-7	-4.73632812E-1	0.00000000E+0	0.00000000E+0
-4.71191406E-1	-2.30089995E-7	-2.30089995E-7	-4.71191406E-1	0.00000000E+0	0.00000000E+0
-4.68750000E-1	-2.29478999E-7	-2.29478999E-7	-4.68750000E-1	0.00000000E+0	0.00000000E+0
-4.66308594E-1	-2.28868004E-7	-2.28868004E-7	-4.66308594E-1	0.00000000E+0	0.00000000E+0
-4.63867187E-1	-2.29020998E-7	-2.29020998E-7	-4.63867187E-1	0.00000000E+0	0.00000000E+0
-4.61425781E-1	-2.28130006E-7	-2.28130006E-7	-4.61425781E-1	0.00000000E+0	0.00000000E+0
-4.58984375E-1	-2.22834998E-7	-2.22834998E-7	-4.58984375E-1	0.00000000E+0	0.00000000E+0
-4.56542969E-1	-2.23865996E-7	-2.23865996E-7	-4.56542969E-1	0.00000000E+0	0.00000000E+0
-4.54101562E-1	-2.21842996E-7	-2.21842996E-7	-4.54101562E-1	0.00000000E+0	0.00000000E+0
-4.51660156E-1	-2.20543996E-7	-2.20543996E-7	-4.51660156E-1	0.00000000E+0	0.00000000E+0
-4.49218750E-1	-2.22834998E-7	-2.22834998E-7	-4.49218750E-1	0.00000000E+0	0.00000000E+0
-4.46777344E-1	-2.21969998E-7	-2.21969998E-7	-4.46777344E-1	0.00000000E+0	0.00000000E+0
-4.44335937E-1	-2.18381004E-7	-2.18381004E-7	-4.44335937E-1	0.00000000E+0	0.00000000E+0
-4.41894531E-1	-2.17261004E-7	-2.17261004E-7	-4.41894531E-1	0.00000000E+0	0.00000000E+0
-4.39453125E-1	-2.19284004E-7	-2.19284004E-7	-4.39453125E-1	0.00000000E+0	0.00000000E+0
-4.37011719E-1	-2.15428003E-7	-2.15428003E-7	-4.37011719E-1	0.00000000E+0	0.00000000E+0
-4.34570312E-1	-2.14104006E-7	-2.14104006E-7	-4.34570312E-1	0.00000000E+0	0.00000000E+0
-4.32128906E-1	-2.12870006E-7	-2.12870006E-7	-4.32128906E-1	0.00000000E+0	0.00000000E+0
-4.29687500E-1	-2.11710997E-7	-2.11710997E-7	-4.29687500E-1	0.00000000E+0	0.00000000E+0
-4.27246094E-1	-2.10539994E-7	-2.10539994E-7	-4.27246094E-1	0.00000000E+0	0.00000000E+0
-4.24804687E-1	-2.09217006E-7	-2.09217006E-7	-4.24804687E-1	0.00000000E+0	0.00000000E+0
-4.22363281E-1	-2.08605996E-7	-2.08605996E-7	-4.22363281E-1	0.00000000E+0	0.00000000E+0
-4.19921875E-1	-2.07791004E-7	-2.07791004E-7	-4.19921875E-1	0.00000000E+0	0.00000000E+0
-4.17480469E-1	-2.06875001E-7	-2.06875001E-7	-4.17480469E-1	0.00000000E+0	0.00000000E+0
-4.15039062E-1	-2.06875001E-7	-2.06875001E-7	-4.15039062E-1	0.00000000E+0	0.00000000E+0
-4.12597656E-1	-2.06568998E-7	-2.06568998E-7	-4.12597656E-1	0.00000000E+0	0.00000000E+0
-4.10156250E-1	-2.07981998E-7	-2.07981998E-7	-4.10156250E-1	0.00000000E+0	0.00000000E+0
-4.07714844E-1	-2.06416999E-7	-2.06416999E-7	-4.07714844E-1	0.00000000E+0	0.00000000E+0
-4.05273437E-1	-2.03108002E-7	-2.03108002E-7	-4.05273437E-1	0.00000000E+0	0.00000000E+0
-4.02832031E-1	-2.01936999E-7	-2.01936999E-7	-4.02832031E-1	0.00000000E+0	0.00000000E+0
-4.00390625E-1	-2.01248994E-7	-2.01248994E-7	-4.00390625E-1	0.00000000E+0	0.00000000E+0
-3.97949219E-1	-1.99900001E-7	-1.99900001E-7	-3.97949219E-1	0.00000000E+0	0.00000000E+0
-3.95507812E-1	-1.99544004E-7	-1.99544004E-7	-3.95507812E-1	0.00000000E+0	0.00000000E+0
-3.93066406E-1	-2.00306999E-7	-2.00306999E-7	-3.93066406E-1	0.00000000E+0	0.00000000E+0
-3.90625000E-1	-1.99086003E-7	-1.99086003E-7	-3.90625000E-1	0.00000000E+0	0.00000000E+0
-3.88183594E-1	-1.98551007E-7	-1.98551007E-7	-3.88183594E-1	0.00000000E+0	0.00000000E+0
-3.85742187E-1	-1.97405996E-7	-1.97405996E-7	-3.85742187E-1	0.00000000E+0	0.00000000E+0
-3.83300781E-1	-1.95802002E-7	-1.95802002E-7	-3.83300781E-1	0.00000000E+0	0.00000000E+0
-3.80859375E-1	-1.95191006E-7	-1.95191006E-7	-3.80859375E-1	0.00000000E+0	0.00000000E+0
-3.78417969E-1	-1.94351003E-7	-1.94351003E-7	-3.78417969E-1	0.00000000E+0	0.00000000E+0
-3.75976562E-1	-1.93790996E-7	-1.93790996E-7	-3.75976562E-1	0.00000000E+0	0.00000000E+0
-3.73535156E-1	-1.92824004E-7	-1.92824004E-7	-3.73535156E-1	0.00000000E+0	0.00000000E+0
-3.71093750E-1	-1.91474001E-7	-1.91474001E-7	-3.71093750E-1	0.00000000E+0	0.00000000E+0
-3.68652344E-1	-1.89998005E-7	-1.89998005E-7	-3.68652344E-1	0.00000000E+0	0.00000000E+0
-3.66210937E-1	-1.89667006E-7	-1.89667006E-7	-3.66210937E-1	0.00000000E+0	0.00000000E+0
-3.63769531E-1	-1.87935996E-7	-1.87935996E-7	-3.63769531E-1	0.00000000E+0	0.00000000E+0
-3.61328125E-1	-1.87325000E-7	-1.87325000E-7	-3.61328125E-1	0.00000000E+0	0.00000000E+0
-3.58886719E-1	-1.86332997E-7	-1.86332997E-7	-3.58886719E-1	0.00000000E+0	0.00000000E+0
-3.56445312E-1	-1.84575995E-7	-1.84575995E-7	-3.56445312E-1	0.00000000E+0	0.00000000E+0
-3.54003906E-1	-1.83506998E-7	-1.83506998E-7	-3.54003906E-1	0.00000000E+0	0.00000000E+0
-3.51562500E-1	-1.82234004E-7	-1.82234004E-7	-3.51562500E-1	0.00000000E+0	0.00000000E+0
-3.49121094E-1	-1.81928996E-7	-1.81928996E-7	-3.49121094E-1	0.00000000E+0	0.00000000E+0
-3.46679687E-1	-1.79891998E-7	-1.79891998E-7	-3.46679687E-1	0.00000000E+0	0.00000000E+0
-3.44238281E-1	-1.79891998E-7	-1.79891998E-7	-3.44238281E-1	0.00000000E+0	0.00000000E+0
-3.41796875E-1	-1.78670007E-7	-1.78670007E-7	-3.41796875E-1	0.00000000E+0	0.00000000E+0
-3.39355469E-1	-1.77651998E-7	-1.77651998E-7	-3.39355469E-1	0.00000000E+0	0.00000000E+0
-3.36914062E-1	-1.76022994E-7	-1.76022994E-7	-3.36914062E-1	0.00000000E+0	0.00000000E+0
-3.34472656E-1	-1.72968996E-7	-1.72968996E-7	-3.34472656E-1	0.00000000E+0	0.00000000E+0
-3.32031250E-1	-1.71135994E-7	-1.71135994E-7	-3.32031250E-1	0.00000000E+0	0.00000000E+0
-3.29589844E-1	-1.70104997E-7	-1.70104997E-7	-3.29589844E-1	0.00000000E+0	0.00000000E+0
-3.27148437E-1	-1.68284998E-7	-1.68284998E-7	-3.27148437E-1	0.00000000E+0	0.00000000E+0
-3.24707031E-1	-1.68081002E-7	-1.68081002E-7	-3.24707031E-1	0.00000000E+0	0.00000000E+0
-3.22265625E-1	-1.66554003E-7	-1.66554003E-7	-3.22265625E-1	0.00000000E+0	0.00000000E+0
-3.19824219E-1	-1.65751999E-7	-1.65751999E-7	-3.19824219E-1	0.00000000E+0	0.00000000E+0
-3.17382812E-1	-1.64110006E-7	-1.64110006E-7	-3.17382812E-1	0.00000000E+0	0.00000000E+0
-3.14941406E-1	-1.63403996E-7	-1.63403996E-7	-3.14941406E-1	0.00000000E+0	0.00000000E+0
-3.12500000E-1	-1.62684998E-7	-1.62684998E-7	-3.12500000E-1	0.00000000E+0	0.00000000E+0
-3.10058594E-1	-1.61208007E-7	-1.61208007E-7	-3.10058594E-1	0.00000000E+0	0.00000000E+0
-3.07617187E-1	-1.59737993E-7	-1.59737993E-7	-3.07617187E-1	0.00000000E+0	0.00000000E+0
-3.05175781E-1	-1.58324994E-7	-1.58324994E-7	-3.05175781E-1	0.00000000E+0	0.00000000E+0
-3.02734375E-1	-1.58001001E-7	-1.58001001E-7	-3.02734375E-1	0.00000000E+0	0.00000000E+0
-3.00292969E-1	-1.55709998E-7	-1.55709998E-7	-3.00292969E-1	0.00000000E+0	0.00000000E+0
-2.97851562E-1	-1.55595004E-7	-1.55595004E-7	-2.97851562E-1	0.00000000E+0	0.00000000E+0
-2.95410156E-1	-1.54207996E-7	-1.54207996E-7	-2.95410156E-1	0.00000000E+0	0.00000000E+0
-2.92968750E-1	-1.52528003E-7	-1.52528003E-7	-2.92968750E-1	0.00000000E+0	0.00000000E+0
-2.90527344E-1	-1.51357000E-7	-1.51357000E-7	-2.90527344E-1	0.00000000E+0	0.00000000E+0
-2.88085937E-1	-1.50746004E-7	-1.50746004E-7	-2.88085937E-1	0.00000000E+0	0.00000000E+0
-2.85644531E-1	-1.49244002E-7	-1.49244002E-7	-2.85644531E-1	0.00000000E+0	0.00000000E+0
-2.83203125E-1	-1.47970994E-7	-1.47970994E-7	-2.83203125E-1	0.00000000E+0	0.00000000E+0
-2.80761719E-1	-1.47232996E-7	-1.47232996E-7	-2.80761719E-1	0.00000000E+0	0.00000000E+0
-2.78320312E-1	-1.45859005E-7	-1.45859005E-7	-2.78320312E-1	0.00000000E+0	0.00000000E+0
-2.75878906E-1	-1.44674999E-7	-1.44674999E-7	-2.75878906E-1	0.00000000E+0	0.00000000E+0
-2.73437500E-1	-1.43033006E-7	-1.43033006E-7	-2.73437500E-1	0.00000000E+0	0.00000000E+0
-2.70996094E-1	-1.42231002E-7	-1.42231002E-7	-2.70996094E-1	0.00000000E+0	0.00000000E+0
-2.68554687E-1	-1.41200005E-7	-1.41200005E-7	-2.68554687E-1	0.00000000E+0	0.00000000E+0
-2.66113281E-1	-1.40666003E-7	-1.40666003E-7	-2.66113281E-1	0.00000000E+0	0.00000000E+0
-2.63671875E-1	-1.38909002E-7	-1.38909002E-7	-2.63671875E-1	0.00000000E+0	0.00000000E+0
-2.61230469E-1	-1.38146007E-7	-1.38146007E-7	-2.61230469E-1	0.00000000E+0	0.00000000E+0
-2.58789062E-1	-1.37000001E-7	-1.37000001E-7	-2.58789062E-1	0.00000000E+0	0.00000000E+0
-2.56347656E-1	-1.35804001E-7	-1.35804001E-7	-2.56347656E-1	0.00000000E+0	0.00000000E+0
-2.53906250E-1	-1.34377999E-7	-1.34377999E-7	-2.53906250E-1	0.00000000E+0	0.00000000E+0
-2.51464844E-1	-1.32571003E-7	-1.32571003E-7	-2.51464844E-1	0.00000000E+0	0.00000000E+0
-2.49023437E-1	-1.31934996E-7	-1.31934996E-7	-2.49023437E-1	0.00000000E+0	0.00000000E+0
-2.46582031E-1	-1.30610999E-7	-1.30610999E-7	-2.46582031E-1	0.00000000E+0	0.00000000E+0
-2.44140625E-1	-1.29290001E-7	-1.29290001E-7	-2.44140625E-1	0.00000000E+0	0.00000000E+0
-2.41699219E-1	-1.28462005E-7	-1.28462005E-7	-2.41699219E-1	0.00000000E+0	0.00000000E+0
-2.39257812E-1	-1.27334005E-7	-1.27334005E-7	-2.39257812E-1	0.00000000E+0	0.00000000E+0
-2.36816406E-1	-1.25629001E-7	-1.25629001E-7	-2.36816406E-1	0.00000000E+0	0.00000000E+0
-2.34375000E-1	-1.24636003E-7	-1.24636003E-7	-2.34375000E-1	0.00000000E+0	0.00000000E+0
-2.31933594E-1	-1.23849006E-7	-1.23849006E-7	-2.31933594E-1	0.00000000E+0	0.00000000E+0
-2.29492187E-1	-1.22678998E-7	-1.22678998E-7	-2.29492187E-1	0.00000000E+0	0.00000000E+0
-2.27050781E-1	-1.21067998E-7	-1.21067998E-7	-2.27050781E-1	0.00000000E+0	0.00000000E+0
-2.24609375E-1	-1.20395001E-7	-1.20395001E-7	-2.24609375E-1	0.00000000E+0	0.00000000E+0
-2.22167969E-1	-1.18934999E-7	-1.18934999E-7	-2.22167969E-1	0.00000000E+0	0.00000000E+0
-2.19726562E-1	-1.17486998E-7	-1.17486998E-7	-2.19726562E-1	0.00000000E+0	0.00000000E+0
-2.17285156E-1	-1.16193000E-7	-1.16193000E-7	-2.17285156E-1	0.00000000E+0	0.00000000E+0
-2.14843750E-1	-1.15112002E-7	-1.15112002E-7	-2.14843750E-1	0.00000000E+0	0.00000000E+0
-2.12402344E-1	-1.13460999E-7	-1.13460999E-7	-2.12402344E-1	0.00000000E+0	0.00000000E+0
-2.09960937E-1	-1.11909003E-7	-1.11909003E-7	-2.09960937E-1	0.00000000E+0	0.00000000E+0
-2.07519531E-1	-1.11367001E-7	-1.11367001E-7	-2.07519531E-1	0.00000000E+0	0.00000000E+0
-2.05078125E-1	-1.10096998E-7	-1.10096998E-7	-2.05078125E-1	0.00000000E+0	0.00000000E+0
-2.02636719E-1	-1.08565999E-7	-1.08565999E-7	-2.02636719E-1	0.00000000E+0	0.00000000E+0
-2.00195312E-1	-1.07180000E-7	-1.07180000E-7	-2.00195312E-1	0.00000000E+0	0.00000000E+0
-1.97753906E-1	-1.05608002E-7	-1.05608002E-7	-1.97753906E-1	0.00000000E+0	0.00000000E+0
-1.95312500E-1	-1.04473003E-7	-1.04473003E-7	-1.95312500E-1	0.00000000E+0	0.00000000E+0
-1.92871094E-1	-1.03216003E-7	-1.03216003E-7	-1.92871094E-1	0.00000000E+0	0.00000000E+0
-1.90429687E-1	-1.02187997E-7	-1.02187997E-7	-1.90429687E-1	0.00000000E+0	0.00000000E+0
-1.87988281E-1	-1.01098003E-7	-1.01098003E-7	-1.87988281E-1	0.00000000E+0	0.00000000E+0
-1.85546875E-1	-9.85748017E-8	-9.85748017E-8	-1.85546875E-1	0.00000000E+0	0.00000000E+0
-1.83105469E-1	-9.81618982E-8	-9.81618982E-8	-1.83105469E-1	0.00000000E+0	0.00000000E+0
-1.80664062E-1	-9.71679981E-8	-9.71679981E-8	-1.80664062E-1	0.00000000E+0	0.00000000E+0
-1.78222656E-1	-9.59407984E-8	-9.59407984E-8	-1.78222656E-1	0.00000000E+0	0.00000000E+0
-1.75781250E-1	-9.39300975E-8	-9.39300975E-8	-1.75781250E-1	0.00000000E+0	0.00000000E+0
-1.73339844E-1	-9.27716997E-8	-9.27716997E-8	-1.73339844E-1	0.00000000E+0	0.00000000E+0
-1.70898437E-1	-9.16975011E-8	-9.16975011E-8	-1.70898437E-1	0.00000000E+0	0.00000000E+0
-1.68457031E-1	-9.03443009E-8	-9.03443009E-8	-1.68457031E-1	0.00000000E+0	0.00000000E+0
-1.66015625E-1	-8.90942005E-8	-8.90942005E-8	-1.66015625E-1	0.00000000E+0	0.00000000E+0
-1.63574219E-1	-8.78671003E-8	-8.78671003E-8	-1.63574219E-1	0.00000000E+0	0.00000000E+0
-1.61132812E-1	-8.63188987E-8	-8.63188987E-8	-1.61132812E-1	0.00000000E+0	0.00000000E+0
-1.58691406E-1	-8.49541024E-8	-8.49541024E-8	-1.58691406E-1	0.00000000E+0	0.00000000E+0
-1.56250000E-1	-8.37575982E-8	-8.37575982E-8	-1.56250000E-1	0.00000000E+0	0.00000000E+0
-1.53808594E-1	-8.23622983E-8	-8.23622983E-8	-1.53808594E-1	0.00000000E+0	0.00000000E+0
-1.51367187E-1	-8.11580989E-8	-8.11580989E-8	-1.51367187E-1	0.00000000E+0	0.00000000E+0
-1.48925781E-1	-8.01602980E-8	-8.01602980E-8	-1.48925781E-1	0.00000000E+0	0.00000000E+0
-1.46484375E-1	-7.84821026E-8	-7.84821026E-8	-1.46484375E-1	0.00000000E+0	0.00000000E+0
-1.44042969E-1	-7.72282007E-8	-7.72282007E-8	-1.44042969E-1	0.00000000E+0	0.00000000E+0
-1.41601562E-1	-7.64484014E-8	-7.64484014E-8	-1.41601562E-1	0.00000000E+0	0.00000000E+0
-1.39160156E-1	-7.50186970E-8	-7.50186970E-8	-1.39160156E-1	0.00000000E+0	0.00000000E+0
-1.36718750E-1	-7.38871009E-8	-7.38871009E-8	-1.36718750E-1	0.00000000E+0	0.00000000E+0
-1.34277344E-1	-7.28282004E-8	-7.28282004E-8	-1.34277344E-1	0.00000000E+0	0.00000000E+0
-1.31835937E-1	-7.07218035E-8	-7.07218035E-8	-1.31835937E-1	0.00000000E+0	0.00000000E+0
-1.29394531E-1	-6.96322999E-8	-6.96322999E-8	-1.29394531E-1	0.00000000E+0	0.00000000E+0
-1.26953125E-1	-6.89977000E-8	-6.89977000E-8	-1.26953125E-1	0.00000000E+0	0.00000000E+0
-1.24511719E-1	-6.73271998E-8	-6.73271998E-8	-1.24511719E-1	0.00000000E+0	0.00000000E+0
-1.22070312E-1	-6.62797035E-8	-6.62797035E-8	-1.22070312E-1	0.00000000E+0	0.00000000E+0
-1.19628906E-1	-6.50410996E-8	-6.50410996E-8	-1.19628906E-1	0.00000000E+0	0.00000000E+0
-1.17187500E-1	-6.36573034E-8	-6.36573034E-8	-1.17187500E-1	0.00000000E+0	0.00000000E+0
-1.14746094E-1	-6.26059986E-8	-6.26059986E-8	-1.14746094E-1	0.00000000E+0	0.00000000E+0
-1.12304687E-1	-6.17497022E-8	-6.17497022E-8	-1.12304687E-1	0.00000000E+0	0.00000000E+0
-1.09863281E-1	-6.02167987E-8	-6.02167987E-8	-1.09863281E-1	0.00000000E+0	0.00000000E+0
-1.07421875E-1	-5.79690003E-8	-5.79690003E-8	-1.07421875E-1	0.00000000E+0	0.00000000E+0
-1.04980469E-1	-5.62563010E-8	-5.62563010E-8	-1.04980469E-1	0.00000000E+0	0.00000000E+0
-1.02539062E-1	-5.44826015E-8	-5.44826015E-8	-1.02539062E-1	0.00000000E+0	0.00000000E+0
-1.00097656E-1	-5.07743998E-8	-5.07743998E-8	-1.00097656E-1	0.00000000E+0	0.00000000E+0
-9.76562500E-2	-4.88285998E-8	-4.88285998E-8	-9.76562500E-2	0.00000000E+0	0.00000000E+0
-9.52148438E-2	-4.65999008E-8	-4.65999008E-8	-9.52148438E-2	0.00000000E+0	0.00000000E+0
-9.27734375E-2	-4.44667982E-8	-4.44667982E-8	-9.27734375E-2	0.00000000E+0	0.00000000E+0
-9.03320313E-2	-4.17985007E-8	-4.17985007E-8	-9.03320313E-2	0.00000000E+0	0.00000000E+0
-8.78906250E-2	-3.92525017E-8	-3.92525017E-8	-8.78906250E-2	0.00000000E+0	0.00000000E+0
-8.54492188E-2	-3.74251989E-8	-3.74251989E-8	-8.54492188E-2	0.00000000E+0	0.00000000E+0
-8.30078125E-2	-3.64771999E-8	-3.64771999E-8	-8.30078125E-2	0.00000000E+0	0.00000000E+0
-8.05664063E-2	-3.50435982E-8	-3.50435982E-8	-8.05664063E-2	0.00000000E+0	0.00000000E+0
-7.81250000E-2	-3.37476997E-8	-3.37476997E-8	-7.81250000E-2	0.00000000E+0	0.00000000E+0
-7.56835938E-2	-3.25244010E-8	-3.25244010E-8	-7.56835938E-2	0.00000000E+0	0.00000000E+0
-7.32421875E-2	-3.12323003E-8	-3.12323003E-8	-7.32421875E-2	0.00000000E+0	0.00000000E+0
-7.08007813E-2	-3.00396010E-8	-3.00396010E-8	-7.08007813E-2	0.00000000E+0	0.00000000E+0
-6.83593750E-2	-2.90608995E-8	-2.90608995E-8	-6.83593750E-2	0.00000000E+0	0.00000000E+0
-6.59179688E-2	-2.81204997E-8	-2.81204997E-8	-6.59179688E-2	0.00000000E+0	0.00000000E+0
-6.34765625E-2	-2.75699996E-8	-2.75699996E-8	-6.34765625E-2	0.00000000E+0	0.00000000E+0
-6.10351563E-2	-2.74515006E-8	-2.74515006E-8	-6.10351563E-2	0.00000000E+0	0.00000000E+0
-5.85937500E-2	-2.81204997E-8	-2.81204997E-8	-5.85937500E-2	0.00000000E+0	0.00000000E+0
-5.61523438E-2	-2.99171994E-8	-2.99171994E-8	-5.61523438E-2	0.00000000E+0	0.00000000E+0
-5.37109375E-2	-3.29524994E-8	-3.29524994E-8	-5.37109375E-2	0.00000000E+0	0.00000000E+0
-5.12695313E-2	-3.77004987E-8	-3.77004987E-8	-5.12695313E-2	0.00000000E+0	0.00000000E+0
-4.88281250E-2	-3.99023996E-8	-3.99023996E-8	-4.88281250E-2	0.00000000E+0	0.00000000E+0
-4.63867188E-2	-3.92831012E-8	-3.92831012E-8	-4.63867188E-2	0.00000000E+0	0.00000000E+0
-4.39453125E-2	-6.38369997E-8	-6.38369997E-8	-4.39453125E-2	0.00000000E+0	0.00000000E+0
-4.15039063E-2	-5.33968993E-8	-5.33968993E-8	-4.15039063E-2	0.00000000E+0	0.00000000E+0
-3.90625000E-2	-8.36963991E-8	-8.36963991E-8	-3.90625000E-2	0.00000000E+0	0.00000000E+0
-3.66210938E-2	-8.74045014E-8	-8.74045014E-8	-3.66210938E-2	0.00000000E+0	0.00000000E+0
-3.41796875E-2	-8.20640977E-8	-8.20640977E-8	-3.41796875E-2	0.00000000E+0	0.00000000E+0
-3.17382813E-2	-7.59591003E-8	-7.59591003E-8	-3.17382813E-2	0.00000000E+0	0.00000000E+0
-2.92968750E-2	-7.01025016E-8	-7.01025016E-8	-2.92968750E-2	0.00000000E+0	0.00000000E+0
-2.68554688E-2	-6.40242988E-8	-6.40242988E-8	-2.68554688E-2	0.00000000E+0	0.00000000E+0
-2.44140625E-2	-5.79230992E-8	-5.79230992E-8	-2.44140625E-2	0.00000000E+0	0.00000000E+0
-2.19726563E-2	-5.17607006E-8	-5.17607006E-8	-2.19726563E-2	0.00000000E+0	0.00000000E+0
-1.95312500E-2	-4.58124987E-8	-4.58124987E-8	-1.95312500E-2	0.00000000E+0	0.00000000E+0
-1.70898438E-2	-4.01470999E-8	-4.01470999E-8	-1.70898438E-2	0.00000000E+0	0.00000000E+0
-1.46484375E-2	-3.43592994E-8	-3.43592994E-8	-1.46484375E-2	0.00000000E+0	0.00000000E+0
-1.22070313E-2	-2.87628001E-8	-2.87628001E-8	-1.22070313E-2	0.00000000E+0	0.00000000E+0
-9.76562500E-3	-2.30132997E-8	-2.30132997E-8	-9.76562500E-3	0.00000000E+0	0.00000000E+0
-7.32421875E-3	-1.75185999E-8	-1.75185999E-8	-7.32421875E-3	0.00000000E+0	0.00000000E+0
-4.88281250E-3	-1.18876002E-8	-1.18876002E-8	-4.88281250E-3	0.00000000E+0	0.00000000E+0
-2.44140625E-3	-6.55691990E-9	-6.55691990E-9	-2.44140625E-3	0.00000000E+0	0.00000000E+0
0.00000000E+0	-1.10030995E-9	-1.10030995E-9	0.00000000E+0	0.00000000E+0	0.00000000E+0
