Date: do 28 mrt 2013, Material: Au, Temp: 4.2 K
AO1 - module gain: 1.0E+0, R_out: 0.0
AO2 - module gain: 1.0E+2
MUX1 - ADC gain: 4, logarithmic amplifier: D:\LabVIEW Data\Lithographic MCBJ\MED24_070412.TXT, R_in: 0.000
MUX2 - ADC gain: 4, linear amplifier: 1.000000 x 1e10 V/A, R_in: 1.000
Breaking trace: 15 0
Axis position: -884.518970
Vbias (V)	<I> and Ii MUX1 (A)	Vbias (V)	<I> and Ii MUX2 (A)
@
0.00000000E+0	-3.61874003E-10	-3.61874003E-10	0.00000000E+0	0.00000000E+0	0.00000000E+0
2.44140625E-3	6.28497976E-10	6.28497976E-10	2.44140625E-3	0.00000000E+0	0.00000000E+0
4.88281250E-3	1.79639004E-9	1.79639004E-9	4.88281250E-3	0.00000000E+0	0.00000000E+0
7.32421875E-3	2.85428992E-9	2.85428992E-9	7.32421875E-3	0.00000000E+0	0.00000000E+0
9.76562500E-3	4.03391986E-9	4.03391986E-9	9.76562500E-3	0.00000000E+0	0.00000000E+0
1.22070313E-2	5.27225996E-9	5.27225996E-9	1.22070313E-2	0.00000000E+0	0.00000000E+0
1.46484375E-2	6.58386989E-9	6.58386989E-9	1.46484375E-2	0.00000000E+0	0.00000000E+0
1.70898438E-2	7.80284992E-9	7.80284992E-9	1.70898438E-2	0.00000000E+0	0.00000000E+0
1.95312500E-2	9.09775988E-9	9.09775988E-9	1.95312500E-2	0.00000000E+0	0.00000000E+0
2.19726563E-2	1.03642996E-8	1.03642996E-8	2.19726563E-2	0.00000000E+0	0.00000000E+0
2.44140625E-2	1.17069003E-8	1.17069003E-8	2.44140625E-2	0.00000000E+0	0.00000000E+0
2.68554688E-2	1.29488003E-8	1.29488003E-8	2.68554688E-2	0.00000000E+0	0.00000000E+0
2.92968750E-2	1.45495997E-8	1.45495997E-8	2.92968750E-2	0.00000000E+0	0.00000000E+0
3.17382813E-2	1.57958002E-8	1.57958002E-8	3.17382813E-2	0.00000000E+0	0.00000000E+0
3.41796875E-2	1.70114998E-8	1.70114998E-8	3.41796875E-2	0.00000000E+0	0.00000000E+0
3.66210938E-2	1.84310007E-8	1.84310007E-8	3.66210938E-2	0.00000000E+0	0.00000000E+0
3.90625000E-2	1.97524006E-8	1.97524006E-8	3.90625000E-2	0.00000000E+0	0.00000000E+0
4.15039063E-2	2.10789004E-8	2.10789004E-8	4.15039063E-2	0.00000000E+0	0.00000000E+0
4.39453125E-2	2.24397994E-8	2.24397994E-8	4.39453125E-2	0.00000000E+0	0.00000000E+0
4.63867188E-2	1.88667997E-8	1.88667997E-8	4.63867188E-2	0.00000000E+0	0.00000000E+0
4.88281250E-2	1.78270003E-8	1.78270003E-8	4.88281250E-2	0.00000000E+0	0.00000000E+0
5.12695313E-2	1.60863003E-8	1.60863003E-8	5.12695313E-2	0.00000000E+0	0.00000000E+0
5.37109375E-2	1.43432004E-8	1.43432004E-8	5.37109375E-2	0.00000000E+0	0.00000000E+0
5.61523438E-2	1.30968996E-8	1.30968996E-8	5.61523438E-2	0.00000000E+0	0.00000000E+0
5.85937500E-2	1.19815002E-8	1.19815002E-8	5.85937500E-2	0.00000000E+0	0.00000000E+0
6.10351563E-2	1.13705001E-8	1.13705001E-8	6.10351563E-2	0.00000000E+0	0.00000000E+0
6.34765625E-2	1.08530003E-8	1.08530003E-8	6.34765625E-2	0.00000000E+0	0.00000000E+0
6.59179688E-2	1.05211004E-8	1.05211004E-8	6.59179688E-2	0.00000000E+0	0.00000000E+0
6.83593750E-2	1.01713002E-8	1.01713002E-8	6.83593750E-2	0.00000000E+0	0.00000000E+0
7.08007813E-2	1.00062003E-8	1.00062003E-8	7.08007813E-2	0.00000000E+0	0.00000000E+0
7.32421875E-2	9.97014027E-9	9.97014027E-9	7.32421875E-2	0.00000000E+0	0.00000000E+0
7.56835938E-2	9.88433957E-9	9.88433957E-9	7.56835938E-2	0.00000000E+0	0.00000000E+0
7.81250000E-2	9.79930981E-9	9.79930981E-9	7.81250000E-2	0.00000000E+0	0.00000000E+0
8.05664063E-2	9.85510962E-9	9.85510962E-9	8.05664063E-2	0.00000000E+0	0.00000000E+0
8.30078125E-2	9.81968018E-9	9.81968018E-9	8.30078125E-2	0.00000000E+0	0.00000000E+0
8.54492188E-2	9.87130999E-9	9.87130999E-9	8.54492188E-2	0.00000000E+0	0.00000000E+0
8.78906250E-2	9.97545957E-9	9.97545957E-9	8.78906250E-2	0.00000000E+0	0.00000000E+0
9.03320313E-2	1.00764002E-8	1.00764002E-8	9.03320313E-2	0.00000000E+0	0.00000000E+0
9.27734375E-2	1.02454001E-8	1.02454001E-8	9.27734375E-2	0.00000000E+0	0.00000000E+0
9.52148438E-2	1.03866000E-8	1.03866000E-8	9.52148438E-2	0.00000000E+0	0.00000000E+0
9.76562500E-2	1.05201998E-8	1.05201998E-8	9.76562500E-2	0.00000000E+0	0.00000000E+0
1.00097656E-1	1.07552998E-8	1.07552998E-8	1.00097656E-1	0.00000000E+0	0.00000000E+0
1.02539062E-1	1.09222000E-8	1.09222000E-8	1.02539062E-1	0.00000000E+0	0.00000000E+0
1.04980469E-1	1.11352003E-8	1.11352003E-8	1.04980469E-1	0.00000000E+0	0.00000000E+0
1.07421875E-1	1.13715997E-8	1.13715997E-8	1.07421875E-1	0.00000000E+0	0.00000000E+0
1.09863281E-1	1.16252004E-8	1.16252004E-8	1.09863281E-1	0.00000000E+0	0.00000000E+0
1.12304687E-1	1.18859003E-8	1.18859003E-8	1.12304687E-1	0.00000000E+0	0.00000000E+0
1.14746094E-1	1.21298998E-8	1.21298998E-8	1.14746094E-1	0.00000000E+0	0.00000000E+0
1.17187500E-1	1.24110997E-8	1.24110997E-8	1.17187500E-1	0.00000000E+0	0.00000000E+0
1.19628906E-1	1.26176998E-8	1.26176998E-8	1.19628906E-1	0.00000000E+0	0.00000000E+0
1.22070312E-1	1.28246000E-8	1.28246000E-8	1.22070312E-1	0.00000000E+0	0.00000000E+0
1.24511719E-1	1.30893003E-8	1.30893003E-8	1.24511719E-1	0.00000000E+0	0.00000000E+0
1.26953125E-1	1.34219000E-8	1.34219000E-8	1.26953125E-1	0.00000000E+0	0.00000000E+0
1.29394531E-1	1.39207001E-8	1.39207001E-8	1.29394531E-1	0.00000000E+0	0.00000000E+0
1.31835937E-1	1.41137999E-8	1.41137999E-8	1.31835937E-1	0.00000000E+0	0.00000000E+0
1.34277344E-1	1.43354999E-8	1.43354999E-8	1.34277344E-1	0.00000000E+0	0.00000000E+0
1.36718750E-1	1.45954999E-8	1.45954999E-8	1.36718750E-1	0.00000000E+0	0.00000000E+0
1.39160156E-1	1.47866004E-8	1.47866004E-8	1.39160156E-1	0.00000000E+0	0.00000000E+0
1.41601562E-1	1.50720005E-8	1.50720005E-8	1.41601562E-1	0.00000000E+0	0.00000000E+0
1.44042969E-1	1.53167008E-8	1.53167008E-8	1.44042969E-1	0.00000000E+0	0.00000000E+0
1.46484375E-1	1.55816995E-8	1.55816995E-8	1.46484375E-1	0.00000000E+0	0.00000000E+0
1.48925781E-1	1.58723008E-8	1.58723008E-8	1.48925781E-1	0.00000000E+0	0.00000000E+0
1.51367187E-1	1.61067000E-8	1.61067000E-8	1.51367187E-1	0.00000000E+0	0.00000000E+0
1.53808594E-1	1.63768998E-8	1.63768998E-8	1.53808594E-1	0.00000000E+0	0.00000000E+0
1.56250000E-1	1.66330008E-8	1.66330008E-8	1.56250000E-1	0.00000000E+0	0.00000000E+0
1.58691406E-1	1.68280003E-8	1.68280003E-8	1.58691406E-1	0.00000000E+0	0.00000000E+0
1.61132812E-1	1.71643997E-8	1.71643997E-8	1.61132812E-1	0.00000000E+0	0.00000000E+0
1.63574219E-1	1.74728001E-8	1.74728001E-8	1.63574219E-1	0.00000000E+0	0.00000000E+0
1.66015625E-1	1.78066006E-8	1.78066006E-8	1.66015625E-1	0.00000000E+0	0.00000000E+0
1.68457031E-1	1.80512991E-8	1.80512991E-8	1.68457031E-1	0.00000000E+0	0.00000000E+0
1.70898437E-1	1.83417992E-8	1.83417992E-8	1.70898437E-1	0.00000000E+0	0.00000000E+0
1.73339844E-1	1.85864995E-8	1.85864995E-8	1.73339844E-1	0.00000000E+0	0.00000000E+0
1.75781250E-1	1.89076008E-8	1.89076008E-8	1.75781250E-1	0.00000000E+0	0.00000000E+0
1.78222656E-1	1.90298994E-8	1.90298994E-8	1.78222656E-1	0.00000000E+0	0.00000000E+0
1.80664062E-1	1.93128002E-8	1.93128002E-8	1.80664062E-1	0.00000000E+0	0.00000000E+0
1.83105469E-1	1.96033003E-8	1.96033003E-8	1.83105469E-1	0.00000000E+0	0.00000000E+0
1.85546875E-1	1.98938999E-8	1.98938999E-8	1.85546875E-1	0.00000000E+0	0.00000000E+0
1.87988281E-1	2.01806003E-8	2.01806003E-8	1.87988281E-1	0.00000000E+0	0.00000000E+0
1.90429687E-1	2.05475992E-8	2.05475992E-8	1.90429687E-1	0.00000000E+0	0.00000000E+0
1.92871094E-1	2.07731006E-8	2.07731006E-8	1.92871094E-1	0.00000000E+0	0.00000000E+0
1.95312500E-1	2.10789004E-8	2.10789004E-8	1.95312500E-1	0.00000000E+0	0.00000000E+0
1.97753906E-1	2.14000000E-8	2.14000000E-8	1.97753906E-1	0.00000000E+0	0.00000000E+0
2.00195312E-1	2.15834994E-8	2.15834994E-8	2.00195312E-1	0.00000000E+0	0.00000000E+0
2.02636719E-1	2.18027001E-8	2.18027001E-8	2.02636719E-1	0.00000000E+0	0.00000000E+0
2.05078125E-1	2.21799006E-8	2.21799006E-8	2.05078125E-1	0.00000000E+0	0.00000000E+0
2.07519531E-1	2.24397994E-8	2.24397994E-8	2.07519531E-1	0.00000000E+0	0.00000000E+0
2.09960937E-1	2.26156995E-8	2.26156995E-8	2.09960937E-1	0.00000000E+0	0.00000000E+0
2.12402344E-1	2.29061996E-8	2.29061996E-8	2.12402344E-1	0.00000000E+0	0.00000000E+0
2.14843750E-1	2.31356001E-8	2.31356001E-8	2.14843750E-1	0.00000000E+0	0.00000000E+0
2.17285156E-1	2.34529001E-8	2.34529001E-8	2.17285156E-1	0.00000000E+0	0.00000000E+0
2.19726562E-1	2.36248994E-8	2.36248994E-8	2.19726562E-1	0.00000000E+0	0.00000000E+0
2.22167969E-1	2.39001992E-8	2.39001992E-8	2.22167969E-1	0.00000000E+0	0.00000000E+0
2.24609375E-1	2.42288998E-8	2.42288998E-8	2.24609375E-1	0.00000000E+0	0.00000000E+0
2.27050781E-1	2.43895002E-8	2.43895002E-8	2.27050781E-1	0.00000000E+0	0.00000000E+0
2.29492187E-1	2.46417997E-8	2.46417997E-8	2.29492187E-1	0.00000000E+0	0.00000000E+0
2.31933594E-1	2.49017003E-8	2.49017003E-8	2.31933594E-1	0.00000000E+0	0.00000000E+0
2.34375000E-1	2.51464005E-8	2.51464005E-8	2.34375000E-1	0.00000000E+0	0.00000000E+0
2.36816406E-1	2.53796006E-8	2.53796006E-8	2.36816406E-1	0.00000000E+0	0.00000000E+0
2.39257812E-1	2.56356998E-8	2.56356998E-8	2.39257812E-1	0.00000000E+0	0.00000000E+0
2.41699219E-1	2.58804000E-8	2.58804000E-8	2.41699219E-1	0.00000000E+0	0.00000000E+0
2.44140625E-1	2.60408992E-8	2.60408992E-8	2.44140625E-1	0.00000000E+0	0.00000000E+0
2.46582031E-1	2.65111009E-8	2.65111009E-8	2.46582031E-1	0.00000000E+0	0.00000000E+0
2.49023437E-1	2.67251998E-8	2.67251998E-8	2.49023437E-1	0.00000000E+0	0.00000000E+0
2.51464844E-1	2.69584000E-8	2.69584000E-8	2.51464844E-1	0.00000000E+0	0.00000000E+0
2.53906250E-1	2.72336003E-8	2.72336003E-8	2.53906250E-1	0.00000000E+0	0.00000000E+0
2.56347656E-1	2.74630008E-8	2.74630008E-8	2.56347656E-1	0.00000000E+0	0.00000000E+0
2.58789062E-1	2.76770997E-8	2.76770997E-8	2.58789062E-1	0.00000000E+0	0.00000000E+0
2.61230469E-1	2.79523000E-8	2.79523000E-8	2.61230469E-1	0.00000000E+0	0.00000000E+0
2.63671875E-1	2.81817005E-8	2.81817005E-8	2.63671875E-1	0.00000000E+0	0.00000000E+0
2.66113281E-1	2.84492998E-8	2.84492998E-8	2.66113281E-1	0.00000000E+0	0.00000000E+0
2.68554687E-1	2.87207005E-8	2.87207005E-8	2.68554687E-1	0.00000000E+0	0.00000000E+0
2.70996094E-1	2.90380004E-8	2.90380004E-8	2.70996094E-1	0.00000000E+0	0.00000000E+0
2.73437500E-1	2.92673992E-8	2.92673992E-8	2.73437500E-1	0.00000000E+0	0.00000000E+0
2.75878906E-1	2.95732008E-8	2.95732008E-8	2.75878906E-1	0.00000000E+0	0.00000000E+0
2.78320312E-1	2.98330995E-8	2.98330995E-8	2.78320312E-1	0.00000000E+0	0.00000000E+0
2.80761719E-1	3.01389989E-8	3.01389989E-8	2.80761719E-1	0.00000000E+0	0.00000000E+0
2.83203125E-1	3.03835996E-8	3.03835996E-8	2.83203125E-1	0.00000000E+0	0.00000000E+0
2.85644531E-1	3.06664987E-8	3.06664987E-8	2.85644531E-1	0.00000000E+0	0.00000000E+0
2.88085937E-1	3.09494013E-8	3.09494013E-8	2.88085937E-1	0.00000000E+0	0.00000000E+0
2.90527344E-1	3.12017008E-8	3.12017008E-8	2.90527344E-1	0.00000000E+0	0.00000000E+0
2.92968750E-1	3.15227986E-8	3.15227986E-8	2.92968750E-1	0.00000000E+0	0.00000000E+0
2.95410156E-1	3.18285984E-8	3.18285984E-8	2.95410156E-1	0.00000000E+0	0.00000000E+0
2.97851562E-1	3.20924016E-8	3.20924016E-8	2.97851562E-1	0.00000000E+0	0.00000000E+0
3.00292969E-1	3.23982015E-8	3.23982015E-8	3.00292969E-1	0.00000000E+0	0.00000000E+0
3.02734375E-1	3.26850014E-8	3.26850014E-8	3.02734375E-1	0.00000000E+0	0.00000000E+0
3.05175781E-1	3.30290000E-8	3.30290000E-8	3.05175781E-1	0.00000000E+0	0.00000000E+0
3.07617187E-1	3.33272006E-8	3.33272006E-8	3.07617187E-1	0.00000000E+0	0.00000000E+0
3.10058594E-1	3.35948016E-8	3.35948016E-8	3.10058594E-1	0.00000000E+0	0.00000000E+0
3.12500000E-1	3.37171002E-8	3.37171002E-8	3.12500000E-1	0.00000000E+0	0.00000000E+0
3.14941406E-1	3.41165993E-8	3.41165993E-8	3.14941406E-1	0.00000000E+0	0.00000000E+0
3.17382812E-1	3.43670017E-8	3.43670017E-8	3.17382812E-1	0.00000000E+0	0.00000000E+0
3.19824219E-1	3.47205997E-8	3.47205997E-8	3.19824219E-1	0.00000000E+0	0.00000000E+0
3.22265625E-1	3.50398004E-8	3.50398004E-8	3.22265625E-1	0.00000000E+0	0.00000000E+0
3.24707031E-1	3.53150007E-8	3.53150007E-8	3.24707031E-1	0.00000000E+0	0.00000000E+0
3.27148437E-1	3.56055985E-8	3.56055985E-8	3.27148437E-1	0.00000000E+0	0.00000000E+0
3.29589844E-1	3.58807988E-8	3.58807988E-8	3.29589844E-1	0.00000000E+0	0.00000000E+0
3.32031250E-1	3.62324997E-8	3.62324997E-8	3.32031250E-1	0.00000000E+0	0.00000000E+0
3.34472656E-1	3.64771999E-8	3.64771999E-8	3.34472656E-1	0.00000000E+0	0.00000000E+0
3.36914062E-1	3.67524002E-8	3.67524002E-8	3.36914062E-1	0.00000000E+0	0.00000000E+0
3.39355469E-1	3.70658988E-8	3.70658988E-8	3.39355469E-1	0.00000000E+0	0.00000000E+0
3.41796875E-1	3.73794009E-8	3.73794009E-8	3.41796875E-1	0.00000000E+0	0.00000000E+0
3.44238281E-1	3.76774985E-8	3.76774985E-8	3.44238281E-1	0.00000000E+0	0.00000000E+0
3.46679687E-1	3.79834013E-8	3.79834013E-8	3.46679687E-1	0.00000000E+0	0.00000000E+0
3.49121094E-1	3.81667995E-8	3.81667995E-8	3.49121094E-1	0.00000000E+0	0.00000000E+0
3.51562500E-1	3.84726988E-8	3.84726988E-8	3.51562500E-1	0.00000000E+0	0.00000000E+0
3.54003906E-1	3.88091017E-8	3.88091017E-8	3.54003906E-1	0.00000000E+0	0.00000000E+0
3.56445312E-1	3.91397990E-8	3.91397990E-8	3.56445312E-1	0.00000000E+0	0.00000000E+0
3.58886719E-1	3.94513009E-8	3.94513009E-8	3.58886719E-1	0.00000000E+0	0.00000000E+0
3.61328125E-1	3.96576993E-8	3.96576993E-8	3.61328125E-1	0.00000000E+0	0.00000000E+0
3.63769531E-1	4.12710008E-8	4.12710008E-8	3.63769531E-1	0.00000000E+0	0.00000000E+0
3.66210937E-1	4.01240996E-8	4.01240996E-8	3.66210937E-1	0.00000000E+0	0.00000000E+0
3.68652344E-1	4.03306011E-8	4.03306011E-8	3.68652344E-1	0.00000000E+0	0.00000000E+0
3.71093750E-1	4.06860998E-8	4.06860998E-8	3.71093750E-1	0.00000000E+0	0.00000000E+0
3.73535156E-1	4.08887004E-8	4.08887004E-8	3.73535156E-1	0.00000000E+0	0.00000000E+0
3.75976562E-1	4.10644994E-8	4.10644994E-8	3.75976562E-1	0.00000000E+0	0.00000000E+0
3.78417969E-1	4.13837000E-8	4.13837000E-8	3.78417969E-1	0.00000000E+0	0.00000000E+0
3.80859375E-1	4.15920987E-8	4.15920987E-8	3.80859375E-1	0.00000000E+0	0.00000000E+0
3.83300781E-1	4.18978985E-8	4.18978985E-8	3.83300781E-1	0.00000000E+0	0.00000000E+0
3.85742187E-1	4.19667003E-8	4.19667003E-8	3.85742187E-1	0.00000000E+0	0.00000000E+0
3.88183594E-1	4.17755999E-8	4.17755999E-8	3.88183594E-1	0.00000000E+0	0.00000000E+0
3.90625000E-1	4.25401012E-8	4.25401012E-8	3.90625000E-1	0.00000000E+0	0.00000000E+0
3.93066406E-1	4.30065015E-8	4.30065015E-8	3.93066406E-1	0.00000000E+0	0.00000000E+0
3.95507812E-1	4.31843006E-8	4.31843006E-8	3.95507812E-1	0.00000000E+0	0.00000000E+0
3.97949219E-1	4.34289014E-8	4.34289014E-8	3.97949219E-1	0.00000000E+0	0.00000000E+0
4.00390625E-1	4.59729996E-8	4.59729996E-8	4.00390625E-1	0.00000000E+0	0.00000000E+0
4.02832031E-1	4.39315997E-8	4.39315997E-8	4.02832031E-1	0.00000000E+0	0.00000000E+0
4.05273437E-1	4.41916015E-8	4.41916015E-8	4.05273437E-1	0.00000000E+0	0.00000000E+0
4.07714844E-1	4.44210002E-8	4.44210002E-8	4.07714844E-1	0.00000000E+0	0.00000000E+0
4.10156250E-1	4.47631017E-8	4.47631017E-8	4.10156250E-1	0.00000000E+0	0.00000000E+0
4.12597656E-1	4.50555007E-8	4.50555007E-8	4.12597656E-1	0.00000000E+0	0.00000000E+0
4.15039062E-1	4.48262014E-8	4.48262014E-8	4.15039062E-1	0.00000000E+0	0.00000000E+0
4.17480469E-1	4.56060008E-8	4.56060008E-8	4.17480469E-1	0.00000000E+0	0.00000000E+0
4.19921875E-1	4.58201015E-8	4.58201015E-8	4.19921875E-1	0.00000000E+0	0.00000000E+0
4.22363281E-1	4.60648018E-8	4.60648018E-8	4.22363281E-1	0.00000000E+0	0.00000000E+0
4.24804687E-1	4.63973002E-8	4.63973002E-8	4.24804687E-1	0.00000000E+0	0.00000000E+0
4.27246094E-1	4.66535006E-8	4.66535006E-8	4.27246094E-1	0.00000000E+0	0.00000000E+0
4.29687500E-1	4.65234997E-8	4.65234997E-8	4.29687500E-1	0.00000000E+0	0.00000000E+0
4.32128906E-1	4.69172008E-8	4.69172008E-8	4.32128906E-1	0.00000000E+0	0.00000000E+0
4.34570312E-1	4.74486015E-8	4.74486015E-8	4.34570312E-1	0.00000000E+0	0.00000000E+0
4.37011719E-1	4.77544013E-8	4.77544013E-8	4.37011719E-1	0.00000000E+0	0.00000000E+0
4.39453125E-1	4.80984994E-8	4.80984994E-8	4.39453125E-1	0.00000000E+0	0.00000000E+0
4.41894531E-1	4.82285003E-8	4.82285003E-8	4.41894531E-1	0.00000000E+0	0.00000000E+0
4.44335937E-1	4.84272000E-8	4.84272000E-8	4.44335937E-1	0.00000000E+0	0.00000000E+0
4.46777344E-1	4.86413008E-8	4.86413008E-8	4.46777344E-1	0.00000000E+0	0.00000000E+0
4.49218750E-1	4.91612013E-8	4.91612013E-8	4.49218750E-1	0.00000000E+0	0.00000000E+0
4.51660156E-1	4.94976007E-8	4.94976007E-8	4.51660156E-1	0.00000000E+0	0.00000000E+0
4.54101562E-1	4.96888006E-8	4.96888006E-8	4.54101562E-1	0.00000000E+0	0.00000000E+0
4.56542969E-1	5.00175013E-8	5.00175013E-8	4.56542969E-1	0.00000000E+0	0.00000000E+0
4.58984375E-1	5.03539006E-8	5.03539006E-8	4.58984375E-1	0.00000000E+0	0.00000000E+0
4.61425781E-1	5.06827007E-8	5.06827007E-8	4.61425781E-1	0.00000000E+0	0.00000000E+0
4.63867187E-1	5.02315984E-8	5.02315984E-8	4.63867187E-1	0.00000000E+0	0.00000000E+0
4.66308594E-1	5.12484988E-8	5.12484988E-8	4.66308594E-1	0.00000000E+0	0.00000000E+0
4.68750000E-1	5.14014005E-8	5.14014005E-8	4.68750000E-1	0.00000000E+0	0.00000000E+0
4.71191406E-1	5.17377998E-8	5.17377998E-8	4.71191406E-1	0.00000000E+0	0.00000000E+0
4.73632812E-1	5.21354018E-8	5.21354018E-8	4.73632812E-1	0.00000000E+0	0.00000000E+0
4.76074219E-1	5.52776989E-8	5.52776989E-8	4.76074219E-1	0.00000000E+0	0.00000000E+0
4.78515625E-1	5.23493995E-8	5.23493995E-8	4.78515625E-1	0.00000000E+0	0.00000000E+0
4.80957031E-1	5.27393986E-8	5.27393986E-8	4.80957031E-1	0.00000000E+0	0.00000000E+0
4.83398437E-1	5.29304991E-8	5.29304991E-8	4.83398437E-1	0.00000000E+0	0.00000000E+0
4.85839844E-1	5.32668984E-8	5.32668984E-8	4.85839844E-1	0.00000000E+0	0.00000000E+0
4.88281250E-1	5.31751994E-8	5.31751994E-8	4.88281250E-1	0.00000000E+0	0.00000000E+0
4.90722656E-1	5.72999994E-8	5.72999994E-8	4.90722656E-1	0.00000000E+0	0.00000000E+0
4.93164062E-1	5.45972014E-8	5.45972014E-8	4.93164062E-1	0.00000000E+0	0.00000000E+0
4.90722656E-1	5.38365015E-8	5.38365015E-8	4.90722656E-1	0.00000000E+0	0.00000000E+0
4.88281250E-1	5.41920002E-8	5.41920002E-8	4.88281250E-1	0.00000000E+0	0.00000000E+0
4.85839844E-1	5.30834008E-8	5.30834008E-8	4.85839844E-1	0.00000000E+0	0.00000000E+0
4.83398437E-1	5.29304991E-8	5.29304991E-8	4.83398437E-1	0.00000000E+0	0.00000000E+0
4.80957031E-1	5.26762989E-8	5.26762989E-8	4.80957031E-1	0.00000000E+0	0.00000000E+0
4.78515625E-1	5.20895007E-8	5.20895007E-8	4.78515625E-1	0.00000000E+0	0.00000000E+0
4.76074219E-1	5.21354018E-8	5.21354018E-8	4.76074219E-1	0.00000000E+0	0.00000000E+0
4.73632812E-1	5.18754000E-8	5.18754000E-8	4.73632812E-1	0.00000000E+0	0.00000000E+0
4.71191406E-1	5.14930996E-8	5.14930996E-8	4.71191406E-1	0.00000000E+0	0.00000000E+0
4.68750000E-1	5.11872997E-8	5.11872997E-8	4.68750000E-1	0.00000000E+0	0.00000000E+0
4.66308594E-1	5.11108986E-8	5.11108986E-8	4.66308594E-1	0.00000000E+0	0.00000000E+0
4.63867187E-1	5.07668005E-8	5.07668005E-8	4.63867187E-1	0.00000000E+0	0.00000000E+0
4.61425781E-1	5.04341990E-8	5.04341990E-8	4.61425781E-1	0.00000000E+0	0.00000000E+0
4.58984375E-1	5.01781017E-8	5.01781017E-8	4.58984375E-1	0.00000000E+0	0.00000000E+0
4.56542969E-1	4.96888006E-8	4.96888006E-8	4.56542969E-1	0.00000000E+0	0.00000000E+0
4.54101562E-1	4.95663990E-8	4.95663990E-8	4.54101562E-1	0.00000000E+0	0.00000000E+0
4.51660156E-1	4.92529999E-8	4.92529999E-8	4.51660156E-1	0.00000000E+0	0.00000000E+0
4.49218750E-1	4.89547993E-8	4.89547993E-8	4.49218750E-1	0.00000000E+0	0.00000000E+0
4.46777344E-1	4.86719003E-8	4.86719003E-8	4.46777344E-1	0.00000000E+0	0.00000000E+0
4.44335937E-1	4.84883991E-8	4.84883991E-8	4.44335937E-1	0.00000000E+0	0.00000000E+0
4.41894531E-1	4.81519997E-8	4.81519997E-8	4.41894531E-1	0.00000000E+0	0.00000000E+0
4.39453125E-1	4.77544013E-8	4.77544013E-8	4.39453125E-1	0.00000000E+0	0.00000000E+0
4.37011719E-1	4.75404001E-8	4.75404001E-8	4.37011719E-1	0.00000000E+0	0.00000000E+0
4.34570312E-1	4.71734012E-8	4.71734012E-8	4.34570312E-1	0.00000000E+0	0.00000000E+0
4.32128906E-1	4.69593004E-8	4.69593004E-8	4.32128906E-1	0.00000000E+0	0.00000000E+0
4.29687500E-1	4.67146002E-8	4.67146002E-8	4.29687500E-1	0.00000000E+0	0.00000000E+0
4.27246094E-1	4.63973002E-8	4.63973002E-8	4.27246094E-1	0.00000000E+0	0.00000000E+0
4.24804687E-1	4.61565008E-8	4.61565008E-8	4.24804687E-1	0.00000000E+0	0.00000000E+0
4.22363281E-1	4.58507010E-8	4.58507010E-8	4.22363281E-1	0.00000000E+0	0.00000000E+0
4.19921875E-1	4.60111984E-8	4.60111984E-8	4.19921875E-1	0.00000000E+0	0.00000000E+0
4.17480469E-1	4.54224995E-8	4.54224995E-8	4.17480469E-1	0.00000000E+0	0.00000000E+0
4.15039062E-1	4.54224995E-8	4.54224995E-8	4.15039062E-1	0.00000000E+0	0.00000000E+0
4.12597656E-1	4.50861002E-8	4.50861002E-8	4.12597656E-1	0.00000000E+0	0.00000000E+0
4.10156250E-1	4.48892017E-8	4.48892017E-8	4.10156250E-1	0.00000000E+0	0.00000000E+0
4.07714844E-1	4.45356001E-8	4.45356001E-8	4.07714844E-1	0.00000000E+0	0.00000000E+0
4.05273437E-1	4.43139001E-8	4.43139001E-8	4.05273437E-1	0.00000000E+0	0.00000000E+0
4.02832031E-1	4.40692993E-8	4.40692993E-8	4.02832031E-1	0.00000000E+0	0.00000000E+0
4.00390625E-1	4.38321983E-8	4.38321983E-8	4.00390625E-1	0.00000000E+0	0.00000000E+0
3.97949219E-1	4.34537988E-8	4.34537988E-8	3.97949219E-1	0.00000000E+0	0.00000000E+0
3.95507812E-1	4.31593996E-8	4.31593996E-8	3.95507812E-1	0.00000000E+0	0.00000000E+0
3.93066406E-1	4.23871995E-8	4.23871995E-8	3.93066406E-1	0.00000000E+0	0.00000000E+0
3.90625000E-1	4.24177991E-8	4.24177991E-8	3.90625000E-1	0.00000000E+0	0.00000000E+0
3.88183594E-1	4.21654995E-8	4.21654995E-8	3.88183594E-1	0.00000000E+0	0.00000000E+0
3.85742187E-1	4.19285016E-8	4.19285016E-8	3.85742187E-1	0.00000000E+0	0.00000000E+0
3.83300781E-1	4.16149994E-8	4.16149994E-8	3.83300781E-1	0.00000000E+0	0.00000000E+0
3.80859375E-1	4.14392005E-8	4.14392005E-8	3.80859375E-1	0.00000000E+0	0.00000000E+0
3.78417969E-1	4.12097982E-8	4.12097982E-8	3.78417969E-1	0.00000000E+0	0.00000000E+0
3.75976562E-1	4.08887004E-8	4.08887004E-8	3.75976562E-1	0.00000000E+0	0.00000000E+0
3.73535156E-1	4.06134006E-8	4.06134006E-8	3.73535156E-1	0.00000000E+0	0.00000000E+0
3.71093750E-1	4.03306011E-8	4.03306011E-8	3.71093750E-1	0.00000000E+0	0.00000000E+0
3.68652344E-1	4.00630000E-8	4.00630000E-8	3.68652344E-1	0.00000000E+0	0.00000000E+0
3.66210937E-1	3.97877002E-8	3.97877002E-8	3.66210937E-1	0.00000000E+0	0.00000000E+0
3.63769531E-1	3.95066984E-8	3.95066984E-8	3.63769531E-1	0.00000000E+0	0.00000000E+0
3.61328125E-1	3.92754984E-8	3.92754984E-8	3.61328125E-1	0.00000000E+0	0.00000000E+0
3.58886719E-1	3.89925994E-8	3.89925994E-8	3.58886719E-1	0.00000000E+0	0.00000000E+0
3.56445312E-1	3.86791008E-8	3.86791008E-8	3.56445312E-1	0.00000000E+0	0.00000000E+0
3.54003906E-1	3.84344006E-8	3.84344006E-8	3.54003906E-1	0.00000000E+0	0.00000000E+0
3.51562500E-1	3.81286007E-8	3.81286007E-8	3.51562500E-1	0.00000000E+0	0.00000000E+0
3.49121094E-1	3.77999001E-8	3.77999001E-8	3.49121094E-1	0.00000000E+0	0.00000000E+0
3.46679687E-1	4.01852986E-8	4.01852986E-8	3.46679687E-1	0.00000000E+0	0.00000000E+0
3.44238281E-1	3.77004987E-8	3.77004987E-8	3.44238281E-1	0.00000000E+0	0.00000000E+0
3.41796875E-1	3.69856004E-8	3.69856004E-8	3.41796875E-1	0.00000000E+0	0.00000000E+0
3.39355469E-1	3.67524002E-8	3.67524002E-8	3.39355469E-1	0.00000000E+0	0.00000000E+0
3.36914062E-1	3.64771999E-8	3.64771999E-8	3.36914062E-1	0.00000000E+0	0.00000000E+0
3.34472656E-1	3.62019001E-8	3.62019001E-8	3.34472656E-1	0.00000000E+0	0.00000000E+0
3.32031250E-1	3.58961003E-8	3.58961003E-8	3.32031250E-1	0.00000000E+0	0.00000000E+0
3.29589844E-1	3.56055985E-8	3.56055985E-8	3.29589844E-1	0.00000000E+0	0.00000000E+0
3.27148437E-1	3.54067993E-8	3.54067993E-8	3.27148437E-1	0.00000000E+0	0.00000000E+0
3.24707031E-1	3.51620990E-8	3.51620990E-8	3.24707031E-1	0.00000000E+0	0.00000000E+0
3.22265625E-1	3.48963987E-8	3.48963987E-8	3.22265625E-1	0.00000000E+0	0.00000000E+0
3.19824219E-1	3.39312010E-8	3.39312010E-8	3.19824219E-1	0.00000000E+0	0.00000000E+0
3.17382812E-1	3.42676003E-8	3.42676003E-8	3.17382812E-1	0.00000000E+0	0.00000000E+0
3.14941406E-1	3.39312010E-8	3.39312010E-8	3.14941406E-1	0.00000000E+0	0.00000000E+0
3.12500000E-1	3.36865007E-8	3.36865007E-8	3.12500000E-1	0.00000000E+0	0.00000000E+0
3.10058594E-1	3.32737002E-8	3.32737002E-8	3.10058594E-1	0.00000000E+0	0.00000000E+0
3.07617187E-1	3.30825003E-8	3.30825003E-8	3.07617187E-1	0.00000000E+0	0.00000000E+0
3.05175781E-1	3.27576011E-8	3.27576011E-8	3.05175781E-1	0.00000000E+0	0.00000000E+0
3.02734375E-1	3.25015002E-8	3.25015002E-8	3.02734375E-1	0.00000000E+0	0.00000000E+0
3.00292969E-1	3.22721014E-8	3.22721014E-8	3.00292969E-1	0.00000000E+0	0.00000000E+0
2.97851562E-1	3.19279998E-8	3.19279998E-8	2.97851562E-1	0.00000000E+0	0.00000000E+0
2.95410156E-1	3.16527995E-8	3.16527995E-8	2.95410156E-1	0.00000000E+0	0.00000000E+0
2.92968750E-1	3.14386988E-8	3.14386988E-8	2.92968750E-1	0.00000000E+0	0.00000000E+0
2.90527344E-1	3.11634984E-8	3.11634984E-8	2.90527344E-1	0.00000000E+0	0.00000000E+0
2.88085937E-1	3.08194004E-8	3.08194004E-8	2.88085937E-1	0.00000000E+0	0.00000000E+0
2.85644531E-1	3.05365013E-8	3.05365013E-8	2.85644531E-1	0.00000000E+0	0.00000000E+0
2.83203125E-1	3.02384002E-8	3.02384002E-8	2.83203125E-1	0.00000000E+0	0.00000000E+0
2.80761719E-1	2.99249017E-8	2.99249017E-8	2.80761719E-1	0.00000000E+0	0.00000000E+0
2.78320312E-1	2.97414005E-8	2.97414005E-8	2.78320312E-1	0.00000000E+0	0.00000000E+0
2.75878906E-1	2.94356006E-8	2.94356006E-8	2.75878906E-1	0.00000000E+0	0.00000000E+0
2.73437500E-1	2.91603008E-8	2.91603008E-8	2.73437500E-1	0.00000000E+0	0.00000000E+0
2.70996094E-1	2.88851005E-8	2.88851005E-8	2.70996094E-1	0.00000000E+0	0.00000000E+0
2.68554687E-1	2.86404003E-8	2.86404003E-8	2.68554687E-1	0.00000000E+0	0.00000000E+0
2.66113281E-1	2.83346004E-8	2.83346004E-8	2.66113281E-1	0.00000000E+0	0.00000000E+0
2.63671875E-1	2.80594001E-8	2.80594001E-8	2.63671875E-1	0.00000000E+0	0.00000000E+0
2.61230469E-1	2.78146999E-8	2.78146999E-8	2.61230469E-1	0.00000000E+0	0.00000000E+0
2.58789062E-1	2.75547993E-8	2.75547993E-8	2.58789062E-1	0.00000000E+0	0.00000000E+0
2.56347656E-1	2.72566005E-8	2.72566005E-8	2.56347656E-1	0.00000000E+0	0.00000000E+0
2.53906250E-1	2.69699001E-8	2.69699001E-8	2.53906250E-1	0.00000000E+0	0.00000000E+0
2.51464844E-1	2.67136997E-8	2.67136997E-8	2.51464844E-1	0.00000000E+0	0.00000000E+0
2.49023437E-1	2.65302003E-8	2.65302003E-8	2.49023437E-1	0.00000000E+0	0.00000000E+0
2.46582031E-1	2.63275997E-8	2.63275997E-8	2.46582031E-1	0.00000000E+0	0.00000000E+0
2.44140625E-1	2.59720991E-8	2.59720991E-8	2.44140625E-1	0.00000000E+0	0.00000000E+0
2.41699219E-1	2.56969006E-8	2.56969006E-8	2.41699219E-1	0.00000000E+0	0.00000000E+0
2.39257812E-1	2.54980996E-8	2.54980996E-8	2.39257812E-1	0.00000000E+0	0.00000000E+0
2.36816406E-1	2.52610999E-8	2.52610999E-8	2.36816406E-1	0.00000000E+0	0.00000000E+0
2.34375000E-1	2.49170000E-8	2.49170000E-8	2.34375000E-1	0.00000000E+0	0.00000000E+0
2.31933594E-1	2.46265000E-8	2.46265000E-8	2.31933594E-1	0.00000000E+0	0.00000000E+0
2.29492187E-1	2.44736000E-8	2.44736000E-8	2.29492187E-1	0.00000000E+0	0.00000000E+0
2.27050781E-1	2.42060008E-8	2.42060008E-8	2.27050781E-1	0.00000000E+0	0.00000000E+0
2.24609375E-1	2.39843008E-8	2.39843008E-8	2.24609375E-1	0.00000000E+0	0.00000000E+0
2.22167969E-1	2.36783997E-8	2.36783997E-8	2.22167969E-1	0.00000000E+0	0.00000000E+0
2.19726562E-1	2.35026008E-8	2.35026008E-8	2.19726562E-1	0.00000000E+0	0.00000000E+0
2.17285156E-1	2.31661996E-8	2.31661996E-8	2.17285156E-1	0.00000000E+0	0.00000000E+0
2.14843750E-1	2.29636008E-8	2.29636008E-8	2.14843750E-1	0.00000000E+0	0.00000000E+0
2.12402344E-1	2.23596004E-8	2.23596004E-8	2.12402344E-1	0.00000000E+0	0.00000000E+0
2.09960937E-1	2.25315997E-8	2.25315997E-8	2.09960937E-1	0.00000000E+0	0.00000000E+0
2.07519531E-1	2.22487007E-8	2.22487007E-8	2.07519531E-1	0.00000000E+0	0.00000000E+0
2.05078125E-1	2.19505001E-8	2.19505001E-8	2.05078125E-1	0.00000000E+0	0.00000000E+0
2.02636719E-1	2.16600000E-8	2.16600000E-8	2.02636719E-1	0.00000000E+0	0.00000000E+0
2.00195312E-1	2.14000000E-8	2.14000000E-8	2.00195312E-1	0.00000000E+0	0.00000000E+0
1.97753906E-1	2.12013003E-8	2.12013003E-8	1.97753906E-1	0.00000000E+0	0.00000000E+0
1.95312500E-1	2.09260005E-8	2.09260005E-8	1.95312500E-1	0.00000000E+0	0.00000000E+0
1.92871094E-1	2.06698996E-8	2.06698996E-8	1.92871094E-1	0.00000000E+0	0.00000000E+0
1.90429687E-1	2.04023003E-8	2.04023003E-8	1.90429687E-1	0.00000000E+0	0.00000000E+0
1.87988281E-1	2.00850003E-8	2.00850003E-8	1.87988281E-1	0.00000000E+0	0.00000000E+0
1.85546875E-1	1.98633003E-8	1.98633003E-8	1.85546875E-1	0.00000000E+0	0.00000000E+0
1.83105469E-1	1.96263006E-8	1.96263006E-8	1.83105469E-1	0.00000000E+0	0.00000000E+0
1.80664062E-1	1.93243004E-8	1.93243004E-8	1.80664062E-1	0.00000000E+0	0.00000000E+0
1.78222656E-1	1.90451992E-8	1.90451992E-8	1.78222656E-1	0.00000000E+0	0.00000000E+0
1.75781250E-1	1.87342994E-8	1.87342994E-8	1.75781250E-1	0.00000000E+0	0.00000000E+0
1.73339844E-1	1.84680005E-8	1.84680005E-8	1.73339844E-1	0.00000000E+0	0.00000000E+0
1.70898437E-1	1.82195006E-8	1.82195006E-8	1.70898437E-1	0.00000000E+0	0.00000000E+0
1.68457031E-1	1.80615007E-8	1.80615007E-8	1.68457031E-1	0.00000000E+0	0.00000000E+0
1.66015625E-1	1.77759993E-8	1.77759993E-8	1.66015625E-1	0.00000000E+0	0.00000000E+0
1.63574219E-1	1.74371007E-8	1.74371007E-8	1.63574219E-1	0.00000000E+0	0.00000000E+0
1.61132812E-1	1.70827992E-8	1.70827992E-8	1.61132812E-1	0.00000000E+0	0.00000000E+0
1.58691406E-1	1.67667995E-8	1.67667995E-8	1.58691406E-1	0.00000000E+0	0.00000000E+0
1.56250000E-1	1.64782001E-8	1.64782001E-8	1.56250000E-1	0.00000000E+0	0.00000000E+0
1.53808594E-1	1.60711000E-8	1.60711000E-8	1.53808594E-1	0.00000000E+0	0.00000000E+0
1.51367187E-1	1.58646003E-8	1.58646003E-8	1.51367187E-1	0.00000000E+0	0.00000000E+0
1.48925781E-1	1.55969992E-8	1.55969992E-8	1.48925781E-1	0.00000000E+0	0.00000000E+0
1.46484375E-1	1.53677000E-8	1.53677000E-8	1.46484375E-1	0.00000000E+0	0.00000000E+0
1.44042969E-1	1.51001007E-8	1.51001007E-8	1.44042969E-1	0.00000000E+0	0.00000000E+0
1.41601562E-1	1.48400998E-8	1.48400998E-8	1.41601562E-1	0.00000000E+0	0.00000000E+0
1.39160156E-1	1.45400003E-8	1.45400003E-8	1.39160156E-1	0.00000000E+0	0.00000000E+0
1.36718750E-1	1.43354999E-8	1.43354999E-8	1.36718750E-1	0.00000000E+0	0.00000000E+0
1.34277344E-1	1.40985001E-8	1.40985001E-8	1.34277344E-1	0.00000000E+0	0.00000000E+0
1.31835937E-1	1.38309000E-8	1.38309000E-8	1.31835937E-1	0.00000000E+0	0.00000000E+0
1.29394531E-1	1.36320999E-8	1.36320999E-8	1.29394531E-1	0.00000000E+0	0.00000000E+0
1.26953125E-1	1.33970000E-8	1.33970000E-8	1.26953125E-1	0.00000000E+0	0.00000000E+0
1.24511719E-1	1.32192000E-8	1.32192000E-8	1.24511719E-1	0.00000000E+0	0.00000000E+0
1.22070312E-1	1.29254998E-8	1.29254998E-8	1.22070312E-1	0.00000000E+0	0.00000000E+0
1.19628906E-1	1.27112001E-8	1.27112001E-8	1.19628906E-1	0.00000000E+0	0.00000000E+0
1.17187500E-1	1.24986004E-8	1.24986004E-8	1.17187500E-1	0.00000000E+0	0.00000000E+0
1.14746094E-1	1.22478001E-8	1.22478001E-8	1.14746094E-1	0.00000000E+0	0.00000000E+0
1.12304687E-1	1.19815002E-8	1.19815002E-8	1.12304687E-1	0.00000000E+0	0.00000000E+0
1.09863281E-1	1.17166001E-8	1.17166001E-8	1.09863281E-1	0.00000000E+0	0.00000000E+0
1.07421875E-1	1.14979004E-8	1.14979004E-8	1.07421875E-1	0.00000000E+0	0.00000000E+0
1.04980469E-1	1.12793996E-8	1.12793996E-8	1.04980469E-1	0.00000000E+0	0.00000000E+0
1.02539062E-1	1.10737997E-8	1.10737997E-8	1.02539062E-1	0.00000000E+0	0.00000000E+0
1.00097656E-1	1.08456000E-8	1.08456000E-8	1.00097656E-1	0.00000000E+0	0.00000000E+0
9.76562500E-2	1.06464002E-8	1.06464002E-8	9.76562500E-2	0.00000000E+0	0.00000000E+0
9.52148438E-2	9.97545957E-9	9.97545957E-9	9.52148438E-2	0.00000000E+0	0.00000000E+0
9.27734375E-2	9.64973967E-9	9.64973967E-9	9.27734375E-2	0.00000000E+0	0.00000000E+0
9.03320313E-2	9.49713019E-9	9.49713019E-9	9.03320313E-2	0.00000000E+0	0.00000000E+0
8.78906250E-2	9.38247968E-9	9.38247968E-9	8.78906250E-2	0.00000000E+0	0.00000000E+0
8.54492188E-2	9.25644006E-9	9.25644006E-9	8.54492188E-2	0.00000000E+0	0.00000000E+0
8.30078125E-2	9.21088983E-9	9.21088983E-9	8.30078125E-2	0.00000000E+0	0.00000000E+0
8.05664063E-2	9.29667987E-9	9.29667987E-9	8.05664063E-2	0.00000000E+0	0.00000000E+0
7.81250000E-2	9.70212000E-9	9.70212000E-9	7.81250000E-2	0.00000000E+0	0.00000000E+0
7.56835938E-2	9.65543023E-9	9.65543023E-9	7.56835938E-2	0.00000000E+0	0.00000000E+0
7.32421875E-2	9.72856995E-9	9.72856995E-9	7.32421875E-2	0.00000000E+0	0.00000000E+0
7.08007813E-2	9.77197967E-9	9.77197967E-9	7.08007813E-2	0.00000000E+0	0.00000000E+0
6.83593750E-2	9.86308990E-9	9.86308990E-9	6.83593750E-2	0.00000000E+0	0.00000000E+0
6.59179688E-2	1.01288000E-8	1.01288000E-8	6.59179688E-2	0.00000000E+0	0.00000000E+0
6.34765625E-2	1.04111004E-8	1.04111004E-8	6.34765625E-2	0.00000000E+0	0.00000000E+0
6.10351563E-2	1.07247002E-8	1.07247002E-8	6.10351563E-2	0.00000000E+0	0.00000000E+0
5.85937500E-2	1.10722000E-8	1.10722000E-8	5.85937500E-2	0.00000000E+0	0.00000000E+0
5.61523438E-2	1.17920003E-8	1.17920003E-8	5.61523438E-2	0.00000000E+0	0.00000000E+0
5.37109375E-2	1.28246000E-8	1.28246000E-8	5.37109375E-2	0.00000000E+0	0.00000000E+0
5.12695313E-2	1.41902001E-8	1.41902001E-8	5.12695313E-2	0.00000000E+0	0.00000000E+0
4.88281250E-2	1.60711000E-8	1.60711000E-8	4.88281250E-2	0.00000000E+0	0.00000000E+0
4.63867188E-2	1.80615007E-8	1.80615007E-8	4.63867188E-2	0.00000000E+0	0.00000000E+0
4.39453125E-2	1.78779995E-8	1.78779995E-8	4.39453125E-2	0.00000000E+0	0.00000000E+0
4.15039063E-2	2.10636006E-8	2.10636006E-8	4.15039063E-2	0.00000000E+0	0.00000000E+0
3.90625000E-2	2.01206998E-8	2.01206998E-8	3.90625000E-2	0.00000000E+0	0.00000000E+0
3.66210938E-2	1.87240996E-8	1.87240996E-8	3.66210938E-2	0.00000000E+0	0.00000000E+0
3.41796875E-2	1.73427992E-8	1.73427992E-8	3.41796875E-2	0.00000000E+0	0.00000000E+0
3.17382813E-2	1.59639999E-8	1.59639999E-8	3.17382813E-2	0.00000000E+0	0.00000000E+0
2.92968750E-2	1.46514996E-8	1.46514996E-8	2.92968750E-2	0.00000000E+0	0.00000000E+0
2.68554688E-2	1.32600002E-8	1.32600002E-8	2.68554688E-2	0.00000000E+0	0.00000000E+0
2.44140625E-2	1.18947998E-8	1.18947998E-8	2.44140625E-2	0.00000000E+0	0.00000000E+0
2.19726563E-2	1.05584004E-8	1.05584004E-8	2.19726563E-2	0.00000000E+0	0.00000000E+0
1.95312500E-2	9.23594001E-9	9.23594001E-9	1.95312500E-2	0.00000000E+0	0.00000000E+0
1.70898438E-2	7.85447973E-9	7.85447973E-9	1.70898438E-2	0.00000000E+0	0.00000000E+0
1.46484375E-2	6.60095001E-9	6.60095001E-9	1.46484375E-2	0.00000000E+0	0.00000000E+0
1.22070313E-2	5.37930989E-9	5.37930989E-9	1.22070313E-2	0.00000000E+0	0.00000000E+0
9.76562500E-3	4.14628021E-9	4.14628021E-9	9.76562500E-3	0.00000000E+0	0.00000000E+0
7.32421875E-3	2.83581003E-9	2.83581003E-9	7.32421875E-3	0.00000000E+0	0.00000000E+0
4.88281250E-3	1.80644999E-9	1.80644999E-9	4.88281250E-3	0.00000000E+0	0.00000000E+0
2.44140625E-3	5.48403989E-10	5.48403989E-10	2.44140625E-3	0.00000000E+0	0.00000000E+0
0.00000000E+0	-3.41062012E-10	-3.41062012E-10	0.00000000E+0	0.00000000E+0	0.00000000E+0
-2.44140625E-3	-1.49059998E-9	-1.49059998E-9	-2.44140625E-3	0.00000000E+0	0.00000000E+0
-4.88281250E-3	-2.70066991E-9	-2.70066991E-9	-4.88281250E-3	0.00000000E+0	0.00000000E+0
-7.32421875E-3	-3.89041999E-9	-3.89041999E-9	-7.32421875E-3	0.00000000E+0	0.00000000E+0
-9.76562500E-3	-5.14090992E-9	-5.14090992E-9	-9.76562500E-3	0.00000000E+0	0.00000000E+0
-1.22070313E-2	-6.47454002E-9	-6.47454002E-9	-1.22070313E-2	0.00000000E+0	0.00000000E+0
-1.46484375E-2	-7.70832020E-9	-7.70832020E-9	-1.46484375E-2	0.00000000E+0	0.00000000E+0
-1.70898438E-2	-8.97285979E-9	-8.97285979E-9	-1.70898438E-2	0.00000000E+0	0.00000000E+0
-1.95312500E-2	-1.02050999E-8	-1.02050999E-8	-1.95312500E-2	0.00000000E+0	0.00000000E+0
-2.19726563E-2	-1.15552998E-8	-1.15552998E-8	-2.19726563E-2	0.00000000E+0	0.00000000E+0
-2.44140625E-2	-1.29025004E-8	-1.29025004E-8	-2.44140625E-2	0.00000000E+0	0.00000000E+0
-2.68554688E-2	-1.43890002E-8	-1.43890002E-8	-2.68554688E-2	0.00000000E+0	0.00000000E+0
-2.92968750E-2	-1.57079008E-8	-1.57079008E-8	-2.92968750E-2	0.00000000E+0	0.00000000E+0
-3.17382813E-2	-1.71006995E-8	-1.71006995E-8	-3.17382813E-2	0.00000000E+0	0.00000000E+0
-3.41796875E-2	-1.84972997E-8	-1.84972997E-8	-3.41796875E-2	0.00000000E+0	0.00000000E+0
-3.66210938E-2	-1.98989998E-8	-1.98989998E-8	-3.66210938E-2	0.00000000E+0	0.00000000E+0
-3.90625000E-2	-2.13159002E-8	-2.13159002E-8	-3.90625000E-2	0.00000000E+0	0.00000000E+0
-4.15039063E-2	-2.29214994E-8	-2.29214994E-8	-4.15039063E-2	0.00000000E+0	0.00000000E+0
-4.39453125E-2	-1.92209999E-8	-1.92209999E-8	-4.39453125E-2	0.00000000E+0	0.00000000E+0
-4.63867188E-2	-1.89610994E-8	-1.89610994E-8	-4.63867188E-2	0.00000000E+0	0.00000000E+0
-4.88281250E-2	-1.72842007E-8	-1.72842007E-8	-4.88281250E-2	0.00000000E+0	0.00000000E+0
-5.12695313E-2	-1.55026996E-8	-1.55026996E-8	-5.12695313E-2	0.00000000E+0	0.00000000E+0
-5.37109375E-2	-1.40729997E-8	-1.40729997E-8	-5.37109375E-2	0.00000000E+0	0.00000000E+0
-5.61523438E-2	-1.29025004E-8	-1.29025004E-8	-5.61523438E-2	0.00000000E+0	0.00000000E+0
-5.85937500E-2	-1.20561996E-8	-1.20561996E-8	-5.85937500E-2	0.00000000E+0	0.00000000E+0
-6.10351563E-2	-1.15003003E-8	-1.15003003E-8	-6.10351563E-2	0.00000000E+0	0.00000000E+0
-6.34765625E-2	-1.10149996E-8	-1.10149996E-8	-6.34765625E-2	0.00000000E+0	0.00000000E+0
-6.59179688E-2	-1.07672999E-8	-1.07672999E-8	-6.59179688E-2	0.00000000E+0	0.00000000E+0
-6.83593750E-2	-1.05513003E-8	-1.05513003E-8	-6.83593750E-2	0.00000000E+0	0.00000000E+0
-7.08007813E-2	-1.02864002E-8	-1.02864002E-8	-7.08007813E-2	0.00000000E+0	0.00000000E+0
-7.32421875E-2	-1.01930002E-8	-1.01930002E-8	-7.32421875E-2	0.00000000E+0	0.00000000E+0
-7.56835938E-2	-1.01545004E-8	-1.01545004E-8	-7.56835938E-2	0.00000000E+0	0.00000000E+0
-7.81250000E-2	-1.01420996E-8	-1.01420996E-8	-7.81250000E-2	0.00000000E+0	0.00000000E+0
-8.05664063E-2	-1.01625997E-8	-1.01625997E-8	-8.05664063E-2	0.00000000E+0	0.00000000E+0
-8.30078125E-2	-1.01625997E-8	-1.01625997E-8	-8.30078125E-2	0.00000000E+0	0.00000000E+0
-8.54492188E-2	-1.03152002E-8	-1.03152002E-8	-8.54492188E-2	0.00000000E+0	0.00000000E+0
-8.78906250E-2	-1.04688000E-8	-1.04688000E-8	-8.78906250E-2	0.00000000E+0	0.00000000E+0
-9.03320313E-2	-1.06578000E-8	-1.06578000E-8	-9.03320313E-2	0.00000000E+0	0.00000000E+0
-9.27734375E-2	-1.09217000E-8	-1.09217000E-8	-9.27734375E-2	0.00000000E+0	0.00000000E+0
-9.52148438E-2	-1.11681997E-8	-1.11681997E-8	-9.52148438E-2	0.00000000E+0	0.00000000E+0
-9.76562500E-2	-1.14198997E-8	-1.14198997E-8	-9.76562500E-2	0.00000000E+0	0.00000000E+0
-1.00097656E-1	-1.17088002E-8	-1.17088002E-8	-1.00097656E-1	0.00000000E+0	0.00000000E+0
-1.02539062E-1	-1.20035004E-8	-1.20035004E-8	-1.02539062E-1	0.00000000E+0	0.00000000E+0
-1.04980469E-1	-1.23266997E-8	-1.23266997E-8	-1.04980469E-1	0.00000000E+0	0.00000000E+0
-1.07421875E-1	-1.27315003E-8	-1.27315003E-8	-1.07421875E-1	0.00000000E+0	0.00000000E+0
-1.09863281E-1	-1.31886999E-8	-1.31886999E-8	-1.09863281E-1	0.00000000E+0	0.00000000E+0
-1.12304687E-1	-1.39507002E-8	-1.39507002E-8	-1.12304687E-1	0.00000000E+0	0.00000000E+0
-1.14746094E-1	-1.42782000E-8	-1.42782000E-8	-1.14746094E-1	0.00000000E+0	0.00000000E+0
-1.17187500E-1	-1.45036996E-8	-1.45036996E-8	-1.17187500E-1	0.00000000E+0	0.00000000E+0
-1.19628906E-1	-1.47636996E-8	-1.47636996E-8	-1.19628906E-1	0.00000000E+0	0.00000000E+0
-1.22070312E-1	-1.50313006E-8	-1.50313006E-8	-1.22070312E-1	0.00000000E+0	0.00000000E+0
-1.24511719E-1	-1.52988999E-8	-1.52988999E-8	-1.24511719E-1	0.00000000E+0	0.00000000E+0
-1.26953125E-1	-1.56772995E-8	-1.56772995E-8	-1.26953125E-1	0.00000000E+0	0.00000000E+0
-1.29394531E-1	-1.59487001E-8	-1.59487001E-8	-1.29394531E-1	0.00000000E+0	0.00000000E+0
-1.31835937E-1	-1.62290998E-8	-1.62290998E-8	-1.31835937E-1	0.00000000E+0	0.00000000E+0
-1.34277344E-1	-1.64992002E-8	-1.64992002E-8	-1.34277344E-1	0.00000000E+0	0.00000000E+0
-1.36718750E-1	-1.68050001E-8	-1.68050001E-8	-1.36718750E-1	0.00000000E+0	0.00000000E+0
-1.39160156E-1	-1.70687997E-8	-1.70687997E-8	-1.39160156E-1	0.00000000E+0	0.00000000E+0
-1.41601562E-1	-1.73555001E-8	-1.73555001E-8	-1.41601562E-1	0.00000000E+0	0.00000000E+0
-1.44042969E-1	-1.76843002E-8	-1.76843002E-8	-1.44042969E-1	0.00000000E+0	0.00000000E+0
-1.46484375E-1	-1.79976993E-8	-1.79976993E-8	-1.46484375E-1	0.00000000E+0	0.00000000E+0
-1.48925781E-1	-1.82806001E-8	-1.82806001E-8	-1.48925781E-1	0.00000000E+0	0.00000000E+0
-1.51367187E-1	-1.86094002E-8	-1.86094002E-8	-1.51367187E-1	0.00000000E+0	0.00000000E+0
-1.53808594E-1	-1.89457996E-8	-1.89457996E-8	-1.53808594E-1	0.00000000E+0	0.00000000E+0
-1.56250000E-1	-1.92515994E-8	-1.92515994E-8	-1.56250000E-1	0.00000000E+0	0.00000000E+0
-1.58691406E-1	-1.95192005E-8	-1.95192005E-8	-1.58691406E-1	0.00000000E+0	0.00000000E+0
-1.61132812E-1	-1.98633003E-8	-1.98633003E-8	-1.61132812E-1	0.00000000E+0	0.00000000E+0
-1.63574219E-1	-2.01308996E-8	-2.01308996E-8	-1.63574219E-1	0.00000000E+0	0.00000000E+0
-1.66015625E-1	-2.04596002E-8	-2.04596002E-8	-1.66015625E-1	0.00000000E+0	0.00000000E+0
-1.68457031E-1	-2.09590993E-8	-2.09590993E-8	-1.68457031E-1	0.00000000E+0	0.00000000E+0
-1.70898437E-1	-2.13924007E-8	-2.13924007E-8	-1.70898437E-1	0.00000000E+0	0.00000000E+0
-1.73339844E-1	-2.15874003E-8	-2.15874003E-8	-1.73339844E-1	0.00000000E+0	0.00000000E+0
-1.75781250E-1	-2.20766996E-8	-2.20766996E-8	-1.75781250E-1	0.00000000E+0	0.00000000E+0
-1.78222656E-1	-2.23251995E-8	-2.23251995E-8	-1.78222656E-1	0.00000000E+0	0.00000000E+0
-1.80664062E-1	-2.27074004E-8	-2.27074004E-8	-1.80664062E-1	0.00000000E+0	0.00000000E+0
-1.83105469E-1	-2.28475994E-8	-2.28475994E-8	-1.83105469E-1	0.00000000E+0	0.00000000E+0
-1.85546875E-1	-2.31814994E-8	-2.31814994E-8	-1.85546875E-1	0.00000000E+0	0.00000000E+0
-1.87988281E-1	-2.36363995E-8	-2.36363995E-8	-1.87988281E-1	0.00000000E+0	0.00000000E+0
-1.90429687E-1	-2.39230999E-8	-2.39230999E-8	-1.90429687E-1	0.00000000E+0	0.00000000E+0
-1.92871094E-1	-2.41753995E-8	-2.41753995E-8	-1.92871094E-1	0.00000000E+0	0.00000000E+0
-1.95312500E-1	-2.45539002E-8	-2.45539002E-8	-1.95312500E-1	0.00000000E+0	0.00000000E+0
-1.97753906E-1	-2.48176004E-8	-2.48176004E-8	-1.97753906E-1	0.00000000E+0	0.00000000E+0
-2.00195312E-1	-2.52152006E-8	-2.52152006E-8	-2.00195312E-1	0.00000000E+0	0.00000000E+0
-2.02636719E-1	-2.54407002E-8	-2.54407002E-8	-2.02636719E-1	0.00000000E+0	0.00000000E+0
-2.05078125E-1	-2.59033008E-8	-2.59033008E-8	-2.05078125E-1	0.00000000E+0	0.00000000E+0
-2.07519531E-1	-2.61633009E-8	-2.61633009E-8	-2.07519531E-1	0.00000000E+0	0.00000000E+0
-2.09960937E-1	-2.64919997E-8	-2.64919997E-8	-2.09960937E-1	0.00000000E+0	0.00000000E+0
-2.12402344E-1	-2.68055000E-8	-2.68055000E-8	-2.12402344E-1	0.00000000E+0	0.00000000E+0
-2.14843750E-1	-2.69584000E-8	-2.69584000E-8	-2.14843750E-1	0.00000000E+0	0.00000000E+0
-2.17285156E-1	-2.73062994E-8	-2.73062994E-8	-2.17285156E-1	0.00000000E+0	0.00000000E+0
-2.19726562E-1	-2.75318008E-8	-2.75318008E-8	-2.19726562E-1	0.00000000E+0	0.00000000E+0
-2.22167969E-1	-2.79217005E-8	-2.79217005E-8	-2.22167969E-1	0.00000000E+0	0.00000000E+0
-2.24609375E-1	-2.81664008E-8	-2.81664008E-8	-2.24609375E-1	0.00000000E+0	0.00000000E+0
-2.27050781E-1	-2.84683992E-8	-2.84683992E-8	-2.27050781E-1	0.00000000E+0	0.00000000E+0
-2.29492187E-1	-2.86709998E-8	-2.86709998E-8	-2.29492187E-1	0.00000000E+0	0.00000000E+0
-2.31933594E-1	-2.90073991E-8	-2.90073991E-8	-2.31933594E-1	0.00000000E+0	0.00000000E+0
-2.34375000E-1	-2.92444007E-8	-2.92444007E-8	-2.34375000E-1	0.00000000E+0	0.00000000E+0
-2.36816406E-1	-2.96305007E-8	-2.96305007E-8	-2.36816406E-1	0.00000000E+0	0.00000000E+0
-2.39257812E-1	-2.98942986E-8	-2.98942986E-8	-2.39257812E-1	0.00000000E+0	0.00000000E+0
-2.41699219E-1	-3.02422016E-8	-3.02422016E-8	-2.41699219E-1	0.00000000E+0	0.00000000E+0
-2.44140625E-1	-3.05480015E-8	-3.05480015E-8	-2.44140625E-1	0.00000000E+0	0.00000000E+0
-2.46582031E-1	-3.07735988E-8	-3.07735988E-8	-2.46582031E-1	0.00000000E+0	0.00000000E+0
-2.49023437E-1	-3.10106003E-8	-3.10106003E-8	-2.49023437E-1	0.00000000E+0	0.00000000E+0
-2.51464844E-1	-3.13889998E-8	-3.13889998E-8	-2.51464844E-1	0.00000000E+0	0.00000000E+0
-2.53906250E-1	-3.15381001E-8	-3.15381001E-8	-2.53906250E-1	0.00000000E+0	0.00000000E+0
-2.56347656E-1	-3.19241984E-8	-3.19241984E-8	-2.56347656E-1	0.00000000E+0	0.00000000E+0
-2.58789062E-1	-3.21880016E-8	-3.21880016E-8	-2.58789062E-1	0.00000000E+0	0.00000000E+0
-2.61230469E-1	-3.24249996E-8	-3.24249996E-8	-2.61230469E-1	0.00000000E+0	0.00000000E+0
-2.63671875E-1	-3.26926006E-8	-3.26926006E-8	-2.63671875E-1	0.00000000E+0	0.00000000E+0
-2.66113281E-1	-3.29754997E-8	-3.29754997E-8	-2.66113281E-1	0.00000000E+0	0.00000000E+0
-2.68554687E-1	-3.32947003E-8	-3.32947003E-8	-2.68554687E-1	0.00000000E+0	0.00000000E+0
-2.70996094E-1	-3.35335990E-8	-3.35335990E-8	-2.70996094E-1	0.00000000E+0	0.00000000E+0
-2.73437500E-1	-3.37476997E-8	-3.37476997E-8	-2.73437500E-1	0.00000000E+0	0.00000000E+0
-2.75878906E-1	-3.41146986E-8	-3.41146986E-8	-2.75878906E-1	0.00000000E+0	0.00000000E+0
-2.78320312E-1	-3.42064013E-8	-3.42064013E-8	-2.78320312E-1	0.00000000E+0	0.00000000E+0
-2.80761719E-1	-3.46039997E-8	-3.46039997E-8	-2.80761719E-1	0.00000000E+0	0.00000000E+0
-2.83203125E-1	-3.49251010E-8	-3.49251010E-8	-2.83203125E-1	0.00000000E+0	0.00000000E+0
-2.85644531E-1	-3.51239002E-8	-3.51239002E-8	-2.85644531E-1	0.00000000E+0	0.00000000E+0
-2.88085937E-1	-3.54487995E-8	-3.54487995E-8	-2.88085937E-1	0.00000000E+0	0.00000000E+0
-2.90527344E-1	-3.57049998E-8	-3.57049998E-8	-2.90527344E-1	0.00000000E+0	0.00000000E+0
-2.92968750E-1	-3.58961003E-8	-3.58961003E-8	-2.92968750E-1	0.00000000E+0	0.00000000E+0
-2.95410156E-1	-3.62975001E-8	-3.62975001E-8	-2.95410156E-1	0.00000000E+0	0.00000000E+0
-2.97851562E-1	-3.65688990E-8	-3.65688990E-8	-2.97851562E-1	0.00000000E+0	0.00000000E+0
-3.00292969E-1	-3.68441988E-8	-3.68441988E-8	-3.00292969E-1	0.00000000E+0	0.00000000E+0
-3.02734375E-1	-3.71308992E-8	-3.71308992E-8	-3.02734375E-1	0.00000000E+0	0.00000000E+0
-3.05175781E-1	-3.73870002E-8	-3.73870002E-8	-3.05175781E-1	0.00000000E+0	0.00000000E+0
-3.07617187E-1	-3.76546012E-8	-3.76546012E-8	-3.07617187E-1	0.00000000E+0	0.00000000E+0
-3.10058594E-1	-3.79450995E-8	-3.79450995E-8	-3.10058594E-1	0.00000000E+0	0.00000000E+0
-3.12500000E-1	-3.82203993E-8	-3.82203993E-8	-3.12500000E-1	0.00000000E+0	0.00000000E+0
-3.14941406E-1	-3.84039005E-8	-3.84039005E-8	-3.14941406E-1	0.00000000E+0	0.00000000E+0
-3.17382812E-1	-3.87097003E-8	-3.87097003E-8	-3.17382812E-1	0.00000000E+0	0.00000000E+0
-3.19824219E-1	-3.89543011E-8	-3.89543011E-8	-3.19824219E-1	0.00000000E+0	0.00000000E+0
-3.22265625E-1	-3.91607990E-8	-3.91607990E-8	-3.22265625E-1	0.00000000E+0	0.00000000E+0
-3.24707031E-1	-3.95354007E-8	-3.95354007E-8	-3.24707031E-1	0.00000000E+0	0.00000000E+0
-3.27148437E-1	-3.98412006E-8	-3.98412006E-8	-3.27148437E-1	0.00000000E+0	0.00000000E+0
-3.29589844E-1	-4.00247018E-8	-4.00247018E-8	-3.29589844E-1	0.00000000E+0	0.00000000E+0
-3.32031250E-1	-4.02693985E-8	-4.02693985E-8	-3.32031250E-1	0.00000000E+0	0.00000000E+0
-3.34472656E-1	-4.05981986E-8	-4.05981986E-8	-3.34472656E-1	0.00000000E+0	0.00000000E+0
-3.36914062E-1	-4.07586995E-8	-4.07586995E-8	-3.36914062E-1	0.00000000E+0	0.00000000E+0
-3.39355469E-1	-4.11563015E-8	-4.11563015E-8	-3.39355469E-1	0.00000000E+0	0.00000000E+0
-3.41796875E-1	-4.12480006E-8	-4.12480006E-8	-3.41796875E-1	0.00000000E+0	0.00000000E+0
-3.44238281E-1	-4.15538999E-8	-4.15538999E-8	-3.44238281E-1	0.00000000E+0	0.00000000E+0
-3.46679687E-1	-4.17985007E-8	-4.17985007E-8	-3.46679687E-1	0.00000000E+0	0.00000000E+0
-3.49121094E-1	-4.20432009E-8	-4.20432009E-8	-3.49121094E-1	0.00000000E+0	0.00000000E+0
-3.51562500E-1	-4.24101998E-8	-4.24101998E-8	-3.51562500E-1	0.00000000E+0	0.00000000E+0
-3.54003906E-1	-4.24406998E-8	-4.24406998E-8	-3.54003906E-1	0.00000000E+0	0.00000000E+0
-3.56445312E-1	-4.27770992E-8	-4.27770992E-8	-3.56445312E-1	0.00000000E+0	0.00000000E+0
-3.58886719E-1	-4.30523990E-8	-4.30523990E-8	-3.58886719E-1	0.00000000E+0	0.00000000E+0
-3.61328125E-1	-4.31364988E-8	-4.31364988E-8	-3.61328125E-1	0.00000000E+0	0.00000000E+0
-3.63769531E-1	-4.36104983E-8	-4.36104983E-8	-3.63769531E-1	0.00000000E+0	0.00000000E+0
-3.66210937E-1	-4.37768009E-8	-4.37768009E-8	-3.66210937E-1	0.00000000E+0	0.00000000E+0
-3.68652344E-1	-4.40215011E-8	-4.40215011E-8	-3.68652344E-1	0.00000000E+0	0.00000000E+0
-3.71093750E-1	-4.43139001E-8	-4.43139001E-8	-3.71093750E-1	0.00000000E+0	0.00000000E+0
-3.73535156E-1	-4.45586004E-8	-4.45586004E-8	-3.73535156E-1	0.00000000E+0	0.00000000E+0
-3.75976562E-1	-4.47726016E-8	-4.47726016E-8	-3.75976562E-1	0.00000000E+0	0.00000000E+0
-3.78417969E-1	-4.50937989E-8	-4.50937989E-8	-3.78417969E-1	0.00000000E+0	0.00000000E+0
-3.80859375E-1	-4.52007995E-8	-4.52007995E-8	-3.80859375E-1	0.00000000E+0	0.00000000E+0
-3.83300781E-1	-4.55065994E-8	-4.55065994E-8	-3.83300781E-1	0.00000000E+0	0.00000000E+0
-3.85742187E-1	-4.57207001E-8	-4.57207001E-8	-3.85742187E-1	0.00000000E+0	0.00000000E+0
-3.88183594E-1	-4.58735983E-8	-4.58735983E-8	-3.88183594E-1	0.00000000E+0	0.00000000E+0
-3.90625000E-1	-4.63017997E-8	-4.63017997E-8	-3.90625000E-1	0.00000000E+0	0.00000000E+0
-3.93066406E-1	-4.64355985E-8	-4.64355985E-8	-3.93066406E-1	0.00000000E+0	0.00000000E+0
-3.95507812E-1	-4.65999008E-8	-4.65999008E-8	-3.95507812E-1	0.00000000E+0	0.00000000E+0
-3.97949219E-1	-4.68598991E-8	-4.68598991E-8	-3.97949219E-1	0.00000000E+0	0.00000000E+0
-4.00390625E-1	-4.72497987E-8	-4.72497987E-8	-4.00390625E-1	0.00000000E+0	0.00000000E+0
-4.02832031E-1	-4.75250985E-8	-4.75250985E-8	-4.02832031E-1	0.00000000E+0	0.00000000E+0
-4.05273437E-1	-4.75862016E-8	-4.75862016E-8	-4.05273437E-1	0.00000000E+0	0.00000000E+0
-4.07714844E-1	-4.77390998E-8	-4.77390998E-8	-4.07714844E-1	0.00000000E+0	0.00000000E+0
-4.10156250E-1	-4.80755986E-8	-4.80755986E-8	-4.10156250E-1	0.00000000E+0	0.00000000E+0
-4.12597656E-1	-4.83584017E-8	-4.83584017E-8	-4.12597656E-1	0.00000000E+0	0.00000000E+0
-4.15039062E-1	-4.85648997E-8	-4.85648997E-8	-4.15039062E-1	0.00000000E+0	0.00000000E+0
-4.17480469E-1	-4.87675003E-8	-4.87675003E-8	-4.17480469E-1	0.00000000E+0	0.00000000E+0
-4.19921875E-1	-4.89701009E-8	-4.89701009E-8	-4.19921875E-1	0.00000000E+0	0.00000000E+0
-4.22363281E-1	-4.91229990E-8	-4.91229990E-8	-4.22363281E-1	0.00000000E+0	0.00000000E+0
-4.24804687E-1	-4.92683014E-8	-4.92683014E-8	-4.24804687E-1	0.00000000E+0	0.00000000E+0
-4.27246094E-1	-4.94746999E-8	-4.94746999E-8	-4.27246094E-1	0.00000000E+0	0.00000000E+0
-4.29687500E-1	-4.98264008E-8	-4.98264008E-8	-4.29687500E-1	0.00000000E+0	0.00000000E+0
-4.32128906E-1	-4.98264008E-8	-4.98264008E-8	-4.32128906E-1	0.00000000E+0	0.00000000E+0
-4.34570312E-1	-5.01246014E-8	-5.01246014E-8	-4.34570312E-1	0.00000000E+0	0.00000000E+0
-4.37011719E-1	-5.02469000E-8	-5.02469000E-8	-4.37011719E-1	0.00000000E+0	0.00000000E+0
-4.39453125E-1	-5.07133002E-8	-5.07133002E-8	-4.39453125E-1	0.00000000E+0	0.00000000E+0
-4.41894531E-1	-5.08049993E-8	-5.08049993E-8	-4.41894531E-1	0.00000000E+0	0.00000000E+0
-4.44335937E-1	-5.09809013E-8	-5.09809013E-8	-4.44335937E-1	0.00000000E+0	0.00000000E+0
-4.46777344E-1	-5.13095983E-8	-5.13095983E-8	-4.46777344E-1	0.00000000E+0	0.00000000E+0
-4.49218750E-1	-5.15084011E-8	-5.15084011E-8	-4.49218750E-1	0.00000000E+0	0.00000000E+0
-4.51660156E-1	-5.16996010E-8	-5.16996010E-8	-4.51660156E-1	0.00000000E+0	0.00000000E+0
-4.54101562E-1	-5.18448005E-8	-5.18448005E-8	-4.54101562E-1	0.00000000E+0	0.00000000E+0
-4.56542969E-1	-5.21276995E-8	-5.21276995E-8	-4.56542969E-1	0.00000000E+0	0.00000000E+0
-4.58984375E-1	-5.23227008E-8	-5.23227008E-8	-4.58984375E-1	0.00000000E+0	0.00000000E+0
-4.61425781E-1	-5.25099999E-8	-5.25099999E-8	-4.61425781E-1	0.00000000E+0	0.00000000E+0
-4.63867187E-1	-5.25099999E-8	-5.25099999E-8	-4.63867187E-1	0.00000000E+0	0.00000000E+0
-4.66308594E-1	-5.43296999E-8	-5.43296999E-8	-4.66308594E-1	0.00000000E+0	0.00000000E+0
-4.68750000E-1	-5.30566986E-8	-5.30566986E-8	-4.68750000E-1	0.00000000E+0	0.00000000E+0
-4.71191406E-1	-5.30566986E-8	-5.30566986E-8	-4.71191406E-1	0.00000000E+0	0.00000000E+0
-4.73632812E-1	-5.35039000E-8	-5.35039000E-8	-4.73632812E-1	0.00000000E+0	0.00000000E+0
-4.76074219E-1	-5.36568017E-8	-5.36568017E-8	-4.76074219E-1	0.00000000E+0	0.00000000E+0
-4.78515625E-1	-5.39129985E-8	-5.39129985E-8	-4.78515625E-1	0.00000000E+0	0.00000000E+0
-4.80957031E-1	-5.41690994E-8	-5.41690994E-8	-4.80957031E-1	0.00000000E+0	0.00000000E+0
-4.83398437E-1	-5.44442997E-8	-5.44442997E-8	-4.83398437E-1	0.00000000E+0	0.00000000E+0
-4.85839844E-1	-5.45858008E-8	-5.45858008E-8	-4.85839844E-1	0.00000000E+0	0.00000000E+0
-4.88281250E-1	-5.47501990E-8	-5.47501990E-8	-4.88281250E-1	0.00000000E+0	0.00000000E+0
-4.90722656E-1	-5.49337003E-8	-5.49337003E-8	-4.90722656E-1	0.00000000E+0	0.00000000E+0
-4.93164062E-1	-5.50942012E-8	-5.50942012E-8	-4.93164062E-1	0.00000000E+0	0.00000000E+0
-4.90722656E-1	-5.47730998E-8	-5.47730998E-8	-4.90722656E-1	0.00000000E+0	0.00000000E+0
-4.88281250E-1	-5.46278009E-8	-5.46278009E-8	-4.88281250E-1	0.00000000E+0	0.00000000E+0
-4.85839844E-1	-5.45131016E-8	-5.45131016E-8	-4.85839844E-1	0.00000000E+0	0.00000000E+0
-4.83398437E-1	-5.43601999E-8	-5.43601999E-8	-4.83398437E-1	0.00000000E+0	0.00000000E+0
-4.80957031E-1	-5.41690994E-8	-5.41690994E-8	-4.80957031E-1	0.00000000E+0	0.00000000E+0
-4.78515625E-1	-5.40238005E-8	-5.40238005E-8	-4.78515625E-1	0.00000000E+0	0.00000000E+0
-4.76074219E-1	-5.38021006E-8	-5.38021006E-8	-4.76074219E-1	0.00000000E+0	0.00000000E+0
-4.73632812E-1	-5.35956985E-8	-5.35956985E-8	-4.73632812E-1	0.00000000E+0	0.00000000E+0
-4.71191406E-1	-5.35459996E-8	-5.35459996E-8	-4.71191406E-1	0.00000000E+0	0.00000000E+0
-4.68750000E-1	-5.45131016E-8	-5.45131016E-8	-4.68750000E-1	0.00000000E+0	0.00000000E+0
-4.66308594E-1	-5.31064011E-8	-5.31064011E-8	-4.66308594E-1	0.00000000E+0	0.00000000E+0
-4.63867187E-1	-5.27547002E-8	-5.27547002E-8	-4.63867187E-1	0.00000000E+0	0.00000000E+0
-4.61425781E-1	-5.25788018E-8	-5.25788018E-8	-4.61425781E-1	0.00000000E+0	0.00000000E+0
-4.58984375E-1	-5.24029993E-8	-5.24029993E-8	-4.58984375E-1	0.00000000E+0	0.00000000E+0
-4.56542969E-1	-5.23723998E-8	-5.23723998E-8	-4.56542969E-1	0.00000000E+0	0.00000000E+0
-4.54101562E-1	-5.21736006E-8	-5.21736006E-8	-4.54101562E-1	0.00000000E+0	0.00000000E+0
-4.51660156E-1	-5.19594998E-8	-5.19594998E-8	-4.51660156E-1	0.00000000E+0	0.00000000E+0
-4.49218750E-1	-5.18830987E-8	-5.18830987E-8	-4.49218750E-1	0.00000000E+0	0.00000000E+0
-4.46777344E-1	-5.18448005E-8	-5.18448005E-8	-4.46777344E-1	0.00000000E+0	0.00000000E+0
-4.44335937E-1	-5.16996010E-8	-5.16996010E-8	-4.44335937E-1	0.00000000E+0	0.00000000E+0
-4.41894531E-1	-5.15390006E-8	-5.15390006E-8	-4.41894531E-1	0.00000000E+0	0.00000000E+0
-4.39453125E-1	-5.10115008E-8	-5.10115008E-8	-4.39453125E-1	0.00000000E+0	0.00000000E+0
-4.37011719E-1	-5.08470990E-8	-5.08470990E-8	-4.37011719E-1	0.00000000E+0	0.00000000E+0
-4.34570312E-1	-5.05910016E-8	-5.05910016E-8	-4.34570312E-1	0.00000000E+0	0.00000000E+0
-4.32128906E-1	-5.02850988E-8	-5.02850988E-8	-4.32128906E-1	0.00000000E+0	0.00000000E+0
-4.29687500E-1	-5.01781017E-8	-5.01781017E-8	-4.29687500E-1	0.00000000E+0	0.00000000E+0
-4.27246094E-1	-4.99180999E-8	-4.99180999E-8	-4.27246094E-1	0.00000000E+0	0.00000000E+0
-4.24804687E-1	-4.96428996E-8	-4.96428996E-8	-4.24804687E-1	0.00000000E+0	0.00000000E+0
-4.22363281E-1	-4.94287988E-8	-4.94287988E-8	-4.22363281E-1	0.00000000E+0	0.00000000E+0
-4.19921875E-1	-4.92453012E-8	-4.92453012E-8	-4.19921875E-1	0.00000000E+0	0.00000000E+0
-4.17480469E-1	-4.89012990E-8	-4.89012990E-8	-4.17480469E-1	0.00000000E+0	0.00000000E+0
-4.15039062E-1	-4.87675003E-8	-4.87675003E-8	-4.15039062E-1	0.00000000E+0	0.00000000E+0
-4.12597656E-1	-4.86337015E-8	-4.86337015E-8	-4.12597656E-1	0.00000000E+0	0.00000000E+0
-4.10156250E-1	-4.84502003E-8	-4.84502003E-8	-4.10156250E-1	0.00000000E+0	0.00000000E+0
-4.07714844E-1	-4.82495004E-8	-4.82495004E-8	-4.07714844E-1	0.00000000E+0	0.00000000E+0
-4.05273437E-1	-4.79226010E-8	-4.79226010E-8	-4.05273437E-1	0.00000000E+0	0.00000000E+0
-4.02832031E-1	-4.76780002E-8	-4.76780002E-8	-4.02832031E-1	0.00000000E+0	0.00000000E+0
-4.00390625E-1	-4.73722004E-8	-4.73722004E-8	-4.00390625E-1	0.00000000E+0	0.00000000E+0
-3.97949219E-1	-4.71810004E-8	-4.71810004E-8	-3.97949219E-1	0.00000000E+0	0.00000000E+0
-3.95507812E-1	-4.68598991E-8	-4.68598991E-8	-3.95507812E-1	0.00000000E+0	0.00000000E+0
-3.93066406E-1	-4.66305003E-8	-4.66305003E-8	-3.93066406E-1	0.00000000E+0	0.00000000E+0
-3.90625000E-1	-4.64355985E-8	-4.64355985E-8	-3.90625000E-1	0.00000000E+0	0.00000000E+0
-3.88183594E-1	-4.61489016E-8	-4.61489016E-8	-3.88183594E-1	0.00000000E+0	0.00000000E+0
-3.85742187E-1	-4.57818992E-8	-4.57818992E-8	-3.85742187E-1	0.00000000E+0	0.00000000E+0
-3.83300781E-1	-4.57207001E-8	-4.57207001E-8	-3.83300781E-1	0.00000000E+0	0.00000000E+0
-3.80859375E-1	-4.54149003E-8	-4.54149003E-8	-3.80859375E-1	0.00000000E+0	0.00000000E+0
-3.78417969E-1	-4.52007995E-8	-4.52007995E-8	-3.78417969E-1	0.00000000E+0	0.00000000E+0
-3.75976562E-1	-4.49790996E-8	-4.49790996E-8	-3.75976562E-1	0.00000000E+0	0.00000000E+0
-3.73535156E-1	-4.46121007E-8	-4.46121007E-8	-3.73535156E-1	0.00000000E+0	0.00000000E+0
-3.71093750E-1	-4.44667982E-8	-4.44667982E-8	-3.71093750E-1	0.00000000E+0	0.00000000E+0
-3.68652344E-1	-4.42336017E-8	-4.42336017E-8	-3.68652344E-1	0.00000000E+0	0.00000000E+0
-3.66210937E-1	-4.39890009E-8	-4.39890009E-8	-3.66210937E-1	0.00000000E+0	0.00000000E+0
-3.63769531E-1	-4.37023004E-8	-4.37023004E-8	-3.63769531E-1	0.00000000E+0	0.00000000E+0
-3.61328125E-1	-4.34500009E-8	-4.34500009E-8	-3.61328125E-1	0.00000000E+0	0.00000000E+0
-3.58886719E-1	-4.32434994E-8	-4.32434994E-8	-3.58886719E-1	0.00000000E+0	0.00000000E+0
-3.56445312E-1	-4.29301004E-8	-4.29301004E-8	-3.56445312E-1	0.00000000E+0	0.00000000E+0
-3.54003906E-1	-4.27770992E-8	-4.27770992E-8	-3.54003906E-1	0.00000000E+0	0.00000000E+0
-3.51562500E-1	-4.24406998E-8	-4.24406998E-8	-3.51562500E-1	0.00000000E+0	0.00000000E+0
-3.49121094E-1	-4.22878017E-8	-4.22878017E-8	-3.49121094E-1	0.00000000E+0	0.00000000E+0
-3.46679687E-1	-4.20928998E-8	-4.20928998E-8	-3.46679687E-1	0.00000000E+0	0.00000000E+0
-3.44238281E-1	-4.16684998E-8	-4.16684998E-8	-3.44238281E-1	0.00000000E+0	0.00000000E+0
-3.41796875E-1	-4.15308996E-8	-4.15308996E-8	-3.41796875E-1	0.00000000E+0	0.00000000E+0
-3.39355469E-1	-4.13397991E-8	-4.13397991E-8	-3.39355469E-1	0.00000000E+0	0.00000000E+0
-3.36914062E-1	-4.10415986E-8	-4.10415986E-8	-3.36914062E-1	0.00000000E+0	0.00000000E+0
-3.34472656E-1	-4.07281000E-8	-4.07281000E-8	-3.34472656E-1	0.00000000E+0	0.00000000E+0
-3.32031250E-1	-4.05139993E-8	-4.05139993E-8	-3.32031250E-1	0.00000000E+0	0.00000000E+0
-3.29589844E-1	-4.02693985E-8	-4.02693985E-8	-3.29589844E-1	0.00000000E+0	0.00000000E+0
-3.27148437E-1	-3.99023996E-8	-3.99023996E-8	-3.27148437E-1	0.00000000E+0	0.00000000E+0
-3.24707031E-1	-3.96882989E-8	-3.96882989E-8	-3.24707031E-1	0.00000000E+0	0.00000000E+0
-3.22265625E-1	-3.95048012E-8	-3.95048012E-8	-3.22265625E-1	0.00000000E+0	0.00000000E+0
-3.19824219E-1	-3.90880999E-8	-3.90880999E-8	-3.19824219E-1	0.00000000E+0	0.00000000E+0
-3.17382812E-1	-3.87823000E-8	-3.87823000E-8	-3.17382812E-1	0.00000000E+0	0.00000000E+0
-3.14941406E-1	-3.86179018E-8	-3.86179018E-8	-3.14941406E-1	0.00000000E+0	0.00000000E+0
-3.12500000E-1	-3.83120984E-8	-3.83120984E-8	-3.12500000E-1	0.00000000E+0	0.00000000E+0
-3.10058594E-1	-3.81056999E-8	-3.81056999E-8	-3.10058594E-1	0.00000000E+0	0.00000000E+0
-3.07617187E-1	-3.78380989E-8	-3.78380989E-8	-3.07617187E-1	0.00000000E+0	0.00000000E+0
-3.05175781E-1	-3.75092988E-8	-3.75092988E-8	-3.05175781E-1	0.00000000E+0	0.00000000E+0
-3.02734375E-1	-3.72953011E-8	-3.72953011E-8	-3.02734375E-1	0.00000000E+0	0.00000000E+0
-3.00292969E-1	-3.69205999E-8	-3.69205999E-8	-3.00292969E-1	0.00000000E+0	0.00000000E+0
-2.97851562E-1	-3.66912012E-8	-3.66912012E-8	-2.97851562E-1	0.00000000E+0	0.00000000E+0
-2.95410156E-1	-3.64084016E-8	-3.64084016E-8	-2.95410156E-1	0.00000000E+0	0.00000000E+0
-2.92968750E-1	-3.61637014E-8	-3.61637014E-8	-2.92968750E-1	0.00000000E+0	0.00000000E+0
-2.90527344E-1	-3.57738017E-8	-3.57738017E-8	-2.90527344E-1	0.00000000E+0	0.00000000E+0
-2.88085937E-1	-3.55712011E-8	-3.55712011E-8	-2.88085937E-1	0.00000000E+0	0.00000000E+0
-2.85644531E-1	-3.53380010E-8	-3.53380010E-8	-2.85644531E-1	0.00000000E+0	0.00000000E+0
-2.83203125E-1	-3.51239002E-8	-3.51239002E-8	-2.83203125E-1	0.00000000E+0	0.00000000E+0
-2.80761719E-1	-3.48792000E-8	-3.48792000E-8	-2.80761719E-1	0.00000000E+0	0.00000000E+0
-2.78320312E-1	-3.46421984E-8	-3.46421984E-8	-2.78320312E-1	0.00000000E+0	0.00000000E+0
-2.75878906E-1	-3.43592994E-8	-3.43592994E-8	-2.75878906E-1	0.00000000E+0	0.00000000E+0
-2.73437500E-1	-3.41146986E-8	-3.41146986E-8	-2.73437500E-1	0.00000000E+0	0.00000000E+0
-2.70996094E-1	-3.37782993E-8	-3.37782993E-8	-2.70996094E-1	0.00000000E+0	0.00000000E+0
-2.68554687E-1	-3.35029995E-8	-3.35029995E-8	-2.68554687E-1	0.00000000E+0	0.00000000E+0
-2.66113281E-1	-3.31819017E-8	-3.31819017E-8	-2.66113281E-1	0.00000000E+0	0.00000000E+0
-2.63671875E-1	-3.28532010E-8	-3.28532010E-8	-2.63671875E-1	0.00000000E+0	0.00000000E+0
-2.61230469E-1	-3.26276002E-8	-3.26276002E-8	-2.61230469E-1	0.00000000E+0	0.00000000E+0
-2.58789062E-1	-3.22606013E-8	-3.22606013E-8	-2.58789062E-1	0.00000000E+0	0.00000000E+0
-2.56347656E-1	-3.20809015E-8	-3.20809015E-8	-2.56347656E-1	0.00000000E+0	0.00000000E+0
-2.53906250E-1	-3.18324993E-8	-3.18324993E-8	-2.53906250E-1	0.00000000E+0	0.00000000E+0
-2.51464844E-1	-3.15877990E-8	-3.15877990E-8	-2.51464844E-1	0.00000000E+0	0.00000000E+0
-2.49023437E-1	-3.13469997E-8	-3.13469997E-8	-2.49023437E-1	0.00000000E+0	0.00000000E+0
-2.46582031E-1	-3.11100017E-8	-3.11100017E-8	-2.46582031E-1	0.00000000E+0	0.00000000E+0
-2.44140625E-1	-3.07314991E-8	-3.07314991E-8	-2.44140625E-1	0.00000000E+0	0.00000000E+0
-2.41699219E-1	-3.04371000E-8	-3.04371000E-8	-2.41699219E-1	0.00000000E+0	0.00000000E+0
-2.39257812E-1	-3.01618996E-8	-3.01618996E-8	-2.39257812E-1	0.00000000E+0	0.00000000E+0
-2.36816406E-1	-2.98942986E-8	-2.98942986E-8	-2.36816406E-1	0.00000000E+0	0.00000000E+0
-2.34375000E-1	-2.95503000E-8	-2.95503000E-8	-2.34375000E-1	0.00000000E+0	0.00000000E+0
-2.31933594E-1	-2.92330000E-8	-2.92330000E-8	-2.31933594E-1	0.00000000E+0	0.00000000E+0
-2.29492187E-1	-2.89157001E-8	-2.89157001E-8	-2.29492187E-1	0.00000000E+0	0.00000000E+0
-2.27050781E-1	-2.86251005E-8	-2.86251005E-8	-2.27050781E-1	0.00000000E+0	0.00000000E+0
-2.24609375E-1	-2.83039991E-8	-2.83039991E-8	-2.24609375E-1	0.00000000E+0	0.00000000E+0
-2.22167969E-1	-2.80594001E-8	-2.80594001E-8	-2.22167969E-1	0.00000000E+0	0.00000000E+0
-2.19726562E-1	-2.77535008E-8	-2.77535008E-8	-2.19726562E-1	0.00000000E+0	0.00000000E+0
-2.17285156E-1	-2.73942007E-8	-2.73942007E-8	-2.17285156E-1	0.00000000E+0	0.00000000E+0
-2.14843750E-1	-2.71228000E-8	-2.71228000E-8	-2.14843750E-1	0.00000000E+0	0.00000000E+0
-2.12402344E-1	-2.68971991E-8	-2.68971991E-8	-2.12402344E-1	0.00000000E+0	0.00000000E+0
-2.09960937E-1	-2.65111009E-8	-2.65111009E-8	-2.09960937E-1	0.00000000E+0	0.00000000E+0
-2.07519531E-1	-2.61784994E-8	-2.61784994E-8	-2.07519531E-1	0.00000000E+0	0.00000000E+0
-2.05078125E-1	-2.58879993E-8	-2.58879993E-8	-2.05078125E-1	0.00000000E+0	0.00000000E+0
-2.02636719E-1	-2.56356998E-8	-2.56356998E-8	-2.02636719E-1	0.00000000E+0	0.00000000E+0
-2.00195312E-1	-2.54292996E-8	-2.54292996E-8	-2.00195312E-1	0.00000000E+0	0.00000000E+0
-1.97753906E-1	-2.49094008E-8	-2.49094008E-8	-1.97753906E-1	0.00000000E+0	0.00000000E+0
-1.95312500E-1	-2.46800003E-8	-2.46800003E-8	-1.95312500E-1	0.00000000E+0	0.00000000E+0
-1.92871094E-1	-2.44965008E-8	-2.44965008E-8	-1.92871094E-1	0.00000000E+0	0.00000000E+0
-1.90429687E-1	-2.41295002E-8	-2.41295002E-8	-1.90429687E-1	0.00000000E+0	0.00000000E+0
-1.87988281E-1	-2.37281004E-8	-2.37281004E-8	-1.87988281E-1	0.00000000E+0	0.00000000E+0
-1.85546875E-1	-2.34491004E-8	-2.34491004E-8	-1.85546875E-1	0.00000000E+0	0.00000000E+0
-1.83105469E-1	-2.30437998E-8	-2.30437998E-8	-1.83105469E-1	0.00000000E+0	0.00000000E+0
-1.80664062E-1	-2.27227002E-8	-2.27227002E-8	-1.80664062E-1	0.00000000E+0	0.00000000E+0
-1.78222656E-1	-2.25545005E-8	-2.25545005E-8	-1.78222656E-1	0.00000000E+0	0.00000000E+0
-1.75781250E-1	-2.20651994E-8	-2.20651994E-8	-1.75781250E-1	0.00000000E+0	0.00000000E+0
-1.73339844E-1	-2.17593996E-8	-2.17593996E-8	-1.73339844E-1	0.00000000E+0	0.00000000E+0
-1.70898437E-1	-2.14688995E-8	-2.14688995E-8	-1.70898437E-1	0.00000000E+0	0.00000000E+0
-1.68457031E-1	-2.11986997E-8	-2.11986997E-8	-1.68457031E-1	0.00000000E+0	0.00000000E+0
-1.66015625E-1	-2.06736992E-8	-2.06736992E-8	-1.66015625E-1	0.00000000E+0	0.00000000E+0
-1.63574219E-1	-2.04138004E-8	-2.04138004E-8	-1.63574219E-1	0.00000000E+0	0.00000000E+0
-1.61132812E-1	-1.99856007E-8	-1.99856007E-8	-1.61132812E-1	0.00000000E+0	0.00000000E+0
-1.58691406E-1	-1.96874002E-8	-1.96874002E-8	-1.58691406E-1	0.00000000E+0	0.00000000E+0
-1.56250000E-1	-1.93433998E-8	-1.93433998E-8	-1.56250000E-1	0.00000000E+0	0.00000000E+0
-1.53808594E-1	-1.90477003E-8	-1.90477003E-8	-1.53808594E-1	0.00000000E+0	0.00000000E+0
-1.51367187E-1	-1.87010993E-8	-1.87010993E-8	-1.51367187E-1	0.00000000E+0	0.00000000E+0
-1.48925781E-1	-1.83494002E-8	-1.83494002E-8	-1.48925781E-1	0.00000000E+0	0.00000000E+0
-1.46484375E-1	-1.79976993E-8	-1.79976993E-8	-1.46484375E-1	0.00000000E+0	0.00000000E+0
-1.44042969E-1	-1.76307999E-8	-1.76307999E-8	-1.44042969E-1	0.00000000E+0	0.00000000E+0
-1.41601562E-1	-1.72944006E-8	-1.72944006E-8	-1.41601562E-1	0.00000000E+0	0.00000000E+0
-1.39160156E-1	-1.70191008E-8	-1.70191008E-8	-1.39160156E-1	0.00000000E+0	0.00000000E+0
-1.36718750E-1	-1.66826997E-8	-1.66826997E-8	-1.36718750E-1	0.00000000E+0	0.00000000E+0
-1.34277344E-1	-1.64176992E-8	-1.64176992E-8	-1.34277344E-1	0.00000000E+0	0.00000000E+0
-1.31835937E-1	-1.60825007E-8	-1.60825007E-8	-1.31835937E-1	0.00000000E+0	0.00000000E+0
-1.29394531E-1	-1.57984008E-8	-1.57984008E-8	-1.29394531E-1	0.00000000E+0	0.00000000E+0
-1.26953125E-1	-1.55026996E-8	-1.55026996E-8	-1.26953125E-1	0.00000000E+0	0.00000000E+0
-1.24511719E-1	-1.52172994E-8	-1.52172994E-8	-1.24511719E-1	0.00000000E+0	0.00000000E+0
-1.22070312E-1	-1.49395003E-8	-1.49395003E-8	-1.22070312E-1	0.00000000E+0	0.00000000E+0
-1.19628906E-1	-1.46643000E-8	-1.46643000E-8	-1.19628906E-1	0.00000000E+0	0.00000000E+0
-1.17187500E-1	-1.43482000E-8	-1.43482000E-8	-1.17187500E-1	0.00000000E+0	0.00000000E+0
-1.14746094E-1	-1.40526000E-8	-1.40526000E-8	-1.14746094E-1	0.00000000E+0	0.00000000E+0
-1.12304687E-1	-1.37341001E-8	-1.37341001E-8	-1.12304687E-1	0.00000000E+0	0.00000000E+0
-1.09863281E-1	-1.34256997E-8	-1.34256997E-8	-1.09863281E-1	0.00000000E+0	0.00000000E+0
-1.07421875E-1	-1.30510003E-8	-1.30510003E-8	-1.07421875E-1	0.00000000E+0	0.00000000E+0
-1.04980469E-1	-1.26778001E-8	-1.26778001E-8	-1.04980469E-1	0.00000000E+0	0.00000000E+0
-1.02539062E-1	-1.23656001E-8	-1.23656001E-8	-1.02539062E-1	0.00000000E+0	0.00000000E+0
-1.00097656E-1	-1.20103003E-8	-1.20103003E-8	-1.00097656E-1	0.00000000E+0	0.00000000E+0
-9.76562500E-2	-1.16693997E-8	-1.16693997E-8	-9.76562500E-2	0.00000000E+0	0.00000000E+0
-9.52148438E-2	-1.14040999E-8	-1.14040999E-8	-9.52148438E-2	0.00000000E+0	0.00000000E+0
-9.27734375E-2	-1.10991998E-8	-1.10991998E-8	-9.27734375E-2	0.00000000E+0	0.00000000E+0
-9.03320313E-2	-1.08930003E-8	-1.08930003E-8	-9.03320313E-2	0.00000000E+0	0.00000000E+0
-8.78906250E-2	-1.06306004E-8	-1.06306004E-8	-8.78906250E-2	0.00000000E+0	0.00000000E+0
-8.54492188E-2	-1.04113997E-8	-1.04113997E-8	-8.54492188E-2	0.00000000E+0	0.00000000E+0
-8.30078125E-2	-1.02764997E-8	-1.02764997E-8	-8.30078125E-2	0.00000000E+0	0.00000000E+0
-8.05664063E-2	-1.00767998E-8	-1.00767998E-8	-8.05664063E-2	0.00000000E+0	0.00000000E+0
-7.81250000E-2	-1.00564002E-8	-1.00564002E-8	-7.81250000E-2	0.00000000E+0	0.00000000E+0
-7.56835938E-2	-9.98532990E-9	-9.98532990E-9	-7.56835938E-2	0.00000000E+0	0.00000000E+0
-7.32421875E-2	-9.99354999E-9	-9.99354999E-9	-7.32421875E-2	0.00000000E+0	0.00000000E+0
-7.08007813E-2	-1.00691997E-8	-1.00691997E-8	-7.08007813E-2	0.00000000E+0	0.00000000E+0
-6.83593750E-2	-1.01791002E-8	-1.01791002E-8	-6.83593750E-2	0.00000000E+0	0.00000000E+0
-6.59179688E-2	-1.03208997E-8	-1.03208997E-8	-6.59179688E-2	0.00000000E+0	0.00000000E+0
-6.34765625E-2	-1.05332996E-8	-1.05332996E-8	-6.34765625E-2	0.00000000E+0	0.00000000E+0
-6.10351563E-2	-1.09295000E-8	-1.09295000E-8	-6.10351563E-2	0.00000000E+0	0.00000000E+0
-5.85937500E-2	-1.14354997E-8	-1.14354997E-8	-5.85937500E-2	0.00000000E+0	0.00000000E+0
-5.61523438E-2	-1.18291004E-8	-1.18291004E-8	-5.61523438E-2	0.00000000E+0	0.00000000E+0
-5.37109375E-2	-1.26183997E-8	-1.26183997E-8	-5.37109375E-2	0.00000000E+0	0.00000000E+0
-5.12695313E-2	-1.37773997E-8	-1.37773997E-8	-5.12695313E-2	0.00000000E+0	0.00000000E+0
-4.88281250E-2	-1.53116009E-8	-1.53116009E-8	-4.88281250E-2	0.00000000E+0	0.00000000E+0
-4.63867188E-2	-1.73351005E-8	-1.73351005E-8	-4.63867188E-2	0.00000000E+0	0.00000000E+0
-4.39453125E-2	-1.88030995E-8	-1.88030995E-8	-4.39453125E-2	0.00000000E+0	0.00000000E+0
-4.15039063E-2	-1.48592001E-8	-1.48592001E-8	-4.15039063E-2	0.00000000E+0	0.00000000E+0
-3.90625000E-2	-2.11884998E-8	-2.11884998E-8	-3.90625000E-2	0.00000000E+0	0.00000000E+0
-3.66210938E-2	-1.97524006E-8	-1.97524006E-8	-3.66210938E-2	0.00000000E+0	0.00000000E+0
-3.41796875E-2	-1.82219999E-8	-1.82219999E-8	-3.41796875E-2	0.00000000E+0	0.00000000E+0
-3.17382813E-2	-1.68406995E-8	-1.68406995E-8	-3.17382813E-2	0.00000000E+0	0.00000000E+0
-2.92968750E-2	-1.54389994E-8	-1.54389994E-8	-2.92968750E-2	0.00000000E+0	0.00000000E+0
-2.68554688E-2	-1.41329002E-8	-1.41329002E-8	-2.68554688E-2	0.00000000E+0	0.00000000E+0
-2.44140625E-2	-1.28112996E-8	-1.28112996E-8	-2.44140625E-2	0.00000000E+0	0.00000000E+0
-2.19726563E-2	-1.13956000E-8	-1.13956000E-8	-2.19726563E-2	0.00000000E+0	0.00000000E+0
-1.95312500E-2	-1.00225002E-8	-1.00225002E-8	-1.95312500E-2	0.00000000E+0	0.00000000E+0
-1.70898438E-2	-8.77014017E-9	-8.77014017E-9	-1.70898438E-2	0.00000000E+0	0.00000000E+0
-1.46484375E-2	-7.55457030E-9	-7.55457030E-9	-1.46484375E-2	0.00000000E+0	0.00000000E+0
-1.22070313E-2	-6.28585983E-9	-6.28585983E-9	-1.22070313E-2	0.00000000E+0	0.00000000E+0
-9.76562500E-3	-5.09459008E-9	-5.09459008E-9	-9.76562500E-3	0.00000000E+0	0.00000000E+0
-7.32421875E-3	-3.79626997E-9	-3.79626997E-9	-7.32421875E-3	0.00000000E+0	0.00000000E+0
-4.88281250E-3	-2.57463006E-9	-2.57463006E-9	-4.88281250E-3	0.00000000E+0	0.00000000E+0
-2.44140625E-3	-1.48232004E-9	-1.48232004E-9	-2.44140625E-3	0.00000000E+0	0.00000000E+0
0.00000000E+0	-1.37690997E-10	-1.37690997E-10	0.00000000E+0	0.00000000E+0	0.00000000E+0
