Date: do 28 mrt 2013, Material: Au, Temp: 4.2 K
AO1 - module gain: 1.0E+0, R_out: 0.0
AO2 - module gain: 1.0E+2
MUX1 - ADC gain: 4, logarithmic amplifier: D:\LabVIEW Data\Lithographic MCBJ\MED24_070412.TXT, R_in: 0.000
MUX2 - ADC gain: 4, linear amplifier: 1.000000 x 1e10 V/A, R_in: 1.000
Breaking trace: 15 0
Axis position: -880.474255
Vbias (V)	<I> and Ii MUX1 (A)	Vbias (V)	<I> and Ii MUX2 (A)
@
0.00000000E+0	-2.91629010E-9	-2.91629010E-9	0.00000000E+0	0.00000000E+0	0.00000000E+0
2.44140625E-3	1.12866999E-7	1.12866999E-7	2.44140625E-3	0.00000000E+0	0.00000000E+0
4.88281250E-3	3.28830993E-7	3.28830993E-7	4.88281250E-3	0.00000000E+0	0.00000000E+0
7.32421875E-3	5.38379027E-7	5.38379027E-7	7.32421875E-3	0.00000000E+0	0.00000000E+0
9.76562500E-3	7.55257986E-7	7.55257986E-7	9.76562500E-3	0.00000000E+0	0.00000000E+0
1.22070313E-2	9.63927050E-7	9.63927050E-7	1.22070313E-2	0.00000000E+0	0.00000000E+0
1.46484375E-2	1.18133005E-6	1.18133005E-6	1.46484375E-2	0.00000000E+0	0.00000000E+0
1.70898438E-2	1.39141002E-6	1.39141002E-6	1.70898438E-2	0.00000000E+0	0.00000000E+0
1.95312500E-2	1.61224000E-6	1.61224000E-6	1.95312500E-2	0.00000000E+0	0.00000000E+0
2.19726563E-2	1.82010001E-6	1.82010001E-6	2.19726563E-2	0.00000000E+0	0.00000000E+0
2.44140625E-2	2.03750005E-6	2.03750005E-6	2.44140625E-2	0.00000000E+0	0.00000000E+0
2.68554688E-2	2.24930000E-6	2.24930000E-6	2.68554688E-2	0.00000000E+0	0.00000000E+0
2.92968750E-2	2.47065009E-6	2.47065009E-6	2.92968750E-2	0.00000000E+0	0.00000000E+0
3.17382813E-2	2.68130998E-6	2.68130998E-6	3.17382813E-2	0.00000000E+0	0.00000000E+0
3.41796875E-2	2.90150001E-6	2.90150001E-6	3.41796875E-2	0.00000000E+0	0.00000000E+0
3.66210938E-2	3.11578992E-6	3.11578992E-6	3.66210938E-2	0.00000000E+0	0.00000000E+0
3.90625000E-2	3.33693993E-6	3.33693993E-6	3.90625000E-2	0.00000000E+0	0.00000000E+0
4.15039063E-2	3.54835993E-6	3.54835993E-6	4.15039063E-2	0.00000000E+0	0.00000000E+0
4.39453125E-2	3.76818002E-6	3.76818002E-6	4.39453125E-2	0.00000000E+0	0.00000000E+0
4.63867188E-2	3.97960002E-6	3.97960002E-6	4.63867188E-2	0.00000000E+0	0.00000000E+0
4.88281250E-2	4.20169999E-6	4.20169999E-6	4.88281250E-2	0.00000000E+0	0.00000000E+0
5.12695313E-2	4.41312977E-6	4.41312977E-6	5.12695313E-2	0.00000000E+0	0.00000000E+0
5.37109375E-2	4.63847982E-6	4.63847982E-6	5.37109375E-2	0.00000000E+0	0.00000000E+0
5.61523438E-2	4.85123019E-6	4.85123019E-6	5.61523438E-2	0.00000000E+0	0.00000000E+0
5.85937500E-2	5.07180994E-6	5.07180994E-6	5.85937500E-2	0.00000000E+0	0.00000000E+0
6.10351563E-2	5.28551982E-6	5.28551982E-6	6.10351563E-2	0.00000000E+0	0.00000000E+0
6.34765625E-2	5.50991990E-6	5.50991990E-6	6.34765625E-2	0.00000000E+0	0.00000000E+0
6.59179688E-2	5.72134013E-6	5.72134013E-6	6.59179688E-2	0.00000000E+0	0.00000000E+0
6.83593750E-2	5.94574021E-6	5.94574021E-6	6.83593750E-2	0.00000000E+0	0.00000000E+0
7.08007813E-2	6.16096986E-6	6.16096986E-6	7.08007813E-2	0.00000000E+0	0.00000000E+0
7.32421875E-2	6.38155007E-6	6.38155007E-6	7.32421875E-2	0.00000000E+0	0.00000000E+0
7.56835938E-2	6.59755005E-6	6.59755005E-6	7.56835938E-2	0.00000000E+0	0.00000000E+0
7.81250000E-2	6.81966003E-6	6.81966003E-6	7.81250000E-2	0.00000000E+0	0.00000000E+0
8.05664063E-2	7.03107980E-6	7.03107980E-6	8.05664063E-2	0.00000000E+0	0.00000000E+0
8.30078125E-2	7.25510017E-6	7.25510017E-6	8.30078125E-2	0.00000000E+0	0.00000000E+0
8.54492188E-2	7.46385012E-6	7.46385012E-6	8.54492188E-2	0.00000000E+0	0.00000000E+0
8.78906250E-2	7.69014969E-6	7.69014969E-6	8.78906250E-2	0.00000000E+0	0.00000000E+0
9.03320313E-2	7.90424019E-6	7.90424019E-6	9.03320313E-2	0.00000000E+0	0.00000000E+0
9.27734375E-2	8.12481994E-6	8.12481994E-6	9.27734375E-2	0.00000000E+0	0.00000000E+0
9.52148438E-2	8.33967988E-6	8.33967988E-6	9.52148438E-2	0.00000000E+0	0.00000000E+0
9.76562500E-2	8.55759026E-6	8.55759026E-6	9.76562500E-2	0.00000000E+0	0.00000000E+0
1.00097656E-1	8.77473030E-6	8.77473030E-6	1.00097656E-1	0.00000000E+0	0.00000000E+0
1.02539062E-1	8.99188035E-6	8.99188035E-6	1.02539062E-1	0.00000000E+0	0.00000000E+0
1.04980469E-1	9.20406001E-6	9.20406001E-6	1.04980469E-1	0.00000000E+0	0.00000000E+0
1.07421875E-1	9.42540009E-6	9.42540009E-6	1.07421875E-1	0.00000000E+0	0.00000000E+0
1.09863281E-1	9.63949969E-6	9.63949969E-6	1.09863281E-1	0.00000000E+0	0.00000000E+0
1.12304687E-1	9.86503983E-6	9.86503983E-6	1.12304687E-1	0.00000000E+0	0.00000000E+0
1.14746094E-1	1.00756997E-5	1.00756997E-5	1.14746094E-1	0.00000000E+0	0.00000000E+0
1.17187500E-1	1.03043003E-5	1.03043003E-5	1.17187500E-1	0.00000000E+0	0.00000000E+0
1.19628906E-1	1.05155004E-5	1.05155004E-5	1.19628906E-1	0.00000000E+0	0.00000000E+0
1.22070312E-1	1.07397000E-5	1.07397000E-5	1.22070312E-1	0.00000000E+0	0.00000000E+0
1.24511719E-1	1.09531002E-5	1.09531002E-5	1.24511719E-1	0.00000000E+0	0.00000000E+0
1.26953125E-1	1.11721001E-5	1.11721001E-5	1.26953125E-1	0.00000000E+0	0.00000000E+0
1.29394531E-1	1.13838996E-5	1.13838996E-5	1.29394531E-1	0.00000000E+0	0.00000000E+0
1.31835937E-1	1.16058000E-5	1.16058000E-5	1.31835937E-1	0.00000000E+0	0.00000000E+0
1.34277344E-1	1.18193002E-5	1.18193002E-5	1.34277344E-1	0.00000000E+0	0.00000000E+0
1.36718750E-1	1.20412997E-5	1.20412997E-5	1.36718750E-1	0.00000000E+0	0.00000000E+0
1.39160156E-1	1.22504998E-5	1.22504998E-5	1.39160156E-1	0.00000000E+0	0.00000000E+0
1.41601562E-1	1.24746002E-5	1.24746002E-5	1.41601562E-1	0.00000000E+0	0.00000000E+0
1.44042969E-1	1.26819004E-5	1.26819004E-5	1.44042969E-1	0.00000000E+0	0.00000000E+0
1.46484375E-1	1.29081000E-5	1.29081000E-5	1.46484375E-1	0.00000000E+0	0.00000000E+0
1.48925781E-1	1.31172001E-5	1.31172001E-5	1.48925781E-1	0.00000000E+0	0.00000000E+0
1.51367187E-1	1.33392004E-5	1.33392004E-5	1.51367187E-1	0.00000000E+0	0.00000000E+0
1.53808594E-1	1.35503997E-5	1.35503997E-5	1.53808594E-1	0.00000000E+0	0.00000000E+0
1.56250000E-1	1.37871002E-5	1.37871002E-5	1.56250000E-1	0.00000000E+0	0.00000000E+0
1.58691406E-1	1.39856002E-5	1.39856002E-5	1.58691406E-1	0.00000000E+0	0.00000000E+0
1.61132812E-1	1.42070003E-5	1.42070003E-5	1.61132812E-1	0.00000000E+0	0.00000000E+0
1.63574219E-1	1.44182004E-5	1.44182004E-5	1.63574219E-1	0.00000000E+0	0.00000000E+0
1.66015625E-1	1.46439997E-5	1.46439997E-5	1.66015625E-1	0.00000000E+0	0.00000000E+0
1.68457031E-1	1.48559002E-5	1.48559002E-5	1.68457031E-1	0.00000000E+0	0.00000000E+0
1.70898437E-1	1.50619999E-5	1.50619999E-5	1.70898437E-1	0.00000000E+0	0.00000000E+0
1.73339844E-1	1.52834000E-5	1.52834000E-5	1.73339844E-1	0.00000000E+0	0.00000000E+0
1.75781250E-1	1.55048001E-5	1.55048001E-5	1.75781250E-1	0.00000000E+0	0.00000000E+0
1.78222656E-1	1.57185004E-5	1.57185004E-5	1.78222656E-1	0.00000000E+0	0.00000000E+0
1.80664062E-1	1.59341998E-5	1.59341998E-5	1.80664062E-1	0.00000000E+0	0.00000000E+0
1.83105469E-1	1.61586995E-5	1.61586995E-5	1.83105469E-1	0.00000000E+0	0.00000000E+0
1.85546875E-1	1.63724999E-5	1.63724999E-5	1.85546875E-1	0.00000000E+0	0.00000000E+0
1.87988281E-1	1.65772999E-5	1.65772999E-5	1.87988281E-1	0.00000000E+0	0.00000000E+0
1.90429687E-1	1.68101997E-5	1.68101997E-5	1.90429687E-1	0.00000000E+0	0.00000000E+0
1.92871094E-1	1.70258008E-5	1.70258008E-5	1.92871094E-1	0.00000000E+0	0.00000000E+0
1.95312500E-1	1.72491000E-5	1.72491000E-5	1.95312500E-1	0.00000000E+0	0.00000000E+0
1.97753906E-1	1.74615998E-5	1.74615998E-5	1.97753906E-1	0.00000000E+0	0.00000000E+0
2.00195312E-1	1.76766007E-5	1.76766007E-5	2.00195312E-1	0.00000000E+0	0.00000000E+0
2.02636719E-1	1.78809005E-5	1.78809005E-5	2.02636719E-1	0.00000000E+0	0.00000000E+0
2.05078125E-1	1.81002997E-5	1.81002997E-5	2.05078125E-1	0.00000000E+0	0.00000000E+0
2.07519531E-1	1.83115008E-5	1.83115008E-5	2.07519531E-1	0.00000000E+0	0.00000000E+0
2.09960937E-1	1.85430999E-5	1.85430999E-5	2.09960937E-1	0.00000000E+0	0.00000000E+0
2.12402344E-1	1.87492005E-5	1.87492005E-5	2.12402344E-1	0.00000000E+0	0.00000000E+0
2.14843750E-1	1.89706006E-5	1.89706006E-5	2.14843750E-1	0.00000000E+0	0.00000000E+0
2.17285156E-1	1.91742001E-5	1.91742001E-5	2.17285156E-1	0.00000000E+0	0.00000000E+0
2.19726562E-1	1.94057993E-5	1.94057993E-5	2.19726562E-1	0.00000000E+0	0.00000000E+0
2.22167969E-1	1.96194997E-5	1.96194997E-5	2.22167969E-1	0.00000000E+0	0.00000000E+0
2.24609375E-1	1.98460002E-5	1.98460002E-5	2.24609375E-1	0.00000000E+0	0.00000000E+0
2.27050781E-1	2.00585000E-5	2.00585000E-5	2.27050781E-1	0.00000000E+0	0.00000000E+0
2.29492187E-1	2.02658994E-5	2.02658994E-5	2.29492187E-1	0.00000000E+0	0.00000000E+0
2.31933594E-1	2.04822009E-5	2.04822009E-5	2.31933594E-1	0.00000000E+0	0.00000000E+0
2.34375000E-1	2.07188004E-5	2.07188004E-5	2.34375000E-1	0.00000000E+0	0.00000000E+0
2.36816406E-1	2.09248992E-5	2.09248992E-5	2.36816406E-1	0.00000000E+0	0.00000000E+0
2.39257812E-1	2.11271999E-5	2.11271999E-5	2.39257812E-1	0.00000000E+0	0.00000000E+0
2.41699219E-1	2.13410003E-5	2.13410003E-5	2.41699219E-1	0.00000000E+0	0.00000000E+0
2.44140625E-1	2.15610999E-5	2.15610999E-5	2.44140625E-1	0.00000000E+0	0.00000000E+0
2.46582031E-1	2.17876004E-5	2.17876004E-5	2.46582031E-1	0.00000000E+0	0.00000000E+0
2.49023437E-1	2.19936992E-5	2.19936992E-5	2.49023437E-1	0.00000000E+0	0.00000000E+0
2.51464844E-1	2.21922000E-5	2.21922000E-5	2.51464844E-1	0.00000000E+0	0.00000000E+0
2.53906250E-1	2.24211999E-5	2.24211999E-5	2.53906250E-1	0.00000000E+0	0.00000000E+0
2.56347656E-1	2.26350003E-5	2.26350003E-5	2.56347656E-1	0.00000000E+0	0.00000000E+0
2.58789062E-1	2.28563003E-5	2.28563003E-5	2.58789062E-1	0.00000000E+0	0.00000000E+0
2.61230469E-1	2.30701007E-5	2.30701007E-5	2.61230469E-1	0.00000000E+0	0.00000000E+0
2.63671875E-1	2.32723996E-5	2.32723996E-5	2.63671875E-1	0.00000000E+0	0.00000000E+0
2.66113281E-1	2.34975996E-5	2.34975996E-5	2.66113281E-1	0.00000000E+0	0.00000000E+0
2.68554687E-1	2.37114000E-5	2.37114000E-5	2.68554687E-1	0.00000000E+0	0.00000000E+0
2.70996094E-1	2.39175006E-5	2.39175006E-5	2.70996094E-1	0.00000000E+0	0.00000000E+0
2.73437500E-1	2.41389007E-5	2.41389007E-5	2.73437500E-1	0.00000000E+0	0.00000000E+0
2.75878906E-1	2.43641007E-5	2.43641007E-5	2.75878906E-1	0.00000000E+0	0.00000000E+0
2.78320312E-1	2.45739993E-5	2.45739993E-5	2.78320312E-1	0.00000000E+0	0.00000000E+0
2.80761719E-1	2.47877997E-5	2.47877997E-5	2.80761719E-1	0.00000000E+0	0.00000000E+0
2.83203125E-1	2.50167996E-5	2.50167996E-5	2.83203125E-1	0.00000000E+0	0.00000000E+0
2.85644531E-1	2.52076006E-5	2.52076006E-5	2.85644531E-1	0.00000000E+0	0.00000000E+0
2.88085937E-1	2.54519000E-5	2.54519000E-5	2.88085937E-1	0.00000000E+0	0.00000000E+0
2.90527344E-1	2.56427993E-5	2.56427993E-5	2.90527344E-1	0.00000000E+0	0.00000000E+0
2.92968750E-1	2.58717992E-5	2.58717992E-5	2.92968750E-1	0.00000000E+0	0.00000000E+0
2.95410156E-1	2.60740999E-5	2.60740999E-5	2.95410156E-1	0.00000000E+0	0.00000000E+0
2.97851562E-1	2.62992999E-5	2.62992999E-5	2.97851562E-1	0.00000000E+0	0.00000000E+0
3.00292969E-1	2.65207000E-5	2.65207000E-5	3.00292969E-1	0.00000000E+0	0.00000000E+0
3.02734375E-1	2.67268006E-5	2.67268006E-5	3.02734375E-1	0.00000000E+0	0.00000000E+0
3.05175781E-1	2.69328993E-5	2.69328993E-5	3.05175781E-1	0.00000000E+0	0.00000000E+0
3.07617187E-1	2.71619992E-5	2.71619992E-5	3.07617187E-1	0.00000000E+0	0.00000000E+0
3.10058594E-1	2.73643000E-5	2.73643000E-5	3.10058594E-1	0.00000000E+0	0.00000000E+0
3.12500000E-1	2.75895000E-5	2.75895000E-5	3.12500000E-1	0.00000000E+0	0.00000000E+0
3.14941406E-1	2.77879008E-5	2.77879008E-5	3.14941406E-1	0.00000000E+0	0.00000000E+0
3.17382812E-1	2.80170007E-5	2.80170007E-5	3.17382812E-1	0.00000000E+0	0.00000000E+0
3.19824219E-1	2.82306992E-5	2.82306992E-5	3.19824219E-1	0.00000000E+0	0.00000000E+0
3.22265625E-1	2.84444995E-5	2.84444995E-5	3.22265625E-1	0.00000000E+0	0.00000000E+0
3.24707031E-1	2.86468003E-5	2.86468003E-5	3.24707031E-1	0.00000000E+0	0.00000000E+0
3.27148437E-1	2.88910996E-5	2.88910996E-5	3.27148437E-1	0.00000000E+0	0.00000000E+0
3.29589844E-1	2.90934004E-5	2.90934004E-5	3.29589844E-1	0.00000000E+0	0.00000000E+0
3.32031250E-1	2.93186004E-5	2.93186004E-5	3.32031250E-1	0.00000000E+0	0.00000000E+0
3.34472656E-1	2.95323007E-5	2.95323007E-5	3.34472656E-1	0.00000000E+0	0.00000000E+0
3.36914062E-1	2.97422994E-5	2.97422994E-5	3.36914062E-1	0.00000000E+0	0.00000000E+0
3.39355469E-1	2.99559997E-5	2.99559997E-5	3.39355469E-1	0.00000000E+0	0.00000000E+0
3.41796875E-1	3.01773998E-5	3.01773998E-5	3.41796875E-1	0.00000000E+0	0.00000000E+0
3.44238281E-1	3.03987999E-5	3.03987999E-5	3.44238281E-1	0.00000000E+0	0.00000000E+0
3.46679687E-1	3.06278016E-5	3.06278016E-5	3.46679687E-1	0.00000000E+0	0.00000000E+0
3.49121094E-1	3.08339004E-5	3.08339004E-5	3.49121094E-1	0.00000000E+0	0.00000000E+0
3.51562500E-1	3.10553005E-5	3.10553005E-5	3.51562500E-1	0.00000000E+0	0.00000000E+0
3.54003906E-1	3.12613993E-5	3.12613993E-5	3.54003906E-1	0.00000000E+0	0.00000000E+0
3.56445312E-1	3.14827994E-5	3.14827994E-5	3.56445312E-1	0.00000000E+0	0.00000000E+0
3.58886719E-1	3.17041995E-5	3.17041995E-5	3.58886719E-1	0.00000000E+0	0.00000000E+0
3.61328125E-1	3.19331994E-5	3.19331994E-5	3.61328125E-1	0.00000000E+0	0.00000000E+0
3.63769531E-1	3.21545995E-5	3.21545995E-5	3.63769531E-1	0.00000000E+0	0.00000000E+0
3.66210937E-1	3.23606982E-5	3.23606982E-5	3.66210937E-1	0.00000000E+0	0.00000000E+0
3.68652344E-1	3.25820984E-5	3.25820984E-5	3.68652344E-1	0.00000000E+0	0.00000000E+0
3.71093750E-1	3.28073002E-5	3.28073002E-5	3.71093750E-1	0.00000000E+0	0.00000000E+0
3.73535156E-1	3.30096009E-5	3.30096009E-5	3.73535156E-1	0.00000000E+0	0.00000000E+0
3.75976562E-1	3.32310010E-5	3.32310010E-5	3.75976562E-1	0.00000000E+0	0.00000000E+0
3.78417969E-1	3.34409997E-5	3.34409997E-5	3.78417969E-1	0.00000000E+0	0.00000000E+0
3.80859375E-1	3.36738012E-5	3.36738012E-5	3.80859375E-1	0.00000000E+0	0.00000000E+0
3.83300781E-1	3.38799000E-5	3.38799000E-5	3.83300781E-1	0.00000000E+0	0.00000000E+0
3.85742187E-1	3.41013001E-5	3.41013001E-5	3.85742187E-1	0.00000000E+0	0.00000000E+0
3.88183594E-1	3.43073989E-5	3.43073989E-5	3.88183594E-1	0.00000000E+0	0.00000000E+0
3.90625000E-1	3.45363987E-5	3.45363987E-5	3.90625000E-1	0.00000000E+0	0.00000000E+0
3.93066406E-1	3.47425994E-5	3.47425994E-5	3.93066406E-1	0.00000000E+0	0.00000000E+0
3.95507812E-1	3.49869006E-5	3.49869006E-5	3.95507812E-1	0.00000000E+0	0.00000000E+0
3.97949219E-1	3.52081988E-5	3.52081988E-5	3.97949219E-1	0.00000000E+0	0.00000000E+0
4.00390625E-1	3.54143995E-5	3.54143995E-5	4.00390625E-1	0.00000000E+0	0.00000000E+0
4.02832031E-1	3.56128003E-5	3.56128003E-5	4.02832031E-1	0.00000000E+0	0.00000000E+0
4.05273437E-1	3.58418984E-5	3.58418984E-5	4.05273437E-1	0.00000000E+0	0.00000000E+0
4.07714844E-1	3.60326994E-5	3.60326994E-5	4.07714844E-1	0.00000000E+0	0.00000000E+0
4.10156250E-1	3.62694009E-5	3.62694009E-5	4.10156250E-1	0.00000000E+0	0.00000000E+0
4.12597656E-1	3.64908010E-5	3.64908010E-5	4.12597656E-1	0.00000000E+0	0.00000000E+0
4.15039062E-1	3.66968998E-5	3.66968998E-5	4.15039062E-1	0.00000000E+0	0.00000000E+0
4.17480469E-1	3.69182999E-5	3.69182999E-5	4.17480469E-1	0.00000000E+0	0.00000000E+0
4.19921875E-1	3.71243987E-5	3.71243987E-5	4.19921875E-1	0.00000000E+0	0.00000000E+0
4.22363281E-1	3.73381008E-5	3.73381008E-5	4.22363281E-1	0.00000000E+0	0.00000000E+0
4.24804687E-1	3.75519012E-5	3.75519012E-5	4.24804687E-1	0.00000000E+0	0.00000000E+0
4.27246094E-1	3.77961987E-5	3.77961987E-5	4.27246094E-1	0.00000000E+0	0.00000000E+0
4.29687500E-1	3.79966004E-5	3.79966004E-5	4.29687500E-1	0.00000000E+0	0.00000000E+0
4.32128906E-1	3.82008002E-5	3.82008002E-5	4.32128906E-1	0.00000000E+0	0.00000000E+0
4.34570312E-1	3.84144987E-5	3.84144987E-5	4.34570312E-1	0.00000000E+0	0.00000000E+0
4.37011719E-1	3.86512002E-5	3.86512002E-5	4.37011719E-1	0.00000000E+0	0.00000000E+0
4.39453125E-1	3.88420995E-5	3.88420995E-5	4.39453125E-1	0.00000000E+0	0.00000000E+0
4.41894531E-1	3.90558016E-5	3.90558016E-5	4.41894531E-1	0.00000000E+0	0.00000000E+0
4.44335937E-1	3.93000992E-5	3.93000992E-5	4.44335937E-1	0.00000000E+0	0.00000000E+0
4.46777344E-1	3.95062016E-5	3.95062016E-5	4.46777344E-1	0.00000000E+0	0.00000000E+0
4.49218750E-1	3.97276017E-5	3.97276017E-5	4.49218750E-1	0.00000000E+0	0.00000000E+0
4.51660156E-1	3.99298988E-5	3.99298988E-5	4.51660156E-1	0.00000000E+0	0.00000000E+0
4.54101562E-1	4.01169018E-5	4.01169018E-5	4.54101562E-1	0.00000000E+0	0.00000000E+0
4.56542969E-1	4.03689010E-5	4.03689010E-5	4.56542969E-1	0.00000000E+0	0.00000000E+0
4.58984375E-1	4.05635001E-5	4.05635001E-5	4.58984375E-1	0.00000000E+0	0.00000000E+0
4.61425781E-1	4.07963998E-5	4.07963998E-5	4.61425781E-1	0.00000000E+0	0.00000000E+0
4.63867187E-1	4.10329994E-5	4.10329994E-5	4.63867187E-1	0.00000000E+0	0.00000000E+0
4.66308594E-1	4.12543995E-5	4.12543995E-5	4.66308594E-1	0.00000000E+0	0.00000000E+0
4.68750000E-1	4.14604983E-5	4.14604983E-5	4.68750000E-1	0.00000000E+0	0.00000000E+0
4.71191406E-1	4.16934017E-5	4.16934017E-5	4.71191406E-1	0.00000000E+0	0.00000000E+0
4.73632812E-1	4.19108983E-5	4.19108983E-5	4.73632812E-1	0.00000000E+0	0.00000000E+0
4.76074219E-1	4.21094010E-5	4.21094010E-5	4.76074219E-1	0.00000000E+0	0.00000000E+0
4.78515625E-1	4.23232013E-5	4.23232013E-5	4.78515625E-1	0.00000000E+0	0.00000000E+0
4.80957031E-1	4.25368999E-5	4.25368999E-5	4.80957031E-1	0.00000000E+0	0.00000000E+0
4.83398437E-1	4.27583000E-5	4.27583000E-5	4.83398437E-1	0.00000000E+0	0.00000000E+0
4.85839844E-1	4.30026012E-5	4.30026012E-5	4.85839844E-1	0.00000000E+0	0.00000000E+0
4.88281250E-1	4.32164015E-5	4.32164015E-5	4.88281250E-1	0.00000000E+0	0.00000000E+0
4.90722656E-1	4.34225003E-5	4.34225003E-5	4.90722656E-1	0.00000000E+0	0.00000000E+0
4.93164062E-1	4.36439004E-5	4.36439004E-5	4.93164062E-1	0.00000000E+0	0.00000000E+0
4.90722656E-1	4.34225003E-5	4.34225003E-5	4.90722656E-1	0.00000000E+0	0.00000000E+0
4.88281250E-1	4.32164015E-5	4.32164015E-5	4.88281250E-1	0.00000000E+0	0.00000000E+0
4.85839844E-1	4.30026012E-5	4.30026012E-5	4.85839844E-1	0.00000000E+0	0.00000000E+0
4.83398437E-1	4.27583000E-5	4.27583000E-5	4.83398437E-1	0.00000000E+0	0.00000000E+0
4.80957031E-1	4.25368999E-5	4.25368999E-5	4.80957031E-1	0.00000000E+0	0.00000000E+0
4.78515625E-1	4.23232013E-5	4.23232013E-5	4.78515625E-1	0.00000000E+0	0.00000000E+0
4.76074219E-1	4.21094010E-5	4.21094010E-5	4.76074219E-1	0.00000000E+0	0.00000000E+0
4.73632812E-1	4.18841992E-5	4.18841992E-5	4.73632812E-1	0.00000000E+0	0.00000000E+0
4.71191406E-1	4.16818984E-5	4.16818984E-5	4.71191406E-1	0.00000000E+0	0.00000000E+0
4.68750000E-1	4.14604983E-5	4.14604983E-5	4.68750000E-1	0.00000000E+0	0.00000000E+0
4.66308594E-1	4.12162008E-5	4.12162008E-5	4.66308594E-1	0.00000000E+0	0.00000000E+0
4.63867187E-1	4.10100984E-5	4.10100984E-5	4.63867187E-1	0.00000000E+0	0.00000000E+0
4.61425781E-1	4.07963998E-5	4.07963998E-5	4.61425781E-1	0.00000000E+0	0.00000000E+0
4.58984375E-1	4.05635001E-5	4.05635001E-5	4.58984375E-1	0.00000000E+0	0.00000000E+0
4.56542969E-1	4.03689010E-5	4.03689010E-5	4.56542969E-1	0.00000000E+0	0.00000000E+0
4.54101562E-1	4.01169018E-5	4.01169018E-5	4.54101562E-1	0.00000000E+0	0.00000000E+0
4.51660156E-1	3.99298988E-5	3.99298988E-5	4.51660156E-1	0.00000000E+0	0.00000000E+0
4.49218750E-1	3.97047006E-5	3.97047006E-5	4.49218750E-1	0.00000000E+0	0.00000000E+0
4.46777344E-1	3.95062016E-5	3.95062016E-5	4.46777344E-1	0.00000000E+0	0.00000000E+0
4.44335937E-1	3.93000992E-5	3.93000992E-5	4.44335937E-1	0.00000000E+0	0.00000000E+0
4.41894531E-1	3.90558016E-5	3.90558016E-5	4.41894531E-1	0.00000000E+0	0.00000000E+0
4.39453125E-1	3.88420995E-5	3.88420995E-5	4.39453125E-1	0.00000000E+0	0.00000000E+0
4.37011719E-1	3.86512002E-5	3.86512002E-5	4.37011719E-1	0.00000000E+0	0.00000000E+0
4.34570312E-1	3.84355008E-5	3.84355008E-5	4.34570312E-1	0.00000000E+0	0.00000000E+0
4.32128906E-1	3.82008002E-5	3.82008002E-5	4.32128906E-1	0.00000000E+0	0.00000000E+0
4.29687500E-1	3.79966004E-5	3.79966004E-5	4.29687500E-1	0.00000000E+0	0.00000000E+0
4.27246094E-1	3.77961987E-5	3.77961987E-5	4.27246094E-1	0.00000000E+0	0.00000000E+0
4.24804687E-1	3.75519012E-5	3.75519012E-5	4.24804687E-1	0.00000000E+0	0.00000000E+0
4.22363281E-1	3.73533985E-5	3.73533985E-5	4.22363281E-1	0.00000000E+0	0.00000000E+0
4.19921875E-1	3.71243987E-5	3.71243987E-5	4.19921875E-1	0.00000000E+0	0.00000000E+0
4.17480469E-1	3.69182999E-5	3.69182999E-5	4.17480469E-1	0.00000000E+0	0.00000000E+0
4.15039062E-1	3.66815984E-5	3.66815984E-5	4.15039062E-1	0.00000000E+0	0.00000000E+0
4.12597656E-1	3.64908010E-5	3.64908010E-5	4.12597656E-1	0.00000000E+0	0.00000000E+0
4.10156250E-1	3.62694009E-5	3.62694009E-5	4.10156250E-1	0.00000000E+0	0.00000000E+0
4.07714844E-1	3.60632985E-5	3.60632985E-5	4.07714844E-1	0.00000000E+0	0.00000000E+0
4.05273437E-1	3.58418984E-5	3.58418984E-5	4.05273437E-1	0.00000000E+0	0.00000000E+0
4.02832031E-1	3.56128003E-5	3.56128003E-5	4.02832031E-1	0.00000000E+0	0.00000000E+0
4.00390625E-1	3.54143995E-5	3.54143995E-5	4.00390625E-1	0.00000000E+0	0.00000000E+0
3.97949219E-1	3.52081988E-5	3.52081988E-5	3.97949219E-1	0.00000000E+0	0.00000000E+0
3.95507812E-1	3.49869006E-5	3.49869006E-5	3.95507812E-1	0.00000000E+0	0.00000000E+0
3.93066406E-1	3.47425994E-5	3.47425994E-5	3.93066406E-1	0.00000000E+0	0.00000000E+0
3.90625000E-1	3.45363987E-5	3.45363987E-5	3.90625000E-1	0.00000000E+0	0.00000000E+0
3.88183594E-1	3.43456013E-5	3.43456013E-5	3.88183594E-1	0.00000000E+0	0.00000000E+0
3.85742187E-1	3.41013001E-5	3.41013001E-5	3.85742187E-1	0.00000000E+0	0.00000000E+0
3.83300781E-1	3.38989994E-5	3.38989994E-5	3.83300781E-1	0.00000000E+0	0.00000000E+0
3.80859375E-1	3.36738012E-5	3.36738012E-5	3.80859375E-1	0.00000000E+0	0.00000000E+0
3.78417969E-1	3.34409997E-5	3.34409997E-5	3.78417969E-1	0.00000000E+0	0.00000000E+0
3.75976562E-1	3.32310010E-5	3.32310010E-5	3.75976562E-1	0.00000000E+0	0.00000000E+0
3.73535156E-1	3.30211005E-5	3.30211005E-5	3.73535156E-1	0.00000000E+0	0.00000000E+0
3.71093750E-1	3.28073002E-5	3.28073002E-5	3.71093750E-1	0.00000000E+0	0.00000000E+0
3.68652344E-1	3.25820984E-5	3.25820984E-5	3.68652344E-1	0.00000000E+0	0.00000000E+0
3.66210937E-1	3.23606982E-5	3.23606982E-5	3.66210937E-1	0.00000000E+0	0.00000000E+0
3.63769531E-1	3.21545995E-5	3.21545995E-5	3.63769531E-1	0.00000000E+0	0.00000000E+0
3.61328125E-1	3.19331994E-5	3.19331994E-5	3.61328125E-1	0.00000000E+0	0.00000000E+0
3.58886719E-1	3.17195008E-5	3.17195008E-5	3.58886719E-1	0.00000000E+0	0.00000000E+0
3.56445312E-1	3.15057005E-5	3.15057005E-5	3.56445312E-1	0.00000000E+0	0.00000000E+0
3.54003906E-1	3.12613993E-5	3.12613993E-5	3.54003906E-1	0.00000000E+0	0.00000000E+0
3.51562500E-1	3.10553005E-5	3.10553005E-5	3.51562500E-1	0.00000000E+0	0.00000000E+0
3.49121094E-1	3.08529998E-5	3.08529998E-5	3.49121094E-1	0.00000000E+0	0.00000000E+0
3.46679687E-1	3.06278016E-5	3.06278016E-5	3.46679687E-1	0.00000000E+0	0.00000000E+0
3.44238281E-1	3.03987999E-5	3.03987999E-5	3.44238281E-1	0.00000000E+0	0.00000000E+0
3.41796875E-1	3.01926993E-5	3.01926993E-5	3.41796875E-1	0.00000000E+0	0.00000000E+0
3.39355469E-1	2.99712992E-5	2.99712992E-5	3.39355469E-1	0.00000000E+0	0.00000000E+0
3.36914062E-1	2.97422994E-5	2.97422994E-5	3.36914062E-1	0.00000000E+0	0.00000000E+0
3.34472656E-1	2.95323007E-5	2.95323007E-5	3.34472656E-1	0.00000000E+0	0.00000000E+0
3.32031250E-1	2.93376997E-5	2.93376997E-5	3.32031250E-1	0.00000000E+0	0.00000000E+0
3.29589844E-1	2.90934004E-5	2.90934004E-5	3.29589844E-1	0.00000000E+0	0.00000000E+0
3.27148437E-1	2.88910996E-5	2.88910996E-5	3.27148437E-1	0.00000000E+0	0.00000000E+0
3.24707031E-1	2.86658997E-5	2.86658997E-5	3.24707031E-1	0.00000000E+0	0.00000000E+0
3.22265625E-1	2.84597008E-5	2.84597008E-5	3.22265625E-1	0.00000000E+0	0.00000000E+0
3.19824219E-1	2.82306992E-5	2.82306992E-5	3.19824219E-1	0.00000000E+0	0.00000000E+0
3.17382812E-1	2.80170007E-5	2.80170007E-5	3.17382812E-1	0.00000000E+0	0.00000000E+0
3.14941406E-1	2.78032003E-5	2.78032003E-5	3.14941406E-1	0.00000000E+0	0.00000000E+0
3.12500000E-1	2.76046994E-5	2.76046994E-5	3.12500000E-1	0.00000000E+0	0.00000000E+0
3.10058594E-1	2.73832993E-5	2.73832993E-5	3.10058594E-1	0.00000000E+0	0.00000000E+0
3.07617187E-1	2.71619992E-5	2.71619992E-5	3.07617187E-1	0.00000000E+0	0.00000000E+0
3.05175781E-1	2.69328993E-5	2.69328993E-5	3.05175781E-1	0.00000000E+0	0.00000000E+0
3.02734375E-1	2.67268006E-5	2.67268006E-5	3.02734375E-1	0.00000000E+0	0.00000000E+0
3.00292969E-1	2.65207000E-5	2.65207000E-5	3.00292969E-1	0.00000000E+0	0.00000000E+0
2.97851562E-1	2.62992999E-5	2.62992999E-5	2.97851562E-1	0.00000000E+0	0.00000000E+0
2.95410156E-1	2.60740999E-5	2.60740999E-5	2.95410156E-1	0.00000000E+0	0.00000000E+0
2.92968750E-1	2.58717992E-5	2.58717992E-5	2.92968750E-1	0.00000000E+0	0.00000000E+0
2.90527344E-1	2.56427993E-5	2.56427993E-5	2.90527344E-1	0.00000000E+0	0.00000000E+0
2.88085937E-1	2.54519000E-5	2.54519000E-5	2.88085937E-1	0.00000000E+0	0.00000000E+0
2.85644531E-1	2.52267000E-5	2.52267000E-5	2.85644531E-1	0.00000000E+0	0.00000000E+0
2.83203125E-1	2.50167996E-5	2.50167996E-5	2.83203125E-1	0.00000000E+0	0.00000000E+0
2.80761719E-1	2.47877997E-5	2.47877997E-5	2.80761719E-1	0.00000000E+0	0.00000000E+0
2.78320312E-1	2.45739993E-5	2.45739993E-5	2.78320312E-1	0.00000000E+0	0.00000000E+0
2.75878906E-1	2.43641007E-5	2.43641007E-5	2.75878906E-1	0.00000000E+0	0.00000000E+0
2.73437500E-1	2.41618000E-5	2.41618000E-5	2.73437500E-1	0.00000000E+0	0.00000000E+0
2.70996094E-1	2.39366000E-5	2.39366000E-5	2.70996094E-1	0.00000000E+0	0.00000000E+0
2.68554687E-1	2.37114000E-5	2.37114000E-5	2.68554687E-1	0.00000000E+0	0.00000000E+0
2.66113281E-1	2.34975996E-5	2.34975996E-5	2.66113281E-1	0.00000000E+0	0.00000000E+0
2.63671875E-1	2.32723996E-5	2.32723996E-5	2.63671875E-1	0.00000000E+0	0.00000000E+0
2.61230469E-1	2.30701007E-5	2.30701007E-5	2.61230469E-1	0.00000000E+0	0.00000000E+0
2.58789062E-1	2.28563003E-5	2.28563003E-5	2.58789062E-1	0.00000000E+0	0.00000000E+0
2.56347656E-1	2.26350003E-5	2.26350003E-5	2.56347656E-1	0.00000000E+0	0.00000000E+0
2.53906250E-1	2.24211999E-5	2.24211999E-5	2.53906250E-1	0.00000000E+0	0.00000000E+0
2.51464844E-1	2.22074996E-5	2.22074996E-5	2.51464844E-1	0.00000000E+0	0.00000000E+0
2.49023437E-1	2.20090005E-5	2.20090005E-5	2.49023437E-1	0.00000000E+0	0.00000000E+0
2.46582031E-1	2.17876004E-5	2.17876004E-5	2.46582031E-1	0.00000000E+0	0.00000000E+0
2.44140625E-1	2.15738000E-5	2.15738000E-5	2.44140625E-1	0.00000000E+0	0.00000000E+0
2.41699219E-1	2.13523999E-5	2.13523999E-5	2.41699219E-1	0.00000000E+0	0.00000000E+0
2.39257812E-1	2.11462993E-5	2.11462993E-5	2.39257812E-1	0.00000000E+0	0.00000000E+0
2.36816406E-1	2.09248992E-5	2.09248992E-5	2.36816406E-1	0.00000000E+0	0.00000000E+0
2.34375000E-1	2.07188004E-5	2.07188004E-5	2.34375000E-1	0.00000000E+0	0.00000000E+0
2.31933594E-1	2.04822009E-5	2.04822009E-5	2.31933594E-1	0.00000000E+0	0.00000000E+0
2.29492187E-1	2.02785995E-5	2.02785995E-5	2.29492187E-1	0.00000000E+0	0.00000000E+0
2.27050781E-1	2.00585000E-5	2.00585000E-5	2.27050781E-1	0.00000000E+0	0.00000000E+0
2.24609375E-1	1.98460002E-5	1.98460002E-5	2.24609375E-1	0.00000000E+0	0.00000000E+0
2.22167969E-1	1.96194997E-5	1.96194997E-5	2.22167969E-1	0.00000000E+0	0.00000000E+0
2.19726562E-1	1.94057993E-5	1.94057993E-5	2.19726562E-1	0.00000000E+0	0.00000000E+0
2.17285156E-1	1.91843992E-5	1.91843992E-5	2.17285156E-1	0.00000000E+0	0.00000000E+0
2.14843750E-1	1.89807997E-5	1.89807997E-5	2.14843750E-1	0.00000000E+0	0.00000000E+0
2.12402344E-1	1.87492005E-5	1.87492005E-5	2.12402344E-1	0.00000000E+0	0.00000000E+0
2.09960937E-1	1.85430999E-5	1.85430999E-5	2.09960937E-1	0.00000000E+0	0.00000000E+0
2.07519531E-1	1.83242992E-5	1.83242992E-5	2.07519531E-1	0.00000000E+0	0.00000000E+0
2.05078125E-1	1.81155992E-5	1.81155992E-5	2.05078125E-1	0.00000000E+0	0.00000000E+0
2.02636719E-1	1.78903992E-5	1.78903992E-5	2.02636719E-1	0.00000000E+0	0.00000000E+0
2.00195312E-1	1.76766007E-5	1.76766007E-5	2.00195312E-1	0.00000000E+0	0.00000000E+0
1.97753906E-1	1.74615998E-5	1.74615998E-5	1.97753906E-1	0.00000000E+0	0.00000000E+0
1.95312500E-1	1.72491000E-5	1.72491000E-5	1.95312500E-1	0.00000000E+0	0.00000000E+0
1.92871094E-1	1.70258008E-5	1.70258008E-5	1.92871094E-1	0.00000000E+0	0.00000000E+0
1.90429687E-1	1.68101997E-5	1.68101997E-5	1.90429687E-1	0.00000000E+0	0.00000000E+0
1.87988281E-1	1.65887996E-5	1.65887996E-5	1.87988281E-1	0.00000000E+0	0.00000000E+0
1.85546875E-1	1.63724999E-5	1.63724999E-5	1.85546875E-1	0.00000000E+0	0.00000000E+0
1.83105469E-1	1.61586995E-5	1.61586995E-5	1.83105469E-1	0.00000000E+0	0.00000000E+0
1.80664062E-1	1.59437004E-5	1.59437004E-5	1.80664062E-1	0.00000000E+0	0.00000000E+0
1.78222656E-1	1.57185004E-5	1.57185004E-5	1.78222656E-1	0.00000000E+0	0.00000000E+0
1.75781250E-1	1.55048001E-5	1.55048001E-5	1.75781250E-1	0.00000000E+0	0.00000000E+0
1.73339844E-1	1.52834000E-5	1.52834000E-5	1.73339844E-1	0.00000000E+0	0.00000000E+0
1.70898437E-1	1.50747001E-5	1.50747001E-5	1.70898437E-1	0.00000000E+0	0.00000000E+0
1.68457031E-1	1.48559002E-5	1.48559002E-5	1.68457031E-1	0.00000000E+0	0.00000000E+0
1.66015625E-1	1.46439997E-5	1.46439997E-5	1.66015625E-1	0.00000000E+0	0.00000000E+0
1.63574219E-1	1.44284004E-5	1.44284004E-5	1.63574219E-1	0.00000000E+0	0.00000000E+0
1.61132812E-1	1.42070003E-5	1.42070003E-5	1.61132812E-1	0.00000000E+0	0.00000000E+0
1.58691406E-1	1.39856002E-5	1.39856002E-5	1.58691406E-1	0.00000000E+0	0.00000000E+0
1.56250000E-1	1.37871002E-5	1.37871002E-5	1.56250000E-1	0.00000000E+0	0.00000000E+0
1.53808594E-1	1.35581004E-5	1.35581004E-5	1.53808594E-1	0.00000000E+0	0.00000000E+0
1.51367187E-1	1.33494004E-5	1.33494004E-5	1.51367187E-1	0.00000000E+0	0.00000000E+0
1.48925781E-1	1.31267998E-5	1.31267998E-5	1.48925781E-1	0.00000000E+0	0.00000000E+0
1.46484375E-1	1.29173004E-5	1.29173004E-5	1.46484375E-1	0.00000000E+0	0.00000000E+0
1.44042969E-1	1.26901996E-5	1.26901996E-5	1.44042969E-1	0.00000000E+0	0.00000000E+0
1.41601562E-1	1.24746002E-5	1.24746002E-5	1.41601562E-1	0.00000000E+0	0.00000000E+0
1.39160156E-1	1.22583997E-5	1.22583997E-5	1.39160156E-1	0.00000000E+0	0.00000000E+0
1.36718750E-1	1.20505001E-5	1.20505001E-5	1.36718750E-1	0.00000000E+0	0.00000000E+0
1.34277344E-1	1.18193002E-5	1.18193002E-5	1.34277344E-1	0.00000000E+0	0.00000000E+0
1.31835937E-1	1.16058000E-5	1.16058000E-5	1.31835937E-1	0.00000000E+0	0.00000000E+0
1.29394531E-1	1.13838996E-5	1.13838996E-5	1.29394531E-1	0.00000000E+0	0.00000000E+0
1.26953125E-1	1.11721001E-5	1.11721001E-5	1.26953125E-1	0.00000000E+0	0.00000000E+0
1.24511719E-1	1.09531002E-5	1.09531002E-5	1.24511719E-1	0.00000000E+0	0.00000000E+0
1.22070312E-1	1.07397000E-5	1.07397000E-5	1.22070312E-1	0.00000000E+0	0.00000000E+0
1.19628906E-1	1.05188001E-5	1.05188001E-5	1.19628906E-1	0.00000000E+0	0.00000000E+0
1.17187500E-1	1.03043003E-5	1.03043003E-5	1.17187500E-1	0.00000000E+0	0.00000000E+0
1.14746094E-1	1.00807001E-5	1.00807001E-5	1.14746094E-1	0.00000000E+0	0.00000000E+0
1.12304687E-1	9.86503983E-6	9.86503983E-6	1.12304687E-1	0.00000000E+0	0.00000000E+0
1.09863281E-1	9.64522042E-6	9.64522042E-6	1.09863281E-1	0.00000000E+0	0.00000000E+0
1.07421875E-1	9.43189025E-6	9.43189025E-6	1.07421875E-1	0.00000000E+0	0.00000000E+0
1.04980469E-1	9.21055016E-6	9.21055016E-6	1.04980469E-1	0.00000000E+0	0.00000000E+0
1.02539062E-1	8.99188035E-6	8.99188035E-6	1.02539062E-1	0.00000000E+0	0.00000000E+0
1.00097656E-1	8.77473030E-6	8.77473030E-6	1.00097656E-1	0.00000000E+0	0.00000000E+0
9.76562500E-2	8.56216957E-6	8.56216957E-6	9.76562500E-2	0.00000000E+0	0.00000000E+0
9.52148438E-2	8.33967988E-6	8.33967988E-6	9.52148438E-2	0.00000000E+0	0.00000000E+0
9.27734375E-2	8.12481994E-6	8.12481994E-6	9.27734375E-2	0.00000000E+0	0.00000000E+0
9.03320313E-2	7.90424019E-6	7.90424019E-6	9.03320313E-2	0.00000000E+0	0.00000000E+0
8.78906250E-2	7.69014969E-6	7.69014969E-6	8.78906250E-2	0.00000000E+0	0.00000000E+0
8.54492188E-2	7.47032982E-6	7.47032982E-6	8.54492188E-2	0.00000000E+0	0.00000000E+0
8.30078125E-2	7.25510017E-6	7.25510017E-6	8.30078125E-2	0.00000000E+0	0.00000000E+0
8.05664063E-2	7.03604019E-6	7.03604019E-6	8.05664063E-2	0.00000000E+0	0.00000000E+0
7.81250000E-2	6.82386008E-6	6.82386008E-6	7.81250000E-2	0.00000000E+0	0.00000000E+0
7.56835938E-2	6.60136993E-6	6.60136993E-6	7.56835938E-2	0.00000000E+0	0.00000000E+0
7.32421875E-2	6.38536994E-6	6.38536994E-6	7.32421875E-2	0.00000000E+0	0.00000000E+0
7.08007813E-2	6.16096986E-6	6.16096986E-6	7.08007813E-2	0.00000000E+0	0.00000000E+0
6.83593750E-2	5.95107986E-6	5.95107986E-6	6.83593750E-2	0.00000000E+0	0.00000000E+0
6.59179688E-2	5.72591989E-6	5.72591989E-6	6.59179688E-2	0.00000000E+0	0.00000000E+0
6.34765625E-2	5.51221001E-6	5.51221001E-6	6.34765625E-2	0.00000000E+0	0.00000000E+0
6.10351563E-2	5.29048020E-6	5.29048020E-6	6.10351563E-2	0.00000000E+0	0.00000000E+0
5.85937500E-2	5.07600998E-6	5.07600998E-6	5.85937500E-2	0.00000000E+0	0.00000000E+0
5.61523438E-2	4.85580995E-6	4.85580995E-6	5.61523438E-2	0.00000000E+0	0.00000000E+0
5.37109375E-2	4.63847982E-6	4.63847982E-6	5.37109375E-2	0.00000000E+0	0.00000000E+0
5.12695313E-2	4.41999009E-6	4.41999009E-6	5.12695313E-2	0.00000000E+0	0.00000000E+0
4.88281250E-2	4.20475999E-6	4.20475999E-6	4.88281250E-2	0.00000000E+0	0.00000000E+0
4.63867188E-2	3.98570000E-6	3.98570000E-6	4.63867188E-2	0.00000000E+0	0.00000000E+0
4.39453125E-2	3.77198990E-6	3.77198990E-6	4.39453125E-2	0.00000000E+0	0.00000000E+0
4.15039063E-2	3.55218003E-6	3.55218003E-6	4.15039063E-2	0.00000000E+0	0.00000000E+0
3.90625000E-2	3.34381002E-6	3.34381002E-6	3.90625000E-2	0.00000000E+0	0.00000000E+0
3.66210938E-2	3.11788995E-6	3.11788995E-6	3.66210938E-2	0.00000000E+0	0.00000000E+0
3.41796875E-2	2.90340995E-6	2.90340995E-6	3.41796875E-2	0.00000000E+0	0.00000000E+0
3.17382813E-2	2.68282997E-6	2.68282997E-6	3.17382813E-2	0.00000000E+0	0.00000000E+0
2.92968750E-2	2.47217008E-6	2.47217008E-6	2.92968750E-2	0.00000000E+0	0.00000000E+0
2.68554688E-2	2.25082999E-6	2.25082999E-6	2.68554688E-2	0.00000000E+0	0.00000000E+0
2.44140625E-2	2.03865011E-6	2.03865011E-6	2.44140625E-2	0.00000000E+0	0.00000000E+0
2.19726563E-2	1.82112001E-6	1.82112001E-6	2.19726563E-2	0.00000000E+0	0.00000000E+0
1.95312500E-2	1.61224000E-6	1.61224000E-6	1.95312500E-2	0.00000000E+0	0.00000000E+0
1.70898438E-2	1.39243002E-6	1.39243002E-6	1.70898438E-2	0.00000000E+0	0.00000000E+0
1.46484375E-2	1.18252001E-6	1.18252001E-6	1.46484375E-2	0.00000000E+0	0.00000000E+0
1.22070313E-2	9.65148956E-7	9.65148956E-7	1.22070313E-2	0.00000000E+0	0.00000000E+0
9.76562500E-3	7.56861027E-7	7.56861027E-7	9.76562500E-3	0.00000000E+0	0.00000000E+0
7.32421875E-3	5.38683992E-7	5.38683992E-7	7.32421875E-3	0.00000000E+0	0.00000000E+0
4.88281250E-3	3.29594997E-7	3.29594997E-7	4.88281250E-3	0.00000000E+0	0.00000000E+0
2.44140625E-3	1.17482003E-7	1.17482003E-7	2.44140625E-3	0.00000000E+0	0.00000000E+0
0.00000000E+0	-2.95425995E-9	-2.95425995E-9	0.00000000E+0	0.00000000E+0	0.00000000E+0
-2.44140625E-3	-2.66439997E-7	-2.66439997E-7	-2.44140625E-3	0.00000000E+0	0.00000000E+0
-4.88281250E-3	-4.88969988E-7	-4.88969988E-7	-4.88281250E-3	0.00000000E+0	0.00000000E+0
-7.32421875E-3	-7.20435025E-7	-7.20435025E-7	-7.32421875E-3	0.00000000E+0	0.00000000E+0
-9.76562500E-3	-9.43728026E-7	-9.43728026E-7	-9.76562500E-3	0.00000000E+0	0.00000000E+0
-1.22070313E-2	-1.17796003E-6	-1.17796003E-6	-1.22070313E-2	0.00000000E+0	0.00000000E+0
-1.46484375E-2	-1.40285999E-6	-1.40285999E-6	-1.46484375E-2	0.00000000E+0	0.00000000E+0
-1.70898438E-2	-1.63438006E-6	-1.63438006E-6	-1.70898438E-2	0.00000000E+0	0.00000000E+0
-1.95312500E-2	-1.85674003E-6	-1.85674003E-6	-1.95312500E-2	0.00000000E+0	0.00000000E+0
-2.19726563E-2	-2.09131008E-6	-2.09131008E-6	-2.19726563E-2	0.00000000E+0	0.00000000E+0
-2.44140625E-2	-2.31952004E-6	-2.31952004E-6	-2.44140625E-2	0.00000000E+0	0.00000000E+0
-2.68554688E-2	-2.55410009E-6	-2.55410009E-6	-2.68554688E-2	0.00000000E+0	0.00000000E+0
-2.92968750E-2	-2.77747995E-6	-2.77747995E-6	-2.92968750E-2	0.00000000E+0	0.00000000E+0
-3.17382813E-2	-3.01332011E-6	-3.01332011E-6	-3.17382813E-2	0.00000000E+0	0.00000000E+0
-3.41796875E-2	-3.23923996E-6	-3.23923996E-6	-3.41796875E-2	0.00000000E+0	0.00000000E+0
-3.66210938E-2	-3.47355990E-6	-3.47355990E-6	-3.66210938E-2	0.00000000E+0	0.00000000E+0
-3.90625000E-2	-3.69548002E-6	-3.69548002E-6	-3.90625000E-2	0.00000000E+0	0.00000000E+0
-4.15039063E-2	-3.93608980E-6	-3.93608980E-6	-4.15039063E-2	0.00000000E+0	0.00000000E+0
-4.39453125E-2	-4.16507010E-6	-4.16507010E-6	-4.39453125E-2	0.00000000E+0	0.00000000E+0
-4.63867188E-2	-4.40014992E-6	-4.40014992E-6	-4.63867188E-2	0.00000000E+0	0.00000000E+0
-4.88281250E-2	-4.62913022E-6	-4.62913022E-6	-4.88281250E-2	0.00000000E+0	0.00000000E+0
-5.12695313E-2	-4.86650015E-6	-4.86650015E-6	-5.12695313E-2	0.00000000E+0	0.00000000E+0
-5.37109375E-2	-5.09395022E-6	-5.09395022E-6	-5.37109375E-2	0.00000000E+0	0.00000000E+0
-5.61523438E-2	-5.32521017E-6	-5.32521017E-6	-5.61523438E-2	0.00000000E+0	0.00000000E+0
-5.85937500E-2	-5.55265979E-6	-5.55265979E-6	-5.85937500E-2	0.00000000E+0	0.00000000E+0
-6.10351563E-2	-5.78850995E-6	-5.78850995E-6	-6.10351563E-2	0.00000000E+0	0.00000000E+0
-6.34765625E-2	-6.01556985E-6	-6.01556985E-6	-6.34765625E-2	0.00000000E+0	0.00000000E+0
-6.59179688E-2	-6.24875020E-6	-6.24875020E-6	-6.59179688E-2	0.00000000E+0	0.00000000E+0
-6.83593750E-2	-6.47848992E-6	-6.47848992E-6	-6.83593750E-2	0.00000000E+0	0.00000000E+0
-7.08007813E-2	-6.71433008E-6	-6.71433008E-6	-7.08007813E-2	0.00000000E+0	0.00000000E+0
-7.32421875E-2	-6.93949005E-6	-6.93949005E-6	-7.32421875E-2	0.00000000E+0	0.00000000E+0
-7.56835938E-2	-7.17036983E-6	-7.17036983E-6	-7.56835938E-2	0.00000000E+0	0.00000000E+0
-7.81250000E-2	-7.39210009E-6	-7.39210009E-6	-7.81250000E-2	0.00000000E+0	0.00000000E+0
-8.05664063E-2	-7.62947002E-6	-7.62947002E-6	-8.05664063E-2	0.00000000E+0	0.00000000E+0
-8.30078125E-2	-7.85577959E-6	-7.85577959E-6	-8.30078125E-2	0.00000000E+0	0.00000000E+0
-8.54492188E-2	-8.09277026E-6	-8.09277026E-6	-8.54492188E-2	0.00000000E+0	0.00000000E+0
-8.78906250E-2	-8.31906982E-6	-8.31906982E-6	-8.78906250E-2	0.00000000E+0	0.00000000E+0
-9.03320313E-2	-8.55186045E-6	-8.55186045E-6	-9.03320313E-2	0.00000000E+0	0.00000000E+0
-9.27734375E-2	-8.77855018E-6	-8.77855018E-6	-9.27734375E-2	0.00000000E+0	0.00000000E+0
-9.52148438E-2	-9.00446958E-6	-9.00446958E-6	-9.52148438E-2	0.00000000E+0	0.00000000E+0
-9.76562500E-2	-9.23154039E-6	-9.23154039E-6	-9.76562500E-2	0.00000000E+0	0.00000000E+0
-1.00097656E-1	-9.46165983E-6	-9.46165983E-6	-1.00097656E-1	0.00000000E+0	0.00000000E+0
-1.02539062E-1	-9.68567019E-6	-9.68567019E-6	-1.02539062E-1	0.00000000E+0	0.00000000E+0
-1.04980469E-1	-9.91578963E-6	-9.91578963E-6	-1.04980469E-1	0.00000000E+0	0.00000000E+0
-1.07421875E-1	-1.01389996E-5	-1.01389996E-5	-1.07421875E-1	0.00000000E+0	0.00000000E+0
-1.09863281E-1	-1.03729999E-5	-1.03729999E-5	-1.09863281E-1	0.00000000E+0	0.00000000E+0
-1.12304687E-1	-1.05961999E-5	-1.05961999E-5	-1.12304687E-1	0.00000000E+0	0.00000000E+0
-1.14746094E-1	-1.08198001E-5	-1.08198001E-5	-1.14746094E-1	0.00000000E+0	0.00000000E+0
-1.17187500E-1	-1.10381998E-5	-1.10381998E-5	-1.17187500E-1	0.00000000E+0	0.00000000E+0
-1.19628906E-1	-1.12773996E-5	-1.12773996E-5	-1.19628906E-1	0.00000000E+0	0.00000000E+0
-1.22070312E-1	-1.14994000E-5	-1.14994000E-5	-1.22070312E-1	0.00000000E+0	0.00000000E+0
-1.24511719E-1	-1.17298996E-5	-1.17298996E-5	-1.24511719E-1	0.00000000E+0	0.00000000E+0
-1.26953125E-1	-1.19528004E-5	-1.19528004E-5	-1.26953125E-1	0.00000000E+0	0.00000000E+0
-1.29394531E-1	-1.21843004E-5	-1.21843004E-5	-1.29394531E-1	0.00000000E+0	0.00000000E+0
-1.31835937E-1	-1.24058997E-5	-1.24058997E-5	-1.31835937E-1	0.00000000E+0	0.00000000E+0
-1.34277344E-1	-1.26368996E-5	-1.26368996E-5	-1.34277344E-1	0.00000000E+0	0.00000000E+0
-1.36718750E-1	-1.28590000E-5	-1.28590000E-5	-1.36718750E-1	0.00000000E+0	0.00000000E+0
-1.39160156E-1	-1.30924000E-5	-1.30924000E-5	-1.39160156E-1	0.00000000E+0	0.00000000E+0
-1.41601562E-1	-1.33176000E-5	-1.33176000E-5	-1.41601562E-1	0.00000000E+0	0.00000000E+0
-1.44042969E-1	-1.35326000E-5	-1.35326000E-5	-1.44042969E-1	0.00000000E+0	0.00000000E+0
-1.46484375E-1	-1.37667002E-5	-1.37667002E-5	-1.46484375E-1	0.00000000E+0	0.00000000E+0
-1.48925781E-1	-1.39931999E-5	-1.39931999E-5	-1.48925781E-1	0.00000000E+0	0.00000000E+0
-1.51367187E-1	-1.42164999E-5	-1.42164999E-5	-1.51367187E-1	0.00000000E+0	0.00000000E+0
-1.53808594E-1	-1.44589003E-5	-1.44589003E-5	-1.53808594E-1	0.00000000E+0	0.00000000E+0
-1.56250000E-1	-1.46725997E-5	-1.46725997E-5	-1.56250000E-1	0.00000000E+0	0.00000000E+0
-1.58691406E-1	-1.49016996E-5	-1.49016996E-5	-1.58691406E-1	0.00000000E+0	0.00000000E+0
-1.61132812E-1	-1.51230997E-5	-1.51230997E-5	-1.61132812E-1	0.00000000E+0	0.00000000E+0
-1.63574219E-1	-1.53596993E-5	-1.53596993E-5	-1.63574219E-1	0.00000000E+0	0.00000000E+0
-1.66015625E-1	-1.55810994E-5	-1.55810994E-5	-1.66015625E-1	0.00000000E+0	0.00000000E+0
-1.68457031E-1	-1.58076000E-5	-1.58076000E-5	-1.68457031E-1	0.00000000E+0	0.00000000E+0
-1.70898437E-1	-1.60468007E-5	-1.60468007E-5	-1.70898437E-1	0.00000000E+0	0.00000000E+0
-1.73339844E-1	-1.62604993E-5	-1.62604993E-5	-1.73339844E-1	0.00000000E+0	0.00000000E+0
-1.75781250E-1	-1.64997000E-5	-1.64997000E-5	-1.75781250E-1	0.00000000E+0	0.00000000E+0
-1.78222656E-1	-1.67287999E-5	-1.67287999E-5	-1.78222656E-1	0.00000000E+0	0.00000000E+0
-1.80664062E-1	-1.69476007E-5	-1.69476007E-5	-1.80664062E-1	0.00000000E+0	0.00000000E+0
-1.83105469E-1	-1.71766005E-5	-1.71766005E-5	-1.83105469E-1	0.00000000E+0	0.00000000E+0
-1.85546875E-1	-1.73904009E-5	-1.73904009E-5	-1.85546875E-1	0.00000000E+0	0.00000000E+0
-1.87988281E-1	-1.76397007E-5	-1.76397007E-5	-1.87988281E-1	0.00000000E+0	0.00000000E+0
-1.90429687E-1	-1.78381997E-5	-1.78381997E-5	-1.90429687E-1	0.00000000E+0	0.00000000E+0
-1.92871094E-1	-1.80723000E-5	-1.80723000E-5	-1.92871094E-1	0.00000000E+0	0.00000000E+0
-1.95312500E-1	-1.82835993E-5	-1.82835993E-5	-1.95312500E-1	0.00000000E+0	0.00000000E+0
-1.97753906E-1	-1.85202007E-5	-1.85202007E-5	-1.97753906E-1	0.00000000E+0	0.00000000E+0
-2.00195312E-1	-1.87593996E-5	-1.87593996E-5	-2.00195312E-1	0.00000000E+0	0.00000000E+0
-2.02636719E-1	-1.89783004E-5	-1.89783004E-5	-2.02636719E-1	0.00000000E+0	0.00000000E+0
-2.05078125E-1	-1.92021998E-5	-1.92021998E-5	-2.05078125E-1	0.00000000E+0	0.00000000E+0
-2.07519531E-1	-1.94210006E-5	-1.94210006E-5	-2.07519531E-1	0.00000000E+0	0.00000000E+0
-2.09960937E-1	-1.96550991E-5	-1.96550991E-5	-2.09960937E-1	0.00000000E+0	0.00000000E+0
-2.12402344E-1	-1.98638008E-5	-1.98638008E-5	-2.12402344E-1	0.00000000E+0	0.00000000E+0
-2.14843750E-1	-2.00890008E-5	-2.00890008E-5	-2.14843750E-1	0.00000000E+0	0.00000000E+0
-2.17285156E-1	-2.03218005E-5	-2.03218005E-5	-2.17285156E-1	0.00000000E+0	0.00000000E+0
-2.19726562E-1	-2.05470005E-5	-2.05470005E-5	-2.19726562E-1	0.00000000E+0	0.00000000E+0
-2.22167969E-1	-2.07875000E-5	-2.07875000E-5	-2.22167969E-1	0.00000000E+0	0.00000000E+0
-2.24609375E-1	-2.09936006E-5	-2.09936006E-5	-2.24609375E-1	0.00000000E+0	0.00000000E+0
-2.27050781E-1	-2.12150007E-5	-2.12150007E-5	-2.27050781E-1	0.00000000E+0	0.00000000E+0
-2.29492187E-1	-2.14210995E-5	-2.14210995E-5	-2.29492187E-1	0.00000000E+0	0.00000000E+0
-2.31933594E-1	-2.16539993E-5	-2.16539993E-5	-2.31933594E-1	0.00000000E+0	0.00000000E+0
-2.34375000E-1	-2.18676996E-5	-2.18676996E-5	-2.34375000E-1	0.00000000E+0	0.00000000E+0
-2.36816406E-1	-2.21056998E-5	-2.21056998E-5	-2.36816406E-1	0.00000000E+0	0.00000000E+0
-2.39257812E-1	-2.23067000E-5	-2.23067000E-5	-2.39257812E-1	0.00000000E+0	0.00000000E+0
-2.41699219E-1	-2.25382992E-5	-2.25382992E-5	-2.41699219E-1	0.00000000E+0	0.00000000E+0
-2.44140625E-1	-2.27646997E-5	-2.27646997E-5	-2.44140625E-1	0.00000000E+0	0.00000000E+0
-2.46582031E-1	-2.29785001E-5	-2.29785001E-5	-2.46582031E-1	0.00000000E+0	0.00000000E+0
-2.49023437E-1	-2.32074999E-5	-2.32074999E-5	-2.49023437E-1	0.00000000E+0	0.00000000E+0
-2.51464844E-1	-2.34175004E-5	-2.34175004E-5	-2.51464844E-1	0.00000000E+0	0.00000000E+0
-2.53906250E-1	-2.36312007E-5	-2.36312007E-5	-2.53906250E-1	0.00000000E+0	0.00000000E+0
-2.56347656E-1	-2.38640005E-5	-2.38640005E-5	-2.56347656E-1	0.00000000E+0	0.00000000E+0
-2.58789062E-1	-2.40778008E-5	-2.40778008E-5	-2.58789062E-1	0.00000000E+0	0.00000000E+0
-2.61230469E-1	-2.42915994E-5	-2.42915994E-5	-2.61230469E-1	0.00000000E+0	0.00000000E+0
-2.63671875E-1	-2.45052997E-5	-2.45052997E-5	-2.63671875E-1	0.00000000E+0	0.00000000E+0
-2.66113281E-1	-2.47369007E-5	-2.47369007E-5	-2.66113281E-1	0.00000000E+0	0.00000000E+0
-2.68554687E-1	-2.49328004E-5	-2.49328004E-5	-2.68554687E-1	0.00000000E+0	0.00000000E+0
-2.70996094E-1	-2.51618003E-5	-2.51618003E-5	-2.70996094E-1	0.00000000E+0	0.00000000E+0
-2.73437500E-1	-2.53832004E-5	-2.53832004E-5	-2.73437500E-1	0.00000000E+0	0.00000000E+0
-2.75878906E-1	-2.56046005E-5	-2.56046005E-5	-2.75878906E-1	0.00000000E+0	0.00000000E+0
-2.78320312E-1	-2.58488999E-5	-2.58488999E-5	-2.78320312E-1	0.00000000E+0	0.00000000E+0
-2.80761719E-1	-2.60627003E-5	-2.60627003E-5	-2.80761719E-1	0.00000000E+0	0.00000000E+0
-2.83203125E-1	-2.62917001E-5	-2.62917001E-5	-2.83203125E-1	0.00000000E+0	0.00000000E+0
-2.85644531E-1	-2.65054005E-5	-2.65054005E-5	-2.85644531E-1	0.00000000E+0	0.00000000E+0
-2.88085937E-1	-2.67192008E-5	-2.67192008E-5	-2.88085937E-1	0.00000000E+0	0.00000000E+0
-2.90527344E-1	-2.69635002E-5	-2.69635002E-5	-2.90527344E-1	0.00000000E+0	0.00000000E+0
-2.92968750E-1	-2.71542995E-5	-2.71542995E-5	-2.92968750E-1	0.00000000E+0	0.00000000E+0
-2.95410156E-1	-2.74101003E-5	-2.74101003E-5	-2.95410156E-1	0.00000000E+0	0.00000000E+0
-2.97851562E-1	-2.76200008E-5	-2.76200008E-5	-2.97851562E-1	0.00000000E+0	0.00000000E+0
-3.00292969E-1	-2.78643001E-5	-2.78643001E-5	-3.00292969E-1	0.00000000E+0	0.00000000E+0
-3.02734375E-1	-2.80627992E-5	-2.80627992E-5	-3.02734375E-1	0.00000000E+0	0.00000000E+0
-3.05175781E-1	-2.82918008E-5	-2.82918008E-5	-3.05175781E-1	0.00000000E+0	0.00000000E+0
-3.07617187E-1	-2.85208007E-5	-2.85208007E-5	-3.07617187E-1	0.00000000E+0	0.00000000E+0
-3.10058594E-1	-2.87498005E-5	-2.87498005E-5	-3.10058594E-1	0.00000000E+0	0.00000000E+0
-3.12500000E-1	-2.89635991E-5	-2.89635991E-5	-3.12500000E-1	0.00000000E+0	0.00000000E+0
-3.14941406E-1	-2.91926008E-5	-2.91926008E-5	-3.14941406E-1	0.00000000E+0	0.00000000E+0
-3.17382812E-1	-2.94140009E-5	-2.94140009E-5	-3.17382812E-1	0.00000000E+0	0.00000000E+0
-3.19824219E-1	-2.96353992E-5	-2.96353992E-5	-3.19824219E-1	0.00000000E+0	0.00000000E+0
-3.22265625E-1	-2.98605992E-5	-2.98605992E-5	-3.22265625E-1	0.00000000E+0	0.00000000E+0
-3.24707031E-1	-3.00857992E-5	-3.00857992E-5	-3.24707031E-1	0.00000000E+0	0.00000000E+0
-3.27148437E-1	-3.03071993E-5	-3.03071993E-5	-3.27148437E-1	0.00000000E+0	0.00000000E+0
-3.29589844E-1	-3.05323993E-5	-3.05323993E-5	-3.29589844E-1	0.00000000E+0	0.00000000E+0
-3.32031250E-1	-3.07347000E-5	-3.07347000E-5	-3.32031250E-1	0.00000000E+0	0.00000000E+0
-3.34472656E-1	-3.09790012E-5	-3.09790012E-5	-3.34472656E-1	0.00000000E+0	0.00000000E+0
-3.36914062E-1	-3.11965996E-5	-3.11965996E-5	-3.36914062E-1	0.00000000E+0	0.00000000E+0
-3.39355469E-1	-3.13989003E-5	-3.13989003E-5	-3.39355469E-1	0.00000000E+0	0.00000000E+0
-3.41796875E-1	-3.16508012E-5	-3.16508012E-5	-3.41796875E-1	0.00000000E+0	0.00000000E+0
-3.44238281E-1	-3.18644998E-5	-3.18644998E-5	-3.44238281E-1	0.00000000E+0	0.00000000E+0
-3.46679687E-1	-3.20783001E-5	-3.20783001E-5	-3.46679687E-1	0.00000000E+0	0.00000000E+0
-3.49121094E-1	-3.23034983E-5	-3.23034983E-5	-3.49121094E-1	0.00000000E+0	0.00000000E+0
-3.51562500E-1	-3.25057990E-5	-3.25057990E-5	-3.51562500E-1	0.00000000E+0	0.00000000E+0
-3.54003906E-1	-3.27730013E-5	-3.27730013E-5	-3.54003906E-1	0.00000000E+0	0.00000000E+0
-3.56445312E-1	-3.30020011E-5	-3.30020011E-5	-3.56445312E-1	0.00000000E+0	0.00000000E+0
-3.58886719E-1	-3.32080999E-5	-3.32080999E-5	-3.58886719E-1	0.00000000E+0	0.00000000E+0
-3.61328125E-1	-3.34295000E-5	-3.34295000E-5	-3.61328125E-1	0.00000000E+0	0.00000000E+0
-3.63769531E-1	-3.36738012E-5	-3.36738012E-5	-3.63769531E-1	0.00000000E+0	0.00000000E+0
-3.66210937E-1	-3.38569989E-5	-3.38569989E-5	-3.66210937E-1	0.00000000E+0	0.00000000E+0
-3.68652344E-1	-3.41013001E-5	-3.41013001E-5	-3.68652344E-1	0.00000000E+0	0.00000000E+0
-3.71093750E-1	-3.43073989E-5	-3.43073989E-5	-3.71093750E-1	0.00000000E+0	0.00000000E+0
-3.73535156E-1	-3.45287990E-5	-3.45287990E-5	-3.73535156E-1	0.00000000E+0	0.00000000E+0
-3.75976562E-1	-3.47655005E-5	-3.47655005E-5	-3.75976562E-1	0.00000000E+0	0.00000000E+0
-3.78417969E-1	-3.49715992E-5	-3.49715992E-5	-3.78417969E-1	0.00000000E+0	0.00000000E+0
-3.80859375E-1	-3.51929993E-5	-3.51929993E-5	-3.80859375E-1	0.00000000E+0	0.00000000E+0
-3.83300781E-1	-3.54143995E-5	-3.54143995E-5	-3.83300781E-1	0.00000000E+0	0.00000000E+0
-3.85742187E-1	-3.56509991E-5	-3.56509991E-5	-3.85742187E-1	0.00000000E+0	0.00000000E+0
-3.88183594E-1	-3.58723992E-5	-3.58723992E-5	-3.88183594E-1	0.00000000E+0	0.00000000E+0
-3.90625000E-1	-3.60746999E-5	-3.60746999E-5	-3.90625000E-1	0.00000000E+0	0.00000000E+0
-3.93066406E-1	-3.62999017E-5	-3.62999017E-5	-3.93066406E-1	0.00000000E+0	0.00000000E+0
-3.95507812E-1	-3.65136984E-5	-3.65136984E-5	-3.95507812E-1	0.00000000E+0	0.00000000E+0
-3.97949219E-1	-3.67579996E-5	-3.67579996E-5	-3.97949219E-1	0.00000000E+0	0.00000000E+0
-4.00390625E-1	-3.69334994E-5	-3.69334994E-5	-4.00390625E-1	0.00000000E+0	0.00000000E+0
-4.02832031E-1	-3.71778006E-5	-3.71778006E-5	-4.02832031E-1	0.00000000E+0	0.00000000E+0
-4.05273437E-1	-3.74068986E-5	-3.74068986E-5	-4.05273437E-1	0.00000000E+0	0.00000000E+0
-4.07714844E-1	-3.76130010E-5	-3.76130010E-5	-4.07714844E-1	0.00000000E+0	0.00000000E+0
-4.10156250E-1	-3.78572986E-5	-3.78572986E-5	-4.10156250E-1	0.00000000E+0	0.00000000E+0
-4.12597656E-1	-3.80556994E-5	-3.80556994E-5	-4.12597656E-1	0.00000000E+0	0.00000000E+0
-4.15039062E-1	-3.82848011E-5	-3.82848011E-5	-4.15039062E-1	0.00000000E+0	0.00000000E+0
-4.17480469E-1	-3.85062012E-5	-3.85062012E-5	-4.17480469E-1	0.00000000E+0	0.00000000E+0
-4.19921875E-1	-3.87332984E-5	-3.87332984E-5	-4.19921875E-1	0.00000000E+0	0.00000000E+0
-4.22363281E-1	-3.89259985E-5	-3.89259985E-5	-4.22363281E-1	0.00000000E+0	0.00000000E+0
-4.24804687E-1	-3.91627000E-5	-3.91627000E-5	-4.24804687E-1	0.00000000E+0	0.00000000E+0
-4.27246094E-1	-3.93763985E-5	-3.93763985E-5	-4.27246094E-1	0.00000000E+0	0.00000000E+0
-4.29687500E-1	-3.95977986E-5	-3.95977986E-5	-4.29687500E-1	0.00000000E+0	0.00000000E+0
-4.32128906E-1	-3.98115990E-5	-3.98115990E-5	-4.32128906E-1	0.00000000E+0	0.00000000E+0
-4.34570312E-1	-4.00253011E-5	-4.00253011E-5	-4.34570312E-1	0.00000000E+0	0.00000000E+0
-4.37011719E-1	-4.02582009E-5	-4.02582009E-5	-4.37011719E-1	0.00000000E+0	0.00000000E+0
-4.39453125E-1	-4.04833991E-5	-4.04833991E-5	-4.39453125E-1	0.00000000E+0	0.00000000E+0
-4.41894531E-1	-4.07047992E-5	-4.07047992E-5	-4.41894531E-1	0.00000000E+0	0.00000000E+0
-4.44335937E-1	-4.09109016E-5	-4.09109016E-5	-4.44335937E-1	0.00000000E+0	0.00000000E+0
-4.46777344E-1	-4.11246001E-5	-4.11246001E-5	-4.46777344E-1	0.00000000E+0	0.00000000E+0
-4.49218750E-1	-4.13765993E-5	-4.13765993E-5	-4.49218750E-1	0.00000000E+0	0.00000000E+0
-4.51660156E-1	-4.15827017E-5	-4.15827017E-5	-4.51660156E-1	0.00000000E+0	0.00000000E+0
-4.54101562E-1	-4.18041018E-5	-4.18041018E-5	-4.54101562E-1	0.00000000E+0	0.00000000E+0
-4.56542969E-1	-4.20331016E-5	-4.20331016E-5	-4.56542969E-1	0.00000000E+0	0.00000000E+0
-4.58984375E-1	-4.22316007E-5	-4.22316007E-5	-4.58984375E-1	0.00000000E+0	0.00000000E+0
-4.61425781E-1	-4.24511018E-5	-4.24511018E-5	-4.61425781E-1	0.00000000E+0	0.00000000E+0
-4.63867187E-1	-4.26820006E-5	-4.26820006E-5	-4.63867187E-1	0.00000000E+0	0.00000000E+0
-4.66308594E-1	-4.28651983E-5	-4.28651983E-5	-4.66308594E-1	0.00000000E+0	0.00000000E+0
-4.68750000E-1	-4.31094995E-5	-4.31094995E-5	-4.68750000E-1	0.00000000E+0	0.00000000E+0
-4.71191406E-1	-4.33308996E-5	-4.33308996E-5	-4.71191406E-1	0.00000000E+0	0.00000000E+0
-4.73632812E-1	-4.35369984E-5	-4.35369984E-5	-4.73632812E-1	0.00000000E+0	0.00000000E+0
-4.76074219E-1	-4.37698000E-5	-4.37698000E-5	-4.76074219E-1	0.00000000E+0	0.00000000E+0
-4.78515625E-1	-4.39721007E-5	-4.39721007E-5	-4.78515625E-1	0.00000000E+0	0.00000000E+0
-4.80957031E-1	-4.42163982E-5	-4.42163982E-5	-4.80957031E-1	0.00000000E+0	0.00000000E+0
-4.83398437E-1	-4.44301986E-5	-4.44301986E-5	-4.83398437E-1	0.00000000E+0	0.00000000E+0
-4.85839844E-1	-4.46439008E-5	-4.46439008E-5	-4.85839844E-1	0.00000000E+0	0.00000000E+0
-4.88281250E-1	-4.48577011E-5	-4.48577011E-5	-4.88281250E-1	0.00000000E+0	0.00000000E+0
-4.90722656E-1	-4.51019987E-5	-4.51019987E-5	-4.90722656E-1	0.00000000E+0	0.00000000E+0
-4.93164062E-1	-4.53157008E-5	-4.53157008E-5	-4.93164062E-1	0.00000000E+0	0.00000000E+0
-4.90722656E-1	-4.51019987E-5	-4.51019987E-5	-4.90722656E-1	0.00000000E+0	0.00000000E+0
-4.88281250E-1	-4.48577011E-5	-4.48577011E-5	-4.88281250E-1	0.00000000E+0	0.00000000E+0
-4.85839844E-1	-4.46439008E-5	-4.46439008E-5	-4.85839844E-1	0.00000000E+0	0.00000000E+0
-4.83398437E-1	-4.44301986E-5	-4.44301986E-5	-4.83398437E-1	0.00000000E+0	0.00000000E+0
-4.80957031E-1	-4.42163982E-5	-4.42163982E-5	-4.80957031E-1	0.00000000E+0	0.00000000E+0
-4.78515625E-1	-4.40141011E-5	-4.40141011E-5	-4.78515625E-1	0.00000000E+0	0.00000000E+0
-4.76074219E-1	-4.37698000E-5	-4.37698000E-5	-4.76074219E-1	0.00000000E+0	0.00000000E+0
-4.73632812E-1	-4.35369984E-5	-4.35369984E-5	-4.73632812E-1	0.00000000E+0	0.00000000E+0
-4.71191406E-1	-4.33308996E-5	-4.33308996E-5	-4.71191406E-1	0.00000000E+0	0.00000000E+0
-4.68750000E-1	-4.31094995E-5	-4.31094995E-5	-4.68750000E-1	0.00000000E+0	0.00000000E+0
-4.66308594E-1	-4.29034008E-5	-4.29034008E-5	-4.66308594E-1	0.00000000E+0	0.00000000E+0
-4.63867187E-1	-4.26820006E-5	-4.26820006E-5	-4.63867187E-1	0.00000000E+0	0.00000000E+0
-4.61425781E-1	-4.24758982E-5	-4.24758982E-5	-4.61425781E-1	0.00000000E+0	0.00000000E+0
-4.58984375E-1	-4.22621015E-5	-4.22621015E-5	-4.58984375E-1	0.00000000E+0	0.00000000E+0
-4.56542969E-1	-4.20331016E-5	-4.20331016E-5	-4.56542969E-1	0.00000000E+0	0.00000000E+0
-4.54101562E-1	-4.18041018E-5	-4.18041018E-5	-4.54101562E-1	0.00000000E+0	0.00000000E+0
-4.51660156E-1	-4.15827017E-5	-4.15827017E-5	-4.51660156E-1	0.00000000E+0	0.00000000E+0
-4.49218750E-1	-4.13765993E-5	-4.13765993E-5	-4.49218750E-1	0.00000000E+0	0.00000000E+0
-4.46777344E-1	-4.11246001E-5	-4.11246001E-5	-4.46777344E-1	0.00000000E+0	0.00000000E+0
-4.44335937E-1	-4.09109016E-5	-4.09109016E-5	-4.44335937E-1	0.00000000E+0	0.00000000E+0
-4.41894531E-1	-4.07047992E-5	-4.07047992E-5	-4.41894531E-1	0.00000000E+0	0.00000000E+0
-4.39453125E-1	-4.04833991E-5	-4.04833991E-5	-4.39453125E-1	0.00000000E+0	0.00000000E+0
-4.37011719E-1	-4.02582009E-5	-4.02582009E-5	-4.37011719E-1	0.00000000E+0	0.00000000E+0
-4.34570312E-1	-4.00253011E-5	-4.00253011E-5	-4.34570312E-1	0.00000000E+0	0.00000000E+0
-4.32128906E-1	-3.98496995E-5	-3.98496995E-5	-4.32128906E-1	0.00000000E+0	0.00000000E+0
-4.29687500E-1	-3.95977986E-5	-3.95977986E-5	-4.29687500E-1	0.00000000E+0	0.00000000E+0
-4.27246094E-1	-3.93763985E-5	-3.93763985E-5	-4.27246094E-1	0.00000000E+0	0.00000000E+0
-4.24804687E-1	-3.91627000E-5	-3.91627000E-5	-4.24804687E-1	0.00000000E+0	0.00000000E+0
-4.22363281E-1	-3.89259985E-5	-3.89259985E-5	-4.22363281E-1	0.00000000E+0	0.00000000E+0
-4.19921875E-1	-3.87123000E-5	-3.87123000E-5	-4.19921875E-1	0.00000000E+0	0.00000000E+0
-4.17480469E-1	-3.85062012E-5	-3.85062012E-5	-4.17480469E-1	0.00000000E+0	0.00000000E+0
-4.15039062E-1	-3.82848011E-5	-3.82848011E-5	-4.15039062E-1	0.00000000E+0	0.00000000E+0
-4.12597656E-1	-3.80556994E-5	-3.80556994E-5	-4.12597656E-1	0.00000000E+0	0.00000000E+0
-4.10156250E-1	-3.78572986E-5	-3.78572986E-5	-4.10156250E-1	0.00000000E+0	0.00000000E+0
-4.07714844E-1	-3.76130010E-5	-3.76130010E-5	-4.07714844E-1	0.00000000E+0	0.00000000E+0
-4.05273437E-1	-3.74068986E-5	-3.74068986E-5	-4.05273437E-1	0.00000000E+0	0.00000000E+0
-4.02832031E-1	-3.71968999E-5	-3.71968999E-5	-4.02832031E-1	0.00000000E+0	0.00000000E+0
-4.00390625E-1	-3.69717018E-5	-3.69717018E-5	-4.00390625E-1	0.00000000E+0	0.00000000E+0
-3.97949219E-1	-3.67579996E-5	-3.67579996E-5	-3.97949219E-1	0.00000000E+0	0.00000000E+0
-3.95507812E-1	-3.65136984E-5	-3.65136984E-5	-3.95507812E-1	0.00000000E+0	0.00000000E+0
-3.93066406E-1	-3.62999017E-5	-3.62999017E-5	-3.93066406E-1	0.00000000E+0	0.00000000E+0
-3.90625000E-1	-3.60746999E-5	-3.60746999E-5	-3.90625000E-1	0.00000000E+0	0.00000000E+0
-3.88183594E-1	-3.58723992E-5	-3.58723992E-5	-3.88183594E-1	0.00000000E+0	0.00000000E+0
-3.85742187E-1	-3.56281016E-5	-3.56281016E-5	-3.85742187E-1	0.00000000E+0	0.00000000E+0
-3.83300781E-1	-3.54143995E-5	-3.54143995E-5	-3.83300781E-1	0.00000000E+0	0.00000000E+0
-3.80859375E-1	-3.51929993E-5	-3.51929993E-5	-3.80859375E-1	0.00000000E+0	0.00000000E+0
-3.78417969E-1	-3.49715992E-5	-3.49715992E-5	-3.78417969E-1	0.00000000E+0	0.00000000E+0
-3.75976562E-1	-3.47501991E-5	-3.47501991E-5	-3.75976562E-1	0.00000000E+0	0.00000000E+0
-3.73535156E-1	-3.45287990E-5	-3.45287990E-5	-3.73535156E-1	0.00000000E+0	0.00000000E+0
-3.71093750E-1	-3.43073989E-5	-3.43073989E-5	-3.71093750E-1	0.00000000E+0	0.00000000E+0
-3.68652344E-1	-3.41013001E-5	-3.41013001E-5	-3.68652344E-1	0.00000000E+0	0.00000000E+0
-3.66210937E-1	-3.38569989E-5	-3.38569989E-5	-3.66210937E-1	0.00000000E+0	0.00000000E+0
-3.63769531E-1	-3.36738012E-5	-3.36738012E-5	-3.63769531E-1	0.00000000E+0	0.00000000E+0
-3.61328125E-1	-3.34295000E-5	-3.34295000E-5	-3.61328125E-1	0.00000000E+0	0.00000000E+0
-3.58886719E-1	-3.32080999E-5	-3.32080999E-5	-3.58886719E-1	0.00000000E+0	0.00000000E+0
-3.56445312E-1	-3.30020011E-5	-3.30020011E-5	-3.56445312E-1	0.00000000E+0	0.00000000E+0
-3.54003906E-1	-3.27730013E-5	-3.27730013E-5	-3.54003906E-1	0.00000000E+0	0.00000000E+0
-3.51562500E-1	-3.25057990E-5	-3.25057990E-5	-3.51562500E-1	0.00000000E+0	0.00000000E+0
-3.49121094E-1	-3.23034983E-5	-3.23034983E-5	-3.49121094E-1	0.00000000E+0	0.00000000E+0
-3.46679687E-1	-3.21088010E-5	-3.21088010E-5	-3.46679687E-1	0.00000000E+0	0.00000000E+0
-3.44238281E-1	-3.18644998E-5	-3.18644998E-5	-3.44238281E-1	0.00000000E+0	0.00000000E+0
-3.41796875E-1	-3.16508012E-5	-3.16508012E-5	-3.41796875E-1	0.00000000E+0	0.00000000E+0
-3.39355469E-1	-3.14294011E-5	-3.14294011E-5	-3.39355469E-1	0.00000000E+0	0.00000000E+0
-3.36914062E-1	-3.11965996E-5	-3.11965996E-5	-3.36914062E-1	0.00000000E+0	0.00000000E+0
-3.34472656E-1	-3.09903990E-5	-3.09903990E-5	-3.34472656E-1	0.00000000E+0	0.00000000E+0
-3.32031250E-1	-3.07576011E-5	-3.07576011E-5	-3.32031250E-1	0.00000000E+0	0.00000000E+0
-3.29589844E-1	-3.05514986E-5	-3.05514986E-5	-3.29589844E-1	0.00000000E+0	0.00000000E+0
-3.27148437E-1	-3.03225006E-5	-3.03225006E-5	-3.27148437E-1	0.00000000E+0	0.00000000E+0
-3.24707031E-1	-3.01049004E-5	-3.01049004E-5	-3.24707031E-1	0.00000000E+0	0.00000000E+0
-3.22265625E-1	-2.98797004E-5	-2.98797004E-5	-3.22265625E-1	0.00000000E+0	0.00000000E+0
-3.19824219E-1	-2.96507005E-5	-2.96507005E-5	-3.19824219E-1	0.00000000E+0	0.00000000E+0
-3.17382812E-1	-2.94140009E-5	-2.94140009E-5	-3.17382812E-1	0.00000000E+0	0.00000000E+0
-3.14941406E-1	-2.91926008E-5	-2.91926008E-5	-3.14941406E-1	0.00000000E+0	0.00000000E+0
-3.12500000E-1	-2.89635991E-5	-2.89635991E-5	-3.12500000E-1	0.00000000E+0	0.00000000E+0
-3.10058594E-1	-2.87498005E-5	-2.87498005E-5	-3.10058594E-1	0.00000000E+0	0.00000000E+0
-3.07617187E-1	-2.85208007E-5	-2.85208007E-5	-3.07617187E-1	0.00000000E+0	0.00000000E+0
-3.05175781E-1	-2.82918008E-5	-2.82918008E-5	-3.05175781E-1	0.00000000E+0	0.00000000E+0
-3.02734375E-1	-2.80780005E-5	-2.80780005E-5	-3.02734375E-1	0.00000000E+0	0.00000000E+0
-3.00292969E-1	-2.78643001E-5	-2.78643001E-5	-3.00292969E-1	0.00000000E+0	0.00000000E+0
-2.97851562E-1	-2.76504998E-5	-2.76504998E-5	-2.97851562E-1	0.00000000E+0	0.00000000E+0
-2.95410156E-1	-2.74101003E-5	-2.74101003E-5	-2.95410156E-1	0.00000000E+0	0.00000000E+0
-2.92968750E-1	-2.71734007E-5	-2.71734007E-5	-2.92968750E-1	0.00000000E+0	0.00000000E+0
-2.90527344E-1	-2.69786997E-5	-2.69786997E-5	-2.90527344E-1	0.00000000E+0	0.00000000E+0
-2.88085937E-1	-2.67344003E-5	-2.67344003E-5	-2.88085937E-1	0.00000000E+0	0.00000000E+0
-2.85644531E-1	-2.65054005E-5	-2.65054005E-5	-2.85644531E-1	0.00000000E+0	0.00000000E+0
-2.83203125E-1	-2.62917001E-5	-2.62917001E-5	-2.83203125E-1	0.00000000E+0	0.00000000E+0
-2.80761719E-1	-2.60627003E-5	-2.60627003E-5	-2.80761719E-1	0.00000000E+0	0.00000000E+0
-2.78320312E-1	-2.58488999E-5	-2.58488999E-5	-2.78320312E-1	0.00000000E+0	0.00000000E+0
-2.75878906E-1	-2.56046005E-5	-2.56046005E-5	-2.75878906E-1	0.00000000E+0	0.00000000E+0
-2.73437500E-1	-2.53832004E-5	-2.53832004E-5	-2.73437500E-1	0.00000000E+0	0.00000000E+0
-2.70996094E-1	-2.51770998E-5	-2.51770998E-5	-2.70996094E-1	0.00000000E+0	0.00000000E+0
-2.68554687E-1	-2.49556997E-5	-2.49556997E-5	-2.68554687E-1	0.00000000E+0	0.00000000E+0
-2.66113281E-1	-2.47369007E-5	-2.47369007E-5	-2.66113281E-1	0.00000000E+0	0.00000000E+0
-2.63671875E-1	-2.45205993E-5	-2.45205993E-5	-2.63671875E-1	0.00000000E+0	0.00000000E+0
-2.61230469E-1	-2.43068007E-5	-2.43068007E-5	-2.61230469E-1	0.00000000E+0	0.00000000E+0
-2.58789062E-1	-2.40931004E-5	-2.40931004E-5	-2.58789062E-1	0.00000000E+0	0.00000000E+0
-2.56347656E-1	-2.38793000E-5	-2.38793000E-5	-2.56347656E-1	0.00000000E+0	0.00000000E+0
-2.53906250E-1	-2.36503001E-5	-2.36503001E-5	-2.53906250E-1	0.00000000E+0	0.00000000E+0
-2.51464844E-1	-2.34175004E-5	-2.34175004E-5	-2.51464844E-1	0.00000000E+0	0.00000000E+0
-2.49023437E-1	-2.32074999E-5	-2.32074999E-5	-2.49023437E-1	0.00000000E+0	0.00000000E+0
-2.46582031E-1	-2.30013993E-5	-2.30013993E-5	-2.46582031E-1	0.00000000E+0	0.00000000E+0
-2.44140625E-1	-2.27646997E-5	-2.27646997E-5	-2.44140625E-1	0.00000000E+0	0.00000000E+0
-2.41699219E-1	-2.25382992E-5	-2.25382992E-5	-2.41699219E-1	0.00000000E+0	0.00000000E+0
-2.39257812E-1	-2.23219995E-5	-2.23219995E-5	-2.39257812E-1	0.00000000E+0	0.00000000E+0
-2.36816406E-1	-2.21056998E-5	-2.21056998E-5	-2.36816406E-1	0.00000000E+0	0.00000000E+0
-2.34375000E-1	-2.18676996E-5	-2.18676996E-5	-2.34375000E-1	0.00000000E+0	0.00000000E+0
-2.31933594E-1	-2.16654007E-5	-2.16654007E-5	-2.31933594E-1	0.00000000E+0	0.00000000E+0
-2.29492187E-1	-2.14364009E-5	-2.14364009E-5	-2.29492187E-1	0.00000000E+0	0.00000000E+0
-2.27050781E-1	-2.12265004E-5	-2.12265004E-5	-2.27050781E-1	0.00000000E+0	0.00000000E+0
-2.24609375E-1	-2.09936006E-5	-2.09936006E-5	-2.24609375E-1	0.00000000E+0	0.00000000E+0
-2.22167969E-1	-2.07875000E-5	-2.07875000E-5	-2.22167969E-1	0.00000000E+0	0.00000000E+0
-2.19726562E-1	-2.05470005E-5	-2.05470005E-5	-2.19726562E-1	0.00000000E+0	0.00000000E+0
-2.17285156E-1	-2.03218005E-5	-2.03218005E-5	-2.17285156E-1	0.00000000E+0	0.00000000E+0
-2.14843750E-1	-2.01081002E-5	-2.01081002E-5	-2.14843750E-1	0.00000000E+0	0.00000000E+0
-2.12402344E-1	-1.98791004E-5	-1.98791004E-5	-2.12402344E-1	0.00000000E+0	0.00000000E+0
-2.09960937E-1	-1.96550991E-5	-1.96550991E-5	-2.09960937E-1	0.00000000E+0	0.00000000E+0
-2.07519531E-1	-1.94363001E-5	-1.94363001E-5	-2.07519531E-1	0.00000000E+0	0.00000000E+0
-2.05078125E-1	-1.92124007E-5	-1.92124007E-5	-2.05078125E-1	0.00000000E+0	0.00000000E+0
-2.02636719E-1	-1.89883995E-5	-1.89883995E-5	-2.02636719E-1	0.00000000E+0	0.00000000E+0
-2.00195312E-1	-1.87593996E-5	-1.87593996E-5	-2.00195312E-1	0.00000000E+0	0.00000000E+0
-1.97753906E-1	-1.85355002E-5	-1.85355002E-5	-1.97753906E-1	0.00000000E+0	0.00000000E+0
-1.95312500E-1	-1.82950007E-5	-1.82950007E-5	-1.95312500E-1	0.00000000E+0	0.00000000E+0
-1.92871094E-1	-1.80825009E-5	-1.80825009E-5	-1.92871094E-1	0.00000000E+0	0.00000000E+0
-1.90429687E-1	-1.78484006E-5	-1.78484006E-5	-1.90429687E-1	0.00000000E+0	0.00000000E+0
-1.87988281E-1	-1.76397007E-5	-1.76397007E-5	-1.87988281E-1	0.00000000E+0	0.00000000E+0
-1.85546875E-1	-1.74030993E-5	-1.74030993E-5	-1.85546875E-1	0.00000000E+0	0.00000000E+0
-1.83105469E-1	-1.71766005E-5	-1.71766005E-5	-1.83105469E-1	0.00000000E+0	0.00000000E+0
-1.80664062E-1	-1.69476007E-5	-1.69476007E-5	-1.80664062E-1	0.00000000E+0	0.00000000E+0
-1.78222656E-1	-1.67287999E-5	-1.67287999E-5	-1.78222656E-1	0.00000000E+0	0.00000000E+0
-1.75781250E-1	-1.64997000E-5	-1.64997000E-5	-1.75781250E-1	0.00000000E+0	0.00000000E+0
-1.73339844E-1	-1.62758006E-5	-1.62758006E-5	-1.73339844E-1	0.00000000E+0	0.00000000E+0
-1.70898437E-1	-1.60468007E-5	-1.60468007E-5	-1.70898437E-1	0.00000000E+0	0.00000000E+0
-1.68457031E-1	-1.58203002E-5	-1.58203002E-5	-1.68457031E-1	0.00000000E+0	0.00000000E+0
-1.66015625E-1	-1.55810994E-5	-1.55810994E-5	-1.66015625E-1	0.00000000E+0	0.00000000E+0
-1.63574219E-1	-1.53596993E-5	-1.53596993E-5	-1.63574219E-1	0.00000000E+0	0.00000000E+0
-1.61132812E-1	-1.51230997E-5	-1.51230997E-5	-1.61132812E-1	0.00000000E+0	0.00000000E+0
-1.58691406E-1	-1.49016996E-5	-1.49016996E-5	-1.58691406E-1	0.00000000E+0	0.00000000E+0
-1.56250000E-1	-1.46725997E-5	-1.46725997E-5	-1.56250000E-1	0.00000000E+0	0.00000000E+0
-1.53808594E-1	-1.44473997E-5	-1.44473997E-5	-1.53808594E-1	0.00000000E+0	0.00000000E+0
-1.51367187E-1	-1.42164999E-5	-1.42164999E-5	-1.51367187E-1	0.00000000E+0	0.00000000E+0
-1.48925781E-1	-1.39931999E-5	-1.39931999E-5	-1.48925781E-1	0.00000000E+0	0.00000000E+0
-1.46484375E-1	-1.37566003E-5	-1.37566003E-5	-1.46484375E-1	0.00000000E+0	0.00000000E+0
-1.44042969E-1	-1.35326000E-5	-1.35326000E-5	-1.44042969E-1	0.00000000E+0	0.00000000E+0
-1.41601562E-1	-1.33081003E-5	-1.33081003E-5	-1.41601562E-1	0.00000000E+0	0.00000000E+0
-1.39160156E-1	-1.30796998E-5	-1.30796998E-5	-1.39160156E-1	0.00000000E+0	0.00000000E+0
-1.36718750E-1	-1.28504998E-5	-1.28504998E-5	-1.36718750E-1	0.00000000E+0	0.00000000E+0
-1.34277344E-1	-1.26368996E-5	-1.26368996E-5	-1.34277344E-1	0.00000000E+0	0.00000000E+0
-1.31835937E-1	-1.24058997E-5	-1.24058997E-5	-1.31835937E-1	0.00000000E+0	0.00000000E+0
-1.29394531E-1	-1.21843004E-5	-1.21843004E-5	-1.29394531E-1	0.00000000E+0	0.00000000E+0
-1.26953125E-1	-1.19528004E-5	-1.19528004E-5	-1.26953125E-1	0.00000000E+0	0.00000000E+0
-1.24511719E-1	-1.17298996E-5	-1.17298996E-5	-1.24511719E-1	0.00000000E+0	0.00000000E+0
-1.22070312E-1	-1.14994000E-5	-1.14994000E-5	-1.22070312E-1	0.00000000E+0	0.00000000E+0
-1.19628906E-1	-1.12773996E-5	-1.12773996E-5	-1.19628906E-1	0.00000000E+0	0.00000000E+0
-1.17187500E-1	-1.10381998E-5	-1.10381998E-5	-1.17187500E-1	0.00000000E+0	0.00000000E+0
-1.14746094E-1	-1.08198001E-5	-1.08198001E-5	-1.14746094E-1	0.00000000E+0	0.00000000E+0
-1.12304687E-1	-1.05889003E-5	-1.05889003E-5	-1.12304687E-1	0.00000000E+0	0.00000000E+0
-1.09863281E-1	-1.03729999E-5	-1.03729999E-5	-1.09863281E-1	0.00000000E+0	0.00000000E+0
-1.07421875E-1	-1.01389996E-5	-1.01389996E-5	-1.07421875E-1	0.00000000E+0	0.00000000E+0
-1.04980469E-1	-9.91578963E-6	-9.91578963E-6	-1.04980469E-1	0.00000000E+0	0.00000000E+0
-1.02539062E-1	-9.68567019E-6	-9.68567019E-6	-1.02539062E-1	0.00000000E+0	0.00000000E+0
-1.00097656E-1	-9.46165983E-6	-9.46165983E-6	-1.00097656E-1	0.00000000E+0	0.00000000E+0
-9.76562500E-2	-9.23154039E-6	-9.23154039E-6	-9.76562500E-2	0.00000000E+0	0.00000000E+0
-9.52148438E-2	-9.01095973E-6	-9.01095973E-6	-9.52148438E-2	0.00000000E+0	0.00000000E+0
-9.27734375E-2	-8.77855018E-6	-8.77855018E-6	-9.27734375E-2	0.00000000E+0	0.00000000E+0
-9.03320313E-2	-8.55797043E-6	-8.55797043E-6	-9.03320313E-2	0.00000000E+0	0.00000000E+0
-8.78906250E-2	-8.31906982E-6	-8.31906982E-6	-8.78906250E-2	0.00000000E+0	0.00000000E+0
-8.54492188E-2	-8.09277026E-6	-8.09277026E-6	-8.54492188E-2	0.00000000E+0	0.00000000E+0
-8.30078125E-2	-7.86263990E-6	-7.86263990E-6	-8.30078125E-2	0.00000000E+0	0.00000000E+0
-8.05664063E-2	-7.63328990E-6	-7.63328990E-6	-8.05664063E-2	0.00000000E+0	0.00000000E+0
-7.81250000E-2	-7.39667985E-6	-7.39667985E-6	-7.81250000E-2	0.00000000E+0	0.00000000E+0
-7.56835938E-2	-7.17534022E-6	-7.17534022E-6	-7.56835938E-2	0.00000000E+0	0.00000000E+0
-7.32421875E-2	-6.94254004E-6	-6.94254004E-6	-7.32421875E-2	0.00000000E+0	0.00000000E+0
-7.08007813E-2	-6.71967018E-6	-6.71967018E-6	-7.08007813E-2	0.00000000E+0	0.00000000E+0
-6.83593750E-2	-6.48229980E-6	-6.48229980E-6	-6.83593750E-2	0.00000000E+0	0.00000000E+0
-6.59179688E-2	-6.25981011E-6	-6.25981011E-6	-6.59179688E-2	0.00000000E+0	0.00000000E+0
-6.34765625E-2	-6.02358978E-6	-6.02358978E-6	-6.34765625E-2	0.00000000E+0	0.00000000E+0
-6.10351563E-2	-5.79155994E-6	-5.79155994E-6	-6.10351563E-2	0.00000000E+0	0.00000000E+0
-5.85937500E-2	-5.55648012E-6	-5.55648012E-6	-5.85937500E-2	0.00000000E+0	0.00000000E+0
-5.61523438E-2	-5.33208004E-6	-5.33208004E-6	-5.61523438E-2	0.00000000E+0	0.00000000E+0
-5.37109375E-2	-5.09891015E-6	-5.09891015E-6	-5.37109375E-2	0.00000000E+0	0.00000000E+0
-5.12695313E-2	-4.87107991E-6	-4.87107991E-6	-5.12695313E-2	0.00000000E+0	0.00000000E+0
-4.88281250E-2	-4.63294009E-6	-4.63294009E-6	-4.88281250E-2	0.00000000E+0	0.00000000E+0
-4.63867188E-2	-4.40244003E-6	-4.40244003E-6	-4.63867188E-2	0.00000000E+0	0.00000000E+0
-4.39453125E-2	-4.16812009E-6	-4.16812009E-6	-4.39453125E-2	0.00000000E+0	0.00000000E+0
-4.15039063E-2	-3.93837990E-6	-3.93837990E-6	-4.15039063E-2	0.00000000E+0	0.00000000E+0
-3.90625000E-2	-3.69795998E-6	-3.69795998E-6	-3.90625000E-2	0.00000000E+0	0.00000000E+0
-3.66210938E-2	-3.47547007E-6	-3.47547007E-6	-3.66210938E-2	0.00000000E+0	0.00000000E+0
-3.41796875E-2	-3.24344001E-6	-3.24344001E-6	-3.41796875E-2	0.00000000E+0	0.00000000E+0
-3.17382813E-2	-3.01560999E-6	-3.01560999E-6	-3.17382813E-2	0.00000000E+0	0.00000000E+0
-2.92968750E-2	-2.78129005E-6	-2.78129005E-6	-2.92968750E-2	0.00000000E+0	0.00000000E+0
-2.68554688E-2	-2.55536997E-6	-2.55536997E-6	-2.68554688E-2	0.00000000E+0	0.00000000E+0
-2.44140625E-2	-2.32333991E-6	-2.32333991E-6	-2.44140625E-2	0.00000000E+0	0.00000000E+0
-2.19726563E-2	-2.09359996E-6	-2.09359996E-6	-2.19726563E-2	0.00000000E+0	0.00000000E+0
-1.95312500E-2	-1.86081002E-6	-1.86081002E-6	-1.95312500E-2	0.00000000E+0	0.00000000E+0
-1.70898438E-2	-1.63641005E-6	-1.63641005E-6	-1.70898438E-2	0.00000000E+0	0.00000000E+0
-1.46484375E-2	-1.40437999E-6	-1.40437999E-6	-1.46484375E-2	0.00000000E+0	0.00000000E+0
-1.22070313E-2	-1.17908996E-6	-1.17908996E-6	-1.22070313E-2	0.00000000E+0	0.00000000E+0
-9.76562500E-3	-9.45484999E-7	-9.45484999E-7	-9.76562500E-3	0.00000000E+0	0.00000000E+0
-7.32421875E-3	-7.21808988E-7	-7.21808988E-7	-7.32421875E-3	0.00000000E+0	0.00000000E+0
-4.88281250E-3	-4.90573996E-7	-4.90573996E-7	-4.88281250E-3	0.00000000E+0	0.00000000E+0
-2.44140625E-3	-2.67661989E-7	-2.67661989E-7	-2.44140625E-3	0.00000000E+0	0.00000000E+0
0.00000000E+0	-3.69359014E-8	-3.69359014E-8	0.00000000E+0	0.00000000E+0	0.00000000E+0
