Date: do 28 mrt 2013, Material: Au, Temp: 4.2 K
AO1 - module gain: 1.0E+0, R_out: 0.0
AO2 - module gain: 1.0E+2
MUX1 - ADC gain: 4, logarithmic amplifier: D:\LabVIEW Data\Lithographic MCBJ\MED24_070412.TXT, R_in: 0.000
MUX2 - ADC gain: 4, linear amplifier: 1.000000 x 1e10 V/A, R_in: 1.000
Breaking trace: 15 0
Axis position: -884.029472
Vbias (V)	<I> and Ii MUX1 (A)	Vbias (V)	<I> and Ii MUX2 (A)
@
0.00000000E+0	-3.53013008E-10	-3.53013008E-10	0.00000000E+0	0.00000000E+0	0.00000000E+0
2.44140625E-3	1.99152006E-9	1.99152006E-9	2.44140625E-3	0.00000000E+0	0.00000000E+0
4.88281250E-3	5.34893996E-9	5.34893996E-9	4.88281250E-3	0.00000000E+0	0.00000000E+0
7.32421875E-3	8.73672956E-9	8.73672956E-9	7.32421875E-3	0.00000000E+0	0.00000000E+0
9.76562500E-3	1.23844002E-8	1.23844002E-8	9.76562500E-3	0.00000000E+0	0.00000000E+0
1.22070313E-2	1.60711000E-8	1.60711000E-8	1.22070313E-2	0.00000000E+0	0.00000000E+0
1.46484375E-2	1.98938999E-8	1.98938999E-8	1.46484375E-2	0.00000000E+0	0.00000000E+0
1.70898438E-2	2.37471998E-8	2.37471998E-8	1.70898438E-2	0.00000000E+0	0.00000000E+0
1.95312500E-2	2.77421002E-8	2.77421002E-8	1.95312500E-2	0.00000000E+0	0.00000000E+0
2.19726563E-2	3.16031006E-8	3.16031006E-8	2.19726563E-2	0.00000000E+0	0.00000000E+0
2.44140625E-2	3.55597010E-8	3.55597010E-8	2.44140625E-2	0.00000000E+0	0.00000000E+0
2.68554688E-2	3.94513009E-8	3.94513009E-8	2.68554688E-2	0.00000000E+0	0.00000000E+0
2.92968750E-2	4.34957990E-8	4.34957990E-8	2.92968750E-2	0.00000000E+0	0.00000000E+0
3.17382813E-2	4.72956998E-8	4.72956998E-8	3.17382813E-2	0.00000000E+0	0.00000000E+0
3.41796875E-2	5.13402014E-8	5.13402014E-8	3.41796875E-2	0.00000000E+0	0.00000000E+0
3.66210938E-2	5.52776989E-8	5.52776989E-8	3.66210938E-2	0.00000000E+0	0.00000000E+0
3.90625000E-2	5.93374985E-8	5.93374985E-8	3.90625000E-2	0.00000000E+0	0.00000000E+0
4.15039063E-2	6.33171027E-8	6.33171027E-8	4.15039063E-2	0.00000000E+0	0.00000000E+0
4.39453125E-2	3.47454012E-8	3.47454012E-8	4.39453125E-2	0.00000000E+0	0.00000000E+0
4.63867188E-2	4.40462991E-8	4.40462991E-8	4.63867188E-2	0.00000000E+0	0.00000000E+0
4.88281250E-2	3.98182998E-8	3.98182998E-8	4.88281250E-2	0.00000000E+0	0.00000000E+0
5.12695313E-2	3.39999993E-8	3.39999993E-8	5.12695313E-2	0.00000000E+0	0.00000000E+0
5.37109375E-2	2.98942986E-8	2.98942986E-8	5.37109375E-2	0.00000000E+0	0.00000000E+0
5.61523438E-2	2.71228000E-8	2.71228000E-8	5.61523438E-2	0.00000000E+0	0.00000000E+0
5.85937500E-2	2.50126000E-8	2.50126000E-8	5.85937500E-2	0.00000000E+0	0.00000000E+0
6.10351563E-2	2.33445991E-8	2.33445991E-8	6.10351563E-2	0.00000000E+0	0.00000000E+0
6.34765625E-2	2.21799006E-8	2.21799006E-8	6.34765625E-2	0.00000000E+0	0.00000000E+0
6.59179688E-2	2.15681997E-8	2.15681997E-8	6.59179688E-2	0.00000000E+0	0.00000000E+0
6.83593750E-2	2.11285993E-8	2.11285993E-8	6.83593750E-2	0.00000000E+0	0.00000000E+0
7.08007813E-2	2.10483009E-8	2.10483009E-8	7.08007813E-2	0.00000000E+0	0.00000000E+0
7.32421875E-2	2.12013003E-8	2.12013003E-8	7.32421875E-2	0.00000000E+0	0.00000000E+0
7.56835938E-2	2.14956000E-8	2.14956000E-8	7.56835938E-2	0.00000000E+0	0.00000000E+0
7.81250000E-2	2.19963994E-8	2.19963994E-8	7.81250000E-2	0.00000000E+0	0.00000000E+0
8.05664063E-2	2.17212008E-8	2.17212008E-8	8.05664063E-2	0.00000000E+0	0.00000000E+0
8.30078125E-2	2.23251995E-8	2.23251995E-8	8.30078125E-2	0.00000000E+0	0.00000000E+0
8.54492188E-2	2.29444996E-8	2.29444996E-8	8.54492188E-2	0.00000000E+0	0.00000000E+0
8.78906250E-2	2.36783997E-8	2.36783997E-8	8.78906250E-2	0.00000000E+0	0.00000000E+0
9.03320313E-2	2.44505998E-8	2.44505998E-8	9.03320313E-2	0.00000000E+0	0.00000000E+0
9.27734375E-2	2.48023007E-8	2.48023007E-8	9.27734375E-2	0.00000000E+0	0.00000000E+0
9.52148438E-2	2.48366998E-8	2.48366998E-8	9.52148438E-2	0.00000000E+0	0.00000000E+0
9.76562500E-2	2.56662993E-8	2.56662993E-8	9.76562500E-2	0.00000000E+0	0.00000000E+0
1.00097656E-1	2.62932005E-8	2.62932005E-8	1.00097656E-1	0.00000000E+0	0.00000000E+0
1.02539062E-1	2.73254006E-8	2.73254006E-8	1.02539062E-1	0.00000000E+0	0.00000000E+0
1.04980469E-1	2.77841004E-8	2.77841004E-8	1.04980469E-1	0.00000000E+0	0.00000000E+0
1.07421875E-1	2.91296995E-8	2.91296995E-8	1.07421875E-1	0.00000000E+0	0.00000000E+0
1.09863281E-1	2.99096001E-8	2.99096001E-8	1.09863281E-1	0.00000000E+0	0.00000000E+0
1.12304687E-1	3.08653014E-8	3.08653014E-8	1.12304687E-1	0.00000000E+0	0.00000000E+0
1.14746094E-1	3.18285984E-8	3.18285984E-8	1.14746094E-1	0.00000000E+0	0.00000000E+0
1.17187500E-1	3.27576011E-8	3.27576011E-8	1.17187500E-1	0.00000000E+0	0.00000000E+0
1.19628906E-1	3.37782993E-8	3.37782993E-8	1.19628906E-1	0.00000000E+0	0.00000000E+0
1.22070312E-1	3.52309009E-8	3.52309009E-8	1.22070312E-1	0.00000000E+0	0.00000000E+0
1.24511719E-1	3.61408006E-8	3.61408006E-8	1.24511719E-1	0.00000000E+0	0.00000000E+0
1.26953125E-1	3.72417013E-8	3.72417013E-8	1.26953125E-1	0.00000000E+0	0.00000000E+0
1.29394531E-1	3.75933986E-8	3.75933986E-8	1.29394531E-1	0.00000000E+0	0.00000000E+0
1.31835937E-1	3.92218986E-8	3.92218986E-8	1.31835937E-1	0.00000000E+0	0.00000000E+0
1.34277344E-1	4.01852986E-8	4.01852986E-8	1.34277344E-1	0.00000000E+0	0.00000000E+0
1.36718750E-1	4.07434015E-8	4.07434015E-8	1.36718750E-1	0.00000000E+0	0.00000000E+0
1.39160156E-1	4.12097982E-8	4.12097982E-8	1.39160156E-1	0.00000000E+0	0.00000000E+0
1.41601562E-1	4.21425987E-8	4.21425987E-8	1.41601562E-1	0.00000000E+0	0.00000000E+0
1.44042969E-1	4.29396003E-8	4.29396003E-8	1.44042969E-1	0.00000000E+0	0.00000000E+0
1.46484375E-1	4.36411014E-8	4.36411014E-8	1.46484375E-1	0.00000000E+0	0.00000000E+0
1.48925781E-1	4.46771011E-8	4.46771011E-8	1.48925781E-1	0.00000000E+0	0.00000000E+0
1.51367187E-1	4.58507010E-8	4.58507010E-8	1.51367187E-1	0.00000000E+0	0.00000000E+0
1.53808594E-1	4.57588989E-8	4.57588989E-8	1.53808594E-1	0.00000000E+0	0.00000000E+0
1.56250000E-1	4.67757992E-8	4.67757992E-8	1.56250000E-1	0.00000000E+0	0.00000000E+0
1.58691406E-1	4.78156004E-8	4.78156004E-8	1.58691406E-1	0.00000000E+0	0.00000000E+0
1.61132812E-1	4.83049014E-8	4.83049014E-8	1.61132812E-1	0.00000000E+0	0.00000000E+0
1.63574219E-1	4.90388992E-8	4.90388992E-8	1.63574219E-1	0.00000000E+0	0.00000000E+0
1.66015625E-1	5.02009989E-8	5.02009989E-8	1.66015625E-1	0.00000000E+0	0.00000000E+0
1.68457031E-1	5.08509004E-8	5.08509004E-8	1.68457031E-1	0.00000000E+0	0.00000000E+0
1.70898437E-1	5.17626013E-8	5.17626013E-8	1.70898437E-1	0.00000000E+0	0.00000000E+0
1.73339844E-1	5.23493995E-8	5.23493995E-8	1.73339844E-1	0.00000000E+0	0.00000000E+0
1.75781250E-1	5.33127995E-8	5.33127995E-8	1.75781250E-1	0.00000000E+0	0.00000000E+0
1.78222656E-1	5.38365015E-8	5.38365015E-8	1.78222656E-1	0.00000000E+0	0.00000000E+0
1.80664062E-1	5.44863994E-8	5.44863994E-8	1.80664062E-1	0.00000000E+0	0.00000000E+0
1.83105469E-1	5.54765016E-8	5.54765016E-8	1.83105469E-1	0.00000000E+0	0.00000000E+0
1.85546875E-1	5.59963986E-8	5.59963986E-8	1.85546875E-1	0.00000000E+0	0.00000000E+0
1.87988281E-1	5.65660017E-8	5.65660017E-8	1.87988281E-1	0.00000000E+0	0.00000000E+0
1.90429687E-1	5.75446002E-8	5.75446002E-8	1.90429687E-1	0.00000000E+0	0.00000000E+0
1.92871094E-1	5.81525015E-8	5.81525015E-8	1.92871094E-1	0.00000000E+0	0.00000000E+0
1.95312500E-1	5.90316986E-8	5.90316986E-8	1.95312500E-1	0.00000000E+0	0.00000000E+0
1.97753906E-1	5.96280998E-8	5.96280998E-8	1.97753906E-1	0.00000000E+0	0.00000000E+0
2.00195312E-1	6.03849983E-8	6.03849983E-8	2.00195312E-1	0.00000000E+0	0.00000000E+0
2.02636719E-1	6.10119031E-8	6.10119031E-8	2.02636719E-1	0.00000000E+0	0.00000000E+0
2.05078125E-1	6.17497022E-8	6.17497022E-8	2.05078125E-1	0.00000000E+0	0.00000000E+0
2.07519531E-1	6.23384011E-8	6.23384011E-8	2.07519531E-1	0.00000000E+0	0.00000000E+0
2.09960937E-1	6.30073984E-8	6.30073984E-8	2.09960937E-1	0.00000000E+0	0.00000000E+0
2.12402344E-1	6.39783977E-8	6.39783977E-8	2.12402344E-1	0.00000000E+0	0.00000000E+0
2.14843750E-1	6.46933032E-8	6.46933032E-8	2.14843750E-1	0.00000000E+0	0.00000000E+0
2.17285156E-1	6.53852013E-8	6.53852013E-8	2.17285156E-1	0.00000000E+0	0.00000000E+0
2.19726562E-1	6.60045032E-8	6.60045032E-8	2.19726562E-1	0.00000000E+0	0.00000000E+0
2.22167969E-1	6.66161029E-8	6.66161029E-8	2.22167969E-1	0.00000000E+0	0.00000000E+0
2.24609375E-1	6.75489034E-8	6.75489034E-8	2.24609375E-1	0.00000000E+0	0.00000000E+0
2.27050781E-1	6.82676031E-8	6.82676031E-8	2.27050781E-1	0.00000000E+0	0.00000000E+0
2.29492187E-1	6.89097988E-8	6.89097988E-8	2.29492187E-1	0.00000000E+0	0.00000000E+0
2.31933594E-1	6.96437965E-8	6.96437965E-8	2.31933594E-1	0.00000000E+0	0.00000000E+0
2.34375000E-1	7.01866014E-8	7.01866014E-8	2.34375000E-1	0.00000000E+0	0.00000000E+0
2.36816406E-1	7.08288965E-8	7.08288965E-8	2.36816406E-1	0.00000000E+0	0.00000000E+0
2.39257812E-1	7.14749007E-8	7.14749007E-8	2.39257812E-1	0.00000000E+0	0.00000000E+0
2.41699219E-1	7.24115026E-8	7.24115026E-8	2.41699219E-1	0.00000000E+0	0.00000000E+0
2.44140625E-1	7.31684011E-8	7.31684011E-8	2.44140625E-1	0.00000000E+0	0.00000000E+0
2.46582031E-1	7.38335970E-8	7.38335970E-8	2.46582031E-1	0.00000000E+0	0.00000000E+0
2.49023437E-1	7.44528990E-8	7.44528990E-8	2.49023437E-1	0.00000000E+0	0.00000000E+0
2.51464844E-1	7.49690017E-8	7.49690017E-8	2.51464844E-1	0.00000000E+0	0.00000000E+0
2.53906250E-1	7.57028999E-8	7.57028999E-8	2.53906250E-1	0.00000000E+0	0.00000000E+0
2.56347656E-1	7.65018981E-8	7.65018981E-8	2.56347656E-1	0.00000000E+0	0.00000000E+0
2.58789062E-1	7.73046978E-8	7.73046978E-8	2.58789062E-1	0.00000000E+0	0.00000000E+0
2.61230469E-1	7.77864031E-8	7.77864031E-8	2.61230469E-1	0.00000000E+0	0.00000000E+0
2.63671875E-1	7.87037990E-8	7.87037990E-8	2.63671875E-1	0.00000000E+0	0.00000000E+0
2.66113281E-1	7.95715991E-8	7.95715991E-8	2.66113281E-1	0.00000000E+0	0.00000000E+0
2.68554687E-1	8.04012004E-8	8.04012004E-8	2.68554687E-1	0.00000000E+0	0.00000000E+0
2.70996094E-1	8.09516010E-8	8.09516010E-8	2.70996094E-1	0.00000000E+0	0.00000000E+0
2.73437500E-1	8.17467978E-8	8.17467978E-8	2.73437500E-1	0.00000000E+0	0.00000000E+0
2.75878906E-1	8.22437016E-8	8.22437016E-8	2.75878906E-1	0.00000000E+0	0.00000000E+0
2.78320312E-1	8.31000975E-8	8.31000975E-8	2.78320312E-1	0.00000000E+0	0.00000000E+0
2.80761719E-1	8.39295993E-8	8.39295993E-8	2.80761719E-1	0.00000000E+0	0.00000000E+0
2.83203125E-1	8.47973993E-8	8.47973993E-8	2.83203125E-1	0.00000000E+0	0.00000000E+0
2.85644531E-1	8.55059028E-8	8.55059028E-8	2.85644531E-1	0.00000000E+0	0.00000000E+0
2.88085937E-1	8.63799983E-8	8.63799983E-8	2.88085937E-1	0.00000000E+0	0.00000000E+0
2.90527344E-1	8.70452013E-8	8.70452013E-8	2.90527344E-1	0.00000000E+0	0.00000000E+0
2.92968750E-1	8.78211992E-8	8.78211992E-8	2.92968750E-1	0.00000000E+0	0.00000000E+0
2.95410156E-1	8.86355025E-8	8.86355025E-8	2.95410156E-1	0.00000000E+0	0.00000000E+0
2.97851562E-1	8.95146997E-8	8.95146997E-8	2.97851562E-1	0.00000000E+0	0.00000000E+0
3.00292969E-1	9.00117030E-8	9.00117030E-8	3.00292969E-1	0.00000000E+0	0.00000000E+0
3.02734375E-1	9.09902980E-8	9.09902980E-8	3.02734375E-1	0.00000000E+0	0.00000000E+0
3.05175781E-1	9.17587002E-8	9.17587002E-8	3.05175781E-1	0.00000000E+0	0.00000000E+0
3.07617187E-1	9.25271024E-8	9.25271024E-8	3.07617187E-1	0.00000000E+0	0.00000000E+0
3.10058594E-1	9.31999011E-8	9.31999011E-8	3.10058594E-1	0.00000000E+0	0.00000000E+0
3.12500000E-1	9.41556024E-8	9.41556024E-8	3.12500000E-1	0.00000000E+0	0.00000000E+0
3.14941406E-1	9.49966008E-8	9.49966008E-8	3.14941406E-1	0.00000000E+0	0.00000000E+0
3.17382812E-1	9.58719966E-8	9.58719966E-8	3.17382812E-1	0.00000000E+0	0.00000000E+0
3.19824219E-1	9.64569011E-8	9.64569011E-8	3.19824219E-1	0.00000000E+0	0.00000000E+0
3.22265625E-1	9.74088010E-8	9.74088010E-8	3.22265625E-1	0.00000000E+0	0.00000000E+0
3.24707031E-1	9.80815997E-8	9.80815997E-8	3.24707031E-1	0.00000000E+0	0.00000000E+0
3.27148437E-1	9.89416975E-8	9.89416975E-8	3.27148437E-1	0.00000000E+0	0.00000000E+0
3.29589844E-1	9.96194984E-8	9.96194984E-8	3.29589844E-1	0.00000000E+0	0.00000000E+0
3.32031250E-1	1.00229002E-7	1.00229002E-7	3.32031250E-1	0.00000000E+0	0.00000000E+0
3.34472656E-1	1.01147997E-7	1.01147997E-7	3.34472656E-1	0.00000000E+0	0.00000000E+0
3.36914062E-1	1.02057001E-7	1.02057001E-7	3.36914062E-1	0.00000000E+0	0.00000000E+0
3.39355469E-1	1.02660003E-7	1.02660003E-7	3.39355469E-1	0.00000000E+0	0.00000000E+0
3.41796875E-1	1.03524002E-7	1.03524002E-7	3.41796875E-1	0.00000000E+0	0.00000000E+0
3.44238281E-1	1.04252003E-7	1.04252003E-7	3.44238281E-1	0.00000000E+0	0.00000000E+0
3.46679687E-1	1.05182998E-7	1.05182998E-7	3.46679687E-1	0.00000000E+0	0.00000000E+0
3.49121094E-1	1.05836001E-7	1.05836001E-7	3.49121094E-1	0.00000000E+0	0.00000000E+0
3.51562500E-1	1.06492003E-7	1.06492003E-7	3.51562500E-1	0.00000000E+0	0.00000000E+0
3.54003906E-1	1.07597003E-7	1.07597003E-7	3.54003906E-1	0.00000000E+0	0.00000000E+0
3.56445312E-1	1.07966997E-7	1.07966997E-7	3.56445312E-1	0.00000000E+0	0.00000000E+0
3.58886719E-1	1.08709003E-7	1.08709003E-7	3.58886719E-1	0.00000000E+0	0.00000000E+0
3.61328125E-1	1.09569001E-7	1.09569001E-7	3.61328125E-1	0.00000000E+0	0.00000000E+0
3.63769531E-1	1.10442997E-7	1.10442997E-7	3.63769531E-1	0.00000000E+0	0.00000000E+0
3.66210937E-1	1.11230001E-7	1.11230001E-7	3.66210937E-1	0.00000000E+0	0.00000000E+0
3.68652344E-1	1.11989003E-7	1.11989003E-7	3.68652344E-1	0.00000000E+0	0.00000000E+0
3.71093750E-1	1.12643001E-7	1.12643001E-7	3.71093750E-1	0.00000000E+0	0.00000000E+0
3.73535156E-1	1.13235998E-7	1.13235998E-7	3.73535156E-1	0.00000000E+0	0.00000000E+0
3.75976562E-1	1.13954002E-7	1.13954002E-7	3.75976562E-1	0.00000000E+0	0.00000000E+0
3.78417969E-1	1.14461997E-7	1.14461997E-7	3.78417969E-1	0.00000000E+0	0.00000000E+0
3.80859375E-1	1.15589998E-7	1.15589998E-7	3.80859375E-1	0.00000000E+0	0.00000000E+0
3.83300781E-1	1.16152002E-7	1.16152002E-7	3.83300781E-1	0.00000000E+0	0.00000000E+0
3.85742187E-1	1.16646000E-7	1.16646000E-7	3.85742187E-1	0.00000000E+0	0.00000000E+0
3.88183594E-1	1.17667000E-7	1.17667000E-7	3.88183594E-1	0.00000000E+0	0.00000000E+0
3.90625000E-1	1.18239001E-7	1.18239001E-7	3.90625000E-1	0.00000000E+0	0.00000000E+0
3.93066406E-1	1.19131002E-7	1.19131002E-7	3.93066406E-1	0.00000000E+0	0.00000000E+0
3.95507812E-1	1.19852004E-7	1.19852004E-7	3.95507812E-1	0.00000000E+0	0.00000000E+0
3.97949219E-1	1.20536995E-7	1.20536995E-7	3.97949219E-1	0.00000000E+0	0.00000000E+0
4.00390625E-1	1.21099006E-7	1.21099006E-7	4.00390625E-1	0.00000000E+0	0.00000000E+0
4.02832031E-1	1.21777006E-7	1.21777006E-7	4.02832031E-1	0.00000000E+0	0.00000000E+0
4.05273437E-1	1.22759999E-7	1.22759999E-7	4.05273437E-1	0.00000000E+0	0.00000000E+0
4.07714844E-1	1.23434006E-7	1.23434006E-7	4.07714844E-1	0.00000000E+0	0.00000000E+0
4.10156250E-1	1.24205002E-7	1.24205002E-7	4.10156250E-1	0.00000000E+0	0.00000000E+0
4.12597656E-1	1.24817007E-7	1.24817007E-7	4.12597656E-1	0.00000000E+0	0.00000000E+0
4.15039062E-1	1.25488995E-7	1.25488995E-7	4.15039062E-1	0.00000000E+0	0.00000000E+0
4.17480469E-1	1.26255003E-7	1.26255003E-7	4.17480469E-1	0.00000000E+0	0.00000000E+0
4.19921875E-1	1.27057007E-7	1.27057007E-7	4.19921875E-1	0.00000000E+0	0.00000000E+0
4.22363281E-1	1.27882998E-7	1.27882998E-7	4.22363281E-1	0.00000000E+0	0.00000000E+0
4.24804687E-1	1.28601002E-7	1.28601002E-7	4.24804687E-1	0.00000000E+0	0.00000000E+0
4.27246094E-1	1.29392006E-7	1.29392006E-7	4.27246094E-1	0.00000000E+0	0.00000000E+0
4.29687500E-1	1.29859004E-7	1.29859004E-7	4.29687500E-1	0.00000000E+0	0.00000000E+0
4.32128906E-1	1.30662002E-7	1.30662002E-7	4.32128906E-1	0.00000000E+0	0.00000000E+0
4.34570312E-1	1.31730999E-7	1.31730999E-7	4.34570312E-1	0.00000000E+0	0.00000000E+0
4.37011719E-1	1.32113001E-7	1.32113001E-7	4.37011719E-1	0.00000000E+0	0.00000000E+0
4.39453125E-1	1.32953005E-7	1.32953005E-7	4.39453125E-1	0.00000000E+0	0.00000000E+0
4.41894531E-1	1.33887994E-7	1.33887994E-7	4.41894531E-1	0.00000000E+0	0.00000000E+0
4.44335937E-1	1.34786006E-7	1.34786006E-7	4.44335937E-1	0.00000000E+0	0.00000000E+0
4.46777344E-1	1.35804001E-7	1.35804001E-7	4.46777344E-1	0.00000000E+0	0.00000000E+0
4.49218750E-1	1.36771007E-7	1.36771007E-7	4.49218750E-1	0.00000000E+0	0.00000000E+0
4.51660156E-1	1.37458002E-7	1.37458002E-7	4.51660156E-1	0.00000000E+0	0.00000000E+0
4.54101562E-1	1.38068998E-7	1.38068998E-7	4.54101562E-1	0.00000000E+0	0.00000000E+0
4.56542969E-1	1.38966996E-7	1.38966996E-7	4.56542969E-1	0.00000000E+0	0.00000000E+0
4.58984375E-1	1.39673006E-7	1.39673006E-7	4.58984375E-1	0.00000000E+0	0.00000000E+0
4.61425781E-1	1.40188007E-7	1.40188007E-7	4.61425781E-1	0.00000000E+0	0.00000000E+0
4.63867187E-1	1.40970997E-7	1.40970997E-7	4.63867187E-1	0.00000000E+0	0.00000000E+0
4.66308594E-1	1.41811000E-7	1.41811000E-7	4.66308594E-1	0.00000000E+0	0.00000000E+0
4.68750000E-1	1.42345996E-7	1.42345996E-7	4.68750000E-1	0.00000000E+0	0.00000000E+0
4.71191406E-1	1.43364005E-7	1.43364005E-7	4.71191406E-1	0.00000000E+0	0.00000000E+0
4.73632812E-1	1.44102003E-7	1.44102003E-7	4.73632812E-1	0.00000000E+0	0.00000000E+0
4.76074219E-1	1.44885007E-7	1.44885007E-7	4.76074219E-1	0.00000000E+0	0.00000000E+0
4.78515625E-1	1.45781996E-7	1.45781996E-7	4.78515625E-1	0.00000000E+0	0.00000000E+0
4.80957031E-1	1.46622000E-7	1.46622000E-7	4.80957031E-1	0.00000000E+0	0.00000000E+0
4.83398437E-1	1.47690997E-7	1.47690997E-7	4.83398437E-1	0.00000000E+0	0.00000000E+0
4.85839844E-1	1.48455001E-7	1.48455001E-7	4.85839844E-1	0.00000000E+0	0.00000000E+0
4.88281250E-1	1.49447999E-7	1.49447999E-7	4.88281250E-1	0.00000000E+0	0.00000000E+0
4.90722656E-1	1.48149994E-7	1.48149994E-7	4.90722656E-1	0.00000000E+0	0.00000000E+0
4.93164062E-1	1.22421000E-7	1.22421000E-7	4.93164062E-1	0.00000000E+0	0.00000000E+0
4.90722656E-1	1.21685005E-7	1.21685005E-7	4.90722656E-1	0.00000000E+0	0.00000000E+0
4.88281250E-1	1.21254004E-7	1.21254004E-7	4.88281250E-1	0.00000000E+0	0.00000000E+0
4.85839844E-1	1.20447993E-7	1.20447993E-7	4.85839844E-1	0.00000000E+0	0.00000000E+0
4.83398437E-1	1.20026002E-7	1.20026002E-7	4.83398437E-1	0.00000000E+0	0.00000000E+0
4.80957031E-1	1.19131002E-7	1.19131002E-7	4.80957031E-1	0.00000000E+0	0.00000000E+0
4.78515625E-1	1.18309998E-7	1.18309998E-7	4.78515625E-1	0.00000000E+0	0.00000000E+0
4.76074219E-1	1.17829998E-7	1.17829998E-7	4.76074219E-1	0.00000000E+0	0.00000000E+0
4.73632812E-1	1.17245001E-7	1.17245001E-7	4.73632812E-1	0.00000000E+0	0.00000000E+0
4.71191406E-1	1.16572998E-7	1.16572998E-7	4.71191406E-1	0.00000000E+0	0.00000000E+0
4.68750000E-1	1.15963999E-7	1.15963999E-7	4.68750000E-1	0.00000000E+0	0.00000000E+0
4.66308594E-1	1.15131002E-7	1.15131002E-7	4.66308594E-1	0.00000000E+0	0.00000000E+0
4.63867187E-1	1.14814000E-7	1.14814000E-7	4.63867187E-1	0.00000000E+0	0.00000000E+0
4.61425781E-1	1.14033000E-7	1.14033000E-7	4.61425781E-1	0.00000000E+0	0.00000000E+0
4.58984375E-1	1.13544999E-7	1.13544999E-7	4.58984375E-1	0.00000000E+0	0.00000000E+0
4.56542969E-1	1.12711000E-7	1.12711000E-7	4.56542969E-1	0.00000000E+0	0.00000000E+0
4.54101562E-1	1.11932003E-7	1.11932003E-7	4.54101562E-1	0.00000000E+0	0.00000000E+0
4.51660156E-1	1.11230001E-7	1.11230001E-7	4.51660156E-1	0.00000000E+0	0.00000000E+0
4.49218750E-1	1.10808003E-7	1.10808003E-7	4.49218750E-1	0.00000000E+0	0.00000000E+0
4.46777344E-1	1.10203999E-7	1.10203999E-7	4.46777344E-1	0.00000000E+0	0.00000000E+0
4.44335937E-1	1.09372998E-7	1.09372998E-7	4.44335937E-1	0.00000000E+0	0.00000000E+0
4.41894531E-1	1.08709003E-7	1.08709003E-7	4.41894531E-1	0.00000000E+0	0.00000000E+0
4.39453125E-1	1.08320002E-7	1.08320002E-7	4.39453125E-1	0.00000000E+0	0.00000000E+0
4.37011719E-1	1.07744000E-7	1.07744000E-7	4.37011719E-1	0.00000000E+0	0.00000000E+0
4.34570312E-1	1.07011999E-7	1.07011999E-7	4.34570312E-1	0.00000000E+0	0.00000000E+0
4.32128906E-1	1.06492003E-7	1.06492003E-7	4.32128906E-1	0.00000000E+0	0.00000000E+0
4.29687500E-1	1.05910999E-7	1.05910999E-7	4.29687500E-1	0.00000000E+0	0.00000000E+0
4.27246094E-1	1.05182998E-7	1.05182998E-7	4.27246094E-1	0.00000000E+0	0.00000000E+0
4.24804687E-1	1.04461002E-7	1.04461002E-7	4.24804687E-1	0.00000000E+0	0.00000000E+0
4.22363281E-1	1.03662998E-7	1.03662998E-7	4.22363281E-1	0.00000000E+0	0.00000000E+0
4.19921875E-1	1.03170002E-7	1.03170002E-7	4.19921875E-1	0.00000000E+0	0.00000000E+0
4.17480469E-1	1.02592999E-7	1.02592999E-7	4.17480469E-1	0.00000000E+0	0.00000000E+0
4.15039062E-1	1.01852002E-7	1.01852002E-7	4.15039062E-1	0.00000000E+0	0.00000000E+0
4.12597656E-1	1.01086002E-7	1.01086002E-7	4.12597656E-1	0.00000000E+0	0.00000000E+0
4.10156250E-1	1.00670000E-7	1.00670000E-7	4.10156250E-1	0.00000000E+0	0.00000000E+0
4.07714844E-1	1.00165003E-7	1.00165003E-7	4.07714844E-1	0.00000000E+0	0.00000000E+0
4.05273437E-1	9.95496023E-8	9.95496023E-8	4.05273437E-1	0.00000000E+0	0.00000000E+0
4.02832031E-1	9.90870035E-8	9.90870035E-8	4.02832031E-1	0.00000000E+0	0.00000000E+0
4.00390625E-1	9.85977024E-8	9.85977024E-8	4.00390625E-1	0.00000000E+0	0.00000000E+0
3.97949219E-1	9.79503980E-8	9.79503980E-8	3.97949219E-1	0.00000000E+0	0.00000000E+0
3.95507812E-1	9.72597007E-8	9.72597007E-8	3.95507812E-1	0.00000000E+0	0.00000000E+0
3.93066406E-1	9.67264029E-8	9.67264029E-8	3.93066406E-1	0.00000000E+0	0.00000000E+0
3.90625000E-1	9.60746007E-8	9.60746007E-8	3.90625000E-1	0.00000000E+0	0.00000000E+0
3.88183594E-1	9.56693995E-8	9.56693995E-8	3.88183594E-1	0.00000000E+0	0.00000000E+0
3.85742187E-1	9.51341974E-8	9.51341974E-8	3.85742187E-1	0.00000000E+0	0.00000000E+0
3.83300781E-1	9.44817984E-8	9.44817984E-8	3.83300781E-1	0.00000000E+0	0.00000000E+0
3.80859375E-1	9.39645020E-8	9.39645020E-8	3.80859375E-1	0.00000000E+0	0.00000000E+0
3.78417969E-1	9.36204003E-8	9.36204003E-8	3.78417969E-1	0.00000000E+0	0.00000000E+0
3.75976562E-1	9.29551973E-8	9.29551973E-8	3.75976562E-1	0.00000000E+0	0.00000000E+0
3.73535156E-1	9.23206969E-8	9.23206969E-8	3.73535156E-1	0.00000000E+0	0.00000000E+0
3.71093750E-1	9.15585971E-8	9.15585971E-8	3.71093750E-1	0.00000000E+0	0.00000000E+0
3.68652344E-1	9.09252975E-8	9.09252975E-8	3.68652344E-1	0.00000000E+0	0.00000000E+0
3.66210937E-1	9.01645976E-8	9.01645976E-8	3.66210937E-1	0.00000000E+0	0.00000000E+0
3.63769531E-1	8.97594035E-8	8.97594035E-8	3.63769531E-1	0.00000000E+0	0.00000000E+0
3.61328125E-1	8.89871998E-8	8.89871998E-8	3.61328125E-1	0.00000000E+0	0.00000000E+0
3.58886719E-1	8.83882976E-8	8.83882976E-8	3.58886719E-1	0.00000000E+0	0.00000000E+0
3.56445312E-1	8.77180000E-8	8.77180000E-8	3.56445312E-1	0.00000000E+0	0.00000000E+0
3.54003906E-1	8.72402026E-8	8.72402026E-8	3.54003906E-1	0.00000000E+0	0.00000000E+0
3.51562500E-1	8.65532996E-8	8.65532996E-8	3.51562500E-1	0.00000000E+0	0.00000000E+0
3.49121094E-1	8.57990017E-8	8.57990017E-8	3.49121094E-1	0.00000000E+0	0.00000000E+0
3.46679687E-1	8.53937010E-8	8.53937010E-8	3.46679687E-1	0.00000000E+0	0.00000000E+0
3.44238281E-1	8.46827035E-8	8.46827035E-8	3.44238281E-1	0.00000000E+0	0.00000000E+0
3.41796875E-1	8.42468992E-8	8.42468992E-8	3.41796875E-1	0.00000000E+0	0.00000000E+0
3.39355469E-1	8.35052987E-8	8.35052987E-8	3.39355469E-1	0.00000000E+0	0.00000000E+0
3.36914062E-1	8.29509972E-8	8.29509972E-8	3.36914062E-1	0.00000000E+0	0.00000000E+0
3.34472656E-1	8.21901978E-8	8.21901978E-8	3.34472656E-1	0.00000000E+0	0.00000000E+0
3.32031250E-1	8.16894001E-8	8.16894001E-8	3.32031250E-1	0.00000000E+0	0.00000000E+0
3.29589844E-1	8.09516010E-8	8.09516010E-8	3.29589844E-1	0.00000000E+0	0.00000000E+0
3.27148437E-1	8.02788023E-8	8.02788023E-8	3.27148437E-1	0.00000000E+0	0.00000000E+0
3.24707031E-1	7.97322031E-8	7.97322031E-8	3.24707031E-1	0.00000000E+0	0.00000000E+0
3.22265625E-1	7.91740007E-8	7.91740007E-8	3.22265625E-1	0.00000000E+0	0.00000000E+0
3.19824219E-1	7.84438967E-8	7.84438967E-8	3.19824219E-1	0.00000000E+0	0.00000000E+0
3.17382812E-1	7.78819000E-8	7.78819000E-8	3.17382812E-1	0.00000000E+0	0.00000000E+0
3.14941406E-1	7.71746969E-8	7.71746969E-8	3.14941406E-1	0.00000000E+0	0.00000000E+0
3.12500000E-1	7.63261028E-8	7.63261028E-8	3.12500000E-1	0.00000000E+0	0.00000000E+0
3.10058594E-1	7.55308989E-8	7.55308989E-8	3.10058594E-1	0.00000000E+0	0.00000000E+0
3.07617187E-1	7.50262998E-8	7.50262998E-8	3.07617187E-1	0.00000000E+0	0.00000000E+0
3.05175781E-1	7.42961035E-8	7.42961035E-8	3.05175781E-1	0.00000000E+0	0.00000000E+0
3.02734375E-1	7.35354035E-8	7.35354035E-8	3.02734375E-1	0.00000000E+0	0.00000000E+0
3.00292969E-1	7.30614005E-8	7.30614005E-8	3.00292969E-1	0.00000000E+0	0.00000000E+0
2.97851562E-1	7.25147018E-8	7.25147018E-8	2.97851562E-1	0.00000000E+0	0.00000000E+0
2.95410156E-1	7.17158031E-8	7.17158031E-8	2.95410156E-1	0.00000000E+0	0.00000000E+0
2.92968750E-1	7.12110975E-8	7.12110975E-8	2.92968750E-1	0.00000000E+0	0.00000000E+0
2.90527344E-1	7.04657026E-8	7.04657026E-8	2.90527344E-1	0.00000000E+0	0.00000000E+0
2.88085937E-1	6.98807980E-8	6.98807980E-8	2.88085937E-1	0.00000000E+0	0.00000000E+0
2.85644531E-1	6.90627004E-8	6.90627004E-8	2.85644531E-1	0.00000000E+0	0.00000000E+0
2.83203125E-1	6.85428034E-8	6.85428034E-8	2.83203125E-1	0.00000000E+0	0.00000000E+0
2.80761719E-1	6.78815013E-8	6.78815013E-8	2.80761719E-1	0.00000000E+0	0.00000000E+0
2.78320312E-1	6.72698022E-8	6.72698022E-8	2.78320312E-1	0.00000000E+0	0.00000000E+0
2.75878906E-1	6.66619968E-8	6.66619968E-8	2.75878906E-1	0.00000000E+0	0.00000000E+0
2.73437500E-1	6.61344970E-8	6.61344970E-8	2.73437500E-1	0.00000000E+0	0.00000000E+0
2.70996094E-1	6.57941968E-8	6.57941968E-8	2.70996094E-1	0.00000000E+0	0.00000000E+0
2.68554687E-1	6.50259011E-8	6.50259011E-8	2.68554687E-1	0.00000000E+0	0.00000000E+0
2.66113281E-1	6.43454001E-8	6.43454001E-8	2.66113281E-1	0.00000000E+0	0.00000000E+0
2.63671875E-1	6.37146016E-8	6.37146016E-8	2.63671875E-1	0.00000000E+0	0.00000000E+0
2.61230469E-1	6.31833004E-8	6.31833004E-8	2.61230469E-1	0.00000000E+0	0.00000000E+0
2.58789062E-1	6.25793035E-8	6.25793035E-8	2.58789062E-1	0.00000000E+0	0.00000000E+0
2.56347656E-1	6.19522993E-8	6.19522993E-8	2.56347656E-1	0.00000000E+0	0.00000000E+0
2.53906250E-1	6.14133029E-8	6.14133029E-8	2.53906250E-1	0.00000000E+0	0.00000000E+0
2.51464844E-1	6.10119031E-8	6.10119031E-8	2.51464844E-1	0.00000000E+0	0.00000000E+0
2.49023437E-1	6.02932033E-8	6.02932033E-8	2.49023437E-1	0.00000000E+0	0.00000000E+0
2.46582031E-1	5.97121996E-8	5.97121996E-8	2.46582031E-1	0.00000000E+0	0.00000000E+0
2.44140625E-1	5.91540008E-8	5.91540008E-8	2.44140625E-1	0.00000000E+0	0.00000000E+0
2.41699219E-1	5.85805999E-8	5.85805999E-8	2.41699219E-1	0.00000000E+0	0.00000000E+0
2.39257812E-1	5.73725991E-8	5.73725991E-8	2.39257812E-1	0.00000000E+0	0.00000000E+0
2.36816406E-1	5.72503005E-8	5.72503005E-8	2.36816406E-1	0.00000000E+0	0.00000000E+0
2.34375000E-1	5.68526985E-8	5.68526985E-8	2.34375000E-1	0.00000000E+0	0.00000000E+0
2.31933594E-1	5.61874991E-8	5.61874991E-8	2.31933594E-1	0.00000000E+0	0.00000000E+0
2.29492187E-1	5.56293998E-8	5.56293998E-8	2.29492187E-1	0.00000000E+0	0.00000000E+0
2.27050781E-1	5.50865984E-8	5.50865984E-8	2.27050781E-1	0.00000000E+0	0.00000000E+0
2.24609375E-1	5.46736985E-8	5.46736985E-8	2.24609375E-1	0.00000000E+0	0.00000000E+0
2.22167969E-1	5.39779990E-8	5.39779990E-8	2.22167969E-1	0.00000000E+0	0.00000000E+0
2.19726562E-1	5.34503997E-8	5.34503997E-8	2.19726562E-1	0.00000000E+0	0.00000000E+0
2.17285156E-1	5.26437987E-8	5.26437987E-8	2.17285156E-1	0.00000000E+0	0.00000000E+0
2.14843750E-1	5.23036014E-8	5.23036014E-8	2.14843750E-1	0.00000000E+0	0.00000000E+0
2.12402344E-1	5.16155012E-8	5.16155012E-8	2.12402344E-1	0.00000000E+0	0.00000000E+0
2.09960937E-1	5.09311988E-8	5.09311988E-8	2.09960937E-1	0.00000000E+0	0.00000000E+0
2.07519531E-1	5.04666993E-8	5.04666993E-8	2.07519531E-1	0.00000000E+0	0.00000000E+0
2.05078125E-1	5.00175013E-8	5.00175013E-8	2.05078125E-1	0.00000000E+0	0.00000000E+0
2.02636719E-1	4.94059016E-8	4.94059016E-8	2.02636719E-1	0.00000000E+0	0.00000000E+0
2.00195312E-1	4.88706995E-8	4.88706995E-8	2.00195312E-1	0.00000000E+0	0.00000000E+0
1.97753906E-1	4.83049014E-8	4.83049014E-8	1.97753906E-1	0.00000000E+0	0.00000000E+0
1.95312500E-1	4.77544013E-8	4.77544013E-8	1.95312500E-1	0.00000000E+0	0.00000000E+0
1.92871094E-1	4.72040007E-8	4.72040007E-8	1.92871094E-1	0.00000000E+0	0.00000000E+0
1.90429687E-1	4.65234997E-8	4.65234997E-8	1.90429687E-1	0.00000000E+0	0.00000000E+0
1.87988281E-1	4.58965985E-8	4.58965985E-8	1.87988281E-1	0.00000000E+0	0.00000000E+0
1.85546875E-1	4.53308004E-8	4.53308004E-8	1.85546875E-1	0.00000000E+0	0.00000000E+0
1.83105469E-1	4.48892017E-8	4.48892017E-8	1.83105469E-1	0.00000000E+0	0.00000000E+0
1.80664062E-1	4.42909993E-8	4.42909993E-8	1.80664062E-1	0.00000000E+0	0.00000000E+0
1.78222656E-1	4.36793002E-8	4.36793002E-8	1.78222656E-1	0.00000000E+0	0.00000000E+0
1.75781250E-1	4.22343014E-8	4.22343014E-8	1.75781250E-1	0.00000000E+0	0.00000000E+0
1.73339844E-1	4.22878017E-8	4.22878017E-8	1.73339844E-1	0.00000000E+0	0.00000000E+0
1.70898437E-1	4.13837000E-8	4.13837000E-8	1.70898437E-1	0.00000000E+0	0.00000000E+0
1.68457031E-1	4.08657002E-8	4.08657002E-8	1.68457031E-1	0.00000000E+0	0.00000000E+0
1.66015625E-1	4.04298994E-8	4.04298994E-8	1.66015625E-1	0.00000000E+0	0.00000000E+0
1.63574219E-1	3.95735995E-8	3.95735995E-8	1.63574219E-1	0.00000000E+0	0.00000000E+0
1.61132812E-1	3.86371006E-8	3.86371006E-8	1.61132812E-1	0.00000000E+0	0.00000000E+0
1.58691406E-1	3.80751004E-8	3.80751004E-8	1.58691406E-1	0.00000000E+0	0.00000000E+0
1.56250000E-1	3.75781006E-8	3.75781006E-8	1.56250000E-1	0.00000000E+0	0.00000000E+0
1.53808594E-1	3.72111018E-8	3.72111018E-8	1.53808594E-1	0.00000000E+0	0.00000000E+0
1.51367187E-1	3.66759991E-8	3.66759991E-8	1.51367187E-1	0.00000000E+0	0.00000000E+0
1.48925781E-1	3.58426000E-8	3.58426000E-8	1.48925781E-1	0.00000000E+0	0.00000000E+0
1.46484375E-1	3.53150007E-8	3.53150007E-8	1.46484375E-1	0.00000000E+0	0.00000000E+0
1.44042969E-1	3.45314000E-8	3.45314000E-8	1.44042969E-1	0.00000000E+0	0.00000000E+0
1.41601562E-1	3.37552990E-8	3.37552990E-8	1.41601562E-1	0.00000000E+0	0.00000000E+0
1.39160156E-1	3.32507000E-8	3.32507000E-8	1.39160156E-1	0.00000000E+0	0.00000000E+0
1.36718750E-1	3.25931993E-8	3.25931993E-8	1.36718750E-1	0.00000000E+0	0.00000000E+0
1.34277344E-1	3.20312985E-8	3.20312985E-8	1.34277344E-1	0.00000000E+0	0.00000000E+0
1.31835937E-1	3.14999014E-8	3.14999014E-8	1.31835937E-1	0.00000000E+0	0.00000000E+0
1.29394531E-1	3.09876000E-8	3.09876000E-8	1.29394531E-1	0.00000000E+0	0.00000000E+0
1.26953125E-1	3.00853991E-8	3.00853991E-8	1.26953125E-1	0.00000000E+0	0.00000000E+0
1.24511719E-1	2.84492998E-8	2.84492998E-8	1.24511719E-1	0.00000000E+0	0.00000000E+0
1.22070312E-1	2.74476992E-8	2.74476992E-8	1.22070312E-1	0.00000000E+0	0.00000000E+0
1.19628906E-1	2.68170002E-8	2.68170002E-8	1.19628906E-1	0.00000000E+0	0.00000000E+0
1.17187500E-1	2.63467008E-8	2.63467008E-8	1.17187500E-1	0.00000000E+0	0.00000000E+0
1.14746094E-1	2.60523993E-8	2.60523993E-8	1.14746094E-1	0.00000000E+0	0.00000000E+0
1.12304687E-1	2.54980996E-8	2.54980996E-8	1.12304687E-1	0.00000000E+0	0.00000000E+0
1.09863281E-1	2.50623007E-8	2.50623007E-8	1.09863281E-1	0.00000000E+0	0.00000000E+0
1.07421875E-1	2.45346996E-8	2.45346996E-8	1.07421875E-1	0.00000000E+0	0.00000000E+0
1.04980469E-1	2.40301006E-8	2.40301006E-8	1.04980469E-1	0.00000000E+0	0.00000000E+0
1.02539062E-1	2.33573001E-8	2.33573001E-8	1.02539062E-1	0.00000000E+0	0.00000000E+0
1.00097656E-1	2.28349002E-8	2.28349002E-8	1.00097656E-1	0.00000000E+0	0.00000000E+0
9.76562500E-2	2.23404992E-8	2.23404992E-8	9.76562500E-2	0.00000000E+0	0.00000000E+0
9.52148438E-2	2.18128999E-8	2.18128999E-8	9.52148438E-2	0.00000000E+0	0.00000000E+0
9.27734375E-2	2.11860005E-8	2.11860005E-8	9.27734375E-2	0.00000000E+0	0.00000000E+0
9.03320313E-2	2.04864001E-8	2.04864001E-8	9.03320313E-2	0.00000000E+0	0.00000000E+0
8.78906250E-2	1.94542000E-8	1.94542000E-8	8.78906250E-2	0.00000000E+0	0.00000000E+0
8.54492188E-2	1.88056006E-8	1.88056006E-8	8.54492188E-2	0.00000000E+0	0.00000000E+0
8.30078125E-2	1.83111997E-8	1.83111997E-8	8.30078125E-2	0.00000000E+0	0.00000000E+0
8.05664063E-2	1.76639006E-8	1.76639006E-8	8.05664063E-2	0.00000000E+0	0.00000000E+0
7.81250000E-2	1.71643997E-8	1.71643997E-8	7.81250000E-2	0.00000000E+0	0.00000000E+0
7.56835938E-2	1.68484000E-8	1.68484000E-8	7.56835938E-2	0.00000000E+0	0.00000000E+0
7.32421875E-2	1.65297998E-8	1.65297998E-8	7.32421875E-2	0.00000000E+0	0.00000000E+0
7.08007813E-2	1.63673004E-8	1.63673004E-8	7.08007813E-2	0.00000000E+0	0.00000000E+0
6.83593750E-2	1.63578004E-8	1.63578004E-8	6.83593750E-2	0.00000000E+0	0.00000000E+0
6.59179688E-2	1.64972995E-8	1.64972995E-8	6.59179688E-2	0.00000000E+0	0.00000000E+0
6.34765625E-2	1.68890999E-8	1.68890999E-8	6.34765625E-2	0.00000000E+0	0.00000000E+0
6.10351563E-2	1.74269008E-8	1.74269008E-8	6.10351563E-2	0.00000000E+0	0.00000000E+0
5.85937500E-2	1.83673006E-8	1.83673006E-8	5.85937500E-2	0.00000000E+0	0.00000000E+0
5.61523438E-2	1.96186001E-8	1.96186001E-8	5.61523438E-2	0.00000000E+0	0.00000000E+0
5.37109375E-2	2.14956000E-8	2.14956000E-8	5.37109375E-2	0.00000000E+0	0.00000000E+0
5.12695313E-2	2.35841000E-8	2.35841000E-8	5.12695313E-2	0.00000000E+0	0.00000000E+0
4.88281250E-2	2.62052993E-8	2.62052993E-8	4.88281250E-2	0.00000000E+0	0.00000000E+0
4.63867188E-2	3.29908012E-8	3.29908012E-8	4.63867188E-2	0.00000000E+0	0.00000000E+0
4.39453125E-2	3.43478987E-8	3.43478987E-8	4.39453125E-2	0.00000000E+0	0.00000000E+0
4.15039063E-2	2.15529994E-8	2.15529994E-8	4.15039063E-2	0.00000000E+0	0.00000000E+0
3.90625000E-2	4.45356001E-8	4.45356001E-8	3.90625000E-2	0.00000000E+0	0.00000000E+0
3.66210938E-2	4.14392005E-8	4.14392005E-8	3.66210938E-2	0.00000000E+0	0.00000000E+0
3.41796875E-2	3.84114998E-8	3.84114998E-8	3.41796875E-2	0.00000000E+0	0.00000000E+0
3.17382813E-2	3.51163010E-8	3.51163010E-8	3.17382813E-2	0.00000000E+0	0.00000000E+0
2.92968750E-2	3.21115010E-8	3.21115010E-8	2.92968750E-2	0.00000000E+0	0.00000000E+0
2.68554688E-2	2.90991995E-8	2.90991995E-8	2.68554688E-2	0.00000000E+0	0.00000000E+0
2.44140625E-2	2.61441002E-8	2.61441002E-8	2.44140625E-2	0.00000000E+0	0.00000000E+0
2.19726563E-2	2.32081998E-8	2.32081998E-8	2.19726563E-2	0.00000000E+0	0.00000000E+0
1.95312500E-2	2.04023003E-8	2.04023003E-8	1.95312500E-2	0.00000000E+0	0.00000000E+0
1.70898438E-2	1.74039005E-8	1.74039005E-8	1.70898438E-2	0.00000000E+0	0.00000000E+0
1.46484375E-2	1.45878003E-8	1.45878003E-8	1.46484375E-2	0.00000000E+0	0.00000000E+0
1.22070313E-2	1.17166001E-8	1.17166001E-8	1.22070313E-2	0.00000000E+0	0.00000000E+0
9.76562500E-3	9.07004960E-9	9.07004960E-9	9.76562500E-3	0.00000000E+0	0.00000000E+0
7.32421875E-3	6.39367981E-9	6.39367981E-9	7.32421875E-3	0.00000000E+0	0.00000000E+0
4.88281250E-3	3.21619997E-9	3.21619997E-9	4.88281250E-3	0.00000000E+0	0.00000000E+0
2.44140625E-3	1.16084997E-9	1.16084997E-9	2.44140625E-3	0.00000000E+0	0.00000000E+0
0.00000000E+0	-4.89530028E-10	-4.89530028E-10	0.00000000E+0	0.00000000E+0	0.00000000E+0
-2.44140625E-3	-2.59474997E-9	-2.59474997E-9	-2.44140625E-3	0.00000000E+0	0.00000000E+0
-4.88281250E-3	-4.59880001E-9	-4.59880001E-9	-4.88281250E-3	0.00000000E+0	0.00000000E+0
-7.32421875E-3	-6.83328016E-9	-6.83328016E-9	-7.32421875E-3	0.00000000E+0	0.00000000E+0
-9.76562500E-3	-8.90300988E-9	-8.90300988E-9	-9.76562500E-3	0.00000000E+0	0.00000000E+0
-1.22070313E-2	-1.11057998E-8	-1.11057998E-8	-1.22070313E-2	0.00000000E+0	0.00000000E+0
-1.46484375E-2	-1.33390001E-8	-1.33390001E-8	-1.46484375E-2	0.00000000E+0	0.00000000E+0
-1.70898438E-2	-1.55741002E-8	-1.55741002E-8	-1.70898438E-2	0.00000000E+0	0.00000000E+0
-1.95312500E-2	-1.77301995E-8	-1.77301995E-8	-1.95312500E-2	0.00000000E+0	0.00000000E+0
-2.19726563E-2	-2.00773993E-8	-2.00773993E-8	-2.19726563E-2	0.00000000E+0	0.00000000E+0
-2.44140625E-2	-2.24016006E-8	-2.24016006E-8	-2.44140625E-2	0.00000000E+0	0.00000000E+0
-2.68554688E-2	-2.47793999E-8	-2.47793999E-8	-2.68554688E-2	0.00000000E+0	0.00000000E+0
-2.92968750E-2	-2.64537992E-8	-2.64537992E-8	-2.92968750E-2	0.00000000E+0	0.00000000E+0
-3.17382813E-2	-2.88851005E-8	-2.88851005E-8	-3.17382813E-2	0.00000000E+0	0.00000000E+0
-3.41796875E-2	-3.18515987E-8	-3.18515987E-8	-3.41796875E-2	0.00000000E+0	0.00000000E+0
-3.66210938E-2	-3.44893003E-8	-3.44893003E-8	-3.66210938E-2	0.00000000E+0	0.00000000E+0
-3.90625000E-2	-3.71308992E-8	-3.71308992E-8	-3.90625000E-2	0.00000000E+0	0.00000000E+0
-4.15039063E-2	-3.88319989E-8	-3.88319989E-8	-4.15039063E-2	0.00000000E+0	0.00000000E+0
-4.39453125E-2	-3.09722985E-8	-3.09722985E-8	-4.39453125E-2	0.00000000E+0	0.00000000E+0
-4.63867188E-2	-2.82733996E-8	-2.82733996E-8	-4.63867188E-2	0.00000000E+0	0.00000000E+0
-4.88281250E-2	-2.40644997E-8	-2.40644997E-8	-4.88281250E-2	0.00000000E+0	0.00000000E+0
-5.12695313E-2	-2.07959996E-8	-2.07959996E-8	-5.12695313E-2	0.00000000E+0	0.00000000E+0
-5.37109375E-2	-1.92057996E-8	-1.92057996E-8	-5.37109375E-2	0.00000000E+0	0.00000000E+0
-5.61523438E-2	-1.72739991E-8	-1.72739991E-8	-5.61523438E-2	0.00000000E+0	0.00000000E+0
-5.85937500E-2	-1.64609997E-8	-1.64609997E-8	-5.85937500E-2	0.00000000E+0	0.00000000E+0
-6.10351563E-2	-1.57385003E-8	-1.57385003E-8	-6.10351563E-2	0.00000000E+0	0.00000000E+0
-6.34765625E-2	-1.52070996E-8	-1.52070996E-8	-6.34765625E-2	0.00000000E+0	0.00000000E+0
-6.59179688E-2	-1.49191006E-8	-1.49191006E-8	-6.59179688E-2	0.00000000E+0	0.00000000E+0
-6.83593750E-2	-1.50185002E-8	-1.50185002E-8	-6.83593750E-2	0.00000000E+0	0.00000000E+0
-7.08007813E-2	-1.47790002E-8	-1.47790002E-8	-7.08007813E-2	0.00000000E+0	0.00000000E+0
-7.32421875E-2	-1.50388999E-8	-1.50388999E-8	-7.32421875E-2	0.00000000E+0	0.00000000E+0
-7.56835938E-2	-1.60711000E-8	-1.60711000E-8	-7.56835938E-2	0.00000000E+0	0.00000000E+0
-7.81250000E-2	-1.57779994E-8	-1.57779994E-8	-7.81250000E-2	0.00000000E+0	0.00000000E+0
-8.05664063E-2	-1.68815006E-8	-1.68815006E-8	-8.05664063E-2	0.00000000E+0	0.00000000E+0
-8.30078125E-2	-1.70802998E-8	-1.70802998E-8	-8.30078125E-2	0.00000000E+0	0.00000000E+0
-8.54492188E-2	-1.80894997E-8	-1.80894997E-8	-8.54492188E-2	0.00000000E+0	0.00000000E+0
-8.78906250E-2	-1.75287997E-8	-1.75287997E-8	-8.78906250E-2	0.00000000E+0	0.00000000E+0
-9.03320313E-2	-1.94466008E-8	-1.94466008E-8	-9.03320313E-2	0.00000000E+0	0.00000000E+0
-9.27734375E-2	-1.99753991E-8	-1.99753991E-8	-9.27734375E-2	0.00000000E+0	0.00000000E+0
-9.52148438E-2	-2.05667003E-8	-2.05667003E-8	-9.52148438E-2	0.00000000E+0	0.00000000E+0
-9.76562500E-2	-2.15874003E-8	-2.15874003E-8	-9.76562500E-2	0.00000000E+0	0.00000000E+0
-1.00097656E-1	-2.23556995E-8	-2.23556995E-8	-1.00097656E-1	0.00000000E+0	0.00000000E+0
-1.02539062E-1	-2.31814994E-8	-2.31814994E-8	-1.02539062E-1	0.00000000E+0	0.00000000E+0
-1.04980469E-1	-2.34338007E-8	-2.34338007E-8	-1.04980469E-1	0.00000000E+0	0.00000000E+0
-1.07421875E-1	-2.42213005E-8	-2.42213005E-8	-1.07421875E-1	0.00000000E+0	0.00000000E+0
-1.09863281E-1	-2.50241001E-8	-2.50241001E-8	-1.09863281E-1	0.00000000E+0	0.00000000E+0
-1.12304687E-1	-2.51692995E-8	-2.51692995E-8	-1.12304687E-1	0.00000000E+0	0.00000000E+0
-1.14746094E-1	-2.56739003E-8	-2.56739003E-8	-1.14746094E-1	0.00000000E+0	0.00000000E+0
-1.17187500E-1	-2.66335007E-8	-2.66335007E-8	-1.17187500E-1	0.00000000E+0	0.00000000E+0
-1.19628906E-1	-2.68590004E-8	-2.68590004E-8	-1.19628906E-1	0.00000000E+0	0.00000000E+0
-1.22070312E-1	-2.73788991E-8	-2.73788991E-8	-1.22070312E-1	0.00000000E+0	0.00000000E+0
-1.24511719E-1	-2.77153003E-8	-2.77153003E-8	-1.24511719E-1	0.00000000E+0	0.00000000E+0
-1.26953125E-1	-2.77841004E-8	-2.77841004E-8	-1.26953125E-1	0.00000000E+0	0.00000000E+0
-1.29394531E-1	-2.82237007E-8	-2.82237007E-8	-1.29394531E-1	0.00000000E+0	0.00000000E+0
-1.31835937E-1	-2.93055997E-8	-2.93055997E-8	-1.31835937E-1	0.00000000E+0	0.00000000E+0
-1.34277344E-1	-2.94394003E-8	-2.94394003E-8	-1.34277344E-1	0.00000000E+0	0.00000000E+0
-1.36718750E-1	-2.96496001E-8	-2.96496001E-8	-1.36718750E-1	0.00000000E+0	0.00000000E+0
-1.39160156E-1	-3.02841983E-8	-3.02841983E-8	-1.39160156E-1	0.00000000E+0	0.00000000E+0
-1.41601562E-1	-3.09570005E-8	-3.09570005E-8	-1.41601562E-1	0.00000000E+0	0.00000000E+0
-1.44042969E-1	-3.11100017E-8	-3.11100017E-8	-1.44042969E-1	0.00000000E+0	0.00000000E+0
-1.46484375E-1	-3.22606013E-8	-3.22606013E-8	-1.46484375E-1	0.00000000E+0	0.00000000E+0
-1.48925781E-1	-3.26466996E-8	-3.26466996E-8	-1.48925781E-1	0.00000000E+0	0.00000000E+0
-1.51367187E-1	-3.34418999E-8	-3.34418999E-8	-1.51367187E-1	0.00000000E+0	0.00000000E+0
-1.53808594E-1	-3.62784007E-8	-3.62784007E-8	-1.53808594E-1	0.00000000E+0	0.00000000E+0
-1.56250000E-1	-3.68135993E-8	-3.68135993E-8	-1.56250000E-1	0.00000000E+0	0.00000000E+0
-1.58691406E-1	-3.75284017E-8	-3.75284017E-8	-1.58691406E-1	0.00000000E+0	0.00000000E+0
-1.61132812E-1	-3.80675012E-8	-3.80675012E-8	-1.61132812E-1	0.00000000E+0	0.00000000E+0
-1.63574219E-1	-3.64771999E-8	-3.64771999E-8	-1.63574219E-1	0.00000000E+0	0.00000000E+0
-1.66015625E-1	-3.94130986E-8	-3.94130986E-8	-1.66015625E-1	0.00000000E+0	0.00000000E+0
-1.68457031E-1	-3.68135993E-8	-3.68135993E-8	-1.68457031E-1	0.00000000E+0	0.00000000E+0
-1.70898437E-1	-3.57049998E-8	-3.57049998E-8	-1.70898437E-1	0.00000000E+0	0.00000000E+0
-1.73339844E-1	-3.62630992E-8	-3.62630992E-8	-1.73339844E-1	0.00000000E+0	0.00000000E+0
-1.75781250E-1	-4.11563015E-8	-4.11563015E-8	-1.75781250E-1	0.00000000E+0	0.00000000E+0
-1.78222656E-1	-4.26854001E-8	-4.26854001E-8	-1.78222656E-1	0.00000000E+0	0.00000000E+0
-1.80664062E-1	-4.33659011E-8	-4.33659011E-8	-1.80664062E-1	0.00000000E+0	0.00000000E+0
-1.83105469E-1	-4.39469012E-8	-4.39469012E-8	-1.83105469E-1	0.00000000E+0	0.00000000E+0
-1.85546875E-1	-4.43674004E-8	-4.43674004E-8	-1.85546875E-1	0.00000000E+0	0.00000000E+0
-1.87988281E-1	-4.50937989E-8	-4.50937989E-8	-1.87988281E-1	0.00000000E+0	0.00000000E+0
-1.90429687E-1	-4.54608013E-8	-4.54608013E-8	-1.90429687E-1	0.00000000E+0	0.00000000E+0
-1.92871094E-1	-4.51320012E-8	-4.51320012E-8	-1.92871094E-1	0.00000000E+0	0.00000000E+0
-1.95312500E-1	-4.08505016E-8	-4.08505016E-8	-1.95312500E-1	0.00000000E+0	0.00000000E+0
-1.97753906E-1	-4.13703987E-8	-4.13703987E-8	-1.97753906E-1	0.00000000E+0	0.00000000E+0
-2.00195312E-1	-4.19207993E-8	-4.19207993E-8	-2.00195312E-1	0.00000000E+0	0.00000000E+0
-2.02636719E-1	-4.23566000E-8	-4.23566000E-8	-2.02636719E-1	0.00000000E+0	0.00000000E+0
-2.05078125E-1	-4.89395013E-8	-4.89395013E-8	-2.05078125E-1	0.00000000E+0	0.00000000E+0
-2.07519531E-1	-4.95817005E-8	-4.95817005E-8	-2.07519531E-1	0.00000000E+0	0.00000000E+0
-2.09960937E-1	-5.00327992E-8	-5.00327992E-8	-2.09960937E-1	0.00000000E+0	0.00000000E+0
-2.12402344E-1	-4.48568009E-8	-4.48568009E-8	-2.12402344E-1	0.00000000E+0	0.00000000E+0
-2.14843750E-1	-4.80755986E-8	-4.80755986E-8	-2.14843750E-1	0.00000000E+0	0.00000000E+0
-2.17285156E-1	-5.18830987E-8	-5.18830987E-8	-2.17285156E-1	0.00000000E+0	0.00000000E+0
-2.19726562E-1	-5.23723998E-8	-5.23723998E-8	-2.19726562E-1	0.00000000E+0	0.00000000E+0
-2.22167969E-1	-5.29458006E-8	-5.29458006E-8	-2.22167969E-1	0.00000000E+0	0.00000000E+0
-2.24609375E-1	-4.87254006E-8	-4.87254006E-8	-2.24609375E-1	0.00000000E+0	0.00000000E+0
-2.27050781E-1	-4.74638995E-8	-4.74638995E-8	-2.27050781E-1	0.00000000E+0	0.00000000E+0
-2.29492187E-1	-4.78481006E-8	-4.78481006E-8	-2.29492187E-1	0.00000000E+0	0.00000000E+0
-2.31933594E-1	-4.83201994E-8	-4.83201994E-8	-2.31933594E-1	0.00000000E+0	0.00000000E+0
-2.34375000E-1	-4.93065002E-8	-4.93065002E-8	-2.34375000E-1	0.00000000E+0	0.00000000E+0
-2.36816406E-1	-5.31905009E-8	-5.31905009E-8	-2.36816406E-1	0.00000000E+0	0.00000000E+0
-2.39257812E-1	-4.99180999E-8	-4.99180999E-8	-2.39257812E-1	0.00000000E+0	0.00000000E+0
-2.41699219E-1	-5.04532984E-8	-5.04532984E-8	-2.41699219E-1	0.00000000E+0	0.00000000E+0
-2.44140625E-1	-5.09579010E-8	-5.09579010E-8	-2.44140625E-1	0.00000000E+0	0.00000000E+0
-2.46582031E-1	-5.14473015E-8	-5.14473015E-8	-2.46582031E-1	0.00000000E+0	0.00000000E+0
-2.49023437E-1	-5.19594998E-8	-5.19594998E-8	-2.49023437E-1	0.00000000E+0	0.00000000E+0
-2.51464844E-1	-5.23227008E-8	-5.23227008E-8	-2.51464844E-1	0.00000000E+0	0.00000000E+0
-2.53906250E-1	-5.57479005E-8	-5.57479005E-8	-2.53906250E-1	0.00000000E+0	0.00000000E+0
-2.56347656E-1	-5.31905009E-8	-5.31905009E-8	-2.56347656E-1	0.00000000E+0	0.00000000E+0
-2.58789062E-1	-5.36797984E-8	-5.36797984E-8	-2.58789062E-1	0.00000000E+0	0.00000000E+0
-2.61230469E-1	-5.42914016E-8	-5.42914016E-8	-2.61230469E-1	0.00000000E+0	0.00000000E+0
-2.63671875E-1	-5.46508012E-8	-5.46508012E-8	-2.63671875E-1	0.00000000E+0	0.00000000E+0
-2.66113281E-1	-5.99644991E-8	-5.99644991E-8	-2.66113281E-1	0.00000000E+0	0.00000000E+0
-2.68554687E-1	-6.08437034E-8	-6.08437034E-8	-2.68554687E-1	0.00000000E+0	0.00000000E+0
-2.70996094E-1	-5.91807989E-8	-5.91807989E-8	-2.70996094E-1	0.00000000E+0	0.00000000E+0
-2.73437500E-1	-6.32176977E-8	-6.32176977E-8	-2.73437500E-1	0.00000000E+0	0.00000000E+0
-2.75878906E-1	-6.46817995E-8	-6.46817995E-8	-2.75878906E-1	0.00000000E+0	0.00000000E+0
-2.78320312E-1	-5.74566990E-8	-5.74566990E-8	-2.78320312E-1	0.00000000E+0	0.00000000E+0
-2.80761719E-1	-5.91807989E-8	-5.91807989E-8	-2.80761719E-1	0.00000000E+0	0.00000000E+0
-2.83203125E-1	-6.35503028E-8	-6.35503028E-8	-2.83203125E-1	0.00000000E+0	0.00000000E+0
-2.85644531E-1	-5.86952993E-8	-5.86952993E-8	-2.85644531E-1	0.00000000E+0	0.00000000E+0
-2.88085937E-1	-6.73271998E-8	-6.73271998E-8	-2.88085937E-1	0.00000000E+0	0.00000000E+0
-2.90527344E-1	-6.80917012E-8	-6.80917012E-8	-2.90527344E-1	0.00000000E+0	0.00000000E+0
-2.92968750E-1	-5.98880021E-8	-5.98880021E-8	-2.92968750E-1	0.00000000E+0	0.00000000E+0
-2.95410156E-1	-6.05569994E-8	-6.05569994E-8	-2.95410156E-1	0.00000000E+0	0.00000000E+0
-2.97851562E-1	-6.22428971E-8	-6.22428971E-8	-2.97851562E-1	0.00000000E+0	0.00000000E+0
-3.00292969E-1	-6.14324023E-8	-6.14324023E-8	-3.00292969E-1	0.00000000E+0	0.00000000E+0
-3.02734375E-1	-7.02096017E-8	-7.02096017E-8	-3.02734375E-1	0.00000000E+0	0.00000000E+0
-3.05175781E-1	-6.23498977E-8	-6.23498977E-8	-3.05175781E-1	0.00000000E+0	0.00000000E+0
-3.07617187E-1	-6.29461994E-8	-6.29461994E-8	-3.07617187E-1	0.00000000E+0	0.00000000E+0
-3.10058594E-1	-6.34125996E-8	-6.34125996E-8	-3.10058594E-1	0.00000000E+0	0.00000000E+0
-3.12500000E-1	-6.77667984E-8	-6.77667984E-8	-3.12500000E-1	0.00000000E+0	0.00000000E+0
-3.14941406E-1	-7.08824004E-8	-7.08824004E-8	-3.14941406E-1	0.00000000E+0	0.00000000E+0
-3.17382812E-1	-6.74112997E-8	-6.74112997E-8	-3.17382812E-1	0.00000000E+0	0.00000000E+0
-3.19824219E-1	-6.64134987E-8	-6.64134987E-8	-3.19824219E-1	0.00000000E+0	0.00000000E+0
-3.22265625E-1	-6.57292034E-8	-6.57292034E-8	-3.22265625E-1	0.00000000E+0	0.00000000E+0
-3.24707031E-1	-6.78165009E-8	-6.78165009E-8	-3.24707031E-1	0.00000000E+0	0.00000000E+0
-3.27148437E-1	-6.62339019E-8	-6.62339019E-8	-3.27148437E-1	0.00000000E+0	0.00000000E+0
-3.29589844E-1	-7.38871009E-8	-7.38871009E-8	-3.29589844E-1	0.00000000E+0	0.00000000E+0
-3.32031250E-1	-6.72048017E-8	-6.72048017E-8	-3.32031250E-1	0.00000000E+0	0.00000000E+0
-3.34472656E-1	-7.30423011E-8	-7.30423011E-8	-3.34472656E-1	0.00000000E+0	0.00000000E+0
-3.36914062E-1	-6.87493014E-8	-6.87493014E-8	-3.36914062E-1	0.00000000E+0	0.00000000E+0
-3.39355469E-1	-7.13717014E-8	-7.13717014E-8	-3.39355469E-1	0.00000000E+0	0.00000000E+0
-3.41796875E-1	-6.90474025E-8	-6.90474025E-8	-3.41796875E-1	0.00000000E+0	0.00000000E+0
-3.44238281E-1	-7.30423011E-8	-7.30423011E-8	-3.44238281E-1	0.00000000E+0	0.00000000E+0
-3.46679687E-1	-7.04771992E-8	-7.04771992E-8	-3.46679687E-1	0.00000000E+0	0.00000000E+0
-3.49121094E-1	-7.02096017E-8	-7.02096017E-8	-3.49121094E-1	0.00000000E+0	0.00000000E+0
-3.51562500E-1	-7.15667028E-8	-7.15667028E-8	-3.51562500E-1	0.00000000E+0	0.00000000E+0
-3.54003906E-1	-7.24306020E-8	-7.24306020E-8	-3.54003906E-1	0.00000000E+0	0.00000000E+0
-3.56445312E-1	-7.14176025E-8	-7.14176025E-8	-3.56445312E-1	0.00000000E+0	0.00000000E+0
-3.58886719E-1	-7.42961035E-8	-7.42961035E-8	-3.58886719E-1	0.00000000E+0	0.00000000E+0
-3.61328125E-1	-7.30423011E-8	-7.30423011E-8	-3.61328125E-1	0.00000000E+0	0.00000000E+0
-3.63769531E-1	-7.91817030E-8	-7.91817030E-8	-3.63769531E-1	0.00000000E+0	0.00000000E+0
-3.66210937E-1	-7.68000987E-8	-7.68000987E-8	-3.66210937E-1	0.00000000E+0	0.00000000E+0
-3.68652344E-1	-8.06228968E-8	-8.06228968E-8	-3.68652344E-1	0.00000000E+0	0.00000000E+0
-3.71093750E-1	-7.81992000E-8	-7.81992000E-8	-3.71093750E-1	0.00000000E+0	0.00000000E+0
-3.73535156E-1	-7.44528990E-8	-7.44528990E-8	-3.73535156E-1	0.00000000E+0	0.00000000E+0
-3.75976562E-1	-7.50683995E-8	-7.50683995E-8	-3.75976562E-1	0.00000000E+0	0.00000000E+0
-3.78417969E-1	-7.76143025E-8	-7.76143025E-8	-3.78417969E-1	0.00000000E+0	0.00000000E+0
-3.80859375E-1	-7.76564022E-8	-7.76564022E-8	-3.80859375E-1	0.00000000E+0	0.00000000E+0
-3.83300781E-1	-8.30504021E-8	-8.30504021E-8	-3.83300781E-1	0.00000000E+0	0.00000000E+0
-3.85742187E-1	-7.65056996E-8	-7.65056996E-8	-3.85742187E-1	0.00000000E+0	0.00000000E+0
-3.88183594E-1	-7.85317980E-8	-7.85317980E-8	-3.88183594E-1	0.00000000E+0	0.00000000E+0
-3.90625000E-1	-7.72282007E-8	-7.72282007E-8	-3.90625000E-1	0.00000000E+0	0.00000000E+0
-3.93066406E-1	-7.77023033E-8	-7.77023033E-8	-3.93066406E-1	0.00000000E+0	0.00000000E+0
-3.95507812E-1	-7.93919028E-8	-7.93919028E-8	-3.95507812E-1	0.00000000E+0	0.00000000E+0
-3.97949219E-1	-7.88108991E-8	-7.88108991E-8	-3.97949219E-1	0.00000000E+0	0.00000000E+0
-4.00390625E-1	-8.16359034E-8	-8.16359034E-8	-4.00390625E-1	0.00000000E+0	0.00000000E+0
-4.02832031E-1	-8.17621029E-8	-8.17621029E-8	-4.02832031E-1	0.00000000E+0	0.00000000E+0
-4.05273437E-1	-8.76223964E-8	-8.76223964E-8	-4.05273437E-1	0.00000000E+0	0.00000000E+0
-4.07714844E-1	-9.00728025E-8	-9.00728025E-8	-4.07714844E-1	0.00000000E+0	0.00000000E+0
-4.10156250E-1	-8.15747967E-8	-8.15747967E-8	-4.10156250E-1	0.00000000E+0	0.00000000E+0
-4.12597656E-1	-8.10242966E-8	-8.10242966E-8	-4.12597656E-1	0.00000000E+0	0.00000000E+0
-4.15039062E-1	-8.62499974E-8	-8.62499974E-8	-4.15039062E-1	0.00000000E+0	0.00000000E+0
-4.17480469E-1	-8.61774012E-8	-8.61774012E-8	-4.17480469E-1	0.00000000E+0	0.00000000E+0
-4.19921875E-1	-8.84748985E-8	-8.84748985E-8	-4.19921875E-1	0.00000000E+0	0.00000000E+0
-4.22363281E-1	-8.26643003E-8	-8.26643003E-8	-4.22363281E-1	0.00000000E+0	0.00000000E+0
-4.24804687E-1	-8.77409008E-8	-8.77409008E-8	-4.24804687E-1	0.00000000E+0	0.00000000E+0
-4.27246094E-1	-8.78671003E-8	-8.78671003E-8	-4.27246094E-1	0.00000000E+0	0.00000000E+0
-4.29687500E-1	-8.36313987E-8	-8.36313987E-8	-4.29687500E-1	0.00000000E+0	0.00000000E+0
-4.32128906E-1	-8.45527026E-8	-8.45527026E-8	-4.32128906E-1	0.00000000E+0	0.00000000E+0
-4.34570312E-1	-8.46101003E-8	-8.46101003E-8	-4.34570312E-1	0.00000000E+0	0.00000000E+0
-4.37011719E-1	-8.54242970E-8	-8.54242970E-8	-4.37011719E-1	0.00000000E+0	0.00000000E+0
-4.39453125E-1	-8.54855031E-8	-8.54855031E-8	-4.39453125E-1	0.00000000E+0	0.00000000E+0
-4.41894531E-1	-8.69763994E-8	-8.69763994E-8	-4.41894531E-1	0.00000000E+0	0.00000000E+0
-4.44335937E-1	-8.54242970E-8	-8.54242970E-8	-4.44335937E-1	0.00000000E+0	0.00000000E+0
-4.46777344E-1	-8.97058996E-8	-8.97058996E-8	-4.46777344E-1	0.00000000E+0	0.00000000E+0
-4.49218750E-1	-8.72784014E-8	-8.72784014E-8	-4.49218750E-1	0.00000000E+0	0.00000000E+0
-4.51660156E-1	-9.58719966E-8	-9.58719966E-8	-4.51660156E-1	0.00000000E+0	0.00000000E+0
-4.54101562E-1	-8.70986980E-8	-8.70986980E-8	-4.54101562E-1	0.00000000E+0	0.00000000E+0
-4.56542969E-1	-8.71598971E-8	-8.71598971E-8	-4.56542969E-1	0.00000000E+0	0.00000000E+0
-4.58984375E-1	-9.38115008E-8	-9.38115008E-8	-4.58984375E-1	0.00000000E+0	0.00000000E+0
-4.61425781E-1	-9.17625016E-8	-9.17625016E-8	-4.61425781E-1	0.00000000E+0	0.00000000E+0
-4.63867187E-1	-9.17625016E-8	-9.17625016E-8	-4.63867187E-1	0.00000000E+0	0.00000000E+0
-4.66308594E-1	-9.60898987E-8	-9.60898987E-8	-4.66308594E-1	0.00000000E+0	0.00000000E+0
-4.68750000E-1	-9.34981017E-8	-9.34981017E-8	-4.68750000E-1	0.00000000E+0	0.00000000E+0
-4.71191406E-1	-9.38726998E-8	-9.38726998E-8	-4.71191406E-1	0.00000000E+0	0.00000000E+0
-4.73632812E-1	-8.99504968E-8	-8.99504968E-8	-4.73632812E-1	0.00000000E+0	0.00000000E+0
-4.76074219E-1	-8.97058996E-8	-8.97058996E-8	-4.76074219E-1	0.00000000E+0	0.00000000E+0
-4.78515625E-1	-1.02695999E-7	-1.02695999E-7	-4.78515625E-1	0.00000000E+0	0.00000000E+0
-4.80957031E-1	-9.65640012E-8	-9.65640012E-8	-4.80957031E-1	0.00000000E+0	0.00000000E+0
-4.83398437E-1	-9.22173982E-8	-9.22173982E-8	-4.83398437E-1	0.00000000E+0	0.00000000E+0
-4.85839844E-1	-9.63651985E-8	-9.63651985E-8	-4.85839844E-1	0.00000000E+0	0.00000000E+0
-4.88281250E-1	-9.37504012E-8	-9.37504012E-8	-4.88281250E-1	0.00000000E+0	0.00000000E+0
-4.90722656E-1	-9.62428004E-8	-9.62428004E-8	-4.90722656E-1	0.00000000E+0	0.00000000E+0
-4.93164062E-1	-9.20721988E-8	-9.20721988E-8	-4.93164062E-1	0.00000000E+0	0.00000000E+0
-4.90722656E-1	-9.20071983E-8	-9.20071983E-8	-4.90722656E-1	0.00000000E+0	0.00000000E+0
-4.88281250E-1	-9.40128970E-8	-9.40128970E-8	-4.88281250E-1	0.00000000E+0	0.00000000E+0
-4.85839844E-1	-9.09636029E-8	-9.09636029E-8	-4.85839844E-1	0.00000000E+0	0.00000000E+0
-4.83398437E-1	-9.43352987E-8	-9.43352987E-8	-4.83398437E-1	0.00000000E+0	0.00000000E+0
-4.80957031E-1	-9.38115008E-8	-9.38115008E-8	-4.80957031E-1	0.00000000E+0	0.00000000E+0
-4.78515625E-1	-9.40128970E-8	-9.40128970E-8	-4.78515625E-1	0.00000000E+0	0.00000000E+0
-4.76074219E-1	-8.95185011E-8	-8.95185011E-8	-4.76074219E-1	0.00000000E+0	0.00000000E+0
-4.73632812E-1	-9.12082001E-8	-9.12082001E-8	-4.73632812E-1	0.00000000E+0	0.00000000E+0
-4.71191406E-1	-8.90292000E-8	-8.90292000E-8	-4.71191406E-1	0.00000000E+0	0.00000000E+0
-4.68750000E-1	-1.00670000E-7	-1.00670000E-7	-4.68750000E-1	0.00000000E+0	0.00000000E+0
-4.66308594E-1	-1.01220003E-7	-1.01220003E-7	-4.66308594E-1	0.00000000E+0	0.00000000E+0
-4.63867187E-1	-1.00111997E-7	-1.00111997E-7	-4.63867187E-1	0.00000000E+0	0.00000000E+0
-4.61425781E-1	-1.01555003E-7	-1.01555003E-7	-4.61425781E-1	0.00000000E+0	0.00000000E+0
-4.58984375E-1	-1.01220003E-7	-1.01220003E-7	-4.58984375E-1	0.00000000E+0	0.00000000E+0
-4.56542969E-1	-1.00607998E-7	-1.00607998E-7	-4.56542969E-1	0.00000000E+0	0.00000000E+0
-4.54101562E-1	-1.00241003E-7	-1.00241003E-7	-4.54101562E-1	0.00000000E+0	0.00000000E+0
-4.51660156E-1	-9.98094976E-8	-9.98094976E-8	-4.51660156E-1	0.00000000E+0	0.00000000E+0
-4.49218750E-1	-9.94730982E-8	-9.94730982E-8	-4.49218750E-1	0.00000000E+0	0.00000000E+0
-4.46777344E-1	-9.91940965E-8	-9.91940965E-8	-4.46777344E-1	0.00000000E+0	0.00000000E+0
-4.44335937E-1	-9.89800029E-8	-9.89800029E-8	-4.44335937E-1	0.00000000E+0	0.00000000E+0
-4.41894531E-1	-9.83645023E-8	-9.83645023E-8	-4.41894531E-1	0.00000000E+0	0.00000000E+0
-4.39453125E-1	-9.80243016E-8	-9.80243016E-8	-4.39453125E-1	0.00000000E+0	0.00000000E+0
-4.37011719E-1	-9.77145973E-8	-9.77145973E-8	-4.37011719E-1	0.00000000E+0	0.00000000E+0
-4.34570312E-1	-9.72253034E-8	-9.72253034E-8	-4.34570312E-1	0.00000000E+0	0.00000000E+0
-4.32128906E-1	-9.69538974E-8	-9.69538974E-8	-4.32128906E-1	0.00000000E+0	0.00000000E+0
-4.29687500E-1	-9.66251008E-8	-9.66251008E-8	-4.29687500E-1	0.00000000E+0	0.00000000E+0
-4.27246094E-1	-9.62428004E-8	-9.62428004E-8	-4.27246094E-1	0.00000000E+0	0.00000000E+0
-4.24804687E-1	-9.56923998E-8	-9.56923998E-8	-4.24804687E-1	0.00000000E+0	0.00000000E+0
-4.22363281E-1	-9.55089021E-8	-9.55089021E-8	-4.22363281E-1	0.00000000E+0	0.00000000E+0
-4.19921875E-1	-9.50463033E-8	-9.50463033E-8	-4.19921875E-1	0.00000000E+0	0.00000000E+0
-4.17480469E-1	-9.47672021E-8	-9.47672021E-8	-4.17480469E-1	0.00000000E+0	0.00000000E+0
-4.15039062E-1	-9.43963983E-8	-9.43963983E-8	-4.15039062E-1	0.00000000E+0	0.00000000E+0
-4.12597656E-1	-9.36714031E-8	-9.36714031E-8	-4.12597656E-1	0.00000000E+0	0.00000000E+0
-4.10156250E-1	-9.32304971E-8	-9.32304971E-8	-4.10156250E-1	0.00000000E+0	0.00000000E+0
-4.07714844E-1	-9.28481967E-8	-9.28481967E-8	-4.07714844E-1	0.00000000E+0	0.00000000E+0
-4.05273437E-1	-9.23398034E-8	-9.23398034E-8	-4.05273437E-1	0.00000000E+0	0.00000000E+0
-4.02832031E-1	-9.18237006E-8	-9.18237006E-8	-4.02832031E-1	0.00000000E+0	0.00000000E+0
-4.00390625E-1	-9.13954992E-8	-9.13954992E-8	-4.00390625E-1	0.00000000E+0	0.00000000E+0
-3.97949219E-1	-9.09636029E-8	-9.09636029E-8	-3.97949219E-1	0.00000000E+0	0.00000000E+0
-3.95507812E-1	-9.04665995E-8	-9.04665995E-8	-3.95507812E-1	0.00000000E+0	0.00000000E+0
-3.93066406E-1	-8.98281982E-8	-8.98281982E-8	-3.93066406E-1	0.00000000E+0	0.00000000E+0
-3.90625000E-1	-8.95835015E-8	-8.95835015E-8	-3.90625000E-1	0.00000000E+0	0.00000000E+0
-3.88183594E-1	-8.90942005E-8	-8.90942005E-8	-3.88183594E-1	0.00000000E+0	0.00000000E+0
-3.85742187E-1	-8.87271980E-8	-8.87271980E-8	-3.85742187E-1	0.00000000E+0	0.00000000E+0
-3.83300781E-1	-8.81116975E-8	-8.81116975E-8	-3.83300781E-1	0.00000000E+0	0.00000000E+0
-3.80859375E-1	-8.76836026E-8	-8.76836026E-8	-3.80859375E-1	0.00000000E+0	0.00000000E+0
-3.78417969E-1	-8.71598971E-8	-8.71598971E-8	-3.78417969E-1	0.00000000E+0	0.00000000E+0
-3.75976562E-1	-8.68501999E-8	-8.68501999E-8	-3.75976562E-1	0.00000000E+0	0.00000000E+0
-3.73535156E-1	-8.63837997E-8	-8.63837997E-8	-3.73535156E-1	0.00000000E+0	0.00000000E+0
-3.71093750E-1	-8.57149018E-8	-8.57149018E-8	-3.71093750E-1	0.00000000E+0	0.00000000E+0
-3.68652344E-1	-8.53784030E-8	-8.53784030E-8	-3.68652344E-1	0.00000000E+0	0.00000000E+0
-3.66210937E-1	-8.47209023E-8	-8.47209023E-8	-3.66210937E-1	0.00000000E+0	0.00000000E+0
-3.63769531E-1	-8.41206997E-8	-8.41206997E-8	-3.63769531E-1	0.00000000E+0	0.00000000E+0
-3.61328125E-1	-8.39564009E-8	-8.39564009E-8	-3.61328125E-1	0.00000000E+0	0.00000000E+0
-3.58886719E-1	-8.33344984E-8	-8.33344984E-8	-3.58886719E-1	0.00000000E+0	0.00000000E+0
-3.56445312E-1	-8.26005007E-8	-8.26005007E-8	-3.56445312E-1	0.00000000E+0	0.00000000E+0
-3.54003906E-1	-8.24271993E-8	-8.24271993E-8	-3.54003906E-1	0.00000000E+0	0.00000000E+0
-3.51562500E-1	-8.19035009E-8	-8.19035009E-8	-3.51562500E-1	0.00000000E+0	0.00000000E+0
-3.49121094E-1	-8.14485972E-8	-8.14485972E-8	-3.49121094E-1	0.00000000E+0	0.00000000E+0
-3.46679687E-1	-8.10242966E-8	-8.10242966E-8	-3.46679687E-1	0.00000000E+0	0.00000000E+0
-3.44238281E-1	-8.07298974E-8	-8.07298974E-8	-3.44238281E-1	0.00000000E+0	0.00000000E+0
-3.41796875E-1	-8.02252984E-8	-8.02252984E-8	-3.41796875E-1	0.00000000E+0	0.00000000E+0
-3.39355469E-1	-7.97359974E-8	-7.97359974E-8	-3.39355469E-1	0.00000000E+0	0.00000000E+0
-3.36914062E-1	-7.90899009E-8	-7.90899009E-8	-3.36914062E-1	0.00000000E+0	0.00000000E+0
-3.34472656E-1	-7.84324001E-8	-7.84324001E-8	-3.34472656E-1	0.00000000E+0	0.00000000E+0
-3.32031250E-1	-7.79928016E-8	-7.79928016E-8	-3.32031250E-1	0.00000000E+0	0.00000000E+0
-3.29589844E-1	-7.75493021E-8	-7.75493021E-8	-3.29589844E-1	0.00000000E+0	0.00000000E+0
-3.27148437E-1	-7.69682984E-8	-7.69682984E-8	-3.27148437E-1	0.00000000E+0	0.00000000E+0
-3.24707031E-1	-7.64484014E-8	-7.64484014E-8	-3.24707031E-1	0.00000000E+0	0.00000000E+0
-3.22265625E-1	-7.59591003E-8	-7.59591003E-8	-3.22265625E-1	0.00000000E+0	0.00000000E+0
-3.19824219E-1	-7.54392033E-8	-7.54392033E-8	-3.19824219E-1	0.00000000E+0	0.00000000E+0
-3.17382812E-1	-7.50186970E-8	-7.50186970E-8	-3.17382812E-1	0.00000000E+0	0.00000000E+0
-3.14941406E-1	-7.46058006E-8	-7.46058006E-8	-3.14941406E-1	0.00000000E+0	0.00000000E+0
-3.12500000E-1	-7.40858965E-8	-7.40858965E-8	-3.12500000E-1	0.00000000E+0	0.00000000E+0
-3.10058594E-1	-7.35316021E-8	-7.35316021E-8	-3.10058594E-1	0.00000000E+0	0.00000000E+0
-3.07617187E-1	-7.27861007E-8	-7.27861007E-8	-3.07617187E-1	0.00000000E+0	0.00000000E+0
-3.05175781E-1	-7.23732967E-8	-7.23732967E-8	-3.05175781E-1	0.00000000E+0	0.00000000E+0
-3.02734375E-1	-7.17692998E-8	-7.17692998E-8	-3.02734375E-1	0.00000000E+0	0.00000000E+0
-3.00292969E-1	-7.11269976E-8	-7.11269976E-8	-3.00292969E-1	0.00000000E+0	0.00000000E+0
-2.97851562E-1	-7.06760019E-8	-7.06760019E-8	-2.97851562E-1	0.00000000E+0	0.00000000E+0
-2.95410156E-1	-7.01598992E-8	-7.01598992E-8	-2.95410156E-1	0.00000000E+0	0.00000000E+0
-2.92968750E-1	-6.94871005E-8	-6.94871005E-8	-2.92968750E-1	0.00000000E+0	0.00000000E+0
-2.90527344E-1	-6.89479975E-8	-6.89479975E-8	-2.90527344E-1	0.00000000E+0	0.00000000E+0
-2.88085937E-1	-6.84281005E-8	-6.84281005E-8	-2.88085937E-1	0.00000000E+0	0.00000000E+0
-2.85644531E-1	-6.78165009E-8	-6.78165009E-8	-2.85644531E-1	0.00000000E+0	0.00000000E+0
-2.83203125E-1	-6.73731009E-8	-6.73731009E-8	-2.83203125E-1	0.00000000E+0	0.00000000E+0
-2.80761719E-1	-6.69143034E-8	-6.69143034E-8	-2.80761719E-1	0.00000000E+0	0.00000000E+0
-2.78320312E-1	-6.64134987E-8	-6.64134987E-8	-2.78320312E-1	0.00000000E+0	0.00000000E+0
-2.75878906E-1	-6.57713031E-8	-6.57713031E-8	-2.75878906E-1	0.00000000E+0	0.00000000E+0
-2.73437500E-1	-6.52208030E-8	-6.52208030E-8	-2.73437500E-1	0.00000000E+0	0.00000000E+0
-2.70996094E-1	-6.46817995E-8	-6.46817995E-8	-2.70996094E-1	0.00000000E+0	0.00000000E+0
-2.68554687E-1	-6.42535980E-8	-6.42535980E-8	-2.68554687E-1	0.00000000E+0	0.00000000E+0
-2.66113281E-1	-6.37108002E-8	-6.37108002E-8	-2.66113281E-1	0.00000000E+0	0.00000000E+0
-2.63671875E-1	-6.33591029E-8	-6.33591029E-8	-2.63671875E-1	0.00000000E+0	0.00000000E+0
-2.61230469E-1	-6.27321981E-8	-6.27321981E-8	-2.61230469E-1	0.00000000E+0	0.00000000E+0
-2.58789062E-1	-6.22428971E-8	-6.22428971E-8	-2.58789062E-1	0.00000000E+0	0.00000000E+0
-2.56347656E-1	-6.16388007E-8	-6.16388007E-8	-2.56347656E-1	0.00000000E+0	0.00000000E+0
-2.53906250E-1	-6.10653998E-8	-6.10653998E-8	-2.53906250E-1	0.00000000E+0	0.00000000E+0
-2.51464844E-1	-6.05569994E-8	-6.05569994E-8	-2.51464844E-1	0.00000000E+0	0.00000000E+0
-2.49023437E-1	-5.99262009E-8	-5.99262009E-8	-2.49023437E-1	0.00000000E+0	0.00000000E+0
-2.46582031E-1	-5.94750986E-8	-5.94750986E-8	-2.46582031E-1	0.00000000E+0	0.00000000E+0
-2.44140625E-1	-5.88558997E-8	-5.88558997E-8	-2.44140625E-1	0.00000000E+0	0.00000000E+0
-2.41699219E-1	-5.83818007E-8	-5.83818007E-8	-2.41699219E-1	0.00000000E+0	0.00000000E+0
-2.39257812E-1	-5.77624988E-8	-5.77624988E-8	-2.39257812E-1	0.00000000E+0	0.00000000E+0
-2.36816406E-1	-5.71737999E-8	-5.71737999E-8	-2.36816406E-1	0.00000000E+0	0.00000000E+0
-2.34375000E-1	-5.66042004E-8	-5.66042004E-8	-2.34375000E-1	0.00000000E+0	0.00000000E+0
-2.31933594E-1	-5.59963986E-8	-5.59963986E-8	-2.31933594E-1	0.00000000E+0	0.00000000E+0
-2.29492187E-1	-5.55988002E-8	-5.55988002E-8	-2.29492187E-1	0.00000000E+0	0.00000000E+0
-2.27050781E-1	-5.49337003E-8	-5.49337003E-8	-2.27050781E-1	0.00000000E+0	0.00000000E+0
-2.24609375E-1	-5.45131016E-8	-5.45131016E-8	-2.24609375E-1	0.00000000E+0	0.00000000E+0
-2.22167969E-1	-5.38402993E-8	-5.38402993E-8	-2.22167969E-1	0.00000000E+0	0.00000000E+0
-2.19726562E-1	-5.32440012E-8	-5.32440012E-8	-2.19726562E-1	0.00000000E+0	0.00000000E+0
-2.17285156E-1	-5.28005017E-8	-5.28005017E-8	-2.17285156E-1	0.00000000E+0	0.00000000E+0
-2.14843750E-1	-5.21276995E-8	-5.21276995E-8	-2.14843750E-1	0.00000000E+0	0.00000000E+0
-2.12402344E-1	-5.14473015E-8	-5.14473015E-8	-2.12402344E-1	0.00000000E+0	0.00000000E+0
-2.09960937E-1	-5.09274010E-8	-5.09274010E-8	-2.09960937E-1	0.00000000E+0	0.00000000E+0
-2.07519531E-1	-5.03156983E-8	-5.03156983E-8	-2.07519531E-1	0.00000000E+0	0.00000000E+0
-2.05078125E-1	-4.98570003E-8	-4.98570003E-8	-2.05078125E-1	0.00000000E+0	0.00000000E+0
-2.02636719E-1	-4.92453012E-8	-4.92453012E-8	-2.02636719E-1	0.00000000E+0	0.00000000E+0
-2.00195312E-1	-4.87254006E-8	-4.87254006E-8	-2.00195312E-1	0.00000000E+0	0.00000000E+0
-1.97753906E-1	-4.81060987E-8	-4.81060987E-8	-1.97753906E-1	0.00000000E+0	0.00000000E+0
-1.95312500E-1	-4.73722004E-8	-4.73722004E-8	-1.95312500E-1	0.00000000E+0	0.00000000E+0
-1.92871094E-1	-4.68598991E-8	-4.68598991E-8	-1.92871094E-1	0.00000000E+0	0.00000000E+0
-1.90429687E-1	-4.63017997E-8	-4.63017997E-8	-1.90429687E-1	0.00000000E+0	0.00000000E+0
-1.87988281E-1	-4.57512996E-8	-4.57512996E-8	-1.87988281E-1	0.00000000E+0	0.00000000E+0
-1.85546875E-1	-4.51626008E-8	-4.51626008E-8	-1.85546875E-1	0.00000000E+0	0.00000000E+0
-1.83105469E-1	-4.44974013E-8	-4.44974013E-8	-1.83105469E-1	0.00000000E+0	0.00000000E+0
-1.80664062E-1	-4.39469012E-8	-4.39469012E-8	-1.80664062E-1	0.00000000E+0	0.00000000E+0
-1.78222656E-1	-4.34194014E-8	-4.34194014E-8	-1.78222656E-1	0.00000000E+0	0.00000000E+0
-1.75781250E-1	-4.28076987E-8	-4.28076987E-8	-1.75781250E-1	0.00000000E+0	0.00000000E+0
-1.73339844E-1	-4.22266986E-8	-4.22266986E-8	-1.73339844E-1	0.00000000E+0	0.00000000E+0
-1.70898437E-1	-4.15843999E-8	-4.15843999E-8	-1.70898437E-1	0.00000000E+0	0.00000000E+0
-1.68457031E-1	-4.10033998E-8	-4.10033998E-8	-1.68457031E-1	0.00000000E+0	0.00000000E+0
-1.66015625E-1	-4.04834992E-8	-4.04834992E-8	-1.66015625E-1	0.00000000E+0	0.00000000E+0
-1.63574219E-1	-3.97112991E-8	-3.97112991E-8	-1.63574219E-1	0.00000000E+0	0.00000000E+0
-1.61132812E-1	-3.92027992E-8	-3.92027992E-8	-1.61132812E-1	0.00000000E+0	0.00000000E+0
-1.58691406E-1	-3.84039005E-8	-3.84039005E-8	-1.58691406E-1	0.00000000E+0	0.00000000E+0
-1.56250000E-1	-3.77004987E-8	-3.77004987E-8	-1.56250000E-1	0.00000000E+0	0.00000000E+0
-1.53808594E-1	-3.71422999E-8	-3.71422999E-8	-1.53808594E-1	0.00000000E+0	0.00000000E+0
-1.51367187E-1	-3.63471990E-8	-3.63471990E-8	-1.51367187E-1	0.00000000E+0	0.00000000E+0
-1.48925781E-1	-3.59382000E-8	-3.59382000E-8	-1.48925781E-1	0.00000000E+0	0.00000000E+0
-1.46484375E-1	-3.51392018E-8	-3.51392018E-8	-1.46484375E-1	0.00000000E+0	0.00000000E+0
-1.44042969E-1	-3.44281013E-8	-3.44281013E-8	-1.44042969E-1	0.00000000E+0	0.00000000E+0
-1.41601562E-1	-3.38699984E-8	-3.38699984E-8	-1.41601562E-1	0.00000000E+0	0.00000000E+0
-1.39160156E-1	-3.33194983E-8	-3.33194983E-8	-1.39160156E-1	0.00000000E+0	0.00000000E+0
-1.36718750E-1	-3.25856000E-8	-3.25856000E-8	-1.36718750E-1	0.00000000E+0	0.00000000E+0
-1.34277344E-1	-3.19241984E-8	-3.19241984E-8	-1.34277344E-1	0.00000000E+0	0.00000000E+0
-1.31835937E-1	-3.11328989E-8	-3.11328989E-8	-1.31835937E-1	0.00000000E+0	0.00000000E+0
-1.29394531E-1	-3.06052996E-8	-3.06052996E-8	-1.29394531E-1	0.00000000E+0	0.00000000E+0
-1.26953125E-1	-3.00587004E-8	-3.00587004E-8	-1.26953125E-1	0.00000000E+0	0.00000000E+0
-1.24511719E-1	-2.92940996E-8	-2.92940996E-8	-1.24511719E-1	0.00000000E+0	0.00000000E+0
-1.22070312E-1	-2.87818995E-8	-2.87818995E-8	-1.22070312E-1	0.00000000E+0	0.00000000E+0
-1.19628906E-1	-2.82045995E-8	-2.82045995E-8	-1.19628906E-1	0.00000000E+0	0.00000000E+0
-1.17187500E-1	-2.77153003E-8	-2.77153003E-8	-1.17187500E-1	0.00000000E+0	0.00000000E+0
-1.14746094E-1	-2.71037006E-8	-2.71037006E-8	-1.14746094E-1	0.00000000E+0	0.00000000E+0
-1.12304687E-1	-2.65607998E-8	-2.65607998E-8	-1.12304687E-1	0.00000000E+0	0.00000000E+0
-1.09863281E-1	-2.61633009E-8	-2.61633009E-8	-1.09863281E-1	0.00000000E+0	0.00000000E+0
-1.07421875E-1	-2.55440007E-8	-2.55440007E-8	-1.07421875E-1	0.00000000E+0	0.00000000E+0
-1.04980469E-1	-2.48940992E-8	-2.48940992E-8	-1.04980469E-1	0.00000000E+0	0.00000000E+0
-1.02539062E-1	-2.41753995E-8	-2.41753995E-8	-1.02539062E-1	0.00000000E+0	0.00000000E+0
-1.00097656E-1	-2.35611992E-8	-2.35611992E-8	-1.00097656E-1	0.00000000E+0	0.00000000E+0
-9.76562500E-2	-2.29827002E-8	-2.29827002E-8	-9.76562500E-2	0.00000000E+0	0.00000000E+0
-9.52148438E-2	-2.22640004E-8	-2.22640004E-8	-9.52148438E-2	0.00000000E+0	0.00000000E+0
-9.27734375E-2	-2.15874003E-8	-2.15874003E-8	-9.27734375E-2	0.00000000E+0	0.00000000E+0
-9.03320313E-2	-2.09464002E-8	-2.09464002E-8	-9.03320313E-2	0.00000000E+0	0.00000000E+0
-8.78906250E-2	-2.02379002E-8	-2.02379002E-8	-8.78906250E-2	0.00000000E+0	0.00000000E+0
-8.54492188E-2	-1.93586995E-8	-1.93586995E-8	-8.54492188E-2	0.00000000E+0	0.00000000E+0
-8.30078125E-2	-1.86196001E-8	-1.86196001E-8	-8.30078125E-2	0.00000000E+0	0.00000000E+0
-8.05664063E-2	-1.78856006E-8	-1.78856006E-8	-8.05664063E-2	0.00000000E+0	0.00000000E+0
-7.81250000E-2	-1.72842007E-8	-1.72842007E-8	-7.81250000E-2	0.00000000E+0	0.00000000E+0
-7.56835938E-2	-1.59104996E-8	-1.59104996E-8	-7.56835938E-2	0.00000000E+0	0.00000000E+0
-7.32421875E-2	-1.52683004E-8	-1.52683004E-8	-7.32421875E-2	0.00000000E+0	0.00000000E+0
-7.08007813E-2	-1.50796993E-8	-1.50796993E-8	-7.08007813E-2	0.00000000E+0	0.00000000E+0
-6.83593750E-2	-1.49191006E-8	-1.49191006E-8	-6.83593750E-2	0.00000000E+0	0.00000000E+0
-6.59179688E-2	-1.49191006E-8	-1.49191006E-8	-6.59179688E-2	0.00000000E+0	0.00000000E+0
-6.34765625E-2	-1.51154005E-8	-1.51154005E-8	-6.34765625E-2	0.00000000E+0	0.00000000E+0
-6.10351563E-2	-1.54389994E-8	-1.54389994E-8	-6.10351563E-2	0.00000000E+0	0.00000000E+0
-5.85937500E-2	-1.60252007E-8	-1.60252007E-8	-5.85937500E-2	0.00000000E+0	0.00000000E+0
-5.61523438E-2	-1.69884995E-8	-1.69884995E-8	-5.61523438E-2	0.00000000E+0	0.00000000E+0
-5.37109375E-2	-1.83036004E-8	-1.83036004E-8	-5.37109375E-2	0.00000000E+0	0.00000000E+0
-5.12695313E-2	-2.00620995E-8	-2.00620995E-8	-5.12695313E-2	0.00000000E+0	0.00000000E+0
-4.88281250E-2	-2.29827002E-8	-2.29827002E-8	-4.88281250E-2	0.00000000E+0	0.00000000E+0
-4.63867188E-2	-2.56356998E-8	-2.56356998E-8	-4.63867188E-2	0.00000000E+0	0.00000000E+0
-4.39453125E-2	-3.13164001E-8	-3.13164001E-8	-4.39453125E-2	0.00000000E+0	0.00000000E+0
-4.15039063E-2	-2.98942986E-8	-2.98942986E-8	-4.15039063E-2	0.00000000E+0	0.00000000E+0
-3.90625000E-2	-4.00247018E-8	-4.00247018E-8	-3.90625000E-2	0.00000000E+0	0.00000000E+0
-3.66210938E-2	-3.84344006E-8	-3.84344006E-8	-3.66210938E-2	0.00000000E+0	0.00000000E+0
-3.41796875E-2	-3.55712011E-8	-3.55712011E-8	-3.41796875E-2	0.00000000E+0	0.00000000E+0
-3.17382813E-2	-3.26926006E-8	-3.26926006E-8	-3.17382813E-2	0.00000000E+0	0.00000000E+0
-2.92968750E-2	-3.01083993E-8	-3.01083993E-8	-2.92968750E-2	0.00000000E+0	0.00000000E+0
-2.68554688E-2	-2.75164993E-8	-2.75164993E-8	-2.68554688E-2	0.00000000E+0	0.00000000E+0
-2.44140625E-2	-2.49094008E-8	-2.49094008E-8	-2.44140625E-2	0.00000000E+0	0.00000000E+0
-2.19726563E-2	-2.23556995E-8	-2.23556995E-8	-2.19726563E-2	0.00000000E+0	0.00000000E+0
-1.95312500E-2	-1.97155003E-8	-1.97155003E-8	-1.95312500E-2	0.00000000E+0	0.00000000E+0
-1.70898438E-2	-1.73096009E-8	-1.73096009E-8	-1.70898438E-2	0.00000000E+0	0.00000000E+0
-1.46484375E-2	-1.47712997E-8	-1.47712997E-8	-1.46484375E-2	0.00000000E+0	0.00000000E+0
-1.22070313E-2	-1.23513004E-8	-1.23513004E-8	-1.22070313E-2	0.00000000E+0	0.00000000E+0
-9.76562500E-3	-9.85941995E-9	-9.85941995E-9	-9.76562500E-3	0.00000000E+0	0.00000000E+0
-7.32421875E-3	-7.51964979E-9	-7.51964979E-9	-7.32421875E-3	0.00000000E+0	0.00000000E+0
-4.88281250E-3	-5.14698018E-9	-5.14698018E-9	-4.88281250E-3	0.00000000E+0	0.00000000E+0
-2.44140625E-3	-2.79216006E-9	-2.79216006E-9	-2.44140625E-3	0.00000000E+0	0.00000000E+0
0.00000000E+0	-3.95378008E-10	-3.95378008E-10	0.00000000E+0	0.00000000E+0	0.00000000E+0
