Date: do 28 mrt 2013, Material: Au, Temp: 4.2 K
AO1 - module gain: 1.0E+0, R_out: 0.0
AO2 - module gain: 1.0E+2
MUX1 - ADC gain: 4, logarithmic amplifier: D:\LabVIEW Data\Lithographic MCBJ\MED24_070412.TXT, R_in: 0.000
MUX2 - ADC gain: 4, linear amplifier: 1.000000 x 1e10 V/A, R_in: 1.000
Breaking trace: 15 0
Axis position: -883.281165
Vbias (V)	<I> and Ii MUX1 (A)	Vbias (V)	<I> and Ii MUX2 (A)
@
0.00000000E+0	-2.18057994E-9	-2.18057994E-9	0.00000000E+0	0.00000000E+0	0.00000000E+0
2.44140625E-3	5.77185011E-9	5.77185011E-9	2.44140625E-3	0.00000000E+0	0.00000000E+0
4.88281250E-3	1.58416995E-8	1.58416995E-8	4.88281250E-3	0.00000000E+0	0.00000000E+0
7.32421875E-3	2.59414996E-8	2.59414996E-8	7.32421875E-3	0.00000000E+0	0.00000000E+0
9.76562500E-3	3.66529989E-8	3.66529989E-8	9.76562500E-3	0.00000000E+0	0.00000000E+0
1.22070313E-2	4.72956998E-8	4.72956998E-8	1.22070313E-2	0.00000000E+0	0.00000000E+0
1.46484375E-2	5.86302988E-8	5.86302988E-8	1.46484375E-2	0.00000000E+0	0.00000000E+0
1.70898438E-2	6.98273013E-8	6.98273013E-8	1.70898438E-2	0.00000000E+0	0.00000000E+0
1.95312500E-2	8.16244992E-8	8.16244992E-8	1.95312500E-2	0.00000000E+0	0.00000000E+0
2.19726563E-2	9.30929005E-8	9.30929005E-8	2.19726563E-2	0.00000000E+0	0.00000000E+0
2.44140625E-2	1.05029997E-7	1.05029997E-7	2.44140625E-2	0.00000000E+0	0.00000000E+0
2.68554688E-2	1.16572998E-7	1.16572998E-7	2.68554688E-2	0.00000000E+0	0.00000000E+0
2.92968750E-2	1.28943000E-7	1.28943000E-7	2.92968750E-2	0.00000000E+0	0.00000000E+0
3.17382813E-2	1.40284001E-7	1.40284001E-7	3.17382813E-2	0.00000000E+0	0.00000000E+0
3.41796875E-2	1.52655005E-7	1.52655005E-7	3.41796875E-2	0.00000000E+0	0.00000000E+0
3.66210938E-2	1.65025995E-7	1.65025995E-7	3.66210938E-2	0.00000000E+0	0.00000000E+0
3.90625000E-2	1.78492002E-7	1.78492002E-7	3.90625000E-2	0.00000000E+0	0.00000000E+0
4.15039063E-2	1.86638005E-7	1.86638005E-7	4.15039063E-2	0.00000000E+0	0.00000000E+0
4.39453125E-2	1.33257998E-7	1.33257998E-7	4.39453125E-2	0.00000000E+0	0.00000000E+0
4.63867188E-2	1.15448998E-7	1.15448998E-7	4.63867188E-2	0.00000000E+0	0.00000000E+0
4.88281250E-2	2.79523000E-8	2.79523000E-8	4.88281250E-2	0.00000000E+0	0.00000000E+0
5.12695313E-2	8.95501984E-9	8.95501984E-9	5.12695313E-2	0.00000000E+0	0.00000000E+0
5.37109375E-2	1.02381996E-8	1.02381996E-8	5.37109375E-2	0.00000000E+0	0.00000000E+0
5.61523438E-2	5.16155012E-8	5.16155012E-8	5.61523438E-2	0.00000000E+0	0.00000000E+0
5.85937500E-2	4.72040007E-8	4.72040007E-8	5.85937500E-2	0.00000000E+0	0.00000000E+0
6.10351563E-2	4.55449012E-8	4.55449012E-8	6.10351563E-2	0.00000000E+0	0.00000000E+0
6.34765625E-2	4.53995987E-8	4.53995987E-8	6.34765625E-2	0.00000000E+0	0.00000000E+0
6.59179688E-2	4.65616985E-8	4.65616985E-8	6.59179688E-2	0.00000000E+0	0.00000000E+0
6.83593750E-2	4.82285003E-8	4.82285003E-8	6.83593750E-2	0.00000000E+0	0.00000000E+0
7.08007813E-2	5.14014005E-8	5.14014005E-8	7.08007813E-2	0.00000000E+0	0.00000000E+0
7.32421875E-2	5.20206989E-8	5.20206989E-8	7.32421875E-2	0.00000000E+0	0.00000000E+0
7.56835938E-2	5.40620988E-8	5.40620988E-8	7.56835938E-2	0.00000000E+0	0.00000000E+0
7.81250000E-2	5.66157006E-8	5.66157006E-8	7.81250000E-2	0.00000000E+0	0.00000000E+0
8.05664063E-2	5.98344982E-8	5.98344982E-8	8.05664063E-2	0.00000000E+0	0.00000000E+0
8.30078125E-2	6.26021972E-8	6.26021972E-8	8.30078125E-2	0.00000000E+0	0.00000000E+0
8.54492188E-2	6.50259011E-8	6.50259011E-8	8.54492188E-2	0.00000000E+0	0.00000000E+0
8.78906250E-2	6.76367975E-8	6.76367975E-8	8.78906250E-2	0.00000000E+0	0.00000000E+0
9.03320313E-2	6.92003965E-8	6.92003965E-8	9.03320313E-2	0.00000000E+0	0.00000000E+0
9.27734375E-2	7.34321972E-8	7.34321972E-8	9.27734375E-2	0.00000000E+0	0.00000000E+0
9.52148438E-2	7.53397984E-8	7.53397984E-8	9.52148438E-2	0.00000000E+0	0.00000000E+0
9.76562500E-2	7.73046978E-8	7.73046978E-8	9.76562500E-2	0.00000000E+0	0.00000000E+0
1.00097656E-1	7.94454991E-8	7.94454991E-8	1.00097656E-1	0.00000000E+0	0.00000000E+0
1.02539062E-1	8.12880003E-8	8.12880003E-8	1.02539062E-1	0.00000000E+0	0.00000000E+0
1.04980469E-1	8.30045011E-8	8.30045011E-8	1.04980469E-1	0.00000000E+0	0.00000000E+0
1.07421875E-1	8.42468992E-8	8.42468992E-8	1.07421875E-1	0.00000000E+0	0.00000000E+0
1.09863281E-1	8.64947012E-8	8.64947012E-8	1.09863281E-1	0.00000000E+0	0.00000000E+0
1.12304687E-1	8.81232012E-8	8.81232012E-8	1.12304687E-1	0.00000000E+0	0.00000000E+0
1.14746094E-1	8.95146997E-8	8.95146997E-8	1.14746094E-1	0.00000000E+0	0.00000000E+0
1.17187500E-1	9.11700013E-8	9.11700013E-8	1.17187500E-1	0.00000000E+0	0.00000000E+0
1.19628906E-1	9.27028978E-8	9.27028978E-8	1.19628906E-1	0.00000000E+0	0.00000000E+0
1.22070312E-1	9.41556024E-8	9.41556024E-8	1.22070312E-1	0.00000000E+0	0.00000000E+0
1.24511719E-1	9.60746007E-8	9.60746007E-8	1.24511719E-1	0.00000000E+0	0.00000000E+0
1.26953125E-1	9.76675025E-8	9.76675025E-8	1.26953125E-1	0.00000000E+0	0.00000000E+0
1.29394531E-1	9.88015998E-8	9.88015998E-8	1.29394531E-1	0.00000000E+0	0.00000000E+0
1.31835937E-1	1.01010997E-7	1.01010997E-7	1.31835937E-1	0.00000000E+0	0.00000000E+0
1.34277344E-1	1.02813999E-7	1.02813999E-7	1.34277344E-1	0.00000000E+0	0.00000000E+0
1.36718750E-1	1.04541002E-7	1.04541002E-7	1.36718750E-1	0.00000000E+0	0.00000000E+0
1.39160156E-1	1.06342000E-7	1.06342000E-7	1.39160156E-1	0.00000000E+0	0.00000000E+0
1.41601562E-1	1.07814003E-7	1.07814003E-7	1.41601562E-1	0.00000000E+0	0.00000000E+0
1.44042969E-1	1.09372998E-7	1.09372998E-7	1.44042969E-1	0.00000000E+0	0.00000000E+0
1.46484375E-1	1.11230001E-7	1.11230001E-7	1.46484375E-1	0.00000000E+0	0.00000000E+0
1.48925781E-1	1.12941002E-7	1.12941002E-7	1.48925781E-1	0.00000000E+0	0.00000000E+0
1.51367187E-1	1.14461997E-7	1.14461997E-7	1.51367187E-1	0.00000000E+0	0.00000000E+0
1.53808594E-1	1.16646000E-7	1.16646000E-7	1.53808594E-1	0.00000000E+0	0.00000000E+0
1.56250000E-1	1.18239001E-7	1.18239001E-7	1.56250000E-1	0.00000000E+0	0.00000000E+0
1.58691406E-1	1.19931002E-7	1.19931002E-7	1.58691406E-1	0.00000000E+0	0.00000000E+0
1.61132812E-1	1.22173006E-7	1.22173006E-7	1.61132812E-1	0.00000000E+0	0.00000000E+0
1.63574219E-1	1.24205002E-7	1.24205002E-7	1.63574219E-1	0.00000000E+0	0.00000000E+0
1.66015625E-1	1.25930001E-7	1.25930001E-7	1.66015625E-1	0.00000000E+0	0.00000000E+0
1.68457031E-1	1.27717996E-7	1.27717996E-7	1.68457031E-1	0.00000000E+0	0.00000000E+0
1.70898437E-1	1.29392006E-7	1.29392006E-7	1.70898437E-1	0.00000000E+0	0.00000000E+0
1.73339844E-1	1.31044004E-7	1.31044004E-7	1.73339844E-1	0.00000000E+0	0.00000000E+0
1.75781250E-1	1.32761997E-7	1.32761997E-7	1.75781250E-1	0.00000000E+0	0.00000000E+0
1.78222656E-1	1.34786006E-7	1.34786006E-7	1.78222656E-1	0.00000000E+0	0.00000000E+0
1.80664062E-1	1.36617999E-7	1.36617999E-7	1.80664062E-1	0.00000000E+0	0.00000000E+0
1.83105469E-1	1.38871002E-7	1.38871002E-7	1.83105469E-1	0.00000000E+0	0.00000000E+0
1.85546875E-1	1.40284001E-7	1.40284001E-7	1.85546875E-1	0.00000000E+0	0.00000000E+0
1.87988281E-1	1.42039994E-7	1.42039994E-7	1.87988281E-1	0.00000000E+0	0.00000000E+0
1.90429687E-1	1.43950004E-7	1.43950004E-7	1.90429687E-1	0.00000000E+0	0.00000000E+0
1.92871094E-1	1.45680005E-7	1.45680005E-7	1.92871094E-1	0.00000000E+0	0.00000000E+0
1.95312500E-1	1.47690997E-7	1.47690997E-7	1.95312500E-1	0.00000000E+0	0.00000000E+0
1.97753906E-1	1.49523999E-7	1.49523999E-7	1.97753906E-1	0.00000000E+0	0.00000000E+0
2.00195312E-1	1.51357000E-7	1.51357000E-7	2.00195312E-1	0.00000000E+0	0.00000000E+0
2.02636719E-1	1.53011996E-7	1.53011996E-7	2.02636719E-1	0.00000000E+0	0.00000000E+0
2.05078125E-1	1.54926994E-7	1.54926994E-7	2.05078125E-1	0.00000000E+0	0.00000000E+0
2.07519531E-1	1.56677004E-7	1.56677004E-7	2.07519531E-1	0.00000000E+0	0.00000000E+0
2.09960937E-1	1.59324003E-7	1.59324003E-7	2.09960937E-1	0.00000000E+0	0.00000000E+0
2.12402344E-1	1.62277004E-7	1.62277004E-7	2.12402344E-1	0.00000000E+0	0.00000000E+0
2.14843750E-1	1.64797001E-7	1.64797001E-7	2.14843750E-1	0.00000000E+0	0.00000000E+0
2.17285156E-1	1.65561005E-7	1.65561005E-7	2.17285156E-1	0.00000000E+0	0.00000000E+0
2.19726562E-1	1.67801005E-7	1.67801005E-7	2.19726562E-1	0.00000000E+0	0.00000000E+0
2.22167969E-1	1.69939000E-7	1.69939000E-7	2.22167969E-1	0.00000000E+0	0.00000000E+0
2.24609375E-1	1.71262997E-7	1.71262997E-7	2.24609375E-1	0.00000000E+0	0.00000000E+0
2.27050781E-1	1.73019004E-7	1.73019004E-7	2.27050781E-1	0.00000000E+0	0.00000000E+0
2.29492187E-1	1.75794000E-7	1.75794000E-7	2.29492187E-1	0.00000000E+0	0.00000000E+0
2.31933594E-1	1.76685006E-7	1.76685006E-7	2.31933594E-1	0.00000000E+0	0.00000000E+0
2.34375000E-1	1.78492002E-7	1.78492002E-7	2.34375000E-1	0.00000000E+0	0.00000000E+0
2.36816406E-1	1.80529000E-7	1.80529000E-7	2.36816406E-1	0.00000000E+0	0.00000000E+0
2.39257812E-1	1.81903005E-7	1.81903005E-7	2.39257812E-1	0.00000000E+0	0.00000000E+0
2.41699219E-1	1.83430998E-7	1.83430998E-7	2.41699219E-1	0.00000000E+0	0.00000000E+0
2.44140625E-1	1.85033997E-7	1.85033997E-7	2.44140625E-1	0.00000000E+0	0.00000000E+0
2.46582031E-1	1.87249000E-7	1.87249000E-7	2.46582031E-1	0.00000000E+0	0.00000000E+0
2.49023437E-1	1.88775999E-7	1.88775999E-7	2.49023437E-1	0.00000000E+0	0.00000000E+0
2.51464844E-1	1.90913994E-7	1.90913994E-7	2.51464844E-1	0.00000000E+0	0.00000000E+0
2.53906250E-1	1.92035003E-7	1.92035003E-7	2.53906250E-1	0.00000000E+0	0.00000000E+0
2.56347656E-1	1.94503997E-7	1.94503997E-7	2.56347656E-1	0.00000000E+0	0.00000000E+0
2.58789062E-1	1.96361995E-7	1.96361995E-7	2.58789062E-1	0.00000000E+0	0.00000000E+0
2.61230469E-1	1.98475007E-7	1.98475007E-7	2.61230469E-1	0.00000000E+0	0.00000000E+0
2.63671875E-1	2.00689001E-7	2.00689001E-7	2.63671875E-1	0.00000000E+0	0.00000000E+0
2.66113281E-1	2.02064001E-7	2.02064001E-7	2.66113281E-1	0.00000000E+0	0.00000000E+0
2.68554687E-1	2.04049002E-7	2.04049002E-7	2.68554687E-1	0.00000000E+0	0.00000000E+0
2.70996094E-1	2.06378999E-7	2.06378999E-7	2.70996094E-1	0.00000000E+0	0.00000000E+0
2.73437500E-1	2.08019998E-7	2.08019998E-7	2.73437500E-1	0.00000000E+0	0.00000000E+0
2.75878906E-1	2.07561996E-7	2.07561996E-7	2.75878906E-1	0.00000000E+0	0.00000000E+0
2.78320312E-1	2.09242003E-7	2.09242003E-7	2.78320312E-1	0.00000000E+0	0.00000000E+0
2.80761719E-1	2.11533006E-7	2.11533006E-7	2.80761719E-1	0.00000000E+0	0.00000000E+0
2.83203125E-1	2.13340996E-7	2.13340996E-7	2.83203125E-1	0.00000000E+0	0.00000000E+0
2.85644531E-1	2.15656996E-7	2.15656996E-7	2.85644531E-1	0.00000000E+0	0.00000000E+0
2.88085937E-1	2.17489998E-7	2.17489998E-7	2.88085937E-1	0.00000000E+0	0.00000000E+0
2.90527344E-1	2.19170005E-7	2.19170005E-7	2.90527344E-1	0.00000000E+0	0.00000000E+0
2.92968750E-1	2.20925997E-7	2.20925997E-7	2.92968750E-1	0.00000000E+0	0.00000000E+0
2.95410156E-1	2.23369995E-7	2.23369995E-7	2.95410156E-1	0.00000000E+0	0.00000000E+0
2.97851562E-1	2.25126001E-7	2.25126001E-7	2.97851562E-1	0.00000000E+0	0.00000000E+0
3.00292969E-1	2.27417004E-7	2.27417004E-7	3.00292969E-1	0.00000000E+0	0.00000000E+0
3.02734375E-1	2.29096997E-7	2.29096997E-7	3.02734375E-1	0.00000000E+0	0.00000000E+0
3.05175781E-1	2.31083007E-7	2.31083007E-7	3.05175781E-1	0.00000000E+0	0.00000000E+0
3.07617187E-1	2.33335996E-7	2.33335996E-7	3.07617187E-1	0.00000000E+0	0.00000000E+0
3.10058594E-1	2.35894007E-7	2.35894007E-7	3.10058594E-1	0.00000000E+0	0.00000000E+0
3.12500000E-1	2.37574000E-7	2.37574000E-7	3.12500000E-1	0.00000000E+0	0.00000000E+0
3.14941406E-1	2.39635995E-7	2.39635995E-7	3.14941406E-1	0.00000000E+0	0.00000000E+0
3.17382812E-1	2.41010014E-7	2.41010014E-7	3.17382812E-1	0.00000000E+0	0.00000000E+0
3.19824219E-1	2.43225003E-7	2.43225003E-7	3.19824219E-1	0.00000000E+0	0.00000000E+0
3.22265625E-1	2.45362997E-7	2.45362997E-7	3.22265625E-1	0.00000000E+0	0.00000000E+0
3.24707031E-1	2.47119999E-7	2.47119999E-7	3.24707031E-1	0.00000000E+0	0.00000000E+0
3.27148437E-1	2.49257994E-7	2.49257994E-7	3.27148437E-1	0.00000000E+0	0.00000000E+0
3.29589844E-1	2.51892999E-7	2.51892999E-7	3.29589844E-1	0.00000000E+0	0.00000000E+0
3.32031250E-1	2.56130988E-7	2.56130988E-7	3.32031250E-1	0.00000000E+0	0.00000000E+0
3.34472656E-1	2.59338009E-7	2.59338009E-7	3.34472656E-1	0.00000000E+0	0.00000000E+0
3.36914062E-1	2.60255007E-7	2.60255007E-7	3.36914062E-1	0.00000000E+0	0.00000000E+0
3.39355469E-1	2.62087013E-7	2.62087013E-7	3.39355469E-1	0.00000000E+0	0.00000000E+0
3.41796875E-1	2.64073009E-7	2.64073009E-7	3.41796875E-1	0.00000000E+0	0.00000000E+0
3.44238281E-1	2.65854993E-7	2.65854993E-7	3.44238281E-1	0.00000000E+0	0.00000000E+0
3.46679687E-1	2.67891011E-7	2.67891011E-7	3.46679687E-1	0.00000000E+0	0.00000000E+0
3.49121094E-1	2.70525987E-7	2.70525987E-7	3.49121094E-1	0.00000000E+0	0.00000000E+0
3.51562500E-1	2.70258994E-7	2.70258994E-7	3.51562500E-1	0.00000000E+0	0.00000000E+0
3.54003906E-1	2.71479990E-7	2.71479990E-7	3.54003906E-1	0.00000000E+0	0.00000000E+0
3.56445312E-1	2.73465986E-7	2.73465986E-7	3.56445312E-1	0.00000000E+0	0.00000000E+0
3.58886719E-1	2.75145993E-7	2.75145993E-7	3.58886719E-1	0.00000000E+0	0.00000000E+0
3.61328125E-1	2.76368013E-7	2.76368013E-7	3.61328125E-1	0.00000000E+0	0.00000000E+0
3.63769531E-1	2.78353014E-7	2.78353014E-7	3.63769531E-1	0.00000000E+0	0.00000000E+0
3.66210937E-1	2.80032992E-7	2.80032992E-7	3.66210937E-1	0.00000000E+0	0.00000000E+0
3.68652344E-1	2.82629998E-7	2.82629998E-7	3.68652344E-1	0.00000000E+0	0.00000000E+0
3.71093750E-1	2.82743997E-7	2.82743997E-7	3.71093750E-1	0.00000000E+0	0.00000000E+0
3.73535156E-1	2.82629998E-7	2.82629998E-7	3.73535156E-1	0.00000000E+0	0.00000000E+0
3.75976562E-1	2.90571990E-7	2.90571990E-7	3.75976562E-1	0.00000000E+0	0.00000000E+0
3.78417969E-1	2.93320994E-7	2.93320994E-7	3.78417969E-1	0.00000000E+0	0.00000000E+0
3.80859375E-1	2.94848007E-7	2.94848007E-7	3.80859375E-1	0.00000000E+0	0.00000000E+0
3.83300781E-1	2.96757008E-7	2.96757008E-7	3.83300781E-1	0.00000000E+0	0.00000000E+0
3.85742187E-1	2.98971997E-7	2.98971997E-7	3.85742187E-1	0.00000000E+0	0.00000000E+0
3.88183594E-1	2.93932004E-7	2.93932004E-7	3.88183594E-1	0.00000000E+0	0.00000000E+0
3.90625000E-1	2.96069999E-7	2.96069999E-7	3.90625000E-1	0.00000000E+0	0.00000000E+0
3.93066406E-1	3.00193989E-7	3.00193989E-7	3.93066406E-1	0.00000000E+0	0.00000000E+0
3.95507812E-1	3.01759002E-7	3.01759002E-7	3.95507812E-1	0.00000000E+0	0.00000000E+0
3.97949219E-1	3.03897991E-7	3.03897991E-7	3.97949219E-1	0.00000000E+0	0.00000000E+0
4.00390625E-1	3.05310010E-7	3.05310010E-7	4.00390625E-1	0.00000000E+0	0.00000000E+0
4.02832031E-1	3.07372005E-7	3.07372005E-7	4.02832031E-1	0.00000000E+0	0.00000000E+0
4.05273437E-1	3.09586994E-7	3.09586994E-7	4.05273437E-1	0.00000000E+0	0.00000000E+0
4.07714844E-1	3.11802012E-7	3.11802012E-7	4.07714844E-1	0.00000000E+0	0.00000000E+0
4.10156250E-1	3.09396000E-7	3.09396000E-7	4.10156250E-1	0.00000000E+0	0.00000000E+0
4.12597656E-1	3.10655992E-7	3.10655992E-7	4.12597656E-1	0.00000000E+0	0.00000000E+0
4.15039062E-1	3.15582014E-7	3.15582014E-7	4.15039062E-1	0.00000000E+0	0.00000000E+0
4.17480469E-1	3.18636012E-7	3.18636012E-7	4.17480469E-1	0.00000000E+0	0.00000000E+0
4.19921875E-1	3.19667009E-7	3.19667009E-7	4.19921875E-1	0.00000000E+0	0.00000000E+0
4.22363281E-1	3.17834008E-7	3.17834008E-7	4.22363281E-1	0.00000000E+0	0.00000000E+0
4.24804687E-1	3.25624001E-7	3.25624001E-7	4.24804687E-1	0.00000000E+0	0.00000000E+0
4.27246094E-1	3.22263986E-7	3.22263986E-7	4.27246094E-1	0.00000000E+0	0.00000000E+0
4.29687500E-1	3.24478009E-7	3.24478009E-7	4.29687500E-1	0.00000000E+0	0.00000000E+0
4.32128906E-1	3.30053012E-7	3.30053012E-7	4.32128906E-1	0.00000000E+0	0.00000000E+0
4.34570312E-1	3.32496995E-7	3.32496995E-7	4.34570312E-1	0.00000000E+0	0.00000000E+0
4.37011719E-1	3.35359999E-7	3.35359999E-7	4.37011719E-1	0.00000000E+0	0.00000000E+0
4.39453125E-1	3.37307995E-7	3.37307995E-7	4.39453125E-1	0.00000000E+0	0.00000000E+0
4.41894531E-1	3.35474994E-7	3.35474994E-7	4.41894531E-1	0.00000000E+0	0.00000000E+0
4.44335937E-1	3.34634990E-7	3.34634990E-7	4.44335937E-1	0.00000000E+0	0.00000000E+0
4.46777344E-1	3.36850007E-7	3.36850007E-7	4.46777344E-1	0.00000000E+0	0.00000000E+0
4.49218750E-1	3.45325986E-7	3.45325986E-7	4.49218750E-1	0.00000000E+0	0.00000000E+0
4.51660156E-1	3.45325986E-7	3.45325986E-7	4.51660156E-1	0.00000000E+0	0.00000000E+0
4.54101562E-1	3.48914995E-7	3.48914995E-7	4.54101562E-1	0.00000000E+0	0.00000000E+0
4.56542969E-1	3.49907992E-7	3.49907992E-7	4.56542969E-1	0.00000000E+0	0.00000000E+0
4.58984375E-1	3.49450005E-7	3.49450005E-7	4.58984375E-1	0.00000000E+0	0.00000000E+0
4.61425781E-1	3.54489998E-7	3.54489998E-7	4.61425781E-1	0.00000000E+0	0.00000000E+0
4.63867187E-1	3.60752011E-7	3.60752011E-7	4.63867187E-1	0.00000000E+0	0.00000000E+0
4.66308594E-1	3.61667986E-7	3.61667986E-7	4.66308594E-1	0.00000000E+0	0.00000000E+0
4.68750000E-1	3.60598989E-7	3.60598989E-7	4.68750000E-1	0.00000000E+0	0.00000000E+0
4.71191406E-1	3.62623013E-7	3.62623013E-7	4.71191406E-1	0.00000000E+0	0.00000000E+0
4.73632812E-1	3.64264992E-7	3.64264992E-7	4.73632812E-1	0.00000000E+0	0.00000000E+0
4.76074219E-1	3.62623013E-7	3.62623013E-7	4.76074219E-1	0.00000000E+0	0.00000000E+0
4.78515625E-1	3.63347993E-7	3.63347993E-7	4.78515625E-1	0.00000000E+0	0.00000000E+0
4.80957031E-1	3.66211992E-7	3.66211992E-7	4.80957031E-1	0.00000000E+0	0.00000000E+0
4.83398437E-1	3.69649001E-7	3.69649001E-7	4.83398437E-1	0.00000000E+0	0.00000000E+0
4.85839844E-1	3.73429003E-7	3.73429003E-7	4.85839844E-1	0.00000000E+0	0.00000000E+0
4.88281250E-1	3.76254008E-7	3.76254008E-7	4.88281250E-1	0.00000000E+0	0.00000000E+0
4.90722656E-1	3.77475999E-7	3.77475999E-7	4.90722656E-1	0.00000000E+0	0.00000000E+0
4.93164062E-1	3.81370995E-7	3.81370995E-7	4.93164062E-1	0.00000000E+0	0.00000000E+0
4.90722656E-1	3.78316003E-7	3.78316003E-7	4.90722656E-1	0.00000000E+0	0.00000000E+0
4.88281250E-1	3.75031988E-7	3.75031988E-7	4.88281250E-1	0.00000000E+0	0.00000000E+0
4.85839844E-1	3.74650995E-7	3.74650995E-7	4.85839844E-1	0.00000000E+0	0.00000000E+0
4.83398437E-1	3.72207012E-7	3.72207012E-7	4.83398437E-1	0.00000000E+0	0.00000000E+0
4.80957031E-1	3.68235987E-7	3.68235987E-7	4.80957031E-1	0.00000000E+0	0.00000000E+0
4.78515625E-1	3.68235987E-7	3.68235987E-7	4.78515625E-1	0.00000000E+0	0.00000000E+0
4.76074219E-1	3.66211992E-7	3.66211992E-7	4.76074219E-1	0.00000000E+0	0.00000000E+0
4.73632812E-1	3.63043000E-7	3.63043000E-7	4.73632812E-1	0.00000000E+0	0.00000000E+0
4.71191406E-1	3.61821009E-7	3.61821009E-7	4.71191406E-1	0.00000000E+0	0.00000000E+0
4.68750000E-1	3.59529992E-7	3.59529992E-7	4.68750000E-1	0.00000000E+0	0.00000000E+0
4.66308594E-1	3.59148004E-7	3.59148004E-7	4.66308594E-1	0.00000000E+0	0.00000000E+0
4.63867187E-1	3.56017011E-7	3.56017011E-7	4.63867187E-1	0.00000000E+0	0.00000000E+0
4.61425781E-1	3.53268007E-7	3.53268007E-7	4.61425781E-1	0.00000000E+0	0.00000000E+0
4.58984375E-1	3.50785996E-7	3.50785996E-7	4.58984375E-1	0.00000000E+0	0.00000000E+0
4.56542969E-1	3.49602999E-7	3.49602999E-7	4.56542969E-1	0.00000000E+0	0.00000000E+0
4.54101562E-1	3.49907992E-7	3.49907992E-7	4.54101562E-1	0.00000000E+0	0.00000000E+0
4.51660156E-1	3.45708003E-7	3.45708003E-7	4.51660156E-1	0.00000000E+0	0.00000000E+0
4.49218750E-1	3.43722007E-7	3.43722007E-7	4.49218750E-1	0.00000000E+0	0.00000000E+0
4.46777344E-1	3.41584013E-7	3.41584013E-7	4.46777344E-1	0.00000000E+0	0.00000000E+0
4.44335937E-1	3.39140001E-7	3.39140001E-7	4.44335937E-1	0.00000000E+0	0.00000000E+0
4.41894531E-1	3.37919005E-7	3.37919005E-7	4.41894531E-1	0.00000000E+0	0.00000000E+0
4.39453125E-1	3.38529986E-7	3.38529986E-7	4.39453125E-1	0.00000000E+0	0.00000000E+0
4.37011719E-1	3.37612988E-7	3.37612988E-7	4.37011719E-1	0.00000000E+0	0.00000000E+0
4.34570312E-1	3.35246000E-7	3.35246000E-7	4.34570312E-1	0.00000000E+0	0.00000000E+0
4.32128906E-1	3.29137009E-7	3.29137009E-7	4.32128906E-1	0.00000000E+0	0.00000000E+0
4.29687500E-1	3.28423994E-7	3.28423994E-7	4.29687500E-1	0.00000000E+0	0.00000000E+0
4.27246094E-1	3.25776000E-7	3.25776000E-7	4.27246094E-1	0.00000000E+0	0.00000000E+0
4.24804687E-1	3.25012991E-7	3.25012991E-7	4.24804687E-1	0.00000000E+0	0.00000000E+0
4.22363281E-1	3.20660007E-7	3.20660007E-7	4.22363281E-1	0.00000000E+0	0.00000000E+0
4.19921875E-1	3.19858003E-7	3.19858003E-7	4.19921875E-1	0.00000000E+0	0.00000000E+0
4.17480469E-1	3.18444989E-7	3.18444989E-7	4.17480469E-1	0.00000000E+0	0.00000000E+0
4.15039062E-1	3.16613011E-7	3.16613011E-7	4.15039062E-1	0.00000000E+0	0.00000000E+0
4.12597656E-1	3.14473994E-7	3.14473994E-7	4.12597656E-1	0.00000000E+0	0.00000000E+0
4.10156250E-1	3.12717987E-7	3.12717987E-7	4.10156250E-1	0.00000000E+0	0.00000000E+0
4.07714844E-1	3.10655992E-7	3.10655992E-7	4.07714844E-1	0.00000000E+0	0.00000000E+0
4.05273437E-1	3.09396000E-7	3.09396000E-7	4.05273437E-1	0.00000000E+0	0.00000000E+0
4.02832031E-1	3.07753993E-7	3.07753993E-7	4.02832031E-1	0.00000000E+0	0.00000000E+0
4.00390625E-1	3.05691998E-7	3.05691998E-7	4.00390625E-1	0.00000000E+0	0.00000000E+0
3.97949219E-1	3.06380002E-7	3.06380002E-7	3.97949219E-1	0.00000000E+0	0.00000000E+0
3.95507812E-1	3.02638000E-7	3.02638000E-7	3.95507812E-1	0.00000000E+0	0.00000000E+0
3.93066406E-1	3.01759002E-7	3.01759002E-7	3.93066406E-1	0.00000000E+0	0.00000000E+0
3.90625000E-1	2.98514010E-7	2.98514010E-7	3.90625000E-1	0.00000000E+0	0.00000000E+0
3.88183594E-1	2.96986997E-7	2.96986997E-7	3.88183594E-1	0.00000000E+0	0.00000000E+0
3.85742187E-1	2.94848007E-7	2.94848007E-7	3.85742187E-1	0.00000000E+0	0.00000000E+0
3.83300781E-1	2.92710013E-7	2.92710013E-7	3.83300781E-1	0.00000000E+0	0.00000000E+0
3.80859375E-1	2.92251997E-7	2.92251997E-7	3.80859375E-1	0.00000000E+0	0.00000000E+0
3.78417969E-1	2.90114002E-7	2.90114002E-7	3.78417969E-1	0.00000000E+0	0.00000000E+0
3.75976562E-1	2.88547994E-7	2.88547994E-7	3.75976562E-1	0.00000000E+0	0.00000000E+0
3.73535156E-1	2.86104012E-7	2.86104012E-7	3.73535156E-1	0.00000000E+0	0.00000000E+0
3.71093750E-1	2.84081011E-7	2.84081011E-7	3.71093750E-1	0.00000000E+0	0.00000000E+0
3.68652344E-1	2.81713000E-7	2.81713000E-7	3.68652344E-1	0.00000000E+0	0.00000000E+0
3.66210937E-1	2.80492003E-7	2.80492003E-7	3.66210937E-1	0.00000000E+0	0.00000000E+0
3.63769531E-1	2.78963995E-7	2.78963995E-7	3.63769531E-1	0.00000000E+0	0.00000000E+0
3.61328125E-1	2.79880993E-7	2.79880993E-7	3.61328125E-1	0.00000000E+0	0.00000000E+0
3.58886719E-1	2.74992999E-7	2.74992999E-7	3.58886719E-1	0.00000000E+0	0.00000000E+0
3.56445312E-1	2.73465986E-7	2.73465986E-7	3.56445312E-1	0.00000000E+0	0.00000000E+0
3.54003906E-1	2.71022003E-7	2.71022003E-7	3.54003906E-1	0.00000000E+0	0.00000000E+0
3.51562500E-1	2.69113002E-7	2.69113002E-7	3.51562500E-1	0.00000000E+0	0.00000000E+0
3.49121094E-1	2.68044005E-7	2.68044005E-7	3.49121094E-1	0.00000000E+0	0.00000000E+0
3.46679687E-1	2.65599994E-7	2.65599994E-7	3.46679687E-1	0.00000000E+0	0.00000000E+0
3.44238281E-1	2.64226003E-7	2.64226003E-7	3.44238281E-1	0.00000000E+0	0.00000000E+0
3.41796875E-1	2.61781992E-7	2.61781992E-7	3.41796875E-1	0.00000000E+0	0.00000000E+0
3.39355469E-1	2.60140013E-7	2.60140013E-7	3.39355469E-1	0.00000000E+0	0.00000000E+0
3.36914062E-1	2.58115989E-7	2.58115989E-7	3.36914062E-1	0.00000000E+0	0.00000000E+0
3.34472656E-1	2.55825000E-7	2.55825000E-7	3.34472656E-1	0.00000000E+0	0.00000000E+0
3.32031250E-1	2.54297987E-7	2.54297987E-7	3.32031250E-1	0.00000000E+0	0.00000000E+0
3.29589844E-1	2.51892999E-7	2.51892999E-7	3.29589844E-1	0.00000000E+0	0.00000000E+0
3.27148437E-1	2.50250991E-7	2.50250991E-7	3.27148437E-1	0.00000000E+0	0.00000000E+0
3.24707031E-1	2.47922003E-7	2.47922003E-7	3.24707031E-1	0.00000000E+0	0.00000000E+0
3.22265625E-1	2.46967005E-7	2.46967005E-7	3.22265625E-1	0.00000000E+0	0.00000000E+0
3.19824219E-1	2.44065006E-7	2.44065006E-7	3.19824219E-1	0.00000000E+0	0.00000000E+0
3.17382812E-1	2.41773989E-7	2.41773989E-7	3.17382812E-1	0.00000000E+0	0.00000000E+0
3.14941406E-1	2.40094010E-7	2.40094010E-7	3.14941406E-1	0.00000000E+0	0.00000000E+0
3.12500000E-1	2.37918002E-7	2.37918002E-7	3.12500000E-1	0.00000000E+0	0.00000000E+0
3.10058594E-1	2.36427994E-7	2.36427994E-7	3.10058594E-1	0.00000000E+0	0.00000000E+0
3.07617187E-1	2.34366993E-7	2.34366993E-7	3.07617187E-1	0.00000000E+0	0.00000000E+0
3.05175781E-1	2.32228004E-7	2.32228004E-7	3.05175781E-1	0.00000000E+0	0.00000000E+0
3.02734375E-1	2.30013995E-7	2.30013995E-7	3.02734375E-1	0.00000000E+0	0.00000000E+0
3.00292969E-1	2.27723007E-7	2.27723007E-7	3.00292969E-1	0.00000000E+0	0.00000000E+0
2.97851562E-1	2.25685994E-7	2.25685994E-7	2.97851562E-1	0.00000000E+0	0.00000000E+0
2.95410156E-1	2.23599002E-7	2.23599002E-7	2.95410156E-1	0.00000000E+0	0.00000000E+0
2.92968750E-1	2.21690001E-7	2.21690001E-7	2.92968750E-1	0.00000000E+0	0.00000000E+0
2.90527344E-1	2.19170005E-7	2.19170005E-7	2.90527344E-1	0.00000000E+0	0.00000000E+0
2.88085937E-1	2.18712003E-7	2.18712003E-7	2.88085937E-1	0.00000000E+0	0.00000000E+0
2.85644531E-1	2.16725994E-7	2.16725994E-7	2.85644531E-1	0.00000000E+0	0.00000000E+0
2.83203125E-1	2.12984006E-7	2.12984006E-7	2.83203125E-1	0.00000000E+0	0.00000000E+0
2.80761719E-1	2.11381007E-7	2.11381007E-7	2.80761719E-1	0.00000000E+0	0.00000000E+0
2.78320312E-1	2.10159001E-7	2.10159001E-7	2.78320312E-1	0.00000000E+0	0.00000000E+0
2.75878906E-1	2.08936996E-7	2.08936996E-7	2.75878906E-1	0.00000000E+0	0.00000000E+0
2.73437500E-1	2.05576995E-7	2.05576995E-7	2.73437500E-1	0.00000000E+0	0.00000000E+0
2.70996094E-1	2.04049002E-7	2.04049002E-7	2.70996094E-1	0.00000000E+0	0.00000000E+0
2.68554687E-1	2.02522003E-7	2.02522003E-7	2.68554687E-1	0.00000000E+0	0.00000000E+0
2.66113281E-1	2.00689001E-7	2.00689001E-7	2.66113281E-1	0.00000000E+0	0.00000000E+0
2.63671875E-1	1.99162002E-7	1.99162002E-7	2.63671875E-1	0.00000000E+0	0.00000000E+0
2.61230469E-1	1.98321999E-7	1.98321999E-7	2.61230469E-1	0.00000000E+0	0.00000000E+0
2.58789062E-1	1.95623997E-7	1.95623997E-7	2.58789062E-1	0.00000000E+0	0.00000000E+0
2.56347656E-1	1.93307002E-7	1.93307002E-7	2.56347656E-1	0.00000000E+0	0.00000000E+0
2.53906250E-1	1.92035003E-7	1.92035003E-7	2.53906250E-1	0.00000000E+0	0.00000000E+0
2.51464844E-1	1.89386995E-7	1.89386995E-7	2.51464844E-1	0.00000000E+0	0.00000000E+0
2.49023437E-1	1.87732994E-7	1.87732994E-7	2.49023437E-1	0.00000000E+0	0.00000000E+0
2.46582031E-1	1.86026995E-7	1.86026995E-7	2.46582031E-1	0.00000000E+0	0.00000000E+0
2.44140625E-1	1.84385001E-7	1.84385001E-7	2.44140625E-1	0.00000000E+0	0.00000000E+0
2.41699219E-1	1.84651995E-7	1.84651995E-7	2.41699219E-1	0.00000000E+0	0.00000000E+0
2.39257812E-1	1.80401003E-7	1.80401003E-7	2.39257812E-1	0.00000000E+0	0.00000000E+0
2.36816406E-1	1.78798004E-7	1.78798004E-7	2.36816406E-1	0.00000000E+0	0.00000000E+0
2.34375000E-1	1.77054005E-7	1.77054005E-7	2.34375000E-1	0.00000000E+0	0.00000000E+0
2.31933594E-1	1.75183004E-7	1.75183004E-7	2.31933594E-1	0.00000000E+0	0.00000000E+0
2.29492187E-1	1.75438004E-7	1.75438004E-7	2.29492187E-1	0.00000000E+0	0.00000000E+0
2.27050781E-1	1.71669996E-7	1.71669996E-7	2.27050781E-1	0.00000000E+0	0.00000000E+0
2.24609375E-1	1.70549995E-7	1.70549995E-7	2.24609375E-1	0.00000000E+0	0.00000000E+0
2.22167969E-1	1.69939000E-7	1.69939000E-7	2.22167969E-1	0.00000000E+0	0.00000000E+0
2.19726562E-1	1.68309995E-7	1.68309995E-7	2.19726562E-1	0.00000000E+0	0.00000000E+0
2.17285156E-1	1.64911995E-7	1.64911995E-7	2.17285156E-1	0.00000000E+0	0.00000000E+0
2.14843750E-1	1.62888000E-7	1.62888000E-7	2.14843750E-1	0.00000000E+0	0.00000000E+0
2.12402344E-1	1.61169993E-7	1.61169993E-7	2.12402344E-1	0.00000000E+0	0.00000000E+0
2.09960937E-1	1.59223006E-7	1.59223006E-7	2.09960937E-1	0.00000000E+0	0.00000000E+0
2.07519531E-1	1.56983006E-7	1.56983006E-7	2.07519531E-1	0.00000000E+0	0.00000000E+0
2.05078125E-1	1.55761001E-7	1.55761001E-7	2.05078125E-1	0.00000000E+0	0.00000000E+0
2.02636719E-1	1.54334998E-7	1.54334998E-7	2.02636719E-1	0.00000000E+0	0.00000000E+0
2.00195312E-1	1.51967996E-7	1.51967996E-7	2.00195312E-1	0.00000000E+0	0.00000000E+0
1.97753906E-1	1.49791006E-7	1.49791006E-7	1.97753906E-1	0.00000000E+0	0.00000000E+0
1.95312500E-1	1.48048002E-7	1.48048002E-7	1.95312500E-1	0.00000000E+0	0.00000000E+0
1.92871094E-1	1.46470001E-7	1.46470001E-7	1.92871094E-1	0.00000000E+0	0.00000000E+0
1.90429687E-1	1.44636999E-7	1.44636999E-7	1.90429687E-1	0.00000000E+0	0.00000000E+0
1.87988281E-1	1.44433002E-7	1.44433002E-7	1.87988281E-1	0.00000000E+0	0.00000000E+0
1.85546875E-1	1.42537004E-7	1.42537004E-7	1.85546875E-1	0.00000000E+0	0.00000000E+0
1.83105469E-1	1.39137995E-7	1.39137995E-7	1.83105469E-1	0.00000000E+0	0.00000000E+0
1.80664062E-1	1.37306003E-7	1.37306003E-7	1.80664062E-1	0.00000000E+0	0.00000000E+0
1.78222656E-1	1.35701995E-7	1.35701995E-7	1.78222656E-1	0.00000000E+0	0.00000000E+0
1.75781250E-1	1.33887994E-7	1.33887994E-7	1.75781250E-1	0.00000000E+0	0.00000000E+0
1.73339844E-1	1.31883994E-7	1.31883994E-7	1.73339844E-1	0.00000000E+0	0.00000000E+0
1.70898437E-1	1.29932005E-7	1.29932005E-7	1.70898437E-1	0.00000000E+0	0.00000000E+0
1.68457031E-1	1.28864002E-7	1.28864002E-7	1.68457031E-1	0.00000000E+0	0.00000000E+0
1.66015625E-1	1.26510997E-7	1.26510997E-7	1.66015625E-1	0.00000000E+0	0.00000000E+0
1.63574219E-1	1.24978001E-7	1.24978001E-7	1.63574219E-1	0.00000000E+0	0.00000000E+0
1.61132812E-1	1.22681001E-7	1.22681001E-7	1.61132812E-1	0.00000000E+0	0.00000000E+0
1.58691406E-1	1.20848995E-7	1.20848995E-7	1.58691406E-1	0.00000000E+0	0.00000000E+0
1.56250000E-1	1.20447993E-7	1.20447993E-7	1.56250000E-1	0.00000000E+0	0.00000000E+0
1.53808594E-1	1.17667000E-7	1.17667000E-7	1.53808594E-1	0.00000000E+0	0.00000000E+0
1.51367187E-1	1.15524998E-7	1.15524998E-7	1.51367187E-1	0.00000000E+0	0.00000000E+0
1.48925781E-1	1.14118002E-7	1.14118002E-7	1.48925781E-1	0.00000000E+0	0.00000000E+0
1.46484375E-1	1.12149003E-7	1.12149003E-7	1.46484375E-1	0.00000000E+0	0.00000000E+0
1.44042969E-1	1.10582000E-7	1.10582000E-7	1.44042969E-1	0.00000000E+0	0.00000000E+0
1.41601562E-1	1.08392001E-7	1.08392001E-7	1.41601562E-1	0.00000000E+0	0.00000000E+0
1.39160156E-1	1.06634999E-7	1.06634999E-7	1.39160156E-1	0.00000000E+0	0.00000000E+0
1.36718750E-1	1.05029997E-7	1.05029997E-7	1.36718750E-1	0.00000000E+0	0.00000000E+0
1.34277344E-1	1.03250002E-7	1.03250002E-7	1.34277344E-1	0.00000000E+0	0.00000000E+0
1.31835937E-1	1.01924002E-7	1.01924002E-7	1.31835937E-1	0.00000000E+0	0.00000000E+0
1.29394531E-1	9.99753027E-8	9.99753027E-8	1.29394531E-1	0.00000000E+0	0.00000000E+0
1.26953125E-1	9.85977024E-8	9.85977024E-8	1.26953125E-1	0.00000000E+0	0.00000000E+0
1.24511719E-1	9.68851026E-8	9.68851026E-8	1.24511719E-1	0.00000000E+0	0.00000000E+0
1.22070312E-1	9.45532008E-8	9.45532008E-8	1.22070312E-1	0.00000000E+0	0.00000000E+0
1.19628906E-1	9.30201978E-8	9.30201978E-8	1.19628906E-1	0.00000000E+0	0.00000000E+0
1.17187500E-1	9.14261022E-8	9.14261022E-8	1.17187500E-1	0.00000000E+0	0.00000000E+0
1.14746094E-1	8.96944030E-8	8.96944030E-8	1.14746094E-1	0.00000000E+0	0.00000000E+0
1.12304687E-1	8.77180000E-8	8.77180000E-8	1.12304687E-1	0.00000000E+0	0.00000000E+0
1.09863281E-1	8.58639027E-8	8.58639027E-8	1.09863281E-1	0.00000000E+0	0.00000000E+0
1.07421875E-1	8.47973993E-8	8.47973993E-8	1.07421875E-1	0.00000000E+0	0.00000000E+0
1.04980469E-1	8.25928979E-8	8.25928979E-8	1.04980469E-1	0.00000000E+0	0.00000000E+0
1.02539062E-1	8.11657017E-8	8.11657017E-8	1.02539062E-1	0.00000000E+0	0.00000000E+0
1.00097656E-1	7.93995980E-8	7.93995980E-8	1.00097656E-1	0.00000000E+0	0.00000000E+0
9.76562500E-2	7.79469005E-8	7.79469005E-8	9.76562500E-2	0.00000000E+0	0.00000000E+0
9.52148438E-2	7.62724994E-8	7.62724994E-8	9.52148438E-2	0.00000000E+0	0.00000000E+0
9.27734375E-2	7.39252997E-8	7.39252997E-8	9.27734375E-2	0.00000000E+0	0.00000000E+0
9.03320313E-2	7.15780999E-8	7.15780999E-8	9.03320313E-2	0.00000000E+0	0.00000000E+0
8.78906250E-2	6.92003965E-8	6.92003965E-8	8.78906250E-2	0.00000000E+0	0.00000000E+0
8.54492188E-2	6.72698022E-8	6.72698022E-8	8.54492188E-2	0.00000000E+0	0.00000000E+0
8.30078125E-2	6.57941968E-8	6.57941968E-8	8.30078125E-2	0.00000000E+0	0.00000000E+0
8.05664063E-2	6.31833004E-8	6.31833004E-8	8.05664063E-2	0.00000000E+0	0.00000000E+0
7.81250000E-2	5.88406017E-8	5.88406017E-8	7.81250000E-2	0.00000000E+0	0.00000000E+0
7.56835938E-2	5.64551002E-8	5.64551002E-8	7.56835938E-2	0.00000000E+0	0.00000000E+0
7.32421875E-2	5.41003011E-8	5.41003011E-8	7.32421875E-2	0.00000000E+0	0.00000000E+0
7.08007813E-2	5.21965013E-8	5.21965013E-8	7.08007813E-2	0.00000000E+0	0.00000000E+0
6.83593750E-2	5.04666993E-8	5.04666993E-8	6.83593750E-2	0.00000000E+0	0.00000000E+0
6.59179688E-2	4.85668004E-8	4.85668004E-8	6.59179688E-2	0.00000000E+0	0.00000000E+0
6.34765625E-2	4.67757992E-8	4.67757992E-8	6.34765625E-2	0.00000000E+0	0.00000000E+0
6.10351563E-2	4.55449012E-8	4.55449012E-8	6.10351563E-2	0.00000000E+0	0.00000000E+0
5.85937500E-2	4.55754012E-8	4.55754012E-8	5.85937500E-2	0.00000000E+0	0.00000000E+0
5.61523438E-2	4.84272000E-8	4.84272000E-8	5.61523438E-2	0.00000000E+0	0.00000000E+0
5.37109375E-2	5.37867990E-8	5.37867990E-8	5.37109375E-2	0.00000000E+0	0.00000000E+0
5.12695313E-2	1.29536000E-8	1.29536000E-8	5.12695313E-2	0.00000000E+0	0.00000000E+0
4.88281250E-2	1.26102000E-8	1.26102000E-8	4.88281250E-2	0.00000000E+0	0.00000000E+0
4.63867188E-2	4.65005989E-8	4.65005989E-8	4.63867188E-2	0.00000000E+0	0.00000000E+0
4.39453125E-2	1.28769997E-7	1.28769997E-7	4.39453125E-2	0.00000000E+0	0.00000000E+0
4.15039063E-2	1.41963994E-7	1.41963994E-7	4.15039063E-2	0.00000000E+0	0.00000000E+0
3.90625000E-2	1.77372002E-7	1.77372002E-7	3.90625000E-2	0.00000000E+0	0.00000000E+0
3.66210938E-2	1.69608001E-7	1.69608001E-7	3.66210938E-2	0.00000000E+0	0.00000000E+0
3.41796875E-2	1.55137002E-7	1.55137002E-7	3.41796875E-2	0.00000000E+0	0.00000000E+0
3.17382813E-2	1.41200005E-7	1.41200005E-7	3.17382813E-2	0.00000000E+0	0.00000000E+0
2.92968750E-2	1.28601002E-7	1.28601002E-7	2.92968750E-2	0.00000000E+0	0.00000000E+0
2.68554688E-2	1.16408003E-7	1.16408003E-7	2.68554688E-2	0.00000000E+0	0.00000000E+0
2.44140625E-2	1.04401003E-7	1.04401003E-7	2.44140625E-2	0.00000000E+0	0.00000000E+0
2.19726563E-2	9.24621020E-8	9.24621020E-8	2.19726563E-2	0.00000000E+0	0.00000000E+0
1.95312500E-2	8.09057994E-8	8.09057994E-8	1.95312500E-2	0.00000000E+0	0.00000000E+0
1.70898438E-2	6.85008033E-8	6.85008033E-8	1.70898438E-2	0.00000000E+0	0.00000000E+0
1.46484375E-2	5.74644012E-8	5.74644012E-8	1.46484375E-2	0.00000000E+0	0.00000000E+0
1.22070313E-2	4.66841001E-8	4.66841001E-8	1.22070313E-2	0.00000000E+0	0.00000000E+0
9.76562500E-3	3.61865986E-8	3.61865986E-8	9.76562500E-3	0.00000000E+0	0.00000000E+0
7.32421875E-3	2.55745007E-8	2.55745007E-8	7.32421875E-3	0.00000000E+0	0.00000000E+0
4.88281250E-3	1.54747006E-8	1.54747006E-8	4.88281250E-3	0.00000000E+0	0.00000000E+0
2.44140625E-3	5.65795988E-9	5.65795988E-9	2.44140625E-3	0.00000000E+0	0.00000000E+0
0.00000000E+0	-1.40309997E-9	-1.40309997E-9	0.00000000E+0	0.00000000E+0	0.00000000E+0
-2.44140625E-3	-1.26274999E-8	-1.26274999E-8	-2.44140625E-3	0.00000000E+0	0.00000000E+0
-4.88281250E-3	-2.29827002E-8	-2.29827002E-8	-4.88281250E-3	0.00000000E+0	0.00000000E+0
-7.32421875E-3	-3.36711992E-8	-3.36711992E-8	-7.32421875E-3	0.00000000E+0	0.00000000E+0
-9.76562500E-3	-4.40540013E-8	-4.40540013E-8	-9.76562500E-3	0.00000000E+0	0.00000000E+0
-1.22070313E-2	-5.54458985E-8	-5.54458985E-8	-1.22070313E-2	0.00000000E+0	0.00000000E+0
-1.46484375E-2	-6.64632012E-8	-6.64632012E-8	-1.46484375E-2	0.00000000E+0	0.00000000E+0
-1.70898438E-2	-7.73391022E-8	-7.73391022E-8	-1.70898438E-2	0.00000000E+0	0.00000000E+0
-1.95312500E-2	-8.74045014E-8	-8.74045014E-8	-1.95312500E-2	0.00000000E+0	0.00000000E+0
-2.19726563E-2	-9.88538034E-8	-9.88538034E-8	-2.19726563E-2	0.00000000E+0	0.00000000E+0
-2.44140625E-2	-1.10385002E-7	-1.10385002E-7	-2.44140625E-2	0.00000000E+0	0.00000000E+0
-2.68554688E-2	-1.22483002E-7	-1.22483002E-7	-2.68554688E-2	0.00000000E+0	0.00000000E+0
-2.92968750E-2	-1.34098002E-7	-1.34098002E-7	-2.92968750E-2	0.00000000E+0	0.00000000E+0
-3.17382813E-2	-1.46393006E-7	-1.46393006E-7	-3.17382813E-2	0.00000000E+0	0.00000000E+0
-3.41796875E-2	-1.59737993E-7	-1.59737993E-7	-3.41796875E-2	0.00000000E+0	0.00000000E+0
-3.66210938E-2	-1.74902993E-7	-1.74902993E-7	-3.66210938E-2	0.00000000E+0	0.00000000E+0
-3.90625000E-2	-1.89884005E-7	-1.89884005E-7	-3.90625000E-2	0.00000000E+0	0.00000000E+0
-4.15039063E-2	-1.43237003E-7	-1.43237003E-7	-4.15039063E-2	0.00000000E+0	0.00000000E+0
-4.39453125E-2	-1.33257998E-7	-1.33257998E-7	-4.39453125E-2	0.00000000E+0	0.00000000E+0
-4.63867188E-2	-3.43402000E-8	-3.43402000E-8	-4.63867188E-2	0.00000000E+0	0.00000000E+0
-4.88281250E-2	-9.67289004E-9	-9.67289004E-9	-4.88281250E-2	0.00000000E+0	0.00000000E+0
-5.12695313E-2	-6.47035980E-9	-6.47035980E-9	-5.12695313E-2	0.00000000E+0	0.00000000E+0
-5.37109375E-2	-5.09274010E-8	-5.09274010E-8	-5.37109375E-2	0.00000000E+0	0.00000000E+0
-5.61523438E-2	-4.99640009E-8	-4.99640009E-8	-5.61523438E-2	0.00000000E+0	0.00000000E+0
-5.85937500E-2	-4.79838000E-8	-4.79838000E-8	-5.85937500E-2	0.00000000E+0	0.00000000E+0
-6.10351563E-2	-4.82781992E-8	-4.82781992E-8	-6.10351563E-2	0.00000000E+0	0.00000000E+0
-6.34765625E-2	-4.99180999E-8	-4.99180999E-8	-6.34765625E-2	0.00000000E+0	0.00000000E+0
-6.59179688E-2	-5.20895007E-8	-5.20895007E-8	-6.59179688E-2	0.00000000E+0	0.00000000E+0
-6.83593750E-2	-5.41461986E-8	-5.41461986E-8	-6.83593750E-2	0.00000000E+0	0.00000000E+0
-7.08007813E-2	-5.62563010E-8	-5.62563010E-8	-7.08007813E-2	0.00000000E+0	0.00000000E+0
-7.32421875E-2	-5.84276982E-8	-5.84276982E-8	-7.32421875E-2	0.00000000E+0	0.00000000E+0
-7.56835938E-2	-6.09736972E-8	-6.09736972E-8	-7.56835938E-2	0.00000000E+0	0.00000000E+0
-7.81250000E-2	-6.39171986E-8	-6.39171986E-8	-7.81250000E-2	0.00000000E+0	0.00000000E+0
-8.05664063E-2	-6.66007978E-8	-6.66007978E-8	-8.05664063E-2	0.00000000E+0	0.00000000E+0
-8.30078125E-2	-6.93380002E-8	-6.93380002E-8	-8.30078125E-2	0.00000000E+0	0.00000000E+0
-8.54492188E-2	-7.23732967E-8	-7.23732967E-8	-8.54492188E-2	0.00000000E+0	0.00000000E+0
-8.78906250E-2	-7.49153983E-8	-7.49153983E-8	-8.78906250E-2	0.00000000E+0	0.00000000E+0
-9.03320313E-2	-7.85317980E-8	-7.85317980E-8	-9.03320313E-2	0.00000000E+0	0.00000000E+0
-9.27734375E-2	-7.80998022E-8	-7.80998022E-8	-9.27734375E-2	0.00000000E+0	0.00000000E+0
-9.52148438E-2	-8.33344984E-8	-8.33344984E-8	-9.52148438E-2	0.00000000E+0	0.00000000E+0
-9.76562500E-2	-8.59442011E-8	-8.59442011E-8	-9.76562500E-2	0.00000000E+0	0.00000000E+0
-1.00097656E-1	-8.85360976E-8	-8.85360976E-8	-1.00097656E-1	0.00000000E+0	0.00000000E+0
-1.02539062E-1	-9.13954992E-8	-9.13954992E-8	-1.02539062E-1	0.00000000E+0	0.00000000E+0
-1.04980469E-1	-9.35401019E-8	-9.35401019E-8	-1.04980469E-1	0.00000000E+0	0.00000000E+0
-1.07421875E-1	-9.58719966E-8	-9.58719966E-8	-1.07421875E-1	0.00000000E+0	0.00000000E+0
-1.09863281E-1	-9.77795978E-8	-9.77795978E-8	-1.09863281E-1	0.00000000E+0	0.00000000E+0
-1.12304687E-1	-1.00241003E-7	-1.00241003E-7	-1.12304687E-1	0.00000000E+0	0.00000000E+0
-1.14746094E-1	-1.02027997E-7	-1.02027997E-7	-1.14746094E-1	0.00000000E+0	0.00000000E+0
-1.17187500E-1	-1.04294003E-7	-1.04294003E-7	-1.17187500E-1	0.00000000E+0	0.00000000E+0
-1.19628906E-1	-1.06289001E-7	-1.06289001E-7	-1.19628906E-1	0.00000000E+0	0.00000000E+0
-1.22070312E-1	-1.08145002E-7	-1.08145002E-7	-1.22070312E-1	0.00000000E+0	0.00000000E+0
-1.24511719E-1	-1.10252998E-7	-1.10252998E-7	-1.24511719E-1	0.00000000E+0	0.00000000E+0
-1.26953125E-1	-1.13707998E-7	-1.13707998E-7	-1.26953125E-1	0.00000000E+0	0.00000000E+0
-1.29394531E-1	-1.15825998E-7	-1.15825998E-7	-1.29394531E-1	0.00000000E+0	0.00000000E+0
-1.31835937E-1	-1.17940999E-7	-1.17940999E-7	-1.31835937E-1	0.00000000E+0	0.00000000E+0
-1.34277344E-1	-1.19993999E-7	-1.19993999E-7	-1.34277344E-1	0.00000000E+0	0.00000000E+0
-1.36718750E-1	-1.22578001E-7	-1.22578001E-7	-1.36718750E-1	0.00000000E+0	0.00000000E+0
-1.39160156E-1	-1.23158998E-7	-1.23158998E-7	-1.39160156E-1	0.00000000E+0	0.00000000E+0
-1.41601562E-1	-1.25167006E-7	-1.25167006E-7	-1.41601562E-1	0.00000000E+0	0.00000000E+0
-1.44042969E-1	-1.27413998E-7	-1.27413998E-7	-1.44042969E-1	0.00000000E+0	0.00000000E+0
-1.46484375E-1	-1.29425004E-7	-1.29425004E-7	-1.46484375E-1	0.00000000E+0	0.00000000E+0
-1.48925781E-1	-1.32036007E-7	-1.32036007E-7	-1.48925781E-1	0.00000000E+0	0.00000000E+0
-1.51367187E-1	-1.35473002E-7	-1.35473002E-7	-1.51367187E-1	0.00000000E+0	0.00000000E+0
-1.53808594E-1	-1.36313005E-7	-1.36313005E-7	-1.53808594E-1	0.00000000E+0	0.00000000E+0
-1.56250000E-1	-1.38298006E-7	-1.38298006E-7	-1.56250000E-1	0.00000000E+0	0.00000000E+0
-1.58691406E-1	-1.40666003E-7	-1.40666003E-7	-1.58691406E-1	0.00000000E+0	0.00000000E+0
-1.61132812E-1	-1.42440996E-7	-1.42440996E-7	-1.61132812E-1	0.00000000E+0	0.00000000E+0
-1.63574219E-1	-1.45171001E-7	-1.45171001E-7	-1.63574219E-1	0.00000000E+0	0.00000000E+0
-1.66015625E-1	-1.48301993E-7	-1.48301993E-7	-1.66015625E-1	0.00000000E+0	0.00000000E+0
-1.68457031E-1	-1.49932006E-7	-1.49932006E-7	-1.68457031E-1	0.00000000E+0	0.00000000E+0
-1.70898437E-1	-1.51509994E-7	-1.51509994E-7	-1.70898437E-1	0.00000000E+0	0.00000000E+0
-1.73339844E-1	-1.53572003E-7	-1.53572003E-7	-1.73339844E-1	0.00000000E+0	0.00000000E+0
-1.75781250E-1	-1.55595004E-7	-1.55595004E-7	-1.75781250E-1	0.00000000E+0	0.00000000E+0
-1.78222656E-1	-1.58324994E-7	-1.58324994E-7	-1.78222656E-1	0.00000000E+0	0.00000000E+0
-1.80664062E-1	-1.60444998E-7	-1.60444998E-7	-1.80664062E-1	0.00000000E+0	0.00000000E+0
-1.83105469E-1	-1.62888000E-7	-1.62888000E-7	-1.83105469E-1	0.00000000E+0	0.00000000E+0
-1.85546875E-1	-1.64721001E-7	-1.64721001E-7	-1.85546875E-1	0.00000000E+0	0.00000000E+0
-1.87988281E-1	-1.67037001E-7	-1.67037001E-7	-1.87988281E-1	0.00000000E+0	0.00000000E+0
-1.90429687E-1	-1.68691997E-7	-1.68691997E-7	-1.90429687E-1	0.00000000E+0	0.00000000E+0
-1.92871094E-1	-1.70983000E-7	-1.70983000E-7	-1.92871094E-1	0.00000000E+0	0.00000000E+0
-1.95312500E-1	-1.73171998E-7	-1.73171998E-7	-1.95312500E-1	0.00000000E+0	0.00000000E+0
-1.97753906E-1	-1.75259004E-7	-1.75259004E-7	-1.97753906E-1	0.00000000E+0	0.00000000E+0
-2.00195312E-1	-1.77359993E-7	-1.77359993E-7	-2.00195312E-1	0.00000000E+0	0.00000000E+0
-2.02636719E-1	-1.79688996E-7	-1.79688996E-7	-2.02636719E-1	0.00000000E+0	0.00000000E+0
-2.05078125E-1	-1.82947005E-7	-1.82947005E-7	-2.05078125E-1	0.00000000E+0	0.00000000E+0
-2.07519531E-1	-1.83889000E-7	-1.83889000E-7	-2.07519531E-1	0.00000000E+0	0.00000000E+0
-2.09960937E-1	-1.87325000E-7	-1.87325000E-7	-2.09960937E-1	0.00000000E+0	0.00000000E+0
-2.12402344E-1	-1.88342995E-7	-1.88342995E-7	-2.12402344E-1	0.00000000E+0	0.00000000E+0
-2.14843750E-1	-1.89884005E-7	-1.89884005E-7	-2.14843750E-1	0.00000000E+0	0.00000000E+0
-2.17285156E-1	-1.92008997E-7	-1.92008997E-7	-2.17285156E-1	0.00000000E+0	0.00000000E+0
-2.19726562E-1	-1.94351003E-7	-1.94351003E-7	-2.19726562E-1	0.00000000E+0	0.00000000E+0
-2.22167969E-1	-1.98169005E-7	-1.98169005E-7	-2.22167969E-1	0.00000000E+0	0.00000000E+0
-2.24609375E-1	-1.98436993E-7	-1.98436993E-7	-2.24609375E-1	0.00000000E+0	0.00000000E+0
-2.27050781E-1	-2.00306999E-7	-2.00306999E-7	-2.27050781E-1	0.00000000E+0	0.00000000E+0
-2.29492187E-1	-2.04125996E-7	-2.04125996E-7	-2.29492187E-1	0.00000000E+0	0.00000000E+0
-2.31933594E-1	-2.05194993E-7	-2.05194993E-7	-2.31933594E-1	0.00000000E+0	0.00000000E+0
-2.34375000E-1	-2.07384005E-7	-2.07384005E-7	-2.34375000E-1	0.00000000E+0	0.00000000E+0
-2.36816406E-1	-2.08605996E-7	-2.08605996E-7	-2.36816406E-1	0.00000000E+0	0.00000000E+0
-2.39257812E-1	-2.10959996E-7	-2.10959996E-7	-2.39257812E-1	0.00000000E+0	0.00000000E+0
-2.41699219E-1	-2.12870006E-7	-2.12870006E-7	-2.41699219E-1	0.00000000E+0	0.00000000E+0
-2.44140625E-1	-2.14715001E-7	-2.14715001E-7	-2.44140625E-1	0.00000000E+0	0.00000000E+0
-2.46582031E-1	-2.17362000E-7	-2.17362000E-7	-2.46582031E-1	0.00000000E+0	0.00000000E+0
-2.49023437E-1	-2.18482995E-7	-2.18482995E-7	-2.49023437E-1	0.00000000E+0	0.00000000E+0
-2.51464844E-1	-2.21079006E-7	-2.21079006E-7	-2.51464844E-1	0.00000000E+0	0.00000000E+0
-2.53906250E-1	-2.23064006E-7	-2.23064006E-7	-2.53906250E-1	0.00000000E+0	0.00000000E+0
-2.56347656E-1	-2.25202996E-7	-2.25202996E-7	-2.56347656E-1	0.00000000E+0	0.00000000E+0
-2.58789062E-1	-2.26934006E-7	-2.26934006E-7	-2.58789062E-1	0.00000000E+0	0.00000000E+0
-2.61230469E-1	-2.30319003E-7	-2.30319003E-7	-2.61230469E-1	0.00000000E+0	0.00000000E+0
-2.63671875E-1	-2.32342998E-7	-2.32342998E-7	-2.63671875E-1	0.00000000E+0	0.00000000E+0
-2.66113281E-1	-2.33565004E-7	-2.33565004E-7	-2.66113281E-1	0.00000000E+0	0.00000000E+0
-2.68554687E-1	-2.36123000E-7	-2.36123000E-7	-2.68554687E-1	0.00000000E+0	0.00000000E+0
-2.70996094E-1	-2.38757991E-7	-2.38757991E-7	-2.70996094E-1	0.00000000E+0	0.00000000E+0
-2.73437500E-1	-2.39483001E-7	-2.39483001E-7	-2.73437500E-1	0.00000000E+0	0.00000000E+0
-2.75878906E-1	-2.42309000E-7	-2.42309000E-7	-2.75878906E-1	0.00000000E+0	0.00000000E+0
-2.78320312E-1	-2.42728987E-7	-2.42728987E-7	-2.78320312E-1	0.00000000E+0	0.00000000E+0
-2.80761719E-1	-2.44981010E-7	-2.44981010E-7	-2.80761719E-1	0.00000000E+0	0.00000000E+0
-2.83203125E-1	-2.47960003E-7	-2.47960003E-7	-2.83203125E-1	0.00000000E+0	0.00000000E+0
-2.85644531E-1	-2.48417990E-7	-2.48417990E-7	-2.85644531E-1	0.00000000E+0	0.00000000E+0
-2.88085937E-1	-2.50862001E-7	-2.50862001E-7	-2.88085937E-1	0.00000000E+0	0.00000000E+0
-2.90527344E-1	-2.52694008E-7	-2.52694008E-7	-2.90527344E-1	0.00000000E+0	0.00000000E+0
-2.92968750E-1	-2.56475005E-7	-2.56475005E-7	-2.92968750E-1	0.00000000E+0	0.00000000E+0
-2.95410156E-1	-2.55977994E-7	-2.55977994E-7	-2.95410156E-1	0.00000000E+0	0.00000000E+0
-2.97851562E-1	-2.58039989E-7	-2.58039989E-7	-2.97851562E-1	0.00000000E+0	0.00000000E+0
-3.00292969E-1	-2.60636000E-7	-2.60636000E-7	-3.00292969E-1	0.00000000E+0	0.00000000E+0
-3.02734375E-1	-2.62469001E-7	-2.62469001E-7	-3.02734375E-1	0.00000000E+0	0.00000000E+0
-3.05175781E-1	-2.63997009E-7	-2.63997009E-7	-3.05175781E-1	0.00000000E+0	0.00000000E+0
-3.07617187E-1	-2.65752988E-7	-2.65752988E-7	-3.07617187E-1	0.00000000E+0	0.00000000E+0
-3.10058594E-1	-2.67968005E-7	-2.67968005E-7	-3.10058594E-1	0.00000000E+0	0.00000000E+0
-3.12500000E-1	-2.69800012E-7	-2.69800012E-7	-3.12500000E-1	0.00000000E+0	0.00000000E+0
-3.14941406E-1	-2.72931004E-7	-2.72931004E-7	-3.14941406E-1	0.00000000E+0	0.00000000E+0
-3.17382812E-1	-2.74000001E-7	-2.74000001E-7	-3.17382812E-1	0.00000000E+0	0.00000000E+0
-3.19824219E-1	-2.76330013E-7	-2.76330013E-7	-3.19824219E-1	0.00000000E+0	0.00000000E+0
-3.22265625E-1	-2.78963995E-7	-2.78963995E-7	-3.22265625E-1	0.00000000E+0	0.00000000E+0
-3.24707031E-1	-2.80032992E-7	-2.80032992E-7	-3.24707031E-1	0.00000000E+0	0.00000000E+0
-3.27148437E-1	-2.82018988E-7	-2.82018988E-7	-3.27148437E-1	0.00000000E+0	0.00000000E+0
-3.29589844E-1	-2.83088013E-7	-2.83088013E-7	-3.29589844E-1	0.00000000E+0	0.00000000E+0
-3.32031250E-1	-2.84920986E-7	-2.84920986E-7	-3.32031250E-1	0.00000000E+0	0.00000000E+0
-3.34472656E-1	-2.86905987E-7	-2.86905987E-7	-3.34472656E-1	0.00000000E+0	0.00000000E+0
-3.36914062E-1	-2.88738988E-7	-2.88738988E-7	-3.36914062E-1	0.00000000E+0	0.00000000E+0
-3.39355469E-1	-2.90571990E-7	-2.90571990E-7	-3.39355469E-1	0.00000000E+0	0.00000000E+0
-3.41796875E-1	-2.91602987E-7	-2.91602987E-7	-3.41796875E-1	0.00000000E+0	0.00000000E+0
-3.44238281E-1	-2.94160998E-7	-2.94160998E-7	-3.44238281E-1	0.00000000E+0	0.00000000E+0
-3.46679687E-1	-2.95765005E-7	-2.95765005E-7	-3.46679687E-1	0.00000000E+0	0.00000000E+0
-3.49121094E-1	-2.97138996E-7	-2.97138996E-7	-3.49121094E-1	0.00000000E+0	0.00000000E+0
-3.51562500E-1	-2.99200991E-7	-2.99200991E-7	-3.51562500E-1	0.00000000E+0	0.00000000E+0
-3.54003906E-1	-3.01378009E-7	-3.01378009E-7	-3.54003906E-1	0.00000000E+0	0.00000000E+0
-3.56445312E-1	-3.02789999E-7	-3.02789999E-7	-3.56445312E-1	0.00000000E+0	0.00000000E+0
-3.58886719E-1	-3.05653998E-7	-3.05653998E-7	-3.58886719E-1	0.00000000E+0	0.00000000E+0
-3.61328125E-1	-3.07753993E-7	-3.07753993E-7	-3.61328125E-1	0.00000000E+0	0.00000000E+0
-3.63769531E-1	-3.12107005E-7	-3.12107005E-7	-3.63769531E-1	0.00000000E+0	0.00000000E+0
-3.66210937E-1	-3.14016006E-7	-3.14016006E-7	-3.66210937E-1	0.00000000E+0	0.00000000E+0
-3.68652344E-1	-3.16956005E-7	-3.16956005E-7	-3.68652344E-1	0.00000000E+0	0.00000000E+0
-3.71093750E-1	-3.17070999E-7	-3.17070999E-7	-3.71093750E-1	0.00000000E+0	0.00000000E+0
-3.73535156E-1	-3.21270988E-7	-3.21270988E-7	-3.73535156E-1	0.00000000E+0	0.00000000E+0
-3.75976562E-1	-3.22455008E-7	-3.22455008E-7	-3.75976562E-1	0.00000000E+0	0.00000000E+0
-3.78417969E-1	-3.22569008E-7	-3.22569008E-7	-3.78417969E-1	0.00000000E+0	0.00000000E+0
-3.80859375E-1	-3.25395007E-7	-3.25395007E-7	-3.80859375E-1	0.00000000E+0	0.00000000E+0
-3.83300781E-1	-3.24783997E-7	-3.24783997E-7	-3.83300781E-1	0.00000000E+0	0.00000000E+0
-3.85742187E-1	-3.25700000E-7	-3.25700000E-7	-3.85742187E-1	0.00000000E+0	0.00000000E+0
-3.88183594E-1	-3.26502004E-7	-3.26502004E-7	-3.88183594E-1	0.00000000E+0	0.00000000E+0
-3.90625000E-1	-3.28258011E-7	-3.28258011E-7	-3.90625000E-1	0.00000000E+0	0.00000000E+0
-3.93066406E-1	-3.30358006E-7	-3.30358006E-7	-3.93066406E-1	0.00000000E+0	0.00000000E+0
-3.95507812E-1	-3.32955011E-7	-3.32955011E-7	-3.95507812E-1	0.00000000E+0	0.00000000E+0
-3.97949219E-1	-3.35169005E-7	-3.35169005E-7	-3.97949219E-1	0.00000000E+0	0.00000000E+0
-4.00390625E-1	-3.36086003E-7	-3.36086003E-7	-4.00390625E-1	0.00000000E+0	0.00000000E+0
-4.02832031E-1	-3.36467991E-7	-3.36467991E-7	-4.02832031E-1	0.00000000E+0	0.00000000E+0
-4.05273437E-1	-3.37842010E-7	-3.37842010E-7	-4.05273437E-1	0.00000000E+0	0.00000000E+0
-4.07714844E-1	-3.42501011E-7	-3.42501011E-7	-4.07714844E-1	0.00000000E+0	0.00000000E+0
-4.10156250E-1	-3.42194994E-7	-3.42194994E-7	-4.10156250E-1	0.00000000E+0	0.00000000E+0
-4.12597656E-1	-3.42920998E-7	-3.42920998E-7	-4.12597656E-1	0.00000000E+0	0.00000000E+0
-4.15039062E-1	-3.45020993E-7	-3.45020993E-7	-4.15039062E-1	0.00000000E+0	0.00000000E+0
-4.17480469E-1	-3.46777000E-7	-3.46777000E-7	-4.17480469E-1	0.00000000E+0	0.00000000E+0
-4.19921875E-1	-3.47617004E-7	-3.47617004E-7	-4.19921875E-1	0.00000000E+0	0.00000000E+0
-4.22363281E-1	-3.49716998E-7	-3.49716998E-7	-4.22363281E-1	0.00000000E+0	0.00000000E+0
-4.24804687E-1	-3.51474000E-7	-3.51474000E-7	-4.24804687E-1	0.00000000E+0	0.00000000E+0
-4.27246094E-1	-3.53954988E-7	-3.53954988E-7	-4.27246094E-1	0.00000000E+0	0.00000000E+0
-4.29687500E-1	-3.54794992E-7	-3.54794992E-7	-4.29687500E-1	0.00000000E+0	0.00000000E+0
-4.32128906E-1	-3.55406002E-7	-3.55406002E-7	-4.32128906E-1	0.00000000E+0	0.00000000E+0
-4.34570312E-1	-3.58881010E-7	-3.58881010E-7	-4.34570312E-1	0.00000000E+0	0.00000000E+0
-4.37011719E-1	-3.58881010E-7	-3.58881010E-7	-4.37011719E-1	0.00000000E+0	0.00000000E+0
-4.39453125E-1	-3.59912008E-7	-3.59912008E-7	-4.39453125E-1	0.00000000E+0	0.00000000E+0
-4.41894531E-1	-3.61821009E-7	-3.61821009E-7	-4.41894531E-1	0.00000000E+0	0.00000000E+0
-4.44335937E-1	-3.68846997E-7	-3.68846997E-7	-4.44335937E-1	0.00000000E+0	0.00000000E+0
-4.46777344E-1	-3.69151991E-7	-3.69151991E-7	-4.46777344E-1	0.00000000E+0	0.00000000E+0
-4.49218750E-1	-3.70679999E-7	-3.70679999E-7	-4.49218750E-1	0.00000000E+0	0.00000000E+0
-4.51660156E-1	-3.66402986E-7	-3.66402986E-7	-4.51660156E-1	0.00000000E+0	0.00000000E+0
-4.54101562E-1	-3.67242990E-7	-3.67242990E-7	-4.54101562E-1	0.00000000E+0	0.00000000E+0
-4.56542969E-1	-3.68541009E-7	-3.68541009E-7	-4.56542969E-1	0.00000000E+0	0.00000000E+0
-4.58984375E-1	-3.69458007E-7	-3.69458007E-7	-4.58984375E-1	0.00000000E+0	0.00000000E+0
-4.61425781E-1	-3.74650995E-7	-3.74650995E-7	-4.61425781E-1	0.00000000E+0	0.00000000E+0
-4.63867187E-1	-3.75566998E-7	-3.75566998E-7	-4.63867187E-1	0.00000000E+0	0.00000000E+0
-4.66308594E-1	-3.77018011E-7	-3.77018011E-7	-4.66308594E-1	0.00000000E+0	0.00000000E+0
-4.68750000E-1	-3.74955988E-7	-3.74955988E-7	-4.68750000E-1	0.00000000E+0	0.00000000E+0
-4.71191406E-1	-3.76788989E-7	-3.76788989E-7	-4.71191406E-1	0.00000000E+0	0.00000000E+0
-4.73632812E-1	-3.79537994E-7	-3.79537994E-7	-4.73632812E-1	0.00000000E+0	0.00000000E+0
-4.76074219E-1	-3.79842987E-7	-3.79842987E-7	-4.76074219E-1	0.00000000E+0	0.00000000E+0
-4.78515625E-1	-3.83814012E-7	-3.83814012E-7	-4.78515625E-1	0.00000000E+0	0.00000000E+0
-4.80957031E-1	-3.88395989E-7	-3.88395989E-7	-4.80957031E-1	0.00000000E+0	0.00000000E+0
-4.83398437E-1	-3.87785008E-7	-3.87785008E-7	-4.83398437E-1	0.00000000E+0	0.00000000E+0
-4.85839844E-1	-3.89847003E-7	-3.89847003E-7	-4.85839844E-1	0.00000000E+0	0.00000000E+0
-4.88281250E-1	-3.90228990E-7	-3.90228990E-7	-4.88281250E-1	0.00000000E+0	0.00000000E+0
-4.90722656E-1	-3.89388987E-7	-3.89388987E-7	-4.90722656E-1	0.00000000E+0	0.00000000E+0
-4.93164062E-1	-3.88702006E-7	-3.88702006E-7	-4.93164062E-1	0.00000000E+0	0.00000000E+0
-4.90722656E-1	-3.89235993E-7	-3.89235993E-7	-4.90722656E-1	0.00000000E+0	0.00000000E+0
-4.88281250E-1	-3.88014996E-7	-3.88014996E-7	-4.88281250E-1	0.00000000E+0	0.00000000E+0
-4.85839844E-1	-3.85036003E-7	-3.85036003E-7	-4.85839844E-1	0.00000000E+0	0.00000000E+0
-4.83398437E-1	-3.84120000E-7	-3.84120000E-7	-4.83398437E-1	0.00000000E+0	0.00000000E+0
-4.80957031E-1	-3.81905011E-7	-3.81905011E-7	-4.80957031E-1	0.00000000E+0	0.00000000E+0
-4.78515625E-1	-3.76331002E-7	-3.76331002E-7	-4.78515625E-1	0.00000000E+0	0.00000000E+0
-4.76074219E-1	-3.77895987E-7	-3.77895987E-7	-4.76074219E-1	0.00000000E+0	0.00000000E+0
-4.73632812E-1	-3.78621991E-7	-3.78621991E-7	-4.73632812E-1	0.00000000E+0	0.00000000E+0
-4.71191406E-1	-3.73543003E-7	-3.73543003E-7	-4.71191406E-1	0.00000000E+0	0.00000000E+0
-4.68750000E-1	-3.71900995E-7	-3.71900995E-7	-4.68750000E-1	0.00000000E+0	0.00000000E+0
-4.66308594E-1	-3.70068989E-7	-3.70068989E-7	-4.66308594E-1	0.00000000E+0	0.00000000E+0
-4.63867187E-1	-3.69151991E-7	-3.69151991E-7	-4.63867187E-1	0.00000000E+0	0.00000000E+0
-4.61425781E-1	-3.68541009E-7	-3.68541009E-7	-4.61425781E-1	0.00000000E+0	0.00000000E+0
-4.58984375E-1	-3.66402986E-7	-3.66402986E-7	-4.58984375E-1	0.00000000E+0	0.00000000E+0
-4.56542969E-1	-3.64799007E-7	-3.64799007E-7	-4.56542969E-1	0.00000000E+0	0.00000000E+0
-4.54101562E-1	-3.67929999E-7	-3.67929999E-7	-4.54101562E-1	0.00000000E+0	0.00000000E+0
-4.51660156E-1	-3.66861002E-7	-3.66861002E-7	-4.51660156E-1	0.00000000E+0	0.00000000E+0
-4.49218750E-1	-3.65639011E-7	-3.65639011E-7	-4.49218750E-1	0.00000000E+0	0.00000000E+0
-4.46777344E-1	-3.63959003E-7	-3.63959003E-7	-4.46777344E-1	0.00000000E+0	0.00000000E+0
-4.44335937E-1	-3.62278996E-7	-3.62278996E-7	-4.44335937E-1	0.00000000E+0	0.00000000E+0
-4.41894531E-1	-3.60598989E-7	-3.60598989E-7	-4.41894531E-1	0.00000000E+0	0.00000000E+0
-4.39453125E-1	-3.59683014E-7	-3.59683014E-7	-4.39453125E-1	0.00000000E+0	0.00000000E+0
-4.37011719E-1	-3.58881010E-7	-3.58881010E-7	-4.37011719E-1	0.00000000E+0	0.00000000E+0
-4.34570312E-1	-3.58156001E-7	-3.58156001E-7	-4.34570312E-1	0.00000000E+0	0.00000000E+0
-4.32128906E-1	-3.56246005E-7	-3.56246005E-7	-4.32128906E-1	0.00000000E+0	0.00000000E+0
-4.29687500E-1	-3.54794992E-7	-3.54794992E-7	-4.29687500E-1	0.00000000E+0	0.00000000E+0
-4.27246094E-1	-3.53192007E-7	-3.53192007E-7	-4.27246094E-1	0.00000000E+0	0.00000000E+0
-4.24804687E-1	-3.50747996E-7	-3.50747996E-7	-4.24804687E-1	0.00000000E+0	0.00000000E+0
-4.22363281E-1	-3.50060986E-7	-3.50060986E-7	-4.22363281E-1	0.00000000E+0	0.00000000E+0
-4.19921875E-1	-3.47807998E-7	-3.47807998E-7	-4.19921875E-1	0.00000000E+0	0.00000000E+0
-4.17480469E-1	-3.49221011E-7	-3.49221011E-7	-4.17480469E-1	0.00000000E+0	0.00000000E+0
-4.15039062E-1	-3.49526005E-7	-3.49526005E-7	-4.15039062E-1	0.00000000E+0	0.00000000E+0
-4.12597656E-1	-3.45860997E-7	-3.45860997E-7	-4.12597656E-1	0.00000000E+0	0.00000000E+0
-4.10156250E-1	-3.41354990E-7	-3.41354990E-7	-4.10156250E-1	0.00000000E+0	0.00000000E+0
-4.07714844E-1	-3.39445990E-7	-3.39445990E-7	-4.07714844E-1	0.00000000E+0	0.00000000E+0
-4.05273437E-1	-3.39140001E-7	-3.39140001E-7	-4.05273437E-1	0.00000000E+0	0.00000000E+0
-4.02832031E-1	-3.36697013E-7	-3.36697013E-7	-4.02832031E-1	0.00000000E+0	0.00000000E+0
-4.00390625E-1	-3.37459994E-7	-3.37459994E-7	-4.00390625E-1	0.00000000E+0	0.00000000E+0
-3.97949219E-1	-3.36467991E-7	-3.36467991E-7	-3.97949219E-1	0.00000000E+0	0.00000000E+0
-3.95507812E-1	-3.34253002E-7	-3.34253002E-7	-3.95507812E-1	0.00000000E+0	0.00000000E+0
-3.93066406E-1	-3.32839988E-7	-3.32839988E-7	-3.93066406E-1	0.00000000E+0	0.00000000E+0
-3.90625000E-1	-3.28449005E-7	-3.28449005E-7	-3.90625000E-1	0.00000000E+0	0.00000000E+0
-3.88183594E-1	-3.27075014E-7	-3.27075014E-7	-3.88183594E-1	0.00000000E+0	0.00000000E+0
-3.85742187E-1	-3.23371012E-7	-3.23371012E-7	-3.85742187E-1	0.00000000E+0	0.00000000E+0
-3.83300781E-1	-3.23562006E-7	-3.23562006E-7	-3.83300781E-1	0.00000000E+0	0.00000000E+0
-3.80859375E-1	-3.20507013E-7	-3.20507013E-7	-3.80859375E-1	0.00000000E+0	0.00000000E+0
-3.78417969E-1	-3.19284993E-7	-3.19284993E-7	-3.78417969E-1	0.00000000E+0	0.00000000E+0
-3.75976562E-1	-3.16956005E-7	-3.16956005E-7	-3.75976562E-1	0.00000000E+0	0.00000000E+0
-3.73535156E-1	-3.14818010E-7	-3.14818010E-7	-3.73535156E-1	0.00000000E+0	0.00000000E+0
-3.71093750E-1	-3.13519990E-7	-3.13519990E-7	-3.71093750E-1	0.00000000E+0	0.00000000E+0
-3.68652344E-1	-3.11267002E-7	-3.11267002E-7	-3.68652344E-1	0.00000000E+0	0.00000000E+0
-3.66210937E-1	-3.10655992E-7	-3.10655992E-7	-3.66210937E-1	0.00000000E+0	0.00000000E+0
-3.63769531E-1	-3.07906987E-7	-3.07906987E-7	-3.63769531E-1	0.00000000E+0	0.00000000E+0
-3.61328125E-1	-3.07753993E-7	-3.07753993E-7	-3.61328125E-1	0.00000000E+0	0.00000000E+0
-3.58886719E-1	-3.03554003E-7	-3.03554003E-7	-3.58886719E-1	0.00000000E+0	0.00000000E+0
-3.56445312E-1	-3.01797996E-7	-3.01797996E-7	-3.56445312E-1	0.00000000E+0	0.00000000E+0
-3.54003906E-1	-3.01569003E-7	-3.01569003E-7	-3.54003906E-1	0.00000000E+0	0.00000000E+0
-3.51562500E-1	-2.99047997E-7	-2.99047997E-7	-3.51562500E-1	0.00000000E+0	0.00000000E+0
-3.49121094E-1	-2.98131994E-7	-2.98131994E-7	-3.49121094E-1	0.00000000E+0	0.00000000E+0
-3.46679687E-1	-2.95612011E-7	-2.95612011E-7	-3.46679687E-1	0.00000000E+0	0.00000000E+0
-3.44238281E-1	-2.94657013E-7	-2.94657013E-7	-3.44238281E-1	0.00000000E+0	0.00000000E+0
-3.41796875E-1	-2.93244995E-7	-2.93244995E-7	-3.41796875E-1	0.00000000E+0	0.00000000E+0
-3.39355469E-1	-2.90075008E-7	-2.90075008E-7	-3.39355469E-1	0.00000000E+0	0.00000000E+0
-3.36914062E-1	-2.87975013E-7	-2.87975013E-7	-3.36914062E-1	0.00000000E+0	0.00000000E+0
-3.34472656E-1	-2.88128007E-7	-2.88128007E-7	-3.34472656E-1	0.00000000E+0	0.00000000E+0
-3.32031250E-1	-2.86523999E-7	-2.86523999E-7	-3.32031250E-1	0.00000000E+0	0.00000000E+0
-3.29589844E-1	-2.83546001E-7	-2.83546001E-7	-3.29589844E-1	0.00000000E+0	0.00000000E+0
-3.27148437E-1	-2.81408006E-7	-2.81408006E-7	-3.27148437E-1	0.00000000E+0	0.00000000E+0
-3.24707031E-1	-2.78963995E-7	-2.78963995E-7	-3.24707031E-1	0.00000000E+0	0.00000000E+0
-3.22265625E-1	-2.77283988E-7	-2.77283988E-7	-3.22265625E-1	0.00000000E+0	0.00000000E+0
-3.19824219E-1	-2.75298987E-7	-2.75298987E-7	-3.19824219E-1	0.00000000E+0	0.00000000E+0
-3.17382812E-1	-2.73389986E-7	-2.73389986E-7	-3.17382812E-1	0.00000000E+0	0.00000000E+0
-3.14941406E-1	-2.73542014E-7	-2.73542014E-7	-3.14941406E-1	0.00000000E+0	0.00000000E+0
-3.12500000E-1	-2.70029005E-7	-2.70029005E-7	-3.12500000E-1	0.00000000E+0	0.00000000E+0
-3.10058594E-1	-2.67508995E-7	-2.67508995E-7	-3.10058594E-1	0.00000000E+0	0.00000000E+0
-3.07617187E-1	-2.66287998E-7	-2.66287998E-7	-3.07617187E-1	0.00000000E+0	0.00000000E+0
-3.05175781E-1	-2.64149008E-7	-2.64149008E-7	-3.05175781E-1	0.00000000E+0	0.00000000E+0
-3.02734375E-1	-2.62214996E-7	-2.62214996E-7	-3.02734375E-1	0.00000000E+0	0.00000000E+0
-3.00292969E-1	-2.59529003E-7	-2.59529003E-7	-3.00292969E-1	0.00000000E+0	0.00000000E+0
-2.97851562E-1	-2.57455014E-7	-2.57455014E-7	-2.97851562E-1	0.00000000E+0	0.00000000E+0
-2.95410156E-1	-2.55558007E-7	-2.55558007E-7	-2.95410156E-1	0.00000000E+0	0.00000000E+0
-2.92968750E-1	-2.53915999E-7	-2.53915999E-7	-2.92968750E-1	0.00000000E+0	0.00000000E+0
-2.90527344E-1	-2.51625011E-7	-2.51625011E-7	-2.90527344E-1	0.00000000E+0	0.00000000E+0
-2.88085937E-1	-2.49869004E-7	-2.49869004E-7	-2.88085937E-1	0.00000000E+0	0.00000000E+0
-2.85644531E-1	-2.47807009E-7	-2.47807009E-7	-2.85644531E-1	0.00000000E+0	0.00000000E+0
-2.83203125E-1	-2.46891005E-7	-2.46891005E-7	-2.83203125E-1	0.00000000E+0	0.00000000E+0
-2.80761719E-1	-2.45286998E-7	-2.45286998E-7	-2.80761719E-1	0.00000000E+0	0.00000000E+0
-2.78320312E-1	-2.43377997E-7	-2.43377997E-7	-2.78320312E-1	0.00000000E+0	0.00000000E+0
-2.75878906E-1	-2.39978988E-7	-2.39978988E-7	-2.75878906E-1	0.00000000E+0	0.00000000E+0
-2.73437500E-1	-2.38032001E-7	-2.38032001E-7	-2.73437500E-1	0.00000000E+0	0.00000000E+0
-2.70996094E-1	-2.35818007E-7	-2.35818007E-7	-2.70996094E-1	0.00000000E+0	0.00000000E+0
-2.68554687E-1	-2.33373996E-7	-2.33373996E-7	-2.68554687E-1	0.00000000E+0	0.00000000E+0
-2.66113281E-1	-2.31540994E-7	-2.31540994E-7	-2.66113281E-1	0.00000000E+0	0.00000000E+0
-2.63671875E-1	-2.30205004E-7	-2.30205004E-7	-2.63671875E-1	0.00000000E+0	0.00000000E+0
-2.61230469E-1	-2.28716004E-7	-2.28716004E-7	-2.61230469E-1	0.00000000E+0	0.00000000E+0
-2.58789062E-1	-2.26729995E-7	-2.26729995E-7	-2.58789062E-1	0.00000000E+0	0.00000000E+0
-2.56347656E-1	-2.25202996E-7	-2.25202996E-7	-2.56347656E-1	0.00000000E+0	0.00000000E+0
-2.53906250E-1	-2.22834998E-7	-2.22834998E-7	-2.53906250E-1	0.00000000E+0	0.00000000E+0
-2.51464844E-1	-2.21334005E-7	-2.21334005E-7	-2.51464844E-1	0.00000000E+0	0.00000000E+0
-2.49023437E-1	-2.19552007E-7	-2.19552007E-7	-2.49023437E-1	0.00000000E+0	0.00000000E+0
-2.46582031E-1	-2.16649994E-7	-2.16649994E-7	-2.46582031E-1	0.00000000E+0	0.00000000E+0
-2.44140625E-1	-2.14511999E-7	-2.14511999E-7	-2.44140625E-1	0.00000000E+0	0.00000000E+0
-2.41699219E-1	-2.12678998E-7	-2.12678998E-7	-2.41699219E-1	0.00000000E+0	0.00000000E+0
-2.39257812E-1	-2.09828002E-7	-2.09828002E-7	-2.39257812E-1	0.00000000E+0	0.00000000E+0
-2.36816406E-1	-2.07981998E-7	-2.07981998E-7	-2.36816406E-1	0.00000000E+0	0.00000000E+0
-2.34375000E-1	-2.06264005E-7	-2.06264005E-7	-2.34375000E-1	0.00000000E+0	0.00000000E+0
-2.31933594E-1	-2.04125996E-7	-2.04125996E-7	-2.31933594E-1	0.00000000E+0	0.00000000E+0
-2.29492187E-1	-2.03718002E-7	-2.03718002E-7	-2.29492187E-1	0.00000000E+0	0.00000000E+0
-2.27050781E-1	-2.02292995E-7	-2.02292995E-7	-2.27050781E-1	0.00000000E+0	0.00000000E+0
-2.24609375E-1	-1.98677995E-7	-1.98677995E-7	-2.24609375E-1	0.00000000E+0	0.00000000E+0
-2.22167969E-1	-1.96285995E-7	-1.96285995E-7	-2.22167969E-1	0.00000000E+0	0.00000000E+0
-2.19726562E-1	-1.94986995E-7	-1.94986995E-7	-2.19726562E-1	0.00000000E+0	0.00000000E+0
-2.17285156E-1	-1.92111003E-7	-1.92111003E-7	-2.17285156E-1	0.00000000E+0	0.00000000E+0
-2.14843750E-1	-1.91105002E-7	-1.91105002E-7	-2.14843750E-1	0.00000000E+0	0.00000000E+0
-2.12402344E-1	-1.88241998E-7	-1.88241998E-7	-2.12402344E-1	0.00000000E+0	0.00000000E+0
-2.09960937E-1	-1.87020007E-7	-1.87020007E-7	-2.09960937E-1	0.00000000E+0	0.00000000E+0
-2.07519531E-1	-1.83660006E-7	-1.83660006E-7	-2.07519531E-1	0.00000000E+0	0.00000000E+0
-2.05078125E-1	-1.81331004E-7	-1.81331004E-7	-2.05078125E-1	0.00000000E+0	0.00000000E+0
-2.02636719E-1	-1.79536002E-7	-1.79536002E-7	-2.02636719E-1	0.00000000E+0	0.00000000E+0
-2.00195312E-1	-1.77016005E-7	-1.77016005E-7	-2.00195312E-1	0.00000000E+0	0.00000000E+0
-1.97753906E-1	-1.74902993E-7	-1.74902993E-7	-1.97753906E-1	0.00000000E+0	0.00000000E+0
-1.95312500E-1	-1.72662993E-7	-1.72662993E-7	-1.95312500E-1	0.00000000E+0	0.00000000E+0
-1.92871094E-1	-1.70830006E-7	-1.70830006E-7	-1.92871094E-1	0.00000000E+0	0.00000000E+0
-1.90429687E-1	-1.68488000E-7	-1.68488000E-7	-1.90429687E-1	0.00000000E+0	0.00000000E+0
-1.87988281E-1	-1.66172001E-7	-1.66172001E-7	-1.87988281E-1	0.00000000E+0	0.00000000E+0
-1.85546875E-1	-1.63804998E-7	-1.63804998E-7	-1.85546875E-1	0.00000000E+0	0.00000000E+0
-1.83105469E-1	-1.62888000E-7	-1.62888000E-7	-1.83105469E-1	0.00000000E+0	0.00000000E+0
-1.80664062E-1	-1.60189998E-7	-1.60189998E-7	-1.80664062E-1	0.00000000E+0	0.00000000E+0
-1.78222656E-1	-1.57713998E-7	-1.57713998E-7	-1.78222656E-1	0.00000000E+0	0.00000000E+0
-1.75781250E-1	-1.55276993E-7	-1.55276993E-7	-1.75781250E-1	0.00000000E+0	0.00000000E+0
-1.73339844E-1	-1.51281000E-7	-1.51281000E-7	-1.73339844E-1	0.00000000E+0	0.00000000E+0
-1.70898437E-1	-1.50058995E-7	-1.50058995E-7	-1.70898437E-1	0.00000000E+0	0.00000000E+0
-1.68457031E-1	-1.48837003E-7	-1.48837003E-7	-1.68457031E-1	0.00000000E+0	0.00000000E+0
-1.66015625E-1	-1.46470001E-7	-1.46470001E-7	-1.66015625E-1	0.00000000E+0	0.00000000E+0
-1.63574219E-1	-1.44980007E-7	-1.44980007E-7	-1.63574219E-1	0.00000000E+0	0.00000000E+0
-1.61132812E-1	-1.42117003E-7	-1.42117003E-7	-1.61132812E-1	0.00000000E+0	0.00000000E+0
-1.58691406E-1	-1.40386007E-7	-1.40386007E-7	-1.58691406E-1	0.00000000E+0	0.00000000E+0
-1.56250000E-1	-1.38451000E-7	-1.38451000E-7	-1.56250000E-1	0.00000000E+0	0.00000000E+0
-1.53808594E-1	-1.36465999E-7	-1.36465999E-7	-1.53808594E-1	0.00000000E+0	0.00000000E+0
-1.51367187E-1	-1.34900006E-7	-1.34900006E-7	-1.51367187E-1	0.00000000E+0	0.00000000E+0
-1.48925781E-1	-1.32799997E-7	-1.32799997E-7	-1.48925781E-1	0.00000000E+0	0.00000000E+0
-1.46484375E-1	-1.30713005E-7	-1.30713005E-7	-1.46484375E-1	0.00000000E+0	0.00000000E+0
-1.44042969E-1	-1.27413998E-7	-1.27413998E-7	-1.44042969E-1	0.00000000E+0	0.00000000E+0
-1.41601562E-1	-1.24918998E-7	-1.24918998E-7	-1.41601562E-1	0.00000000E+0	0.00000000E+0
-1.39160156E-1	-1.23084007E-7	-1.23084007E-7	-1.39160156E-1	0.00000000E+0	0.00000000E+0
-1.36718750E-1	-1.20858999E-7	-1.20858999E-7	-1.36718750E-1	0.00000000E+0	0.00000000E+0
-1.34277344E-1	-1.18599999E-7	-1.18599999E-7	-1.34277344E-1	0.00000000E+0	0.00000000E+0
-1.31835937E-1	-1.16465003E-7	-1.16465003E-7	-1.31835937E-1	0.00000000E+0	0.00000000E+0
-1.29394531E-1	-1.14233004E-7	-1.14233004E-7	-1.29394531E-1	0.00000000E+0	0.00000000E+0
-1.26953125E-1	-1.12221997E-7	-1.12221997E-7	-1.26953125E-1	0.00000000E+0	0.00000000E+0
-1.24511719E-1	-1.10141002E-7	-1.10141002E-7	-1.24511719E-1	0.00000000E+0	0.00000000E+0
-1.22070312E-1	-1.07779996E-7	-1.07779996E-7	-1.22070312E-1	0.00000000E+0	0.00000000E+0
-1.19628906E-1	-1.05608002E-7	-1.05608002E-7	-1.19628906E-1	0.00000000E+0	0.00000000E+0
-1.17187500E-1	-1.03338003E-7	-1.03338003E-7	-1.17187500E-1	0.00000000E+0	0.00000000E+0
-1.14746094E-1	-1.01288002E-7	-1.01288002E-7	-1.14746094E-1	0.00000000E+0	0.00000000E+0
-1.12304687E-1	-9.98094976E-8	-9.98094976E-8	-1.12304687E-1	0.00000000E+0	0.00000000E+0
-1.09863281E-1	-9.67526006E-8	-9.67526006E-8	-1.09863281E-1	0.00000000E+0	0.00000000E+0
-1.07421875E-1	-9.43963983E-8	-9.43963983E-8	-1.07421875E-1	0.00000000E+0	0.00000000E+0
-1.04980469E-1	-9.30508008E-8	-9.30508008E-8	-1.04980469E-1	0.00000000E+0	0.00000000E+0
-1.02539062E-1	-9.06272035E-8	-9.06272035E-8	-1.02539062E-1	0.00000000E+0	0.00000000E+0
-1.00097656E-1	-8.86010980E-8	-8.86010980E-8	-1.00097656E-1	0.00000000E+0	0.00000000E+0
-9.76562500E-2	-8.63188987E-8	-8.63188987E-8	-9.76562500E-2	0.00000000E+0	0.00000000E+0
-9.52148438E-2	-8.39066985E-8	-8.39066985E-8	-9.52148438E-2	0.00000000E+0	0.00000000E+0
-9.27734375E-2	-8.11580989E-8	-8.11580989E-8	-9.27734375E-2	0.00000000E+0	0.00000000E+0
-9.03320313E-2	-7.80387026E-8	-7.80387026E-8	-9.03320313E-2	0.00000000E+0	0.00000000E+0
-8.78906250E-2	-7.55461969E-8	-7.55461969E-8	-8.78906250E-2	0.00000000E+0	0.00000000E+0
-8.54492188E-2	-7.34741974E-8	-7.34741974E-8	-8.54492188E-2	0.00000000E+0	0.00000000E+0
-8.30078125E-2	-7.02096017E-8	-7.02096017E-8	-8.30078125E-2	0.00000000E+0	0.00000000E+0
-8.05664063E-2	-6.77667984E-8	-6.77667984E-8	-8.05664063E-2	0.00000000E+0	0.00000000E+0
-7.81250000E-2	-6.39171986E-8	-6.39171986E-8	-7.81250000E-2	0.00000000E+0	0.00000000E+0
-7.56835938E-2	-6.14324023E-8	-6.14324023E-8	-7.56835938E-2	0.00000000E+0	0.00000000E+0
-7.32421875E-2	-5.88863998E-8	-5.88863998E-8	-7.32421875E-2	0.00000000E+0	0.00000000E+0
-7.08007813E-2	-5.65622003E-8	-5.65622003E-8	-7.08007813E-2	0.00000000E+0	0.00000000E+0
-6.83593750E-2	-5.41690994E-8	-5.41690994E-8	-6.83593750E-2	0.00000000E+0	0.00000000E+0
-6.59179688E-2	-5.19250989E-8	-5.19250989E-8	-6.59179688E-2	0.00000000E+0	0.00000000E+0
-6.34765625E-2	-4.98264008E-8	-4.98264008E-8	-6.34765625E-2	0.00000000E+0	0.00000000E+0
-6.10351563E-2	-4.78481006E-8	-4.78481006E-8	-6.10351563E-2	0.00000000E+0	0.00000000E+0
-5.85937500E-2	-4.64680987E-8	-4.64680987E-8	-5.85937500E-2	0.00000000E+0	0.00000000E+0
-5.61523438E-2	-4.68026009E-8	-4.68026009E-8	-5.61523438E-2	0.00000000E+0	0.00000000E+0
-5.37109375E-2	-4.98570003E-8	-4.98570003E-8	-5.37109375E-2	0.00000000E+0	0.00000000E+0
-5.12695313E-2	-5.69291991E-8	-5.69291991E-8	-5.12695313E-2	0.00000000E+0	0.00000000E+0
-4.88281250E-2	-8.04391043E-9	-8.04391043E-9	-4.88281250E-2	0.00000000E+0	0.00000000E+0
-4.63867188E-2	-1.49816000E-8	-1.49816000E-8	-4.63867188E-2	0.00000000E+0	0.00000000E+0
-4.39453125E-2	-7.70830013E-8	-7.70830013E-8	-4.39453125E-2	0.00000000E+0	0.00000000E+0
-4.15039063E-2	-1.36924001E-7	-1.36924001E-7	-4.15039063E-2	0.00000000E+0	0.00000000E+0
-3.90625000E-2	-1.62583007E-7	-1.62583007E-7	-3.90625000E-2	0.00000000E+0	0.00000000E+0
-3.66210938E-2	-1.78313996E-7	-1.78313996E-7	-3.66210938E-2	0.00000000E+0	0.00000000E+0
-3.41796875E-2	-1.65128000E-7	-1.65128000E-7	-3.41796875E-2	0.00000000E+0	0.00000000E+0
-3.17382813E-2	-1.51891996E-7	-1.51891996E-7	-3.17382813E-2	0.00000000E+0	0.00000000E+0
-2.92968750E-2	-1.38222006E-7	-1.38222006E-7	-2.92968750E-2	0.00000000E+0	0.00000000E+0
-2.68554688E-2	-1.25759996E-7	-1.25759996E-7	-2.68554688E-2	0.00000000E+0	0.00000000E+0
-2.44140625E-2	-1.13383997E-7	-1.13383997E-7	-2.44140625E-2	0.00000000E+0	0.00000000E+0
-2.19726563E-2	-1.01801000E-7	-1.01801000E-7	-2.19726563E-2	0.00000000E+0	0.00000000E+0
-1.95312500E-2	-8.96447006E-8	-8.96447006E-8	-1.95312500E-2	0.00000000E+0	0.00000000E+0
-1.70898438E-2	-7.87497001E-8	-7.87497001E-8	-1.70898438E-2	0.00000000E+0	0.00000000E+0
-1.46484375E-2	-6.72048017E-8	-6.72048017E-8	-1.46484375E-2	0.00000000E+0	0.00000000E+0
-1.22070313E-2	-5.62945992E-8	-5.62945992E-8	-1.22070313E-2	0.00000000E+0	0.00000000E+0
-9.76562500E-3	-4.50785009E-8	-4.50785009E-8	-9.76562500E-3	0.00000000E+0	0.00000000E+0
-7.32421875E-3	-3.44893003E-8	-3.44893003E-8	-7.32421875E-3	0.00000000E+0	0.00000000E+0
-4.88281250E-3	-2.34491004E-8	-2.34491004E-8	-4.88281250E-3	0.00000000E+0	0.00000000E+0
-2.44140625E-3	-1.29025004E-8	-1.29025004E-8	-2.44140625E-3	0.00000000E+0	0.00000000E+0
0.00000000E+0	-2.14033991E-9	-2.14033991E-9	0.00000000E+0	0.00000000E+0	0.00000000E+0
