Date: do 28 mrt 2013, Material: Au, Temp: 4.2 K
AO1 - module gain: 1.0E+0, R_out: 0.0
AO2 - module gain: 1.0E+2
MUX1 - ADC gain: 4, logarithmic amplifier: D:\LabVIEW Data\Lithographic MCBJ\MED24_070412.TXT, R_in: 0.000
MUX2 - ADC gain: 4, linear amplifier: 1.000000 x 1e10 V/A, R_in: 1.000
Breaking trace: 15 0
Axis position: -884.642276
Vbias (V)	<I> and Ii MUX1 (A)	Vbias (V)	<I> and Ii MUX2 (A)
@
0.00000000E+0	-2.89801988E-10	-2.89801988E-10	0.00000000E+0	0.00000000E+0	0.00000000E+0
2.44140625E-3	5.45531009E-10	5.45531009E-10	2.44140625E-3	0.00000000E+0	0.00000000E+0
4.88281250E-3	1.56159996E-9	1.56159996E-9	4.88281250E-3	0.00000000E+0	0.00000000E+0
7.32421875E-3	2.55146992E-9	2.55146992E-9	7.32421875E-3	0.00000000E+0	0.00000000E+0
9.76562500E-3	3.57456997E-9	3.57456997E-9	9.76562500E-3	0.00000000E+0	0.00000000E+0
1.22070313E-2	4.64227012E-9	4.64227012E-9	1.22070313E-2	0.00000000E+0	0.00000000E+0
1.46484375E-2	5.75513992E-9	5.75513992E-9	1.46484375E-2	0.00000000E+0	0.00000000E+0
1.70898438E-2	6.83784007E-9	6.83784007E-9	1.70898438E-2	0.00000000E+0	0.00000000E+0
1.95312500E-2	8.11516010E-9	8.11516010E-9	1.95312500E-2	0.00000000E+0	0.00000000E+0
2.19726563E-2	9.08560960E-9	9.08560960E-9	2.19726563E-2	0.00000000E+0	0.00000000E+0
2.44140625E-2	1.01713002E-8	1.01713002E-8	2.44140625E-2	0.00000000E+0	0.00000000E+0
2.68554688E-2	1.14017000E-8	1.14017000E-8	2.68554688E-2	0.00000000E+0	0.00000000E+0
2.92968750E-2	1.26625004E-8	1.26625004E-8	2.92968750E-2	0.00000000E+0	0.00000000E+0
3.17382813E-2	1.38819001E-8	1.38819001E-8	3.17382813E-2	0.00000000E+0	0.00000000E+0
3.41796875E-2	1.50720005E-8	1.50720005E-8	3.41796875E-2	0.00000000E+0	0.00000000E+0
3.66210938E-2	1.51944004E-8	1.51944004E-8	3.66210938E-2	0.00000000E+0	0.00000000E+0
3.90625000E-2	1.63921996E-8	1.63921996E-8	3.90625000E-2	0.00000000E+0	0.00000000E+0
4.15039063E-2	1.78270003E-8	1.78270003E-8	4.15039063E-2	0.00000000E+0	0.00000000E+0
4.39453125E-2	1.95727008E-8	1.95727008E-8	4.39453125E-2	0.00000000E+0	0.00000000E+0
4.63867188E-2	1.70419998E-8	1.70419998E-8	4.63867188E-2	0.00000000E+0	0.00000000E+0
4.88281250E-2	1.62978999E-8	1.62978999E-8	4.88281250E-2	0.00000000E+0	0.00000000E+0
5.12695313E-2	1.48461998E-8	1.48461998E-8	5.12695313E-2	0.00000000E+0	0.00000000E+0
5.37109375E-2	1.33593998E-8	1.33593998E-8	5.37109375E-2	0.00000000E+0	0.00000000E+0
5.61523438E-2	1.20585000E-8	1.20585000E-8	5.61523438E-2	0.00000000E+0	0.00000000E+0
5.85937500E-2	1.10178000E-8	1.10178000E-8	5.85937500E-2	0.00000000E+0	0.00000000E+0
6.10351563E-2	1.04223004E-8	1.04223004E-8	6.10351563E-2	0.00000000E+0	0.00000000E+0
6.34765625E-2	9.90559990E-9	9.90559990E-9	6.34765625E-2	0.00000000E+0	0.00000000E+0
6.59179688E-2	9.64973967E-9	9.64973967E-9	6.59179688E-2	0.00000000E+0	0.00000000E+0
6.83593750E-2	9.37563982E-9	9.37563982E-9	6.83593750E-2	0.00000000E+0	0.00000000E+0
7.08007813E-2	9.17103016E-9	9.17103016E-9	7.08007813E-2	0.00000000E+0	0.00000000E+0
7.32421875E-2	9.12394960E-9	9.12394960E-9	7.32421875E-2	0.00000000E+0	0.00000000E+0
7.56835938E-2	9.05219988E-9	9.05219988E-9	7.56835938E-2	0.00000000E+0	0.00000000E+0
7.81250000E-2	8.98805030E-9	8.98805030E-9	7.81250000E-2	0.00000000E+0	0.00000000E+0
8.05664063E-2	8.97438035E-9	8.97438035E-9	8.05664063E-2	0.00000000E+0	0.00000000E+0
8.30078125E-2	8.99450026E-9	8.99450026E-9	8.30078125E-2	0.00000000E+0	0.00000000E+0
8.54492188E-2	9.03702002E-9	9.03702002E-9	8.54492188E-2	0.00000000E+0	0.00000000E+0
8.78906250E-2	9.09775988E-9	9.09775988E-9	8.78906250E-2	0.00000000E+0	0.00000000E+0
9.03320313E-2	9.14369025E-9	9.14369025E-9	9.03320313E-2	0.00000000E+0	0.00000000E+0
9.27734375E-2	9.24898025E-9	9.24898025E-9	9.27734375E-2	0.00000000E+0	0.00000000E+0
9.52148438E-2	9.32237043E-9	9.32237043E-9	9.52148438E-2	0.00000000E+0	0.00000000E+0
9.76562500E-2	9.43107015E-9	9.43107015E-9	9.76562500E-2	0.00000000E+0	0.00000000E+0
1.00097656E-1	9.56736024E-9	9.56736024E-9	1.00097656E-1	0.00000000E+0	0.00000000E+0
1.02539062E-1	9.72856995E-9	9.72856995E-9	1.02539062E-1	0.00000000E+0	0.00000000E+0
1.04980469E-1	9.91243976E-9	9.91243976E-9	1.04980469E-1	0.00000000E+0	0.00000000E+0
1.07421875E-1	1.00386002E-8	1.00386002E-8	1.07421875E-1	0.00000000E+0	0.00000000E+0
1.09863281E-1	1.02064002E-8	1.02064002E-8	1.09863281E-1	0.00000000E+0	0.00000000E+0
1.12304687E-1	1.03866000E-8	1.03866000E-8	1.12304687E-1	0.00000000E+0	0.00000000E+0
1.14746094E-1	1.06049001E-8	1.06049001E-8	1.14746094E-1	0.00000000E+0	0.00000000E+0
1.17187500E-1	1.08456000E-8	1.08456000E-8	1.17187500E-1	0.00000000E+0	0.00000000E+0
1.19628906E-1	1.10984004E-8	1.10984004E-8	1.19628906E-1	0.00000000E+0	0.00000000E+0
1.22070312E-1	1.12903997E-8	1.12903997E-8	1.22070312E-1	0.00000000E+0	0.00000000E+0
1.24511719E-1	1.15176002E-8	1.15176002E-8	1.24511719E-1	0.00000000E+0	0.00000000E+0
1.26953125E-1	1.17327001E-8	1.17327001E-8	1.26953125E-1	0.00000000E+0	0.00000000E+0
1.29394531E-1	1.19469998E-8	1.19469998E-8	1.29394531E-1	0.00000000E+0	0.00000000E+0
1.31835937E-1	1.21976997E-8	1.21976997E-8	1.31835937E-1	0.00000000E+0	0.00000000E+0
1.34277344E-1	1.23717996E-8	1.23717996E-8	1.34277344E-1	0.00000000E+0	0.00000000E+0
1.36718750E-1	1.25544997E-8	1.25544997E-8	1.36718750E-1	0.00000000E+0	0.00000000E+0
1.39160156E-1	1.27327002E-8	1.27327002E-8	1.39160156E-1	0.00000000E+0	0.00000000E+0
1.41601562E-1	1.34314000E-8	1.34314000E-8	1.41601562E-1	0.00000000E+0	0.00000000E+0
1.44042969E-1	1.36244998E-8	1.36244998E-8	1.44042969E-1	0.00000000E+0	0.00000000E+0
1.46484375E-1	1.38819001E-8	1.38819001E-8	1.46484375E-1	0.00000000E+0	0.00000000E+0
1.48925781E-1	1.41061003E-8	1.41061003E-8	1.48925781E-1	0.00000000E+0	0.00000000E+0
1.51367187E-1	1.43661003E-8	1.43661003E-8	1.51367187E-1	0.00000000E+0	0.00000000E+0
1.53808594E-1	1.46260000E-8	1.46260000E-8	1.53808594E-1	0.00000000E+0	0.00000000E+0
1.56250000E-1	1.47636996E-8	1.47636996E-8	1.56250000E-1	0.00000000E+0	0.00000000E+0
1.58691406E-1	1.42844998E-8	1.42844998E-8	1.58691406E-1	0.00000000E+0	0.00000000E+0
1.61132812E-1	1.44961003E-8	1.44961003E-8	1.61132812E-1	0.00000000E+0	0.00000000E+0
1.63574219E-1	1.55090998E-8	1.55090998E-8	1.63574219E-1	0.00000000E+0	0.00000000E+0
1.66015625E-1	1.58569993E-8	1.58569993E-8	1.66015625E-1	0.00000000E+0	0.00000000E+0
1.68457031E-1	1.60252007E-8	1.60252007E-8	1.68457031E-1	0.00000000E+0	0.00000000E+0
1.70898437E-1	1.63386993E-8	1.63386993E-8	1.70898437E-1	0.00000000E+0	0.00000000E+0
1.73339844E-1	1.66649006E-8	1.66649006E-8	1.73339844E-1	0.00000000E+0	0.00000000E+0
1.75781250E-1	1.68382002E-8	1.68382002E-8	1.75781250E-1	0.00000000E+0	0.00000000E+0
1.78222656E-1	1.70930008E-8	1.70930008E-8	1.78222656E-1	0.00000000E+0	0.00000000E+0
1.80664062E-1	1.74269008E-8	1.74269008E-8	1.80664062E-1	0.00000000E+0	0.00000000E+0
1.83105469E-1	1.75084001E-8	1.75084001E-8	1.83105469E-1	0.00000000E+0	0.00000000E+0
1.85546875E-1	1.77453998E-8	1.77453998E-8	1.85546875E-1	0.00000000E+0	0.00000000E+0
1.87988281E-1	1.80512991E-8	1.80512991E-8	1.87988281E-1	0.00000000E+0	0.00000000E+0
1.90429687E-1	1.82552000E-8	1.82552000E-8	1.90429687E-1	0.00000000E+0	0.00000000E+0
1.92871094E-1	1.84680005E-8	1.84680005E-8	1.92871094E-1	0.00000000E+0	0.00000000E+0
1.95312500E-1	1.86118996E-8	1.86118996E-8	1.95312500E-1	0.00000000E+0	0.00000000E+0
1.97753906E-1	1.88565998E-8	1.88565998E-8	1.97753906E-1	0.00000000E+0	0.00000000E+0
2.00195312E-1	1.92745997E-8	1.92745997E-8	2.00195312E-1	0.00000000E+0	0.00000000E+0
2.02636719E-1	1.94044993E-8	1.94044993E-8	2.02636719E-1	0.00000000E+0	0.00000000E+0
2.05078125E-1	1.97257002E-8	1.97257002E-8	2.05078125E-1	0.00000000E+0	0.00000000E+0
2.07519531E-1	1.98786001E-8	1.98786001E-8	2.07519531E-1	0.00000000E+0	0.00000000E+0
2.09960937E-1	2.01206998E-8	2.01206998E-8	2.09960937E-1	0.00000000E+0	0.00000000E+0
2.12402344E-1	2.04213997E-8	2.04213997E-8	2.12402344E-1	0.00000000E+0	0.00000000E+0
2.14843750E-1	2.05895994E-8	2.05895994E-8	2.14843750E-1	0.00000000E+0	0.00000000E+0
2.17285156E-1	2.09030997E-8	2.09030997E-8	2.17285156E-1	0.00000000E+0	0.00000000E+0
2.19726562E-1	2.10942002E-8	2.10942002E-8	2.19726562E-1	0.00000000E+0	0.00000000E+0
2.22167969E-1	2.13311999E-8	2.13311999E-8	2.22167969E-1	0.00000000E+0	0.00000000E+0
2.24609375E-1	2.15376996E-8	2.15376996E-8	2.24609375E-1	0.00000000E+0	0.00000000E+0
2.27050781E-1	2.17925002E-8	2.17925002E-8	2.27050781E-1	0.00000000E+0	0.00000000E+0
2.29492187E-1	2.20270007E-8	2.20270007E-8	2.29492187E-1	0.00000000E+0	0.00000000E+0
2.31933594E-1	2.21952003E-8	2.21952003E-8	2.31933594E-1	0.00000000E+0	0.00000000E+0
2.34375000E-1	2.24397994E-8	2.24397994E-8	2.34375000E-1	0.00000000E+0	0.00000000E+0
2.36816406E-1	2.26386003E-8	2.26386003E-8	2.36816406E-1	0.00000000E+0	0.00000000E+0
2.39257812E-1	2.28908998E-8	2.28908998E-8	2.39257812E-1	0.00000000E+0	0.00000000E+0
2.41699219E-1	2.30858994E-8	2.30858994E-8	2.41699219E-1	0.00000000E+0	0.00000000E+0
2.44140625E-1	2.33573001E-8	2.33573001E-8	2.44140625E-1	0.00000000E+0	0.00000000E+0
2.46582031E-1	2.35942998E-8	2.35942998E-8	2.46582031E-1	0.00000000E+0	0.00000000E+0
2.49023437E-1	2.37931008E-8	2.37931008E-8	2.49023437E-1	0.00000000E+0	0.00000000E+0
2.51464844E-1	2.38465994E-8	2.38465994E-8	2.51464844E-1	0.00000000E+0	0.00000000E+0
2.53906250E-1	2.43359999E-8	2.43359999E-8	2.53906250E-1	0.00000000E+0	0.00000000E+0
2.56347656E-1	2.44736000E-8	2.44736000E-8	2.56347656E-1	0.00000000E+0	0.00000000E+0
2.58789062E-1	2.47068002E-8	2.47068002E-8	2.58789062E-1	0.00000000E+0	0.00000000E+0
2.61230469E-1	2.49820005E-8	2.49820005E-8	2.61230469E-1	0.00000000E+0	0.00000000E+0
2.63671875E-1	2.52075996E-8	2.52075996E-8	2.63671875E-1	0.00000000E+0	0.00000000E+0
2.66113281E-1	2.54292996E-8	2.54292996E-8	2.66113281E-1	0.00000000E+0	0.00000000E+0
2.68554687E-1	2.56969006E-8	2.56969006E-8	2.68554687E-1	0.00000000E+0	0.00000000E+0
2.70996094E-1	2.55745007E-8	2.55745007E-8	2.70996094E-1	0.00000000E+0	0.00000000E+0
2.73437500E-1	2.61250008E-8	2.61250008E-8	2.73437500E-1	0.00000000E+0	0.00000000E+0
2.75878906E-1	2.64078999E-8	2.64078999E-8	2.75878906E-1	0.00000000E+0	0.00000000E+0
2.78320312E-1	2.62932005E-8	2.62932005E-8	2.78320312E-1	0.00000000E+0	0.00000000E+0
2.80761719E-1	2.68284008E-8	2.68284008E-8	2.80761719E-1	0.00000000E+0	0.00000000E+0
2.83203125E-1	2.71228000E-8	2.71228000E-8	2.83203125E-1	0.00000000E+0	0.00000000E+0
2.85644531E-1	2.74170997E-8	2.74170997E-8	2.85644531E-1	0.00000000E+0	0.00000000E+0
2.88085937E-1	2.76312004E-8	2.76312004E-8	2.88085937E-1	0.00000000E+0	0.00000000E+0
2.90527344E-1	2.78759007E-8	2.78759007E-8	2.90527344E-1	0.00000000E+0	0.00000000E+0
2.92968750E-1	2.81282002E-8	2.81282002E-8	2.92968750E-1	0.00000000E+0	0.00000000E+0
2.95410156E-1	2.83957995E-8	2.83957995E-8	2.95410156E-1	0.00000000E+0	0.00000000E+0
2.97851562E-1	2.86098008E-8	2.86098008E-8	2.97851562E-1	0.00000000E+0	0.00000000E+0
3.00292969E-1	2.88698008E-8	2.88698008E-8	3.00292969E-1	0.00000000E+0	0.00000000E+0
3.02734375E-1	2.90838997E-8	2.90838997E-8	3.02734375E-1	0.00000000E+0	0.00000000E+0
3.05175781E-1	2.93323996E-8	2.93323996E-8	3.05175781E-1	0.00000000E+0	0.00000000E+0
3.07617187E-1	2.86404003E-8	2.86404003E-8	3.07617187E-1	0.00000000E+0	0.00000000E+0
3.10058594E-1	2.93323996E-8	2.93323996E-8	3.10058594E-1	0.00000000E+0	0.00000000E+0
3.12500000E-1	2.97184997E-8	2.97184997E-8	3.12500000E-1	0.00000000E+0	0.00000000E+0
3.14941406E-1	3.03530001E-8	3.03530001E-8	3.14941406E-1	0.00000000E+0	0.00000000E+0
3.17382812E-1	2.96496001E-8	2.96496001E-8	3.17382812E-1	0.00000000E+0	0.00000000E+0
3.19824219E-1	3.08499999E-8	3.08499999E-8	3.19824219E-1	0.00000000E+0	0.00000000E+0
3.22265625E-1	3.11826014E-8	3.11826014E-8	3.22265625E-1	0.00000000E+0	0.00000000E+0
3.24707031E-1	3.14005000E-8	3.14005000E-8	3.24707031E-1	0.00000000E+0	0.00000000E+0
3.27148437E-1	3.16718989E-8	3.16718989E-8	3.27148437E-1	0.00000000E+0	0.00000000E+0
3.29589844E-1	3.19089004E-8	3.19089004E-8	3.29589844E-1	0.00000000E+0	0.00000000E+0
3.32031250E-1	3.21573985E-8	3.21573985E-8	3.32031250E-1	0.00000000E+0	0.00000000E+0
3.34472656E-1	3.23982015E-8	3.23982015E-8	3.34472656E-1	0.00000000E+0	0.00000000E+0
3.36914062E-1	3.26850014E-8	3.26850014E-8	3.36914062E-1	0.00000000E+0	0.00000000E+0
3.39355469E-1	3.28683996E-8	3.28683996E-8	3.39355469E-1	0.00000000E+0	0.00000000E+0
3.41796875E-1	3.31742989E-8	3.31742989E-8	3.41796875E-1	0.00000000E+0	0.00000000E+0
3.44238281E-1	3.34188996E-8	3.34188996E-8	3.44238281E-1	0.00000000E+0	0.00000000E+0
3.46679687E-1	3.36520998E-8	3.36520998E-8	3.46679687E-1	0.00000000E+0	0.00000000E+0
3.49121094E-1	3.39006014E-8	3.39006014E-8	3.49121094E-1	0.00000000E+0	0.00000000E+0
3.51562500E-1	3.41165993E-8	3.41165993E-8	3.51562500E-1	0.00000000E+0	0.00000000E+0
3.54003906E-1	3.43670017E-8	3.43670017E-8	3.54003906E-1	0.00000000E+0	0.00000000E+0
3.56445312E-1	3.46728015E-8	3.46728015E-8	3.56445312E-1	0.00000000E+0	0.00000000E+0
3.58886719E-1	3.49481013E-8	3.49481013E-8	3.58886719E-1	0.00000000E+0	0.00000000E+0
3.61328125E-1	3.50703999E-8	3.50703999E-8	3.61328125E-1	0.00000000E+0	0.00000000E+0
3.63769531E-1	3.54373988E-8	3.54373988E-8	3.63769531E-1	0.00000000E+0	0.00000000E+0
3.66210937E-1	3.57203014E-8	3.57203014E-8	3.66210937E-1	0.00000000E+0	0.00000000E+0
3.68652344E-1	3.59266998E-8	3.59266998E-8	3.68652344E-1	0.00000000E+0	0.00000000E+0
3.71093750E-1	3.61408006E-8	3.61408006E-8	3.71093750E-1	0.00000000E+0	0.00000000E+0
3.73535156E-1	3.63854014E-8	3.63854014E-8	3.73535156E-1	0.00000000E+0	0.00000000E+0
3.75976562E-1	3.66529989E-8	3.66529989E-8	3.75976562E-1	0.00000000E+0	0.00000000E+0
3.78417969E-1	3.68746988E-8	3.68746988E-8	3.78417969E-1	0.00000000E+0	0.00000000E+0
3.80859375E-1	3.68746988E-8	3.68746988E-8	3.80859375E-1	0.00000000E+0	0.00000000E+0
3.83300781E-1	3.72417013E-8	3.72417013E-8	3.83300781E-1	0.00000000E+0	0.00000000E+0
3.85742187E-1	3.75551998E-8	3.75551998E-8	3.85742187E-1	0.00000000E+0	0.00000000E+0
3.88183594E-1	3.77309988E-8	3.77309988E-8	3.88183594E-1	0.00000000E+0	0.00000000E+0
3.90625000E-1	3.79450995E-8	3.79450995E-8	3.90625000E-1	0.00000000E+0	0.00000000E+0
3.93066406E-1	3.81897998E-8	3.81897998E-8	3.93066406E-1	0.00000000E+0	0.00000000E+0
3.95507812E-1	3.84114998E-8	3.84114998E-8	3.95507812E-1	0.00000000E+0	0.00000000E+0
3.97949219E-1	3.85950010E-8	3.85950010E-8	3.97949219E-1	0.00000000E+0	0.00000000E+0
4.00390625E-1	3.76087002E-8	3.76087002E-8	4.00390625E-1	0.00000000E+0	0.00000000E+0
4.02832031E-1	3.86371006E-8	3.86371006E-8	4.02832031E-1	0.00000000E+0	0.00000000E+0
4.05273437E-1	3.93900983E-8	3.93900983E-8	4.05273437E-1	0.00000000E+0	0.00000000E+0
4.07714844E-1	3.88854993E-8	3.88854993E-8	4.07714844E-1	0.00000000E+0	0.00000000E+0
4.10156250E-1	3.97266007E-8	3.97266007E-8	4.10156250E-1	0.00000000E+0	0.00000000E+0
4.12597656E-1	3.98679987E-8	3.98679987E-8	4.12597656E-1	0.00000000E+0	0.00000000E+0
4.15039062E-1	4.01546991E-8	4.01546991E-8	4.15039062E-1	0.00000000E+0	0.00000000E+0
4.17480469E-1	4.03917007E-8	4.03917007E-8	4.17480469E-1	0.00000000E+0	0.00000000E+0
4.19921875E-1	4.06670004E-8	4.06670004E-8	4.19921875E-1	0.00000000E+0	0.00000000E+0
4.22363281E-1	4.08887004E-8	4.08887004E-8	4.22363281E-1	0.00000000E+0	0.00000000E+0
4.24804687E-1	4.12326990E-8	4.12326990E-8	4.24804687E-1	0.00000000E+0	0.00000000E+0
4.27246094E-1	4.14086010E-8	4.14086010E-8	4.27246094E-1	0.00000000E+0	0.00000000E+0
4.29687500E-1	4.16531982E-8	4.16531982E-8	4.29687500E-1	0.00000000E+0	0.00000000E+0
4.32128906E-1	4.19285016E-8	4.19285016E-8	4.32128906E-1	0.00000000E+0	0.00000000E+0
4.34570312E-1	4.21654995E-8	4.21654995E-8	4.34570312E-1	0.00000000E+0	0.00000000E+0
4.37011719E-1	4.24790016E-8	4.24790016E-8	4.37011719E-1	0.00000000E+0	0.00000000E+0
4.39453125E-1	4.26318998E-8	4.26318998E-8	4.39453125E-1	0.00000000E+0	0.00000000E+0
4.41894531E-1	4.30065015E-8	4.30065015E-8	4.41894531E-1	0.00000000E+0	0.00000000E+0
4.44335937E-1	4.32512017E-8	4.32512017E-8	4.44335937E-1	0.00000000E+0	0.00000000E+0
4.46777344E-1	4.35570016E-8	4.35570016E-8	4.46777344E-1	0.00000000E+0	0.00000000E+0
4.49218750E-1	4.43139001E-8	4.43139001E-8	4.49218750E-1	0.00000000E+0	0.00000000E+0
4.51660156E-1	4.39851995E-8	4.39851995E-8	4.51660156E-1	0.00000000E+0	0.00000000E+0
4.54101562E-1	4.42527011E-8	4.42527011E-8	4.54101562E-1	0.00000000E+0	0.00000000E+0
4.56542969E-1	4.45586004E-8	4.45586004E-8	4.56542969E-1	0.00000000E+0	0.00000000E+0
4.58984375E-1	4.48568009E-8	4.48568009E-8	4.58984375E-1	0.00000000E+0	0.00000000E+0
4.61425781E-1	4.47955983E-8	4.47955983E-8	4.61425781E-1	0.00000000E+0	0.00000000E+0
4.63867187E-1	4.53995987E-8	4.53995987E-8	4.63867187E-1	0.00000000E+0	0.00000000E+0
4.66308594E-1	4.55754012E-8	4.55754012E-8	4.66308594E-1	0.00000000E+0	0.00000000E+0
4.68750000E-1	4.58507010E-8	4.58507010E-8	4.68750000E-1	0.00000000E+0	0.00000000E+0
4.71191406E-1	4.60648018E-8	4.60648018E-8	4.71191406E-1	0.00000000E+0	0.00000000E+0
4.73632812E-1	4.54224995E-8	4.54224995E-8	4.73632812E-1	0.00000000E+0	0.00000000E+0
4.76074219E-1	4.65234997E-8	4.65234997E-8	4.76074219E-1	0.00000000E+0	0.00000000E+0
4.78515625E-1	4.63284984E-8	4.63284984E-8	4.78515625E-1	0.00000000E+0	0.00000000E+0
4.80957031E-1	4.67528984E-8	4.67528984E-8	4.80957031E-1	0.00000000E+0	0.00000000E+0
4.83398437E-1	4.74486015E-8	4.74486015E-8	4.83398437E-1	0.00000000E+0	0.00000000E+0
4.85839844E-1	4.75709001E-8	4.75709001E-8	4.85839844E-1	0.00000000E+0	0.00000000E+0
4.88281250E-1	4.67146002E-8	4.67146002E-8	4.88281250E-1	0.00000000E+0	0.00000000E+0
4.90722656E-1	4.80603006E-8	4.80603006E-8	4.90722656E-1	0.00000000E+0	0.00000000E+0
4.93164062E-1	4.65923016E-8	4.65923016E-8	4.93164062E-1	0.00000000E+0	0.00000000E+0
4.90722656E-1	4.80984994E-8	4.80984994E-8	4.90722656E-1	0.00000000E+0	0.00000000E+0
4.88281250E-1	4.78615014E-8	4.78615014E-8	4.88281250E-1	0.00000000E+0	0.00000000E+0
4.85839844E-1	4.75404001E-8	4.75404001E-8	4.85839844E-1	0.00000000E+0	0.00000000E+0
4.83398437E-1	4.68827999E-8	4.68827999E-8	4.83398437E-1	0.00000000E+0	0.00000000E+0
4.80957031E-1	4.67146002E-8	4.67146002E-8	4.80957031E-1	0.00000000E+0	0.00000000E+0
4.78515625E-1	4.66229011E-8	4.66229011E-8	4.78515625E-1	0.00000000E+0	0.00000000E+0
4.76074219E-1	4.60952982E-8	4.60952982E-8	4.76074219E-1	0.00000000E+0	0.00000000E+0
4.73632812E-1	4.54759999E-8	4.54759999E-8	4.73632812E-1	0.00000000E+0	0.00000000E+0
4.71191406E-1	4.60111984E-8	4.60111984E-8	4.71191406E-1	0.00000000E+0	0.00000000E+0
4.68750000E-1	4.54530991E-8	4.54530991E-8	4.68750000E-1	0.00000000E+0	0.00000000E+0
4.66308594E-1	4.55219009E-8	4.55219009E-8	4.66308594E-1	0.00000000E+0	0.00000000E+0
4.63867187E-1	4.52389983E-8	4.52389983E-8	4.63867187E-1	0.00000000E+0	0.00000000E+0
4.61425781E-1	4.49216984E-8	4.49216984E-8	4.61425781E-1	0.00000000E+0	0.00000000E+0
4.58984375E-1	4.46771011E-8	4.46771011E-8	4.58984375E-1	0.00000000E+0	0.00000000E+0
4.56542969E-1	4.44439010E-8	4.44439010E-8	4.56542969E-1	0.00000000E+0	0.00000000E+0
4.54101562E-1	4.41763000E-8	4.41763000E-8	4.54101562E-1	0.00000000E+0	0.00000000E+0
4.51660156E-1	4.39851995E-8	4.39851995E-8	4.51660156E-1	0.00000000E+0	0.00000000E+0
4.49218750E-1	4.37098997E-8	4.37098997E-8	4.49218750E-1	0.00000000E+0	0.00000000E+0
4.46777344E-1	4.34289014E-8	4.34289014E-8	4.46777344E-1	0.00000000E+0	0.00000000E+0
4.44335937E-1	4.27007016E-8	4.27007016E-8	4.44335937E-1	0.00000000E+0	0.00000000E+0
4.41894531E-1	4.29396003E-8	4.29396003E-8	4.41894531E-1	0.00000000E+0	0.00000000E+0
4.39453125E-1	4.27007016E-8	4.27007016E-8	4.39453125E-1	0.00000000E+0	0.00000000E+0
4.37011719E-1	4.23871995E-8	4.23871995E-8	4.37011719E-1	0.00000000E+0	0.00000000E+0
4.34570312E-1	4.17450003E-8	4.17450003E-8	4.34570312E-1	0.00000000E+0	0.00000000E+0
4.32128906E-1	4.14086010E-8	4.14086010E-8	4.32128906E-1	0.00000000E+0	0.00000000E+0
4.29687500E-1	4.16531982E-8	4.16531982E-8	4.29687500E-1	0.00000000E+0	0.00000000E+0
4.27246094E-1	4.13091996E-8	4.13091996E-8	4.27246094E-1	0.00000000E+0	0.00000000E+0
4.24804687E-1	3.97877002E-8	3.97877002E-8	4.24804687E-1	0.00000000E+0	0.00000000E+0
4.22363281E-1	4.04528997E-8	4.04528997E-8	4.22363281E-1	0.00000000E+0	0.00000000E+0
4.19921875E-1	4.06860998E-8	4.06860998E-8	4.19921875E-1	0.00000000E+0	0.00000000E+0
4.17480469E-1	4.03917007E-8	4.03917007E-8	4.17480469E-1	0.00000000E+0	0.00000000E+0
4.15039062E-1	4.01852986E-8	4.01852986E-8	4.15039062E-1	0.00000000E+0	0.00000000E+0
4.12597656E-1	3.98182998E-8	3.98182998E-8	4.12597656E-1	0.00000000E+0	0.00000000E+0
4.10156250E-1	3.97266007E-8	3.97266007E-8	4.10156250E-1	0.00000000E+0	0.00000000E+0
4.07714844E-1	3.85567986E-8	3.85567986E-8	4.07714844E-1	0.00000000E+0	0.00000000E+0
4.05273437E-1	3.92983992E-8	3.92983992E-8	4.05273437E-1	0.00000000E+0	0.00000000E+0
4.02832031E-1	3.90536989E-8	3.90536989E-8	4.02832031E-1	0.00000000E+0	0.00000000E+0
4.00390625E-1	3.88854993E-8	3.88854993E-8	4.00390625E-1	0.00000000E+0	0.00000000E+0
3.97949219E-1	3.85950010E-8	3.85950010E-8	3.97949219E-1	0.00000000E+0	0.00000000E+0
3.95507812E-1	3.84114998E-8	3.84114998E-8	3.95507812E-1	0.00000000E+0	0.00000000E+0
3.93066406E-1	3.77615983E-8	3.77615983E-8	3.93066406E-1	0.00000000E+0	0.00000000E+0
3.90625000E-1	3.73794009E-8	3.73794009E-8	3.90625000E-1	0.00000000E+0	0.00000000E+0
3.88183594E-1	3.77004987E-8	3.77004987E-8	3.88183594E-1	0.00000000E+0	0.00000000E+0
3.85742187E-1	3.74557985E-8	3.74557985E-8	3.85742187E-1	0.00000000E+0	0.00000000E+0
3.83300781E-1	3.73104996E-8	3.73104996E-8	3.83300781E-1	0.00000000E+0	0.00000000E+0
3.80859375E-1	3.70352993E-8	3.70352993E-8	3.80859375E-1	0.00000000E+0	0.00000000E+0
3.78417969E-1	3.65766013E-8	3.65766013E-8	3.78417969E-1	0.00000000E+0	0.00000000E+0
3.75976562E-1	3.64771999E-8	3.64771999E-8	3.75976562E-1	0.00000000E+0	0.00000000E+0
3.73535156E-1	3.62630992E-8	3.62630992E-8	3.73535156E-1	0.00000000E+0	0.00000000E+0
3.71093750E-1	3.60948995E-8	3.60948995E-8	3.71093750E-1	0.00000000E+0	0.00000000E+0
3.68652344E-1	3.58426000E-8	3.58426000E-8	3.68652344E-1	0.00000000E+0	0.00000000E+0
3.66210937E-1	3.55176013E-8	3.55176013E-8	3.66210937E-1	0.00000000E+0	0.00000000E+0
3.63769531E-1	3.52920999E-8	3.52920999E-8	3.63769531E-1	0.00000000E+0	0.00000000E+0
3.61328125E-1	3.50933007E-8	3.50933007E-8	3.61328125E-1	0.00000000E+0	0.00000000E+0
3.58886719E-1	3.48256997E-8	3.48256997E-8	3.58886719E-1	0.00000000E+0	0.00000000E+0
3.56445312E-1	3.44893003E-8	3.44893003E-8	3.56445312E-1	0.00000000E+0	0.00000000E+0
3.54003906E-1	3.43478987E-8	3.43478987E-8	3.54003906E-1	0.00000000E+0	0.00000000E+0
3.51562500E-1	3.41625004E-8	3.41625004E-8	3.51562500E-1	0.00000000E+0	0.00000000E+0
3.49121094E-1	3.38777006E-8	3.38777006E-8	3.49121094E-1	0.00000000E+0	0.00000000E+0
3.46679687E-1	3.36234010E-8	3.36234010E-8	3.46679687E-1	0.00000000E+0	0.00000000E+0
3.44238281E-1	3.29067014E-8	3.29067014E-8	3.44238281E-1	0.00000000E+0	0.00000000E+0
3.41796875E-1	3.31321992E-8	3.31321992E-8	3.41796875E-1	0.00000000E+0	0.00000000E+0
3.39355469E-1	3.28378995E-8	3.28378995E-8	3.39355469E-1	0.00000000E+0	0.00000000E+0
3.36914062E-1	3.26429017E-8	3.26429017E-8	3.36914062E-1	0.00000000E+0	0.00000000E+0
3.34472656E-1	3.23982015E-8	3.23982015E-8	3.34472656E-1	0.00000000E+0	0.00000000E+0
3.32031250E-1	3.21115010E-8	3.21115010E-8	3.32031250E-1	0.00000000E+0	0.00000000E+0
3.29589844E-1	3.18592015E-8	3.18592015E-8	3.29589844E-1	0.00000000E+0	0.00000000E+0
3.27148437E-1	3.16527995E-8	3.16527995E-8	3.27148437E-1	0.00000000E+0	0.00000000E+0
3.24707031E-1	3.13775992E-8	3.13775992E-8	3.24707031E-1	0.00000000E+0	0.00000000E+0
3.22265625E-1	3.11826014E-8	3.11826014E-8	3.22265625E-1	0.00000000E+0	0.00000000E+0
3.19824219E-1	3.09265005E-8	3.09265005E-8	3.19824219E-1	0.00000000E+0	0.00000000E+0
3.17382812E-1	3.05977004E-8	3.05977004E-8	3.17382812E-1	0.00000000E+0	0.00000000E+0
3.14941406E-1	3.03300993E-8	3.03300993E-8	3.14941406E-1	0.00000000E+0	0.00000000E+0
3.12500000E-1	3.00853991E-8	3.00853991E-8	3.12500000E-1	0.00000000E+0	0.00000000E+0
3.10058594E-1	2.98330995E-8	2.98330995E-8	3.10058594E-1	0.00000000E+0	0.00000000E+0
3.07617187E-1	2.90380004E-8	2.90380004E-8	3.07617187E-1	0.00000000E+0	0.00000000E+0
3.05175781E-1	2.92827007E-8	2.92827007E-8	3.05175781E-1	0.00000000E+0	0.00000000E+0
3.02734375E-1	2.89309998E-8	2.89309998E-8	3.02734375E-1	0.00000000E+0	0.00000000E+0
3.00292969E-1	2.87207005E-8	2.87207005E-8	3.00292969E-1	0.00000000E+0	0.00000000E+0
2.97851562E-1	2.84722006E-8	2.84722006E-8	2.97851562E-1	0.00000000E+0	0.00000000E+0
2.95410156E-1	2.81664008E-8	2.81664008E-8	2.95410156E-1	0.00000000E+0	0.00000000E+0
2.92968750E-1	2.79217005E-8	2.79217005E-8	2.92968750E-1	0.00000000E+0	0.00000000E+0
2.90527344E-1	2.76312004E-8	2.76312004E-8	2.90527344E-1	0.00000000E+0	0.00000000E+0
2.88085937E-1	2.74630008E-8	2.74630008E-8	2.88085937E-1	0.00000000E+0	0.00000000E+0
2.85644531E-1	2.71037006E-8	2.71037006E-8	2.85644531E-1	0.00000000E+0	0.00000000E+0
2.83203125E-1	2.69201994E-8	2.69201994E-8	2.83203125E-1	0.00000000E+0	0.00000000E+0
2.80761719E-1	2.65302003E-8	2.65302003E-8	2.80761719E-1	0.00000000E+0	0.00000000E+0
2.78320312E-1	2.64461004E-8	2.64461004E-8	2.78320312E-1	0.00000000E+0	0.00000000E+0
2.75878906E-1	2.62397002E-8	2.62397002E-8	2.75878906E-1	0.00000000E+0	0.00000000E+0
2.73437500E-1	2.60217998E-8	2.60217998E-8	2.73437500E-1	0.00000000E+0	0.00000000E+0
2.70996094E-1	2.57160000E-8	2.57160000E-8	2.70996094E-1	0.00000000E+0	0.00000000E+0
2.68554687E-1	2.55133994E-8	2.55133994E-8	2.68554687E-1	0.00000000E+0	0.00000000E+0
2.66113281E-1	2.52955008E-8	2.52955008E-8	2.66113281E-1	0.00000000E+0	0.00000000E+0
2.63671875E-1	2.50623007E-8	2.50623007E-8	2.63671875E-1	0.00000000E+0	0.00000000E+0
2.61230469E-1	2.46265000E-8	2.46265000E-8	2.61230469E-1	0.00000000E+0	0.00000000E+0
2.58789062E-1	2.45959004E-8	2.45959004E-8	2.58789062E-1	0.00000000E+0	0.00000000E+0
2.56347656E-1	2.43167992E-8	2.43167992E-8	2.56347656E-1	0.00000000E+0	0.00000000E+0
2.53906250E-1	2.41065994E-8	2.41065994E-8	2.53906250E-1	0.00000000E+0	0.00000000E+0
2.51464844E-1	2.38695996E-8	2.38695996E-8	2.51464844E-1	0.00000000E+0	0.00000000E+0
2.49023437E-1	2.36401991E-8	2.36401991E-8	2.49023437E-1	0.00000000E+0	0.00000000E+0
2.46582031E-1	2.34529001E-8	2.34529001E-8	2.46582031E-1	0.00000000E+0	0.00000000E+0
2.44140625E-1	2.32579005E-8	2.32579005E-8	2.44140625E-1	0.00000000E+0	0.00000000E+0
2.41699219E-1	2.30247004E-8	2.30247004E-8	2.41699219E-1	0.00000000E+0	0.00000000E+0
2.39257812E-1	2.26539001E-8	2.26539001E-8	2.39257812E-1	0.00000000E+0	0.00000000E+0
2.36816406E-1	2.25621992E-8	2.25621992E-8	2.36816406E-1	0.00000000E+0	0.00000000E+0
2.34375000E-1	2.23251995E-8	2.23251995E-8	2.34375000E-1	0.00000000E+0	0.00000000E+0
2.31933594E-1	2.21492993E-8	2.21492993E-8	2.31933594E-1	0.00000000E+0	0.00000000E+0
2.29492187E-1	2.18817000E-8	2.18817000E-8	2.29492187E-1	0.00000000E+0	0.00000000E+0
2.27050781E-1	2.13745999E-8	2.13745999E-8	2.27050781E-1	0.00000000E+0	0.00000000E+0
2.24609375E-1	2.14765006E-8	2.14765006E-8	2.24609375E-1	0.00000000E+0	0.00000000E+0
2.22167969E-1	2.12165006E-8	2.12165006E-8	2.22167969E-1	0.00000000E+0	0.00000000E+0
2.19726562E-1	2.10483009E-8	2.10483009E-8	2.19726562E-1	0.00000000E+0	0.00000000E+0
2.17285156E-1	2.08240998E-8	2.08240998E-8	2.17285156E-1	0.00000000E+0	0.00000000E+0
2.14843750E-1	2.05475992E-8	2.05475992E-8	2.14843750E-1	0.00000000E+0	0.00000000E+0
2.12402344E-1	2.03831991E-8	2.03831991E-8	2.12402344E-1	0.00000000E+0	0.00000000E+0
2.09960937E-1	2.01308996E-8	2.01308996E-8	2.09960937E-1	0.00000000E+0	0.00000000E+0
2.07519531E-1	1.98938999E-8	1.98938999E-8	2.07519531E-1	0.00000000E+0	0.00000000E+0
2.05078125E-1	1.96416003E-8	1.96416003E-8	2.05078125E-1	0.00000000E+0	0.00000000E+0
2.02636719E-1	1.95077998E-8	1.95077998E-8	2.02636719E-1	0.00000000E+0	0.00000000E+0
2.00195312E-1	1.93243004E-8	1.93243004E-8	2.00195312E-1	0.00000000E+0	0.00000000E+0
1.97753906E-1	1.89687004E-8	1.89687004E-8	1.97753906E-1	0.00000000E+0	0.00000000E+0
1.95312500E-1	1.89076008E-8	1.89076008E-8	1.95312500E-1	0.00000000E+0	0.00000000E+0
1.92871094E-1	1.85100006E-8	1.85100006E-8	1.92871094E-1	0.00000000E+0	0.00000000E+0
1.90429687E-1	1.83264994E-8	1.83264994E-8	1.90429687E-1	0.00000000E+0	0.00000000E+0
1.87988281E-1	1.80971007E-8	1.80971007E-8	1.87988281E-1	0.00000000E+0	0.00000000E+0
1.85546875E-1	1.76969994E-8	1.76969994E-8	1.85546875E-1	0.00000000E+0	0.00000000E+0
1.83105469E-1	1.75084001E-8	1.75084001E-8	1.83105469E-1	0.00000000E+0	0.00000000E+0
1.80664062E-1	1.72968999E-8	1.72968999E-8	1.80664062E-1	0.00000000E+0	0.00000000E+0
1.78222656E-1	1.69388006E-8	1.69388006E-8	1.78222656E-1	0.00000000E+0	0.00000000E+0
1.75781250E-1	1.68280003E-8	1.68280003E-8	1.75781250E-1	0.00000000E+0	0.00000000E+0
1.73339844E-1	1.65961005E-8	1.65961005E-8	1.73339844E-1	0.00000000E+0	0.00000000E+0
1.70898437E-1	1.63481992E-8	1.63481992E-8	1.70898437E-1	0.00000000E+0	0.00000000E+0
1.68457031E-1	1.60175002E-8	1.60175002E-8	1.68457031E-1	0.00000000E+0	0.00000000E+0
1.66015625E-1	1.57728994E-8	1.57728994E-8	1.66015625E-1	0.00000000E+0	0.00000000E+0
1.63574219E-1	1.54287996E-8	1.54287996E-8	1.63574219E-1	0.00000000E+0	0.00000000E+0
1.61132812E-1	1.52453001E-8	1.52453001E-8	1.61132812E-1	0.00000000E+0	0.00000000E+0
1.58691406E-1	1.49446002E-8	1.49446002E-8	1.58691406E-1	0.00000000E+0	0.00000000E+0
1.56250000E-1	1.47483998E-8	1.47483998E-8	1.56250000E-1	0.00000000E+0	0.00000000E+0
1.53808594E-1	1.45036996E-8	1.45036996E-8	1.53808594E-1	0.00000000E+0	0.00000000E+0
1.51367187E-1	1.41902001E-8	1.41902001E-8	1.51367187E-1	0.00000000E+0	0.00000000E+0
1.48925781E-1	1.39710998E-8	1.39710998E-8	1.48925781E-1	0.00000000E+0	0.00000000E+0
1.46484375E-1	1.37263996E-8	1.37263996E-8	1.46484375E-1	0.00000000E+0	0.00000000E+0
1.44042969E-1	1.35422997E-8	1.35422997E-8	1.44042969E-1	0.00000000E+0	0.00000000E+0
1.41601562E-1	1.33185996E-8	1.33185996E-8	1.41601562E-1	0.00000000E+0	0.00000000E+0
1.39160156E-1	1.31478997E-8	1.31478997E-8	1.39160156E-1	0.00000000E+0	0.00000000E+0
1.36718750E-1	1.28620998E-8	1.28620998E-8	1.36718750E-1	0.00000000E+0	0.00000000E+0
1.34277344E-1	1.26812001E-8	1.26812001E-8	1.34277344E-1	0.00000000E+0	0.00000000E+0
1.31835937E-1	1.24986004E-8	1.24986004E-8	1.31835937E-1	0.00000000E+0	0.00000000E+0
1.29394531E-1	1.23052004E-8	1.23052004E-8	1.29394531E-1	0.00000000E+0	0.00000000E+0
1.26953125E-1	1.21008998E-8	1.21008998E-8	1.26953125E-1	0.00000000E+0	0.00000000E+0
1.24511719E-1	1.18871002E-8	1.18871002E-8	1.24511719E-1	0.00000000E+0	0.00000000E+0
1.22070312E-1	1.17420003E-8	1.17420003E-8	1.22070312E-1	0.00000000E+0	0.00000000E+0
1.19628906E-1	1.14618999E-8	1.14618999E-8	1.19628906E-1	0.00000000E+0	0.00000000E+0
1.17187500E-1	1.12081002E-8	1.12081002E-8	1.17187500E-1	0.00000000E+0	0.00000000E+0
1.14746094E-1	1.09764997E-8	1.09764997E-8	1.14746094E-1	0.00000000E+0	0.00000000E+0
1.12304687E-1	1.07552998E-8	1.07552998E-8	1.12304687E-1	0.00000000E+0	0.00000000E+0
1.09863281E-1	1.05201998E-8	1.05201998E-8	1.09863281E-1	0.00000000E+0	0.00000000E+0
1.07421875E-1	1.03381996E-8	1.03381996E-8	1.07421875E-1	0.00000000E+0	0.00000000E+0
1.04980469E-1	1.00923998E-8	1.00923998E-8	1.04980469E-1	0.00000000E+0	0.00000000E+0
1.02539062E-1	9.92571980E-9	9.92571980E-9	1.02539062E-1	0.00000000E+0	0.00000000E+0
1.00097656E-1	9.70744019E-9	9.70744019E-9	1.00097656E-1	0.00000000E+0	0.00000000E+0
9.76562500E-2	9.56736024E-9	9.56736024E-9	9.76562500E-2	0.00000000E+0	0.00000000E+0
9.52148438E-2	9.40335987E-9	9.40335987E-9	9.52148438E-2	0.00000000E+0	0.00000000E+0
9.27734375E-2	9.27466015E-9	9.27466015E-9	9.27734375E-2	0.00000000E+0	0.00000000E+0
9.03320313E-2	9.10991016E-9	9.10991016E-9	9.03320313E-2	0.00000000E+0	0.00000000E+0
8.78906250E-2	9.03094044E-9	9.03094044E-9	8.78906250E-2	0.00000000E+0	0.00000000E+0
8.54492188E-2	8.91818974E-9	8.91818974E-9	8.54492188E-2	0.00000000E+0	0.00000000E+0
8.30078125E-2	8.88579965E-9	8.88579965E-9	8.30078125E-2	0.00000000E+0	0.00000000E+0
8.05664063E-2	8.84150975E-9	8.84150975E-9	8.05664063E-2	0.00000000E+0	0.00000000E+0
7.81250000E-2	8.82366979E-9	8.82366979E-9	7.81250000E-2	0.00000000E+0	0.00000000E+0
7.56835938E-2	8.81682993E-9	8.81682993E-9	7.56835938E-2	0.00000000E+0	0.00000000E+0
7.32421875E-2	8.87061002E-9	8.87061002E-9	7.32421875E-2	0.00000000E+0	0.00000000E+0
7.08007813E-2	8.93034002E-9	8.93034002E-9	7.08007813E-2	0.00000000E+0	0.00000000E+0
6.83593750E-2	9.02448960E-9	9.02448960E-9	6.83593750E-2	0.00000000E+0	0.00000000E+0
6.59179688E-2	9.18316978E-9	9.18316978E-9	6.59179688E-2	0.00000000E+0	0.00000000E+0
6.34765625E-2	9.47625001E-9	9.47625001E-9	6.34765625E-2	0.00000000E+0	0.00000000E+0
6.10351563E-2	9.79930981E-9	9.79930981E-9	6.10351563E-2	0.00000000E+0	0.00000000E+0
5.85937500E-2	1.03352997E-8	1.03352997E-8	5.85937500E-2	0.00000000E+0	0.00000000E+0
5.61523438E-2	1.10984004E-8	1.10984004E-8	5.61523438E-2	0.00000000E+0	0.00000000E+0
5.37109375E-2	1.20088002E-8	1.20088002E-8	5.37109375E-2	0.00000000E+0	0.00000000E+0
5.12695313E-2	1.33593998E-8	1.33593998E-8	5.12695313E-2	0.00000000E+0	0.00000000E+0
4.88281250E-2	1.50101993E-8	1.50101993E-8	4.88281250E-2	0.00000000E+0	0.00000000E+0
4.63867188E-2	1.65833001E-8	1.65833001E-8	4.63867188E-2	0.00000000E+0	0.00000000E+0
4.39453125E-2	1.60711000E-8	1.60711000E-8	4.39453125E-2	0.00000000E+0	0.00000000E+0
4.15039063E-2	1.88565998E-8	1.88565998E-8	4.15039063E-2	0.00000000E+0	0.00000000E+0
3.90625000E-2	1.78168005E-8	1.78168005E-8	3.90625000E-2	0.00000000E+0	0.00000000E+0
3.66210938E-2	1.64877001E-8	1.64877001E-8	3.66210938E-2	0.00000000E+0	0.00000000E+0
3.41796875E-2	1.52836002E-8	1.52836002E-8	3.41796875E-2	0.00000000E+0	0.00000000E+0
3.17382813E-2	1.40507002E-8	1.40507002E-8	3.17382813E-2	0.00000000E+0	0.00000000E+0
2.92968750E-2	1.28354003E-8	1.28354003E-8	2.92968750E-2	0.00000000E+0	0.00000000E+0
2.68554688E-2	1.17134000E-8	1.17134000E-8	2.68554688E-2	0.00000000E+0	0.00000000E+0
2.44140625E-2	1.04850004E-8	1.04850004E-8	2.44140625E-2	0.00000000E+0	0.00000000E+0
2.19726563E-2	9.32971034E-9	9.32971034E-9	2.19726563E-2	0.00000000E+0	0.00000000E+0
1.95312500E-2	8.12705014E-9	8.12705014E-9	1.95312500E-2	0.00000000E+0	0.00000000E+0
1.70898438E-2	6.88832991E-9	6.88832991E-9	1.70898438E-2	0.00000000E+0	0.00000000E+0
1.46484375E-2	5.88706017E-9	5.88706017E-9	1.46484375E-2	0.00000000E+0	0.00000000E+0
1.22070313E-2	4.77038986E-9	4.77038986E-9	1.22070313E-2	0.00000000E+0	0.00000000E+0
9.76562500E-3	3.58975005E-9	3.58975005E-9	9.76562500E-3	0.00000000E+0	0.00000000E+0
7.32421875E-3	2.52223997E-9	2.52223997E-9	7.32421875E-3	0.00000000E+0	0.00000000E+0
4.88281250E-3	1.59570002E-9	1.59570002E-9	4.88281250E-3	0.00000000E+0	0.00000000E+0
2.44140625E-3	4.56510996E-10	4.56510996E-10	2.44140625E-3	0.00000000E+0	0.00000000E+0
0.00000000E+0	-3.07584014E-10	-3.07584014E-10	0.00000000E+0	0.00000000E+0	0.00000000E+0
-2.44140625E-3	-1.30349997E-9	-1.30349997E-9	-2.44140625E-3	0.00000000E+0	0.00000000E+0
-4.88281250E-3	-2.37418996E-9	-2.37418996E-9	-4.88281250E-3	0.00000000E+0	0.00000000E+0
-7.32421875E-3	-3.39234996E-9	-3.39234996E-9	-7.32421875E-3	0.00000000E+0	0.00000000E+0
-9.76562500E-3	-4.46517001E-9	-4.46517001E-9	-9.76562500E-3	0.00000000E+0	0.00000000E+0
-1.22070313E-2	-5.63366021E-9	-5.63366021E-9	-1.22070313E-2	0.00000000E+0	0.00000000E+0
-1.46484375E-2	-6.85151003E-9	-6.85151003E-9	-1.46484375E-2	0.00000000E+0	0.00000000E+0
-1.70898438E-2	-7.87003973E-9	-7.87003973E-9	-1.70898438E-2	0.00000000E+0	0.00000000E+0
-1.95312500E-2	-9.01766040E-9	-9.01766040E-9	-1.95312500E-2	0.00000000E+0	0.00000000E+0
-2.19726563E-2	-1.00767998E-8	-1.00767998E-8	-2.19726563E-2	0.00000000E+0	0.00000000E+0
-2.44140625E-2	-1.14027001E-8	-1.14027001E-8	-2.44140625E-2	0.00000000E+0	0.00000000E+0
-2.68554688E-2	-1.24485000E-8	-1.24485000E-8	-2.68554688E-2	0.00000000E+0	0.00000000E+0
-2.92968750E-2	-1.37773997E-8	-1.37773997E-8	-2.92968750E-2	0.00000000E+0	0.00000000E+0
-3.17382813E-2	-1.50185002E-8	-1.50185002E-8	-3.17382813E-2	0.00000000E+0	0.00000000E+0
-3.41796875E-2	-1.61195004E-8	-1.61195004E-8	-3.41796875E-2	0.00000000E+0	0.00000000E+0
-3.66210938E-2	-1.75287997E-8	-1.75287997E-8	-3.66210938E-2	0.00000000E+0	0.00000000E+0
-3.90625000E-2	-1.86756992E-8	-1.86756992E-8	-3.90625000E-2	0.00000000E+0	0.00000000E+0
-4.15039063E-2	-2.03220001E-8	-2.03220001E-8	-4.15039063E-2	0.00000000E+0	0.00000000E+0
-4.39453125E-2	-1.53371005E-8	-1.53371005E-8	-4.39453125E-2	0.00000000E+0	0.00000000E+0
-4.63867188E-2	-1.75389996E-8	-1.75389996E-8	-4.63867188E-2	0.00000000E+0	0.00000000E+0
-4.88281250E-2	-1.62162994E-8	-1.62162994E-8	-4.88281250E-2	0.00000000E+0	0.00000000E+0
-5.12695313E-2	-1.44922003E-8	-1.44922003E-8	-5.12695313E-2	0.00000000E+0	0.00000000E+0
-5.37109375E-2	-1.31734001E-8	-1.31734001E-8	-5.37109375E-2	0.00000000E+0	0.00000000E+0
-5.61523438E-2	-1.20035004E-8	-1.20035004E-8	-5.61523438E-2	0.00000000E+0	0.00000000E+0
-5.85937500E-2	-1.13140999E-8	-1.13140999E-8	-5.85937500E-2	0.00000000E+0	0.00000000E+0
-6.10351563E-2	-1.06759002E-8	-1.06759002E-8	-6.10351563E-2	0.00000000E+0	0.00000000E+0
-6.34765625E-2	-1.03013003E-8	-1.03013003E-8	-6.34765625E-2	0.00000000E+0	0.00000000E+0
-6.59179688E-2	-9.81829018E-9	-9.81829018E-9	-6.59179688E-2	0.00000000E+0	0.00000000E+0
-6.83593750E-2	-9.65315028E-9	-9.65315028E-9	-6.83593750E-2	0.00000000E+0	0.00000000E+0
-7.08007813E-2	-9.51307033E-9	-9.51307033E-9	-7.08007813E-2	0.00000000E+0	0.00000000E+0
-7.32421875E-2	-9.40563982E-9	-9.40563982E-9	-7.32421875E-2	0.00000000E+0	0.00000000E+0
-7.56835938E-2	-9.36108968E-9	-9.36108968E-9	-7.56835938E-2	0.00000000E+0	0.00000000E+0
-7.81250000E-2	-9.30123978E-9	-9.30123978E-9	-7.81250000E-2	0.00000000E+0	0.00000000E+0
-8.05664063E-2	-9.30768973E-9	-9.30768973E-9	-8.05664063E-2	0.00000000E+0	0.00000000E+0
-8.30078125E-2	-9.36918987E-9	-9.36918987E-9	-8.30078125E-2	0.00000000E+0	0.00000000E+0
-8.54492188E-2	-9.39349043E-9	-9.39349043E-9	-8.54492188E-2	0.00000000E+0	0.00000000E+0
-8.78906250E-2	-9.52003010E-9	-9.52003010E-9	-8.78906250E-2	0.00000000E+0	0.00000000E+0
-9.03320313E-2	-9.62886038E-9	-9.62886038E-9	-9.03320313E-2	0.00000000E+0	0.00000000E+0
-9.27734375E-2	-9.74197967E-9	-9.74197967E-9	-9.27734375E-2	0.00000000E+0	0.00000000E+0
-9.52148438E-2	-9.94281013E-9	-9.94281013E-9	-9.52148438E-2	0.00000000E+0	0.00000000E+0
-9.76562500E-2	-1.01791002E-8	-1.01791002E-8	-9.76562500E-2	0.00000000E+0	0.00000000E+0
-1.00097656E-1	-1.04113997E-8	-1.04113997E-8	-1.00097656E-1	0.00000000E+0	0.00000000E+0
-1.02539062E-1	-1.06542002E-8	-1.06542002E-8	-1.02539062E-1	0.00000000E+0	0.00000000E+0
-1.04980469E-1	-1.09374003E-8	-1.09374003E-8	-1.04980469E-1	0.00000000E+0	0.00000000E+0
-1.07421875E-1	-1.12249996E-8	-1.12249996E-8	-1.07421875E-1	0.00000000E+0	0.00000000E+0
-1.09863281E-1	-1.14764003E-8	-1.14764003E-8	-1.09863281E-1	0.00000000E+0	0.00000000E+0
-1.12304687E-1	-1.17615997E-8	-1.17615997E-8	-1.12304687E-1	0.00000000E+0	0.00000000E+0
-1.14746094E-1	-1.20742003E-8	-1.20742003E-8	-1.14746094E-1	0.00000000E+0	0.00000000E+0
-1.17187500E-1	-1.23971002E-8	-1.23971002E-8	-1.17187500E-1	0.00000000E+0	0.00000000E+0
-1.19628906E-1	-1.26873996E-8	-1.26873996E-8	-1.19628906E-1	0.00000000E+0	0.00000000E+0
-1.22070312E-1	-1.29593998E-8	-1.29593998E-8	-1.22070312E-1	0.00000000E+0	0.00000000E+0
-1.24511719E-1	-1.33032998E-8	-1.33032998E-8	-1.24511719E-1	0.00000000E+0	0.00000000E+0
-1.26953125E-1	-1.36092000E-8	-1.36092000E-8	-1.26953125E-1	0.00000000E+0	0.00000000E+0
-1.29394531E-1	-1.38258001E-8	-1.38258001E-8	-1.29394531E-1	0.00000000E+0	0.00000000E+0
-1.31835937E-1	-1.44195997E-8	-1.44195997E-8	-1.31835937E-1	0.00000000E+0	0.00000000E+0
-1.34277344E-1	-1.48095003E-8	-1.48095003E-8	-1.34277344E-1	0.00000000E+0	0.00000000E+0
-1.36718750E-1	-1.50669006E-8	-1.50669006E-8	-1.36718750E-1	0.00000000E+0	0.00000000E+0
-1.39160156E-1	-1.53599995E-8	-1.53599995E-8	-1.39160156E-1	0.00000000E+0	0.00000000E+0
-1.41601562E-1	-1.55741002E-8	-1.55741002E-8	-1.41601562E-1	0.00000000E+0	0.00000000E+0
-1.44042969E-1	-1.58340008E-8	-1.58340008E-8	-1.44042969E-1	0.00000000E+0	0.00000000E+0
-1.46484375E-1	-1.60940008E-8	-1.60940008E-8	-1.46484375E-1	0.00000000E+0	0.00000000E+0
-1.48925781E-1	-1.64074994E-8	-1.64074994E-8	-1.48925781E-1	0.00000000E+0	0.00000000E+0
-1.51367187E-1	-1.66521001E-8	-1.66521001E-8	-1.51367187E-1	0.00000000E+0	0.00000000E+0
-1.53808594E-1	-1.69172001E-8	-1.69172001E-8	-1.53808594E-1	0.00000000E+0	0.00000000E+0
-1.56250000E-1	-1.72077002E-8	-1.72077002E-8	-1.56250000E-1	0.00000000E+0	0.00000000E+0
-1.58691406E-1	-1.75185999E-8	-1.75185999E-8	-1.58691406E-1	0.00000000E+0	0.00000000E+0
-1.61132812E-1	-1.77951005E-8	-1.77951005E-8	-1.61132812E-1	0.00000000E+0	0.00000000E+0
-1.63574219E-1	-1.81047994E-8	-1.81047994E-8	-1.63574219E-1	0.00000000E+0	0.00000000E+0
-1.66015625E-1	-1.83647000E-8	-1.83647000E-8	-1.66015625E-1	0.00000000E+0	0.00000000E+0
-1.68457031E-1	-1.86629006E-8	-1.86629006E-8	-1.68457031E-1	0.00000000E+0	0.00000000E+0
-1.70898437E-1	-1.89331004E-8	-1.89331004E-8	-1.70898437E-1	0.00000000E+0	0.00000000E+0
-1.73339844E-1	-1.92745997E-8	-1.92745997E-8	-1.73339844E-1	0.00000000E+0	0.00000000E+0
-1.75781250E-1	-1.96467003E-8	-1.96467003E-8	-1.75781250E-1	0.00000000E+0	0.00000000E+0
-1.78222656E-1	-1.98327008E-8	-1.98327008E-8	-1.78222656E-1	0.00000000E+0	0.00000000E+0
-1.80664062E-1	-2.01793000E-8	-2.01793000E-8	-1.80664062E-1	0.00000000E+0	0.00000000E+0
-1.83105469E-1	-2.04443005E-8	-2.04443005E-8	-1.83105469E-1	0.00000000E+0	0.00000000E+0
-1.85546875E-1	-2.07501998E-8	-2.07501998E-8	-1.85546875E-1	0.00000000E+0	0.00000000E+0
-1.87988281E-1	-2.11094999E-8	-2.11094999E-8	-1.87988281E-1	0.00000000E+0	0.00000000E+0
-1.90429687E-1	-2.15146994E-8	-2.15146994E-8	-1.90429687E-1	0.00000000E+0	0.00000000E+0
-1.92871094E-1	-2.16179004E-8	-2.16179004E-8	-1.92871094E-1	0.00000000E+0	0.00000000E+0
-1.95312500E-1	-2.19314007E-8	-2.19314007E-8	-1.95312500E-1	0.00000000E+0	0.00000000E+0
-1.97753906E-1	-2.23098997E-8	-2.23098997E-8	-1.97753906E-1	0.00000000E+0	0.00000000E+0
-2.00195312E-1	-2.24627996E-8	-2.24627996E-8	-2.00195312E-1	0.00000000E+0	0.00000000E+0
-2.02636719E-1	-2.27685995E-8	-2.27685995E-8	-2.02636719E-1	0.00000000E+0	0.00000000E+0
-2.05078125E-1	-2.31508999E-8	-2.31508999E-8	-2.05078125E-1	0.00000000E+0	0.00000000E+0
-2.07519531E-1	-2.34108004E-8	-2.34108004E-8	-2.07519531E-1	0.00000000E+0	0.00000000E+0
-2.09960937E-1	-2.37166997E-8	-2.37166997E-8	-2.09960937E-1	0.00000000E+0	0.00000000E+0
-2.12402344E-1	-2.39919000E-8	-2.39919000E-8	-2.12402344E-1	0.00000000E+0	0.00000000E+0
-2.14843750E-1	-2.42060008E-8	-2.42060008E-8	-2.14843750E-1	0.00000000E+0	0.00000000E+0
-2.17285156E-1	-2.44811993E-8	-2.44811993E-8	-2.17285156E-1	0.00000000E+0	0.00000000E+0
-2.19726562E-1	-2.47565008E-8	-2.47565008E-8	-2.19726562E-1	0.00000000E+0	0.00000000E+0
-2.22167969E-1	-2.50431995E-8	-2.50431995E-8	-2.22167969E-1	0.00000000E+0	0.00000000E+0
-2.24609375E-1	-2.51082000E-8	-2.51082000E-8	-2.24609375E-1	0.00000000E+0	0.00000000E+0
-2.27050781E-1	-2.56128008E-8	-2.56128008E-8	-2.27050781E-1	0.00000000E+0	0.00000000E+0
-2.29492187E-1	-2.59033008E-8	-2.59033008E-8	-2.29492187E-1	0.00000000E+0	0.00000000E+0
-2.31933594E-1	-2.62091007E-8	-2.62091007E-8	-2.31933594E-1	0.00000000E+0	0.00000000E+0
-2.34375000E-1	-2.64078999E-8	-2.64078999E-8	-2.34375000E-1	0.00000000E+0	0.00000000E+0
-2.36816406E-1	-2.64691007E-8	-2.64691007E-8	-2.36816406E-1	0.00000000E+0	0.00000000E+0
-2.39257812E-1	-2.67557994E-8	-2.67557994E-8	-2.39257812E-1	0.00000000E+0	0.00000000E+0
-2.41699219E-1	-2.71878005E-8	-2.71878005E-8	-2.41699219E-1	0.00000000E+0	0.00000000E+0
-2.44140625E-1	-2.73788991E-8	-2.73788991E-8	-2.44140625E-1	0.00000000E+0	0.00000000E+0
-2.46582031E-1	-2.76618000E-8	-2.76618000E-8	-2.46582031E-1	0.00000000E+0	0.00000000E+0
-2.49023437E-1	-2.77994001E-8	-2.77994001E-8	-2.49023437E-1	0.00000000E+0	0.00000000E+0
-2.51464844E-1	-2.82237007E-8	-2.82237007E-8	-2.51464844E-1	0.00000000E+0	0.00000000E+0
-2.53906250E-1	-2.85180999E-8	-2.85180999E-8	-2.53906250E-1	0.00000000E+0	0.00000000E+0
-2.56347656E-1	-2.87130995E-8	-2.87130995E-8	-2.56347656E-1	0.00000000E+0	0.00000000E+0
-2.58789062E-1	-2.89920994E-8	-2.89920994E-8	-2.58789062E-1	0.00000000E+0	0.00000000E+0
-2.61230469E-1	-2.87130995E-8	-2.87130995E-8	-2.61230469E-1	0.00000000E+0	0.00000000E+0
-2.63671875E-1	-2.94394003E-8	-2.94394003E-8	-2.63671875E-1	0.00000000E+0	0.00000000E+0
-2.66113281E-1	-2.95885005E-8	-2.95885005E-8	-2.66113281E-1	0.00000000E+0	0.00000000E+0
-2.68554687E-1	-2.96916998E-8	-2.96916998E-8	-2.68554687E-1	0.00000000E+0	0.00000000E+0
-2.70996094E-1	-3.00587004E-8	-3.00587004E-8	-2.70996094E-1	0.00000000E+0	0.00000000E+0
-2.73437500E-1	-3.03148013E-8	-3.03148013E-8	-2.73437500E-1	0.00000000E+0	0.00000000E+0
-2.75878906E-1	-3.06206012E-8	-3.06206012E-8	-2.75878906E-1	0.00000000E+0	0.00000000E+0
-2.78320312E-1	-3.08040988E-8	-3.08040988E-8	-2.78320312E-1	0.00000000E+0	0.00000000E+0
-2.80761719E-1	-3.10106003E-8	-3.10106003E-8	-2.80761719E-1	0.00000000E+0	0.00000000E+0
-2.83203125E-1	-3.13699005E-8	-3.13699005E-8	-2.83203125E-1	0.00000000E+0	0.00000000E+0
-2.85644531E-1	-3.14464010E-8	-3.14464010E-8	-2.85644531E-1	0.00000000E+0	0.00000000E+0
-2.88085937E-1	-3.15877990E-8	-3.15877990E-8	-2.88085937E-1	0.00000000E+0	0.00000000E+0
-2.90527344E-1	-3.19968017E-8	-3.19968017E-8	-2.90527344E-1	0.00000000E+0	0.00000000E+0
-2.92968750E-1	-3.22186011E-8	-3.22186011E-8	-2.92968750E-1	0.00000000E+0	0.00000000E+0
-2.95410156E-1	-3.24631984E-8	-3.24631984E-8	-2.95410156E-1	0.00000000E+0	0.00000000E+0
-2.97851562E-1	-3.27691012E-8	-3.27691012E-8	-2.97851562E-1	0.00000000E+0	0.00000000E+0
-3.00292969E-1	-3.27385017E-8	-3.27385017E-8	-3.00292969E-1	0.00000000E+0	0.00000000E+0
-3.02734375E-1	-3.32450014E-8	-3.32450014E-8	-3.02734375E-1	0.00000000E+0	0.00000000E+0
-3.05175781E-1	-3.35029995E-8	-3.35029995E-8	-3.05175781E-1	0.00000000E+0	0.00000000E+0
-3.07617187E-1	-3.37782993E-8	-3.37782993E-8	-3.07617187E-1	0.00000000E+0	0.00000000E+0
-3.10058594E-1	-3.39312010E-8	-3.39312010E-8	-3.10058594E-1	0.00000000E+0	0.00000000E+0
-3.12500000E-1	-3.42064013E-8	-3.42064013E-8	-3.12500000E-1	0.00000000E+0	0.00000000E+0
-3.14941406E-1	-3.44893003E-8	-3.44893003E-8	-3.14941406E-1	0.00000000E+0	0.00000000E+0
-3.17382812E-1	-3.47262983E-8	-3.47262983E-8	-3.17382812E-1	0.00000000E+0	0.00000000E+0
-3.19824219E-1	-3.49403990E-8	-3.49403990E-8	-3.19824219E-1	0.00000000E+0	0.00000000E+0
-3.22265625E-1	-3.52767984E-8	-3.52767984E-8	-3.22265625E-1	0.00000000E+0	0.00000000E+0
-3.24707031E-1	-3.53686005E-8	-3.53686005E-8	-3.24707031E-1	0.00000000E+0	0.00000000E+0
-3.27148437E-1	-3.55903005E-8	-3.55903005E-8	-3.27148437E-1	0.00000000E+0	0.00000000E+0
-3.29589844E-1	-3.56744003E-8	-3.56744003E-8	-3.29589844E-1	0.00000000E+0	0.00000000E+0
-3.32031250E-1	-3.61102011E-8	-3.61102011E-8	-3.32031250E-1	0.00000000E+0	0.00000000E+0
-3.34472656E-1	-3.62975001E-8	-3.62975001E-8	-3.34472656E-1	0.00000000E+0	0.00000000E+0
-3.36914062E-1	-3.65307002E-8	-3.65307002E-8	-3.36914062E-1	0.00000000E+0	0.00000000E+0
-3.39355469E-1	-3.69052984E-8	-3.69052984E-8	-3.39355469E-1	0.00000000E+0	0.00000000E+0
-3.41796875E-1	-3.70887996E-8	-3.70887996E-8	-3.41796875E-1	0.00000000E+0	0.00000000E+0
-3.44238281E-1	-3.72953011E-8	-3.72953011E-8	-3.44238281E-1	0.00000000E+0	0.00000000E+0
-3.46679687E-1	-3.74864015E-8	-3.74864015E-8	-3.46679687E-1	0.00000000E+0	0.00000000E+0
-3.49121094E-1	-3.77922014E-8	-3.77922014E-8	-3.49121094E-1	0.00000000E+0	0.00000000E+0
-3.51562500E-1	-3.79145000E-8	-3.79145000E-8	-3.51562500E-1	0.00000000E+0	0.00000000E+0
-3.54003906E-1	-3.79985998E-8	-3.79985998E-8	-3.54003906E-1	0.00000000E+0	0.00000000E+0
-3.56445312E-1	-3.84344006E-8	-3.84344006E-8	-3.56445312E-1	0.00000000E+0	0.00000000E+0
-3.58886719E-1	-3.87097003E-8	-3.87097003E-8	-3.58886719E-1	0.00000000E+0	0.00000000E+0
-3.61328125E-1	-3.87823000E-8	-3.87823000E-8	-3.61328125E-1	0.00000000E+0	0.00000000E+0
-3.63769531E-1	-3.90880999E-8	-3.90880999E-8	-3.63769531E-1	0.00000000E+0	0.00000000E+0
-3.66210937E-1	-3.93443003E-8	-3.93443003E-8	-3.66210937E-1	0.00000000E+0	0.00000000E+0
-3.68652344E-1	-3.96022983E-8	-3.96022983E-8	-3.68652344E-1	0.00000000E+0	0.00000000E+0
-3.71093750E-1	-3.97112991E-8	-3.97112991E-8	-3.71093750E-1	0.00000000E+0	0.00000000E+0
-3.73535156E-1	-3.98412006E-8	-3.98412006E-8	-3.73535156E-1	0.00000000E+0	0.00000000E+0
-3.75976562E-1	-4.01775999E-8	-4.01775999E-8	-3.75976562E-1	0.00000000E+0	0.00000000E+0
-3.78417969E-1	-4.03917007E-8	-4.03917007E-8	-3.78417969E-1	0.00000000E+0	0.00000000E+0
-3.80859375E-1	-4.06498017E-8	-4.06498017E-8	-3.80859375E-1	0.00000000E+0	0.00000000E+0
-3.83300781E-1	-4.08810017E-8	-4.08810017E-8	-3.83300781E-1	0.00000000E+0	0.00000000E+0
-3.85742187E-1	-4.09728003E-8	-4.09728003E-8	-3.85742187E-1	0.00000000E+0	0.00000000E+0
-3.88183594E-1	-4.13091996E-8	-4.13091996E-8	-3.88183594E-1	0.00000000E+0	0.00000000E+0
-3.90625000E-1	-4.15308996E-8	-4.15308996E-8	-3.90625000E-1	0.00000000E+0	0.00000000E+0
-3.93066406E-1	-4.15843999E-8	-4.15843999E-8	-3.93066406E-1	0.00000000E+0	0.00000000E+0
-3.95507812E-1	-4.17373016E-8	-4.17373016E-8	-3.95507812E-1	0.00000000E+0	0.00000000E+0
-3.97949219E-1	-4.20432009E-8	-4.20432009E-8	-3.97949219E-1	0.00000000E+0	0.00000000E+0
-4.00390625E-1	-4.22649009E-8	-4.22649009E-8	-4.00390625E-1	0.00000000E+0	0.00000000E+0
-4.02832031E-1	-4.25324984E-8	-4.25324984E-8	-4.02832031E-1	0.00000000E+0	0.00000000E+0
-4.05273437E-1	-4.28382982E-8	-4.28382982E-8	-4.05273437E-1	0.00000000E+0	0.00000000E+0
-4.07714844E-1	-4.29301004E-8	-4.29301004E-8	-4.07714844E-1	0.00000000E+0	0.00000000E+0
-4.10156250E-1	-4.30829985E-8	-4.30829985E-8	-4.10156250E-1	0.00000000E+0	0.00000000E+0
-4.12597656E-1	-4.31747011E-8	-4.31747011E-8	-4.12597656E-1	0.00000000E+0	0.00000000E+0
-4.15039062E-1	-4.35111005E-8	-4.35111005E-8	-4.15039062E-1	0.00000000E+0	0.00000000E+0
-4.17480469E-1	-4.36832011E-8	-4.36832011E-8	-4.17480469E-1	0.00000000E+0	0.00000000E+0
-4.19921875E-1	-4.38551986E-8	-4.38551986E-8	-4.19921875E-1	0.00000000E+0	0.00000000E+0
-4.22363281E-1	-4.41151009E-8	-4.41151009E-8	-4.22363281E-1	0.00000000E+0	0.00000000E+0
-4.24804687E-1	-4.42126016E-8	-4.42126016E-8	-4.24804687E-1	0.00000000E+0	0.00000000E+0
-4.27246094E-1	-4.44056987E-8	-4.44056987E-8	-4.27246094E-1	0.00000000E+0	0.00000000E+0
-4.29687500E-1	-4.43139001E-8	-4.43139001E-8	-4.29687500E-1	0.00000000E+0	0.00000000E+0
-4.32128906E-1	-4.48949997E-8	-4.48949997E-8	-4.32128906E-1	0.00000000E+0	0.00000000E+0
-4.34570312E-1	-4.50479014E-8	-4.50479014E-8	-4.34570312E-1	0.00000000E+0	0.00000000E+0
-4.37011719E-1	-4.51320012E-8	-4.51320012E-8	-4.37011719E-1	0.00000000E+0	0.00000000E+0
-4.39453125E-1	-4.53843008E-8	-4.53843008E-8	-4.39453125E-1	0.00000000E+0	0.00000000E+0
-4.41894531E-1	-4.53843008E-8	-4.53843008E-8	-4.41894531E-1	0.00000000E+0	0.00000000E+0
-4.44335937E-1	-4.54608013E-8	-4.54608013E-8	-4.44335937E-1	0.00000000E+0	0.00000000E+0
-4.46777344E-1	-4.59462015E-8	-4.59462015E-8	-4.46777344E-1	0.00000000E+0	0.00000000E+0
-4.49218750E-1	-4.60264999E-8	-4.60264999E-8	-4.49218750E-1	0.00000000E+0	0.00000000E+0
-4.51660156E-1	-4.62712002E-8	-4.62712002E-8	-4.51660156E-1	0.00000000E+0	0.00000000E+0
-4.54101562E-1	-4.64680987E-8	-4.64680987E-8	-4.54101562E-1	0.00000000E+0	0.00000000E+0
-4.56542969E-1	-4.65999008E-8	-4.65999008E-8	-4.56542969E-1	0.00000000E+0	0.00000000E+0
-4.58984375E-1	-4.68598991E-8	-4.68598991E-8	-4.58984375E-1	0.00000000E+0	0.00000000E+0
-4.61425781E-1	-4.71198014E-8	-4.71198014E-8	-4.61425781E-1	0.00000000E+0	0.00000000E+0
-4.63867187E-1	-4.69363997E-8	-4.69363997E-8	-4.63867187E-1	0.00000000E+0	0.00000000E+0
-4.66308594E-1	-4.69133994E-8	-4.69133994E-8	-4.66308594E-1	0.00000000E+0	0.00000000E+0
-4.68750000E-1	-4.71580996E-8	-4.71580996E-8	-4.68750000E-1	0.00000000E+0	0.00000000E+0
-4.71191406E-1	-4.74944990E-8	-4.74944990E-8	-4.71191406E-1	0.00000000E+0	0.00000000E+0
-4.73632812E-1	-4.74179984E-8	-4.74179984E-8	-4.73632812E-1	0.00000000E+0	0.00000000E+0
-4.76074219E-1	-4.79838000E-8	-4.79838000E-8	-4.76074219E-1	0.00000000E+0	0.00000000E+0
-4.78515625E-1	-4.79608993E-8	-4.79608993E-8	-4.78515625E-1	0.00000000E+0	0.00000000E+0
-4.80957031E-1	-4.83201994E-8	-4.83201994E-8	-4.80957031E-1	0.00000000E+0	0.00000000E+0
-4.83398437E-1	-4.82781992E-8	-4.82781992E-8	-4.83398437E-1	0.00000000E+0	0.00000000E+0
-4.85839844E-1	-4.83890013E-8	-4.83890013E-8	-4.85839844E-1	0.00000000E+0	0.00000000E+0
-4.88281250E-1	-4.86030984E-8	-4.86030984E-8	-4.88281250E-1	0.00000000E+0	0.00000000E+0
-4.90722656E-1	-4.88782987E-8	-4.88782987E-8	-4.90722656E-1	0.00000000E+0	0.00000000E+0
-4.93164062E-1	-4.85266014E-8	-4.85266014E-8	-4.93164062E-1	0.00000000E+0	0.00000000E+0
-4.90722656E-1	-4.89012990E-8	-4.89012990E-8	-4.90722656E-1	0.00000000E+0	0.00000000E+0
-4.88281250E-1	-4.86337015E-8	-4.86337015E-8	-4.88281250E-1	0.00000000E+0	0.00000000E+0
-4.85839844E-1	-4.86030984E-8	-4.86030984E-8	-4.85839844E-1	0.00000000E+0	0.00000000E+0
-4.83398437E-1	-4.85266014E-8	-4.85266014E-8	-4.83398437E-1	0.00000000E+0	0.00000000E+0
-4.80957031E-1	-4.82495004E-8	-4.82495004E-8	-4.80957031E-1	0.00000000E+0	0.00000000E+0
-4.78515625E-1	-4.80143996E-8	-4.80143996E-8	-4.78515625E-1	0.00000000E+0	0.00000000E+0
-4.76074219E-1	-4.80143996E-8	-4.80143996E-8	-4.76074219E-1	0.00000000E+0	0.00000000E+0
-4.73632812E-1	-4.78156004E-8	-4.78156004E-8	-4.73632812E-1	0.00000000E+0	0.00000000E+0
-4.71191406E-1	-4.76780002E-8	-4.76780002E-8	-4.71191406E-1	0.00000000E+0	0.00000000E+0
-4.68750000E-1	-4.71198014E-8	-4.71198014E-8	-4.68750000E-1	0.00000000E+0	0.00000000E+0
-4.66308594E-1	-4.72191992E-8	-4.72191992E-8	-4.66308594E-1	0.00000000E+0	0.00000000E+0
-4.63867187E-1	-4.70509995E-8	-4.70509995E-8	-4.63867187E-1	0.00000000E+0	0.00000000E+0
-4.61425781E-1	-4.70280987E-8	-4.70280987E-8	-4.61425781E-1	0.00000000E+0	0.00000000E+0
-4.58984375E-1	-4.68026009E-8	-4.68026009E-8	-4.58984375E-1	0.00000000E+0	0.00000000E+0
-4.56542969E-1	-4.66687986E-8	-4.66687986E-8	-4.56542969E-1	0.00000000E+0	0.00000000E+0
-4.54101562E-1	-4.65005989E-8	-4.65005989E-8	-4.54101562E-1	0.00000000E+0	0.00000000E+0
-4.51660156E-1	-4.61794016E-8	-4.61794016E-8	-4.51660156E-1	0.00000000E+0	0.00000000E+0
-4.49218750E-1	-4.62023984E-8	-4.62023984E-8	-4.49218750E-1	0.00000000E+0	0.00000000E+0
-4.46777344E-1	-4.60264999E-8	-4.60264999E-8	-4.46777344E-1	0.00000000E+0	0.00000000E+0
-4.44335937E-1	-4.55677984E-8	-4.55677984E-8	-4.44335937E-1	0.00000000E+0	0.00000000E+0
-4.41894531E-1	-4.55371989E-8	-4.55371989E-8	-4.41894531E-1	0.00000000E+0	0.00000000E+0
-4.39453125E-1	-4.50172983E-8	-4.50172983E-8	-4.39453125E-1	0.00000000E+0	0.00000000E+0
-4.37011719E-1	-4.50785009E-8	-4.50785009E-8	-4.37011719E-1	0.00000000E+0	0.00000000E+0
-4.34570312E-1	-4.48568009E-8	-4.48568009E-8	-4.34570312E-1	0.00000000E+0	0.00000000E+0
-4.32128906E-1	-4.48949997E-8	-4.48949997E-8	-4.32128906E-1	0.00000000E+0	0.00000000E+0
-4.29687500E-1	-4.47114985E-8	-4.47114985E-8	-4.29687500E-1	0.00000000E+0	0.00000000E+0
-4.27246094E-1	-4.44974013E-8	-4.44974013E-8	-4.27246094E-1	0.00000000E+0	0.00000000E+0
-4.24804687E-1	-4.36257999E-8	-4.36257999E-8	-4.24804687E-1	0.00000000E+0	0.00000000E+0
-4.22363281E-1	-4.41609984E-8	-4.41609984E-8	-4.22363281E-1	0.00000000E+0	0.00000000E+0
-4.19921875E-1	-4.37023004E-8	-4.37023004E-8	-4.19921875E-1	0.00000000E+0	0.00000000E+0
-4.17480469E-1	-4.36104983E-8	-4.36104983E-8	-4.17480469E-1	0.00000000E+0	0.00000000E+0
-4.15039062E-1	-4.35111005E-8	-4.35111005E-8	-4.15039062E-1	0.00000000E+0	0.00000000E+0
-4.12597656E-1	-4.30142002E-8	-4.30142002E-8	-4.12597656E-1	0.00000000E+0	0.00000000E+0
-4.10156250E-1	-4.31136016E-8	-4.31136016E-8	-4.10156250E-1	0.00000000E+0	0.00000000E+0
-4.07714844E-1	-4.28917986E-8	-4.28917986E-8	-4.07714844E-1	0.00000000E+0	0.00000000E+0
-4.05273437E-1	-4.25631015E-8	-4.25631015E-8	-4.05273437E-1	0.00000000E+0	0.00000000E+0
-4.02832031E-1	-4.23566000E-8	-4.23566000E-8	-4.02832031E-1	0.00000000E+0	0.00000000E+0
-4.00390625E-1	-4.21712016E-8	-4.21712016E-8	-4.00390625E-1	0.00000000E+0	0.00000000E+0
-3.97949219E-1	-4.20432009E-8	-4.20432009E-8	-3.97949219E-1	0.00000000E+0	0.00000000E+0
-3.95507812E-1	-4.18672990E-8	-4.18672990E-8	-3.95507812E-1	0.00000000E+0	0.00000000E+0
-3.93066406E-1	-4.16149994E-8	-4.16149994E-8	-3.93066406E-1	0.00000000E+0	0.00000000E+0
-3.90625000E-1	-4.14008987E-8	-4.14008987E-8	-3.90625000E-1	0.00000000E+0	0.00000000E+0
-3.88183594E-1	-4.10950989E-8	-4.10950989E-8	-3.88183594E-1	0.00000000E+0	0.00000000E+0
-3.85742187E-1	-4.10033998E-8	-4.10033998E-8	-3.85742187E-1	0.00000000E+0	0.00000000E+0
-3.83300781E-1	-4.07892990E-8	-4.07892990E-8	-3.83300781E-1	0.00000000E+0	0.00000000E+0
-3.80859375E-1	-4.03917007E-8	-4.03917007E-8	-3.80859375E-1	0.00000000E+0	0.00000000E+0
-3.78417969E-1	-4.01470999E-8	-4.01470999E-8	-3.78417969E-1	0.00000000E+0	0.00000000E+0
-3.75976562E-1	-4.01775999E-8	-4.01775999E-8	-3.75976562E-1	0.00000000E+0	0.00000000E+0
-3.73535156E-1	-3.99329991E-8	-3.99329991E-8	-3.73535156E-1	0.00000000E+0	0.00000000E+0
-3.71093750E-1	-3.97112991E-8	-3.97112991E-8	-3.71093750E-1	0.00000000E+0	0.00000000E+0
-3.68652344E-1	-3.95048012E-8	-3.95048012E-8	-3.68652344E-1	0.00000000E+0	0.00000000E+0
-3.66210937E-1	-3.92027992E-8	-3.92027992E-8	-3.66210937E-1	0.00000000E+0	0.00000000E+0
-3.63769531E-1	-3.84039005E-8	-3.84039005E-8	-3.63769531E-1	0.00000000E+0	0.00000000E+0
-3.61328125E-1	-3.88013994E-8	-3.88013994E-8	-3.61328125E-1	0.00000000E+0	0.00000000E+0
-3.58886719E-1	-3.86179018E-8	-3.86179018E-8	-3.58886719E-1	0.00000000E+0	0.00000000E+0
-3.56445312E-1	-3.83427015E-8	-3.83427015E-8	-3.56445312E-1	0.00000000E+0	0.00000000E+0
-3.54003906E-1	-3.81592002E-8	-3.81592002E-8	-3.54003906E-1	0.00000000E+0	0.00000000E+0
-3.51562500E-1	-3.78839999E-8	-3.78839999E-8	-3.51562500E-1	0.00000000E+0	0.00000000E+0
-3.49121094E-1	-3.77309988E-8	-3.77309988E-8	-3.49121094E-1	0.00000000E+0	0.00000000E+0
-3.46679687E-1	-3.74251989E-8	-3.74251989E-8	-3.46679687E-1	0.00000000E+0	0.00000000E+0
-3.44238281E-1	-3.72647015E-8	-3.72647015E-8	-3.44238281E-1	0.00000000E+0	0.00000000E+0
-3.41796875E-1	-3.69665010E-8	-3.69665010E-8	-3.41796875E-1	0.00000000E+0	0.00000000E+0
-3.39355469E-1	-3.67886983E-8	-3.67886983E-8	-3.39355469E-1	0.00000000E+0	0.00000000E+0
-3.36914062E-1	-3.65688990E-8	-3.65688990E-8	-3.36914062E-1	0.00000000E+0	0.00000000E+0
-3.34472656E-1	-3.61408006E-8	-3.61408006E-8	-3.34472656E-1	0.00000000E+0	0.00000000E+0
-3.32031250E-1	-3.60948995E-8	-3.60948995E-8	-3.32031250E-1	0.00000000E+0	0.00000000E+0
-3.29589844E-1	-3.58961003E-8	-3.58961003E-8	-3.29589844E-1	0.00000000E+0	0.00000000E+0
-3.27148437E-1	-3.56744003E-8	-3.56744003E-8	-3.27148437E-1	0.00000000E+0	0.00000000E+0
-3.24707031E-1	-3.51774005E-8	-3.51774005E-8	-3.24707031E-1	0.00000000E+0	0.00000000E+0
-3.22265625E-1	-3.49709985E-8	-3.49709985E-8	-3.22265625E-1	0.00000000E+0	0.00000000E+0
-3.19824219E-1	-3.49403990E-8	-3.49403990E-8	-3.19824219E-1	0.00000000E+0	0.00000000E+0
-3.17382812E-1	-3.47262983E-8	-3.47262983E-8	-3.17382812E-1	0.00000000E+0	0.00000000E+0
-3.14941406E-1	-3.44893003E-8	-3.44893003E-8	-3.14941406E-1	0.00000000E+0	0.00000000E+0
-3.12500000E-1	-3.42522988E-8	-3.42522988E-8	-3.12500000E-1	0.00000000E+0	0.00000000E+0
-3.10058594E-1	-3.40075985E-8	-3.40075985E-8	-3.10058594E-1	0.00000000E+0	0.00000000E+0
-3.07617187E-1	-3.37936008E-8	-3.37936008E-8	-3.07617187E-1	0.00000000E+0	0.00000000E+0
-3.05175781E-1	-3.34724000E-8	-3.34724000E-8	-3.05175781E-1	0.00000000E+0	0.00000000E+0
-3.02734375E-1	-3.32697994E-8	-3.32697994E-8	-3.02734375E-1	0.00000000E+0	0.00000000E+0
-3.00292969E-1	-3.29219993E-8	-3.29219993E-8	-3.00292969E-1	0.00000000E+0	0.00000000E+0
-2.97851562E-1	-3.27078986E-8	-3.27078986E-8	-2.97851562E-1	0.00000000E+0	0.00000000E+0
-2.95410156E-1	-3.25244010E-8	-3.25244010E-8	-2.95410156E-1	0.00000000E+0	0.00000000E+0
-2.92968750E-1	-3.22606013E-8	-3.22606013E-8	-2.92968750E-1	0.00000000E+0	0.00000000E+0
-2.90527344E-1	-3.20656994E-8	-3.20656994E-8	-2.90527344E-1	0.00000000E+0	0.00000000E+0
-2.88085937E-1	-3.17903996E-8	-3.17903996E-8	-2.88085937E-1	0.00000000E+0	0.00000000E+0
-2.85644531E-1	-3.12552011E-8	-3.12552011E-8	-2.85644531E-1	0.00000000E+0	0.00000000E+0
-2.83203125E-1	-3.13010986E-8	-3.13010986E-8	-2.83203125E-1	0.00000000E+0	0.00000000E+0
-2.80761719E-1	-3.10296997E-8	-3.10296997E-8	-2.80761719E-1	0.00000000E+0	0.00000000E+0
-2.78320312E-1	-3.08040988E-8	-3.08040988E-8	-2.78320312E-1	0.00000000E+0	0.00000000E+0
-2.75878906E-1	-3.06206012E-8	-3.06206012E-8	-2.75878906E-1	0.00000000E+0	0.00000000E+0
-2.73437500E-1	-3.02994998E-8	-3.02994998E-8	-2.73437500E-1	0.00000000E+0	0.00000000E+0
-2.70996094E-1	-3.01389989E-8	-3.01389989E-8	-2.70996094E-1	0.00000000E+0	0.00000000E+0
-2.68554687E-1	-2.98942986E-8	-2.98942986E-8	-2.68554687E-1	0.00000000E+0	0.00000000E+0
-2.66113281E-1	-2.95503000E-8	-2.95503000E-8	-2.66113281E-1	0.00000000E+0	0.00000000E+0
-2.63671875E-1	-2.93515008E-8	-2.93515008E-8	-2.63671875E-1	0.00000000E+0	0.00000000E+0
-2.61230469E-1	-2.92330000E-8	-2.92330000E-8	-2.61230469E-1	0.00000000E+0	0.00000000E+0
-2.58789062E-1	-2.88391995E-8	-2.88391995E-8	-2.58789062E-1	0.00000000E+0	0.00000000E+0
-2.56347656E-1	-2.86404003E-8	-2.86404003E-8	-2.56347656E-1	0.00000000E+0	0.00000000E+0
-2.53906250E-1	-2.82886994E-8	-2.82886994E-8	-2.53906250E-1	0.00000000E+0	0.00000000E+0
-2.51464844E-1	-2.80899002E-8	-2.80899002E-8	-2.51464844E-1	0.00000000E+0	0.00000000E+0
-2.49023437E-1	-2.78452994E-8	-2.78452994E-8	-2.49023437E-1	0.00000000E+0	0.00000000E+0
-2.46582031E-1	-2.75699996E-8	-2.75699996E-8	-2.46582031E-1	0.00000000E+0	0.00000000E+0
-2.44140625E-1	-2.73788991E-8	-2.73788991E-8	-2.44140625E-1	0.00000000E+0	0.00000000E+0
-2.41699219E-1	-2.71418994E-8	-2.71418994E-8	-2.41699219E-1	0.00000000E+0	0.00000000E+0
-2.39257812E-1	-2.68207998E-8	-2.68207998E-8	-2.39257812E-1	0.00000000E+0	0.00000000E+0
-2.36816406E-1	-2.66983999E-8	-2.66983999E-8	-2.36816406E-1	0.00000000E+0	0.00000000E+0
-2.34375000E-1	-2.62474007E-8	-2.62474007E-8	-2.34375000E-1	0.00000000E+0	0.00000000E+0
-2.31933594E-1	-2.60562008E-8	-2.60562008E-8	-2.31933594E-1	0.00000000E+0	0.00000000E+0
-2.29492187E-1	-2.57197996E-8	-2.57197996E-8	-2.29492187E-1	0.00000000E+0	0.00000000E+0
-2.27050781E-1	-2.54903991E-8	-2.54903991E-8	-2.27050781E-1	0.00000000E+0	0.00000000E+0
-2.24609375E-1	-2.52152006E-8	-2.52152006E-8	-2.24609375E-1	0.00000000E+0	0.00000000E+0
-2.22167969E-1	-2.49094008E-8	-2.49094008E-8	-2.22167969E-1	0.00000000E+0	0.00000000E+0
-2.19726562E-1	-2.47565008E-8	-2.47565008E-8	-2.19726562E-1	0.00000000E+0	0.00000000E+0
-2.17285156E-1	-2.44009009E-8	-2.44009009E-8	-2.17285156E-1	0.00000000E+0	0.00000000E+0
-2.14843750E-1	-2.41906992E-8	-2.41906992E-8	-2.14843750E-1	0.00000000E+0	0.00000000E+0
-2.12402344E-1	-2.39421993E-8	-2.39421993E-8	-2.12402344E-1	0.00000000E+0	0.00000000E+0
-2.09960937E-1	-2.36783997E-8	-2.36783997E-8	-2.09960937E-1	0.00000000E+0	0.00000000E+0
-2.07519531E-1	-2.34338007E-8	-2.34338007E-8	-2.07519531E-1	0.00000000E+0	0.00000000E+0
-2.05078125E-1	-2.30858994E-8	-2.30858994E-8	-2.05078125E-1	0.00000000E+0	0.00000000E+0
-2.02636719E-1	-2.28349002E-8	-2.28349002E-8	-2.02636719E-1	0.00000000E+0	0.00000000E+0
-2.00195312E-1	-2.25966001E-8	-2.25966001E-8	-2.00195312E-1	0.00000000E+0	0.00000000E+0
-1.97753906E-1	-2.20766996E-8	-2.20766996E-8	-1.97753906E-1	0.00000000E+0	0.00000000E+0
-1.95312500E-1	-2.20040004E-8	-2.20040004E-8	-1.95312500E-1	0.00000000E+0	0.00000000E+0
-1.92871094E-1	-2.16522995E-8	-2.16522995E-8	-1.92871094E-1	0.00000000E+0	0.00000000E+0
-1.90429687E-1	-2.14230003E-8	-2.14230003E-8	-1.90429687E-1	0.00000000E+0	0.00000000E+0
-1.87988281E-1	-2.12548006E-8	-2.12548006E-8	-1.87988281E-1	0.00000000E+0	0.00000000E+0
-1.85546875E-1	-2.07654995E-8	-2.07654995E-8	-1.85546875E-1	0.00000000E+0	0.00000000E+0
-1.83105469E-1	-2.07654995E-8	-2.07654995E-8	-1.83105469E-1	0.00000000E+0	0.00000000E+0
-1.80664062E-1	-2.03372998E-8	-2.03372998E-8	-1.80664062E-1	0.00000000E+0	0.00000000E+0
-1.78222656E-1	-2.00620995E-8	-2.00620995E-8	-1.78222656E-1	0.00000000E+0	0.00000000E+0
-1.75781250E-1	-1.97026999E-8	-1.97026999E-8	-1.75781250E-1	0.00000000E+0	0.00000000E+0
-1.73339844E-1	-1.94095993E-8	-1.94095993E-8	-1.73339844E-1	0.00000000E+0	0.00000000E+0
-1.70898437E-1	-1.89610994E-8	-1.89610994E-8	-1.70898437E-1	0.00000000E+0	0.00000000E+0
-1.68457031E-1	-1.87010993E-8	-1.87010993E-8	-1.68457031E-1	0.00000000E+0	0.00000000E+0
-1.66015625E-1	-1.84067996E-8	-1.84067996E-8	-1.66015625E-1	0.00000000E+0	0.00000000E+0
-1.63574219E-1	-1.81047994E-8	-1.81047994E-8	-1.63574219E-1	0.00000000E+0	0.00000000E+0
-1.61132812E-1	-1.78066006E-8	-1.78066006E-8	-1.61132812E-1	0.00000000E+0	0.00000000E+0
-1.58691406E-1	-1.75542993E-8	-1.75542993E-8	-1.58691406E-1	0.00000000E+0	0.00000000E+0
-1.56250000E-1	-1.71720007E-8	-1.71720007E-8	-1.56250000E-1	0.00000000E+0	0.00000000E+0
-1.53808594E-1	-1.69070002E-8	-1.69070002E-8	-1.53808594E-1	0.00000000E+0	0.00000000E+0
-1.51367187E-1	-1.65552994E-8	-1.65552994E-8	-1.51367187E-1	0.00000000E+0	0.00000000E+0
-1.48925781E-1	-1.62870002E-8	-1.62870002E-8	-1.48925781E-1	0.00000000E+0	0.00000000E+0
-1.46484375E-1	-1.60098992E-8	-1.60098992E-8	-1.46484375E-1	0.00000000E+0	0.00000000E+0
-1.44042969E-1	-1.57289008E-8	-1.57289008E-8	-1.44042969E-1	0.00000000E+0	0.00000000E+0
-1.41601562E-1	-1.54594009E-8	-1.54594009E-8	-1.41601562E-1	0.00000000E+0	0.00000000E+0
-1.39160156E-1	-1.51765001E-8	-1.51765001E-8	-1.39160156E-1	0.00000000E+0	0.00000000E+0
-1.36718750E-1	-1.49191006E-8	-1.49191006E-8	-1.36718750E-1	0.00000000E+0	0.00000000E+0
-1.34277344E-1	-1.46546997E-8	-1.46546997E-8	-1.34277344E-1	0.00000000E+0	0.00000000E+0
-1.31835937E-1	-1.44043000E-8	-1.44043000E-8	-1.31835937E-1	0.00000000E+0	0.00000000E+0
-1.29394531E-1	-1.41749004E-8	-1.41749004E-8	-1.29394531E-1	0.00000000E+0	0.00000000E+0
-1.26953125E-1	-1.39015999E-8	-1.39015999E-8	-1.26953125E-1	0.00000000E+0	0.00000000E+0
-1.24511719E-1	-1.36702996E-8	-1.36702996E-8	-1.24511719E-1	0.00000000E+0	0.00000000E+0
-1.22070312E-1	-1.34027003E-8	-1.34027003E-8	-1.22070312E-1	0.00000000E+0	0.00000000E+0
-1.19628906E-1	-1.31427997E-8	-1.31427997E-8	-1.19628906E-1	0.00000000E+0	0.00000000E+0
-1.17187500E-1	-1.28354998E-8	-1.28354998E-8	-1.17187500E-1	0.00000000E+0	0.00000000E+0
-1.14746094E-1	-1.26317001E-8	-1.26317001E-8	-1.14746094E-1	0.00000000E+0	0.00000000E+0
-1.12304687E-1	-1.23357999E-8	-1.23357999E-8	-1.12304687E-1	0.00000000E+0	0.00000000E+0
-1.09863281E-1	-1.20103003E-8	-1.20103003E-8	-1.09863281E-1	0.00000000E+0	0.00000000E+0
-1.07421875E-1	-1.15859997E-8	-1.15859997E-8	-1.07421875E-1	0.00000000E+0	0.00000000E+0
-1.04980469E-1	-1.12761001E-8	-1.12761001E-8	-1.04980469E-1	0.00000000E+0	0.00000000E+0
-1.02539062E-1	-1.10061000E-8	-1.10061000E-8	-1.02539062E-1	0.00000000E+0	0.00000000E+0
-1.00097656E-1	-1.07618998E-8	-1.07618998E-8	-1.00097656E-1	0.00000000E+0	0.00000000E+0
-9.76562500E-2	-1.04476001E-8	-1.04476001E-8	-9.76562500E-2	0.00000000E+0	0.00000000E+0
-9.52148438E-2	-1.02301998E-8	-1.02301998E-8	-9.52148438E-2	0.00000000E+0	0.00000000E+0
-9.27734375E-2	-9.96671989E-9	-9.96671989E-9	-9.27734375E-2	0.00000000E+0	0.00000000E+0
-9.03320313E-2	-9.78450032E-9	-9.78450032E-9	-9.03320313E-2	0.00000000E+0	0.00000000E+0
-8.78906250E-2	-9.54571977E-9	-9.54571977E-9	-8.78906250E-2	0.00000000E+0	0.00000000E+0
-8.54492188E-2	-9.42563005E-9	-9.42563005E-9	-8.54492188E-2	0.00000000E+0	0.00000000E+0
-8.30078125E-2	-9.24847043E-9	-9.24847043E-9	-8.30078125E-2	0.00000000E+0	0.00000000E+0
-8.05664063E-2	-9.19874044E-9	-9.19874044E-9	-8.05664063E-2	0.00000000E+0	0.00000000E+0
-7.81250000E-2	-9.14571974E-9	-9.14571974E-9	-7.81250000E-2	0.00000000E+0	0.00000000E+0
-7.56835938E-2	-9.18469034E-9	-9.18469034E-9	-7.56835938E-2	0.00000000E+0	0.00000000E+0
-7.32421875E-2	-9.15849974E-9	-9.15849974E-9	-7.32421875E-2	0.00000000E+0	0.00000000E+0
-7.08007813E-2	-9.19874044E-9	-9.19874044E-9	-7.08007813E-2	0.00000000E+0	0.00000000E+0
-6.83593750E-2	-9.30123978E-9	-9.30123978E-9	-6.83593750E-2	0.00000000E+0	0.00000000E+0
-6.59179688E-2	-9.46371959E-9	-9.46371959E-9	-6.59179688E-2	0.00000000E+0	0.00000000E+0
-6.34765625E-2	-9.67922009E-9	-9.67922009E-9	-6.34765625E-2	0.00000000E+0	0.00000000E+0
-6.10351563E-2	-1.00564002E-8	-1.00564002E-8	-6.10351563E-2	0.00000000E+0	0.00000000E+0
-5.85937500E-2	-1.05057998E-8	-1.05057998E-8	-5.85937500E-2	0.00000000E+0	0.00000000E+0
-5.61523438E-2	-1.10991998E-8	-1.10991998E-8	-5.61523438E-2	0.00000000E+0	0.00000000E+0
-5.37109375E-2	-1.19532997E-8	-1.19532997E-8	-5.37109375E-2	0.00000000E+0	0.00000000E+0
-5.12695313E-2	-1.30944002E-8	-1.30944002E-8	-5.12695313E-2	0.00000000E+0	0.00000000E+0
-4.88281250E-2	-1.44922003E-8	-1.44922003E-8	-4.88281250E-2	0.00000000E+0	0.00000000E+0
-4.63867188E-2	-1.60711000E-8	-1.60711000E-8	-4.63867188E-2	0.00000000E+0	0.00000000E+0
-4.39453125E-2	-1.72077002E-8	-1.72077002E-8	-4.39453125E-2	0.00000000E+0	0.00000000E+0
-4.15039063E-2	-1.50796993E-8	-1.50796993E-8	-4.15039063E-2	0.00000000E+0	0.00000000E+0
-3.90625000E-2	-1.89076008E-8	-1.89076008E-8	-3.90625000E-2	0.00000000E+0	0.00000000E+0
-3.66210938E-2	-1.75389996E-8	-1.75389996E-8	-3.66210938E-2	0.00000000E+0	0.00000000E+0
-3.41796875E-2	-1.62418008E-8	-1.62418008E-8	-3.41796875E-2	0.00000000E+0	0.00000000E+0
-3.17382813E-2	-1.49497001E-8	-1.49497001E-8	-3.17382813E-2	0.00000000E+0	0.00000000E+0
-2.92968750E-2	-1.37849998E-8	-1.37849998E-8	-2.92968750E-2	0.00000000E+0	0.00000000E+0
-2.68554688E-2	-1.25020003E-8	-1.25020003E-8	-2.68554688E-2	0.00000000E+0	0.00000000E+0
-2.44140625E-2	-1.12761001E-8	-1.12761001E-8	-2.44140625E-2	0.00000000E+0	0.00000000E+0
-2.19726563E-2	-1.02050999E-8	-1.02050999E-8	-2.19726563E-2	0.00000000E+0	0.00000000E+0
-1.95312500E-2	-8.87111984E-9	-8.87111984E-9	-1.95312500E-2	0.00000000E+0	0.00000000E+0
-1.70898438E-2	-7.77019959E-9	-7.77019959E-9	-1.70898438E-2	0.00000000E+0	0.00000000E+0
-1.46484375E-2	-6.63929001E-9	-6.63929001E-9	-1.46484375E-2	0.00000000E+0	0.00000000E+0
-1.22070313E-2	-5.62378988E-9	-5.62378988E-9	-1.22070313E-2	0.00000000E+0	0.00000000E+0
-9.76562500E-3	-4.49858018E-9	-4.49858018E-9	-9.76562500E-3	0.00000000E+0	0.00000000E+0
-7.32421875E-3	-3.34792993E-9	-3.34792993E-9	-7.32421875E-3	0.00000000E+0	0.00000000E+0
-4.88281250E-3	-2.29142993E-9	-2.29142993E-9	-4.88281250E-3	0.00000000E+0	0.00000000E+0
-2.44140625E-3	-1.29253996E-9	-1.29253996E-9	-2.44140625E-3	0.00000000E+0	0.00000000E+0
0.00000000E+0	-1.08554998E-10	-1.08554998E-10	0.00000000E+0	0.00000000E+0	0.00000000E+0
