Date: do 28 mrt 2013, Material: Au, Temp: 4.2 K
AO1 - module gain: 1.0E+0, R_out: 0.0
AO2 - module gain: 1.0E+2
MUX1 - ADC gain: 4, logarithmic amplifier: D:\LabVIEW Data\Lithographic MCBJ\MED24_070412.TXT, R_in: 0.000
MUX2 - ADC gain: 4, linear amplifier: 1.000000 x 1e10 V/A, R_in: 1.000
Breaking trace: 15 0
Axis position: -887.222900
Vbias (V)	<I> and Ii MUX1 (A)	Vbias (V)	<I> and Ii MUX2 (A)
@
0.00000000E+0	1.57048000E-10	1.57048000E-10	0.00000000E+0	0.00000000E+0	0.00000000E+0
2.44140625E-3	-1.21553002E-11	-1.21553002E-11	2.44140625E-3	0.00000000E+0	0.00000000E+0
4.88281250E-3	-1.70289997E-11	-1.70289997E-11	4.88281250E-3	0.00000000E+0	0.00000000E+0
7.32421875E-3	-9.76761033E-12	-9.76761033E-12	7.32421875E-3	0.00000000E+0	0.00000000E+0
9.76562500E-3	-1.07252002E-11	-1.07252002E-11	9.76562500E-3	0.00000000E+0	0.00000000E+0
1.22070313E-2	-1.11848996E-12	-1.11848996E-12	1.22070313E-2	0.00000000E+0	0.00000000E+0
1.46484375E-2	-2.91113010E-12	-2.91113010E-12	1.46484375E-2	0.00000000E+0	0.00000000E+0
1.70898438E-2	3.17159992E-12	3.17159992E-12	1.70898438E-2	0.00000000E+0	0.00000000E+0
1.95312500E-2	3.23289008E-12	3.23289008E-12	1.95312500E-2	0.00000000E+0	0.00000000E+0
2.19726563E-2	1.56664993E-11	1.56664993E-11	2.19726563E-2	0.00000000E+0	0.00000000E+0
2.44140625E-2	1.43258001E-11	1.43258001E-11	2.44140625E-2	0.00000000E+0	0.00000000E+0
2.68554688E-2	2.43423996E-11	2.43423996E-11	2.68554688E-2	0.00000000E+0	0.00000000E+0
2.92968750E-2	2.10345994E-11	2.10345994E-11	2.92968750E-2	0.00000000E+0	0.00000000E+0
3.17382813E-2	3.19075009E-11	3.19075009E-11	3.17382813E-2	0.00000000E+0	0.00000000E+0
3.41796875E-2	3.01837999E-11	3.01837999E-11	3.41796875E-2	0.00000000E+0	0.00000000E+0
3.66210938E-2	4.03727989E-11	4.03727989E-11	3.66210938E-2	0.00000000E+0	0.00000000E+0
3.90625000E-2	3.81767014E-11	3.81767014E-11	3.90625000E-2	0.00000000E+0	0.00000000E+0
4.15039063E-2	5.35604998E-11	5.35604998E-11	4.15039063E-2	0.00000000E+0	0.00000000E+0
4.39453125E-2	5.14044987E-11	5.14044987E-11	4.39453125E-2	0.00000000E+0	0.00000000E+0
4.63867188E-2	5.74949012E-11	5.74949012E-11	4.63867188E-2	0.00000000E+0	0.00000000E+0
4.88281250E-2	5.96016014E-11	5.96016014E-11	4.88281250E-2	0.00000000E+0	0.00000000E+0
5.12695313E-2	7.17386012E-11	7.17386012E-11	5.12695313E-2	0.00000000E+0	0.00000000E+0
5.37109375E-2	7.12460993E-11	7.12460993E-11	5.37109375E-2	0.00000000E+0	0.00000000E+0
5.61523438E-2	8.13839968E-11	8.13839968E-11	5.61523438E-2	0.00000000E+0	0.00000000E+0
5.85937500E-2	7.91495966E-11	7.91495966E-11	5.85937500E-2	0.00000000E+0	0.00000000E+0
6.10351563E-2	9.26774005E-11	9.26774005E-11	6.10351563E-2	0.00000000E+0	0.00000000E+0
6.34765625E-2	8.95300986E-11	8.95300986E-11	6.34765625E-2	0.00000000E+0	0.00000000E+0
6.59179688E-2	9.81357981E-11	9.81357981E-11	6.59179688E-2	0.00000000E+0	0.00000000E+0
6.83593750E-2	9.97665006E-11	9.97665006E-11	6.83593750E-2	0.00000000E+0	0.00000000E+0
7.08007813E-2	1.12748998E-10	1.12748998E-10	7.08007813E-2	0.00000000E+0	0.00000000E+0
7.32421875E-2	1.10010001E-10	1.10010001E-10	7.32421875E-2	0.00000000E+0	0.00000000E+0
7.56835938E-2	1.26164995E-10	1.26164995E-10	7.56835938E-2	0.00000000E+0	0.00000000E+0
7.81250000E-2	1.23748997E-10	1.23748997E-10	7.81250000E-2	0.00000000E+0	0.00000000E+0
8.05664063E-2	1.38661999E-10	1.38661999E-10	8.05664063E-2	0.00000000E+0	0.00000000E+0
8.30078125E-2	1.35952000E-10	1.35952000E-10	8.30078125E-2	0.00000000E+0	0.00000000E+0
8.54492188E-2	1.46016005E-10	1.46016005E-10	8.54492188E-2	0.00000000E+0	0.00000000E+0
8.78906250E-2	1.44828996E-10	1.44828996E-10	8.78906250E-2	0.00000000E+0	0.00000000E+0
9.03320313E-2	1.58810007E-10	1.58810007E-10	9.03320313E-2	0.00000000E+0	0.00000000E+0
9.27734375E-2	1.56357996E-10	1.56357996E-10	9.27734375E-2	0.00000000E+0	0.00000000E+0
9.52148438E-2	1.68768999E-10	1.68768999E-10	9.52148438E-2	0.00000000E+0	0.00000000E+0
9.76562500E-2	1.66504005E-10	1.66504005E-10	9.76562500E-2	0.00000000E+0	0.00000000E+0
1.00097656E-1	1.80260001E-10	1.80260001E-10	1.00097656E-1	0.00000000E+0	0.00000000E+0
1.02539062E-1	1.76935994E-10	1.76935994E-10	1.02539062E-1	0.00000000E+0	0.00000000E+0
1.04980469E-1	1.88476998E-10	1.88476998E-10	1.04980469E-1	0.00000000E+0	0.00000000E+0
1.07421875E-1	1.83676005E-10	1.83676005E-10	1.07421875E-1	0.00000000E+0	0.00000000E+0
1.09863281E-1	1.92850000E-10	1.92850000E-10	1.09863281E-1	0.00000000E+0	0.00000000E+0
1.12304687E-1	1.88572005E-10	1.88572005E-10	1.12304687E-1	0.00000000E+0	0.00000000E+0
1.14746094E-1	2.11643994E-10	2.11643994E-10	1.14746094E-1	0.00000000E+0	0.00000000E+0
1.17187500E-1	2.29161995E-10	2.29161995E-10	1.17187500E-1	0.00000000E+0	0.00000000E+0
1.19628906E-1	2.63936012E-10	2.63936012E-10	1.19628906E-1	0.00000000E+0	0.00000000E+0
1.22070312E-1	2.73110007E-10	2.73110007E-10	1.22070312E-1	0.00000000E+0	0.00000000E+0
1.24511719E-1	2.96781988E-10	2.96781988E-10	1.24511719E-1	0.00000000E+0	0.00000000E+0
1.26953125E-1	3.00785008E-10	3.00785008E-10	1.26953125E-1	0.00000000E+0	0.00000000E+0
1.29394531E-1	3.23634008E-10	3.23634008E-10	1.29394531E-1	0.00000000E+0	0.00000000E+0
1.31835937E-1	3.25817012E-10	3.25817012E-10	1.31835937E-1	0.00000000E+0	0.00000000E+0
1.34277344E-1	3.45811990E-10	3.45811990E-10	1.34277344E-1	0.00000000E+0	0.00000000E+0
1.36718750E-1	3.49794999E-10	3.49794999E-10	1.36718750E-1	0.00000000E+0	0.00000000E+0
1.39160156E-1	3.70632997E-10	3.70632997E-10	1.39160156E-1	0.00000000E+0	0.00000000E+0
1.41601562E-1	3.70632997E-10	3.70632997E-10	1.41601562E-1	0.00000000E+0	0.00000000E+0
1.44042969E-1	3.88789001E-10	3.88789001E-10	1.44042969E-1	0.00000000E+0	0.00000000E+0
1.46484375E-1	3.88520993E-10	3.88520993E-10	1.46484375E-1	0.00000000E+0	0.00000000E+0
1.48925781E-1	4.06408990E-10	4.06408990E-10	1.48925781E-1	0.00000000E+0	0.00000000E+0
1.51367187E-1	4.05642991E-10	4.05642991E-10	1.51367187E-1	0.00000000E+0	0.00000000E+0
1.53808594E-1	4.20965013E-10	4.20965013E-10	1.53808594E-1	0.00000000E+0	0.00000000E+0
1.56250000E-1	4.18016011E-10	4.18016011E-10	1.56250000E-1	0.00000000E+0	0.00000000E+0
1.58691406E-1	4.35827013E-10	4.35827013E-10	1.58691406E-1	0.00000000E+0	0.00000000E+0
1.61132812E-1	4.34091013E-10	4.34091013E-10	1.61132812E-1	0.00000000E+0	0.00000000E+0
1.63574219E-1	4.45504994E-10	4.45504994E-10	1.63574219E-1	0.00000000E+0	0.00000000E+0
1.66015625E-1	4.40424003E-10	4.40424003E-10	1.66015625E-1	0.00000000E+0	0.00000000E+0
1.68457031E-1	4.52144988E-10	4.52144988E-10	1.68457031E-1	0.00000000E+0	0.00000000E+0
1.70898437E-1	4.43589998E-10	4.43589998E-10	1.70898437E-1	0.00000000E+0	0.00000000E+0
1.73339844E-1	4.55975008E-10	4.55975008E-10	1.73339844E-1	0.00000000E+0	0.00000000E+0
1.75781250E-1	4.51149007E-10	4.51149007E-10	1.75781250E-1	0.00000000E+0	0.00000000E+0
1.78222656E-1	4.66163996E-10	4.66163996E-10	1.78222656E-1	0.00000000E+0	0.00000000E+0
1.80664062E-1	4.56282012E-10	4.56282012E-10	1.80664062E-1	0.00000000E+0	0.00000000E+0
1.83105469E-1	4.66163996E-10	4.66163996E-10	1.83105469E-1	0.00000000E+0	0.00000000E+0
1.85546875E-1	4.56893995E-10	4.56893995E-10	1.85546875E-1	0.00000000E+0	0.00000000E+0
1.87988281E-1	4.72368977E-10	4.72368977E-10	1.87988281E-1	0.00000000E+0	0.00000000E+0
1.90429687E-1	4.62295008E-10	4.62295008E-10	1.90429687E-1	0.00000000E+0	0.00000000E+0
1.92871094E-1	4.80950002E-10	4.80950002E-10	1.92871094E-1	0.00000000E+0	0.00000000E+0
1.95312500E-1	4.68691974E-10	4.68691974E-10	1.95312500E-1	0.00000000E+0	0.00000000E+0
1.97753906E-1	4.86082008E-10	4.86082008E-10	1.97753906E-1	0.00000000E+0	0.00000000E+0
2.00195312E-1	4.79723983E-10	4.79723983E-10	2.00195312E-1	0.00000000E+0	0.00000000E+0
2.02636719E-1	4.90563978E-10	4.90563978E-10	2.02636719E-1	0.00000000E+0	0.00000000E+0
2.05078125E-1	4.79954021E-10	4.79954021E-10	2.05078125E-1	0.00000000E+0	0.00000000E+0
2.07519531E-1	4.98033004E-10	4.98033004E-10	2.07519531E-1	0.00000000E+0	0.00000000E+0
2.09960937E-1	4.86388985E-10	4.86388985E-10	2.09960937E-1	0.00000000E+0	0.00000000E+0
2.12402344E-1	5.01250985E-10	5.01250985E-10	2.12402344E-1	0.00000000E+0	0.00000000E+0
2.14843750E-1	4.90563978E-10	4.90563978E-10	2.14843750E-1	0.00000000E+0	0.00000000E+0
2.17285156E-1	5.12971998E-10	5.12971998E-10	2.17285156E-1	0.00000000E+0	0.00000000E+0
2.19726562E-1	4.99239983E-10	4.99239983E-10	2.19726562E-1	0.00000000E+0	0.00000000E+0
2.22167969E-1	5.14887022E-10	5.14887022E-10	2.22167969E-1	0.00000000E+0	0.00000000E+0
2.24609375E-1	5.01787001E-10	5.01787001E-10	2.24609375E-1	0.00000000E+0	0.00000000E+0
2.27050781E-1	5.23161015E-10	5.23161015E-10	2.27050781E-1	0.00000000E+0	0.00000000E+0
2.29492187E-1	5.06499009E-10	5.06499009E-10	2.29492187E-1	0.00000000E+0	0.00000000E+0
2.31933594E-1	5.29213007E-10	5.29213007E-10	2.31933594E-1	0.00000000E+0	0.00000000E+0
2.34375000E-1	5.14887022E-10	5.14887022E-10	2.34375000E-1	0.00000000E+0	0.00000000E+0
2.36816406E-1	5.38967981E-10	5.38967981E-10	2.36816406E-1	0.00000000E+0	0.00000000E+0
2.39257812E-1	5.23390997E-10	5.23390997E-10	2.39257812E-1	0.00000000E+0	0.00000000E+0
2.41699219E-1	5.44152001E-10	5.44152001E-10	2.41699219E-1	0.00000000E+0	0.00000000E+0
2.44140625E-1	5.27068000E-10	5.27068000E-10	2.44140625E-1	0.00000000E+0	0.00000000E+0
2.46582031E-1	5.48403989E-10	5.48403989E-10	2.46582031E-1	0.00000000E+0	0.00000000E+0
2.49023437E-1	5.30898991E-10	5.30898991E-10	2.49023437E-1	0.00000000E+0	0.00000000E+0
2.51464844E-1	5.57329016E-10	5.57329016E-10	2.51464844E-1	0.00000000E+0	0.00000000E+0
2.53906250E-1	5.37639988E-10	5.37639988E-10	2.53906250E-1	0.00000000E+0	0.00000000E+0
2.56347656E-1	5.63227021E-10	5.63227021E-10	2.56347656E-1	0.00000000E+0	0.00000000E+0
2.58789062E-1	5.45378021E-10	5.45378021E-10	2.58789062E-1	0.00000000E+0	0.00000000E+0
2.61230469E-1	5.70696990E-10	5.70696990E-10	2.61230469E-1	0.00000000E+0	0.00000000E+0
2.63671875E-1	5.52003998E-10	5.52003998E-10	2.63671875E-1	0.00000000E+0	0.00000000E+0
2.66113281E-1	5.79391979E-10	5.79391979E-10	2.66113281E-1	0.00000000E+0	0.00000000E+0
2.68554687E-1	5.58209978E-10	5.58209978E-10	2.68554687E-1	0.00000000E+0	0.00000000E+0
2.70996094E-1	5.86822979E-10	5.86822979E-10	2.70996094E-1	0.00000000E+0	0.00000000E+0
2.73437500E-1	5.65908986E-10	5.65908986E-10	2.73437500E-1	0.00000000E+0	0.00000000E+0
2.75878906E-1	5.97317973E-10	5.97317973E-10	2.75878906E-1	0.00000000E+0	0.00000000E+0
2.78320312E-1	5.72726977E-10	5.72726977E-10	2.78320312E-1	0.00000000E+0	0.00000000E+0
2.80761719E-1	6.02470018E-10	6.02470018E-10	2.80761719E-1	0.00000000E+0	0.00000000E+0
2.83203125E-1	5.78856019E-10	5.78856019E-10	2.83203125E-1	0.00000000E+0	0.00000000E+0
2.85644531E-1	6.12716988E-10	6.12716988E-10	2.85644531E-1	0.00000000E+0	0.00000000E+0
2.88085937E-1	5.87206006E-10	5.87206006E-10	2.88085937E-1	0.00000000E+0	0.00000000E+0
2.90527344E-1	6.20166973E-10	6.20166973E-10	2.90527344E-1	0.00000000E+0	0.00000000E+0
2.92968750E-1	5.95250016E-10	5.95250016E-10	2.92968750E-1	0.00000000E+0	0.00000000E+0
2.95410156E-1	6.30950014E-10	6.30950014E-10	2.95410156E-1	0.00000000E+0	0.00000000E+0
2.97851562E-1	6.07699002E-10	6.07699002E-10	2.97851562E-1	0.00000000E+0	0.00000000E+0
3.00292969E-1	6.40449027E-10	6.40449027E-10	3.00292969E-1	0.00000000E+0	0.00000000E+0
3.02734375E-1	6.12294992E-10	6.12294992E-10	3.02734375E-1	0.00000000E+0	0.00000000E+0
3.05175781E-1	6.43743003E-10	6.43743003E-10	3.05175781E-1	0.00000000E+0	0.00000000E+0
3.07617187E-1	6.23747998E-10	6.23747998E-10	3.07617187E-1	0.00000000E+0	0.00000000E+0
3.10058594E-1	6.55693999E-10	6.55693999E-10	3.10058594E-1	0.00000000E+0	0.00000000E+0
3.12500000E-1	6.28804009E-10	6.28804009E-10	3.12500000E-1	0.00000000E+0	0.00000000E+0
3.14941406E-1	6.67797984E-10	6.67797984E-10	3.14941406E-1	0.00000000E+0	0.00000000E+0
3.17382812E-1	6.47573994E-10	6.47573994E-10	3.17382812E-1	0.00000000E+0	0.00000000E+0
3.19824219E-1	6.73927025E-10	6.73927025E-10	3.19824219E-1	0.00000000E+0	0.00000000E+0
3.22265625E-1	6.50790977E-10	6.50790977E-10	3.22265625E-1	0.00000000E+0	0.00000000E+0
3.24707031E-1	6.85189017E-10	6.85189017E-10	3.24707031E-1	0.00000000E+0	0.00000000E+0
3.27148437E-1	6.63431976E-10	6.63431976E-10	3.27148437E-1	0.00000000E+0	0.00000000E+0
3.29589844E-1	6.92714996E-10	6.92714996E-10	3.29589844E-1	0.00000000E+0	0.00000000E+0
3.32031250E-1	6.73238021E-10	6.73238021E-10	3.32031250E-1	0.00000000E+0	0.00000000E+0
3.34472656E-1	7.05565995E-10	7.05565995E-10	3.34472656E-1	0.00000000E+0	0.00000000E+0
3.36914062E-1	6.83847978E-10	6.83847978E-10	3.36914062E-1	0.00000000E+0	0.00000000E+0
3.39355469E-1	7.11618986E-10	7.11618986E-10	3.39355469E-1	0.00000000E+0	0.00000000E+0
3.41796875E-1	6.91087021E-10	6.91087021E-10	3.41796875E-1	0.00000000E+0	0.00000000E+0
3.44238281E-1	7.22036986E-10	7.22036986E-10	3.44238281E-1	0.00000000E+0	0.00000000E+0
3.46679687E-1	7.03536007E-10	7.03536007E-10	3.46679687E-1	0.00000000E+0	0.00000000E+0
3.49121094E-1	7.30980998E-10	7.30980998E-10	3.49121094E-1	0.00000000E+0	0.00000000E+0
3.51562500E-1	7.09831027E-10	7.09831027E-10	3.51562500E-1	0.00000000E+0	0.00000000E+0
3.54003906E-1	7.49157014E-10	7.49157014E-10	3.54003906E-1	0.00000000E+0	0.00000000E+0
3.56445312E-1	7.27322980E-10	7.27322980E-10	3.56445312E-1	0.00000000E+0	0.00000000E+0
3.58886719E-1	7.53637985E-10	7.53637985E-10	3.58886719E-1	0.00000000E+0	0.00000000E+0
3.61328125E-1	7.39886985E-10	7.39886985E-10	3.61328125E-1	0.00000000E+0	0.00000000E+0
3.63769531E-1	7.69841024E-10	7.69841024E-10	3.63769531E-1	0.00000000E+0	0.00000000E+0
3.66210937E-1	7.52987006E-10	7.52987006E-10	3.66210937E-1	0.00000000E+0	0.00000000E+0
3.68652344E-1	7.73595021E-10	7.73595021E-10	3.68652344E-1	0.00000000E+0	0.00000000E+0
3.71093750E-1	7.60800978E-10	7.60800978E-10	3.71093750E-1	0.00000000E+0	0.00000000E+0
3.73535156E-1	7.90142007E-10	7.90142007E-10	3.73535156E-1	0.00000000E+0	0.00000000E+0
3.75976562E-1	7.72521991E-10	7.72521991E-10	3.75976562E-1	0.00000000E+0	0.00000000E+0
3.78417969E-1	7.96194999E-10	7.96194999E-10	3.78417969E-1	0.00000000E+0	0.00000000E+0
3.80859375E-1	7.80316978E-10	7.80316978E-10	3.80859375E-1	0.00000000E+0	0.00000000E+0
3.83300781E-1	8.10117973E-10	8.10117973E-10	3.83300781E-1	0.00000000E+0	0.00000000E+0
3.85742187E-1	7.93820010E-10	7.93820010E-10	3.85742187E-1	0.00000000E+0	0.00000000E+0
3.88183594E-1	8.17031998E-10	8.17031998E-10	3.88183594E-1	0.00000000E+0	0.00000000E+0
3.90625000E-1	8.04315003E-10	8.04315003E-10	3.90625000E-1	0.00000000E+0	0.00000000E+0
3.93066406E-1	8.30438995E-10	8.30438995E-10	3.93066406E-1	0.00000000E+0	0.00000000E+0
3.95507812E-1	8.15805978E-10	8.15805978E-10	3.95507812E-1	0.00000000E+0	0.00000000E+0
3.97949219E-1	8.40474024E-10	8.40474024E-10	3.97949219E-1	0.00000000E+0	0.00000000E+0
4.00390625E-1	8.29021019E-10	8.29021019E-10	4.00390625E-1	0.00000000E+0	0.00000000E+0
4.02832031E-1	8.49973980E-10	8.49973980E-10	4.02832031E-1	0.00000000E+0	0.00000000E+0
4.05273437E-1	8.36031022E-10	8.36031022E-10	4.05273437E-1	0.00000000E+0	0.00000000E+0
4.07714844E-1	8.60010008E-10	8.60010008E-10	4.07714844E-1	0.00000000E+0	0.00000000E+0
4.10156250E-1	8.45389980E-10	8.45389980E-10	4.10156250E-1	0.00000000E+0	0.00000000E+0
4.12597656E-1	8.73697004E-10	8.73697004E-10	4.12597656E-1	0.00000000E+0	0.00000000E+0
4.15039062E-1	8.60967020E-10	8.60967020E-10	4.15039062E-1	0.00000000E+0	0.00000000E+0
4.17480469E-1	8.86133000E-10	8.86133000E-10	4.17480469E-1	0.00000000E+0	0.00000000E+0
4.19921875E-1	8.72650008E-10	8.72650008E-10	4.19921875E-1	0.00000000E+0	0.00000000E+0
4.22363281E-1	8.94961993E-10	8.94961993E-10	4.22363281E-1	0.00000000E+0	0.00000000E+0
4.24804687E-1	8.85673979E-10	8.85673979E-10	4.24804687E-1	0.00000000E+0	0.00000000E+0
4.27246094E-1	9.08808973E-10	9.08808973E-10	4.27246094E-1	0.00000000E+0	0.00000000E+0
4.29687500E-1	8.98467023E-10	8.98467023E-10	4.29687500E-1	0.00000000E+0	0.00000000E+0
4.32128906E-1	9.29800015E-10	9.29800015E-10	4.32128906E-1	0.00000000E+0	0.00000000E+0
4.34570312E-1	9.15857001E-10	9.15857001E-10	4.34570312E-1	0.00000000E+0	0.00000000E+0
4.37011719E-1	9.37479983E-10	9.37479983E-10	4.37011719E-1	0.00000000E+0	0.00000000E+0
4.39453125E-1	9.18640997E-10	9.18640997E-10	4.39453125E-1	0.00000000E+0	0.00000000E+0
4.41894531E-1	9.45479028E-10	9.45479028E-10	4.41894531E-1	0.00000000E+0	0.00000000E+0
4.44335937E-1	9.30490018E-10	9.30490018E-10	4.44335937E-1	0.00000000E+0	0.00000000E+0
4.46777344E-1	9.55553969E-10	9.55553969E-10	4.46777344E-1	0.00000000E+0	0.00000000E+0
4.49218750E-1	9.46232981E-10	9.46232981E-10	4.49218750E-1	0.00000000E+0	0.00000000E+0
4.51660156E-1	9.74482051E-10	9.74482051E-10	4.51660156E-1	0.00000000E+0	0.00000000E+0
4.54101562E-1	9.64311964E-10	9.64311964E-10	4.54101562E-1	0.00000000E+0	0.00000000E+0
4.56542969E-1	9.91844051E-10	9.91844051E-10	4.56542969E-1	0.00000000E+0	0.00000000E+0
4.58984375E-1	9.82761983E-10	9.82761983E-10	4.58984375E-1	0.00000000E+0	0.00000000E+0
4.61425781E-1	1.00687003E-9	1.00687003E-9	4.61425781E-1	0.00000000E+0	0.00000000E+0
4.63867187E-1	1.00369002E-9	1.00369002E-9	4.63867187E-1	0.00000000E+0	0.00000000E+0
4.66308594E-1	1.02771003E-9	1.02771003E-9	4.66308594E-1	0.00000000E+0	0.00000000E+0
4.68750000E-1	1.01380004E-9	1.01380004E-9	4.68750000E-1	0.00000000E+0	0.00000000E+0
4.71191406E-1	1.04263997E-9	1.04263997E-9	4.71191406E-1	0.00000000E+0	0.00000000E+0
4.73632812E-1	1.03338005E-9	1.03338005E-9	4.73632812E-1	0.00000000E+0	0.00000000E+0
4.76074219E-1	1.06219000E-9	1.06219000E-9	4.76074219E-1	0.00000000E+0	0.00000000E+0
4.78515625E-1	1.05183995E-9	1.05183995E-9	4.78515625E-1	0.00000000E+0	0.00000000E+0
4.80957031E-1	1.07872999E-9	1.07872999E-9	4.80957031E-1	0.00000000E+0	0.00000000E+0
4.83398437E-1	1.06356002E-9	1.06356002E-9	4.83398437E-1	0.00000000E+0	0.00000000E+0
4.85839844E-1	1.08769005E-9	1.08769005E-9	4.85839844E-1	0.00000000E+0	0.00000000E+0
4.88281250E-1	1.07930997E-9	1.07930997E-9	4.88281250E-1	0.00000000E+0	0.00000000E+0
4.90722656E-1	1.10120002E-9	1.10120002E-9	4.90722656E-1	0.00000000E+0	0.00000000E+0
4.93164062E-1	1.09666998E-9	1.09666998E-9	4.93164062E-1	0.00000000E+0	0.00000000E+0
4.90722656E-1	1.12482001E-9	1.12482001E-9	4.90722656E-1	0.00000000E+0	0.00000000E+0
4.88281250E-1	1.10120002E-9	1.10120002E-9	4.88281250E-1	0.00000000E+0	0.00000000E+0
4.85839844E-1	1.09908005E-9	1.09908005E-9	4.85839844E-1	0.00000000E+0	0.00000000E+0
4.83398437E-1	1.07061005E-9	1.07061005E-9	4.83398437E-1	0.00000000E+0	0.00000000E+0
4.80957031E-1	1.07401998E-9	1.07401998E-9	4.80957031E-1	0.00000000E+0	0.00000000E+0
4.78515625E-1	1.04751996E-9	1.04751996E-9	4.78515625E-1	0.00000000E+0	0.00000000E+0
4.76074219E-1	1.04668996E-9	1.04668996E-9	4.76074219E-1	0.00000000E+0	0.00000000E+0
4.73632812E-1	1.02512998E-9	1.02512998E-9	4.73632812E-1	0.00000000E+0	0.00000000E+0
4.71191406E-1	1.03203002E-9	1.03203002E-9	4.71191406E-1	0.00000000E+0	0.00000000E+0
4.68750000E-1	1.00443998E-9	1.00443998E-9	4.68750000E-1	0.00000000E+0	0.00000000E+0
4.66308594E-1	9.90934002E-10	9.90934002E-10	4.66308594E-1	0.00000000E+0	0.00000000E+0
4.63867187E-1	9.76072001E-10	9.76072001E-10	4.63867187E-1	0.00000000E+0	0.00000000E+0
4.61425781E-1	9.77373960E-10	9.77373960E-10	4.61425781E-1	0.00000000E+0	0.00000000E+0
4.58984375E-1	9.62077973E-10	9.62077973E-10	4.58984375E-1	0.00000000E+0	0.00000000E+0
4.56542969E-1	9.58797042E-10	9.58797042E-10	4.56542969E-1	0.00000000E+0	0.00000000E+0
4.54101562E-1	9.43359946E-10	9.43359946E-10	4.54101562E-1	0.00000000E+0	0.00000000E+0
4.51660156E-1	9.44816003E-10	9.44816003E-10	4.51660156E-1	0.00000000E+0	0.00000000E+0
4.49218750E-1	9.32711020E-10	9.32711020E-10	4.49218750E-1	0.00000000E+0	0.00000000E+0
4.46777344E-1	9.21717980E-10	9.21717980E-10	4.46777344E-1	0.00000000E+0	0.00000000E+0
4.44335937E-1	9.12677989E-10	9.12677989E-10	4.44335937E-1	0.00000000E+0	0.00000000E+0
4.41894531E-1	9.08170983E-10	9.08170983E-10	4.41894531E-1	0.00000000E+0	0.00000000E+0
4.39453125E-1	9.01455022E-10	9.01455022E-10	4.39453125E-1	0.00000000E+0	0.00000000E+0
4.37011719E-1	8.89963991E-10	8.89963991E-10	4.37011719E-1	0.00000000E+0	0.00000000E+0
4.34570312E-1	8.87052987E-10	8.87052987E-10	4.34570312E-1	0.00000000E+0	0.00000000E+0
4.32128906E-1	8.77706019E-10	8.77706019E-10	4.32128906E-1	0.00000000E+0	0.00000000E+0
4.29687500E-1	8.75675976E-10	8.75675976E-10	4.29687500E-1	0.00000000E+0	0.00000000E+0
4.27246094E-1	8.52616977E-10	8.52616977E-10	4.27246094E-1	0.00000000E+0	0.00000000E+0
4.24804687E-1	8.54186999E-10	8.54186999E-10	4.24804687E-1	0.00000000E+0	0.00000000E+0
4.22363281E-1	8.44458004E-10	8.44458004E-10	4.22363281E-1	0.00000000E+0	0.00000000E+0
4.19921875E-1	8.44458004E-10	8.44458004E-10	4.19921875E-1	0.00000000E+0	0.00000000E+0
4.17480469E-1	8.28025981E-10	8.28025981E-10	4.17480469E-1	0.00000000E+0	0.00000000E+0
4.15039062E-1	8.30438995E-10	8.30438995E-10	4.15039062E-1	0.00000000E+0	0.00000000E+0
4.12597656E-1	8.17031998E-10	8.17031998E-10	4.12597656E-1	0.00000000E+0	0.00000000E+0
4.10156250E-1	8.22165003E-10	8.22165003E-10	4.10156250E-1	0.00000000E+0	0.00000000E+0
4.07714844E-1	8.00561006E-10	8.00561006E-10	4.07714844E-1	0.00000000E+0	0.00000000E+0
4.05273437E-1	8.09332990E-10	8.09332990E-10	4.05273437E-1	0.00000000E+0	0.00000000E+0
4.02832031E-1	7.88916987E-10	7.88916987E-10	4.02832031E-1	0.00000000E+0	0.00000000E+0
4.00390625E-1	7.98364985E-10	7.98364985E-10	4.00390625E-1	0.00000000E+0	0.00000000E+0
3.97949219E-1	7.75433995E-10	7.75433995E-10	3.97949219E-1	0.00000000E+0	0.00000000E+0
3.95507812E-1	7.87192977E-10	7.87192977E-10	3.95507812E-1	0.00000000E+0	0.00000000E+0
3.93066406E-1	7.64056984E-10	7.64056984E-10	3.93066406E-1	0.00000000E+0	0.00000000E+0
3.90625000E-1	7.79724008E-10	7.79724008E-10	3.90625000E-1	0.00000000E+0	0.00000000E+0
3.88183594E-1	7.46092021E-10	7.46092021E-10	3.88183594E-1	0.00000000E+0	0.00000000E+0
3.85742187E-1	7.54864005E-10	7.54864005E-10	3.85742187E-1	0.00000000E+0	0.00000000E+0
3.83300781E-1	7.34064975E-10	7.34064975E-10	3.83300781E-1	0.00000000E+0	0.00000000E+0
3.80859375E-1	7.50382978E-10	7.50382978E-10	3.80859375E-1	0.00000000E+0	0.00000000E+0
3.78417969E-1	7.19470983E-10	7.19470983E-10	3.78417969E-1	0.00000000E+0	0.00000000E+0
3.75976562E-1	7.35750016E-10	7.35750016E-10	3.75976562E-1	0.00000000E+0	0.00000000E+0
3.73535156E-1	7.13763992E-10	7.13763992E-10	3.73535156E-1	0.00000000E+0	0.00000000E+0
3.71093750E-1	7.30980998E-10	7.30980998E-10	3.71093750E-1	0.00000000E+0	0.00000000E+0
3.68652344E-1	6.96450009E-10	6.96450009E-10	3.68652344E-1	0.00000000E+0	0.00000000E+0
3.66210937E-1	7.12537973E-10	7.12537973E-10	3.66210937E-1	0.00000000E+0	0.00000000E+0
3.63769531E-1	6.85571988E-10	6.85571988E-10	3.63769531E-1	0.00000000E+0	0.00000000E+0
3.61328125E-1	7.05949021E-10	7.05949021E-10	3.61328125E-1	0.00000000E+0	0.00000000E+0
3.58886719E-1	6.71283973E-10	6.71283973E-10	3.58886719E-1	0.00000000E+0	0.00000000E+0
3.56445312E-1	6.94496016E-10	6.94496016E-10	3.56445312E-1	0.00000000E+0	0.00000000E+0
3.54003906E-1	6.64886979E-10	6.64886979E-10	3.54003906E-1	0.00000000E+0	0.00000000E+0
3.51562500E-1	6.84268975E-10	6.84268975E-10	3.51562500E-1	0.00000000E+0	0.00000000E+0
3.49121094E-1	6.44688025E-10	6.44688025E-10	3.49121094E-1	0.00000000E+0	0.00000000E+0
3.46679687E-1	6.69139022E-10	6.69139022E-10	3.46679687E-1	0.00000000E+0	0.00000000E+0
3.44238281E-1	6.37920994E-10	6.37920994E-10	3.44238281E-1	0.00000000E+0	0.00000000E+0
3.41796875E-1	6.58770982E-10	6.58770982E-10	3.41796875E-1	0.00000000E+0	0.00000000E+0
3.39355469E-1	6.25051011E-10	6.25051011E-10	3.39355469E-1	0.00000000E+0	0.00000000E+0
3.36914062E-1	6.47957021E-10	6.47957021E-10	3.36914062E-1	0.00000000E+0	0.00000000E+0
3.34472656E-1	6.14479023E-10	6.14479023E-10	3.34472656E-1	0.00000000E+0	0.00000000E+0
3.32031250E-1	6.38993025E-10	6.38993025E-10	3.32031250E-1	0.00000000E+0	0.00000000E+0
3.29589844E-1	6.03945005E-10	6.03945005E-10	3.29589844E-1	0.00000000E+0	0.00000000E+0
3.27148437E-1	6.24438001E-10	6.24438001E-10	3.27148437E-1	0.00000000E+0	0.00000000E+0
3.24707031E-1	5.93641025E-10	5.93641025E-10	3.24707031E-1	0.00000000E+0	0.00000000E+0
3.22265625E-1	6.16087015E-10	6.16087015E-10	3.22265625E-1	0.00000000E+0	0.00000000E+0
3.19824219E-1	5.81613979E-10	5.81613979E-10	3.19824219E-1	0.00000000E+0	0.00000000E+0
3.17382812E-1	6.05285988E-10	6.05285988E-10	3.17382812E-1	0.00000000E+0	0.00000000E+0
3.14941406E-1	5.75178016E-10	5.75178016E-10	3.14941406E-1	0.00000000E+0	0.00000000E+0
3.12500000E-1	5.97317973E-10	5.97317973E-10	3.12500000E-1	0.00000000E+0	0.00000000E+0
3.10058594E-1	5.54512991E-10	5.54512991E-10	3.10058594E-1	0.00000000E+0	0.00000000E+0
3.07617187E-1	5.80464010E-10	5.80464010E-10	3.07617187E-1	0.00000000E+0	0.00000000E+0
3.05175781E-1	5.47713985E-10	5.47713985E-10	3.05175781E-1	0.00000000E+0	0.00000000E+0
3.02734375E-1	5.74871983E-10	5.74871983E-10	3.02734375E-1	0.00000000E+0	0.00000000E+0
3.00292969E-1	5.38023015E-10	5.38023015E-10	3.00292969E-1	0.00000000E+0	0.00000000E+0
2.97851562E-1	5.64452984E-10	5.64452984E-10	2.97851562E-1	0.00000000E+0	0.00000000E+0
2.95410156E-1	5.31395983E-10	5.31395983E-10	2.95410156E-1	0.00000000E+0	0.00000000E+0
2.92968750E-1	5.55873014E-10	5.55873014E-10	2.92968750E-1	0.00000000E+0	0.00000000E+0
2.90527344E-1	5.19560006E-10	5.19560006E-10	2.90527344E-1	0.00000000E+0	0.00000000E+0
2.88085937E-1	5.42543011E-10	5.42543011E-10	2.88085937E-1	0.00000000E+0	0.00000000E+0
2.85644531E-1	5.12511977E-10	5.12511977E-10	2.85644531E-1	0.00000000E+0	0.00000000E+0
2.83203125E-1	5.34959022E-10	5.34959022E-10	2.83203125E-1	0.00000000E+0	0.00000000E+0
2.80761719E-1	5.03243003E-10	5.03243003E-10	2.80761719E-1	0.00000000E+0	0.00000000E+0
2.78320312E-1	5.23161015E-10	5.23161015E-10	2.78320312E-1	0.00000000E+0	0.00000000E+0
2.75878906E-1	4.97727026E-10	4.97727026E-10	2.75878906E-1	0.00000000E+0	0.00000000E+0
2.73437500E-1	5.19253973E-10	5.19253973E-10	2.73437500E-1	0.00000000E+0	0.00000000E+0
2.70996094E-1	4.83937002E-10	4.83937002E-10	2.70996094E-1	0.00000000E+0	0.00000000E+0
2.68554687E-1	5.05080977E-10	5.05080977E-10	2.68554687E-1	0.00000000E+0	0.00000000E+0
2.66113281E-1	4.76430007E-10	4.76430007E-10	2.66113281E-1	0.00000000E+0	0.00000000E+0
2.63671875E-1	4.97880015E-10	4.97880015E-10	2.63671875E-1	0.00000000E+0	0.00000000E+0
2.61230469E-1	4.70836981E-10	4.70836981E-10	2.61230469E-1	0.00000000E+0	0.00000000E+0
2.58789062E-1	4.88725005E-10	4.88725005E-10	2.58789062E-1	0.00000000E+0	0.00000000E+0
2.56347656E-1	4.63100003E-10	4.63100003E-10	2.56347656E-1	0.00000000E+0	0.00000000E+0
2.53906250E-1	4.84952023E-10	4.84952023E-10	2.53906250E-1	0.00000000E+0	0.00000000E+0
2.51464844E-1	4.58273003E-10	4.58273003E-10	2.51464844E-1	0.00000000E+0	0.00000000E+0
2.49023437E-1	4.74323025E-10	4.74323025E-10	2.49023437E-1	0.00000000E+0	0.00000000E+0
2.46582031E-1	4.51378990E-10	4.51378990E-10	2.46582031E-1	0.00000000E+0	0.00000000E+0
2.44140625E-1	4.67082983E-10	4.67082983E-10	2.44140625E-1	0.00000000E+0	0.00000000E+0
2.41699219E-1	4.41803011E-10	4.41803011E-10	2.41699219E-1	0.00000000E+0	0.00000000E+0
2.39257812E-1	4.58809990E-10	4.58809990E-10	2.39257812E-1	0.00000000E+0	0.00000000E+0
2.36816406E-1	4.36287007E-10	4.36287007E-10	2.36816406E-1	0.00000000E+0	0.00000000E+0
2.34375000E-1	4.53830001E-10	4.53830001E-10	2.34375000E-1	0.00000000E+0	0.00000000E+0
2.31933594E-1	4.27707009E-10	4.27707009E-10	2.31933594E-1	0.00000000E+0	0.00000000E+0
2.29492187E-1	4.42006987E-10	4.42006987E-10	2.29492187E-1	0.00000000E+0	0.00000000E+0
2.27050781E-1	4.24182994E-10	4.24182994E-10	2.27050781E-1	0.00000000E+0	0.00000000E+0
2.24609375E-1	4.39082992E-10	4.39082992E-10	2.24609375E-1	0.00000000E+0	0.00000000E+0
2.22167969E-1	4.16789991E-10	4.16789991E-10	2.22167969E-1	0.00000000E+0	0.00000000E+0
2.19726562E-1	4.27707009E-10	4.27707009E-10	2.19726562E-1	0.00000000E+0	0.00000000E+0
2.17285156E-1	4.13304002E-10	4.13304002E-10	2.17285156E-1	0.00000000E+0	0.00000000E+0
2.14843750E-1	4.24948993E-10	4.24948993E-10	2.14843750E-1	0.00000000E+0	0.00000000E+0
2.12402344E-1	4.07174988E-10	4.07174988E-10	2.12402344E-1	0.00000000E+0	0.00000000E+0
2.09960937E-1	4.18016011E-10	4.18016011E-10	2.09960937E-1	0.00000000E+0	0.00000000E+0
2.07519531E-1	4.00433992E-10	4.00433992E-10	2.07519531E-1	0.00000000E+0	0.00000000E+0
2.05078125E-1	4.12690992E-10	4.12690992E-10	2.05078125E-1	0.00000000E+0	0.00000000E+0
2.02636719E-1	3.98594990E-10	3.98594990E-10	2.02636719E-1	0.00000000E+0	0.00000000E+0
2.00195312E-1	4.05490003E-10	4.05490003E-10	2.00195312E-1	0.00000000E+0	0.00000000E+0
1.97753906E-1	3.90628002E-10	3.90628002E-10	1.97753906E-1	0.00000000E+0	0.00000000E+0
1.95312500E-1	4.01888994E-10	4.01888994E-10	1.95312500E-1	0.00000000E+0	0.00000000E+0
1.92871094E-1	3.84039994E-10	3.84039994E-10	1.92871094E-1	0.00000000E+0	0.00000000E+0
1.90429687E-1	3.89862004E-10	3.89862004E-10	1.90429687E-1	0.00000000E+0	0.00000000E+0
1.87988281E-1	3.78983012E-10	3.78983012E-10	1.87988281E-1	0.00000000E+0	0.00000000E+0
1.85546875E-1	3.83963000E-10	3.83963000E-10	1.85546875E-1	0.00000000E+0	0.00000000E+0
1.83105469E-1	3.73237996E-10	3.73237996E-10	1.83105469E-1	0.00000000E+0	0.00000000E+0
1.80664062E-1	3.78791998E-10	3.78791998E-10	1.80664062E-1	0.00000000E+0	0.00000000E+0
1.78222656E-1	3.67952002E-10	3.67952002E-10	1.78222656E-1	0.00000000E+0	0.00000000E+0
1.75781250E-1	3.71194991E-10	3.71194991E-10	1.75781250E-1	0.00000000E+0	0.00000000E+0
1.73339844E-1	3.62512992E-10	3.62512992E-10	1.73339844E-1	0.00000000E+0	0.00000000E+0
1.70898437E-1	3.65116992E-10	3.65116992E-10	1.70898437E-1	0.00000000E+0	0.00000000E+0
1.68457031E-1	3.56230989E-10	3.56230989E-10	1.68457031E-1	0.00000000E+0	0.00000000E+0
1.66015625E-1	3.58758995E-10	3.58758995E-10	1.66015625E-1	0.00000000E+0	0.00000000E+0
1.63574219E-1	3.50408008E-10	3.50408008E-10	1.63574219E-1	0.00000000E+0	0.00000000E+0
1.61132812E-1	3.52247009E-10	3.52247009E-10	1.61132812E-1	0.00000000E+0	0.00000000E+0
1.58691406E-1	3.46169010E-10	3.46169010E-10	1.58691406E-1	0.00000000E+0	0.00000000E+0
1.56250000E-1	3.46425000E-10	3.46425000E-10	1.56250000E-1	0.00000000E+0	0.00000000E+0
1.53808594E-1	3.39491990E-10	3.39491990E-10	1.53808594E-1	0.00000000E+0	0.00000000E+0
1.51367187E-1	3.34755001E-10	3.34755001E-10	1.51367187E-1	0.00000000E+0	0.00000000E+0
1.48925781E-1	3.30183991E-10	3.30183991E-10	1.48925781E-1	0.00000000E+0	0.00000000E+0
1.46484375E-1	3.24361010E-10	3.24361010E-10	1.46484375E-1	0.00000000E+0	0.00000000E+0
1.44042969E-1	3.18922000E-10	3.18922000E-10	1.44042969E-1	0.00000000E+0	0.00000000E+0
1.41601562E-1	3.09442000E-10	3.09442000E-10	1.41601562E-1	0.00000000E+0	0.00000000E+0
1.39160156E-1	3.03217007E-10	3.03217007E-10	1.39160156E-1	0.00000000E+0	0.00000000E+0
1.36718750E-1	2.93948005E-10	2.93948005E-10	1.36718750E-1	0.00000000E+0	0.00000000E+0
1.34277344E-1	2.89217011E-10	2.89217011E-10	1.34277344E-1	0.00000000E+0	0.00000000E+0
1.31835937E-1	2.75944989E-10	2.75944989E-10	1.31835937E-1	0.00000000E+0	0.00000000E+0
1.29394531E-1	2.71195011E-10	2.71195011E-10	1.29394531E-1	0.00000000E+0	0.00000000E+0
1.26953125E-1	2.57226990E-10	2.57226990E-10	1.26953125E-1	0.00000000E+0	0.00000000E+0
1.24511719E-1	2.53345012E-10	2.53345012E-10	1.24511719E-1	0.00000000E+0	0.00000000E+0
1.22070312E-1	2.37678988E-10	2.37678988E-10	1.22070312E-1	0.00000000E+0	0.00000000E+0
1.19628906E-1	2.34862990E-10	2.34862990E-10	1.19628906E-1	0.00000000E+0	0.00000000E+0
1.17187500E-1	2.16744997E-10	2.16744997E-10	1.17187500E-1	0.00000000E+0	0.00000000E+0
1.14746094E-1	2.14096005E-10	2.14096005E-10	1.14746094E-1	0.00000000E+0	0.00000000E+0
1.12304687E-1	1.93207006E-10	1.93207006E-10	1.12304687E-1	0.00000000E+0	0.00000000E+0
1.09863281E-1	1.90986005E-10	1.90986005E-10	1.09863281E-1	0.00000000E+0	0.00000000E+0
1.07421875E-1	1.69704001E-10	1.69704001E-10	1.07421875E-1	0.00000000E+0	0.00000000E+0
1.04980469E-1	1.66558004E-10	1.66558004E-10	1.04980469E-1	0.00000000E+0	0.00000000E+0
1.02539062E-1	1.39427997E-10	1.39427997E-10	1.02539062E-1	0.00000000E+0	0.00000000E+0
1.00097656E-1	1.38432002E-10	1.38432002E-10	1.00097656E-1	0.00000000E+0	0.00000000E+0
9.76562500E-2	1.19949994E-10	1.19949994E-10	9.76562500E-2	0.00000000E+0	0.00000000E+0
9.52148438E-2	1.26965993E-10	1.26965993E-10	9.52148438E-2	0.00000000E+0	0.00000000E+0
9.27734375E-2	1.10239998E-10	1.10239998E-10	9.27734375E-2	0.00000000E+0	0.00000000E+0
9.03320313E-2	1.21424995E-10	1.21424995E-10	9.03320313E-2	0.00000000E+0	0.00000000E+0
8.78906250E-2	1.06103001E-10	1.06103001E-10	8.78906250E-2	0.00000000E+0	0.00000000E+0
8.54492188E-2	1.15091998E-10	1.15091998E-10	8.54492188E-2	0.00000000E+0	0.00000000E+0
8.30078125E-2	9.79442985E-11	9.79442985E-11	8.30078125E-2	0.00000000E+0	0.00000000E+0
8.05664063E-2	1.06472997E-10	1.06472997E-10	8.05664063E-2	0.00000000E+0	0.00000000E+0
7.81250000E-2	8.98619998E-11	8.98619998E-11	7.81250000E-2	0.00000000E+0	0.00000000E+0
7.56835938E-2	1.00203998E-10	1.00203998E-10	7.56835938E-2	0.00000000E+0	0.00000000E+0
7.32421875E-2	8.50357007E-11	8.50357007E-11	7.32421875E-2	0.00000000E+0	0.00000000E+0
7.08007813E-2	9.26200019E-11	9.26200019E-11	7.08007813E-2	0.00000000E+0	0.00000000E+0
6.83593750E-2	7.53447027E-11	7.53447027E-11	6.83593750E-2	0.00000000E+0	0.00000000E+0
6.59179688E-2	8.36873973E-11	8.36873973E-11	6.59179688E-2	0.00000000E+0	0.00000000E+0
6.34765625E-2	6.67007005E-11	6.67007005E-11	6.34765625E-2	0.00000000E+0	0.00000000E+0
6.10351563E-2	7.57659976E-11	7.57659976E-11	6.10351563E-2	0.00000000E+0	0.00000000E+0
5.85937500E-2	5.66139011E-11	5.66139011E-11	5.85937500E-2	0.00000000E+0	0.00000000E+0
5.61523438E-2	6.72625011E-11	6.72625011E-11	5.61523438E-2	0.00000000E+0	0.00000000E+0
5.37109375E-2	5.20938986E-11	5.20938986E-11	5.37109375E-2	0.00000000E+0	0.00000000E+0
5.12695313E-2	5.74565985E-11	5.74565985E-11	5.12695313E-2	0.00000000E+0	0.00000000E+0
4.88281250E-2	4.14452986E-11	4.14452986E-11	4.88281250E-2	0.00000000E+0	0.00000000E+0
4.63867188E-2	5.06690002E-11	5.06690002E-11	4.63867188E-2	0.00000000E+0	0.00000000E+0
4.39453125E-2	3.44228986E-11	3.44228986E-11	4.39453125E-2	0.00000000E+0	0.00000000E+0
4.15039063E-2	4.05516003E-11	4.05516003E-11	4.15039063E-2	0.00000000E+0	0.00000000E+0
3.90625000E-2	2.65066007E-11	2.65066007E-11	3.90625000E-2	0.00000000E+0	0.00000000E+0
3.66210938E-2	3.57762986E-11	3.57762986E-11	3.66210938E-2	0.00000000E+0	0.00000000E+0
3.41796875E-2	2.22037996E-11	2.22037996E-11	3.41796875E-2	0.00000000E+0	0.00000000E+0
3.17382813E-2	2.54646998E-11	2.54646998E-11	3.17382813E-2	0.00000000E+0	0.00000000E+0
2.92968750E-2	1.14146999E-11	1.14146999E-11	2.92968750E-2	0.00000000E+0	0.00000000E+0
2.68554688E-2	1.84189001E-11	1.84189001E-11	2.68554688E-2	0.00000000E+0	0.00000000E+0
2.44140625E-2	5.20939021E-12	5.20939021E-12	2.44140625E-2	0.00000000E+0	0.00000000E+0
2.19726563E-2	9.28242986E-12	9.28242986E-12	2.19726563E-2	0.00000000E+0	0.00000000E+0
1.95312500E-2	-2.78855996E-12	-2.78855996E-12	1.95312500E-2	0.00000000E+0	0.00000000E+0
1.70898438E-2	2.52808993E-12	2.52808993E-12	1.70898438E-2	0.00000000E+0	0.00000000E+0
1.46484375E-2	-7.41190009E-12	-7.41190009E-12	1.46484375E-2	0.00000000E+0	0.00000000E+0
1.22070313E-2	-2.78855996E-12	-2.78855996E-12	1.22070313E-2	0.00000000E+0	0.00000000E+0
9.76562500E-3	-1.44943996E-11	-1.44943996E-11	9.76562500E-3	0.00000000E+0	0.00000000E+0
7.32421875E-3	-7.96730997E-12	-7.96730997E-12	7.32421875E-3	0.00000000E+0	0.00000000E+0
4.88281250E-3	-1.69305004E-11	-1.69305004E-11	4.88281250E-3	0.00000000E+0	0.00000000E+0
2.44140625E-3	-1.24106003E-11	-1.24106003E-11	2.44140625E-3	0.00000000E+0	0.00000000E+0
0.00000000E+0	-2.08376007E-11	-2.08376007E-11	0.00000000E+0	0.00000000E+0	0.00000000E+0
-2.44140625E-3	-9.76761033E-12	-9.76761033E-12	-2.44140625E-3	0.00000000E+0	0.00000000E+0
-4.88281250E-3	-2.06844004E-11	-2.06844004E-11	-4.88281250E-3	0.00000000E+0	0.00000000E+0
-7.32421875E-3	-1.79263999E-11	-1.79263999E-11	-7.32421875E-3	0.00000000E+0	0.00000000E+0
-9.76562500E-3	-2.84983998E-11	-2.84983998E-11	-9.76562500E-3	0.00000000E+0	0.00000000E+0
-1.22070313E-2	-2.55106995E-11	-2.55106995E-11	-1.22070313E-2	0.00000000E+0	0.00000000E+0
-1.46484375E-2	-3.24438011E-11	-3.24438011E-11	-1.46484375E-2	0.00000000E+0	0.00000000E+0
-1.70898438E-2	-3.24054984E-11	-3.24054984E-11	-1.70898438E-2	0.00000000E+0	0.00000000E+0
-1.95312500E-2	-4.33604992E-11	-4.33604992E-11	-1.95312500E-2	0.00000000E+0	0.00000000E+0
-2.19726563E-2	-3.70786006E-11	-3.70786006E-11	-2.19726563E-2	0.00000000E+0	0.00000000E+0
-2.44140625E-2	-4.51224995E-11	-4.51224995E-11	-2.44140625E-2	0.00000000E+0	0.00000000E+0
-2.68554688E-2	-4.84167012E-11	-4.84167012E-11	-2.68554688E-2	0.00000000E+0	0.00000000E+0
-2.92968750E-2	-5.42389987E-11	-5.42389987E-11	-2.92968750E-2	0.00000000E+0	0.00000000E+0
-3.17382813E-2	-5.43156006E-11	-5.43156006E-11	-3.17382813E-2	0.00000000E+0	0.00000000E+0
-3.41796875E-2	-6.33937000E-11	-6.33937000E-11	-3.41796875E-2	0.00000000E+0	0.00000000E+0
-3.66210938E-2	-6.56689980E-11	-6.56689980E-11	-3.66210938E-2	0.00000000E+0	0.00000000E+0
-3.90625000E-2	-7.23952981E-11	-7.23952981E-11	-3.90625000E-2	0.00000000E+0	0.00000000E+0
-4.15039063E-2	-7.08055975E-11	-7.08055975E-11	-4.15039063E-2	0.00000000E+0	0.00000000E+0
-4.39453125E-2	-8.05924008E-11	-8.05924008E-11	-4.39453125E-2	0.00000000E+0	0.00000000E+0
-4.63867188E-2	-8.25075980E-11	-8.25075980E-11	-4.63867188E-2	0.00000000E+0	0.00000000E+0
-4.88281250E-2	-9.03217015E-11	-9.03217015E-11	-4.88281250E-2	0.00000000E+0	0.00000000E+0
-5.12695313E-2	-9.30030011E-11	-9.30030011E-11	-5.12695313E-2	0.00000000E+0	0.00000000E+0
-5.37109375E-2	-1.00434001E-10	-1.00434001E-10	-5.37109375E-2	0.00000000E+0	0.00000000E+0
-5.61523438E-2	-1.03242997E-10	-1.03242997E-10	-5.61523438E-2	0.00000000E+0	0.00000000E+0
-5.85937500E-2	-1.06920001E-10	-1.06920001E-10	-5.85937500E-2	0.00000000E+0	0.00000000E+0
-6.10351563E-2	-1.13814999E-10	-1.13814999E-10	-6.10351563E-2	0.00000000E+0	0.00000000E+0
-6.34765625E-2	-1.18752994E-10	-1.18752994E-10	-6.34765625E-2	0.00000000E+0	0.00000000E+0
-6.59179688E-2	-1.23508995E-10	-1.23508995E-10	-6.59179688E-2	0.00000000E+0	0.00000000E+0
-6.83593750E-2	-1.27553995E-10	-1.27553995E-10	-6.83593750E-2	0.00000000E+0	0.00000000E+0
-7.08007813E-2	-1.34984995E-10	-1.34984995E-10	-7.08007813E-2	0.00000000E+0	0.00000000E+0
-7.32421875E-2	-1.38610998E-10	-1.38610998E-10	-7.32421875E-2	0.00000000E+0	0.00000000E+0
-7.56835938E-2	-1.40424006E-10	-1.40424006E-10	-7.56835938E-2	0.00000000E+0	0.00000000E+0
-7.81250000E-2	-1.50638002E-10	-1.50638002E-10	-7.81250000E-2	0.00000000E+0	0.00000000E+0
-8.05664063E-2	-1.51379007E-10	-1.51379007E-10	-8.05664063E-2	0.00000000E+0	0.00000000E+0
-8.30078125E-2	-1.58043995E-10	-1.58043995E-10	-8.30078125E-2	0.00000000E+0	0.00000000E+0
-8.54492188E-2	-1.63713001E-10	-1.63713001E-10	-8.54492188E-2	0.00000000E+0	0.00000000E+0
-8.78906250E-2	-1.68692005E-10	-1.68692005E-10	-8.78906250E-2	0.00000000E+0	0.00000000E+0
-9.03320313E-2	-1.71373998E-10	-1.71373998E-10	-9.03320313E-2	0.00000000E+0	0.00000000E+0
-9.27734375E-2	-1.77234005E-10	-1.77234005E-10	-9.27734375E-2	0.00000000E+0	0.00000000E+0
-9.52148438E-2	-1.82635004E-10	-1.82635004E-10	-9.52148438E-2	0.00000000E+0	0.00000000E+0
-9.76562500E-2	-1.87767996E-10	-1.87767996E-10	-9.76562500E-2	0.00000000E+0	0.00000000E+0
-1.00097656E-1	-1.91369004E-10	-1.91369004E-10	-1.00097656E-1	0.00000000E+0	0.00000000E+0
-1.02539062E-1	-1.93359995E-10	-1.93359995E-10	-1.02539062E-1	0.00000000E+0	0.00000000E+0
-1.04980469E-1	-1.98110001E-10	-1.98110001E-10	-1.04980469E-1	0.00000000E+0	0.00000000E+0
-1.07421875E-1	-2.27222005E-10	-2.27222005E-10	-1.07421875E-1	0.00000000E+0	0.00000000E+0
-1.09863281E-1	-2.79621992E-10	-2.79621992E-10	-1.09863281E-1	0.00000000E+0	0.00000000E+0
-1.12304687E-1	-3.24590993E-10	-3.24590993E-10	-1.12304687E-1	0.00000000E+0	0.00000000E+0
-1.14746094E-1	-3.49079987E-10	-3.49079987E-10	-1.14746094E-1	0.00000000E+0	0.00000000E+0
-1.17187500E-1	-3.63853003E-10	-3.63853003E-10	-1.17187500E-1	0.00000000E+0	0.00000000E+0
-1.19628906E-1	-3.66189995E-10	-3.66189995E-10	-1.19628906E-1	0.00000000E+0	0.00000000E+0
-1.22070312E-1	-3.69866998E-10	-3.69866998E-10	-1.22070312E-1	0.00000000E+0	0.00000000E+0
-1.24511719E-1	-3.71092990E-10	-3.71092990E-10	-1.24511719E-1	0.00000000E+0	0.00000000E+0
-1.26953125E-1	-3.75458997E-10	-3.75458997E-10	-1.26953125E-1	0.00000000E+0	0.00000000E+0
-1.29394531E-1	-3.75306008E-10	-3.75306008E-10	-1.29394531E-1	0.00000000E+0	0.00000000E+0
-1.31835937E-1	-3.80055987E-10	-3.80055987E-10	-1.31835937E-1	0.00000000E+0	0.00000000E+0
-1.34277344E-1	-3.83120008E-10	-3.83120008E-10	-1.34277344E-1	0.00000000E+0	0.00000000E+0
-1.36718750E-1	-3.87283011E-10	-3.87283011E-10	-1.36718750E-1	0.00000000E+0	0.00000000E+0
-1.39160156E-1	-3.90475013E-10	-3.90475013E-10	-1.39160156E-1	0.00000000E+0	0.00000000E+0
-1.41601562E-1	-3.91572996E-10	-3.91572996E-10	-1.41601562E-1	0.00000000E+0	0.00000000E+0
-1.44042969E-1	-3.95709993E-10	-3.95709993E-10	-1.44042969E-1	0.00000000E+0	0.00000000E+0
-1.46484375E-1	-3.97599009E-10	-3.97599009E-10	-1.46484375E-1	0.00000000E+0	0.00000000E+0
-1.48925781E-1	-4.00184996E-10	-4.00184996E-10	-1.48925781E-1	0.00000000E+0	0.00000000E+0
-1.51367187E-1	-4.06218004E-10	-4.06218004E-10	-1.51367187E-1	0.00000000E+0	0.00000000E+0
-1.53808594E-1	-4.11073009E-10	-4.11073009E-10	-1.53808594E-1	0.00000000E+0	0.00000000E+0
-1.56250000E-1	-4.13994006E-10	-4.13994006E-10	-1.56250000E-1	0.00000000E+0	0.00000000E+0
-1.58691406E-1	-4.14184992E-10	-4.14184992E-10	-1.58691406E-1	0.00000000E+0	0.00000000E+0
-1.61132812E-1	-4.15756013E-10	-4.15756013E-10	-1.61132812E-1	0.00000000E+0	0.00000000E+0
-1.63574219E-1	-4.23977992E-10	-4.23977992E-10	-1.63574219E-1	0.00000000E+0	0.00000000E+0
-1.66015625E-1	-4.27476998E-10	-4.27476998E-10	-1.66015625E-1	0.00000000E+0	0.00000000E+0
-1.68457031E-1	-4.34831005E-10	-4.34831005E-10	-1.68457031E-1	0.00000000E+0	0.00000000E+0
-1.70898437E-1	-4.34755010E-10	-4.34755010E-10	-1.70898437E-1	0.00000000E+0	0.00000000E+0
-1.73339844E-1	-4.43067000E-10	-4.43067000E-10	-1.73339844E-1	0.00000000E+0	0.00000000E+0
-1.75781250E-1	-4.44177001E-10	-4.44177001E-10	-1.75781250E-1	0.00000000E+0	0.00000000E+0
-1.78222656E-1	-4.51877008E-10	-4.51877008E-10	-1.78222656E-1	0.00000000E+0	0.00000000E+0
-1.80664062E-1	-4.53064003E-10	-4.53064003E-10	-1.80664062E-1	0.00000000E+0	0.00000000E+0
-1.83105469E-1	-4.62486993E-10	-4.62486993E-10	-1.83105469E-1	0.00000000E+0	0.00000000E+0
-1.85546875E-1	-4.64938005E-10	-4.64938005E-10	-1.85546875E-1	0.00000000E+0	0.00000000E+0
-1.87988281E-1	-4.70378014E-10	-4.70378014E-10	-1.87988281E-1	0.00000000E+0	0.00000000E+0
-1.90429687E-1	-4.71642003E-10	-4.71642003E-10	-1.90429687E-1	0.00000000E+0	0.00000000E+0
-1.92871094E-1	-4.80030016E-10	-4.80030016E-10	-1.92871094E-1	0.00000000E+0	0.00000000E+0
-1.95312500E-1	-4.80030016E-10	-4.80030016E-10	-1.95312500E-1	0.00000000E+0	0.00000000E+0
-1.97753906E-1	-4.85622986E-10	-4.85622986E-10	-1.97753906E-1	0.00000000E+0	0.00000000E+0
-2.00195312E-1	-4.88074026E-10	-4.88074026E-10	-2.00195312E-1	0.00000000E+0	0.00000000E+0
-2.02636719E-1	-5.00331998E-10	-5.00331998E-10	-2.02636719E-1	0.00000000E+0	0.00000000E+0
-2.05078125E-1	-5.00715025E-10	-5.00715025E-10	-2.05078125E-1	0.00000000E+0	0.00000000E+0
-2.07519531E-1	-5.04736974E-10	-5.04736974E-10	-2.07519531E-1	0.00000000E+0	0.00000000E+0
-2.09960937E-1	-5.06383990E-10	-5.06383990E-10	-2.09960937E-1	0.00000000E+0	0.00000000E+0
-2.12402344E-1	-5.19331023E-10	-5.19331023E-10	-2.12402344E-1	0.00000000E+0	0.00000000E+0
-2.14843750E-1	-5.16265974E-10	-5.16265974E-10	-2.14843750E-1	0.00000000E+0	0.00000000E+0
-2.17285156E-1	-5.26072019E-10	-5.26072019E-10	-2.17285156E-1	0.00000000E+0	0.00000000E+0
-2.19726562E-1	-5.26072019E-10	-5.26072019E-10	-2.19726562E-1	0.00000000E+0	0.00000000E+0
-2.22167969E-1	-5.36318989E-10	-5.36318989E-10	-2.22167969E-1	0.00000000E+0	0.00000000E+0
-2.24609375E-1	-5.33043998E-10	-5.33043998E-10	-2.24609375E-1	0.00000000E+0	0.00000000E+0
-2.27050781E-1	-5.42848988E-10	-5.42848988E-10	-2.27050781E-1	0.00000000E+0	0.00000000E+0
-2.29492187E-1	-5.41700018E-10	-5.41700018E-10	-2.29492187E-1	0.00000000E+0	0.00000000E+0
-2.31933594E-1	-5.54876978E-10	-5.54876978E-10	-2.31933594E-1	0.00000000E+0	0.00000000E+0
-2.34375000E-1	-5.51564017E-10	-5.51564017E-10	-2.34375000E-1	0.00000000E+0	0.00000000E+0
-2.36816406E-1	-5.64760017E-10	-5.64760017E-10	-2.36816406E-1	0.00000000E+0	0.00000000E+0
-2.39257812E-1	-5.57634994E-10	-5.57634994E-10	-2.39257812E-1	0.00000000E+0	0.00000000E+0
-2.41699219E-1	-5.73952996E-10	-5.73952996E-10	-2.41699219E-1	0.00000000E+0	0.00000000E+0
-2.44140625E-1	-5.67976999E-10	-5.67976999E-10	-2.44140625E-1	0.00000000E+0	0.00000000E+0
-2.46582031E-1	-5.83911974E-10	-5.83911974E-10	-2.46582031E-1	0.00000000E+0	0.00000000E+0
-2.49023437E-1	-5.78243009E-10	-5.78243009E-10	-2.49023437E-1	0.00000000E+0	0.00000000E+0
-2.51464844E-1	-5.96551974E-10	-5.96551974E-10	-2.51464844E-1	0.00000000E+0	0.00000000E+0
-2.53906250E-1	-5.87895010E-10	-5.87895010E-10	-2.53906250E-1	0.00000000E+0	0.00000000E+0
-2.56347656E-1	-6.03447015E-10	-6.03447015E-10	-2.56347656E-1	0.00000000E+0	0.00000000E+0
-2.58789062E-1	-5.94789995E-10	-5.94789995E-10	-2.58789062E-1	0.00000000E+0	0.00000000E+0
-2.61230469E-1	-6.14211015E-10	-6.14211015E-10	-2.61230469E-1	0.00000000E+0	0.00000000E+0
-2.63671875E-1	-6.02450978E-10	-6.02450978E-10	-2.63671875E-1	0.00000000E+0	0.00000000E+0
-2.66113281E-1	-6.23595009E-10	-6.23595009E-10	-2.66113281E-1	0.00000000E+0	0.00000000E+0
-2.68554687E-1	-6.13789020E-10	-6.13789020E-10	-2.68554687E-1	0.00000000E+0	0.00000000E+0
-2.70996094E-1	-6.34703012E-10	-6.34703012E-10	-2.70996094E-1	0.00000000E+0	0.00000000E+0
-2.73437500E-1	-6.24208019E-10	-6.24208019E-10	-2.73437500E-1	0.00000000E+0	0.00000000E+0
-2.75878906E-1	-6.40295983E-10	-6.40295983E-10	-2.75878906E-1	0.00000000E+0	0.00000000E+0
-2.78320312E-1	-6.28191998E-10	-6.28191998E-10	-2.78320312E-1	0.00000000E+0	0.00000000E+0
-2.80761719E-1	-6.51735999E-10	-6.51735999E-10	-2.80761719E-1	0.00000000E+0	0.00000000E+0
-2.83203125E-1	-6.38802011E-10	-6.38802011E-10	-2.83203125E-1	0.00000000E+0	0.00000000E+0
-2.85644531E-1	-6.63086974E-10	-6.63086974E-10	-2.85644531E-1	0.00000000E+0	0.00000000E+0
-2.88085937E-1	-6.49087006E-10	-6.49087006E-10	-2.88085937E-1	0.00000000E+0	0.00000000E+0
-2.90527344E-1	-6.73467004E-10	-6.73467004E-10	-2.90527344E-1	0.00000000E+0	0.00000000E+0
-2.92968750E-1	-6.59805988E-10	-6.59805988E-10	-2.92968750E-1	0.00000000E+0	0.00000000E+0
-2.95410156E-1	-6.79672985E-10	-6.79672985E-10	-2.95410156E-1	0.00000000E+0	0.00000000E+0
-2.97851562E-1	-6.66955990E-10	-6.66955990E-10	-2.97851562E-1	0.00000000E+0	0.00000000E+0
-3.00292969E-1	-6.90321023E-10	-6.90321023E-10	-3.00292969E-1	0.00000000E+0	0.00000000E+0
-3.02734375E-1	-6.80514978E-10	-6.80514978E-10	-3.02734375E-1	0.00000000E+0	0.00000000E+0
-3.05175781E-1	-6.99438008E-10	-6.99438008E-10	-3.05175781E-1	0.00000000E+0	0.00000000E+0
-3.07617187E-1	-6.88635982E-10	-6.88635982E-10	-3.07617187E-1	0.00000000E+0	0.00000000E+0
-3.10058594E-1	-7.11389003E-10	-7.11389003E-10	-3.10058594E-1	0.00000000E+0	0.00000000E+0
-3.12500000E-1	-6.99285019E-10	-6.99285019E-10	-3.12500000E-1	0.00000000E+0	0.00000000E+0
-3.14941406E-1	-7.16137982E-10	-7.16137982E-10	-3.14941406E-1	0.00000000E+0	0.00000000E+0
-3.17382812E-1	-7.07161996E-10	-7.07161996E-10	-3.17382812E-1	0.00000000E+0	0.00000000E+0
-3.19824219E-1	-7.26901983E-10	-7.26901983E-10	-3.19824219E-1	0.00000000E+0	0.00000000E+0
-3.22265625E-1	-7.18780979E-10	-7.18780979E-10	-3.22265625E-1	0.00000000E+0	0.00000000E+0
-3.24707031E-1	-7.35878025E-10	-7.35878025E-10	-3.24707031E-1	0.00000000E+0	0.00000000E+0
-3.27148437E-1	-7.27783001E-10	-7.27783001E-10	-3.27148437E-1	0.00000000E+0	0.00000000E+0
-3.29589844E-1	-7.46551987E-10	-7.46551987E-10	-3.29589844E-1	0.00000000E+0	0.00000000E+0
-3.32031250E-1	-7.39360018E-10	-7.39360018E-10	-3.32031250E-1	0.00000000E+0	0.00000000E+0
-3.34472656E-1	-7.55233986E-10	-7.55233986E-10	-3.34472656E-1	0.00000000E+0	0.00000000E+0
-3.36914062E-1	-7.48134998E-10	-7.48134998E-10	-3.36914062E-1	0.00000000E+0	0.00000000E+0
-3.39355469E-1	-7.63253016E-10	-7.63253016E-10	-3.39355469E-1	0.00000000E+0	0.00000000E+0
-3.41796875E-1	-7.58197005E-10	-7.58197005E-10	-3.41796875E-1	0.00000000E+0	0.00000000E+0
-3.44238281E-1	-7.72598985E-10	-7.72598985E-10	-3.44238281E-1	0.00000000E+0	0.00000000E+0
-3.46679687E-1	-7.68155983E-10	-7.68155983E-10	-3.46679687E-1	0.00000000E+0	0.00000000E+0
-3.49121094E-1	-7.83190013E-10	-7.83190013E-10	-3.49121094E-1	0.00000000E+0	0.00000000E+0
-3.51562500E-1	-7.81140985E-10	-7.81140985E-10	-3.51562500E-1	0.00000000E+0	0.00000000E+0
-3.54003906E-1	-7.90525978E-10	-7.90525978E-10	-3.54003906E-1	0.00000000E+0	0.00000000E+0
-3.56445312E-1	-7.84345977E-10	-7.84345977E-10	-3.56445312E-1	0.00000000E+0	0.00000000E+0
-3.58886719E-1	-8.00943978E-10	-8.00943978E-10	-3.58886719E-1	0.00000000E+0	0.00000000E+0
-3.61328125E-1	-7.97802990E-10	-7.97802990E-10	-3.61328125E-1	0.00000000E+0	0.00000000E+0
-3.63769531E-1	-8.11325007E-10	-8.11325007E-10	-3.63769531E-1	0.00000000E+0	0.00000000E+0
-3.66210937E-1	-8.07763023E-10	-8.07763023E-10	-3.66210937E-1	0.00000000E+0	0.00000000E+0
-3.68652344E-1	-8.24080026E-10	-8.24080026E-10	-3.68652344E-1	0.00000000E+0	0.00000000E+0
-3.71093750E-1	-8.19369017E-10	-8.19369017E-10	-3.71093750E-1	0.00000000E+0	0.00000000E+0
-3.73535156E-1	-8.32852010E-10	-8.32852010E-10	-3.73535156E-1	0.00000000E+0	0.00000000E+0
-3.75976562E-1	-8.29175006E-10	-8.29175006E-10	-3.75976562E-1	0.00000000E+0	0.00000000E+0
-3.78417969E-1	-8.44790016E-10	-8.44790016E-10	-3.78417969E-1	0.00000000E+0	0.00000000E+0
-3.80859375E-1	-8.39785019E-10	-8.39785019E-10	-3.80859375E-1	0.00000000E+0	0.00000000E+0
-3.83300781E-1	-8.54379012E-10	-8.54379012E-10	-3.83300781E-1	0.00000000E+0	0.00000000E+0
-3.85742187E-1	-8.51199999E-10	-8.51199999E-10	-3.85742187E-1	0.00000000E+0	0.00000000E+0
-3.88183594E-1	-8.66521022E-10	-8.66521022E-10	-3.88183594E-1	0.00000000E+0	0.00000000E+0
-3.90625000E-1	-8.63494998E-10	-8.63494998E-10	-3.90625000E-1	0.00000000E+0	0.00000000E+0
-3.93066406E-1	-8.74987027E-10	-8.74987027E-10	-3.93066406E-1	0.00000000E+0	0.00000000E+0
-3.95507812E-1	-8.68359995E-10	-8.68359995E-10	-3.95507812E-1	0.00000000E+0	0.00000000E+0
-3.97949219E-1	-8.84064988E-10	-8.84064988E-10	-3.97949219E-1	0.00000000E+0	0.00000000E+0
-4.00390625E-1	-8.80694018E-10	-8.80694018E-10	-4.00390625E-1	0.00000000E+0	0.00000000E+0
-4.02832031E-1	-8.94599006E-10	-8.94599006E-10	-4.02832031E-1	0.00000000E+0	0.00000000E+0
-4.05273437E-1	-8.96628993E-10	-8.96628993E-10	-4.05273437E-1	0.00000000E+0	0.00000000E+0
-4.07714844E-1	-9.20492016E-10	-9.20492016E-10	-4.07714844E-1	0.00000000E+0	0.00000000E+0
-4.10156250E-1	-9.16815013E-10	-9.16815013E-10	-4.10156250E-1	0.00000000E+0	0.00000000E+0
-4.12597656E-1	-9.30490018E-10	-9.30490018E-10	-4.12597656E-1	0.00000000E+0	0.00000000E+0
-4.15039062E-1	-9.24896992E-10	-9.24896992E-10	-4.15039062E-1	0.00000000E+0	0.00000000E+0
-4.17480469E-1	-9.44585965E-10	-9.44585965E-10	-4.17480469E-1	0.00000000E+0	0.00000000E+0
-4.19921875E-1	-9.38151001E-10	-9.38151001E-10	-4.19921875E-1	0.00000000E+0	0.00000000E+0
-4.22363281E-1	-9.46424050E-10	-9.46424050E-10	-4.22363281E-1	0.00000000E+0	0.00000000E+0
-4.24804687E-1	-9.41827949E-10	-9.41827949E-10	-4.24804687E-1	0.00000000E+0	0.00000000E+0
-4.27246094E-1	-9.54467949E-10	-9.54467949E-10	-4.27246094E-1	0.00000000E+0	0.00000000E+0
-4.29687500E-1	-9.47535050E-10	-9.47535050E-10	-4.29687500E-1	0.00000000E+0	0.00000000E+0
-4.32128906E-1	-9.54161972E-10	-9.54161972E-10	-4.32128906E-1	0.00000000E+0	0.00000000E+0
-4.34570312E-1	-9.52935952E-10	-9.52935952E-10	-4.34570312E-1	0.00000000E+0	0.00000000E+0
-4.37011719E-1	-9.74462955E-10	-9.74462955E-10	-4.37011719E-1	0.00000000E+0	0.00000000E+0
-4.39453125E-1	-9.69687997E-10	-9.69687997E-10	-4.39453125E-1	0.00000000E+0	0.00000000E+0
-4.41894531E-1	-9.84524018E-10	-9.84524018E-10	-4.41894531E-1	0.00000000E+0	0.00000000E+0
-4.44335937E-1	-9.75229009E-10	-9.75229009E-10	-4.44335937E-1	0.00000000E+0	0.00000000E+0
-4.46777344E-1	-9.86834947E-10	-9.86834947E-10	-4.46777344E-1	0.00000000E+0	0.00000000E+0
-4.49218750E-1	-9.85910020E-10	-9.85910020E-10	-4.49218750E-1	0.00000000E+0	0.00000000E+0
-4.51660156E-1	-9.97644967E-10	-9.97644967E-10	-4.51660156E-1	0.00000000E+0	0.00000000E+0
-4.54101562E-1	-9.92849025E-10	-9.92849025E-10	-4.54101562E-1	0.00000000E+0	0.00000000E+0
-4.56542969E-1	-1.01094000E-9	-1.01094000E-9	-4.56542969E-1	0.00000000E+0	0.00000000E+0
-4.58984375E-1	-1.00963005E-9	-1.00963005E-9	-4.58984375E-1	0.00000000E+0	0.00000000E+0
-4.61425781E-1	-1.01947994E-9	-1.01947994E-9	-4.61425781E-1	0.00000000E+0	0.00000000E+0
-4.63867187E-1	-1.01422004E-9	-1.01422004E-9	-4.63867187E-1	0.00000000E+0	0.00000000E+0
-4.66308594E-1	-1.02708997E-9	-1.02708997E-9	-4.66308594E-1	0.00000000E+0	0.00000000E+0
-4.68750000E-1	-1.02750997E-9	-1.02750997E-9	-4.68750000E-1	0.00000000E+0	0.00000000E+0
-4.71191406E-1	-1.03775000E-9	-1.03775000E-9	-4.71191406E-1	0.00000000E+0	0.00000000E+0
-4.73632812E-1	-1.04035003E-9	-1.04035003E-9	-4.73632812E-1	0.00000000E+0	0.00000000E+0
-4.76074219E-1	-1.04992004E-9	-1.04992004E-9	-4.76074219E-1	0.00000000E+0	0.00000000E+0
-4.78515625E-1	-1.04967002E-9	-1.04967002E-9	-4.78515625E-1	0.00000000E+0	0.00000000E+0
-4.80957031E-1	-1.06167997E-9	-1.06167997E-9	-4.80957031E-1	0.00000000E+0	0.00000000E+0
-4.83398437E-1	-1.06218001E-9	-1.06218001E-9	-4.83398437E-1	0.00000000E+0	0.00000000E+0
-4.85839844E-1	-1.07370002E-9	-1.07370002E-9	-4.85839844E-1	0.00000000E+0	0.00000000E+0
-4.88281250E-1	-1.07083997E-9	-1.07083997E-9	-4.88281250E-1	0.00000000E+0	0.00000000E+0
-4.90722656E-1	-1.08040998E-9	-1.08040998E-9	-4.90722656E-1	0.00000000E+0	0.00000000E+0
-4.93164062E-1	-1.08183995E-9	-1.08183995E-9	-4.93164062E-1	0.00000000E+0	0.00000000E+0
-4.90722656E-1	-1.10328002E-9	-1.10328002E-9	-4.90722656E-1	0.00000000E+0	0.00000000E+0
-4.88281250E-1	-1.04774001E-9	-1.04774001E-9	-4.88281250E-1	0.00000000E+0	0.00000000E+0
-4.85839844E-1	-1.07647002E-9	-1.07647002E-9	-4.85839844E-1	0.00000000E+0	0.00000000E+0
-4.83398437E-1	-1.03775000E-9	-1.03775000E-9	-4.83398437E-1	0.00000000E+0	0.00000000E+0
-4.80957031E-1	-1.06398002E-9	-1.06398002E-9	-4.80957031E-1	0.00000000E+0	0.00000000E+0
-4.78515625E-1	-1.02384001E-9	-1.02384001E-9	-4.78515625E-1	0.00000000E+0	0.00000000E+0
-4.76074219E-1	-1.04436004E-9	-1.04436004E-9	-4.76074219E-1	0.00000000E+0	0.00000000E+0
-4.73632812E-1	-1.00566000E-9	-1.00566000E-9	-4.73632812E-1	0.00000000E+0	0.00000000E+0
-4.71191406E-1	-1.02708997E-9	-1.02708997E-9	-4.71191406E-1	0.00000000E+0	0.00000000E+0
-4.68750000E-1	-9.86834947E-10	-9.86834947E-10	-4.68750000E-1	0.00000000E+0	0.00000000E+0
-4.66308594E-1	-1.01629005E-9	-1.01629005E-9	-4.66308594E-1	0.00000000E+0	0.00000000E+0
-4.63867187E-1	-9.76914993E-10	-9.76914993E-10	-4.63867187E-1	0.00000000E+0	0.00000000E+0
-4.61425781E-1	-9.99131000E-10	-9.99131000E-10	-4.61425781E-1	0.00000000E+0	0.00000000E+0
-4.58984375E-1	-9.64772040E-10	-9.64772040E-10	-4.58984375E-1	0.00000000E+0	0.00000000E+0
-4.56542969E-1	-9.85910020E-10	-9.85910020E-10	-4.56542969E-1	0.00000000E+0	0.00000000E+0
-4.54101562E-1	-9.53854995E-10	-9.53854995E-10	-4.54101562E-1	0.00000000E+0	0.00000000E+0
-4.51660156E-1	-9.67108948E-10	-9.67108948E-10	-4.51660156E-1	0.00000000E+0	0.00000000E+0
-4.49218750E-1	-9.45006962E-10	-9.45006962E-10	-4.49218750E-1	0.00000000E+0	0.00000000E+0
-4.46777344E-1	-9.65575953E-10	-9.65575953E-10	-4.46777344E-1	0.00000000E+0	0.00000000E+0
-4.44335937E-1	-9.48849999E-10	-9.48849999E-10	-4.44335937E-1	0.00000000E+0	0.00000000E+0
-4.41894531E-1	-9.55521995E-10	-9.55521995E-10	-4.41894531E-1	0.00000000E+0	0.00000000E+0
-4.39453125E-1	-9.33342958E-10	-9.33342958E-10	-4.39453125E-1	0.00000000E+0	0.00000000E+0
-4.37011719E-1	-9.38151001E-10	-9.38151001E-10	-4.37011719E-1	0.00000000E+0	0.00000000E+0
-4.34570312E-1	-9.15244991E-10	-9.15244991E-10	-4.34570312E-1	0.00000000E+0	0.00000000E+0
-4.32128906E-1	-9.22522003E-10	-9.22522003E-10	-4.32128906E-1	0.00000000E+0	0.00000000E+0
-4.29687500E-1	-8.95095997E-10	-8.95095997E-10	-4.29687500E-1	0.00000000E+0	0.00000000E+0
-4.27246094E-1	-9.10953979E-10	-9.10953979E-10	-4.27246094E-1	0.00000000E+0	0.00000000E+0
-4.24804687E-1	-8.89504026E-10	-8.89504026E-10	-4.24804687E-1	0.00000000E+0	0.00000000E+0
-4.22363281E-1	-8.93717989E-10	-8.93717989E-10	-4.22363281E-1	0.00000000E+0	0.00000000E+0
-4.19921875E-1	-8.74334993E-10	-8.74334993E-10	-4.19921875E-1	0.00000000E+0	0.00000000E+0
-4.17480469E-1	-8.77438011E-10	-8.77438011E-10	-4.17480469E-1	0.00000000E+0	0.00000000E+0
-4.15039062E-1	-8.65909011E-10	-8.65909011E-10	-4.15039062E-1	0.00000000E+0	0.00000000E+0
-4.12597656E-1	-8.62460992E-10	-8.62460992E-10	-4.12597656E-1	0.00000000E+0	0.00000000E+0
-4.10156250E-1	-8.52118986E-10	-8.52118986E-10	-4.10156250E-1	0.00000000E+0	0.00000000E+0
-4.07714844E-1	-8.55240989E-10	-8.55240989E-10	-4.07714844E-1	0.00000000E+0	0.00000000E+0
-4.05273437E-1	-8.45504999E-10	-8.45504999E-10	-4.05273437E-1	0.00000000E+0	0.00000000E+0
-4.02832031E-1	-8.38213998E-10	-8.38213998E-10	-4.02832031E-1	0.00000000E+0	0.00000000E+0
-4.00390625E-1	-8.28064006E-10	-8.28064006E-10	-4.00390625E-1	0.00000000E+0	0.00000000E+0
-3.97949219E-1	-8.28216995E-10	-8.28216995E-10	-3.97949219E-1	0.00000000E+0	0.00000000E+0
-3.95507812E-1	-8.16879009E-10	-8.16879009E-10	-3.95507812E-1	0.00000000E+0	0.00000000E+0
-3.93066406E-1	-8.08145995E-10	-8.08145995E-10	-3.93066406E-1	0.00000000E+0	0.00000000E+0
-3.90625000E-1	-8.03778988E-10	-8.03778988E-10	-3.90625000E-1	0.00000000E+0	0.00000000E+0
-3.88183594E-1	-8.04276978E-10	-8.04276978E-10	-3.88183594E-1	0.00000000E+0	0.00000000E+0
-3.85742187E-1	-7.96066990E-10	-7.96066990E-10	-3.85742187E-1	0.00000000E+0	0.00000000E+0
-3.83300781E-1	-7.86159027E-10	-7.86159027E-10	-3.83300781E-1	0.00000000E+0	0.00000000E+0
-3.80859375E-1	-7.83401011E-10	-7.83401011E-10	-3.80859375E-1	0.00000000E+0	0.00000000E+0
-3.78417969E-1	-7.76046005E-10	-7.76046005E-10	-3.78417969E-1	0.00000000E+0	0.00000000E+0
-3.75976562E-1	-7.74438014E-10	-7.74438014E-10	-3.75976562E-1	0.00000000E+0	0.00000000E+0
-3.73535156E-1	-7.61337993E-10	-7.61337993E-10	-3.73535156E-1	0.00000000E+0	0.00000000E+0
-3.71093750E-1	-7.61453012E-10	-7.61453012E-10	-3.71093750E-1	0.00000000E+0	0.00000000E+0
-3.68652344E-1	-7.52757023E-10	-7.52757023E-10	-3.68652344E-1	0.00000000E+0	0.00000000E+0
-3.66210937E-1	-7.53829998E-10	-7.53829998E-10	-3.66210937E-1	0.00000000E+0	0.00000000E+0
-3.63769531E-1	-7.37869987E-10	-7.37869987E-10	-3.63769531E-1	0.00000000E+0	0.00000000E+0
-3.61328125E-1	-7.39829975E-10	-7.39829975E-10	-3.61328125E-1	0.00000000E+0	0.00000000E+0
-3.58886719E-1	-7.26098015E-10	-7.26098015E-10	-3.58886719E-1	0.00000000E+0	0.00000000E+0
-3.56445312E-1	-7.29698024E-10	-7.29698024E-10	-3.56445312E-1	0.00000000E+0	0.00000000E+0
-3.54003906E-1	-7.12142012E-10	-7.12142012E-10	-3.54003906E-1	0.00000000E+0	0.00000000E+0
-3.51562500E-1	-7.13712978E-10	-7.13712978E-10	-3.51562500E-1	0.00000000E+0	0.00000000E+0
-3.49121094E-1	-7.06639025E-10	-7.06639025E-10	-3.49121094E-1	0.00000000E+0	0.00000000E+0
-3.46679687E-1	-7.12142012E-10	-7.12142012E-10	-3.46679687E-1	0.00000000E+0	0.00000000E+0
-3.44238281E-1	-6.93596014E-10	-6.93596014E-10	-3.44238281E-1	0.00000000E+0	0.00000000E+0
-3.41796875E-1	-6.98174019E-10	-6.98174019E-10	-3.41796875E-1	0.00000000E+0	0.00000000E+0
-3.39355469E-1	-6.82659984E-10	-6.82659984E-10	-3.39355469E-1	0.00000000E+0	0.00000000E+0
-3.36914062E-1	-6.86721013E-10	-6.86721013E-10	-3.36914062E-1	0.00000000E+0	0.00000000E+0
-3.34472656E-1	-6.66649014E-10	-6.66649014E-10	-3.34472656E-1	0.00000000E+0	0.00000000E+0
-3.32031250E-1	-6.79903023E-10	-6.79903023E-10	-3.32031250E-1	0.00000000E+0	0.00000000E+0
-3.29589844E-1	-6.60851984E-10	-6.60851984E-10	-3.29589844E-1	0.00000000E+0	0.00000000E+0
-3.27148437E-1	-6.67453981E-10	-6.67453981E-10	-3.27148437E-1	0.00000000E+0	0.00000000E+0
-3.24707031E-1	-6.47036980E-10	-6.47036980E-10	-3.24707031E-1	0.00000000E+0	0.00000000E+0
-3.22265625E-1	-6.54238996E-10	-6.54238996E-10	-3.22265625E-1	0.00000000E+0	0.00000000E+0
-3.19824219E-1	-6.37346009E-10	-6.37346009E-10	-3.19824219E-1	0.00000000E+0	0.00000000E+0
-3.17382812E-1	-6.42363995E-10	-6.42363995E-10	-3.17382812E-1	0.00000000E+0	0.00000000E+0
-3.14941406E-1	-6.23288976E-10	-6.23288976E-10	-3.14941406E-1	0.00000000E+0	0.00000000E+0
-3.12500000E-1	-6.28728014E-10	-6.28728014E-10	-3.12500000E-1	0.00000000E+0	0.00000000E+0
-3.10058594E-1	-6.18156026E-10	-6.18156026E-10	-3.10058594E-1	0.00000000E+0	0.00000000E+0
-3.07617187E-1	-6.25127006E-10	-6.25127006E-10	-3.07617187E-1	0.00000000E+0	0.00000000E+0
-3.05175781E-1	-6.05706985E-10	-6.05706985E-10	-3.05175781E-1	0.00000000E+0	0.00000000E+0
-3.02734375E-1	-6.12026985E-10	-6.12026985E-10	-3.02734375E-1	0.00000000E+0	0.00000000E+0
-3.00292969E-1	-5.95097027E-10	-5.95097027E-10	-3.00292969E-1	0.00000000E+0	0.00000000E+0
-2.97851562E-1	-6.02949024E-10	-6.02949024E-10	-2.97851562E-1	0.00000000E+0	0.00000000E+0
-2.95410156E-1	-5.81920012E-10	-5.81920012E-10	-2.95410156E-1	0.00000000E+0	0.00000000E+0
-2.92968750E-1	-5.90040017E-10	-5.90040017E-10	-2.92968750E-1	0.00000000E+0	0.00000000E+0
-2.90527344E-1	-5.74566006E-10	-5.74566006E-10	-2.90527344E-1	0.00000000E+0	0.00000000E+0
-2.88085937E-1	-5.82149995E-10	-5.82149995E-10	-2.88085937E-1	0.00000000E+0	0.00000000E+0
-2.85644531E-1	-5.60200997E-10	-5.60200997E-10	-2.85644531E-1	0.00000000E+0	0.00000000E+0
-2.83203125E-1	-5.68283975E-10	-5.68283975E-10	-2.83203125E-1	0.00000000E+0	0.00000000E+0
-2.80761719E-1	-5.53651014E-10	-5.53651014E-10	-2.80761719E-1	0.00000000E+0	0.00000000E+0
-2.78320312E-1	-5.58630975E-10	-5.58630975E-10	-2.78320312E-1	0.00000000E+0	0.00000000E+0
-2.75878906E-1	-5.40532008E-10	-5.40532008E-10	-2.75878906E-1	0.00000000E+0	0.00000000E+0
-2.73437500E-1	-5.46093004E-10	-5.46093004E-10	-2.73437500E-1	0.00000000E+0	0.00000000E+0
-2.70996094E-1	-5.34959022E-10	-5.34959022E-10	-2.70996094E-1	0.00000000E+0	0.00000000E+0
-2.68554687E-1	-5.41393985E-10	-5.41393985E-10	-2.68554687E-1	0.00000000E+0	0.00000000E+0
-2.66113281E-1	-5.24540023E-10	-5.24540023E-10	-2.66113281E-1	0.00000000E+0	0.00000000E+0
-2.63671875E-1	-5.29826016E-10	-5.29826016E-10	-2.63671875E-1	0.00000000E+0	0.00000000E+0
-2.61230469E-1	-5.16419019E-10	-5.16419019E-10	-2.61230469E-1	0.00000000E+0	0.00000000E+0
-2.58789062E-1	-5.21629018E-10	-5.21629018E-10	-2.58789062E-1	0.00000000E+0	0.00000000E+0
-2.56347656E-1	-5.06383990E-10	-5.06383990E-10	-2.56347656E-1	0.00000000E+0	0.00000000E+0
-2.53906250E-1	-5.10367026E-10	-5.10367026E-10	-2.53906250E-1	0.00000000E+0	0.00000000E+0
-2.51464844E-1	-4.96578001E-10	-4.96578001E-10	-2.51464844E-1	0.00000000E+0	0.00000000E+0
-2.49023437E-1	-5.00868014E-10	-5.00868014E-10	-2.49023437E-1	0.00000000E+0	0.00000000E+0
-2.46582031E-1	-4.85622986E-10	-4.85622986E-10	-2.46582031E-1	0.00000000E+0	0.00000000E+0
-2.44140625E-1	-4.89861984E-10	-4.89861984E-10	-2.44140625E-1	0.00000000E+0	0.00000000E+0
-2.41699219E-1	-4.77866025E-10	-4.77866025E-10	-2.41699219E-1	0.00000000E+0	0.00000000E+0
-2.39257812E-1	-4.80489981E-10	-4.80489981E-10	-2.39257812E-1	0.00000000E+0	0.00000000E+0
-2.36816406E-1	-4.66011008E-10	-4.66011008E-10	-2.36816406E-1	0.00000000E+0	0.00000000E+0
-2.34375000E-1	-4.68641015E-10	-4.68641015E-10	-2.34375000E-1	0.00000000E+0	0.00000000E+0
-2.31933594E-1	-4.62015010E-10	-4.62015010E-10	-2.31933594E-1	0.00000000E+0	0.00000000E+0
-2.29492187E-1	-4.62486993E-10	-4.62486993E-10	-2.29492187E-1	0.00000000E+0	0.00000000E+0
-2.27050781E-1	-4.49922988E-10	-4.49922988E-10	-2.27050781E-1	0.00000000E+0	0.00000000E+0
-2.24609375E-1	-4.51596011E-10	-4.51596011E-10	-2.24609375E-1	0.00000000E+0	0.00000000E+0
-2.22167969E-1	-4.43258014E-10	-4.43258014E-10	-2.22167969E-1	0.00000000E+0	0.00000000E+0
-2.19726562E-1	-4.40807002E-10	-4.40807002E-10	-2.19726562E-1	0.00000000E+0	0.00000000E+0
-2.17285156E-1	-4.33068997E-10	-4.33068997E-10	-2.17285156E-1	0.00000000E+0	0.00000000E+0
-2.14843750E-1	-4.32302999E-10	-4.32302999E-10	-2.14843750E-1	0.00000000E+0	0.00000000E+0
-2.12402344E-1	-4.26711000E-10	-4.26711000E-10	-2.12402344E-1	0.00000000E+0	0.00000000E+0
-2.09960937E-1	-4.23263008E-10	-4.23263008E-10	-2.09960937E-1	0.00000000E+0	0.00000000E+0
-2.07519531E-1	-4.14894008E-10	-4.14894008E-10	-2.07519531E-1	0.00000000E+0	0.00000000E+0
-2.05078125E-1	-4.13994006E-10	-4.13994006E-10	-2.05078125E-1	0.00000000E+0	0.00000000E+0
-2.02636719E-1	-4.07635009E-10	-4.07635009E-10	-2.02636719E-1	0.00000000E+0	0.00000000E+0
-2.00195312E-1	-4.03344996E-10	-4.03344996E-10	-2.00195312E-1	0.00000000E+0	0.00000000E+0
-1.97753906E-1	-3.96928990E-10	-3.96928990E-10	-1.97753906E-1	0.00000000E+0	0.00000000E+0
-1.95312500E-1	-3.93462013E-10	-3.93462013E-10	-1.95312500E-1	0.00000000E+0	0.00000000E+0
-1.92871094E-1	-3.92084004E-10	-3.92084004E-10	-1.92871094E-1	0.00000000E+0	0.00000000E+0
-1.90429687E-1	-3.86912002E-10	-3.86912002E-10	-1.90429687E-1	0.00000000E+0	0.00000000E+0
-1.87988281E-1	-3.84039994E-10	-3.84039994E-10	-1.87988281E-1	0.00000000E+0	0.00000000E+0
-1.85546875E-1	-3.77412990E-10	-3.77412990E-10	-1.85546875E-1	0.00000000E+0	0.00000000E+0
-1.83105469E-1	-3.75152992E-10	-3.75152992E-10	-1.83105469E-1	0.00000000E+0	0.00000000E+0
-1.80664062E-1	-3.68258007E-10	-3.68258007E-10	-1.80664062E-1	0.00000000E+0	0.00000000E+0
-1.78222656E-1	-3.66189995E-10	-3.66189995E-10	-1.78222656E-1	0.00000000E+0	0.00000000E+0
-1.75781250E-1	-3.58068991E-10	-3.58068991E-10	-1.75781250E-1	0.00000000E+0	0.00000000E+0
-1.73339844E-1	-3.57609997E-10	-3.57609997E-10	-1.73339844E-1	0.00000000E+0	0.00000000E+0
-1.70898437E-1	-3.50254992E-10	-3.50254992E-10	-1.70898437E-1	0.00000000E+0	0.00000000E+0
-1.68457031E-1	-3.50561996E-10	-3.50561996E-10	-1.68457031E-1	0.00000000E+0	0.00000000E+0
-1.66015625E-1	-3.41598000E-10	-3.41598000E-10	-1.66015625E-1	0.00000000E+0	0.00000000E+0
-1.63574219E-1	-3.42134987E-10	-3.42134987E-10	-1.63574219E-1	0.00000000E+0	0.00000000E+0
-1.61132812E-1	-3.32481986E-10	-3.32481986E-10	-1.61132812E-1	0.00000000E+0	0.00000000E+0
-1.58691406E-1	-3.35035999E-10	-3.35035999E-10	-1.58691406E-1	0.00000000E+0	0.00000000E+0
-1.56250000E-1	-3.26353000E-10	-3.26353000E-10	-1.56250000E-1	0.00000000E+0	0.00000000E+0
-1.53808594E-1	-3.29800992E-10	-3.29800992E-10	-1.53808594E-1	0.00000000E+0	0.00000000E+0
-1.51367187E-1	-3.19050009E-10	-3.19050009E-10	-1.51367187E-1	0.00000000E+0	0.00000000E+0
-1.48925781E-1	-3.19304999E-10	-3.19304999E-10	-1.48925781E-1	0.00000000E+0	0.00000000E+0
-1.46484375E-1	-3.10342002E-10	-3.10342002E-10	-1.46484375E-1	0.00000000E+0	0.00000000E+0
-1.44042969E-1	-3.14019005E-10	-3.14019005E-10	-1.44042969E-1	0.00000000E+0	0.00000000E+0
-1.41601562E-1	-3.04405001E-10	-3.04405001E-10	-1.41601562E-1	0.00000000E+0	0.00000000E+0
-1.39160156E-1	-3.08388010E-10	-3.08388010E-10	-1.39160156E-1	0.00000000E+0	0.00000000E+0
-1.36718750E-1	-2.96093011E-10	-2.96093011E-10	-1.36718750E-1	0.00000000E+0	0.00000000E+0
-1.34277344E-1	-3.02873004E-10	-3.02873004E-10	-1.34277344E-1	0.00000000E+0	0.00000000E+0
-1.31835937E-1	-2.91534991E-10	-2.91534991E-10	-1.31835937E-1	0.00000000E+0	0.00000000E+0
-1.29394531E-1	-2.95327013E-10	-2.95327013E-10	-1.29394531E-1	0.00000000E+0	0.00000000E+0
-1.26953125E-1	-2.85596991E-10	-2.85596991E-10	-1.26953125E-1	0.00000000E+0	0.00000000E+0
-1.24511719E-1	-2.89171992E-10	-2.89171992E-10	-1.24511719E-1	0.00000000E+0	0.00000000E+0
-1.22070312E-1	-2.80310997E-10	-2.80310997E-10	-1.22070312E-1	0.00000000E+0	0.00000000E+0
-1.19628906E-1	-2.82532997E-10	-2.82532997E-10	-1.19628906E-1	0.00000000E+0	0.00000000E+0
-1.17187500E-1	-2.72956990E-10	-2.72956990E-10	-1.17187500E-1	0.00000000E+0	0.00000000E+0
-1.14746094E-1	-2.75101997E-10	-2.75101997E-10	-1.14746094E-1	0.00000000E+0	0.00000000E+0
-1.12304687E-1	-2.65373001E-10	-2.65373001E-10	-1.12304687E-1	0.00000000E+0	0.00000000E+0
-1.09863281E-1	-2.66713013E-10	-2.66713013E-10	-1.09863281E-1	0.00000000E+0	0.00000000E+0
-1.07421875E-1	-2.51429988E-10	-2.51429988E-10	-1.07421875E-1	0.00000000E+0	0.00000000E+0
-1.04980469E-1	-2.46884013E-10	-2.46884013E-10	-1.04980469E-1	0.00000000E+0	0.00000000E+0
-1.02539062E-1	-2.23698005E-10	-2.23698005E-10	-1.02539062E-1	0.00000000E+0	0.00000000E+0
-1.00097656E-1	-2.10712003E-10	-2.10712003E-10	-1.00097656E-1	0.00000000E+0	0.00000000E+0
-9.76562500E-2	-1.86006002E-10	-1.86006002E-10	-9.76562500E-2	0.00000000E+0	0.00000000E+0
-9.52148438E-2	-1.70070999E-10	-1.70070999E-10	-9.52148438E-2	0.00000000E+0	0.00000000E+0
-9.27734375E-2	-1.45863002E-10	-1.45863002E-10	-9.27734375E-2	0.00000000E+0	0.00000000E+0
-9.03320313E-2	-1.34830994E-10	-1.34830994E-10	-9.03320313E-2	0.00000000E+0	0.00000000E+0
-8.78906250E-2	-1.30451996E-10	-1.30451996E-10	-8.78906250E-2	0.00000000E+0	0.00000000E+0
-8.54492188E-2	-1.30591996E-10	-1.30591996E-10	-8.54492188E-2	0.00000000E+0	0.00000000E+0
-8.30078125E-2	-1.30896002E-10	-1.30896002E-10	-8.30078125E-2	0.00000000E+0	0.00000000E+0
-8.05664063E-2	-1.25714994E-10	-1.25714994E-10	-8.05664063E-2	0.00000000E+0	0.00000000E+0
-7.81250000E-2	-1.20689000E-10	-1.20689000E-10	-7.81250000E-2	0.00000000E+0	0.00000000E+0
-7.56835938E-2	-1.15040998E-10	-1.15040998E-10	-7.56835938E-2	0.00000000E+0	0.00000000E+0
-7.32421875E-2	-1.11169997E-10	-1.11169997E-10	-7.32421875E-2	0.00000000E+0	0.00000000E+0
-7.08007813E-2	-1.08631000E-10	-1.08631000E-10	-7.08007813E-2	0.00000000E+0	0.00000000E+0
-6.83593750E-2	-1.05949999E-10	-1.05949999E-10	-6.83593750E-2	0.00000000E+0	0.00000000E+0
-6.59179688E-2	-1.01302002E-10	-1.01302002E-10	-6.59179688E-2	0.00000000E+0	0.00000000E+0
-6.34765625E-2	-9.75102013E-11	-9.75102013E-11	-6.34765625E-2	0.00000000E+0	0.00000000E+0
-6.10351563E-2	-9.49489029E-11	-9.49489029E-11	-6.10351563E-2	0.00000000E+0	0.00000000E+0
-5.85937500E-2	-9.15090989E-11	-9.15090989E-11	-5.85937500E-2	0.00000000E+0	0.00000000E+0
-5.61523438E-2	-8.55720009E-11	-8.55720009E-11	-5.61523438E-2	0.00000000E+0	0.00000000E+0
-5.37109375E-2	-8.35582020E-11	-8.35582020E-11	-5.37109375E-2	0.00000000E+0	0.00000000E+0
-5.12695313E-2	-7.77271997E-11	-7.77271997E-11	-5.12695313E-2	0.00000000E+0	0.00000000E+0
-4.88281250E-2	-7.75024975E-11	-7.75024975E-11	-4.88281250E-2	0.00000000E+0	0.00000000E+0
-4.63867188E-2	-6.92390034E-11	-6.92390034E-11	-4.63867188E-2	0.00000000E+0	0.00000000E+0
-4.39453125E-2	-6.87946020E-11	-6.87946020E-11	-4.39453125E-2	0.00000000E+0	0.00000000E+0
-4.15039063E-2	-6.51173976E-11	-6.51173976E-11	-4.15039063E-2	0.00000000E+0	0.00000000E+0
-3.90625000E-2	-6.72496989E-11	-6.72496989E-11	-3.90625000E-2	0.00000000E+0	0.00000000E+0
-3.66210938E-2	-5.46548987E-11	-5.46548987E-11	-3.66210938E-2	0.00000000E+0	0.00000000E+0
-3.41796875E-2	-5.46985998E-11	-5.46985998E-11	-3.41796875E-2	0.00000000E+0	0.00000000E+0
-3.17382813E-2	-4.87998010E-11	-4.87998010E-11	-3.17382813E-2	0.00000000E+0	0.00000000E+0
-2.92968750E-2	-4.90186017E-11	-4.90186017E-11	-2.92968750E-2	0.00000000E+0	0.00000000E+0
-2.68554688E-2	-4.20582007E-11	-4.20582007E-11	-2.68554688E-2	0.00000000E+0	0.00000000E+0
-2.44140625E-2	-4.35138002E-11	-4.35138002E-11	-2.44140625E-2	0.00000000E+0	0.00000000E+0
-2.19726563E-2	-3.54260996E-11	-3.54260996E-11	-2.19726563E-2	0.00000000E+0	0.00000000E+0
-1.95312500E-2	-3.72510009E-11	-3.72510009E-11	-1.95312500E-2	0.00000000E+0	0.00000000E+0
-1.70898438E-2	-2.66597994E-11	-2.66597994E-11	-1.70898438E-2	0.00000000E+0	0.00000000E+0
-1.46484375E-2	-2.87282993E-11	-2.87282993E-11	-1.46484375E-2	0.00000000E+0	0.00000000E+0
-1.22070313E-2	-2.13482999E-11	-2.13482999E-11	-1.22070313E-2	0.00000000E+0	0.00000000E+0
-9.76562500E-3	-2.40550999E-11	-2.40550999E-11	-9.76562500E-3	0.00000000E+0	0.00000000E+0
-7.32421875E-3	-1.48620994E-11	-1.48620994E-11	-7.32421875E-3	0.00000000E+0	0.00000000E+0
-4.88281250E-3	-1.95735008E-11	-1.95735008E-11	-4.88281250E-3	0.00000000E+0	0.00000000E+0
-2.44140625E-3	-1.41266998E-11	-1.41266998E-11	-2.44140625E-3	0.00000000E+0	0.00000000E+0
0.00000000E+0	-2.19977005E-11	-2.19977005E-11	0.00000000E+0	0.00000000E+0	0.00000000E+0
