Date: do 28 mrt 2013, Material: Au, Temp: 4.2 K
AO1 - module gain: 1.0E+0, R_out: 0.0
AO2 - module gain: 1.0E+2
MUX1 - ADC gain: 4, logarithmic amplifier: D:\LabVIEW Data\Lithographic MCBJ\MED24_070412.TXT, R_in: 0.000
MUX2 - ADC gain: 4, linear amplifier: 1.000000 x 1e10 V/A, R_in: 1.000
Breaking trace: 15 0
Axis position: -885.814024
Vbias (V)	<I> and Ii MUX1 (A)	Vbias (V)	<I> and Ii MUX2 (A)
@
0.00000000E+0	1.15448998E-10	1.15448998E-10	0.00000000E+0	0.00000000E+0	0.00000000E+0
2.44140625E-3	8.16903975E-11	8.16903975E-11	2.44140625E-3	0.00000000E+0	0.00000000E+0
4.88281250E-3	1.98455002E-10	1.98455002E-10	4.88281250E-3	0.00000000E+0	0.00000000E+0
7.32421875E-3	3.41393996E-10	3.41393996E-10	7.32421875E-3	0.00000000E+0	0.00000000E+0
9.76562500E-3	5.46067025E-10	5.46067025E-10	9.76562500E-3	0.00000000E+0	0.00000000E+0
1.22070313E-2	7.34064975E-10	7.34064975E-10	1.22070313E-2	0.00000000E+0	0.00000000E+0
1.46484375E-2	9.88151005E-10	9.88151005E-10	1.46484375E-2	0.00000000E+0	0.00000000E+0
1.70898438E-2	1.21777000E-9	1.21777000E-9	1.70898438E-2	0.00000000E+0	0.00000000E+0
1.95312500E-2	1.49136004E-9	1.49136004E-9	1.95312500E-2	0.00000000E+0	0.00000000E+0
2.19726563E-2	1.51167001E-9	1.51167001E-9	2.19726563E-2	0.00000000E+0	0.00000000E+0
2.44140625E-2	1.72046999E-9	1.72046999E-9	2.44140625E-2	0.00000000E+0	0.00000000E+0
2.68554688E-2	1.90952010E-9	1.90952010E-9	2.68554688E-2	0.00000000E+0	0.00000000E+0
2.92968750E-2	2.08187001E-9	2.08187001E-9	2.92968750E-2	0.00000000E+0	0.00000000E+0
3.17382813E-2	2.24283991E-9	2.24283991E-9	3.17382813E-2	0.00000000E+0	0.00000000E+0
3.41796875E-2	2.41366993E-9	2.41366993E-9	3.41796875E-2	0.00000000E+0	0.00000000E+0
3.66210938E-2	2.57691002E-9	2.57691002E-9	3.66210938E-2	0.00000000E+0	0.00000000E+0
3.90625000E-2	2.71622991E-9	2.71622991E-9	3.90625000E-2	0.00000000E+0	0.00000000E+0
4.15039063E-2	2.84643997E-9	2.84643997E-9	4.15039063E-2	0.00000000E+0	0.00000000E+0
4.39453125E-2	2.99943004E-9	2.99943004E-9	4.39453125E-2	0.00000000E+0	0.00000000E+0
4.63867188E-2	3.11369996E-9	3.11369996E-9	4.63867188E-2	0.00000000E+0	0.00000000E+0
4.88281250E-2	3.27884009E-9	3.27884009E-9	4.88281250E-2	0.00000000E+0	0.00000000E+0
5.12695313E-2	3.39955997E-9	3.39955997E-9	5.12695313E-2	0.00000000E+0	0.00000000E+0
5.37109375E-2	4.18576995E-9	4.18576995E-9	5.37109375E-2	0.00000000E+0	0.00000000E+0
5.61523438E-2	4.26852020E-9	4.26852020E-9	5.61523438E-2	0.00000000E+0	0.00000000E+0
5.85937500E-2	4.32015002E-9	4.32015002E-9	5.85937500E-2	0.00000000E+0	0.00000000E+0
6.10351563E-2	4.32698988E-9	4.32698988E-9	6.10351563E-2	0.00000000E+0	0.00000000E+0
6.34765625E-2	4.32698988E-9	4.32698988E-9	6.34765625E-2	0.00000000E+0	0.00000000E+0
6.59179688E-2	4.27155999E-9	4.27155999E-9	6.59179688E-2	0.00000000E+0	0.00000000E+0
6.83593750E-2	4.24347002E-9	4.24347002E-9	6.83593750E-2	0.00000000E+0	0.00000000E+0
7.08007813E-2	4.17665014E-9	4.17665014E-9	7.08007813E-2	0.00000000E+0	0.00000000E+0
7.32421875E-2	4.15843004E-9	4.15843004E-9	7.32421875E-2	0.00000000E+0	0.00000000E+0
7.56835938E-2	4.05005007E-9	4.05005007E-9	7.56835938E-2	0.00000000E+0	0.00000000E+0
7.81250000E-2	4.01872979E-9	4.01872979E-9	7.81250000E-2	0.00000000E+0	0.00000000E+0
8.05664063E-2	3.95078015E-9	3.95078015E-9	8.05664063E-2	0.00000000E+0	0.00000000E+0
8.30078125E-2	3.92155020E-9	3.92155020E-9	8.30078125E-2	0.00000000E+0	0.00000000E+0
8.54492188E-2	3.85644006E-9	3.85644006E-9	8.54492188E-2	0.00000000E+0	0.00000000E+0
8.78906250E-2	3.81752985E-9	3.81752985E-9	8.78906250E-2	0.00000000E+0	0.00000000E+0
9.03320313E-2	3.77956999E-9	3.77956999E-9	9.03320313E-2	0.00000000E+0	0.00000000E+0
9.27734375E-2	3.74464015E-9	3.74464015E-9	9.27734375E-2	0.00000000E+0	0.00000000E+0
9.52148438E-2	3.69983999E-9	3.69983999E-9	9.52148438E-2	0.00000000E+0	0.00000000E+0
9.76562500E-2	3.66340003E-9	3.66340003E-9	9.76562500E-2	0.00000000E+0	0.00000000E+0
1.00097656E-1	3.62088004E-9	3.62088004E-9	1.00097656E-1	0.00000000E+0	0.00000000E+0
1.02539062E-1	3.60682995E-9	3.60682995E-9	1.02539062E-1	0.00000000E+0	0.00000000E+0
1.04980469E-1	3.56848995E-9	3.56848995E-9	1.04980469E-1	0.00000000E+0	0.00000000E+0
1.07421875E-1	3.50850993E-9	3.50850993E-9	1.07421875E-1	0.00000000E+0	0.00000000E+0
1.09863281E-1	3.49370999E-9	3.49370999E-9	1.09863281E-1	0.00000000E+0	0.00000000E+0
1.12304687E-1	3.45309004E-9	3.45309004E-9	1.12304687E-1	0.00000000E+0	0.00000000E+0
1.14746094E-1	3.48269991E-9	3.48269991E-9	1.14746094E-1	0.00000000E+0	0.00000000E+0
1.17187500E-1	3.44397999E-9	3.44397999E-9	1.17187500E-1	0.00000000E+0	0.00000000E+0
1.19628906E-1	3.43182993E-9	3.43182993E-9	1.19628906E-1	0.00000000E+0	0.00000000E+0
1.22070312E-1	3.39537998E-9	3.39537998E-9	1.22070312E-1	0.00000000E+0	0.00000000E+0
1.24511719E-1	3.41968009E-9	3.41968009E-9	1.24511719E-1	0.00000000E+0	0.00000000E+0
1.26953125E-1	3.39007000E-9	3.39007000E-9	1.26953125E-1	0.00000000E+0	0.00000000E+0
1.29394531E-1	3.38322992E-9	3.38322992E-9	1.29394531E-1	0.00000000E+0	0.00000000E+0
1.31835937E-1	3.37109007E-9	3.37109007E-9	1.31835937E-1	0.00000000E+0	0.00000000E+0
1.34277344E-1	3.40146000E-9	3.40146000E-9	1.34277344E-1	0.00000000E+0	0.00000000E+0
1.36718750E-1	3.39537998E-9	3.39537998E-9	1.36718750E-1	0.00000000E+0	0.00000000E+0
1.39160156E-1	3.42574991E-9	3.42574991E-9	1.39160156E-1	0.00000000E+0	0.00000000E+0
1.41601562E-1	3.40904993E-9	3.40904993E-9	1.41601562E-1	0.00000000E+0	0.00000000E+0
1.44042969E-1	3.45309004E-9	3.45309004E-9	1.44042969E-1	0.00000000E+0	0.00000000E+0
1.46484375E-1	3.43485995E-9	3.43485995E-9	1.46484375E-1	0.00000000E+0	0.00000000E+0
1.48925781E-1	3.49180995E-9	3.49180995E-9	1.48925781E-1	0.00000000E+0	0.00000000E+0
1.51367187E-1	3.48801010E-9	3.48801010E-9	1.51367187E-1	0.00000000E+0	0.00000000E+0
1.53808594E-1	3.53888008E-9	3.53888008E-9	1.53808594E-1	0.00000000E+0	0.00000000E+0
1.56250000E-1	3.54798990E-9	3.54798990E-9	1.56250000E-1	0.00000000E+0	0.00000000E+0
1.58691406E-1	3.61404995E-9	3.61404995E-9	1.58691406E-1	0.00000000E+0	0.00000000E+0
1.61132812E-1	3.62696007E-9	3.62696007E-9	1.61132812E-1	0.00000000E+0	0.00000000E+0
1.63574219E-1	3.67858011E-9	3.67858011E-9	1.63574219E-1	0.00000000E+0	0.00000000E+0
1.66015625E-1	3.70743991E-9	3.70743991E-9	1.66015625E-1	0.00000000E+0	0.00000000E+0
1.68457031E-1	3.78184017E-9	3.78184017E-9	1.68457031E-1	0.00000000E+0	0.00000000E+0
1.70898437E-1	3.80918008E-9	3.80918008E-9	1.70898437E-1	0.00000000E+0	0.00000000E+0
1.73339844E-1	3.88509980E-9	3.88509980E-9	1.73339844E-1	0.00000000E+0	0.00000000E+0
1.75781250E-1	3.91547017E-9	3.91547017E-9	1.75781250E-1	0.00000000E+0	0.00000000E+0
1.78222656E-1	3.98684019E-9	3.98684019E-9	1.78222656E-1	0.00000000E+0	0.00000000E+0
1.80664062E-1	4.01569000E-9	4.01569000E-9	1.80664062E-1	0.00000000E+0	0.00000000E+0
1.83105469E-1	4.08327017E-9	4.08327017E-9	1.83105469E-1	0.00000000E+0	0.00000000E+0
1.85546875E-1	4.12503010E-9	4.12503010E-9	1.85546875E-1	0.00000000E+0	0.00000000E+0
1.87988281E-1	4.20094981E-9	4.20094981E-9	1.87988281E-1	0.00000000E+0	0.00000000E+0
1.90429687E-1	4.24119007E-9	4.24119007E-9	1.90429687E-1	0.00000000E+0	0.00000000E+0
1.92871094E-1	4.31711999E-9	4.31711999E-9	1.92871094E-1	0.00000000E+0	0.00000000E+0
1.95312500E-1	4.35659997E-9	4.35659997E-9	1.95312500E-1	0.00000000E+0	0.00000000E+0
1.97753906E-1	4.42949011E-9	4.42949011E-9	1.97753906E-1	0.00000000E+0	0.00000000E+0
2.00195312E-1	4.47694015E-9	4.47694015E-9	2.00195312E-1	0.00000000E+0	0.00000000E+0
2.02636719E-1	4.55096982E-9	4.55096982E-9	2.02636719E-1	0.00000000E+0	0.00000000E+0
2.05078125E-1	4.60032012E-9	4.60032012E-9	2.05078125E-1	0.00000000E+0	0.00000000E+0
2.07519531E-1	4.67092987E-9	4.67092987E-9	2.07519531E-1	0.00000000E+0	0.00000000E+0
2.09960937E-1	4.71040984E-9	4.71040984E-9	2.09960937E-1	0.00000000E+0	0.00000000E+0
2.12402344E-1	4.77721995E-9	4.77721995E-9	2.12402344E-1	0.00000000E+0	0.00000000E+0
2.14843750E-1	4.82202012E-9	4.82202012E-9	2.14843750E-1	0.00000000E+0	0.00000000E+0
2.17285156E-1	4.87441021E-9	4.87441021E-9	2.17285156E-1	0.00000000E+0	0.00000000E+0
2.19726562E-1	4.91465002E-9	4.91465002E-9	2.19726562E-1	0.00000000E+0	0.00000000E+0
2.22167969E-1	4.99285013E-9	4.99285013E-9	2.22167969E-1	0.00000000E+0	0.00000000E+0
2.24609375E-1	5.00499997E-9	5.00499997E-9	2.24609375E-1	0.00000000E+0	0.00000000E+0
2.27050781E-1	4.78405981E-9	4.78405981E-9	2.27050781E-1	0.00000000E+0	0.00000000E+0
2.29492187E-1	4.83113016E-9	4.83113016E-9	2.29492187E-1	0.00000000E+0	0.00000000E+0
2.31933594E-1	4.89567009E-9	4.89567009E-9	2.31933594E-1	0.00000000E+0	0.00000000E+0
2.34375000E-1	4.93743002E-9	4.93743002E-9	2.34375000E-1	0.00000000E+0	0.00000000E+0
2.36816406E-1	4.99285013E-9	4.99285013E-9	2.36816406E-1	0.00000000E+0	0.00000000E+0
2.39257812E-1	5.02094988E-9	5.02094988E-9	2.39257812E-1	0.00000000E+0	0.00000000E+0
2.41699219E-1	5.09914999E-9	5.09914999E-9	2.41699219E-1	0.00000000E+0	0.00000000E+0
2.44140625E-1	5.14393994E-9	5.14393994E-9	2.44140625E-1	0.00000000E+0	0.00000000E+0
2.46582031E-1	5.20544008E-9	5.20544008E-9	2.46582031E-1	0.00000000E+0	0.00000000E+0
2.49023437E-1	5.27225996E-9	5.27225996E-9	2.49023437E-1	0.00000000E+0	0.00000000E+0
2.51464844E-1	5.31781019E-9	5.31781019E-9	2.51464844E-1	0.00000000E+0	0.00000000E+0
2.53906250E-1	5.35501998E-9	5.35501998E-9	2.53906250E-1	0.00000000E+0	0.00000000E+0
2.56347656E-1	5.44764989E-9	5.44764989E-9	2.56347656E-1	0.00000000E+0	0.00000000E+0
2.58789062E-1	5.50459012E-9	5.50459012E-9	2.58789062E-1	0.00000000E+0	0.00000000E+0
2.61230469E-1	5.54027002E-9	5.54027002E-9	2.61230469E-1	0.00000000E+0	0.00000000E+0
2.63671875E-1	5.60594993E-9	5.60594993E-9	2.63671875E-1	0.00000000E+0	0.00000000E+0
2.66113281E-1	5.66668978E-9	5.66668978E-9	2.66113281E-1	0.00000000E+0	0.00000000E+0
2.68554687E-1	5.72324987E-9	5.72324987E-9	2.68554687E-1	0.00000000E+0	0.00000000E+0
2.70996094E-1	5.77563997E-9	5.77563997E-9	2.70996094E-1	0.00000000E+0	0.00000000E+0
2.73437500E-1	5.81208992E-9	5.81208992E-9	2.73437500E-1	0.00000000E+0	0.00000000E+0
2.75878906E-1	5.87585980E-9	5.87585980E-9	2.75878906E-1	0.00000000E+0	0.00000000E+0
2.78320312E-1	5.92901017E-9	5.92901017E-9	2.78320312E-1	0.00000000E+0	0.00000000E+0
2.80761719E-1	6.00038019E-9	6.00038019E-9	2.80761719E-1	0.00000000E+0	0.00000000E+0
2.83203125E-1	6.07403017E-9	6.07403017E-9	2.83203125E-1	0.00000000E+0	0.00000000E+0
2.85644531E-1	6.11237017E-9	6.11237017E-9	2.85644531E-1	0.00000000E+0	0.00000000E+0
2.88085937E-1	6.17197005E-9	6.17197005E-9	2.88085937E-1	0.00000000E+0	0.00000000E+0
2.90527344E-1	6.22322016E-9	6.22322016E-9	2.90527344E-1	0.00000000E+0	0.00000000E+0
2.92968750E-1	6.29042018E-9	6.29042018E-9	2.92968750E-1	0.00000000E+0	0.00000000E+0
2.95410156E-1	6.34963992E-9	6.34963992E-9	2.95410156E-1	0.00000000E+0	0.00000000E+0
2.97851562E-1	6.41683018E-9	6.41683018E-9	2.97851562E-1	0.00000000E+0	0.00000000E+0
3.00292969E-1	6.47149978E-9	6.47149978E-9	3.00292969E-1	0.00000000E+0	0.00000000E+0
3.02734375E-1	6.54552990E-9	6.54552990E-9	3.02734375E-1	0.00000000E+0	0.00000000E+0
3.05175781E-1	6.60664989E-9	6.60664989E-9	3.05175781E-1	0.00000000E+0	0.00000000E+0
3.07617187E-1	6.67232003E-9	6.67232003E-9	3.07617187E-1	0.00000000E+0	0.00000000E+0
3.10058594E-1	6.71027989E-9	6.71027989E-9	3.10058594E-1	0.00000000E+0	0.00000000E+0
3.12500000E-1	6.77102019E-9	6.77102019E-9	3.12500000E-1	0.00000000E+0	0.00000000E+0
3.14941406E-1	6.82037982E-9	6.82037982E-9	3.14941406E-1	0.00000000E+0	0.00000000E+0
3.17382812E-1	6.88832991E-9	6.88832991E-9	3.17382812E-1	0.00000000E+0	0.00000000E+0
3.19824219E-1	6.94185998E-9	6.94185998E-9	3.19824219E-1	0.00000000E+0	0.00000000E+0
3.22265625E-1	7.00184000E-9	7.00184000E-9	3.22265625E-1	0.00000000E+0	0.00000000E+0
3.24707031E-1	7.04612990E-9	7.04612990E-9	3.24707031E-1	0.00000000E+0	0.00000000E+0
3.27148437E-1	7.11193016E-9	7.11193016E-9	3.27148437E-1	0.00000000E+0	0.00000000E+0
3.29589844E-1	7.15330994E-9	7.15330994E-9	3.29589844E-1	0.00000000E+0	0.00000000E+0
3.32031250E-1	7.19923987E-9	7.19923987E-9	3.32031250E-1	0.00000000E+0	0.00000000E+0
3.34472656E-1	7.25960003E-9	7.25960003E-9	3.34472656E-1	0.00000000E+0	0.00000000E+0
3.36914062E-1	7.31160998E-9	7.31160998E-9	3.36914062E-1	0.00000000E+0	0.00000000E+0
3.39355469E-1	7.35413019E-9	7.35413019E-9	3.39355469E-1	0.00000000E+0	0.00000000E+0
3.41796875E-1	7.41525019E-9	7.41525019E-9	3.41796875E-1	0.00000000E+0	0.00000000E+0
3.44238281E-1	7.48547979E-9	7.48547979E-9	3.44238281E-1	0.00000000E+0	0.00000000E+0
3.46679687E-1	7.53028040E-9	7.53028040E-9	3.46679687E-1	0.00000000E+0	0.00000000E+0
3.49121094E-1	7.57431984E-9	7.57431984E-9	3.49121094E-1	0.00000000E+0	0.00000000E+0
3.51562500E-1	7.62936025E-9	7.62936025E-9	3.51562500E-1	0.00000000E+0	0.00000000E+0
3.54003906E-1	7.68060993E-9	7.68060993E-9	3.54003906E-1	0.00000000E+0	0.00000000E+0
3.56445312E-1	7.72616993E-9	7.72616993E-9	3.56445312E-1	0.00000000E+0	0.00000000E+0
3.58886719E-1	7.79905029E-9	7.79905029E-9	3.58886719E-1	0.00000000E+0	0.00000000E+0
3.61328125E-1	7.82030973E-9	7.82030973E-9	3.61328125E-1	0.00000000E+0	0.00000000E+0
3.63769531E-1	7.88636978E-9	7.88636978E-9	3.63769531E-1	0.00000000E+0	0.00000000E+0
3.66210937E-1	7.95165978E-9	7.95165978E-9	3.66210937E-1	0.00000000E+0	0.00000000E+0
3.68652344E-1	7.98354982E-9	7.98354982E-9	3.68652344E-1	0.00000000E+0	0.00000000E+0
3.71093750E-1	8.03517963E-9	8.03517963E-9	3.71093750E-1	0.00000000E+0	0.00000000E+0
3.73535156E-1	8.10389000E-9	8.10389000E-9	3.73535156E-1	0.00000000E+0	0.00000000E+0
3.75976562E-1	8.14376033E-9	8.14376033E-9	3.75976562E-1	0.00000000E+0	0.00000000E+0
3.78417969E-1	8.19107981E-9	8.19107981E-9	3.78417969E-1	0.00000000E+0	0.00000000E+0
3.80859375E-1	8.25042967E-9	8.25042967E-9	3.80859375E-1	0.00000000E+0	0.00000000E+0
3.83300781E-1	8.28687963E-9	8.28687963E-9	3.83300781E-1	0.00000000E+0	0.00000000E+0
3.85742187E-1	8.33242986E-9	8.33242986E-9	3.85742187E-1	0.00000000E+0	0.00000000E+0
3.88183594E-1	8.39316971E-9	8.39316971E-9	3.88183594E-1	0.00000000E+0	0.00000000E+0
3.90625000E-1	8.43910986E-9	8.43910986E-9	3.90625000E-1	0.00000000E+0	0.00000000E+0
3.93066406E-1	8.51237036E-9	8.51237036E-9	3.93066406E-1	0.00000000E+0	0.00000000E+0
3.95507812E-1	8.53705018E-9	8.53705018E-9	3.95507812E-1	0.00000000E+0	0.00000000E+0
3.97949219E-1	8.59779004E-9	8.59779004E-9	3.97949219E-1	0.00000000E+0	0.00000000E+0
4.00390625E-1	8.63764971E-9	8.63764971E-9	4.00390625E-1	0.00000000E+0	0.00000000E+0
4.02832031E-1	8.65320970E-9	8.65320970E-9	4.02832031E-1	0.00000000E+0	0.00000000E+0
4.05273437E-1	8.73672956E-9	8.73672956E-9	4.05273437E-1	0.00000000E+0	0.00000000E+0
4.07714844E-1	8.79937012E-9	8.79937012E-9	4.07714844E-1	0.00000000E+0	0.00000000E+0
4.10156250E-1	8.85366003E-9	8.85366003E-9	4.10156250E-1	0.00000000E+0	0.00000000E+0
4.12597656E-1	8.89238017E-9	8.89238017E-9	4.12597656E-1	0.00000000E+0	0.00000000E+0
4.15039062E-1	8.94932040E-9	8.94932040E-9	4.15039062E-1	0.00000000E+0	0.00000000E+0
4.17480469E-1	9.00664965E-9	9.00664965E-9	4.17480469E-1	0.00000000E+0	0.00000000E+0
4.19921875E-1	9.05219988E-9	9.05219988E-9	4.19921875E-1	0.00000000E+0	0.00000000E+0
4.22363281E-1	9.11763021E-9	9.11763021E-9	4.22363281E-1	0.00000000E+0	0.00000000E+0
4.24804687E-1	9.16532983E-9	9.16532983E-9	4.24804687E-1	0.00000000E+0	0.00000000E+0
4.27246094E-1	9.20443011E-9	9.20443011E-9	4.27246094E-1	0.00000000E+0	0.00000000E+0
4.29687500E-1	9.26251964E-9	9.26251964E-9	4.29687500E-1	0.00000000E+0	0.00000000E+0
4.32128906E-1	9.33604039E-9	9.33604039E-9	4.32128906E-1	0.00000000E+0	0.00000000E+0
4.34570312E-1	9.39690015E-9	9.39690015E-9	4.34570312E-1	0.00000000E+0	0.00000000E+0
4.37011719E-1	9.45802014E-9	9.45802014E-9	4.37011719E-1	0.00000000E+0	0.00000000E+0
4.39453125E-1	9.51725010E-9	9.51725010E-9	4.39453125E-1	0.00000000E+0	0.00000000E+0
4.41894531E-1	9.60114033E-9	9.60114033E-9	4.41894531E-1	0.00000000E+0	0.00000000E+0
4.44335937E-1	9.64973967E-9	9.64973967E-9	4.44335937E-1	0.00000000E+0	0.00000000E+0
4.46777344E-1	9.72073000E-9	9.72073000E-9	4.46777344E-1	0.00000000E+0	0.00000000E+0
4.49218750E-1	9.76451009E-9	9.76451009E-9	4.49218750E-1	0.00000000E+0	0.00000000E+0
4.51660156E-1	9.84145032E-9	9.84145032E-9	4.51660156E-1	0.00000000E+0	0.00000000E+0
4.54101562E-1	9.89814009E-9	9.89814009E-9	4.54101562E-1	0.00000000E+0	0.00000000E+0
4.56542969E-1	9.97062966E-9	9.97062966E-9	4.56542969E-1	0.00000000E+0	0.00000000E+0
4.58984375E-1	1.00386002E-8	1.00386002E-8	4.58984375E-1	0.00000000E+0	0.00000000E+0
4.61425781E-1	1.00552002E-8	1.00552002E-8	4.61425781E-1	0.00000000E+0	0.00000000E+0
4.63867187E-1	1.01213997E-8	1.01213997E-8	4.63867187E-1	0.00000000E+0	0.00000000E+0
4.66308594E-1	1.01550004E-8	1.01550004E-8	4.66308594E-1	0.00000000E+0	0.00000000E+0
4.68750000E-1	1.02803996E-8	1.02803996E-8	4.68750000E-1	0.00000000E+0	0.00000000E+0
4.71191406E-1	1.03352997E-8	1.03352997E-8	4.71191406E-1	0.00000000E+0	0.00000000E+0
4.73632812E-1	1.03998996E-8	1.03998996E-8	4.73632812E-1	0.00000000E+0	0.00000000E+0
4.76074219E-1	1.04374998E-8	1.04374998E-8	4.76074219E-1	0.00000000E+0	0.00000000E+0
4.78515625E-1	1.05211004E-8	1.05211004E-8	4.78515625E-1	0.00000000E+0	0.00000000E+0
4.80957031E-1	1.05676996E-8	1.05676996E-8	4.80957031E-1	0.00000000E+0	0.00000000E+0
4.83398437E-1	1.06391997E-8	1.06391997E-8	4.83398437E-1	0.00000000E+0	0.00000000E+0
4.85839844E-1	1.07011999E-8	1.07011999E-8	4.85839844E-1	0.00000000E+0	0.00000000E+0
4.88281250E-1	1.07552998E-8	1.07552998E-8	4.88281250E-1	0.00000000E+0	0.00000000E+0
4.90722656E-1	1.07889999E-8	1.07889999E-8	4.90722656E-1	0.00000000E+0	0.00000000E+0
4.93164062E-1	1.08745004E-8	1.08745004E-8	4.93164062E-1	0.00000000E+0	0.00000000E+0
4.90722656E-1	1.08745004E-8	1.08745004E-8	4.90722656E-1	0.00000000E+0	0.00000000E+0
4.88281250E-1	1.08456000E-8	1.08456000E-8	4.88281250E-1	0.00000000E+0	0.00000000E+0
4.85839844E-1	1.07562999E-8	1.07562999E-8	4.85839844E-1	0.00000000E+0	0.00000000E+0
4.83398437E-1	1.07252998E-8	1.07252998E-8	4.83398437E-1	0.00000000E+0	0.00000000E+0
4.80957031E-1	1.06391997E-8	1.06391997E-8	4.80957031E-1	0.00000000E+0	0.00000000E+0
4.78515625E-1	1.05886002E-8	1.05886002E-8	4.78515625E-1	0.00000000E+0	0.00000000E+0
4.76074219E-1	1.05281996E-8	1.05281996E-8	4.76074219E-1	0.00000000E+0	0.00000000E+0
4.73632812E-1	1.04537001E-8	1.04537001E-8	4.73632812E-1	0.00000000E+0	0.00000000E+0
4.71191406E-1	1.03949001E-8	1.03949001E-8	4.71191406E-1	0.00000000E+0	0.00000000E+0
4.68750000E-1	1.02993001E-8	1.02993001E-8	4.68750000E-1	0.00000000E+0	0.00000000E+0
4.66308594E-1	1.02803996E-8	1.02803996E-8	4.66308594E-1	0.00000000E+0	0.00000000E+0
4.63867187E-1	1.02154996E-8	1.02154996E-8	4.63867187E-1	0.00000000E+0	0.00000000E+0
4.61425781E-1	1.01454001E-8	1.01454001E-8	4.61425781E-1	0.00000000E+0	0.00000000E+0
4.58984375E-1	1.00764002E-8	1.00764002E-8	4.58984375E-1	0.00000000E+0	0.00000000E+0
4.56542969E-1	1.00386002E-8	1.00386002E-8	4.56542969E-1	0.00000000E+0	0.00000000E+0
4.54101562E-1	9.96369032E-9	9.96369032E-9	4.54101562E-1	0.00000000E+0	0.00000000E+0
4.51660156E-1	9.89814009E-9	9.89814009E-9	4.51660156E-1	0.00000000E+0	0.00000000E+0
4.49218750E-1	9.82829018E-9	9.82829018E-9	4.49218750E-1	0.00000000E+0	0.00000000E+0
4.46777344E-1	9.76451009E-9	9.76451009E-9	4.46777344E-1	0.00000000E+0	0.00000000E+0
4.44335937E-1	9.72073000E-9	9.72073000E-9	4.44335937E-1	0.00000000E+0	0.00000000E+0
4.41894531E-1	9.64973967E-9	9.64973967E-9	4.41894531E-1	0.00000000E+0	0.00000000E+0
4.39453125E-1	9.60114033E-9	9.60114033E-9	4.39453125E-1	0.00000000E+0	0.00000000E+0
4.37011719E-1	9.50964996E-9	9.50964996E-9	4.37011719E-1	0.00000000E+0	0.00000000E+0
4.34570312E-1	9.46979029E-9	9.46979029E-9	4.34570312E-1	0.00000000E+0	0.00000000E+0
4.32128906E-1	9.40905043E-9	9.40905043E-9	4.32128906E-1	0.00000000E+0	0.00000000E+0
4.29687500E-1	9.35477029E-9	9.35477029E-9	4.29687500E-1	0.00000000E+0	0.00000000E+0
4.27246094E-1	9.26251964E-9	9.26251964E-9	4.27246094E-1	0.00000000E+0	0.00000000E+0
4.24804687E-1	9.22303034E-9	9.22303034E-9	4.24804687E-1	0.00000000E+0	0.00000000E+0
4.22363281E-1	9.16532983E-9	9.16532983E-9	4.22363281E-1	0.00000000E+0	0.00000000E+0
4.19921875E-1	9.10382969E-9	9.10382969E-9	4.19921875E-1	0.00000000E+0	0.00000000E+0
4.17480469E-1	9.03702002E-9	9.03702002E-9	4.17480469E-1	0.00000000E+0	0.00000000E+0
4.15039062E-1	8.97438035E-9	8.97438035E-9	4.15039062E-1	0.00000000E+0	0.00000000E+0
4.12597656E-1	8.89844998E-9	8.89844998E-9	4.12597656E-1	0.00000000E+0	0.00000000E+0
4.10156250E-1	8.86428975E-9	8.86428975E-9	4.10156250E-1	0.00000000E+0	0.00000000E+0
4.07714844E-1	8.80469031E-9	8.80469031E-9	4.07714844E-1	0.00000000E+0	0.00000000E+0
4.05273437E-1	8.73672956E-9	8.73672956E-9	4.05273437E-1	0.00000000E+0	0.00000000E+0
4.02832031E-1	8.68547989E-9	8.68547989E-9	4.02832031E-1	0.00000000E+0	0.00000000E+0
4.00390625E-1	8.64675975E-9	8.64675975E-9	4.00390625E-1	0.00000000E+0	0.00000000E+0
3.97949219E-1	8.58563975E-9	8.58563975E-9	3.97949219E-1	0.00000000E+0	0.00000000E+0
3.95507812E-1	8.53134985E-9	8.53134985E-9	3.95507812E-1	0.00000000E+0	0.00000000E+0
3.93066406E-1	8.48199999E-9	8.48199999E-9	3.93066406E-1	0.00000000E+0	0.00000000E+0
3.90625000E-1	8.43910986E-9	8.43910986E-9	3.90625000E-1	0.00000000E+0	0.00000000E+0
3.88183594E-1	8.35559000E-9	8.35559000E-9	3.88183594E-1	0.00000000E+0	0.00000000E+0
3.85742187E-1	8.29902014E-9	8.29902014E-9	3.85742187E-1	0.00000000E+0	0.00000000E+0
3.83300781E-1	8.23828028E-9	8.23828028E-9	3.83300781E-1	0.00000000E+0	0.00000000E+0
3.80859375E-1	8.16755019E-9	8.16755019E-9	3.80859375E-1	0.00000000E+0	0.00000000E+0
3.78417969E-1	8.11516010E-9	8.11516010E-9	3.78417969E-1	0.00000000E+0	0.00000000E+0
3.75976562E-1	8.07351963E-9	8.07351963E-9	3.75976562E-1	0.00000000E+0	0.00000000E+0
3.73535156E-1	8.00026001E-9	8.00026001E-9	3.73535156E-1	0.00000000E+0	0.00000000E+0
3.71093750E-1	7.95165978E-9	7.95165978E-9	3.71093750E-1	0.00000000E+0	0.00000000E+0
3.68652344E-1	7.89737964E-9	7.89737964E-9	3.68652344E-1	0.00000000E+0	0.00000000E+0
3.66210937E-1	7.84233034E-9	7.84233034E-9	3.66210937E-1	0.00000000E+0	0.00000000E+0
3.63769531E-1	7.75995002E-9	7.75995002E-9	3.63769531E-1	0.00000000E+0	0.00000000E+0
3.61328125E-1	7.70755992E-9	7.70755992E-9	3.61328125E-1	0.00000000E+0	0.00000000E+0
3.58886719E-1	7.64986030E-9	7.64986030E-9	3.58886719E-1	0.00000000E+0	0.00000000E+0
3.56445312E-1	7.62215002E-9	7.62215002E-9	3.56445312E-1	0.00000000E+0	0.00000000E+0
3.54003906E-1	7.54014984E-9	7.54014984E-9	3.54003906E-1	0.00000000E+0	0.00000000E+0
3.51562500E-1	7.51889040E-9	7.51889040E-9	3.51562500E-1	0.00000000E+0	0.00000000E+0
3.49121094E-1	7.42170991E-9	7.42170991E-9	3.49121094E-1	0.00000000E+0	0.00000000E+0
3.46679687E-1	7.38601980E-9	7.38601980E-9	3.46679687E-1	0.00000000E+0	0.00000000E+0
3.44238281E-1	7.32375982E-9	7.32375982E-9	3.44238281E-1	0.00000000E+0	0.00000000E+0
3.41796875E-1	7.27479010E-9	7.27479010E-9	3.41796875E-1	0.00000000E+0	0.00000000E+0
3.39355469E-1	7.20759985E-9	7.20759985E-9	3.39355469E-1	0.00000000E+0	0.00000000E+0
3.36914062E-1	7.16241999E-9	7.16241999E-9	3.36914062E-1	0.00000000E+0	0.00000000E+0
3.34472656E-1	7.09168013E-9	7.09168013E-9	3.34472656E-1	0.00000000E+0	0.00000000E+0
3.32031250E-1	7.03487002E-9	7.03487002E-9	3.32031250E-1	0.00000000E+0	0.00000000E+0
3.29589844E-1	6.98209979E-9	6.98209979E-9	3.29589844E-1	0.00000000E+0	0.00000000E+0
3.27148437E-1	6.93730007E-9	6.93730007E-9	3.27148437E-1	0.00000000E+0	0.00000000E+0
3.24707031E-1	6.87313984E-9	6.87313984E-9	3.24707031E-1	0.00000000E+0	0.00000000E+0
3.22265625E-1	6.82037982E-9	6.82037982E-9	3.22265625E-1	0.00000000E+0	0.00000000E+0
3.19824219E-1	6.76191014E-9	6.76191014E-9	3.19824219E-1	0.00000000E+0	0.00000000E+0
3.17382812E-1	6.71940015E-9	6.71940015E-9	3.17382812E-1	0.00000000E+0	0.00000000E+0
3.14941406E-1	6.65751987E-9	6.65751987E-9	3.14941406E-1	0.00000000E+0	0.00000000E+0
3.12500000E-1	6.58803989E-9	6.58803989E-9	3.12500000E-1	0.00000000E+0	0.00000000E+0
3.10058594E-1	6.54552990E-9	6.54552990E-9	3.10058594E-1	0.00000000E+0	0.00000000E+0
3.07617187E-1	6.48479004E-9	6.48479004E-9	3.07617187E-1	0.00000000E+0	0.00000000E+0
3.05175781E-1	6.42593978E-9	6.42593978E-9	3.05175781E-1	0.00000000E+0	0.00000000E+0
3.02734375E-1	6.38531983E-9	6.38531983E-9	3.02734375E-1	0.00000000E+0	0.00000000E+0
3.00292969E-1	6.30029007E-9	6.30029007E-9	3.00292969E-1	0.00000000E+0	0.00000000E+0
2.97851562E-1	6.26992014E-9	6.26992014E-9	2.97851562E-1	0.00000000E+0	0.00000000E+0
2.95410156E-1	6.21220986E-9	6.21220986E-9	2.95410156E-1	0.00000000E+0	0.00000000E+0
2.92968750E-1	6.16286000E-9	6.16286000E-9	2.92968750E-1	0.00000000E+0	0.00000000E+0
2.90527344E-1	6.12946005E-9	6.12946005E-9	2.90527344E-1	0.00000000E+0	0.00000000E+0
2.88085937E-1	6.07706996E-9	6.07706996E-9	2.88085937E-1	0.00000000E+0	0.00000000E+0
2.85644531E-1	6.02658012E-9	6.02658012E-9	2.85644531E-1	0.00000000E+0	0.00000000E+0
2.83203125E-1	5.97608985E-9	5.97608985E-9	2.83203125E-1	0.00000000E+0	0.00000000E+0
2.80761719E-1	5.89787996E-9	5.89787996E-9	2.80761719E-1	0.00000000E+0	0.00000000E+0
2.78320312E-1	5.83828008E-9	5.83828008E-9	2.78320312E-1	0.00000000E+0	0.00000000E+0
2.75878906E-1	5.78399995E-9	5.78399995E-9	2.75878906E-1	0.00000000E+0	0.00000000E+0
2.73437500E-1	5.73388004E-9	5.73388004E-9	2.73437500E-1	0.00000000E+0	0.00000000E+0
2.70996094E-1	5.69895997E-9	5.69895997E-9	2.70996094E-1	0.00000000E+0	0.00000000E+0
2.68554687E-1	5.63517988E-9	5.63517988E-9	2.68554687E-1	0.00000000E+0	0.00000000E+0
2.66113281E-1	5.58886981E-9	5.58886981E-9	2.66113281E-1	0.00000000E+0	0.00000000E+0
2.63671875E-1	5.54938984E-9	5.54938984E-9	2.63671875E-1	0.00000000E+0	0.00000000E+0
2.61230469E-1	5.50459012E-9	5.50459012E-9	2.61230469E-1	0.00000000E+0	0.00000000E+0
2.58789062E-1	5.45978995E-9	5.45978995E-9	2.58789062E-1	0.00000000E+0	0.00000000E+0
2.56347656E-1	5.40513012E-9	5.40513012E-9	2.56347656E-1	0.00000000E+0	0.00000000E+0
2.53906250E-1	5.35957012E-9	5.35957012E-9	2.53906250E-1	0.00000000E+0	0.00000000E+0
2.51464844E-1	5.33071987E-9	5.33071987E-9	2.51464844E-1	0.00000000E+0	0.00000000E+0
2.49023437E-1	5.28137001E-9	5.28137001E-9	2.49023437E-1	0.00000000E+0	0.00000000E+0
2.46582031E-1	5.22745980E-9	5.22745980E-9	2.46582031E-1	0.00000000E+0	0.00000000E+0
2.44140625E-1	5.14774001E-9	5.14774001E-9	2.44140625E-1	0.00000000E+0	0.00000000E+0
2.41699219E-1	5.11281018E-9	5.11281018E-9	2.41699219E-1	0.00000000E+0	0.00000000E+0
2.39257812E-1	5.05131981E-9	5.05131981E-9	2.39257812E-1	0.00000000E+0	0.00000000E+0
2.36816406E-1	5.01032016E-9	5.01032016E-9	2.36816406E-1	0.00000000E+0	0.00000000E+0
2.34375000E-1	4.94920016E-9	4.94920016E-9	2.34375000E-1	0.00000000E+0	0.00000000E+0
2.31933594E-1	4.90401986E-9	4.90401986E-9	2.31933594E-1	0.00000000E+0	0.00000000E+0
2.29492187E-1	4.83113016E-9	4.83113016E-9	2.29492187E-1	0.00000000E+0	0.00000000E+0
2.27050781E-1	4.78671991E-9	4.78671991E-9	2.27050781E-1	0.00000000E+0	0.00000000E+0
2.24609375E-1	4.73281014E-9	4.73281014E-9	2.24609375E-1	0.00000000E+0	0.00000000E+0
2.22167969E-1	4.67700012E-9	4.67700012E-9	2.22167969E-1	0.00000000E+0	0.00000000E+0
2.19726562E-1	4.63980010E-9	4.63980010E-9	2.19726562E-1	0.00000000E+0	0.00000000E+0
2.17285156E-1	4.58324001E-9	4.58324001E-9	2.17285156E-1	0.00000000E+0	0.00000000E+0
2.14843750E-1	4.55096982E-9	4.55096982E-9	2.14843750E-1	0.00000000E+0	0.00000000E+0
2.12402344E-1	4.48605020E-9	4.48605020E-9	2.12402344E-1	0.00000000E+0	0.00000000E+0
2.09960937E-1	4.45074999E-9	4.45074999E-9	2.09960937E-1	0.00000000E+0	0.00000000E+0
2.07519531E-1	4.38773018E-9	4.38773018E-9	2.07519531E-1	0.00000000E+0	0.00000000E+0
2.05078125E-1	4.35356018E-9	4.35356018E-9	2.05078125E-1	0.00000000E+0	0.00000000E+0
2.02636719E-1	4.27459979E-9	4.27459979E-9	2.02636719E-1	0.00000000E+0	0.00000000E+0
2.00195312E-1	4.24953983E-9	4.24953983E-9	2.00195312E-1	0.00000000E+0	0.00000000E+0
1.97753906E-1	4.17057988E-9	4.17057988E-9	1.97753906E-1	0.00000000E+0	0.00000000E+0
1.95312500E-1	4.14020995E-9	4.14020995E-9	1.95312500E-1	0.00000000E+0	0.00000000E+0
1.92871094E-1	4.04549017E-9	4.04549017E-9	1.92871094E-1	0.00000000E+0	0.00000000E+0
1.90429687E-1	4.02480005E-9	4.02480005E-9	1.90429687E-1	0.00000000E+0	0.00000000E+0
1.87988281E-1	3.92343980E-9	3.92343980E-9	1.87988281E-1	0.00000000E+0	0.00000000E+0
1.85546875E-1	3.91547017E-9	3.91547017E-9	1.85546875E-1	0.00000000E+0	0.00000000E+0
1.83105469E-1	3.80310006E-9	3.80310006E-9	1.83105469E-1	0.00000000E+0	0.00000000E+0
1.80664062E-1	3.79816978E-9	3.79816978E-9	1.80664062E-1	0.00000000E+0	0.00000000E+0
1.78222656E-1	3.69376996E-9	3.69376996E-9	1.78222656E-1	0.00000000E+0	0.00000000E+0
1.75781250E-1	3.68769992E-9	3.68769992E-9	1.75781250E-1	0.00000000E+0	0.00000000E+0
1.73339844E-1	3.58747010E-9	3.58747010E-9	1.73339844E-1	0.00000000E+0	0.00000000E+0
1.70898437E-1	3.57229002E-9	3.57229002E-9	1.70898437E-1	0.00000000E+0	0.00000000E+0
1.68457031E-1	3.47737994E-9	3.47737994E-9	1.68457031E-1	0.00000000E+0	0.00000000E+0
1.66015625E-1	3.47509999E-9	3.47509999E-9	1.66015625E-1	0.00000000E+0	0.00000000E+0
1.63574219E-1	3.38322992E-9	3.38322992E-9	1.63574219E-1	0.00000000E+0	0.00000000E+0
1.61132812E-1	3.38322992E-9	3.38322992E-9	1.61132812E-1	0.00000000E+0	0.00000000E+0
1.58691406E-1	3.30730998E-9	3.30730998E-9	1.58691406E-1	0.00000000E+0	0.00000000E+0
1.56250000E-1	3.30123995E-9	3.30123995E-9	1.56250000E-1	0.00000000E+0	0.00000000E+0
1.53808594E-1	3.22835003E-9	3.22835003E-9	1.53808594E-1	0.00000000E+0	0.00000000E+0
1.51367187E-1	3.22378990E-9	3.22378990E-9	1.51367187E-1	0.00000000E+0	0.00000000E+0
1.48925781E-1	3.19114002E-9	3.19114002E-9	1.48925781E-1	0.00000000E+0	0.00000000E+0
1.46484375E-1	3.19114002E-9	3.19114002E-9	1.46484375E-1	0.00000000E+0	0.00000000E+0
1.44042969E-1	3.13988990E-9	3.13988990E-9	1.44042969E-1	0.00000000E+0	0.00000000E+0
1.41601562E-1	3.13988990E-9	3.13988990E-9	1.41601562E-1	0.00000000E+0	0.00000000E+0
1.39160156E-1	3.10458992E-9	3.10458992E-9	1.39160156E-1	0.00000000E+0	0.00000000E+0
1.36718750E-1	3.11977000E-9	3.11977000E-9	1.36718750E-1	0.00000000E+0	0.00000000E+0
1.34277344E-1	3.09926995E-9	3.09926995E-9	1.34277344E-1	0.00000000E+0	0.00000000E+0
1.31835937E-1	3.09737991E-9	3.09737991E-9	1.31835937E-1	0.00000000E+0	0.00000000E+0
1.29394531E-1	3.09926995E-9	3.09926995E-9	1.29394531E-1	0.00000000E+0	0.00000000E+0
1.26953125E-1	3.10458992E-9	3.10458992E-9	1.26953125E-1	0.00000000E+0	0.00000000E+0
1.24511719E-1	3.10914006E-9	3.10914006E-9	1.24511719E-1	0.00000000E+0	0.00000000E+0
1.22070312E-1	3.11369996E-9	3.11369996E-9	1.22070312E-1	0.00000000E+0	0.00000000E+0
1.19628906E-1	3.11673998E-9	3.11673998E-9	1.19628906E-1	0.00000000E+0	0.00000000E+0
1.17187500E-1	3.15431992E-9	3.15431992E-9	1.17187500E-1	0.00000000E+0	0.00000000E+0
1.14746094E-1	3.15013993E-9	3.15013993E-9	1.14746094E-1	0.00000000E+0	0.00000000E+0
1.12304687E-1	3.19114002E-9	3.19114002E-9	1.12304687E-1	0.00000000E+0	0.00000000E+0
1.09863281E-1	3.18583004E-9	3.18583004E-9	1.09863281E-1	0.00000000E+0	0.00000000E+0
1.07421875E-1	3.20404991E-9	3.20404991E-9	1.07421875E-1	0.00000000E+0	0.00000000E+0
1.04980469E-1	3.24809002E-9	3.24809002E-9	1.04980469E-1	0.00000000E+0	0.00000000E+0
1.02539062E-1	3.29819994E-9	3.29819994E-9	1.02539062E-1	0.00000000E+0	0.00000000E+0
1.00097656E-1	3.33312000E-9	3.33312000E-9	1.00097656E-1	0.00000000E+0	0.00000000E+0
9.76562500E-2	3.36805006E-9	3.36805006E-9	9.76562500E-2	0.00000000E+0	0.00000000E+0
9.52148438E-2	3.38816997E-9	3.38816997E-9	9.52148438E-2	0.00000000E+0	0.00000000E+0
9.27734375E-2	3.41435991E-9	3.41435991E-9	9.27734375E-2	0.00000000E+0	0.00000000E+0
9.03320313E-2	3.47509999E-9	3.47509999E-9	9.03320313E-2	0.00000000E+0	0.00000000E+0
8.78906250E-2	3.49180995E-9	3.49180995E-9	8.78906250E-2	0.00000000E+0	0.00000000E+0
8.54492188E-2	3.52370000E-9	3.52370000E-9	8.54492188E-2	0.00000000E+0	0.00000000E+0
8.30078125E-2	3.55520990E-9	3.55520990E-9	8.30078125E-2	0.00000000E+0	0.00000000E+0
8.05664063E-2	3.62696007E-9	3.62696007E-9	8.05664063E-2	0.00000000E+0	0.00000000E+0
7.81250000E-2	3.65959996E-9	3.65959996E-9	7.81250000E-2	0.00000000E+0	0.00000000E+0
7.56835938E-2	3.73248987E-9	3.73248987E-9	7.56835938E-2	0.00000000E+0	0.00000000E+0
7.32421875E-2	3.77576992E-9	3.77576992E-9	7.32421875E-2	0.00000000E+0	0.00000000E+0
7.08007813E-2	3.85358989E-9	3.85358989E-9	7.08007813E-2	0.00000000E+0	0.00000000E+0
6.83593750E-2	3.87750987E-9	3.87750987E-9	6.83593750E-2	0.00000000E+0	0.00000000E+0
6.59179688E-2	3.96179001E-9	3.96179001E-9	6.59179688E-2	0.00000000E+0	0.00000000E+0
6.34765625E-2	3.97924982E-9	3.97924982E-9	6.34765625E-2	0.00000000E+0	0.00000000E+0
6.10351563E-2	4.01265998E-9	4.01265998E-9	6.10351563E-2	0.00000000E+0	0.00000000E+0
5.85937500E-2	4.00962019E-9	4.00962019E-9	5.85937500E-2	0.00000000E+0	0.00000000E+0
5.61523438E-2	3.98684019E-9	3.98684019E-9	5.61523438E-2	0.00000000E+0	0.00000000E+0
5.37109375E-2	3.90939991E-9	3.90939991E-9	5.37109375E-2	0.00000000E+0	0.00000000E+0
5.12695313E-2	3.79323017E-9	3.79323017E-9	5.12695313E-2	0.00000000E+0	0.00000000E+0
4.88281250E-2	2.82518009E-9	2.82518009E-9	4.88281250E-2	0.00000000E+0	0.00000000E+0
4.63867188E-2	2.75760992E-9	2.75760992E-9	4.63867188E-2	0.00000000E+0	0.00000000E+0
4.39453125E-2	2.46720000E-9	2.46720000E-9	4.39453125E-2	0.00000000E+0	0.00000000E+0
4.15039063E-2	2.35483011E-9	2.35483011E-9	4.15039063E-2	0.00000000E+0	0.00000000E+0
3.90625000E-2	2.26978991E-9	2.26978991E-9	3.90625000E-2	0.00000000E+0	0.00000000E+0
3.66210938E-2	2.16918994E-9	2.16918994E-9	3.66210938E-2	0.00000000E+0	0.00000000E+0
3.41796875E-2	2.36356001E-9	2.36356001E-9	3.41796875E-2	0.00000000E+0	0.00000000E+0
3.17382813E-2	2.17678009E-9	2.17678009E-9	3.17382813E-2	0.00000000E+0	0.00000000E+0
2.92968750E-2	2.03251993E-9	2.03251993E-9	2.92968750E-2	0.00000000E+0	0.00000000E+0
2.68554688E-2	1.89661997E-9	1.89661997E-9	2.68554688E-2	0.00000000E+0	0.00000000E+0
2.44140625E-2	1.73236003E-9	1.73236003E-9	2.44140625E-2	0.00000000E+0	0.00000000E+0
2.19726563E-2	1.56272995E-9	1.56272995E-9	2.19726563E-2	0.00000000E+0	0.00000000E+0
1.95312500E-2	1.37273004E-9	1.37273004E-9	1.95312500E-2	0.00000000E+0	0.00000000E+0
1.70898438E-2	1.10902998E-9	1.10902998E-9	1.70898438E-2	0.00000000E+0	0.00000000E+0
1.46484375E-2	8.72650008E-10	8.72650008E-10	1.46484375E-2	0.00000000E+0	0.00000000E+0
1.22070313E-2	6.26812990E-10	6.26812990E-10	1.22070313E-2	0.00000000E+0	0.00000000E+0
9.76562500E-3	4.31019997E-10	4.31019997E-10	9.76562500E-3	0.00000000E+0	0.00000000E+0
7.32421875E-3	2.48774001E-10	2.48774001E-10	7.32421875E-3	0.00000000E+0	0.00000000E+0
4.88281250E-3	1.09039999E-10	1.09039999E-10	4.88281250E-3	0.00000000E+0	0.00000000E+0
2.44140625E-3	1.05209001E-11	1.05209001E-11	2.44140625E-3	0.00000000E+0	0.00000000E+0
0.00000000E+0	-8.36895969E-11	-8.36895969E-11	0.00000000E+0	0.00000000E+0	0.00000000E+0
-2.44140625E-3	-1.70327003E-10	-1.70327003E-10	-2.44140625E-3	0.00000000E+0	0.00000000E+0
-4.88281250E-3	-3.18597010E-10	-3.18597010E-10	-4.88281250E-3	0.00000000E+0	0.00000000E+0
-7.32421875E-3	-4.75126993E-10	-4.75126993E-10	-7.32421875E-3	0.00000000E+0	0.00000000E+0
-9.76562500E-3	-6.81511014E-10	-6.81511014E-10	-9.76562500E-3	0.00000000E+0	0.00000000E+0
-1.22070313E-2	-8.74719019E-10	-8.74719019E-10	-1.22070313E-2	0.00000000E+0	0.00000000E+0
-1.46484375E-2	-1.11124998E-9	-1.11124998E-9	-1.46484375E-2	0.00000000E+0	0.00000000E+0
-1.70898438E-2	-1.33476996E-9	-1.33476996E-9	-1.70898438E-2	0.00000000E+0	0.00000000E+0
-1.95312500E-2	-1.55494995E-9	-1.55494995E-9	-1.95312500E-2	0.00000000E+0	0.00000000E+0
-2.19726563E-2	-1.77968995E-9	-1.77968995E-9	-2.19726563E-2	0.00000000E+0	0.00000000E+0
-2.44140625E-2	-1.98317007E-9	-1.98317007E-9	-2.44140625E-2	0.00000000E+0	0.00000000E+0
-2.68554688E-2	-2.19803997E-9	-2.19803997E-9	-2.68554688E-2	0.00000000E+0	0.00000000E+0
-2.92968750E-2	-2.38178011E-9	-2.38178011E-9	-2.92968750E-2	0.00000000E+0	0.00000000E+0
-3.17382813E-2	-2.57767008E-9	-2.57767008E-9	-3.17382813E-2	0.00000000E+0	0.00000000E+0
-3.41796875E-2	-2.75584000E-9	-2.75584000E-9	-3.41796875E-2	0.00000000E+0	0.00000000E+0
-3.66210938E-2	-2.93527003E-9	-2.93527003E-9	-3.66210938E-2	0.00000000E+0	0.00000000E+0
-3.90625000E-2	-3.13343995E-9	-3.13343995E-9	-3.90625000E-2	0.00000000E+0	0.00000000E+0
-4.15039063E-2	-3.31718009E-9	-3.31718009E-9	-4.15039063E-2	0.00000000E+0	0.00000000E+0
-4.39453125E-2	-3.46941009E-9	-3.46941009E-9	-4.39453125E-2	0.00000000E+0	0.00000000E+0
-4.63867188E-2	-3.56848995E-9	-3.56848995E-9	-4.63867188E-2	0.00000000E+0	0.00000000E+0
-4.88281250E-2	-3.62164010E-9	-3.62164010E-9	-4.88281250E-2	0.00000000E+0	0.00000000E+0
-5.12695313E-2	-4.46213022E-9	-4.46213022E-9	-5.12695313E-2	0.00000000E+0	0.00000000E+0
-5.37109375E-2	-4.44391013E-9	-4.44391013E-9	-5.37109375E-2	0.00000000E+0	0.00000000E+0
-5.61523438E-2	-4.31331992E-9	-4.31331992E-9	-5.61523438E-2	0.00000000E+0	0.00000000E+0
-5.85937500E-2	-4.14628021E-9	-4.14628021E-9	-5.85937500E-2	0.00000000E+0	0.00000000E+0
-6.10351563E-2	-3.97431021E-9	-3.97431021E-9	-6.10351563E-2	0.00000000E+0	0.00000000E+0
-6.34765625E-2	-3.82968013E-9	-3.82968013E-9	-6.34765625E-2	0.00000000E+0	0.00000000E+0
-6.59179688E-2	-3.67933994E-9	-3.67933994E-9	-6.59179688E-2	0.00000000E+0	0.00000000E+0
-6.83593750E-2	-3.61935992E-9	-3.61935992E-9	-6.83593750E-2	0.00000000E+0	0.00000000E+0
-7.08007813E-2	-3.51307006E-9	-3.51307006E-9	-7.08007813E-2	0.00000000E+0	0.00000000E+0
-7.32421875E-2	-3.43942008E-9	-3.43942008E-9	-7.32421875E-2	0.00000000E+0	0.00000000E+0
-7.56835938E-2	-3.38019990E-9	-3.38019990E-9	-7.56835938E-2	0.00000000E+0	0.00000000E+0
-7.81250000E-2	-3.32667005E-9	-3.32667005E-9	-7.81250000E-2	0.00000000E+0	0.00000000E+0
-8.05664063E-2	-3.30199001E-9	-3.30199001E-9	-8.05664063E-2	0.00000000E+0	0.00000000E+0
-8.30078125E-2	-3.27504002E-9	-3.27504002E-9	-8.30078125E-2	0.00000000E+0	0.00000000E+0
-8.54492188E-2	-3.27010996E-9	-3.27010996E-9	-8.54492188E-2	0.00000000E+0	0.00000000E+0
-8.78906250E-2	-3.25567995E-9	-3.25567995E-9	-8.78906250E-2	0.00000000E+0	0.00000000E+0
-9.03320313E-2	-3.24960991E-9	-3.24960991E-9	-9.03320313E-2	0.00000000E+0	0.00000000E+0
-9.27734375E-2	-3.26098992E-9	-3.26098992E-9	-9.27734375E-2	0.00000000E+0	0.00000000E+0
-9.52148438E-2	-3.26098992E-9	-3.26098992E-9	-9.52148438E-2	0.00000000E+0	0.00000000E+0
-9.76562500E-2	-3.26706995E-9	-3.26706995E-9	-9.76562500E-2	0.00000000E+0	0.00000000E+0
-1.00097656E-1	-3.28301009E-9	-3.28301009E-9	-1.00097656E-1	0.00000000E+0	0.00000000E+0
-1.02539062E-1	-3.28301009E-9	-3.28301009E-9	-1.02539062E-1	0.00000000E+0	0.00000000E+0
-1.04980469E-1	-3.28833005E-9	-3.28833005E-9	-1.04980469E-1	0.00000000E+0	0.00000000E+0
-1.07421875E-1	-3.30654992E-9	-3.30654992E-9	-1.07421875E-1	0.00000000E+0	0.00000000E+0
-1.09863281E-1	-3.32477001E-9	-3.32477001E-9	-1.09863281E-1	0.00000000E+0	0.00000000E+0
-1.12304687E-1	-3.34223005E-9	-3.34223005E-9	-1.12304687E-1	0.00000000E+0	0.00000000E+0
-1.14746094E-1	-3.39386008E-9	-3.39386008E-9	-1.14746094E-1	0.00000000E+0	0.00000000E+0
-1.17187500E-1	-3.42878992E-9	-3.42878992E-9	-1.17187500E-1	0.00000000E+0	0.00000000E+0
-1.19628906E-1	-3.41968009E-9	-3.41968009E-9	-1.19628906E-1	0.00000000E+0	0.00000000E+0
-1.22070312E-1	-3.46144002E-9	-3.46144002E-9	-1.22070312E-1	0.00000000E+0	0.00000000E+0
-1.24511719E-1	-3.49636009E-9	-3.49636009E-9	-1.24511719E-1	0.00000000E+0	0.00000000E+0
-1.26953125E-1	-3.53812002E-9	-3.53812002E-9	-1.26953125E-1	0.00000000E+0	0.00000000E+0
-1.29394531E-1	-3.57152996E-9	-3.57152996E-9	-1.29394531E-1	0.00000000E+0	0.00000000E+0
-1.31835937E-1	-3.61100994E-9	-3.61100994E-9	-1.31835937E-1	0.00000000E+0	0.00000000E+0
-1.34277344E-1	-3.65656994E-9	-3.65656994E-9	-1.34277344E-1	0.00000000E+0	0.00000000E+0
-1.36718750E-1	-3.70268993E-9	-3.70268993E-9	-1.36718750E-1	0.00000000E+0	0.00000000E+0
-1.39160156E-1	-3.75375020E-9	-3.75375020E-9	-1.39160156E-1	0.00000000E+0	0.00000000E+0
-1.41601562E-1	-3.79323017E-9	-3.79323017E-9	-1.41601562E-1	0.00000000E+0	0.00000000E+0
-1.44042969E-1	-3.85094001E-9	-3.85094001E-9	-1.44042969E-1	0.00000000E+0	0.00000000E+0
-1.46484375E-1	-3.90028987E-9	-3.90028987E-9	-1.46484375E-1	0.00000000E+0	0.00000000E+0
-1.48925781E-1	-3.95723010E-9	-3.95723010E-9	-1.48925781E-1	0.00000000E+0	0.00000000E+0
-1.51367187E-1	-4.00771993E-9	-4.00771993E-9	-1.51367187E-1	0.00000000E+0	0.00000000E+0
-1.53808594E-1	-4.06125000E-9	-4.06125000E-9	-1.53808594E-1	0.00000000E+0	0.00000000E+0
-1.56250000E-1	-4.12503010E-9	-4.12503010E-9	-1.56250000E-1	0.00000000E+0	0.00000000E+0
-1.58691406E-1	-4.19107993E-9	-4.19107993E-9	-1.58691406E-1	0.00000000E+0	0.00000000E+0
-1.61132812E-1	-4.25675983E-9	-4.25675983E-9	-1.61132812E-1	0.00000000E+0	0.00000000E+0
-1.63574219E-1	-4.32547020E-9	-4.32547020E-9	-1.63574219E-1	0.00000000E+0	0.00000000E+0
-1.66015625E-1	-4.38924985E-9	-4.38924985E-9	-1.66015625E-1	0.00000000E+0	0.00000000E+0
-1.68457031E-1	-4.45302017E-9	-4.45302017E-9	-1.68457031E-1	0.00000000E+0	0.00000000E+0
-1.70898437E-1	-4.52439020E-9	-4.52439020E-9	-1.70898437E-1	0.00000000E+0	0.00000000E+0
-1.73339844E-1	-4.58968996E-9	-4.58968996E-9	-1.73339844E-1	0.00000000E+0	0.00000000E+0
-1.75781250E-1	-4.65953987E-9	-4.65953987E-9	-1.75781250E-1	0.00000000E+0	0.00000000E+0
-1.78222656E-1	-4.72634998E-9	-4.72634998E-9	-1.78222656E-1	0.00000000E+0	0.00000000E+0
-1.80664062E-1	-4.80835016E-9	-4.80835016E-9	-1.80664062E-1	0.00000000E+0	0.00000000E+0
-1.83105469E-1	-4.88808016E-9	-4.88808016E-9	-1.83105469E-1	0.00000000E+0	0.00000000E+0
-1.85546875E-1	-4.96096009E-9	-4.96096009E-9	-1.85546875E-1	0.00000000E+0	0.00000000E+0
-1.87988281E-1	-5.03384978E-9	-5.03384978E-9	-1.87988281E-1	0.00000000E+0	0.00000000E+0
-1.90429687E-1	-5.11167997E-9	-5.11167997E-9	-1.90429687E-1	0.00000000E+0	0.00000000E+0
-1.92871094E-1	-5.18038989E-9	-5.18038989E-9	-1.92871094E-1	0.00000000E+0	0.00000000E+0
-1.95312500E-1	-5.25328003E-9	-5.25328003E-9	-1.95312500E-1	0.00000000E+0	0.00000000E+0
-1.97753906E-1	-5.31629007E-9	-5.31629007E-9	-1.97753906E-1	0.00000000E+0	0.00000000E+0
-2.00195312E-1	-5.37893019E-9	-5.37893019E-9	-2.00195312E-1	0.00000000E+0	0.00000000E+0
-2.02636719E-1	-5.45752021E-9	-5.45752021E-9	-2.02636719E-1	0.00000000E+0	0.00000000E+0
-2.05078125E-1	-5.51826007E-9	-5.51826007E-9	-2.05078125E-1	0.00000000E+0	0.00000000E+0
-2.07519531E-1	-5.58013991E-9	-5.58013991E-9	-2.07519531E-1	0.00000000E+0	0.00000000E+0
-2.09960937E-1	-5.42752998E-9	-5.42752998E-9	-2.09960937E-1	0.00000000E+0	0.00000000E+0
-2.12402344E-1	-5.31401989E-9	-5.31401989E-9	-2.12402344E-1	0.00000000E+0	0.00000000E+0
-2.14843750E-1	-5.36413003E-9	-5.36413003E-9	-2.14843750E-1	0.00000000E+0	0.00000000E+0
-2.17285156E-1	-5.42335021E-9	-5.42335021E-9	-2.17285156E-1	0.00000000E+0	0.00000000E+0
-2.19726562E-1	-5.47612000E-9	-5.47612000E-9	-2.19726562E-1	0.00000000E+0	0.00000000E+0
-2.22167969E-1	-5.54787016E-9	-5.54787016E-9	-2.22167969E-1	0.00000000E+0	0.00000000E+0
-2.24609375E-1	-5.61050983E-9	-5.61050983E-9	-2.24609375E-1	0.00000000E+0	0.00000000E+0
-2.27050781E-1	-5.66706992E-9	-5.66706992E-9	-2.27050781E-1	0.00000000E+0	0.00000000E+0
-2.29492187E-1	-5.72287995E-9	-5.72287995E-9	-2.29492187E-1	0.00000000E+0	0.00000000E+0
-2.31933594E-1	-5.80374016E-9	-5.80374016E-9	-2.31933594E-1	0.00000000E+0	0.00000000E+0
-2.34375000E-1	-5.84170001E-9	-5.84170001E-9	-2.34375000E-1	0.00000000E+0	0.00000000E+0
-2.36816406E-1	-5.93735994E-9	-5.93735994E-9	-2.36816406E-1	0.00000000E+0	0.00000000E+0
-2.39257812E-1	-5.97380989E-9	-5.97380989E-9	-2.39257812E-1	0.00000000E+0	0.00000000E+0
-2.41699219E-1	-6.05733019E-9	-6.05733019E-9	-2.41699219E-1	0.00000000E+0	0.00000000E+0
-2.44140625E-1	-6.10743989E-9	-6.10743989E-9	-2.44140625E-1	0.00000000E+0	0.00000000E+0
-2.46582031E-1	-6.16343021E-9	-6.16343021E-9	-2.46582031E-1	0.00000000E+0	0.00000000E+0
-2.49023437E-1	-6.21905016E-9	-6.21905016E-9	-2.49023437E-1	0.00000000E+0	0.00000000E+0
-2.51464844E-1	-6.27220009E-9	-6.27220009E-9	-2.51464844E-1	0.00000000E+0	0.00000000E+0
-2.53906250E-1	-6.32799990E-9	-6.32799990E-9	-2.53906250E-1	0.00000000E+0	0.00000000E+0
-2.56347656E-1	-6.40164988E-9	-6.40164988E-9	-2.56347656E-1	0.00000000E+0	0.00000000E+0
-2.58789062E-1	-6.44757980E-9	-6.44757980E-9	-2.58789062E-1	0.00000000E+0	0.00000000E+0
-2.61230469E-1	-6.51135990E-9	-6.51135990E-9	-2.61230469E-1	0.00000000E+0	0.00000000E+0
-2.63671875E-1	-6.57172006E-9	-6.57172006E-9	-2.63671875E-1	0.00000000E+0	0.00000000E+0
-2.66113281E-1	-6.61766020E-9	-6.61766020E-9	-2.66113281E-1	0.00000000E+0	0.00000000E+0
-2.68554687E-1	-6.70041000E-9	-6.70041000E-9	-2.68554687E-1	0.00000000E+0	0.00000000E+0
-2.70996094E-1	-6.75546019E-9	-6.75546019E-9	-2.70996094E-1	0.00000000E+0	0.00000000E+0
-2.73437500E-1	-6.81429979E-9	-6.81429979E-9	-2.73437500E-1	0.00000000E+0	0.00000000E+0
-2.75878906E-1	-6.87998014E-9	-6.87998014E-9	-2.75878906E-1	0.00000000E+0	0.00000000E+0
-2.78320312E-1	-6.93351021E-9	-6.93351021E-9	-2.78320312E-1	0.00000000E+0	0.00000000E+0
-2.80761719E-1	-7.00336011E-9	-7.00336011E-9	-2.80761719E-1	0.00000000E+0	0.00000000E+0
-2.83203125E-1	-7.06409997E-9	-7.06409997E-9	-2.83203125E-1	0.00000000E+0	0.00000000E+0
-2.85644531E-1	-7.09446990E-9	-7.09446990E-9	-2.85644531E-1	0.00000000E+0	0.00000000E+0
-2.88085937E-1	-7.12938997E-9	-7.12938997E-9	-2.88085937E-1	0.00000000E+0	0.00000000E+0
-2.90527344E-1	-7.20494020E-9	-7.20494020E-9	-2.90527344E-1	0.00000000E+0	0.00000000E+0
-2.92968750E-1	-7.25543003E-9	-7.25543003E-9	-2.92968750E-1	0.00000000E+0	0.00000000E+0
-2.95410156E-1	-7.31085015E-9	-7.31085015E-9	-2.95410156E-1	0.00000000E+0	0.00000000E+0
-2.97851562E-1	-7.37159001E-9	-7.37159001E-9	-2.97851562E-1	0.00000000E+0	0.00000000E+0
-3.00292969E-1	-7.43423012E-9	-7.43423012E-9	-3.00292969E-1	0.00000000E+0	0.00000000E+0
-3.02734375E-1	-7.50295026E-9	-7.50295026E-9	-3.02734375E-1	0.00000000E+0	0.00000000E+0
-3.05175781E-1	-7.56558016E-9	-7.56558016E-9	-3.05175781E-1	0.00000000E+0	0.00000000E+0
-3.07617187E-1	-7.61987007E-9	-7.61987007E-9	-3.07617187E-1	0.00000000E+0	0.00000000E+0
-3.10058594E-1	-7.66744979E-9	-7.66744979E-9	-3.10058594E-1	0.00000000E+0	0.00000000E+0
-3.12500000E-1	-7.71439979E-9	-7.71439979E-9	-3.12500000E-1	0.00000000E+0	0.00000000E+0
-3.14941406E-1	-7.77652964E-9	-7.77652964E-9	-3.14941406E-1	0.00000000E+0	0.00000000E+0
-3.17382812E-1	-7.82588039E-9	-7.82588039E-9	-3.17382812E-1	0.00000000E+0	0.00000000E+0
-3.19824219E-1	-7.88523025E-9	-7.88523025E-9	-3.19824219E-1	0.00000000E+0	0.00000000E+0
-3.22265625E-1	-7.93686006E-9	-7.93686006E-9	-3.22265625E-1	0.00000000E+0	0.00000000E+0
-3.24707031E-1	-7.99798006E-9	-7.99798006E-9	-3.24707031E-1	0.00000000E+0	0.00000000E+0
-3.27148437E-1	-8.05301958E-9	-8.05301958E-9	-3.27148437E-1	0.00000000E+0	0.00000000E+0
-3.29589844E-1	-8.08909029E-9	-8.08909029E-9	-3.29589844E-1	0.00000000E+0	0.00000000E+0
-3.32031250E-1	-8.14273982E-9	-8.14273982E-9	-3.32031250E-1	0.00000000E+0	0.00000000E+0
-3.34472656E-1	-8.21968005E-9	-8.21968005E-9	-3.34472656E-1	0.00000000E+0	0.00000000E+0
-3.36914062E-1	-8.22196000E-9	-8.22196000E-9	-3.36914062E-1	0.00000000E+0	0.00000000E+0
-3.39355469E-1	-8.29864000E-9	-8.29864000E-9	-3.39355469E-1	0.00000000E+0	0.00000000E+0
-3.41796875E-1	-8.33508995E-9	-8.33508995E-9	-3.41796875E-1	0.00000000E+0	0.00000000E+0
-3.44238281E-1	-8.37000957E-9	-8.37000957E-9	-3.44238281E-1	0.00000000E+0	0.00000000E+0
-3.46679687E-1	-8.43378967E-9	-8.43378967E-9	-3.46679687E-1	0.00000000E+0	0.00000000E+0
-3.49121094E-1	-8.48111981E-9	-8.48111981E-9	-3.49121094E-1	0.00000000E+0	0.00000000E+0
-3.51562500E-1	-8.52148041E-9	-8.52148041E-9	-3.51562500E-1	0.00000000E+0	0.00000000E+0
-3.54003906E-1	-8.57995008E-9	-8.57995008E-9	-3.54003906E-1	0.00000000E+0	0.00000000E+0
-3.56445312E-1	-8.61942961E-9	-8.61942961E-9	-3.56445312E-1	0.00000000E+0	0.00000000E+0
-3.58886719E-1	-8.67106031E-9	-8.67106031E-9	-3.58886719E-1	0.00000000E+0	0.00000000E+0
-3.61328125E-1	-8.70257022E-9	-8.70257022E-9	-3.61328125E-1	0.00000000E+0	0.00000000E+0
-3.63769531E-1	-8.75647022E-9	-8.75647022E-9	-3.63769531E-1	0.00000000E+0	0.00000000E+0
-3.66210937E-1	-8.80582007E-9	-8.80582007E-9	-3.66210937E-1	0.00000000E+0	0.00000000E+0
-3.68652344E-1	-8.82973961E-9	-8.82973961E-9	-3.68652344E-1	0.00000000E+0	0.00000000E+0
-3.71093750E-1	-8.89048035E-9	-8.89048035E-9	-3.71093750E-1	0.00000000E+0	0.00000000E+0
-3.73535156E-1	-8.95463970E-9	-8.95463970E-9	-3.73535156E-1	0.00000000E+0	0.00000000E+0
-3.75976562E-1	-8.98539021E-9	-8.98539021E-9	-3.75976562E-1	0.00000000E+0	0.00000000E+0
-3.78417969E-1	-9.02829012E-9	-9.02829012E-9	-3.78417969E-1	0.00000000E+0	0.00000000E+0
-3.80859375E-1	-9.07384035E-9	-9.07384035E-9	-3.80859375E-1	0.00000000E+0	0.00000000E+0
-3.83300781E-1	-9.13799969E-9	-9.13799969E-9	-3.83300781E-1	0.00000000E+0	0.00000000E+0
-3.85742187E-1	-9.17837006E-9	-9.17837006E-9	-3.85742187E-1	0.00000000E+0	0.00000000E+0
-3.88183594E-1	-9.24847043E-9	-9.24847043E-9	-3.88183594E-1	0.00000000E+0	0.00000000E+0
-3.90625000E-1	-9.27466015E-9	-9.27466015E-9	-3.90625000E-1	0.00000000E+0	0.00000000E+0
-3.93066406E-1	-9.35286959E-9	-9.35286959E-9	-3.93066406E-1	0.00000000E+0	0.00000000E+0
-3.95507812E-1	-9.39349043E-9	-9.39349043E-9	-3.95507812E-1	0.00000000E+0	0.00000000E+0
-3.97949219E-1	-9.44131973E-9	-9.44131973E-9	-3.97949219E-1	0.00000000E+0	0.00000000E+0
-4.00390625E-1	-9.45651024E-9	-9.45651024E-9	-4.00390625E-1	0.00000000E+0	0.00000000E+0
-4.02832031E-1	-9.53319024E-9	-9.53319024E-9	-4.02832031E-1	0.00000000E+0	0.00000000E+0
-4.05273437E-1	-9.56633972E-9	-9.56633972E-9	-4.05273437E-1	0.00000000E+0	0.00000000E+0
-4.07714844E-1	-9.61519042E-9	-9.61519042E-9	-4.07714844E-1	0.00000000E+0	0.00000000E+0
-4.10156250E-1	-9.63493019E-9	-9.63493019E-9	-4.10156250E-1	0.00000000E+0	0.00000000E+0
-4.12597656E-1	-9.67922009E-9	-9.67922009E-9	-4.12597656E-1	0.00000000E+0	0.00000000E+0
-4.15039062E-1	-9.73691971E-9	-9.73691971E-9	-4.15039062E-1	0.00000000E+0	0.00000000E+0
-4.17480469E-1	-9.78450032E-9	-9.78450032E-9	-4.17480469E-1	0.00000000E+0	0.00000000E+0
-4.19921875E-1	-9.81829018E-9	-9.81829018E-9	-4.19921875E-1	0.00000000E+0	0.00000000E+0
-4.22363281E-1	-9.87334037E-9	-9.87334037E-9	-4.22363281E-1	0.00000000E+0	0.00000000E+0
-4.24804687E-1	-9.90674032E-9	-9.90674032E-9	-4.24804687E-1	0.00000000E+0	0.00000000E+0
-4.27246094E-1	-9.97204008E-9	-9.97204008E-9	-4.27246094E-1	0.00000000E+0	0.00000000E+0
-4.29687500E-1	-9.99937022E-9	-9.99937022E-9	-4.29687500E-1	0.00000000E+0	0.00000000E+0
-4.32128906E-1	-1.00286002E-8	-1.00286002E-8	-4.32128906E-1	0.00000000E+0	0.00000000E+0
-4.34570312E-1	-1.00767998E-8	-1.00767998E-8	-4.34570312E-1	0.00000000E+0	0.00000000E+0
-4.37011719E-1	-1.01050999E-8	-1.01050999E-8	-4.37011719E-1	0.00000000E+0	0.00000000E+0
-4.39453125E-1	-1.01420996E-8	-1.01420996E-8	-4.39453125E-1	0.00000000E+0	0.00000000E+0
-4.41894531E-1	-1.01930002E-8	-1.01930002E-8	-4.41894531E-1	0.00000000E+0	0.00000000E+0
-4.44335937E-1	-1.02564996E-8	-1.02564996E-8	-4.44335937E-1	0.00000000E+0	0.00000000E+0
-4.46777344E-1	-1.02589999E-8	-1.02589999E-8	-4.46777344E-1	0.00000000E+0	0.00000000E+0
-4.49218750E-1	-1.02864002E-8	-1.02864002E-8	-4.49218750E-1	0.00000000E+0	0.00000000E+0
-4.51660156E-1	-1.03422000E-8	-1.03422000E-8	-4.51660156E-1	0.00000000E+0	0.00000000E+0
-4.54101562E-1	-1.04093001E-8	-1.04093001E-8	-4.54101562E-1	0.00000000E+0	0.00000000E+0
-4.56542969E-1	-1.04242002E-8	-1.04242002E-8	-4.56542969E-1	0.00000000E+0	0.00000000E+0
-4.58984375E-1	-1.04688000E-8	-1.04688000E-8	-4.58984375E-1	0.00000000E+0	0.00000000E+0
-4.61425781E-1	-1.05057998E-8	-1.05057998E-8	-4.61425781E-1	0.00000000E+0	0.00000000E+0
-4.63867187E-1	-1.05486002E-8	-1.05486002E-8	-4.63867187E-1	0.00000000E+0	0.00000000E+0
-4.66308594E-1	-1.05711004E-8	-1.05711004E-8	-4.66308594E-1	0.00000000E+0	0.00000000E+0
-4.68750000E-1	-1.06227001E-8	-1.06227001E-8	-4.68750000E-1	0.00000000E+0	0.00000000E+0
-4.71191406E-1	-1.06578000E-8	-1.06578000E-8	-4.71191406E-1	0.00000000E+0	0.00000000E+0
-4.73632812E-1	-1.06993996E-8	-1.06993996E-8	-4.73632812E-1	0.00000000E+0	0.00000000E+0
-4.76074219E-1	-1.07293996E-8	-1.07293996E-8	-4.76074219E-1	0.00000000E+0	0.00000000E+0
-4.78515625E-1	-1.07891998E-8	-1.07891998E-8	-4.78515625E-1	0.00000000E+0	0.00000000E+0
-4.80957031E-1	-1.08061000E-8	-1.08061000E-8	-4.80957031E-1	0.00000000E+0	0.00000000E+0
-4.83398437E-1	-1.08515996E-8	-1.08515996E-8	-4.83398437E-1	0.00000000E+0	0.00000000E+0
-4.85839844E-1	-1.08930003E-8	-1.08930003E-8	-4.85839844E-1	0.00000000E+0	0.00000000E+0
-4.88281250E-1	-1.09374003E-8	-1.09374003E-8	-4.88281250E-1	0.00000000E+0	0.00000000E+0
-4.90722656E-1	-1.09605001E-8	-1.09605001E-8	-4.90722656E-1	0.00000000E+0	0.00000000E+0
-4.93164062E-1	-1.08515996E-8	-1.08515996E-8	-4.93164062E-1	0.00000000E+0	0.00000000E+0
-4.90722656E-1	-1.09217000E-8	-1.09217000E-8	-4.90722656E-1	0.00000000E+0	0.00000000E+0
-4.88281250E-1	-1.08515996E-8	-1.08515996E-8	-4.88281250E-1	0.00000000E+0	0.00000000E+0
-4.85839844E-1	-1.08586002E-8	-1.08586002E-8	-4.85839844E-1	0.00000000E+0	0.00000000E+0
-4.83398437E-1	-1.07891998E-8	-1.07891998E-8	-4.83398437E-1	0.00000000E+0	0.00000000E+0
-4.80957031E-1	-1.07672999E-8	-1.07672999E-8	-4.80957031E-1	0.00000000E+0	0.00000000E+0
-4.78515625E-1	-1.07144000E-8	-1.07144000E-8	-4.78515625E-1	0.00000000E+0	0.00000000E+0
-4.76074219E-1	-1.06837996E-8	-1.06837996E-8	-4.76074219E-1	0.00000000E+0	0.00000000E+0
-4.73632812E-1	-1.06459996E-8	-1.06459996E-8	-4.73632812E-1	0.00000000E+0	0.00000000E+0
-4.71191406E-1	-1.05944000E-8	-1.05944000E-8	-4.71191406E-1	0.00000000E+0	0.00000000E+0
-4.68750000E-1	-1.05486002E-8	-1.05486002E-8	-4.68750000E-1	0.00000000E+0	0.00000000E+0
-4.66308594E-1	-1.05332996E-8	-1.05332996E-8	-4.66308594E-1	0.00000000E+0	0.00000000E+0
-4.63867187E-1	-1.05003002E-8	-1.05003002E-8	-4.63867187E-1	0.00000000E+0	0.00000000E+0
-4.61425781E-1	-1.04320996E-8	-1.04320996E-8	-4.61425781E-1	0.00000000E+0	0.00000000E+0
-4.58984375E-1	-1.04242002E-8	-1.04242002E-8	-4.58984375E-1	0.00000000E+0	0.00000000E+0
-4.56542969E-1	-1.05003002E-8	-1.05003002E-8	-4.56542969E-1	0.00000000E+0	0.00000000E+0
-4.54101562E-1	-1.04401003E-8	-1.04401003E-8	-4.54101562E-1	0.00000000E+0	0.00000000E+0
-4.51660156E-1	-1.04037001E-8	-1.04037001E-8	-4.51660156E-1	0.00000000E+0	0.00000000E+0
-4.49218750E-1	-1.03727000E-8	-1.03727000E-8	-4.49218750E-1	0.00000000E+0	0.00000000E+0
-4.46777344E-1	-1.03208997E-8	-1.03208997E-8	-4.46777344E-1	0.00000000E+0	0.00000000E+0
-4.44335937E-1	-1.03130997E-8	-1.03130997E-8	-4.44335937E-1	0.00000000E+0	0.00000000E+0
-4.41894531E-1	-1.02193001E-8	-1.02193001E-8	-4.41894531E-1	0.00000000E+0	0.00000000E+0
-4.39453125E-1	-1.01974997E-8	-1.01974997E-8	-4.39453125E-1	0.00000000E+0	0.00000000E+0
-4.37011719E-1	-1.01545004E-8	-1.01545004E-8	-4.37011719E-1	0.00000000E+0	0.00000000E+0
-4.34570312E-1	-1.01327000E-8	-1.01327000E-8	-4.34570312E-1	0.00000000E+0	0.00000000E+0
-4.32128906E-1	-1.00669002E-8	-1.00669002E-8	-4.32128906E-1	0.00000000E+0	0.00000000E+0
-4.29687500E-1	-1.00286002E-8	-1.00286002E-8	-4.29687500E-1	0.00000000E+0	0.00000000E+0
-4.27246094E-1	-9.98532990E-9	-9.98532990E-9	-4.27246094E-1	0.00000000E+0	0.00000000E+0
-4.24804687E-1	-9.93672966E-9	-9.93672966E-9	-4.24804687E-1	0.00000000E+0	0.00000000E+0
-4.22363281E-1	-9.87903004E-9	-9.87903004E-9	-4.22363281E-1	0.00000000E+0	0.00000000E+0
-4.19921875E-1	-9.83879023E-9	-9.83879023E-9	-4.19921875E-1	0.00000000E+0	0.00000000E+0
-4.17480469E-1	-9.81057013E-9	-9.81057013E-9	-4.17480469E-1	0.00000000E+0	0.00000000E+0
-4.15039062E-1	-9.74197967E-9	-9.74197967E-9	-4.15039062E-1	0.00000000E+0	0.00000000E+0
-4.12597656E-1	-9.70744019E-9	-9.70744019E-9	-4.12597656E-1	0.00000000E+0	0.00000000E+0
-4.10156250E-1	-9.64670033E-9	-9.64670033E-9	-4.10156250E-1	0.00000000E+0	0.00000000E+0
-4.07714844E-1	-9.62886038E-9	-9.62886038E-9	-4.07714844E-1	0.00000000E+0	0.00000000E+0
-4.05273437E-1	-9.55216972E-9	-9.55216972E-9	-4.05273437E-1	0.00000000E+0	0.00000000E+0
-4.02832031E-1	-9.52003010E-9	-9.52003010E-9	-4.02832031E-1	0.00000000E+0	0.00000000E+0
-4.00390625E-1	-9.45651024E-9	-9.45651024E-9	-4.00390625E-1	0.00000000E+0	0.00000000E+0
-3.97949219E-1	-9.42563005E-9	-9.42563005E-9	-3.97949219E-1	0.00000000E+0	0.00000000E+0
-3.95507812E-1	-9.32743038E-9	-9.32743038E-9	-3.95507812E-1	0.00000000E+0	0.00000000E+0
-3.93066406E-1	-9.30768973E-9	-9.30768973E-9	-3.93066406E-1	0.00000000E+0	0.00000000E+0
-3.90625000E-1	-9.23555987E-9	-9.23555987E-9	-3.90625000E-1	0.00000000E+0	0.00000000E+0
-3.88183594E-1	-9.20404997E-9	-9.20404997E-9	-3.88183594E-1	0.00000000E+0	0.00000000E+0
-3.85742187E-1	-9.13799969E-9	-9.13799969E-9	-3.85742187E-1	0.00000000E+0	0.00000000E+0
-3.83300781E-1	-9.10154974E-9	-9.10154974E-9	-3.83300781E-1	0.00000000E+0	0.00000000E+0
-3.80859375E-1	-9.02829012E-9	-9.02829012E-9	-3.80859375E-1	0.00000000E+0	0.00000000E+0
-3.78417969E-1	-8.98539021E-9	-8.98539021E-9	-3.78417969E-1	0.00000000E+0	0.00000000E+0
-3.75976562E-1	-8.94856012E-9	-8.94856012E-9	-3.75976562E-1	0.00000000E+0	0.00000000E+0
-3.73535156E-1	-8.87718965E-9	-8.87718965E-9	-3.73535156E-1	0.00000000E+0	0.00000000E+0
-3.71093750E-1	-8.81759021E-9	-8.81759021E-9	-3.71093750E-1	0.00000000E+0	0.00000000E+0
-3.68652344E-1	-8.78759998E-9	-8.78759998E-9	-3.68652344E-1	0.00000000E+0	0.00000000E+0
-3.66210937E-1	-8.71964989E-9	-8.71964989E-9	-3.66210937E-1	0.00000000E+0	0.00000000E+0
-3.63769531E-1	-8.66535999E-9	-8.66535999E-9	-3.63769531E-1	0.00000000E+0	0.00000000E+0
-3.61328125E-1	-8.61524985E-9	-8.61524985E-9	-3.61328125E-1	0.00000000E+0	0.00000000E+0
-3.58886719E-1	-8.54919957E-9	-8.54919957E-9	-3.58886719E-1	0.00000000E+0	0.00000000E+0
-3.56445312E-1	-8.48694004E-9	-8.48694004E-9	-3.56445312E-1	0.00000000E+0	0.00000000E+0
-3.54003906E-1	-8.45099990E-9	-8.45099990E-9	-3.54003906E-1	0.00000000E+0	0.00000000E+0
-3.51562500E-1	-8.38824032E-9	-8.38824032E-9	-3.51562500E-1	0.00000000E+0	0.00000000E+0
-3.49121094E-1	-8.35976000E-9	-8.35976000E-9	-3.49121094E-1	0.00000000E+0	0.00000000E+0
-3.46679687E-1	-8.28763014E-9	-8.28763014E-9	-3.46679687E-1	0.00000000E+0	0.00000000E+0
-3.44238281E-1	-8.24397972E-9	-8.24397972E-9	-3.44238281E-1	0.00000000E+0	0.00000000E+0
-3.41796875E-1	-8.20488033E-9	-8.20488033E-9	-3.41796875E-1	0.00000000E+0	0.00000000E+0
-3.39355469E-1	-8.16426038E-9	-8.16426038E-9	-3.39355469E-1	0.00000000E+0	0.00000000E+0
-3.36914062E-1	-8.08909029E-9	-8.08909029E-9	-3.36914062E-1	0.00000000E+0	0.00000000E+0
-3.34472656E-1	-8.03708033E-9	-8.03708033E-9	-3.34472656E-1	0.00000000E+0	0.00000000E+0
-3.32031250E-1	-7.97975996E-9	-7.97975996E-9	-3.32031250E-1	0.00000000E+0	0.00000000E+0
-3.29589844E-1	-7.93115973E-9	-7.93115973E-9	-3.29589844E-1	0.00000000E+0	0.00000000E+0
-3.27148437E-1	-7.86396992E-9	-7.86396992E-9	-3.27148437E-1	0.00000000E+0	0.00000000E+0
-3.24707031E-1	-7.81462006E-9	-7.81462006E-9	-3.24707031E-1	0.00000000E+0	0.00000000E+0
-3.22265625E-1	-7.74096964E-9	-7.74096964E-9	-3.22265625E-1	0.00000000E+0	0.00000000E+0
-3.19824219E-1	-7.71439979E-9	-7.71439979E-9	-3.19824219E-1	0.00000000E+0	0.00000000E+0
-3.17382812E-1	-7.65669039E-9	-7.65669039E-9	-3.17382812E-1	0.00000000E+0	0.00000000E+0
-3.14941406E-1	-7.59822960E-9	-7.59822960E-9	-3.14941406E-1	0.00000000E+0	0.00000000E+0
-3.12500000E-1	-7.53520979E-9	-7.53520979E-9	-3.12500000E-1	0.00000000E+0	0.00000000E+0
-3.10058594E-1	-7.50295026E-9	-7.50295026E-9	-3.10058594E-1	0.00000000E+0	0.00000000E+0
-3.07617187E-1	-7.43006012E-9	-7.43006012E-9	-3.07617187E-1	0.00000000E+0	0.00000000E+0
-3.05175781E-1	-7.37577022E-9	-7.37577022E-9	-3.05175781E-1	0.00000000E+0	0.00000000E+0
-3.02734375E-1	-7.30782013E-9	-7.30782013E-9	-3.02734375E-1	0.00000000E+0	0.00000000E+0
-3.00292969E-1	-7.25543003E-9	-7.25543003E-9	-3.00292969E-1	0.00000000E+0	0.00000000E+0
-2.97851562E-1	-7.20987003E-9	-7.20987003E-9	-2.97851562E-1	0.00000000E+0	0.00000000E+0
-2.95410156E-1	-7.14989001E-9	-7.14989001E-9	-2.95410156E-1	0.00000000E+0	0.00000000E+0
-2.92968750E-1	-7.07927983E-9	-7.07927983E-9	-2.92968750E-1	0.00000000E+0	0.00000000E+0
-2.90527344E-1	-7.03599978E-9	-7.03599978E-9	-2.90527344E-1	0.00000000E+0	0.00000000E+0
-2.88085937E-1	-6.99803993E-9	-6.99803993E-9	-2.88085937E-1	0.00000000E+0	0.00000000E+0
-2.85644531E-1	-6.94983004E-9	-6.94983004E-9	-2.85644531E-1	0.00000000E+0	0.00000000E+0
-2.83203125E-1	-6.87998014E-9	-6.87998014E-9	-2.83203125E-1	0.00000000E+0	0.00000000E+0
-2.80761719E-1	-6.84164014E-9	-6.84164014E-9	-2.80761719E-1	0.00000000E+0	0.00000000E+0
-2.78320312E-1	-6.81012979E-9	-6.81012979E-9	-2.78320312E-1	0.00000000E+0	0.00000000E+0
-2.75878906E-1	-6.71940015E-9	-6.71940015E-9	-2.75878906E-1	0.00000000E+0	0.00000000E+0
-2.73437500E-1	-6.68674982E-9	-6.68674982E-9	-2.73437500E-1	0.00000000E+0	0.00000000E+0
-2.70996094E-1	-6.63436017E-9	-6.63436017E-9	-2.70996094E-1	0.00000000E+0	0.00000000E+0
-2.68554687E-1	-6.57666011E-9	-6.57666011E-9	-2.68554687E-1	0.00000000E+0	0.00000000E+0
-2.66113281E-1	-6.51135990E-9	-6.51135990E-9	-2.66113281E-1	0.00000000E+0	0.00000000E+0
-2.63671875E-1	-6.46239018E-9	-6.46239018E-9	-2.63671875E-1	0.00000000E+0	0.00000000E+0
-2.61230469E-1	-6.39064002E-9	-6.39064002E-9	-2.61230469E-1	0.00000000E+0	0.00000000E+0
-2.58789062E-1	-6.35116004E-9	-6.35116004E-9	-2.58789062E-1	0.00000000E+0	0.00000000E+0
-2.56347656E-1	-6.31168007E-9	-6.31168007E-9	-2.56347656E-1	0.00000000E+0	0.00000000E+0
-2.53906250E-1	-6.24106988E-9	-6.24106988E-9	-2.53906250E-1	0.00000000E+0	0.00000000E+0
-2.51464844E-1	-6.15450979E-9	-6.15450979E-9	-2.51464844E-1	0.00000000E+0	0.00000000E+0
-2.49023437E-1	-6.14616003E-9	-6.14616003E-9	-2.49023437E-1	0.00000000E+0	0.00000000E+0
-2.46582031E-1	-6.08314021E-9	-6.08314021E-9	-2.46582031E-1	0.00000000E+0	0.00000000E+0
-2.44140625E-1	-6.01936012E-9	-6.01936012E-9	-2.44140625E-1	0.00000000E+0	0.00000000E+0
-2.41699219E-1	-5.98177996E-9	-5.98177996E-9	-2.41699219E-1	0.00000000E+0	0.00000000E+0
-2.39257812E-1	-5.92521987E-9	-5.92521987E-9	-2.39257812E-1	0.00000000E+0	0.00000000E+0
-2.36816406E-1	-5.88876992E-9	-5.88876992E-9	-2.36816406E-1	0.00000000E+0	0.00000000E+0
-2.34375000E-1	-5.79158987E-9	-5.79158987E-9	-2.34375000E-1	0.00000000E+0	0.00000000E+0
-2.31933594E-1	-5.74451020E-9	-5.74451020E-9	-2.31933594E-1	0.00000000E+0	0.00000000E+0
-2.29492187E-1	-5.70048009E-9	-5.70048009E-9	-2.29492187E-1	0.00000000E+0	0.00000000E+0
-2.27050781E-1	-5.65415981E-9	-5.65415981E-9	-2.27050781E-1	0.00000000E+0	0.00000000E+0
-2.24609375E-1	-5.58735014E-9	-5.58735014E-9	-2.24609375E-1	0.00000000E+0	0.00000000E+0
-2.22167969E-1	-5.54787016E-9	-5.54787016E-9	-2.22167969E-1	0.00000000E+0	0.00000000E+0
-2.19726562E-1	-5.38994005E-9	-5.38994005E-9	-2.19726562E-1	0.00000000E+0	0.00000000E+0
-2.17285156E-1	-5.35198019E-9	-5.35198019E-9	-2.17285156E-1	0.00000000E+0	0.00000000E+0
-2.14843750E-1	-5.27642996E-9	-5.27642996E-9	-2.14843750E-1	0.00000000E+0	0.00000000E+0
-2.12402344E-1	-5.24264987E-9	-5.24264987E-9	-2.12402344E-1	0.00000000E+0	0.00000000E+0
-2.09960937E-1	-5.17355980E-9	-5.17355980E-9	-2.09960937E-1	0.00000000E+0	0.00000000E+0
-2.07519531E-1	-5.14090992E-9	-5.14090992E-9	-2.07519531E-1	0.00000000E+0	0.00000000E+0
-2.05078125E-1	-5.05814990E-9	-5.05814990E-9	-2.05078125E-1	0.00000000E+0	0.00000000E+0
-2.02636719E-1	-5.00044983E-9	-5.00044983E-9	-2.02636719E-1	0.00000000E+0	0.00000000E+0
-2.00195312E-1	-4.95185004E-9	-4.95185004E-9	-2.00195312E-1	0.00000000E+0	0.00000000E+0
-1.97753906E-1	-4.88808016E-9	-4.88808016E-9	-1.97753906E-1	0.00000000E+0	0.00000000E+0
-1.95312500E-1	-4.83264984E-9	-4.83264984E-9	-1.95312500E-1	0.00000000E+0	0.00000000E+0
-1.92871094E-1	-4.76810991E-9	-4.76810991E-9	-1.92871094E-1	0.00000000E+0	0.00000000E+0
-1.90429687E-1	-4.70889017E-9	-4.70889017E-9	-1.90429687E-1	0.00000000E+0	0.00000000E+0
-1.87988281E-1	-4.63638017E-9	-4.63638017E-9	-1.87988281E-1	0.00000000E+0	0.00000000E+0
-1.85546875E-1	-4.56995020E-9	-4.56995020E-9	-1.85546875E-1	0.00000000E+0	0.00000000E+0
-1.83105469E-1	-4.49175008E-9	-4.49175008E-9	-1.83105469E-1	0.00000000E+0	0.00000000E+0
-1.80664062E-1	-4.44694992E-9	-4.44694992E-9	-1.80664062E-1	0.00000000E+0	0.00000000E+0
-1.78222656E-1	-4.34673009E-9	-4.34673009E-9	-1.78222656E-1	0.00000000E+0	0.00000000E+0
-1.75781250E-1	-4.30420988E-9	-4.30420988E-9	-1.75781250E-1	0.00000000E+0	0.00000000E+0
-1.73339844E-1	-4.19791002E-9	-4.19791002E-9	-1.73339844E-1	0.00000000E+0	0.00000000E+0
-1.70898437E-1	-4.17968993E-9	-4.17968993E-9	-1.70898437E-1	0.00000000E+0	0.00000000E+0
-1.68457031E-1	-4.07642986E-9	-4.07642986E-9	-1.68457031E-1	0.00000000E+0	0.00000000E+0
-1.66015625E-1	-4.03011979E-9	-4.03011979E-9	-1.66015625E-1	0.00000000E+0	0.00000000E+0
-1.63574219E-1	-3.95115984E-9	-3.95115984E-9	-1.63574219E-1	0.00000000E+0	0.00000000E+0
-1.61132812E-1	-3.90180999E-9	-3.90180999E-9	-1.61132812E-1	0.00000000E+0	0.00000000E+0
-1.58691406E-1	-3.82435994E-9	-3.82435994E-9	-1.58691406E-1	0.00000000E+0	0.00000000E+0
-1.56250000E-1	-3.76057985E-9	-3.76057985E-9	-1.56250000E-1	0.00000000E+0	0.00000000E+0
-1.53808594E-1	-3.69604991E-9	-3.69604991E-9	-1.53808594E-1	0.00000000E+0	0.00000000E+0
-1.51367187E-1	-3.65048991E-9	-3.65048991E-9	-1.51367187E-1	0.00000000E+0	0.00000000E+0
-1.48925781E-1	-3.57987995E-9	-3.57987995E-9	-1.48925781E-1	0.00000000E+0	0.00000000E+0
-1.46484375E-1	-3.54116003E-9	-3.54116003E-9	-1.46484375E-1	0.00000000E+0	0.00000000E+0
-1.44042969E-1	-3.46144002E-9	-3.46144002E-9	-1.44042969E-1	0.00000000E+0	0.00000000E+0
-1.41601562E-1	-3.42082007E-9	-3.42082007E-9	-1.41601562E-1	0.00000000E+0	0.00000000E+0
-1.39160156E-1	-3.38019990E-9	-3.38019990E-9	-1.39160156E-1	0.00000000E+0	0.00000000E+0
-1.36718750E-1	-3.31869998E-9	-3.31869998E-9	-1.36718750E-1	0.00000000E+0	0.00000000E+0
-1.34277344E-1	-3.25567995E-9	-3.25567995E-9	-1.34277344E-1	0.00000000E+0	0.00000000E+0
-1.31835937E-1	-3.23442007E-9	-3.23442007E-9	-1.31835937E-1	0.00000000E+0	0.00000000E+0
-1.29394531E-1	-3.20176996E-9	-3.20176996E-9	-1.29394531E-1	0.00000000E+0	0.00000000E+0
-1.26953125E-1	-3.14311999E-9	-3.14311999E-9	-1.26953125E-1	0.00000000E+0	0.00000000E+0
-1.24511719E-1	-3.13647996E-9	-3.13647996E-9	-1.24511719E-1	0.00000000E+0	0.00000000E+0
-1.22070312E-1	-3.08484993E-9	-3.08484993E-9	-1.22070312E-1	0.00000000E+0	0.00000000E+0
-1.19628906E-1	-3.06359005E-9	-3.06359005E-9	-1.19628906E-1	0.00000000E+0	0.00000000E+0
-1.17187500E-1	-3.00588998E-9	-3.00588998E-9	-1.17187500E-1	0.00000000E+0	0.00000000E+0
-1.14746094E-1	-2.98463010E-9	-2.98463010E-9	-1.14746094E-1	0.00000000E+0	0.00000000E+0
-1.12304687E-1	-2.95274005E-9	-2.95274005E-9	-1.12304687E-1	0.00000000E+0	0.00000000E+0
-1.09863281E-1	-2.95121994E-9	-2.95121994E-9	-1.09863281E-1	0.00000000E+0	0.00000000E+0
-1.07421875E-1	-2.90262991E-9	-2.90262991E-9	-1.07421875E-1	0.00000000E+0	0.00000000E+0
-1.04980469E-1	-2.91173996E-9	-2.91173996E-9	-1.04980469E-1	0.00000000E+0	0.00000000E+0
-1.02539062E-1	-2.86770008E-9	-2.86770008E-9	-1.02539062E-1	0.00000000E+0	0.00000000E+0
-1.00097656E-1	-2.84720003E-9	-2.84720003E-9	-1.00097656E-1	0.00000000E+0	0.00000000E+0
-9.76562500E-2	-2.83581003E-9	-2.83581003E-9	-9.76562500E-2	0.00000000E+0	0.00000000E+0
-9.52148438E-2	-2.86770008E-9	-2.86770008E-9	-9.52148438E-2	0.00000000E+0	0.00000000E+0
-9.27734375E-2	-2.84264989E-9	-2.84264989E-9	-9.27734375E-2	0.00000000E+0	0.00000000E+0
-9.03320313E-2	-2.84720003E-9	-2.84720003E-9	-9.03320313E-2	0.00000000E+0	0.00000000E+0
-8.78906250E-2	-2.82974000E-9	-2.82974000E-9	-8.78906250E-2	0.00000000E+0	0.00000000E+0
-8.54492188E-2	-2.83428991E-9	-2.83428991E-9	-8.54492188E-2	0.00000000E+0	0.00000000E+0
-8.30078125E-2	-2.81758994E-9	-2.81758994E-9	-8.30078125E-2	0.00000000E+0	0.00000000E+0
-8.05664063E-2	-2.82479995E-9	-2.82479995E-9	-8.05664063E-2	0.00000000E+0	0.00000000E+0
-7.81250000E-2	-2.84567991E-9	-2.84567991E-9	-7.81250000E-2	0.00000000E+0	0.00000000E+0
-7.56835938E-2	-2.86617996E-9	-2.86617996E-9	-7.56835938E-2	0.00000000E+0	0.00000000E+0
-7.32421875E-2	-2.91022006E-9	-2.91022006E-9	-7.32421875E-2	0.00000000E+0	0.00000000E+0
-7.08007813E-2	-2.93414004E-9	-2.93414004E-9	-7.08007813E-2	0.00000000E+0	0.00000000E+0
-6.83593750E-2	-2.97362002E-9	-2.97362002E-9	-6.83593750E-2	0.00000000E+0	0.00000000E+0
-6.59179688E-2	-3.06813996E-9	-3.06813996E-9	-6.59179688E-2	0.00000000E+0	0.00000000E+0
-6.34765625E-2	-3.17595994E-9	-3.17595994E-9	-6.34765625E-2	0.00000000E+0	0.00000000E+0
-6.10351563E-2	-3.27504002E-9	-3.27504002E-9	-6.10351563E-2	0.00000000E+0	0.00000000E+0
-5.85937500E-2	-3.41588002E-9	-3.41588002E-9	-5.85937500E-2	0.00000000E+0	0.00000000E+0
-5.61523438E-2	-3.58368002E-9	-3.58368002E-9	-5.61523438E-2	0.00000000E+0	0.00000000E+0
-5.37109375E-2	-3.70021991E-9	-3.70021991E-9	-5.37109375E-2	0.00000000E+0	0.00000000E+0
-5.12695313E-2	-3.85094001E-9	-3.85094001E-9	-5.12695313E-2	0.00000000E+0	0.00000000E+0
-4.88281250E-2	-3.82018994E-9	-3.82018994E-9	-4.88281250E-2	0.00000000E+0	0.00000000E+0
-4.63867188E-2	-3.00588998E-9	-3.00588998E-9	-4.63867188E-2	0.00000000E+0	0.00000000E+0
-4.39453125E-2	-3.16077009E-9	-3.16077009E-9	-4.39453125E-2	0.00000000E+0	0.00000000E+0
-4.15039063E-2	-2.94742009E-9	-2.94742009E-9	-4.15039063E-2	0.00000000E+0	0.00000000E+0
-3.90625000E-2	-2.75381007E-9	-2.75381007E-9	-3.90625000E-2	0.00000000E+0	0.00000000E+0
-3.66210938E-2	-2.57310995E-9	-2.57310995E-9	-3.66210938E-2	0.00000000E+0	0.00000000E+0
-3.41796875E-2	-2.41973996E-9	-2.41973996E-9	-3.41796875E-2	0.00000000E+0	0.00000000E+0
-3.17382813E-2	-2.26674990E-9	-2.26674990E-9	-3.17382813E-2	0.00000000E+0	0.00000000E+0
-2.92968750E-2	-2.11984008E-9	-2.11984008E-9	-2.92968750E-2	0.00000000E+0	0.00000000E+0
-2.68554688E-2	-1.96621008E-9	-1.96621008E-9	-2.68554688E-2	0.00000000E+0	0.00000000E+0
-2.44140625E-2	-1.80835003E-9	-1.80835003E-9	-2.44140625E-2	0.00000000E+0	0.00000000E+0
-2.19726563E-2	-1.63290004E-9	-1.63290004E-9	-2.19726563E-2	0.00000000E+0	0.00000000E+0
-1.95312500E-2	-1.42967005E-9	-1.42967005E-9	-1.95312500E-2	0.00000000E+0	0.00000000E+0
-1.70898438E-2	-1.20191002E-9	-1.20191002E-9	-1.70898438E-2	0.00000000E+0	0.00000000E+0
-1.46484375E-2	-9.62465996E-10	-9.62465996E-10	-1.46484375E-2	0.00000000E+0	0.00000000E+0
-1.22070313E-2	-7.33987982E-10	-7.33987982E-10	-1.22070313E-2	0.00000000E+0	0.00000000E+0
-9.76562500E-3	-5.23927013E-10	-5.23927013E-10	-9.76562500E-3	0.00000000E+0	0.00000000E+0
-7.32421875E-3	-3.51941004E-10	-3.51941004E-10	-7.32421875E-3	0.00000000E+0	0.00000000E+0
-4.88281250E-3	-1.98417005E-10	-1.98417005E-10	-4.88281250E-3	0.00000000E+0	0.00000000E+0
-2.44140625E-3	-9.25624993E-11	-9.25624993E-11	-2.44140625E-3	0.00000000E+0	0.00000000E+0
0.00000000E+0	7.91623982E-13	7.91623982E-13	0.00000000E+0	0.00000000E+0	0.00000000E+0
