Date: do 28 mrt 2013, Material: Au, Temp: 4.2 K
AO1 - module gain: 1.0E+0, R_out: 0.0
AO2 - module gain: 1.0E+2
MUX1 - ADC gain: 4, logarithmic amplifier: D:\LabVIEW Data\Lithographic MCBJ\MED24_070412.TXT, R_in: 0.000
MUX2 - ADC gain: 4, linear amplifier: 1.000000 x 1e10 V/A, R_in: 1.000
Breaking trace: 15 0
Axis position: -884.409892
Vbias (V)	<I> and Ii MUX1 (A)	Vbias (V)	<I> and Ii MUX2 (A)
@
0.00000000E+0	-4.38164005E-10	-4.38164005E-10	0.00000000E+0	0.00000000E+0	0.00000000E+0
2.44140625E-3	7.39886985E-10	7.39886985E-10	2.44140625E-3	0.00000000E+0	0.00000000E+0
4.88281250E-3	2.07985007E-9	2.07985007E-9	4.88281250E-3	0.00000000E+0	0.00000000E+0
7.32421875E-3	3.31946004E-9	3.31946004E-9	7.32421875E-3	0.00000000E+0	0.00000000E+0
9.76562500E-3	4.76318007E-9	4.76318007E-9	9.76562500E-3	0.00000000E+0	0.00000000E+0
1.22070313E-2	6.19096019E-9	6.19096019E-9	1.22070313E-2	0.00000000E+0	0.00000000E+0
1.46484375E-2	7.62936025E-9	7.62936025E-9	1.46484375E-2	0.00000000E+0	0.00000000E+0
1.70898438E-2	9.08560960E-9	9.08560960E-9	1.70898438E-2	0.00000000E+0	0.00000000E+0
1.95312500E-2	1.07552998E-8	1.07552998E-8	1.95312500E-2	0.00000000E+0	0.00000000E+0
2.19726563E-2	1.21298998E-8	1.21298998E-8	2.19726563E-2	0.00000000E+0	0.00000000E+0
2.44140625E-2	1.38819001E-8	1.38819001E-8	2.44140625E-2	0.00000000E+0	0.00000000E+0
2.68554688E-2	1.52453001E-8	1.52453001E-8	2.68554688E-2	0.00000000E+0	0.00000000E+0
2.92968750E-2	1.67974008E-8	1.67974008E-8	2.92968750E-2	0.00000000E+0	0.00000000E+0
3.17382813E-2	1.84182998E-8	1.84182998E-8	3.17382813E-2	0.00000000E+0	0.00000000E+0
3.41796875E-2	1.99779997E-8	1.99779997E-8	3.41796875E-2	0.00000000E+0	0.00000000E+0
3.66210938E-2	2.14230003E-8	2.14230003E-8	3.66210938E-2	0.00000000E+0	0.00000000E+0
3.90625000E-2	2.30247004E-8	2.30247004E-8	3.90625000E-2	0.00000000E+0	0.00000000E+0
4.15039063E-2	2.45844003E-8	2.45844003E-8	4.15039063E-2	0.00000000E+0	0.00000000E+0
4.39453125E-2	2.37471998E-8	2.37471998E-8	4.39453125E-2	0.00000000E+0	0.00000000E+0
4.63867188E-2	2.13121005E-8	2.13121005E-8	4.63867188E-2	0.00000000E+0	0.00000000E+0
4.88281250E-2	1.98504999E-8	1.98504999E-8	4.88281250E-2	0.00000000E+0	0.00000000E+0
5.12695313E-2	1.75161006E-8	1.75161006E-8	5.12695313E-2	0.00000000E+0	0.00000000E+0
5.37109375E-2	1.57473998E-8	1.57473998E-8	5.37109375E-2	0.00000000E+0	0.00000000E+0
5.61523438E-2	1.42844998E-8	1.42844998E-8	5.61523438E-2	0.00000000E+0	0.00000000E+0
5.85937500E-2	1.33798004E-8	1.33798004E-8	5.85937500E-2	0.00000000E+0	0.00000000E+0
6.10351563E-2	1.25542998E-8	1.25542998E-8	6.10351563E-2	0.00000000E+0	0.00000000E+0
6.34765625E-2	1.20508004E-8	1.20508004E-8	6.34765625E-2	0.00000000E+0	0.00000000E+0
6.59179688E-2	1.13715997E-8	1.13715997E-8	6.59179688E-2	0.00000000E+0	0.00000000E+0
6.83593750E-2	1.10969998E-8	1.10969998E-8	6.83593750E-2	0.00000000E+0	0.00000000E+0
7.08007813E-2	1.09222000E-8	1.09222000E-8	7.08007813E-2	0.00000000E+0	0.00000000E+0
7.32421875E-2	1.07984004E-8	1.07984004E-8	7.32421875E-2	0.00000000E+0	0.00000000E+0
7.56835938E-2	1.07552998E-8	1.07552998E-8	7.56835938E-2	0.00000000E+0	0.00000000E+0
7.81250000E-2	1.07252998E-8	1.07252998E-8	7.81250000E-2	0.00000000E+0	0.00000000E+0
8.05664063E-2	1.05886002E-8	1.05886002E-8	8.05664063E-2	0.00000000E+0	0.00000000E+0
8.30078125E-2	9.80500037E-9	9.80500037E-9	8.30078125E-2	0.00000000E+0	0.00000000E+0
8.54492188E-2	9.88433957E-9	9.88433957E-9	8.54492188E-2	0.00000000E+0	0.00000000E+0
8.78906250E-2	1.00062003E-8	1.00062003E-8	8.78906250E-2	0.00000000E+0	0.00000000E+0
9.03320313E-2	1.01279003E-8	1.01279003E-8	9.03320313E-2	0.00000000E+0	0.00000000E+0
9.27734375E-2	1.03264002E-8	1.03264002E-8	9.27734375E-2	0.00000000E+0	0.00000000E+0
9.52148438E-2	1.04850004E-8	1.04850004E-8	9.52148438E-2	0.00000000E+0	0.00000000E+0
9.76562500E-2	1.06708997E-8	1.06708997E-8	9.76562500E-2	0.00000000E+0	0.00000000E+0
1.00097656E-1	1.13454997E-8	1.13454997E-8	1.00097656E-1	0.00000000E+0	0.00000000E+0
1.02539062E-1	1.17649002E-8	1.17649002E-8	1.02539062E-1	0.00000000E+0	0.00000000E+0
1.04980469E-1	1.20088002E-8	1.20088002E-8	1.04980469E-1	0.00000000E+0	0.00000000E+0
1.07421875E-1	1.22505996E-8	1.22505996E-8	1.07421875E-1	0.00000000E+0	0.00000000E+0
1.09863281E-1	1.25371997E-8	1.25371997E-8	1.09863281E-1	0.00000000E+0	0.00000000E+0
1.12304687E-1	1.29963000E-8	1.29963000E-8	1.12304687E-1	0.00000000E+0	0.00000000E+0
1.14746094E-1	1.35939002E-8	1.35939002E-8	1.14746094E-1	0.00000000E+0	0.00000000E+0
1.17187500E-1	1.38717002E-8	1.38717002E-8	1.17187500E-1	0.00000000E+0	0.00000000E+0
1.19628906E-1	1.41366998E-8	1.41366998E-8	1.19628906E-1	0.00000000E+0	0.00000000E+0
1.22070312E-1	1.43909000E-8	1.43909000E-8	1.22070312E-1	0.00000000E+0	0.00000000E+0
1.24511719E-1	1.46388004E-8	1.46388004E-8	1.24511719E-1	0.00000000E+0	0.00000000E+0
1.26953125E-1	1.53677000E-8	1.53677000E-8	1.26953125E-1	0.00000000E+0	0.00000000E+0
1.29394531E-1	1.55816995E-8	1.55816995E-8	1.29394531E-1	0.00000000E+0	0.00000000E+0
1.31835937E-1	1.58646003E-8	1.58646003E-8	1.31835937E-1	0.00000000E+0	0.00000000E+0
1.34277344E-1	1.60940008E-8	1.60940008E-8	1.34277344E-1	0.00000000E+0	0.00000000E+0
1.36718750E-1	1.63921996E-8	1.63921996E-8	1.36718750E-1	0.00000000E+0	0.00000000E+0
1.39160156E-1	1.66330008E-8	1.66330008E-8	1.39160156E-1	0.00000000E+0	0.00000000E+0
1.41601562E-1	1.69019003E-8	1.69019003E-8	1.41601562E-1	0.00000000E+0	0.00000000E+0
1.44042969E-1	1.72044992E-8	1.72044992E-8	1.44042969E-1	0.00000000E+0	0.00000000E+0
1.46484375E-1	1.71185004E-8	1.71185004E-8	1.46484375E-1	0.00000000E+0	0.00000000E+0
1.48925781E-1	1.77913009E-8	1.77913009E-8	1.48925781E-1	0.00000000E+0	0.00000000E+0
1.51367187E-1	1.80819004E-8	1.80819004E-8	1.51367187E-1	0.00000000E+0	0.00000000E+0
1.53808594E-1	1.83264994E-8	1.83264994E-8	1.53808594E-1	0.00000000E+0	0.00000000E+0
1.56250000E-1	1.86220994E-8	1.86220994E-8	1.56250000E-1	0.00000000E+0	0.00000000E+0
1.58691406E-1	1.90298994E-8	1.90298994E-8	1.58691406E-1	0.00000000E+0	0.00000000E+0
1.61132812E-1	1.94427994E-8	1.94427994E-8	1.61132812E-1	0.00000000E+0	0.00000000E+0
1.63574219E-1	1.97830001E-8	1.97830001E-8	1.63574219E-1	0.00000000E+0	0.00000000E+0
1.66015625E-1	1.99549994E-8	1.99549994E-8	1.66015625E-1	0.00000000E+0	0.00000000E+0
1.68457031E-1	2.02722994E-8	2.02722994E-8	1.68457031E-1	0.00000000E+0	0.00000000E+0
1.70898437E-1	2.06048991E-8	2.06048991E-8	1.70898437E-1	0.00000000E+0	0.00000000E+0
1.73339844E-1	2.07731006E-8	2.07731006E-8	1.73339844E-1	0.00000000E+0	0.00000000E+0
1.75781250E-1	2.10942002E-8	2.10942002E-8	1.75781250E-1	0.00000000E+0	0.00000000E+0
1.78222656E-1	2.14343991E-8	2.14343991E-8	1.78222656E-1	0.00000000E+0	0.00000000E+0
1.80664062E-1	2.18128999E-8	2.18128999E-8	1.80664062E-1	0.00000000E+0	0.00000000E+0
1.83105469E-1	2.21799006E-8	2.21799006E-8	1.83105469E-1	0.00000000E+0	0.00000000E+0
1.85546875E-1	2.24246008E-8	2.24246008E-8	1.85546875E-1	0.00000000E+0	0.00000000E+0
1.87988281E-1	2.26691999E-8	2.26691999E-8	1.87988281E-1	0.00000000E+0	0.00000000E+0
1.90429687E-1	2.30552999E-8	2.30552999E-8	1.90429687E-1	0.00000000E+0	0.00000000E+0
1.92871094E-1	2.34338007E-8	2.34338007E-8	1.92871094E-1	0.00000000E+0	0.00000000E+0
1.95312500E-1	2.38275000E-8	2.38275000E-8	1.95312500E-1	0.00000000E+0	0.00000000E+0
1.97753906E-1	2.39994993E-8	2.39994993E-8	1.97753906E-1	0.00000000E+0	0.00000000E+0
2.00195312E-1	2.42976999E-8	2.42976999E-8	2.00195312E-1	0.00000000E+0	0.00000000E+0
2.02636719E-1	2.45729996E-8	2.45729996E-8	2.02636719E-1	0.00000000E+0	0.00000000E+0
2.05078125E-1	2.49322998E-8	2.49322998E-8	2.05078125E-1	0.00000000E+0	0.00000000E+0
2.07519531E-1	2.52267007E-8	2.52267007E-8	2.07519531E-1	0.00000000E+0	0.00000000E+0
2.09960937E-1	2.54522003E-8	2.54522003E-8	2.09960937E-1	0.00000000E+0	0.00000000E+0
2.12402344E-1	2.57160000E-8	2.57160000E-8	2.12402344E-1	0.00000000E+0	0.00000000E+0
2.14843750E-1	2.60638995E-8	2.60638995E-8	2.14843750E-1	0.00000000E+0	0.00000000E+0
2.17285156E-1	2.62932005E-8	2.62932005E-8	2.17285156E-1	0.00000000E+0	0.00000000E+0
2.19726562E-1	2.65417004E-8	2.65417004E-8	2.19726562E-1	0.00000000E+0	0.00000000E+0
2.22167969E-1	2.67367000E-8	2.67367000E-8	2.22167969E-1	0.00000000E+0	0.00000000E+0
2.24609375E-1	2.71037006E-8	2.71037006E-8	2.24609375E-1	0.00000000E+0	0.00000000E+0
2.27050781E-1	2.73560001E-8	2.73560001E-8	2.27050781E-1	0.00000000E+0	0.00000000E+0
2.29492187E-1	2.76618000E-8	2.76618000E-8	2.29492187E-1	0.00000000E+0	0.00000000E+0
2.31933594E-1	2.78605992E-8	2.78605992E-8	2.31933594E-1	0.00000000E+0	0.00000000E+0
2.34375000E-1	2.81664008E-8	2.81664008E-8	2.34375000E-1	0.00000000E+0	0.00000000E+0
2.36816406E-1	2.84377997E-8	2.84377997E-8	2.36816406E-1	0.00000000E+0	0.00000000E+0
2.39257812E-1	2.86557000E-8	2.86557000E-8	2.39257812E-1	0.00000000E+0	0.00000000E+0
2.41699219E-1	2.89654007E-8	2.89654007E-8	2.41699219E-1	0.00000000E+0	0.00000000E+0
2.44140625E-1	2.92520994E-8	2.92520994E-8	2.44140625E-1	0.00000000E+0	0.00000000E+0
2.46582031E-1	2.95732008E-8	2.95732008E-8	2.46582031E-1	0.00000000E+0	0.00000000E+0
2.49023437E-1	2.97720000E-8	2.97720000E-8	2.49023437E-1	0.00000000E+0	0.00000000E+0
2.51464844E-1	3.01237009E-8	3.01237009E-8	2.51464844E-1	0.00000000E+0	0.00000000E+0
2.53906250E-1	3.04524015E-8	3.04524015E-8	2.53906250E-1	0.00000000E+0	0.00000000E+0
2.56347656E-1	3.07697015E-8	3.07697015E-8	2.56347656E-1	0.00000000E+0	0.00000000E+0
2.58789062E-1	3.10029016E-8	3.10029016E-8	2.58789062E-1	0.00000000E+0	0.00000000E+0
2.61230469E-1	3.13164001E-8	3.13164001E-8	2.61230469E-1	0.00000000E+0	0.00000000E+0
2.63671875E-1	3.16527995E-8	3.16527995E-8	2.63671875E-1	0.00000000E+0	0.00000000E+0
2.66113281E-1	3.18898010E-8	3.18898010E-8	2.66113281E-1	0.00000000E+0	0.00000000E+0
2.68554687E-1	3.21345013E-8	3.21345013E-8	2.68554687E-1	0.00000000E+0	0.00000000E+0
2.70996094E-1	3.25015002E-8	3.25015002E-8	2.70996094E-1	0.00000000E+0	0.00000000E+0
2.73437500E-1	3.28226015E-8	3.28226015E-8	2.73437500E-1	0.00000000E+0	0.00000000E+0
2.75878906E-1	3.30825003E-8	3.30825003E-8	2.75878906E-1	0.00000000E+0	0.00000000E+0
2.78320312E-1	3.34724000E-8	3.34724000E-8	2.78320312E-1	0.00000000E+0	0.00000000E+0
2.80761719E-1	3.37017987E-8	3.37017987E-8	2.80761719E-1	0.00000000E+0	0.00000000E+0
2.83203125E-1	3.40419994E-8	3.40419994E-8	2.83203125E-1	0.00000000E+0	0.00000000E+0
2.85644531E-1	3.43287994E-8	3.43287994E-8	2.85644531E-1	0.00000000E+0	0.00000000E+0
2.88085937E-1	3.46193012E-8	3.46193012E-8	2.88085937E-1	0.00000000E+0	0.00000000E+0
2.90527344E-1	3.49481013E-8	3.49481013E-8	2.90527344E-1	0.00000000E+0	0.00000000E+0
2.92968750E-1	3.53150007E-8	3.53150007E-8	2.92968750E-1	0.00000000E+0	0.00000000E+0
2.95410156E-1	3.56209000E-8	3.56209000E-8	2.95410156E-1	0.00000000E+0	0.00000000E+0
2.97851562E-1	3.58961003E-8	3.58961003E-8	2.97851562E-1	0.00000000E+0	0.00000000E+0
3.00292969E-1	3.62936987E-8	3.62936987E-8	3.00292969E-1	0.00000000E+0	0.00000000E+0
3.02734375E-1	3.66301016E-8	3.66301016E-8	3.02734375E-1	0.00000000E+0	0.00000000E+0
3.05175781E-1	3.69436002E-8	3.69436002E-8	3.05175781E-1	0.00000000E+0	0.00000000E+0
3.07617187E-1	3.72417013E-8	3.72417013E-8	3.07617187E-1	0.00000000E+0	0.00000000E+0
3.10058594E-1	3.76087002E-8	3.76087002E-8	3.10058594E-1	0.00000000E+0	0.00000000E+0
3.12500000E-1	3.78839999E-8	3.78839999E-8	3.12500000E-1	0.00000000E+0	0.00000000E+0
3.14941406E-1	3.82509988E-8	3.82509988E-8	3.14941406E-1	0.00000000E+0	0.00000000E+0
3.17382812E-1	3.86371006E-8	3.86371006E-8	3.17382812E-1	0.00000000E+0	0.00000000E+0
3.19824219E-1	3.88854993E-8	3.88854993E-8	3.19824219E-1	0.00000000E+0	0.00000000E+0
3.22265625E-1	3.92218986E-8	3.92218986E-8	3.22265625E-1	0.00000000E+0	0.00000000E+0
3.24707031E-1	3.94513009E-8	3.94513009E-8	3.24707031E-1	0.00000000E+0	0.00000000E+0
3.27148437E-1	3.99177011E-8	3.99177011E-8	3.27148437E-1	0.00000000E+0	0.00000000E+0
3.29589844E-1	4.01852986E-8	4.01852986E-8	3.29589844E-1	0.00000000E+0	0.00000000E+0
3.32031250E-1	4.05751983E-8	4.05751983E-8	3.32031250E-1	0.00000000E+0	0.00000000E+0
3.34472656E-1	4.07968983E-8	4.07968983E-8	3.34472656E-1	0.00000000E+0	0.00000000E+0
3.36914062E-1	4.11869010E-8	4.11869010E-8	3.36914062E-1	0.00000000E+0	0.00000000E+0
3.39355469E-1	4.14773993E-8	4.14773993E-8	3.39355469E-1	0.00000000E+0	0.00000000E+0
3.41796875E-1	4.17755999E-8	4.17755999E-8	3.41796875E-1	0.00000000E+0	0.00000000E+0
3.44238281E-1	4.20432009E-8	4.20432009E-8	3.44238281E-1	0.00000000E+0	0.00000000E+0
3.46679687E-1	4.22649009E-8	4.22649009E-8	3.46679687E-1	0.00000000E+0	0.00000000E+0
3.49121094E-1	4.25783995E-8	4.25783995E-8	3.49121094E-1	0.00000000E+0	0.00000000E+0
3.51562500E-1	4.29645013E-8	4.29645013E-8	3.51562500E-1	0.00000000E+0	0.00000000E+0
3.54003906E-1	4.32740990E-8	4.32740990E-8	3.54003906E-1	0.00000000E+0	0.00000000E+0
3.56445312E-1	4.35798988E-8	4.35798988E-8	3.56445312E-1	0.00000000E+0	0.00000000E+0
3.58886719E-1	4.40081003E-8	4.40081003E-8	3.58886719E-1	0.00000000E+0	0.00000000E+0
3.61328125E-1	4.43139001E-8	4.43139001E-8	3.61328125E-1	0.00000000E+0	0.00000000E+0
3.63769531E-1	4.44667982E-8	4.44667982E-8	3.63769531E-1	0.00000000E+0	0.00000000E+0
3.66210937E-1	4.48568009E-8	4.48568009E-8	3.66210937E-1	0.00000000E+0	0.00000000E+0
3.68652344E-1	4.51166997E-8	4.51166997E-8	3.68652344E-1	0.00000000E+0	0.00000000E+0
3.71093750E-1	4.54224995E-8	4.54224995E-8	3.71093750E-1	0.00000000E+0	0.00000000E+0
3.73535156E-1	4.56060008E-8	4.56060008E-8	3.73535156E-1	0.00000000E+0	0.00000000E+0
3.75976562E-1	4.60111984E-8	4.60111984E-8	3.75976562E-1	0.00000000E+0	0.00000000E+0
3.78417969E-1	4.62787995E-8	4.62787995E-8	3.78417969E-1	0.00000000E+0	0.00000000E+0
3.80859375E-1	5.00175013E-8	5.00175013E-8	3.80859375E-1	0.00000000E+0	0.00000000E+0
3.83300781E-1	4.68827999E-8	4.68827999E-8	3.83300781E-1	0.00000000E+0	0.00000000E+0
3.85742187E-1	4.71734012E-8	4.71734012E-8	3.85742187E-1	0.00000000E+0	0.00000000E+0
3.88183594E-1	4.74486015E-8	4.74486015E-8	3.88183594E-1	0.00000000E+0	0.00000000E+0
3.90625000E-1	4.76205990E-8	4.76205990E-8	3.90625000E-1	0.00000000E+0	0.00000000E+0
3.93066406E-1	4.85668004E-8	4.85668004E-8	3.93066406E-1	0.00000000E+0	0.00000000E+0
3.95507812E-1	5.17377998E-8	5.17377998E-8	3.95507812E-1	0.00000000E+0	0.00000000E+0
3.97949219E-1	5.21658983E-8	5.21658983E-8	3.97949219E-1	0.00000000E+0	0.00000000E+0
4.00390625E-1	5.24718011E-8	5.24718011E-8	4.00390625E-1	0.00000000E+0	0.00000000E+0
4.02832031E-1	5.27087991E-8	5.27087991E-8	4.02832031E-1	0.00000000E+0	0.00000000E+0
4.05273437E-1	5.29610986E-8	5.29610986E-8	4.05273437E-1	0.00000000E+0	0.00000000E+0
4.07714844E-1	5.33127995E-8	5.33127995E-8	4.07714844E-1	0.00000000E+0	0.00000000E+0
4.10156250E-1	5.36110001E-8	5.36110001E-8	4.10156250E-1	0.00000000E+0	0.00000000E+0
4.12597656E-1	5.39167999E-8	5.39167999E-8	4.12597656E-1	0.00000000E+0	0.00000000E+0
4.15039062E-1	5.42302985E-8	5.42302985E-8	4.15039062E-1	0.00000000E+0	0.00000000E+0
4.17480469E-1	5.45283996E-8	5.45283996E-8	4.17480469E-1	0.00000000E+0	0.00000000E+0
4.19921875E-1	5.15849017E-8	5.15849017E-8	4.19921875E-1	0.00000000E+0	0.00000000E+0
4.22363281E-1	5.14625995E-8	5.14625995E-8	4.22363281E-1	0.00000000E+0	0.00000000E+0
4.24804687E-1	5.15849017E-8	5.15849017E-8	4.24804687E-1	0.00000000E+0	0.00000000E+0
4.27246094E-1	5.20206989E-8	5.20206989E-8	4.27246094E-1	0.00000000E+0	0.00000000E+0
4.29687500E-1	5.22652996E-8	5.22652996E-8	4.29687500E-1	0.00000000E+0	0.00000000E+0
4.32128906E-1	5.27393986E-8	5.27393986E-8	4.32128906E-1	0.00000000E+0	0.00000000E+0
4.34570312E-1	5.30108011E-8	5.30108011E-8	4.34570312E-1	0.00000000E+0	0.00000000E+0
4.37011719E-1	5.32668984E-8	5.32668984E-8	4.37011719E-1	0.00000000E+0	0.00000000E+0
4.39453125E-1	5.36491989E-8	5.36491989E-8	4.39453125E-1	0.00000000E+0	0.00000000E+0
4.41894531E-1	5.39167999E-8	5.39167999E-8	4.41894531E-1	0.00000000E+0	0.00000000E+0
4.44335937E-1	5.41920002E-8	5.41920002E-8	4.44335937E-1	0.00000000E+0	0.00000000E+0
4.46777344E-1	5.45283996E-8	5.45283996E-8	4.46777344E-1	0.00000000E+0	0.00000000E+0
4.49218750E-1	5.48419017E-8	5.48419017E-8	4.49218750E-1	0.00000000E+0	0.00000000E+0
4.51660156E-1	5.50865984E-8	5.50865984E-8	4.51660156E-1	0.00000000E+0	0.00000000E+0
4.54101562E-1	5.55071011E-8	5.55071011E-8	4.54101562E-1	0.00000000E+0	0.00000000E+0
4.56542969E-1	5.58587985E-8	5.58587985E-8	4.56542969E-1	0.00000000E+0	0.00000000E+0
4.58984375E-1	5.65162992E-8	5.65162992E-8	4.58984375E-1	0.00000000E+0	0.00000000E+0
4.61425781E-1	6.05264034E-8	6.05264034E-8	4.61425781E-1	0.00000000E+0	0.00000000E+0
4.63867187E-1	6.09202004E-8	6.09202004E-8	4.63867187E-1	0.00000000E+0	0.00000000E+0
4.66308594E-1	6.12718978E-8	6.12718978E-8	4.66308594E-1	0.00000000E+0	0.00000000E+0
4.68750000E-1	6.16158999E-8	6.16158999E-8	4.68750000E-1	0.00000000E+0	0.00000000E+0
4.71191406E-1	6.19217033E-8	6.19217033E-8	4.71191406E-1	0.00000000E+0	0.00000000E+0
4.73632812E-1	5.93374985E-8	5.93374985E-8	4.73632812E-1	0.00000000E+0	0.00000000E+0
4.76074219E-1	5.83435984E-8	5.83435984E-8	4.76074219E-1	0.00000000E+0	0.00000000E+0
4.78515625E-1	5.86723985E-8	5.86723985E-8	4.78515625E-1	0.00000000E+0	0.00000000E+0
4.80957031E-1	5.90088014E-8	5.90088014E-8	4.80957031E-1	0.00000000E+0	0.00000000E+0
4.83398437E-1	5.93872009E-8	5.93872009E-8	4.83398437E-1	0.00000000E+0	0.00000000E+0
4.85839844E-1	5.95898015E-8	5.95898015E-8	4.85839844E-1	0.00000000E+0	0.00000000E+0
4.88281250E-1	5.99492012E-8	5.99492012E-8	4.88281250E-1	0.00000000E+0	0.00000000E+0
4.90722656E-1	5.99185981E-8	5.99185981E-8	4.90722656E-1	0.00000000E+0	0.00000000E+0
4.93164062E-1	6.05760988E-8	6.05760988E-8	4.93164062E-1	0.00000000E+0	0.00000000E+0
4.90722656E-1	6.03619981E-8	6.03619981E-8	4.90722656E-1	0.00000000E+0	0.00000000E+0
4.88281250E-1	5.93374985E-8	5.93374985E-8	4.88281250E-1	0.00000000E+0	0.00000000E+0
4.85839844E-1	5.95094996E-8	5.95094996E-8	4.85839844E-1	0.00000000E+0	0.00000000E+0
4.83398437E-1	6.08742994E-8	6.08742994E-8	4.83398437E-1	0.00000000E+0	0.00000000E+0
4.80957031E-1	5.91195999E-8	5.91195999E-8	4.80957031E-1	0.00000000E+0	0.00000000E+0
4.78515625E-1	5.87182001E-8	5.87182001E-8	4.78515625E-1	0.00000000E+0	0.00000000E+0
4.76074219E-1	6.26021972E-8	6.26021972E-8	4.76074219E-1	0.00000000E+0	0.00000000E+0
4.73632812E-1	6.22581027E-8	6.22581027E-8	4.73632812E-1	0.00000000E+0	0.00000000E+0
4.71191406E-1	6.18759017E-8	6.18759017E-8	4.71191406E-1	0.00000000E+0	0.00000000E+0
4.68750000E-1	5.92075011E-8	5.92075011E-8	4.68750000E-1	0.00000000E+0	0.00000000E+0
4.66308594E-1	5.69330005E-8	5.69330005E-8	4.66308594E-1	0.00000000E+0	0.00000000E+0
4.63867187E-1	5.65162992E-8	5.65162992E-8	4.63867187E-1	0.00000000E+0	0.00000000E+0
4.61425781E-1	5.63099007E-8	5.63099007E-8	4.61425781E-1	0.00000000E+0	0.00000000E+0
4.58984375E-1	5.60728992E-8	5.60728992E-8	4.58984375E-1	0.00000000E+0	0.00000000E+0
4.56542969E-1	5.56675985E-8	5.56675985E-8	4.56542969E-1	0.00000000E+0	0.00000000E+0
4.54101562E-1	5.53541994E-8	5.53541994E-8	4.54101562E-1	0.00000000E+0	0.00000000E+0
4.51660156E-1	5.51094992E-8	5.51094992E-8	4.51660156E-1	0.00000000E+0	0.00000000E+0
4.49218750E-1	5.87641011E-8	5.87641011E-8	4.49218750E-1	0.00000000E+0	0.00000000E+0
4.46777344E-1	5.83435984E-8	5.83435984E-8	4.46777344E-1	0.00000000E+0	0.00000000E+0
4.44335937E-1	5.80989017E-8	5.80989017E-8	4.44335937E-1	0.00000000E+0	0.00000000E+0
4.41894531E-1	5.38786011E-8	5.38786011E-8	4.41894531E-1	0.00000000E+0	0.00000000E+0
4.39453125E-1	5.35000986E-8	5.35000986E-8	4.39453125E-1	0.00000000E+0	0.00000000E+0
4.37011719E-1	5.31330997E-8	5.31330997E-8	4.37011719E-1	0.00000000E+0	0.00000000E+0
4.34570312E-1	5.27700017E-8	5.27700017E-8	4.34570312E-1	0.00000000E+0	0.00000000E+0
4.32128906E-1	5.23877013E-8	5.23877013E-8	4.32128906E-1	0.00000000E+0	0.00000000E+0
4.29687500E-1	5.21354018E-8	5.21354018E-8	4.29687500E-1	0.00000000E+0	0.00000000E+0
4.27246094E-1	5.17874987E-8	5.17874987E-8	4.27246094E-1	0.00000000E+0	0.00000000E+0
4.24804687E-1	5.15427985E-8	5.15427985E-8	4.24804687E-1	0.00000000E+0	0.00000000E+0
4.22363281E-1	5.12484988E-8	5.12484988E-8	4.22363281E-1	0.00000000E+0	0.00000000E+0
4.19921875E-1	5.09731990E-8	5.09731990E-8	4.19921875E-1	0.00000000E+0	0.00000000E+0
4.17480469E-1	5.06062001E-8	5.06062001E-8	4.17480469E-1	0.00000000E+0	0.00000000E+0
4.15039062E-1	5.03845001E-8	5.03845001E-8	4.15039062E-1	0.00000000E+0	0.00000000E+0
4.12597656E-1	4.99564017E-8	4.99564017E-8	4.12597656E-1	0.00000000E+0	0.00000000E+0
4.10156250E-1	4.97423009E-8	4.97423009E-8	4.10156250E-1	0.00000000E+0	0.00000000E+0
4.07714844E-1	4.91994996E-8	4.91994996E-8	4.07714844E-1	0.00000000E+0	0.00000000E+0
4.05273437E-1	4.90771015E-8	4.90771015E-8	4.05273437E-1	0.00000000E+0	0.00000000E+0
4.02832031E-1	4.87330993E-8	4.87330993E-8	4.02832031E-1	0.00000000E+0	0.00000000E+0
4.00390625E-1	4.85993006E-8	4.85993006E-8	4.00390625E-1	0.00000000E+0	0.00000000E+0
3.97949219E-1	4.83049014E-8	4.83049014E-8	3.97949219E-1	0.00000000E+0	0.00000000E+0
3.95507812E-1	4.79226010E-8	4.79226010E-8	3.95507812E-1	0.00000000E+0	0.00000000E+0
3.93066406E-1	4.76780002E-8	4.76780002E-8	3.93066406E-1	0.00000000E+0	0.00000000E+0
3.90625000E-1	5.10037985E-8	5.10037985E-8	3.90625000E-1	0.00000000E+0	0.00000000E+0
3.88183594E-1	5.05757001E-8	5.05757001E-8	3.88183594E-1	0.00000000E+0	0.00000000E+0
3.85742187E-1	4.68827999E-8	4.68827999E-8	3.85742187E-1	0.00000000E+0	0.00000000E+0
3.83300781E-1	4.67146002E-8	4.67146002E-8	3.83300781E-1	0.00000000E+0	0.00000000E+0
3.80859375E-1	4.64623007E-8	4.64623007E-8	3.80859375E-1	0.00000000E+0	0.00000000E+0
3.78417969E-1	4.60341987E-8	4.60341987E-8	3.78417969E-1	0.00000000E+0	0.00000000E+0
3.75976562E-1	4.57894984E-8	4.57894984E-8	3.75976562E-1	0.00000000E+0	0.00000000E+0
3.73535156E-1	4.55449012E-8	4.55449012E-8	3.73535156E-1	0.00000000E+0	0.00000000E+0
3.71093750E-1	4.53002009E-8	4.53002009E-8	3.71093750E-1	0.00000000E+0	0.00000000E+0
3.68652344E-1	4.49866988E-8	4.49866988E-8	3.68652344E-1	0.00000000E+0	0.00000000E+0
3.66210937E-1	4.46771011E-8	4.46771011E-8	3.66210937E-1	0.00000000E+0	0.00000000E+0
3.63769531E-1	4.43520989E-8	4.43520989E-8	3.63769531E-1	0.00000000E+0	0.00000000E+0
3.61328125E-1	4.40081003E-8	4.40081003E-8	3.61328125E-1	0.00000000E+0	0.00000000E+0
3.58886719E-1	4.36793002E-8	4.36793002E-8	3.58886719E-1	0.00000000E+0	0.00000000E+0
3.56445312E-1	4.34537988E-8	4.34537988E-8	3.56445312E-1	0.00000000E+0	0.00000000E+0
3.54003906E-1	4.32090985E-8	4.32090985E-8	3.54003906E-1	0.00000000E+0	0.00000000E+0
3.51562500E-1	4.28460005E-8	4.28460005E-8	3.51562500E-1	0.00000000E+0	0.00000000E+0
3.49121094E-1	4.24560014E-8	4.24560014E-8	3.49121094E-1	0.00000000E+0	0.00000000E+0
3.46679687E-1	4.22649009E-8	4.22649009E-8	3.46679687E-1	0.00000000E+0	0.00000000E+0
3.44238281E-1	4.18978985E-8	4.18978985E-8	3.44238281E-1	0.00000000E+0	0.00000000E+0
3.41796875E-1	4.15920987E-8	4.15920987E-8	3.41796875E-1	0.00000000E+0	0.00000000E+0
3.39355469E-1	4.12326990E-8	4.12326990E-8	3.39355469E-1	0.00000000E+0	0.00000000E+0
3.36914062E-1	4.08887004E-8	4.08887004E-8	3.36914062E-1	0.00000000E+0	0.00000000E+0
3.34472656E-1	4.06364009E-8	4.06364009E-8	3.34472656E-1	0.00000000E+0	0.00000000E+0
3.32031250E-1	4.02693985E-8	4.02693985E-8	3.32031250E-1	0.00000000E+0	0.00000000E+0
3.29589844E-1	4.00094002E-8	4.00094002E-8	3.29589844E-1	0.00000000E+0	0.00000000E+0
3.27148437E-1	3.96576993E-8	3.96576993E-8	3.27148437E-1	0.00000000E+0	0.00000000E+0
3.24707031E-1	3.93289987E-8	3.93289987E-8	3.24707031E-1	0.00000000E+0	0.00000000E+0
3.22265625E-1	3.90308017E-8	3.90308017E-8	3.22265625E-1	0.00000000E+0	0.00000000E+0
3.19824219E-1	3.87172996E-8	3.87172996E-8	3.19824219E-1	0.00000000E+0	0.00000000E+0
3.17382812E-1	3.84114998E-8	3.84114998E-8	3.17382812E-1	0.00000000E+0	0.00000000E+0
3.14941406E-1	3.79985998E-8	3.79985998E-8	3.14941406E-1	0.00000000E+0	0.00000000E+0
3.12500000E-1	3.76087002E-8	3.76087002E-8	3.12500000E-1	0.00000000E+0	0.00000000E+0
3.10058594E-1	3.73794009E-8	3.73794009E-8	3.10058594E-1	0.00000000E+0	0.00000000E+0
3.07617187E-1	3.70352993E-8	3.70352993E-8	3.07617187E-1	0.00000000E+0	0.00000000E+0
3.05175781E-1	3.66988999E-8	3.66988999E-8	3.05175781E-1	0.00000000E+0	0.00000000E+0
3.02734375E-1	3.63854014E-8	3.63854014E-8	3.02734375E-1	0.00000000E+0	0.00000000E+0
3.00292969E-1	3.60489985E-8	3.60489985E-8	3.00292969E-1	0.00000000E+0	0.00000000E+0
2.97851562E-1	3.57738017E-8	3.57738017E-8	2.97851562E-1	0.00000000E+0	0.00000000E+0
2.95410156E-1	3.54756011E-8	3.54756011E-8	2.95410156E-1	0.00000000E+0	0.00000000E+0
2.92968750E-1	3.52118015E-8	3.52118015E-8	2.92968750E-1	0.00000000E+0	0.00000000E+0
2.90527344E-1	3.47454012E-8	3.47454012E-8	2.90527344E-1	0.00000000E+0	0.00000000E+0
2.88085937E-1	3.45314000E-8	3.45314000E-8	2.88085937E-1	0.00000000E+0	0.00000000E+0
2.85644531E-1	3.40611983E-8	3.40611983E-8	2.85644531E-1	0.00000000E+0	0.00000000E+0
2.83203125E-1	3.38393988E-8	3.38393988E-8	2.83203125E-1	0.00000000E+0	0.00000000E+0
2.80761719E-1	3.35107018E-8	3.35107018E-8	2.80761719E-1	0.00000000E+0	0.00000000E+0
2.78320312E-1	3.32277992E-8	3.32277992E-8	2.78320312E-1	0.00000000E+0	0.00000000E+0
2.75878906E-1	3.28683996E-8	3.28683996E-8	2.75878906E-1	0.00000000E+0	0.00000000E+0
2.73437500E-1	3.26237988E-8	3.26237988E-8	2.73437500E-1	0.00000000E+0	0.00000000E+0
2.70996094E-1	3.23484990E-8	3.23484990E-8	2.70996094E-1	0.00000000E+0	0.00000000E+0
2.68554687E-1	3.25015002E-8	3.25015002E-8	2.68554687E-1	0.00000000E+0	0.00000000E+0
2.66113281E-1	3.39618005E-8	3.39618005E-8	2.66113281E-1	0.00000000E+0	0.00000000E+0
2.63671875E-1	3.37017987E-8	3.37017987E-8	2.63671875E-1	0.00000000E+0	0.00000000E+0
2.61230469E-1	3.34494992E-8	3.34494992E-8	2.61230469E-1	0.00000000E+0	0.00000000E+0
2.58789062E-1	3.30290000E-8	3.30290000E-8	2.58789062E-1	0.00000000E+0	0.00000000E+0
2.56347656E-1	3.27155014E-8	3.27155014E-8	2.56347656E-1	0.00000000E+0	0.00000000E+0
2.53906250E-1	3.24555991E-8	3.24555991E-8	2.53906250E-1	0.00000000E+0	0.00000000E+0
2.51464844E-1	3.20924016E-8	3.20924016E-8	2.51464844E-1	0.00000000E+0	0.00000000E+0
2.49023437E-1	3.18285984E-8	3.18285984E-8	2.49023437E-1	0.00000000E+0	0.00000000E+0
2.46582031E-1	3.16031006E-8	3.16031006E-8	2.46582031E-1	0.00000000E+0	0.00000000E+0
2.44140625E-1	2.90991995E-8	2.90991995E-8	2.44140625E-1	0.00000000E+0	0.00000000E+0
2.41699219E-1	2.88544992E-8	2.88544992E-8	2.41699219E-1	0.00000000E+0	0.00000000E+0
2.39257812E-1	3.05977004E-8	3.05977004E-8	2.39257812E-1	0.00000000E+0	0.00000000E+0
2.36816406E-1	3.03109999E-8	3.03109999E-8	2.36816406E-1	0.00000000E+0	0.00000000E+0
2.34375000E-1	2.80441004E-8	2.80441004E-8	2.34375000E-1	0.00000000E+0	0.00000000E+0
2.31933594E-1	2.76770997E-8	2.76770997E-8	2.31933594E-1	0.00000000E+0	0.00000000E+0
2.29492187E-1	2.73560001E-8	2.73560001E-8	2.29492187E-1	0.00000000E+0	0.00000000E+0
2.27050781E-1	2.70807003E-8	2.70807003E-8	2.27050781E-1	0.00000000E+0	0.00000000E+0
2.24609375E-1	2.68590004E-8	2.68590004E-8	2.24609375E-1	0.00000000E+0	0.00000000E+0
2.22167969E-1	2.65838001E-8	2.65838001E-8	2.22167969E-1	0.00000000E+0	0.00000000E+0
2.19726562E-1	2.62550000E-8	2.62550000E-8	2.19726562E-1	0.00000000E+0	0.00000000E+0
2.17285156E-1	2.58498005E-8	2.58498005E-8	2.17285156E-1	0.00000000E+0	0.00000000E+0
2.14843750E-1	2.56662993E-8	2.56662993E-8	2.14843750E-1	0.00000000E+0	0.00000000E+0
2.12402344E-1	2.53796006E-8	2.53796006E-8	2.12402344E-1	0.00000000E+0	0.00000000E+0
2.09960937E-1	2.51654999E-8	2.51654999E-8	2.09960937E-1	0.00000000E+0	0.00000000E+0
2.07519531E-1	2.48864005E-8	2.48864005E-8	2.07519531E-1	0.00000000E+0	0.00000000E+0
2.05078125E-1	2.45959004E-8	2.45959004E-8	2.05078125E-1	0.00000000E+0	0.00000000E+0
2.02636719E-1	2.43474005E-8	2.43474005E-8	2.02636719E-1	0.00000000E+0	0.00000000E+0
2.00195312E-1	2.40644997E-8	2.40644997E-8	2.00195312E-1	0.00000000E+0	0.00000000E+0
1.97753906E-1	2.36975009E-8	2.36975009E-8	1.97753906E-1	0.00000000E+0	0.00000000E+0
1.95312500E-1	2.34872992E-8	2.34872992E-8	1.95312500E-1	0.00000000E+0	0.00000000E+0
1.92871094E-1	2.31661996E-8	2.31661996E-8	1.92871094E-1	0.00000000E+0	0.00000000E+0
1.90429687E-1	2.28475994E-8	2.28475994E-8	1.90429687E-1	0.00000000E+0	0.00000000E+0
1.87988281E-1	2.27800996E-8	2.27800996E-8	1.87988281E-1	0.00000000E+0	0.00000000E+0
1.85546875E-1	2.22715997E-8	2.22715997E-8	1.85546875E-1	0.00000000E+0	0.00000000E+0
1.83105469E-1	2.20270007E-8	2.20270007E-8	1.83105469E-1	0.00000000E+0	0.00000000E+0
1.80664062E-1	2.17925002E-8	2.17925002E-8	1.80664062E-1	0.00000000E+0	0.00000000E+0
1.78222656E-1	2.16370992E-8	2.16370992E-8	1.78222656E-1	0.00000000E+0	0.00000000E+0
1.75781250E-1	2.27150991E-8	2.27150991E-8	1.75781250E-1	0.00000000E+0	0.00000000E+0
1.73339844E-1	2.24397994E-8	2.24397994E-8	1.73339844E-1	0.00000000E+0	0.00000000E+0
1.70898437E-1	2.04979003E-8	2.04979003E-8	1.70898437E-1	0.00000000E+0	0.00000000E+0
1.68457031E-1	2.03144008E-8	2.03144008E-8	1.68457031E-1	0.00000000E+0	0.00000000E+0
1.66015625E-1	1.98786001E-8	1.98786001E-8	1.66015625E-1	0.00000000E+0	0.00000000E+0
1.63574219E-1	1.96338998E-8	1.96338998E-8	1.63574219E-1	0.00000000E+0	0.00000000E+0
1.61132812E-1	1.92287004E-8	1.92287004E-8	1.61132812E-1	0.00000000E+0	0.00000000E+0
1.58691406E-1	1.89687004E-8	1.89687004E-8	1.58691406E-1	0.00000000E+0	0.00000000E+0
1.56250000E-1	1.85558999E-8	1.85558999E-8	1.56250000E-1	0.00000000E+0	0.00000000E+0
1.53808594E-1	1.82042008E-8	1.82042008E-8	1.53808594E-1	0.00000000E+0	0.00000000E+0
1.51367187E-1	1.79544006E-8	1.79544006E-8	1.51367187E-1	0.00000000E+0	0.00000000E+0
1.48925781E-1	1.76077997E-8	1.76077997E-8	1.48925781E-1	0.00000000E+0	0.00000000E+0
1.46484375E-1	1.73911996E-8	1.73911996E-8	1.46484375E-1	0.00000000E+0	0.00000000E+0
1.44042969E-1	1.70521997E-8	1.70521997E-8	1.44042969E-1	0.00000000E+0	0.00000000E+0
1.41601562E-1	1.67974008E-8	1.67974008E-8	1.41601562E-1	0.00000000E+0	0.00000000E+0
1.39160156E-1	1.64877001E-8	1.64877001E-8	1.39160156E-1	0.00000000E+0	0.00000000E+0
1.36718750E-1	1.61806000E-8	1.61806000E-8	1.36718750E-1	0.00000000E+0	0.00000000E+0
1.34277344E-1	1.59283005E-8	1.59283005E-8	1.34277344E-1	0.00000000E+0	0.00000000E+0
1.31835937E-1	1.56327005E-8	1.56327005E-8	1.31835937E-1	0.00000000E+0	0.00000000E+0
1.29394531E-1	1.52453001E-8	1.52453001E-8	1.29394531E-1	0.00000000E+0	0.00000000E+0
1.26953125E-1	1.50618007E-8	1.50618007E-8	1.26953125E-1	0.00000000E+0	0.00000000E+0
1.24511719E-1	1.48461998E-8	1.48461998E-8	1.24511719E-1	0.00000000E+0	0.00000000E+0
1.22070312E-1	1.45878003E-8	1.45878003E-8	1.22070312E-1	0.00000000E+0	0.00000000E+0
1.19628906E-1	1.43202001E-8	1.43202001E-8	1.19628906E-1	0.00000000E+0	0.00000000E+0
1.17187500E-1	1.40717002E-8	1.40717002E-8	1.17187500E-1	0.00000000E+0	0.00000000E+0
1.14746094E-1	1.38002996E-8	1.38002996E-8	1.14746094E-1	0.00000000E+0	0.00000000E+0
1.12304687E-1	1.35422997E-8	1.35422997E-8	1.12304687E-1	0.00000000E+0	0.00000000E+0
1.09863281E-1	1.32268996E-8	1.32268996E-8	1.09863281E-1	0.00000000E+0	0.00000000E+0
1.07421875E-1	1.29144997E-8	1.29144997E-8	1.07421875E-1	0.00000000E+0	0.00000000E+0
1.04980469E-1	1.26102000E-8	1.26102000E-8	1.04980469E-1	0.00000000E+0	0.00000000E+0
1.02539062E-1	1.23471997E-8	1.23471997E-8	1.02539062E-1	0.00000000E+0	0.00000000E+0
1.00097656E-1	1.20585000E-8	1.20585000E-8	1.00097656E-1	0.00000000E+0	0.00000000E+0
9.76562500E-2	1.18539996E-8	1.18539996E-8	9.76562500E-2	0.00000000E+0	0.00000000E+0
9.52148438E-2	1.15976997E-8	1.15976997E-8	9.52148438E-2	0.00000000E+0	0.00000000E+0
9.27734375E-2	1.14010996E-8	1.14010996E-8	9.27734375E-2	0.00000000E+0	0.00000000E+0
9.03320313E-2	1.11837997E-8	1.11837997E-8	9.03320313E-2	0.00000000E+0	0.00000000E+0
8.78906250E-2	1.09856000E-8	1.09856000E-8	8.78906250E-2	0.00000000E+0	0.00000000E+0
8.54492188E-2	1.08291998E-8	1.08291998E-8	8.54492188E-2	0.00000000E+0	0.00000000E+0
8.30078125E-2	1.07552998E-8	1.07552998E-8	8.30078125E-2	0.00000000E+0	0.00000000E+0
8.05664063E-2	1.05939000E-8	1.05939000E-8	8.05664063E-2	0.00000000E+0	0.00000000E+0
7.81250000E-2	1.05494999E-8	1.05494999E-8	7.81250000E-2	0.00000000E+0	0.00000000E+0
7.56835938E-2	1.05281996E-8	1.05281996E-8	7.56835938E-2	0.00000000E+0	0.00000000E+0
7.32421875E-2	1.05584004E-8	1.05584004E-8	7.32421875E-2	0.00000000E+0	0.00000000E+0
7.08007813E-2	1.06310996E-8	1.06310996E-8	7.08007813E-2	0.00000000E+0	0.00000000E+0
6.83593750E-2	1.07562999E-8	1.07562999E-8	6.83593750E-2	0.00000000E+0	0.00000000E+0
6.59179688E-2	1.09708003E-8	1.09708003E-8	6.59179688E-2	0.00000000E+0	0.00000000E+0
6.34765625E-2	1.12462999E-8	1.12462999E-8	6.34765625E-2	0.00000000E+0	0.00000000E+0
6.10351563E-2	1.15976997E-8	1.15976997E-8	6.10351563E-2	0.00000000E+0	0.00000000E+0
5.85937500E-2	1.21222001E-8	1.21222001E-8	5.85937500E-2	0.00000000E+0	0.00000000E+0
5.61523438E-2	1.26176998E-8	1.26176998E-8	5.61523438E-2	0.00000000E+0	0.00000000E+0
5.37109375E-2	1.37849998E-8	1.37849998E-8	5.37109375E-2	0.00000000E+0	0.00000000E+0
5.12695313E-2	1.51154005E-8	1.51154005E-8	5.12695313E-2	0.00000000E+0	0.00000000E+0
4.88281250E-2	1.75161006E-8	1.75161006E-8	4.88281250E-2	0.00000000E+0	0.00000000E+0
4.63867188E-2	1.99549994E-8	1.99549994E-8	4.63867188E-2	0.00000000E+0	0.00000000E+0
4.39453125E-2	2.00697006E-8	2.00697006E-8	4.39453125E-2	0.00000000E+0	0.00000000E+0
4.15039063E-2	2.39613005E-8	2.39613005E-8	4.15039063E-2	0.00000000E+0	0.00000000E+0
3.90625000E-2	2.25162999E-8	2.25162999E-8	3.90625000E-2	0.00000000E+0	0.00000000E+0
3.66210938E-2	2.09566000E-8	2.09566000E-8	3.66210938E-2	0.00000000E+0	0.00000000E+0
3.41796875E-2	1.94044993E-8	1.94044993E-8	3.41796875E-2	0.00000000E+0	0.00000000E+0
3.17382813E-2	1.79135995E-8	1.79135995E-8	3.17382813E-2	0.00000000E+0	0.00000000E+0
2.92968750E-2	1.63233995E-8	1.63233995E-8	2.92968750E-2	0.00000000E+0	0.00000000E+0
2.68554688E-2	1.47636996E-8	1.47636996E-8	2.68554688E-2	0.00000000E+0	0.00000000E+0
2.44140625E-2	1.32995002E-8	1.32995002E-8	2.44140625E-2	0.00000000E+0	0.00000000E+0
2.19726563E-2	1.17715002E-8	1.17715002E-8	2.19726563E-2	0.00000000E+0	0.00000000E+0
1.95312500E-2	1.03006004E-8	1.03006004E-8	1.95312500E-2	0.00000000E+0	0.00000000E+0
1.70898438E-2	8.79292017E-9	8.79292017E-9	1.70898438E-2	0.00000000E+0	0.00000000E+0
1.46484375E-2	7.35413019E-9	7.35413019E-9	1.46484375E-2	0.00000000E+0	0.00000000E+0
1.22070313E-2	5.98822991E-9	5.98822991E-9	1.22070313E-2	0.00000000E+0	0.00000000E+0
9.76562500E-3	4.65271022E-9	4.65271022E-9	9.76562500E-3	0.00000000E+0	0.00000000E+0
7.32421875E-3	3.19645999E-9	3.19645999E-9	7.32421875E-3	0.00000000E+0	0.00000000E+0
4.88281250E-3	1.99303996E-9	1.99303996E-9	4.88281250E-3	0.00000000E+0	0.00000000E+0
2.44140625E-3	6.54467980E-10	6.54467980E-10	2.44140625E-3	0.00000000E+0	0.00000000E+0
0.00000000E+0	-3.64733993E-10	-3.64733993E-10	0.00000000E+0	0.00000000E+0	0.00000000E+0
-2.44140625E-3	-1.68477998E-9	-1.68477998E-9	-2.44140625E-3	0.00000000E+0	0.00000000E+0
-4.88281250E-3	-2.95728997E-9	-2.95728997E-9	-4.88281250E-3	0.00000000E+0	0.00000000E+0
-7.32421875E-3	-4.33267999E-9	-4.33267999E-9	-7.32421875E-3	0.00000000E+0	0.00000000E+0
-9.76562500E-3	-5.71073011E-9	-5.71073011E-9	-9.76562500E-3	0.00000000E+0	0.00000000E+0
-1.22070313E-2	-7.20494020E-9	-7.20494020E-9	-1.22070313E-2	0.00000000E+0	0.00000000E+0
-1.46484375E-2	-8.55602966E-9	-8.55602966E-9	-1.46484375E-2	0.00000000E+0	0.00000000E+0
-1.70898438E-2	-9.92344962E-9	-9.92344962E-9	-1.70898438E-2	0.00000000E+0	0.00000000E+0
-1.95312500E-2	-1.13696004E-8	-1.13696004E-8	-1.95312500E-2	0.00000000E+0	0.00000000E+0
-2.19726563E-2	-1.27852999E-8	-1.27852999E-8	-2.19726563E-2	0.00000000E+0	0.00000000E+0
-2.44140625E-2	-1.44043000E-8	-1.44043000E-8	-2.44140625E-2	0.00000000E+0	0.00000000E+0
-2.68554688E-2	-1.59717004E-8	-1.59717004E-8	-2.68554688E-2	0.00000000E+0	0.00000000E+0
-2.92968750E-2	-1.74524004E-8	-1.74524004E-8	-2.92968750E-2	0.00000000E+0	0.00000000E+0
-3.17382813E-2	-1.88731999E-8	-1.88731999E-8	-3.17382813E-2	0.00000000E+0	0.00000000E+0
-3.41796875E-2	-2.05207993E-8	-2.05207993E-8	-3.41796875E-2	0.00000000E+0	0.00000000E+0
-3.66210938E-2	-2.22945999E-8	-2.22945999E-8	-3.66210938E-2	0.00000000E+0	0.00000000E+0
-3.90625000E-2	-2.36670008E-8	-2.36670008E-8	-3.90625000E-2	0.00000000E+0	0.00000000E+0
-4.15039063E-2	-2.57580002E-8	-2.57580002E-8	-4.15039063E-2	0.00000000E+0	0.00000000E+0
-4.39453125E-2	-2.14077005E-8	-2.14077005E-8	-4.39453125E-2	0.00000000E+0	0.00000000E+0
-4.63867188E-2	-2.06890007E-8	-2.06890007E-8	-4.63867188E-2	0.00000000E+0	0.00000000E+0
-4.88281250E-2	-1.85481994E-8	-1.85481994E-8	-4.88281250E-2	0.00000000E+0	0.00000000E+0
-5.12695313E-2	-1.64737006E-8	-1.64737006E-8	-5.12695313E-2	0.00000000E+0	0.00000000E+0
-5.37109375E-2	-1.49930006E-8	-1.49930006E-8	-5.37109375E-2	0.00000000E+0	0.00000000E+0
-5.61523438E-2	-1.38131000E-8	-1.38131000E-8	-5.61523438E-2	0.00000000E+0	0.00000000E+0
-5.85937500E-2	-1.29308999E-8	-1.29308999E-8	-5.85937500E-2	0.00000000E+0	0.00000000E+0
-6.10351563E-2	-1.22571002E-8	-1.22571002E-8	-6.10351563E-2	0.00000000E+0	0.00000000E+0
-6.34765625E-2	-1.18952004E-8	-1.18952004E-8	-6.34765625E-2	0.00000000E+0	0.00000000E+0
-6.59179688E-2	-1.15240999E-8	-1.15240999E-8	-6.59179688E-2	0.00000000E+0	0.00000000E+0
-6.83593750E-2	-1.13145999E-8	-1.13145999E-8	-6.83593750E-2	0.00000000E+0	0.00000000E+0
-7.08007813E-2	-1.11325997E-8	-1.11325997E-8	-7.08007813E-2	0.00000000E+0	0.00000000E+0
-7.32421875E-2	-1.09754996E-8	-1.09754996E-8	-7.32421875E-2	0.00000000E+0	0.00000000E+0
-7.56835938E-2	-1.09754996E-8	-1.09754996E-8	-7.56835938E-2	0.00000000E+0	0.00000000E+0
-7.81250000E-2	-1.09845999E-8	-1.09845999E-8	-7.81250000E-2	0.00000000E+0	0.00000000E+0
-8.05664063E-2	-1.10745999E-8	-1.10745999E-8	-8.05664063E-2	0.00000000E+0	0.00000000E+0
-8.30078125E-2	-1.11554996E-8	-1.11554996E-8	-8.30078125E-2	0.00000000E+0	0.00000000E+0
-8.54492188E-2	-1.13057004E-8	-1.13057004E-8	-8.54492188E-2	0.00000000E+0	0.00000000E+0
-8.78906250E-2	-1.15266001E-8	-1.15266001E-8	-8.78906250E-2	0.00000000E+0	0.00000000E+0
-9.03320313E-2	-1.17535004E-8	-1.17535004E-8	-9.03320313E-2	0.00000000E+0	0.00000000E+0
-9.27734375E-2	-1.20222996E-8	-1.20222996E-8	-9.27734375E-2	0.00000000E+0	0.00000000E+0
-9.52148438E-2	-1.24134001E-8	-1.24134001E-8	-9.52148438E-2	0.00000000E+0	0.00000000E+0
-9.76562500E-2	-1.28112996E-8	-1.28112996E-8	-9.76562500E-2	0.00000000E+0	0.00000000E+0
-1.00097656E-1	-1.32473001E-8	-1.32473001E-8	-1.00097656E-1	0.00000000E+0	0.00000000E+0
-1.02539062E-1	-1.36549998E-8	-1.36549998E-8	-1.02539062E-1	0.00000000E+0	0.00000000E+0
-1.04980469E-1	-1.40066998E-8	-1.40066998E-8	-1.04980469E-1	0.00000000E+0	0.00000000E+0
-1.07421875E-1	-1.43736996E-8	-1.43736996E-8	-1.07421875E-1	0.00000000E+0	0.00000000E+0
-1.09863281E-1	-1.47368997E-8	-1.47368997E-8	-1.09863281E-1	0.00000000E+0	0.00000000E+0
-1.12304687E-1	-1.50313006E-8	-1.50313006E-8	-1.12304687E-1	0.00000000E+0	0.00000000E+0
-1.14746094E-1	-1.53791007E-8	-1.53791007E-8	-1.14746094E-1	0.00000000E+0	0.00000000E+0
-1.17187500E-1	-1.56429003E-8	-1.56429003E-8	-1.17187500E-1	0.00000000E+0	0.00000000E+0
-1.19628906E-1	-1.64992002E-8	-1.64992002E-8	-1.19628906E-1	0.00000000E+0	0.00000000E+0
-1.22070312E-1	-1.67948002E-8	-1.67948002E-8	-1.22070312E-1	0.00000000E+0	0.00000000E+0
-1.24511719E-1	-1.71618009E-8	-1.71618009E-8	-1.24511719E-1	0.00000000E+0	0.00000000E+0
-1.26953125E-1	-1.74064994E-8	-1.74064994E-8	-1.26953125E-1	0.00000000E+0	0.00000000E+0
-1.29394531E-1	-1.77148998E-8	-1.77148998E-8	-1.29394531E-1	0.00000000E+0	0.00000000E+0
-1.31835937E-1	-1.80691000E-8	-1.80691000E-8	-1.31835937E-1	0.00000000E+0	0.00000000E+0
-1.34277344E-1	-1.83647000E-8	-1.83647000E-8	-1.34277344E-1	0.00000000E+0	0.00000000E+0
-1.36718750E-1	-1.86756992E-8	-1.86756992E-8	-1.36718750E-1	0.00000000E+0	0.00000000E+0
-1.39160156E-1	-1.90145997E-8	-1.90145997E-8	-1.39160156E-1	0.00000000E+0	0.00000000E+0
-1.41601562E-1	-1.94095993E-8	-1.94095993E-8	-1.41601562E-1	0.00000000E+0	0.00000000E+0
-1.44042969E-1	-1.97524006E-8	-1.97524006E-8	-1.44042969E-1	0.00000000E+0	0.00000000E+0
-1.46484375E-1	-2.01308996E-8	-2.01308996E-8	-1.46484375E-1	0.00000000E+0	0.00000000E+0
-1.48925781E-1	-2.04901998E-8	-2.04901998E-8	-1.48925781E-1	0.00000000E+0	0.00000000E+0
-1.51367187E-1	-2.08725002E-8	-2.08725002E-8	-1.51367187E-1	0.00000000E+0	0.00000000E+0
-1.53808594E-1	-2.12241993E-8	-2.12241993E-8	-1.53808594E-1	0.00000000E+0	0.00000000E+0
-1.56250000E-1	-2.15453007E-8	-2.15453007E-8	-1.56250000E-1	0.00000000E+0	0.00000000E+0
-1.58691406E-1	-2.18969998E-8	-2.18969998E-8	-1.58691406E-1	0.00000000E+0	0.00000000E+0
-1.61132812E-1	-2.23251995E-8	-2.23251995E-8	-1.61132812E-1	0.00000000E+0	0.00000000E+0
-1.63574219E-1	-2.26463008E-8	-2.26463008E-8	-1.63574219E-1	0.00000000E+0	0.00000000E+0
-1.66015625E-1	-2.30858994E-8	-2.30858994E-8	-1.66015625E-1	0.00000000E+0	0.00000000E+0
-1.68457031E-1	-2.37396005E-8	-2.37396005E-8	-1.68457031E-1	0.00000000E+0	0.00000000E+0
-1.70898437E-1	-2.38695996E-8	-2.38695996E-8	-1.70898437E-1	0.00000000E+0	0.00000000E+0
-1.73339844E-1	-2.42901006E-8	-2.42901006E-8	-1.73339844E-1	0.00000000E+0	0.00000000E+0
-1.75781250E-1	-2.47258996E-8	-2.47258996E-8	-1.75781250E-1	0.00000000E+0	0.00000000E+0
-1.78222656E-1	-2.51234997E-8	-2.51234997E-8	-1.78222656E-1	0.00000000E+0	0.00000000E+0
-1.80664062E-1	-2.53681005E-8	-2.53681005E-8	-1.80664062E-1	0.00000000E+0	0.00000000E+0
-1.83105469E-1	-2.57197996E-8	-2.57197996E-8	-1.83105469E-1	0.00000000E+0	0.00000000E+0
-1.85546875E-1	-2.60217998E-8	-2.60217998E-8	-1.85546875E-1	0.00000000E+0	0.00000000E+0
-1.87988281E-1	-2.63888005E-8	-2.63888005E-8	-1.87988281E-1	0.00000000E+0	0.00000000E+0
-1.90429687E-1	-2.67902003E-8	-2.67902003E-8	-1.90429687E-1	0.00000000E+0	0.00000000E+0
-1.92871094E-1	-2.71228000E-8	-2.71228000E-8	-1.92871094E-1	0.00000000E+0	0.00000000E+0
-1.95312500E-1	-2.75318008E-8	-2.75318008E-8	-1.95312500E-1	0.00000000E+0	0.00000000E+0
-1.97753906E-1	-2.80899002E-8	-2.80899002E-8	-1.97753906E-1	0.00000000E+0	0.00000000E+0
-2.00195312E-1	-2.82045995E-8	-2.82045995E-8	-2.00195312E-1	0.00000000E+0	0.00000000E+0
-2.02636719E-1	-2.86557000E-8	-2.86557000E-8	-2.02636719E-1	0.00000000E+0	0.00000000E+0
-2.05078125E-1	-2.88851005E-8	-2.88851005E-8	-2.05078125E-1	0.00000000E+0	0.00000000E+0
-2.07519531E-1	-2.92940996E-8	-2.92940996E-8	-2.07519531E-1	0.00000000E+0	0.00000000E+0
-2.09960937E-1	-2.96496001E-8	-2.96496001E-8	-2.09960937E-1	0.00000000E+0	0.00000000E+0
-2.12402344E-1	-2.99783984E-8	-2.99783984E-8	-2.12402344E-1	0.00000000E+0	0.00000000E+0
-2.14843750E-1	-3.02841983E-8	-3.02841983E-8	-2.14843750E-1	0.00000000E+0	0.00000000E+0
-2.17285156E-1	-3.06206012E-8	-3.06206012E-8	-2.17285156E-1	0.00000000E+0	0.00000000E+0
-2.19726562E-1	-3.10106003E-8	-3.10106003E-8	-2.19726562E-1	0.00000000E+0	0.00000000E+0
-2.22167969E-1	-3.12323003E-8	-3.12323003E-8	-2.22167969E-1	0.00000000E+0	0.00000000E+0
-2.24609375E-1	-3.16068984E-8	-3.16068984E-8	-2.24609375E-1	0.00000000E+0	0.00000000E+0
-2.27050781E-1	-3.19968017E-8	-3.19968017E-8	-2.27050781E-1	0.00000000E+0	0.00000000E+0
-2.29492187E-1	-3.22414984E-8	-3.22414984E-8	-2.29492187E-1	0.00000000E+0	0.00000000E+0
-2.31933594E-1	-3.25856000E-8	-3.25856000E-8	-2.31933594E-1	0.00000000E+0	0.00000000E+0
-2.34375000E-1	-3.29639995E-8	-3.29639995E-8	-2.34375000E-1	0.00000000E+0	0.00000000E+0
-2.36816406E-1	-3.32450014E-8	-3.32450014E-8	-2.36816406E-1	0.00000000E+0	0.00000000E+0
-2.39257812E-1	-3.35641985E-8	-3.35641985E-8	-2.39257812E-1	0.00000000E+0	0.00000000E+0
-2.41699219E-1	-3.38699984E-8	-3.38699984E-8	-2.41699219E-1	0.00000000E+0	0.00000000E+0
-2.44140625E-1	-3.42370008E-8	-3.42370008E-8	-2.44140625E-1	0.00000000E+0	0.00000000E+0
-2.46582031E-1	-3.45734001E-8	-3.45734001E-8	-2.46582031E-1	0.00000000E+0	0.00000000E+0
-2.49023437E-1	-3.50684992E-8	-3.50684992E-8	-2.49023437E-1	0.00000000E+0	0.00000000E+0
-2.51464844E-1	-3.53380010E-8	-3.53380010E-8	-2.51464844E-1	0.00000000E+0	0.00000000E+0
-2.53906250E-1	-3.57431986E-8	-3.57431986E-8	-2.53906250E-1	0.00000000E+0	0.00000000E+0
-2.56347656E-1	-3.60183989E-8	-3.60183989E-8	-2.56347656E-1	0.00000000E+0	0.00000000E+0
-2.58789062E-1	-3.61102011E-8	-3.61102011E-8	-2.58789062E-1	0.00000000E+0	0.00000000E+0
-2.61230469E-1	-3.64466004E-8	-3.64466004E-8	-2.61230469E-1	0.00000000E+0	0.00000000E+0
-2.63671875E-1	-3.67429003E-8	-3.67429003E-8	-2.63671875E-1	0.00000000E+0	0.00000000E+0
-2.66113281E-1	-3.70200013E-8	-3.70200013E-8	-2.66113281E-1	0.00000000E+0	0.00000000E+0
-2.68554687E-1	-3.73334998E-8	-3.73334998E-8	-2.68554687E-1	0.00000000E+0	0.00000000E+0
-2.70996094E-1	-3.76546012E-8	-3.76546012E-8	-2.70996094E-1	0.00000000E+0	0.00000000E+0
-2.73437500E-1	-3.80675012E-8	-3.80675012E-8	-2.73437500E-1	0.00000000E+0	0.00000000E+0
-2.75878906E-1	-3.87097003E-8	-3.87097003E-8	-2.75878906E-1	0.00000000E+0	0.00000000E+0
-2.78320312E-1	-3.84555001E-8	-3.84555001E-8	-2.78320312E-1	0.00000000E+0	0.00000000E+0
-2.80761719E-1	-3.87823000E-8	-3.87823000E-8	-2.80761719E-1	0.00000000E+0	0.00000000E+0
-2.83203125E-1	-3.91301995E-8	-3.91301995E-8	-2.83203125E-1	0.00000000E+0	0.00000000E+0
-2.85644531E-1	-3.94665989E-8	-3.94665989E-8	-2.85644531E-1	0.00000000E+0	0.00000000E+0
-2.88085937E-1	-3.97495015E-8	-3.97495015E-8	-2.88085937E-1	0.00000000E+0	0.00000000E+0
-2.90527344E-1	-4.01165003E-8	-4.01165003E-8	-2.90527344E-1	0.00000000E+0	0.00000000E+0
-2.92968750E-1	-4.02693985E-8	-4.02693985E-8	-2.92968750E-1	0.00000000E+0	0.00000000E+0
-2.95410156E-1	-4.06210994E-8	-4.06210994E-8	-2.95410156E-1	0.00000000E+0	0.00000000E+0
-2.97851562E-1	-4.09422007E-8	-4.09422007E-8	-2.97851562E-1	0.00000000E+0	0.00000000E+0
-3.00292969E-1	-4.11791987E-8	-4.11791987E-8	-3.00292969E-1	0.00000000E+0	0.00000000E+0
-3.02734375E-1	-4.15538999E-8	-4.15538999E-8	-3.02734375E-1	0.00000000E+0	0.00000000E+0
-3.05175781E-1	-4.18978985E-8	-4.18978985E-8	-3.05175781E-1	0.00000000E+0	0.00000000E+0
-3.07617187E-1	-4.21960991E-8	-4.21960991E-8	-3.07617187E-1	0.00000000E+0	0.00000000E+0
-3.10058594E-1	-4.24712994E-8	-4.24712994E-8	-3.10058594E-1	0.00000000E+0	0.00000000E+0
-3.12500000E-1	-4.27770992E-8	-4.27770992E-8	-3.12500000E-1	0.00000000E+0	0.00000000E+0
-3.14941406E-1	-4.30523990E-8	-4.30523990E-8	-3.14941406E-1	0.00000000E+0	0.00000000E+0
-3.17382812E-1	-4.34194014E-8	-4.34194014E-8	-3.17382812E-1	0.00000000E+0	0.00000000E+0
-3.19824219E-1	-4.37023004E-8	-4.37023004E-8	-3.19824219E-1	0.00000000E+0	0.00000000E+0
-3.22265625E-1	-4.40997994E-8	-4.40997994E-8	-3.22265625E-1	0.00000000E+0	0.00000000E+0
-3.24707031E-1	-4.42126016E-8	-4.42126016E-8	-3.24707031E-1	0.00000000E+0	0.00000000E+0
-3.27148437E-1	-4.46121007E-8	-4.46121007E-8	-3.27148437E-1	0.00000000E+0	0.00000000E+0
-3.29589844E-1	-4.49560993E-8	-4.49560993E-8	-3.29589844E-1	0.00000000E+0	0.00000000E+0
-3.32031250E-1	-4.50937989E-8	-4.50937989E-8	-3.32031250E-1	0.00000000E+0	0.00000000E+0
-3.34472656E-1	-4.53460984E-8	-4.53460984E-8	-3.34472656E-1	0.00000000E+0	0.00000000E+0
-3.36914062E-1	-4.55906992E-8	-4.55906992E-8	-3.36914062E-1	0.00000000E+0	0.00000000E+0
-3.39355469E-1	-4.59959004E-8	-4.59959004E-8	-3.39355469E-1	0.00000000E+0	0.00000000E+0
-3.41796875E-1	-4.61794016E-8	-4.61794016E-8	-3.41796875E-1	0.00000000E+0	0.00000000E+0
-3.44238281E-1	-4.65291983E-8	-4.65291983E-8	-3.44238281E-1	0.00000000E+0	0.00000000E+0
-3.46679687E-1	-4.68312003E-8	-4.68312003E-8	-3.46679687E-1	0.00000000E+0	0.00000000E+0
-3.49121094E-1	-4.70280987E-8	-4.70280987E-8	-3.49121094E-1	0.00000000E+0	0.00000000E+0
-3.51562500E-1	-4.73416009E-8	-4.73416009E-8	-3.51562500E-1	0.00000000E+0	0.00000000E+0
-3.54003906E-1	-4.78156004E-8	-4.78156004E-8	-3.54003906E-1	0.00000000E+0	0.00000000E+0
-3.56445312E-1	-4.79226010E-8	-4.79226010E-8	-3.56445312E-1	0.00000000E+0	0.00000000E+0
-3.58886719E-1	-4.82208016E-8	-4.82208016E-8	-3.58886719E-1	0.00000000E+0	0.00000000E+0
-3.61328125E-1	-4.86030984E-8	-4.86030984E-8	-3.61328125E-1	0.00000000E+0	0.00000000E+0
-3.63769531E-1	-4.88285998E-8	-4.88285998E-8	-3.63769531E-1	0.00000000E+0	0.00000000E+0
-3.66210937E-1	-4.91458998E-8	-4.91458998E-8	-3.66210937E-1	0.00000000E+0	0.00000000E+0
-3.68652344E-1	-4.94746999E-8	-4.94746999E-8	-3.68652344E-1	0.00000000E+0	0.00000000E+0
-3.71093750E-1	-4.97575989E-8	-4.97575989E-8	-3.71093750E-1	0.00000000E+0	0.00000000E+0
-3.73535156E-1	-5.00711010E-8	-5.00711010E-8	-3.73535156E-1	0.00000000E+0	0.00000000E+0
-3.75976562E-1	-5.02469000E-8	-5.02469000E-8	-3.75976562E-1	0.00000000E+0	0.00000000E+0
-3.78417969E-1	-5.05603985E-8	-5.05603985E-8	-3.78417969E-1	0.00000000E+0	0.00000000E+0
-3.80859375E-1	-5.08049993E-8	-5.08049993E-8	-3.80859375E-1	0.00000000E+0	0.00000000E+0
-3.83300781E-1	-5.10956006E-8	-5.10956006E-8	-3.83300781E-1	0.00000000E+0	0.00000000E+0
-3.85742187E-1	-5.13860989E-8	-5.13860989E-8	-3.85742187E-1	0.00000000E+0	0.00000000E+0
-3.88183594E-1	-5.16690015E-8	-5.16690015E-8	-3.88183594E-1	0.00000000E+0	0.00000000E+0
-3.90625000E-1	-5.18830987E-8	-5.18830987E-8	-3.90625000E-1	0.00000000E+0	0.00000000E+0
-3.93066406E-1	-5.21276995E-8	-5.21276995E-8	-3.93066406E-1	0.00000000E+0	0.00000000E+0
-3.95507812E-1	-5.24259001E-8	-5.24259001E-8	-3.95507812E-1	0.00000000E+0	0.00000000E+0
-3.97949219E-1	-5.26781996E-8	-5.26781996E-8	-3.97949219E-1	0.00000000E+0	0.00000000E+0
-4.00390625E-1	-5.29228998E-8	-5.29228998E-8	-4.00390625E-1	0.00000000E+0	0.00000000E+0
-4.02832031E-1	-5.32440012E-8	-5.32440012E-8	-4.02832031E-1	0.00000000E+0	0.00000000E+0
-4.05273437E-1	-5.34733005E-8	-5.34733005E-8	-4.05273437E-1	0.00000000E+0	0.00000000E+0
-4.07714844E-1	-5.37180007E-8	-5.37180007E-8	-4.07714844E-1	0.00000000E+0	0.00000000E+0
-4.10156250E-1	-5.40238005E-8	-5.40238005E-8	-4.10156250E-1	0.00000000E+0	0.00000000E+0
-4.12597656E-1	-5.41690994E-8	-5.41690994E-8	-4.12597656E-1	0.00000000E+0	0.00000000E+0
-4.15039062E-1	-5.45131016E-8	-5.45131016E-8	-4.15039062E-1	0.00000000E+0	0.00000000E+0
-4.17480469E-1	-5.47043015E-8	-5.47043015E-8	-4.17480469E-1	0.00000000E+0	0.00000000E+0
-4.19921875E-1	-5.48953984E-8	-5.48953984E-8	-4.19921875E-1	0.00000000E+0	0.00000000E+0
-4.22363281E-1	-5.52164998E-8	-5.52164998E-8	-4.22363281E-1	0.00000000E+0	0.00000000E+0
-4.24804687E-1	-5.51859998E-8	-5.51859998E-8	-4.24804687E-1	0.00000000E+0	0.00000000E+0
-4.27246094E-1	-5.52164998E-8	-5.52164998E-8	-4.27246094E-1	0.00000000E+0	0.00000000E+0
-4.29687500E-1	-5.55223991E-8	-5.55223991E-8	-4.29687500E-1	0.00000000E+0	0.00000000E+0
-4.32128906E-1	-5.56753008E-8	-5.56753008E-8	-4.32128906E-1	0.00000000E+0	0.00000000E+0
-4.34570312E-1	-5.59199016E-8	-5.59199016E-8	-4.34570312E-1	0.00000000E+0	0.00000000E+0
-4.37011719E-1	-5.61339988E-8	-5.61339988E-8	-4.37011719E-1	0.00000000E+0	0.00000000E+0
-4.39453125E-1	-5.64895011E-8	-5.64895011E-8	-4.39453125E-1	0.00000000E+0	0.00000000E+0
-4.41894531E-1	-5.65622003E-8	-5.65622003E-8	-4.41894531E-1	0.00000000E+0	0.00000000E+0
-4.44335937E-1	-5.68068010E-8	-5.68068010E-8	-4.44335937E-1	0.00000000E+0	0.00000000E+0
-4.46777344E-1	-5.70515013E-8	-5.70515013E-8	-4.46777344E-1	0.00000000E+0	0.00000000E+0
-4.49218750E-1	-5.72847014E-8	-5.72847014E-8	-4.49218750E-1	0.00000000E+0	0.00000000E+0
-4.51660156E-1	-5.74795997E-8	-5.74795997E-8	-4.51660156E-1	0.00000000E+0	0.00000000E+0
-4.54101562E-1	-5.76402002E-8	-5.76402002E-8	-4.54101562E-1	0.00000000E+0	0.00000000E+0
-4.56542969E-1	-5.79230992E-8	-5.79230992E-8	-4.56542969E-1	0.00000000E+0	0.00000000E+0
-4.58984375E-1	-5.80531001E-8	-5.80531001E-8	-4.58984375E-1	0.00000000E+0	0.00000000E+0
-4.61425781E-1	-5.82517998E-8	-5.82517998E-8	-4.61425781E-1	0.00000000E+0	0.00000000E+0
-4.63867187E-1	-5.86265010E-8	-5.86265010E-8	-4.63867187E-1	0.00000000E+0	0.00000000E+0
-4.66308594E-1	-5.87412003E-8	-5.87412003E-8	-4.66308594E-1	0.00000000E+0	0.00000000E+0
-4.68750000E-1	-5.89323008E-8	-5.89323008E-8	-4.68750000E-1	0.00000000E+0	0.00000000E+0
-4.71191406E-1	-5.92305014E-8	-5.92305014E-8	-4.71191406E-1	0.00000000E+0	0.00000000E+0
-4.73632812E-1	-5.93833995E-8	-5.93833995E-8	-4.73632812E-1	0.00000000E+0	0.00000000E+0
-4.76074219E-1	-5.95975003E-8	-5.95975003E-8	-4.76074219E-1	0.00000000E+0	0.00000000E+0
-4.78515625E-1	-5.97198024E-8	-5.97198024E-8	-4.78515625E-1	0.00000000E+0	0.00000000E+0
-4.80957031E-1	-5.99644991E-8	-5.99644991E-8	-4.80957031E-1	0.00000000E+0	0.00000000E+0
-4.83398437E-1	-6.03926011E-8	-6.03926011E-8	-4.83398437E-1	0.00000000E+0	0.00000000E+0
-4.85839844E-1	-6.06487021E-8	-6.06487021E-8	-4.85839844E-1	0.00000000E+0	0.00000000E+0
-4.88281250E-1	-6.11113009E-8	-6.11113009E-8	-4.88281250E-1	0.00000000E+0	0.00000000E+0
-4.90722656E-1	-6.13254016E-8	-6.13254016E-8	-4.90722656E-1	0.00000000E+0	0.00000000E+0
-4.93164062E-1	-6.14783033E-8	-6.14783033E-8	-4.93164062E-1	0.00000000E+0	0.00000000E+0
-4.90722656E-1	-6.11494997E-8	-6.11494997E-8	-4.90722656E-1	0.00000000E+0	0.00000000E+0
-4.88281250E-1	-6.08819022E-8	-6.08819022E-8	-4.88281250E-1	0.00000000E+0	0.00000000E+0
-4.85839844E-1	-6.06983974E-8	-6.06983974E-8	-4.85839844E-1	0.00000000E+0	0.00000000E+0
-4.83398437E-1	-6.06487021E-8	-6.06487021E-8	-4.83398437E-1	0.00000000E+0	0.00000000E+0
-4.80957031E-1	-6.04347008E-8	-6.04347008E-8	-4.80957031E-1	0.00000000E+0	0.00000000E+0
-4.78515625E-1	-6.01785004E-8	-6.01785004E-8	-4.78515625E-1	0.00000000E+0	0.00000000E+0
-4.76074219E-1	-6.23498977E-8	-6.23498977E-8	-4.76074219E-1	0.00000000E+0	0.00000000E+0
-4.73632812E-1	-5.96701000E-8	-5.96701000E-8	-4.73632812E-1	0.00000000E+0	0.00000000E+0
-4.71191406E-1	-5.94750986E-8	-5.94750986E-8	-4.71191406E-1	0.00000000E+0	0.00000000E+0
-4.68750000E-1	-5.93031011E-8	-5.93031011E-8	-4.68750000E-1	0.00000000E+0	0.00000000E+0
-4.66308594E-1	-5.90164007E-8	-5.90164007E-8	-4.66308594E-1	0.00000000E+0	0.00000000E+0
-4.63867187E-1	-5.87793991E-8	-5.87793991E-8	-4.63867187E-1	0.00000000E+0	0.00000000E+0
-4.61425781E-1	-5.86265010E-8	-5.86265010E-8	-4.61425781E-1	0.00000000E+0	0.00000000E+0
-4.58984375E-1	-5.84583013E-8	-5.84583013E-8	-4.58984375E-1	0.00000000E+0	0.00000000E+0
-4.56542969E-1	-5.82517998E-8	-5.82517998E-8	-4.56542969E-1	0.00000000E+0	0.00000000E+0
-4.54101562E-1	-5.80531001E-8	-5.80531001E-8	-4.54101562E-1	0.00000000E+0	0.00000000E+0
-4.51660156E-1	-5.77127999E-8	-5.77127999E-8	-4.51660156E-1	0.00000000E+0	0.00000000E+0
-4.49218750E-1	-5.75636996E-8	-5.75636996E-8	-4.49218750E-1	0.00000000E+0	0.00000000E+0
-4.46777344E-1	-5.73496983E-8	-5.73496983E-8	-4.46777344E-1	0.00000000E+0	0.00000000E+0
-4.44335937E-1	-5.70973988E-8	-5.70973988E-8	-4.44335937E-1	0.00000000E+0	0.00000000E+0
-4.41894531E-1	-5.68985996E-8	-5.68985996E-8	-4.41894531E-1	0.00000000E+0	0.00000000E+0
-4.39453125E-1	-5.66538993E-8	-5.66538993E-8	-4.39453125E-1	0.00000000E+0	0.00000000E+0
-4.37011719E-1	-5.64397986E-8	-5.64397986E-8	-4.37011719E-1	0.00000000E+0	0.00000000E+0
-4.34570312E-1	-5.62563010E-8	-5.62563010E-8	-4.34570312E-1	0.00000000E+0	0.00000000E+0
-4.32128906E-1	-5.60288989E-8	-5.60288989E-8	-4.32128906E-1	0.00000000E+0	0.00000000E+0
-4.29687500E-1	-5.58701991E-8	-5.58701991E-8	-4.29687500E-1	0.00000000E+0	0.00000000E+0
-4.27246094E-1	-5.55988002E-8	-5.55988002E-8	-4.27246094E-1	0.00000000E+0	0.00000000E+0
-4.24804687E-1	-5.53923982E-8	-5.53923982E-8	-4.24804687E-1	0.00000000E+0	0.00000000E+0
-4.22363281E-1	-5.51859998E-8	-5.51859998E-8	-4.22363281E-1	0.00000000E+0	0.00000000E+0
-4.19921875E-1	-5.49642003E-8	-5.49642003E-8	-4.19921875E-1	0.00000000E+0	0.00000000E+0
-4.17480469E-1	-5.48266001E-8	-5.48266001E-8	-4.17480469E-1	0.00000000E+0	0.00000000E+0
-4.15039062E-1	-5.45360983E-8	-5.45360983E-8	-4.15039062E-1	0.00000000E+0	0.00000000E+0
-4.12597656E-1	-5.42914016E-8	-5.42914016E-8	-4.12597656E-1	0.00000000E+0	0.00000000E+0
-4.10156250E-1	-5.39932010E-8	-5.39932010E-8	-4.10156250E-1	0.00000000E+0	0.00000000E+0
-4.07714844E-1	-5.37180007E-8	-5.37180007E-8	-4.07714844E-1	0.00000000E+0	0.00000000E+0
-4.05273437E-1	-5.35039000E-8	-5.35039000E-8	-4.05273437E-1	0.00000000E+0	0.00000000E+0
-4.02832031E-1	-5.31675006E-8	-5.31675006E-8	-4.02832031E-1	0.00000000E+0	0.00000000E+0
-4.00390625E-1	-5.29458006E-8	-5.29458006E-8	-4.00390625E-1	0.00000000E+0	0.00000000E+0
-3.97949219E-1	-5.26476001E-8	-5.26476001E-8	-3.97949219E-1	0.00000000E+0	0.00000000E+0
-3.95507812E-1	-5.23227008E-8	-5.23227008E-8	-3.95507812E-1	0.00000000E+0	0.00000000E+0
-3.93066406E-1	-5.20895007E-8	-5.20895007E-8	-3.93066406E-1	0.00000000E+0	0.00000000E+0
-3.90625000E-1	-5.18448005E-8	-5.18448005E-8	-3.90625000E-1	0.00000000E+0	0.00000000E+0
-3.88183594E-1	-5.15084011E-8	-5.15084011E-8	-3.88183594E-1	0.00000000E+0	0.00000000E+0
-3.85742187E-1	-5.11720017E-8	-5.11720017E-8	-3.85742187E-1	0.00000000E+0	0.00000000E+0
-3.83300781E-1	-5.09579010E-8	-5.09579010E-8	-3.83300781E-1	0.00000000E+0	0.00000000E+0
-3.80859375E-1	-5.07743998E-8	-5.07743998E-8	-3.80859375E-1	0.00000000E+0	0.00000000E+0
-3.78417969E-1	-5.04532984E-8	-5.04532984E-8	-3.78417969E-1	0.00000000E+0	0.00000000E+0
-3.75976562E-1	-5.01246014E-8	-5.01246014E-8	-3.75976562E-1	0.00000000E+0	0.00000000E+0
-3.73535156E-1	-4.98264008E-8	-4.98264008E-8	-3.73535156E-1	0.00000000E+0	0.00000000E+0
-3.71093750E-1	-4.95512005E-8	-4.95512005E-8	-3.71093750E-1	0.00000000E+0	0.00000000E+0
-3.68652344E-1	-4.92683014E-8	-4.92683014E-8	-3.68652344E-1	0.00000000E+0	0.00000000E+0
-3.66210937E-1	-4.91458998E-8	-4.91458998E-8	-3.66210937E-1	0.00000000E+0	0.00000000E+0
-3.63769531E-1	-4.87675003E-8	-4.87675003E-8	-3.63769531E-1	0.00000000E+0	0.00000000E+0
-3.61328125E-1	-4.84961014E-8	-4.84961014E-8	-3.61328125E-1	0.00000000E+0	0.00000000E+0
-3.58886719E-1	-4.82781992E-8	-4.82781992E-8	-3.58886719E-1	0.00000000E+0	0.00000000E+0
-3.56445312E-1	-4.79608993E-8	-4.79608993E-8	-3.56445312E-1	0.00000000E+0	0.00000000E+0
-3.54003906E-1	-4.77390998E-8	-4.77390998E-8	-3.54003906E-1	0.00000000E+0	0.00000000E+0
-3.51562500E-1	-4.74179984E-8	-4.74179984E-8	-3.51562500E-1	0.00000000E+0	0.00000000E+0
-3.49121094E-1	-4.71198014E-8	-4.71198014E-8	-3.49121094E-1	0.00000000E+0	0.00000000E+0
-3.46679687E-1	-4.69363997E-8	-4.69363997E-8	-3.46679687E-1	0.00000000E+0	0.00000000E+0
-3.44238281E-1	-4.65999008E-8	-4.65999008E-8	-3.44238281E-1	0.00000000E+0	0.00000000E+0
-3.41796875E-1	-4.62712002E-8	-4.62712002E-8	-3.41796875E-1	0.00000000E+0	0.00000000E+0
-3.39355469E-1	-4.60264999E-8	-4.60264999E-8	-3.39355469E-1	0.00000000E+0	0.00000000E+0
-3.36914062E-1	-4.58124987E-8	-4.58124987E-8	-3.36914062E-1	0.00000000E+0	0.00000000E+0
-3.34472656E-1	-4.54378011E-8	-4.54378011E-8	-3.34472656E-1	0.00000000E+0	0.00000000E+0
-3.32031250E-1	-4.50785009E-8	-4.50785009E-8	-3.32031250E-1	0.00000000E+0	0.00000000E+0
-3.29589844E-1	-4.48949997E-8	-4.48949997E-8	-3.29589844E-1	0.00000000E+0	0.00000000E+0
-3.27148437E-1	-4.46121007E-8	-4.46121007E-8	-3.27148437E-1	0.00000000E+0	0.00000000E+0
-3.24707031E-1	-4.43139001E-8	-4.43139001E-8	-3.24707031E-1	0.00000000E+0	0.00000000E+0
-3.22265625E-1	-4.39890009E-8	-4.39890009E-8	-3.22265625E-1	0.00000000E+0	0.00000000E+0
-3.19824219E-1	-4.36257999E-8	-4.36257999E-8	-3.19824219E-1	0.00000000E+0	0.00000000E+0
-3.17382812E-1	-4.33887983E-8	-4.33887983E-8	-3.17382812E-1	0.00000000E+0	0.00000000E+0
-3.14941406E-1	-4.31136016E-8	-4.31136016E-8	-3.14941406E-1	0.00000000E+0	0.00000000E+0
-3.12500000E-1	-4.28382982E-8	-4.28382982E-8	-3.12500000E-1	0.00000000E+0	0.00000000E+0
-3.10058594E-1	-4.24712994E-8	-4.24712994E-8	-3.10058594E-1	0.00000000E+0	0.00000000E+0
-3.07617187E-1	-4.20928998E-8	-4.20928998E-8	-3.07617187E-1	0.00000000E+0	0.00000000E+0
-3.05175781E-1	-4.17985007E-8	-4.17985007E-8	-3.05175781E-1	0.00000000E+0	0.00000000E+0
-3.02734375E-1	-4.15843999E-8	-4.15843999E-8	-3.02734375E-1	0.00000000E+0	0.00000000E+0
-3.00292969E-1	-4.13091996E-8	-4.13091996E-8	-3.00292969E-1	0.00000000E+0	0.00000000E+0
-2.97851562E-1	-4.09728003E-8	-4.09728003E-8	-2.97851562E-1	0.00000000E+0	0.00000000E+0
-2.95410156E-1	-4.05751983E-8	-4.05751983E-8	-2.95410156E-1	0.00000000E+0	0.00000000E+0
-2.92968750E-1	-4.03306011E-8	-4.03306011E-8	-2.92968750E-1	0.00000000E+0	0.00000000E+0
-2.90527344E-1	-3.99558999E-8	-3.99558999E-8	-2.90527344E-1	0.00000000E+0	0.00000000E+0
-2.88085937E-1	-3.97495015E-8	-3.97495015E-8	-2.88085937E-1	0.00000000E+0	0.00000000E+0
-2.85644531E-1	-3.94437016E-8	-3.94437016E-8	-2.85644531E-1	0.00000000E+0	0.00000000E+0
-2.83203125E-1	-3.91607990E-8	-3.91607990E-8	-2.83203125E-1	0.00000000E+0	0.00000000E+0
-2.80761719E-1	-3.88319989E-8	-3.88319989E-8	-2.80761719E-1	0.00000000E+0	0.00000000E+0
-2.78320312E-1	-3.84555001E-8	-3.84555001E-8	-2.78320312E-1	0.00000000E+0	0.00000000E+0
-2.75878906E-1	-3.83120984E-8	-3.83120984E-8	-2.75878906E-1	0.00000000E+0	0.00000000E+0
-2.73437500E-1	-3.79450995E-8	-3.79450995E-8	-2.73437500E-1	0.00000000E+0	0.00000000E+0
-2.70996094E-1	-3.76546012E-8	-3.76546012E-8	-2.70996094E-1	0.00000000E+0	0.00000000E+0
-2.68554687E-1	-3.73334998E-8	-3.73334998E-8	-2.68554687E-1	0.00000000E+0	0.00000000E+0
-2.66113281E-1	-3.70200013E-8	-3.70200013E-8	-2.66113281E-1	0.00000000E+0	0.00000000E+0
-2.63671875E-1	-3.67429003E-8	-3.67429003E-8	-2.63671875E-1	0.00000000E+0	0.00000000E+0
-2.61230469E-1	-3.63471990E-8	-3.63471990E-8	-2.61230469E-1	0.00000000E+0	0.00000000E+0
-2.58789062E-1	-3.60796015E-8	-3.60796015E-8	-2.58789062E-1	0.00000000E+0	0.00000000E+0
-2.56347656E-1	-3.57738017E-8	-3.57738017E-8	-2.56347656E-1	0.00000000E+0	0.00000000E+0
-2.53906250E-1	-3.54487995E-8	-3.54487995E-8	-2.53906250E-1	0.00000000E+0	0.00000000E+0
-2.51464844E-1	-3.51544998E-8	-3.51544998E-8	-2.51464844E-1	0.00000000E+0	0.00000000E+0
-2.49023437E-1	-3.48486999E-8	-3.48486999E-8	-2.49023437E-1	0.00000000E+0	0.00000000E+0
-2.46582031E-1	-3.44893003E-8	-3.44893003E-8	-2.46582031E-1	0.00000000E+0	0.00000000E+0
-2.44140625E-1	-3.42370008E-8	-3.42370008E-8	-2.44140625E-1	0.00000000E+0	0.00000000E+0
-2.41699219E-1	-3.38699984E-8	-3.38699984E-8	-2.41699219E-1	0.00000000E+0	0.00000000E+0
-2.39257812E-1	-3.35870993E-8	-3.35870993E-8	-2.39257812E-1	0.00000000E+0	0.00000000E+0
-2.36816406E-1	-3.32201004E-8	-3.32201004E-8	-2.36816406E-1	0.00000000E+0	0.00000000E+0
-2.34375000E-1	-3.28532010E-8	-3.28532010E-8	-2.34375000E-1	0.00000000E+0	0.00000000E+0
-2.31933594E-1	-3.24861986E-8	-3.24861986E-8	-2.31933594E-1	0.00000000E+0	0.00000000E+0
-2.29492187E-1	-3.21880016E-8	-3.21880016E-8	-2.29492187E-1	0.00000000E+0	0.00000000E+0
-2.27050781E-1	-3.18669002E-8	-3.18669002E-8	-2.27050781E-1	0.00000000E+0	0.00000000E+0
-2.24609375E-1	-3.14921991E-8	-3.14921991E-8	-2.24609375E-1	0.00000000E+0	0.00000000E+0
-2.22167969E-1	-3.11941015E-8	-3.11941015E-8	-2.22167969E-1	0.00000000E+0	0.00000000E+0
-2.19726562E-1	-3.08346984E-8	-3.08346984E-8	-2.19726562E-1	0.00000000E+0	0.00000000E+0
-2.17285156E-1	-3.05671009E-8	-3.05671009E-8	-2.17285156E-1	0.00000000E+0	0.00000000E+0
-2.14843750E-1	-3.01809990E-8	-3.01809990E-8	-2.14843750E-1	0.00000000E+0	0.00000000E+0
-2.12402344E-1	-2.98942986E-8	-2.98942986E-8	-2.12402344E-1	0.00000000E+0	0.00000000E+0
-2.09960937E-1	-2.95082003E-8	-2.95082003E-8	-2.09960937E-1	0.00000000E+0	0.00000000E+0
-2.07519531E-1	-2.90991995E-8	-2.90991995E-8	-2.07519531E-1	0.00000000E+0	0.00000000E+0
-2.05078125E-1	-2.87818995E-8	-2.87818995E-8	-2.05078125E-1	0.00000000E+0	0.00000000E+0
-2.02636719E-1	-2.84492998E-8	-2.84492998E-8	-2.02636719E-1	0.00000000E+0	0.00000000E+0
-2.00195312E-1	-2.80899002E-8	-2.80899002E-8	-2.00195312E-1	0.00000000E+0	0.00000000E+0
-1.97753906E-1	-2.78146999E-8	-2.78146999E-8	-1.97753906E-1	0.00000000E+0	0.00000000E+0
-1.95312500E-1	-2.73788991E-8	-2.73788991E-8	-1.95312500E-1	0.00000000E+0	0.00000000E+0
-1.92871094E-1	-2.71725007E-8	-2.71725007E-8	-1.92871094E-1	0.00000000E+0	0.00000000E+0
-1.90429687E-1	-2.68055000E-8	-2.68055000E-8	-1.90429687E-1	0.00000000E+0	0.00000000E+0
-1.87988281E-1	-2.65111009E-8	-2.65111009E-8	-1.87988281E-1	0.00000000E+0	0.00000000E+0
-1.85546875E-1	-2.61021000E-8	-2.61021000E-8	-1.85546875E-1	0.00000000E+0	0.00000000E+0
-1.83105469E-1	-2.57770996E-8	-2.57770996E-8	-1.83105469E-1	0.00000000E+0	0.00000000E+0
-1.80664062E-1	-2.54102002E-8	-2.54102002E-8	-1.80664062E-1	0.00000000E+0	0.00000000E+0
-1.78222656E-1	-2.50241001E-8	-2.50241001E-8	-1.78222656E-1	0.00000000E+0	0.00000000E+0
-1.75781250E-1	-2.46953000E-8	-2.46953000E-8	-1.75781250E-1	0.00000000E+0	0.00000000E+0
-1.73339844E-1	-2.42366003E-8	-2.42366003E-8	-1.73339844E-1	0.00000000E+0	0.00000000E+0
-1.70898437E-1	-2.38848994E-8	-2.38848994E-8	-1.70898437E-1	0.00000000E+0	0.00000000E+0
-1.68457031E-1	-2.35611992E-8	-2.35611992E-8	-1.68457031E-1	0.00000000E+0	0.00000000E+0
-1.66015625E-1	-2.33610997E-8	-2.33610997E-8	-1.66015625E-1	0.00000000E+0	0.00000000E+0
-1.63574219E-1	-2.28220998E-8	-2.28220998E-8	-1.63574219E-1	0.00000000E+0	0.00000000E+0
-1.61132812E-1	-2.24322001E-8	-2.24322001E-8	-1.61132812E-1	0.00000000E+0	0.00000000E+0
-1.58691406E-1	-2.20345999E-8	-2.20345999E-8	-1.58691406E-1	0.00000000E+0	0.00000000E+0
-1.56250000E-1	-2.16675993E-8	-2.16675993E-8	-1.56250000E-1	0.00000000E+0	0.00000000E+0
-1.53808594E-1	-2.13311999E-8	-2.13311999E-8	-1.53808594E-1	0.00000000E+0	0.00000000E+0
-1.51367187E-1	-2.09183995E-8	-2.09183995E-8	-1.51367187E-1	0.00000000E+0	0.00000000E+0
-1.48925781E-1	-2.06583994E-8	-2.06583994E-8	-1.48925781E-1	0.00000000E+0	0.00000000E+0
-1.46484375E-1	-2.02494004E-8	-2.02494004E-8	-1.46484375E-1	0.00000000E+0	0.00000000E+0
-1.44042969E-1	-1.99117007E-8	-1.99117007E-8	-1.44042969E-1	0.00000000E+0	0.00000000E+0
-1.41601562E-1	-1.94962997E-8	-1.94962997E-8	-1.41601562E-1	0.00000000E+0	0.00000000E+0
-1.39160156E-1	-1.91407992E-8	-1.91407992E-8	-1.39160156E-1	0.00000000E+0	0.00000000E+0
-1.36718750E-1	-1.87623002E-8	-1.87623002E-8	-1.36718750E-1	0.00000000E+0	0.00000000E+0
-1.34277344E-1	-1.84067996E-8	-1.84067996E-8	-1.34277344E-1	0.00000000E+0	0.00000000E+0
-1.31835937E-1	-1.80589002E-8	-1.80589002E-8	-1.31835937E-1	0.00000000E+0	0.00000000E+0
-1.29394531E-1	-1.77148998E-8	-1.77148998E-8	-1.29394531E-1	0.00000000E+0	0.00000000E+0
-1.26953125E-1	-1.73962995E-8	-1.73962995E-8	-1.26953125E-1	0.00000000E+0	0.00000000E+0
-1.24511719E-1	-1.70572996E-8	-1.70572996E-8	-1.24511719E-1	0.00000000E+0	0.00000000E+0
-1.22070312E-1	-1.67184009E-8	-1.67184009E-8	-1.22070312E-1	0.00000000E+0	0.00000000E+0
-1.19628906E-1	-1.63921996E-8	-1.63921996E-8	-1.19628906E-1	0.00000000E+0	0.00000000E+0
-1.17187500E-1	-1.60609002E-8	-1.60609002E-8	-1.17187500E-1	0.00000000E+0	0.00000000E+0
-1.14746094E-1	-1.57480002E-8	-1.57480002E-8	-1.14746094E-1	0.00000000E+0	0.00000000E+0
-1.12304687E-1	-1.53887001E-8	-1.53887001E-8	-1.12304687E-1	0.00000000E+0	0.00000000E+0
-1.09863281E-1	-1.50796993E-8	-1.50796993E-8	-1.09863281E-1	0.00000000E+0	0.00000000E+0
-1.07421875E-1	-1.47151997E-8	-1.47151997E-8	-1.07421875E-1	0.00000000E+0	0.00000000E+0
-1.04980469E-1	-1.43482000E-8	-1.43482000E-8	-1.04980469E-1	0.00000000E+0	0.00000000E+0
-1.02539062E-1	-1.39405003E-8	-1.39405003E-8	-1.02539062E-1	0.00000000E+0	0.00000000E+0
-1.00097656E-1	-1.35632998E-8	-1.35632998E-8	-1.00097656E-1	0.00000000E+0	0.00000000E+0
-9.76562500E-2	-1.31886999E-8	-1.31886999E-8	-9.76562500E-2	0.00000000E+0	0.00000000E+0
-9.52148438E-2	-1.27695996E-8	-1.27695996E-8	-9.52148438E-2	0.00000000E+0	0.00000000E+0
-9.27734375E-2	-1.24395996E-8	-1.24395996E-8	-9.27734375E-2	0.00000000E+0	0.00000000E+0
-9.03320313E-2	-1.21154002E-8	-1.21154002E-8	-9.03320313E-2	0.00000000E+0	0.00000000E+0
-8.78906250E-2	-1.18291004E-8	-1.18291004E-8	-8.78906250E-2	0.00000000E+0	0.00000000E+0
-8.54492188E-2	-1.15918999E-8	-1.15918999E-8	-8.54492188E-2	0.00000000E+0	0.00000000E+0
-8.30078125E-2	-1.13057004E-8	-1.13057004E-8	-8.30078125E-2	0.00000000E+0	0.00000000E+0
-8.05664063E-2	-1.11157004E-8	-1.11157004E-8	-8.05664063E-2	0.00000000E+0	0.00000000E+0
-7.81250000E-2	-1.09845999E-8	-1.09845999E-8	-7.81250000E-2	0.00000000E+0	0.00000000E+0
-7.56835938E-2	-1.09217000E-8	-1.09217000E-8	-7.56835938E-2	0.00000000E+0	0.00000000E+0
-7.32421875E-2	-1.08586002E-8	-1.08586002E-8	-7.32421875E-2	0.00000000E+0	0.00000000E+0
-7.08007813E-2	-1.08849996E-8	-1.08849996E-8	-7.08007813E-2	0.00000000E+0	0.00000000E+0
-6.83593750E-2	-1.09215001E-8	-1.09215001E-8	-6.83593750E-2	0.00000000E+0	0.00000000E+0
-6.59179688E-2	-1.08986002E-8	-1.08986002E-8	-6.59179688E-2	0.00000000E+0	0.00000000E+0
-6.34765625E-2	-1.11681997E-8	-1.11681997E-8	-6.34765625E-2	0.00000000E+0	0.00000000E+0
-6.10351563E-2	-1.15552998E-8	-1.15552998E-8	-6.10351563E-2	0.00000000E+0	0.00000000E+0
-5.85937500E-2	-1.19625998E-8	-1.19625998E-8	-5.85937500E-2	0.00000000E+0	0.00000000E+0
-5.61523438E-2	-1.25651001E-8	-1.25651001E-8	-5.61523438E-2	0.00000000E+0	0.00000000E+0
-5.37109375E-2	-1.36015004E-8	-1.36015004E-8	-5.37109375E-2	0.00000000E+0	0.00000000E+0
-5.12695313E-2	-1.46795998E-8	-1.46795998E-8	-5.12695313E-2	0.00000000E+0	0.00000000E+0
-4.88281250E-2	-1.63921996E-8	-1.63921996E-8	-4.88281250E-2	0.00000000E+0	0.00000000E+0
-4.63867188E-2	-1.90145997E-8	-1.90145997E-8	-4.63867188E-2	0.00000000E+0	0.00000000E+0
-4.39453125E-2	-2.09030997E-8	-2.09030997E-8	-4.39453125E-2	0.00000000E+0	0.00000000E+0
-4.15039063E-2	-1.67311001E-8	-1.67311001E-8	-4.15039063E-2	0.00000000E+0	0.00000000E+0
-3.90625000E-2	-2.42213005E-8	-2.42213005E-8	-3.90625000E-2	0.00000000E+0	0.00000000E+0
-3.66210938E-2	-2.23404992E-8	-2.23404992E-8	-3.66210938E-2	0.00000000E+0	0.00000000E+0
-3.41796875E-2	-2.06457003E-8	-2.06457003E-8	-3.41796875E-2	0.00000000E+0	0.00000000E+0
-3.17382813E-2	-1.90579001E-8	-1.90579001E-8	-3.17382813E-2	0.00000000E+0	0.00000000E+0
-2.92968750E-2	-1.74396000E-8	-1.74396000E-8	-2.92968750E-2	0.00000000E+0	0.00000000E+0
-2.68554688E-2	-1.60098992E-8	-1.60098992E-8	-2.68554688E-2	0.00000000E+0	0.00000000E+0
-2.44140625E-2	-1.44297996E-8	-1.44297996E-8	-2.44140625E-2	0.00000000E+0	0.00000000E+0
-2.19726563E-2	-1.28668001E-8	-1.28668001E-8	-2.19726563E-2	0.00000000E+0	0.00000000E+0
-1.95312500E-2	-1.15001999E-8	-1.15001999E-8	-1.95312500E-2	0.00000000E+0	0.00000000E+0
-1.70898438E-2	-9.96671989E-9	-9.96671989E-9	-1.70898438E-2	0.00000000E+0	0.00000000E+0
-1.46484375E-2	-8.50060022E-9	-8.50060022E-9	-1.46484375E-2	0.00000000E+0	0.00000000E+0
-1.22070313E-2	-7.13394988E-9	-7.13394988E-9	-1.22070313E-2	0.00000000E+0	0.00000000E+0
-9.76562500E-3	-5.70351011E-9	-5.70351011E-9	-9.76562500E-3	0.00000000E+0	0.00000000E+0
-7.32421875E-3	-4.32850999E-9	-4.32850999E-9	-7.32421875E-3	0.00000000E+0	0.00000000E+0
-4.88281250E-3	-2.87225999E-9	-2.87225999E-9	-4.88281250E-3	0.00000000E+0	0.00000000E+0
-2.44140625E-3	-1.67112002E-9	-1.67112002E-9	-2.44140625E-3	0.00000000E+0	0.00000000E+0
0.00000000E+0	-1.75006995E-10	-1.75006995E-10	0.00000000E+0	0.00000000E+0	0.00000000E+0
