Date: do 28 mrt 2013, Material: Au, Temp: 4.2 K
AO1 - module gain: 1.0E+0, R_out: 0.0
AO2 - module gain: 1.0E+2
MUX1 - ADC gain: 4, logarithmic amplifier: D:\LabVIEW Data\Lithographic MCBJ\MED24_070412.TXT, R_in: 0.000
MUX2 - ADC gain: 4, linear amplifier: 1.000000 x 1e10 V/A, R_in: 1.000
Breaking trace: 15 0
Axis position: -883.150068
Vbias (V)	<I> and Ii MUX1 (A)	Vbias (V)	<I> and Ii MUX2 (A)
@
0.00000000E+0	-2.47327003E-9	-2.47327003E-9	0.00000000E+0	0.00000000E+0	0.00000000E+0
2.44140625E-3	6.68295019E-9	6.68295019E-9	2.44140625E-3	0.00000000E+0	0.00000000E+0
4.88281250E-3	1.82958999E-8	1.82958999E-8	4.88281250E-3	0.00000000E+0	0.00000000E+0
7.32421875E-3	2.98942986E-8	2.98942986E-8	7.32421875E-3	0.00000000E+0	0.00000000E+0
9.76562500E-3	4.24790016E-8	4.24790016E-8	9.76562500E-3	0.00000000E+0	0.00000000E+0
1.22070313E-2	5.47921992E-8	5.47921992E-8	1.22070313E-2	0.00000000E+0	0.00000000E+0
1.46484375E-2	6.79311967E-8	6.79311967E-8	1.46484375E-2	0.00000000E+0	0.00000000E+0
1.70898438E-2	8.10128000E-8	8.10128000E-8	1.70898438E-2	0.00000000E+0	0.00000000E+0
1.95312500E-2	9.48322025E-8	9.48322025E-8	1.95312500E-2	0.00000000E+0	0.00000000E+0
2.19726563E-2	1.08100998E-7	1.08100998E-7	2.19726563E-2	0.00000000E+0	0.00000000E+0
2.44140625E-2	1.21865995E-7	1.21865995E-7	2.44140625E-2	0.00000000E+0	0.00000000E+0
2.68554688E-2	1.35804001E-7	1.35804001E-7	2.68554688E-2	0.00000000E+0	0.00000000E+0
2.92968750E-2	1.50250003E-7	1.50250003E-7	2.92968750E-2	0.00000000E+0	0.00000000E+0
3.17382813E-2	1.63804998E-7	1.63804998E-7	3.17382813E-2	0.00000000E+0	0.00000000E+0
3.41796875E-2	1.77982997E-7	1.77982997E-7	3.41796875E-2	0.00000000E+0	0.00000000E+0
3.66210938E-2	1.92442002E-7	1.92442002E-7	3.66210938E-2	0.00000000E+0	0.00000000E+0
3.90625000E-2	2.07409002E-7	2.07409002E-7	3.90625000E-2	0.00000000E+0	0.00000000E+0
4.15039063E-2	2.13212999E-7	2.13212999E-7	4.15039063E-2	0.00000000E+0	0.00000000E+0
4.39453125E-2	1.50746004E-7	1.50746004E-7	4.39453125E-2	0.00000000E+0	0.00000000E+0
4.63867188E-2	9.52566026E-8	9.52566026E-8	4.63867188E-2	0.00000000E+0	0.00000000E+0
4.88281250E-2	1.61436997E-8	1.61436997E-8	4.88281250E-2	0.00000000E+0	0.00000000E+0
5.12695313E-2	6.34963992E-9	6.34963992E-9	5.12695313E-2	0.00000000E+0	0.00000000E+0
5.37109375E-2	6.32571995E-9	6.32571995E-9	5.37109375E-2	0.00000000E+0	0.00000000E+0
5.61523438E-2	5.45972014E-8	5.45972014E-8	5.61523438E-2	0.00000000E+0	0.00000000E+0
5.85937500E-2	5.02698008E-8	5.02698008E-8	5.85937500E-2	0.00000000E+0	0.00000000E+0
6.10351563E-2	5.06827007E-8	5.06827007E-8	6.10351563E-2	0.00000000E+0	0.00000000E+0
6.34765625E-2	4.92835994E-8	4.92835994E-8	6.34765625E-2	0.00000000E+0	0.00000000E+0
6.59179688E-2	5.33892006E-8	5.33892006E-8	6.59179688E-2	0.00000000E+0	0.00000000E+0
6.83593750E-2	5.61187008E-8	5.61187008E-8	6.83593750E-2	0.00000000E+0	0.00000000E+0
7.08007813E-2	5.84200990E-8	5.84200990E-8	7.08007813E-2	0.00000000E+0	0.00000000E+0
7.32421875E-2	6.06679009E-8	6.06679009E-8	7.32421875E-2	0.00000000E+0	0.00000000E+0
7.56835938E-2	6.36267004E-8	6.36267004E-8	7.56835938E-2	0.00000000E+0	0.00000000E+0
7.81250000E-2	6.63829027E-8	6.63829027E-8	7.81250000E-2	0.00000000E+0	0.00000000E+0
8.05664063E-2	6.82676031E-8	6.82676031E-8	8.05664063E-2	0.00000000E+0	0.00000000E+0
8.30078125E-2	7.17769026E-8	7.17769026E-8	8.30078125E-2	0.00000000E+0	0.00000000E+0
8.54492188E-2	7.31264009E-8	7.31264009E-8	8.54492188E-2	0.00000000E+0	0.00000000E+0
8.78906250E-2	7.79469005E-8	7.79469005E-8	8.78906250E-2	0.00000000E+0	0.00000000E+0
9.03320313E-2	7.99041970E-8	7.99041970E-8	9.03320313E-2	0.00000000E+0	0.00000000E+0
9.27734375E-2	8.27063005E-8	8.27063005E-8	9.27734375E-2	0.00000000E+0	0.00000000E+0
9.52148438E-2	8.50803019E-8	8.50803019E-8	9.52148438E-2	0.00000000E+0	0.00000000E+0
9.76562500E-2	8.72402026E-8	8.72402026E-8	9.76562500E-2	0.00000000E+0	0.00000000E+0
1.00097656E-1	8.93846988E-8	8.93846988E-8	1.00097656E-1	0.00000000E+0	0.00000000E+0
1.02539062E-1	9.18618994E-8	9.18618994E-8	1.02539062E-1	0.00000000E+0	0.00000000E+0
1.04980469E-1	9.31999011E-8	9.31999011E-8	1.04980469E-1	0.00000000E+0	0.00000000E+0
1.07421875E-1	9.52566026E-8	9.52566026E-8	1.07421875E-1	0.00000000E+0	0.00000000E+0
1.09863281E-1	9.70646994E-8	9.70646994E-8	1.09863281E-1	0.00000000E+0	0.00000000E+0
1.12304687E-1	9.97062983E-8	9.97062983E-8	1.12304687E-1	0.00000000E+0	0.00000000E+0
1.14746094E-1	1.01147997E-7	1.01147997E-7	1.14746094E-1	0.00000000E+0	0.00000000E+0
1.17187500E-1	1.03326002E-7	1.03326002E-7	1.17187500E-1	0.00000000E+0	0.00000000E+0
1.19628906E-1	1.04954999E-7	1.04954999E-7	1.19628906E-1	0.00000000E+0	0.00000000E+0
1.22070312E-1	1.06285000E-7	1.06285000E-7	1.22070312E-1	0.00000000E+0	0.00000000E+0
1.24511719E-1	1.08934998E-7	1.08934998E-7	1.24511719E-1	0.00000000E+0	0.00000000E+0
1.26953125E-1	1.10808003E-7	1.10808003E-7	1.26953125E-1	0.00000000E+0	0.00000000E+0
1.29394531E-1	1.13070001E-7	1.13070001E-7	1.29394531E-1	0.00000000E+0	0.00000000E+0
1.31835937E-1	1.14187003E-7	1.14187003E-7	1.31835937E-1	0.00000000E+0	0.00000000E+0
1.34277344E-1	1.16646000E-7	1.16646000E-7	1.34277344E-1	0.00000000E+0	0.00000000E+0
1.36718750E-1	1.18239001E-7	1.18239001E-7	1.36718750E-1	0.00000000E+0	0.00000000E+0
1.39160156E-1	1.20693002E-7	1.20693002E-7	1.39160156E-1	0.00000000E+0	0.00000000E+0
1.41601562E-1	1.22257006E-7	1.22257006E-7	1.41601562E-1	0.00000000E+0	0.00000000E+0
1.44042969E-1	1.24482995E-7	1.24482995E-7	1.44042969E-1	0.00000000E+0	0.00000000E+0
1.46484375E-1	1.25672997E-7	1.25672997E-7	1.46484375E-1	0.00000000E+0	0.00000000E+0
1.48925781E-1	1.27974999E-7	1.27974999E-7	1.48925781E-1	0.00000000E+0	0.00000000E+0
1.51367187E-1	1.30364995E-7	1.30364995E-7	1.51367187E-1	0.00000000E+0	0.00000000E+0
1.53808594E-1	1.32113001E-7	1.32113001E-7	1.53808594E-1	0.00000000E+0	0.00000000E+0
1.56250000E-1	1.34480004E-7	1.34480004E-7	1.56250000E-1	0.00000000E+0	0.00000000E+0
1.58691406E-1	1.36007003E-7	1.36007003E-7	1.58691406E-1	0.00000000E+0	0.00000000E+0
1.61132812E-1	1.38272995E-7	1.38272995E-7	1.61132812E-1	0.00000000E+0	0.00000000E+0
1.63574219E-1	1.40398996E-7	1.40398996E-7	1.63574219E-1	0.00000000E+0	0.00000000E+0
1.66015625E-1	1.42537004E-7	1.42537004E-7	1.66015625E-1	0.00000000E+0	0.00000000E+0
1.68457031E-1	1.44712999E-7	1.44712999E-7	1.68457031E-1	0.00000000E+0	0.00000000E+0
1.70898437E-1	1.46774994E-7	1.46774994E-7	1.70898437E-1	0.00000000E+0	0.00000000E+0
1.73339844E-1	1.48951003E-7	1.48951003E-7	1.73339844E-1	0.00000000E+0	0.00000000E+0
1.75781250E-1	1.51153003E-7	1.51153003E-7	1.75781250E-1	0.00000000E+0	0.00000000E+0
1.78222656E-1	1.53011996E-7	1.53011996E-7	1.78222656E-1	0.00000000E+0	0.00000000E+0
1.80664062E-1	1.54831994E-7	1.54831994E-7	1.80664062E-1	0.00000000E+0	0.00000000E+0
1.83105469E-1	1.57212000E-7	1.57212000E-7	1.83105469E-1	0.00000000E+0	0.00000000E+0
1.85546875E-1	1.59223006E-7	1.59223006E-7	1.85546875E-1	0.00000000E+0	0.00000000E+0
1.87988281E-1	1.61169993E-7	1.61169993E-7	1.87988281E-1	0.00000000E+0	0.00000000E+0
1.90429687E-1	1.63371993E-7	1.63371993E-7	1.90429687E-1	0.00000000E+0	0.00000000E+0
1.92871094E-1	1.65445996E-7	1.65445996E-7	1.92871094E-1	0.00000000E+0	0.00000000E+0
1.95312500E-1	1.67596994E-7	1.67596994E-7	1.95312500E-1	0.00000000E+0	0.00000000E+0
1.97753906E-1	1.69838003E-7	1.69838003E-7	1.97753906E-1	0.00000000E+0	0.00000000E+0
2.00195312E-1	1.71798007E-7	1.71798007E-7	2.00195312E-1	0.00000000E+0	0.00000000E+0
2.02636719E-1	1.73629999E-7	1.73629999E-7	2.02636719E-1	0.00000000E+0	0.00000000E+0
2.05078125E-1	1.76558004E-7	1.76558004E-7	2.05078125E-1	0.00000000E+0	0.00000000E+0
2.07519531E-1	1.78389996E-7	1.78389996E-7	2.07519531E-1	0.00000000E+0	0.00000000E+0
2.09960937E-1	1.79918004E-7	1.79918004E-7	2.09960937E-1	0.00000000E+0	0.00000000E+0
2.12402344E-1	1.81649000E-7	1.81649000E-7	2.12402344E-1	0.00000000E+0	0.00000000E+0
2.14843750E-1	1.83736006E-7	1.83736006E-7	2.14843750E-1	0.00000000E+0	0.00000000E+0
2.17285156E-1	1.86231006E-7	1.86231006E-7	2.17285156E-1	0.00000000E+0	0.00000000E+0
2.19726562E-1	1.87732994E-7	1.87732994E-7	2.19726562E-1	0.00000000E+0	0.00000000E+0
2.22167969E-1	1.89806997E-7	1.89806997E-7	2.22167969E-1	0.00000000E+0	0.00000000E+0
2.24609375E-1	1.91831006E-7	1.91831006E-7	2.24609375E-1	0.00000000E+0	0.00000000E+0
2.27050781E-1	1.93586999E-7	1.93586999E-7	2.27050781E-1	0.00000000E+0	0.00000000E+0
2.29492187E-1	1.95878002E-7	1.95878002E-7	2.29492187E-1	0.00000000E+0	0.00000000E+0
2.31933594E-1	1.97519995E-7	1.97519995E-7	2.31933594E-1	0.00000000E+0	0.00000000E+0
2.34375000E-1	1.99772998E-7	1.99772998E-7	2.34375000E-1	0.00000000E+0	0.00000000E+0
2.36816406E-1	2.01185998E-7	2.01185998E-7	2.36816406E-1	0.00000000E+0	0.00000000E+0
2.39257812E-1	2.02929002E-7	2.02929002E-7	2.39257812E-1	0.00000000E+0	0.00000000E+0
2.41699219E-1	2.05475004E-7	2.05475004E-7	2.41699219E-1	0.00000000E+0	0.00000000E+0
2.44140625E-1	2.07409002E-7	2.07409002E-7	2.44140625E-1	0.00000000E+0	0.00000000E+0
2.46582031E-1	2.09356998E-7	2.09356998E-7	2.46582031E-1	0.00000000E+0	0.00000000E+0
2.49023437E-1	2.11533006E-7	2.11533006E-7	2.49023437E-1	0.00000000E+0	0.00000000E+0
2.51464844E-1	2.13212999E-7	2.13212999E-7	2.51464844E-1	0.00000000E+0	0.00000000E+0
2.53906250E-1	2.15848004E-7	2.15848004E-7	2.53906250E-1	0.00000000E+0	0.00000000E+0
2.56347656E-1	2.18100993E-7	2.18100993E-7	2.56347656E-1	0.00000000E+0	0.00000000E+0
2.58789062E-1	2.20085994E-7	2.20085994E-7	2.58789062E-1	0.00000000E+0	0.00000000E+0
2.61230469E-1	2.22072003E-7	2.22072003E-7	2.61230469E-1	0.00000000E+0	0.00000000E+0
2.63671875E-1	2.23751996E-7	2.23751996E-7	2.63671875E-1	0.00000000E+0	0.00000000E+0
2.66113281E-1	2.26577001E-7	2.26577001E-7	2.66113281E-1	0.00000000E+0	0.00000000E+0
2.68554687E-1	2.28130006E-7	2.28130006E-7	2.68554687E-1	0.00000000E+0	0.00000000E+0
2.70996094E-1	2.30815999E-7	2.30815999E-7	2.70996094E-1	0.00000000E+0	0.00000000E+0
2.73437500E-1	2.32687000E-7	2.32687000E-7	2.73437500E-1	0.00000000E+0	0.00000000E+0
2.75878906E-1	2.35130003E-7	2.35130003E-7	2.75878906E-1	0.00000000E+0	0.00000000E+0
2.78320312E-1	2.37574000E-7	2.37574000E-7	2.78320312E-1	0.00000000E+0	0.00000000E+0
2.80761719E-1	2.39788989E-7	2.39788989E-7	2.80761719E-1	0.00000000E+0	0.00000000E+0
2.83203125E-1	2.41468996E-7	2.41468996E-7	2.83203125E-1	0.00000000E+0	0.00000000E+0
2.85644531E-1	2.42791998E-7	2.42791998E-7	2.85644531E-1	0.00000000E+0	0.00000000E+0
2.88085937E-1	2.45591991E-7	2.45591991E-7	2.88085937E-1	0.00000000E+0	0.00000000E+0
2.90527344E-1	2.48188996E-7	2.48188996E-7	2.90527344E-1	0.00000000E+0	0.00000000E+0
2.92968750E-1	2.50633008E-7	2.50633008E-7	2.92968750E-1	0.00000000E+0	0.00000000E+0
2.95410156E-1	2.53534012E-7	2.53534012E-7	2.95410156E-1	0.00000000E+0	0.00000000E+0
2.97851562E-1	2.56130988E-7	2.56130988E-7	2.97851562E-1	0.00000000E+0	0.00000000E+0
3.00292969E-1	2.58269012E-7	2.58269012E-7	3.00292969E-1	0.00000000E+0	0.00000000E+0
3.02734375E-1	2.59643997E-7	2.59643997E-7	3.02734375E-1	0.00000000E+0	0.00000000E+0
3.05175781E-1	2.61171010E-7	2.61171010E-7	3.05175781E-1	0.00000000E+0	0.00000000E+0
3.07617187E-1	2.63919986E-7	2.63919986E-7	3.07617187E-1	0.00000000E+0	0.00000000E+0
3.10058594E-1	2.66746014E-7	2.66746014E-7	3.10058594E-1	0.00000000E+0	0.00000000E+0
3.12500000E-1	2.69265996E-7	2.69265996E-7	3.12500000E-1	0.00000000E+0	0.00000000E+0
3.14941406E-1	2.71479990E-7	2.71479990E-7	3.14941406E-1	0.00000000E+0	0.00000000E+0
3.17382812E-1	2.73465986E-7	2.73465986E-7	3.17382812E-1	0.00000000E+0	0.00000000E+0
3.19824219E-1	2.77437010E-7	2.77437010E-7	3.19824219E-1	0.00000000E+0	0.00000000E+0
3.22265625E-1	2.78047992E-7	2.78047992E-7	3.22265625E-1	0.00000000E+0	0.00000000E+0
3.24707031E-1	2.80492003E-7	2.80492003E-7	3.24707031E-1	0.00000000E+0	0.00000000E+0
3.27148437E-1	2.82629998E-7	2.82629998E-7	3.27148437E-1	0.00000000E+0	0.00000000E+0
3.29589844E-1	2.83965989E-7	2.83965989E-7	3.29589844E-1	0.00000000E+0	0.00000000E+0
3.32031250E-1	2.86791987E-7	2.86791987E-7	3.32031250E-1	0.00000000E+0	0.00000000E+0
3.34472656E-1	2.89273999E-7	2.89273999E-7	3.34472656E-1	0.00000000E+0	0.00000000E+0
3.36914062E-1	2.91870009E-7	2.91870009E-7	3.36914062E-1	0.00000000E+0	0.00000000E+0
3.39355469E-1	2.93016001E-7	2.93016001E-7	3.39355469E-1	0.00000000E+0	0.00000000E+0
3.41796875E-1	2.95267995E-7	2.95267995E-7	3.41796875E-1	0.00000000E+0	0.00000000E+0
3.44238281E-1	2.97291990E-7	2.97291990E-7	3.44238281E-1	0.00000000E+0	0.00000000E+0
3.46679687E-1	2.99124991E-7	2.99124991E-7	3.46679687E-1	0.00000000E+0	0.00000000E+0
3.49121094E-1	3.01873996E-7	3.01873996E-7	3.49121094E-1	0.00000000E+0	0.00000000E+0
3.51562500E-1	3.04089014E-7	3.04089014E-7	3.51562500E-1	0.00000000E+0	0.00000000E+0
3.54003906E-1	3.05844992E-7	3.05844992E-7	3.54003906E-1	0.00000000E+0	0.00000000E+0
3.56445312E-1	3.08822990E-7	3.08822990E-7	3.56445312E-1	0.00000000E+0	0.00000000E+0
3.58886719E-1	3.11571995E-7	3.11571995E-7	3.58886719E-1	0.00000000E+0	0.00000000E+0
3.61328125E-1	3.12526993E-7	3.12526993E-7	3.61328125E-1	0.00000000E+0	0.00000000E+0
3.63769531E-1	3.14780010E-7	3.14780010E-7	3.63769531E-1	0.00000000E+0	0.00000000E+0
3.66210937E-1	3.17222998E-7	3.17222998E-7	3.66210937E-1	0.00000000E+0	0.00000000E+0
3.68652344E-1	3.18827006E-7	3.18827006E-7	3.68652344E-1	0.00000000E+0	0.00000000E+0
3.71093750E-1	3.22263986E-7	3.22263986E-7	3.71093750E-1	0.00000000E+0	0.00000000E+0
3.73535156E-1	3.23524006E-7	3.23524006E-7	3.73535156E-1	0.00000000E+0	0.00000000E+0
3.75976562E-1	3.25624001E-7	3.25624001E-7	3.75976562E-1	0.00000000E+0	0.00000000E+0
3.78417969E-1	3.27609001E-7	3.27609001E-7	3.78417969E-1	0.00000000E+0	0.00000000E+0
3.80859375E-1	3.30053012E-7	3.30053012E-7	3.80859375E-1	0.00000000E+0	0.00000000E+0
3.83300781E-1	3.31275004E-7	3.31275004E-7	3.83300781E-1	0.00000000E+0	0.00000000E+0
3.85742187E-1	3.33565993E-7	3.33565993E-7	3.85742187E-1	0.00000000E+0	0.00000000E+0
3.88183594E-1	3.37002007E-7	3.37002007E-7	3.88183594E-1	0.00000000E+0	0.00000000E+0
3.90625000E-1	3.38299998E-7	3.38299998E-7	3.90625000E-1	0.00000000E+0	0.00000000E+0
3.93066406E-1	3.39751011E-7	3.39751011E-7	3.93066406E-1	0.00000000E+0	0.00000000E+0
3.95507812E-1	3.41354990E-7	3.41354990E-7	3.95507812E-1	0.00000000E+0	0.00000000E+0
3.97949219E-1	3.44410012E-7	3.44410012E-7	3.97949219E-1	0.00000000E+0	0.00000000E+0
4.00390625E-1	3.46853000E-7	3.46853000E-7	4.00390625E-1	0.00000000E+0	0.00000000E+0
4.02832031E-1	3.49297011E-7	3.49297011E-7	4.02832031E-1	0.00000000E+0	0.00000000E+0
4.05273437E-1	3.51130012E-7	3.51130012E-7	4.05273437E-1	0.00000000E+0	0.00000000E+0
4.07714844E-1	3.50785996E-7	3.50785996E-7	4.07714844E-1	0.00000000E+0	0.00000000E+0
4.10156250E-1	3.54489998E-7	3.54489998E-7	4.10156250E-1	0.00000000E+0	0.00000000E+0
4.12597656E-1	3.56323000E-7	3.56323000E-7	4.12597656E-1	0.00000000E+0	0.00000000E+0
4.15039062E-1	3.58460994E-7	3.58460994E-7	4.15039062E-1	0.00000000E+0	0.00000000E+0
4.17480469E-1	3.61133999E-7	3.61133999E-7	4.17480469E-1	0.00000000E+0	0.00000000E+0
4.19921875E-1	3.64876001E-7	3.64876001E-7	4.19921875E-1	0.00000000E+0	0.00000000E+0
4.22363281E-1	3.65257989E-7	3.65257989E-7	4.22363281E-1	0.00000000E+0	0.00000000E+0
4.24804687E-1	3.68732003E-7	3.68732003E-7	4.24804687E-1	0.00000000E+0	0.00000000E+0
4.27246094E-1	3.68541009E-7	3.68541009E-7	4.27246094E-1	0.00000000E+0	0.00000000E+0
4.29687500E-1	3.71099986E-7	3.71099986E-7	4.29687500E-1	0.00000000E+0	0.00000000E+0
4.32128906E-1	3.72589000E-7	3.72589000E-7	4.32128906E-1	0.00000000E+0	0.00000000E+0
4.34570312E-1	3.75031988E-7	3.75031988E-7	4.34570312E-1	0.00000000E+0	0.00000000E+0
4.37011719E-1	3.77285005E-7	3.77285005E-7	4.37011719E-1	0.00000000E+0	0.00000000E+0
4.39453125E-1	3.81522995E-7	3.81522995E-7	4.39453125E-1	0.00000000E+0	0.00000000E+0
4.41894531E-1	3.83584990E-7	3.83584990E-7	4.41894531E-1	0.00000000E+0	0.00000000E+0
4.44335937E-1	3.86257994E-7	3.86257994E-7	4.44335937E-1	0.00000000E+0	0.00000000E+0
4.46777344E-1	3.88225004E-7	3.88225004E-7	4.46777344E-1	0.00000000E+0	0.00000000E+0
4.49218750E-1	3.91221988E-7	3.91221988E-7	4.49218750E-1	0.00000000E+0	0.00000000E+0
4.51660156E-1	3.90992994E-7	3.90992994E-7	4.51660156E-1	0.00000000E+0	0.00000000E+0
4.54101562E-1	3.92977995E-7	3.92977995E-7	4.54101562E-1	0.00000000E+0	0.00000000E+0
4.56542969E-1	3.96032988E-7	3.96032988E-7	4.56542969E-1	0.00000000E+0	0.00000000E+0
4.58984375E-1	3.98858987E-7	3.98858987E-7	4.58984375E-1	0.00000000E+0	0.00000000E+0
4.61425781E-1	4.03745986E-7	4.03745986E-7	4.61425781E-1	0.00000000E+0	0.00000000E+0
4.63867187E-1	4.03135004E-7	4.03135004E-7	4.63867187E-1	0.00000000E+0	0.00000000E+0
4.66308594E-1	4.06113003E-7	4.06113003E-7	4.66308594E-1	0.00000000E+0	0.00000000E+0
4.68750000E-1	4.10465987E-7	4.10465987E-7	4.68750000E-1	0.00000000E+0	0.00000000E+0
4.71191406E-1	4.11688006E-7	4.11688006E-7	4.71191406E-1	0.00000000E+0	0.00000000E+0
4.73632812E-1	4.13330014E-7	4.13330014E-7	4.73632812E-1	0.00000000E+0	0.00000000E+0
4.76074219E-1	4.16575006E-7	4.16575006E-7	4.76074219E-1	0.00000000E+0	0.00000000E+0
4.78515625E-1	4.16803999E-7	4.16803999E-7	4.78515625E-1	0.00000000E+0	0.00000000E+0
4.80957031E-1	4.20546002E-7	4.20546002E-7	4.80957031E-1	0.00000000E+0	0.00000000E+0
4.83398437E-1	4.21826002E-7	4.21826002E-7	4.83398437E-1	0.00000000E+0	0.00000000E+0
4.85839844E-1	4.24212004E-7	4.24212004E-7	4.85839844E-1	0.00000000E+0	0.00000000E+0
4.88281250E-1	4.26961009E-7	4.26961009E-7	4.88281250E-1	0.00000000E+0	0.00000000E+0
4.90722656E-1	4.29480991E-7	4.29480991E-7	4.90722656E-1	0.00000000E+0	0.00000000E+0
4.93164062E-1	4.30932005E-7	4.30932005E-7	4.93164062E-1	0.00000000E+0	0.00000000E+0
4.90722656E-1	4.28564988E-7	4.28564988E-7	4.90722656E-1	0.00000000E+0	0.00000000E+0
4.88281250E-1	4.28259000E-7	4.28259000E-7	4.88281250E-1	0.00000000E+0	0.00000000E+0
4.85839844E-1	4.23600994E-7	4.23600994E-7	4.85839844E-1	0.00000000E+0	0.00000000E+0
4.83398437E-1	4.22684991E-7	4.22684991E-7	4.83398437E-1	0.00000000E+0	0.00000000E+0
4.80957031E-1	4.24631992E-7	4.24631992E-7	4.80957031E-1	0.00000000E+0	0.00000000E+0
4.78515625E-1	4.19325005E-7	4.19325005E-7	4.78515625E-1	0.00000000E+0	0.00000000E+0
4.76074219E-1	4.14437011E-7	4.14437011E-7	4.76074219E-1	0.00000000E+0	0.00000000E+0
4.73632812E-1	4.14971993E-7	4.14971993E-7	4.73632812E-1	0.00000000E+0	0.00000000E+0
4.71191406E-1	4.10924002E-7	4.10924002E-7	4.71191406E-1	0.00000000E+0	0.00000000E+0
4.68750000E-1	4.08633014E-7	4.08633014E-7	4.68750000E-1	0.00000000E+0	0.00000000E+0
4.66308594E-1	4.07832005E-7	4.07832005E-7	4.66308594E-1	0.00000000E+0	0.00000000E+0
4.63867187E-1	4.03860014E-7	4.03860014E-7	4.63867187E-1	0.00000000E+0	0.00000000E+0
4.61425781E-1	4.00690993E-7	4.00690993E-7	4.61425781E-1	0.00000000E+0	0.00000000E+0
4.58984375E-1	3.99774990E-7	3.99774990E-7	4.58984375E-1	0.00000000E+0	0.00000000E+0
4.56542969E-1	3.97255008E-7	3.97255008E-7	4.56542969E-1	0.00000000E+0	0.00000000E+0
4.54101562E-1	3.95803994E-7	3.95803994E-7	4.54101562E-1	0.00000000E+0	0.00000000E+0
4.51660156E-1	3.91221988E-7	3.91221988E-7	4.51660156E-1	0.00000000E+0	0.00000000E+0
4.49218750E-1	3.90535007E-7	3.90535007E-7	4.49218750E-1	0.00000000E+0	0.00000000E+0
4.46777344E-1	3.86640011E-7	3.86640011E-7	4.46777344E-1	0.00000000E+0	0.00000000E+0
4.44335937E-1	3.83814012E-7	3.83814012E-7	4.44335937E-1	0.00000000E+0	0.00000000E+0
4.41894531E-1	3.82898008E-7	3.82898008E-7	4.41894531E-1	0.00000000E+0	0.00000000E+0
4.39453125E-1	3.81370995E-7	3.81370995E-7	4.39453125E-1	0.00000000E+0	0.00000000E+0
4.37011719E-1	3.78506996E-7	3.78506996E-7	4.37011719E-1	0.00000000E+0	0.00000000E+0
4.34570312E-1	3.77285005E-7	3.77285005E-7	4.34570312E-1	0.00000000E+0	0.00000000E+0
4.32128906E-1	3.78011009E-7	3.78011009E-7	4.32128906E-1	0.00000000E+0	0.00000000E+0
4.29687500E-1	3.73429003E-7	3.73429003E-7	4.29687500E-1	0.00000000E+0	0.00000000E+0
4.27246094E-1	3.72398006E-7	3.72398006E-7	4.27246094E-1	0.00000000E+0	0.00000000E+0
4.24804687E-1	3.68732003E-7	3.68732003E-7	4.24804687E-1	0.00000000E+0	0.00000000E+0
4.22363281E-1	3.65066995E-7	3.65066995E-7	4.22363281E-1	0.00000000E+0	0.00000000E+0
4.19921875E-1	3.64570013E-7	3.64570013E-7	4.19921875E-1	0.00000000E+0	0.00000000E+0
4.17480469E-1	3.63654010E-7	3.63654010E-7	4.17480469E-1	0.00000000E+0	0.00000000E+0
4.15039062E-1	3.63654010E-7	3.63654010E-7	4.15039062E-1	0.00000000E+0	0.00000000E+0
4.12597656E-1	3.59148004E-7	3.59148004E-7	4.12597656E-1	0.00000000E+0	0.00000000E+0
4.10156250E-1	3.55101008E-7	3.55101008E-7	4.10156250E-1	0.00000000E+0	0.00000000E+0
4.07714844E-1	3.53421001E-7	3.53421001E-7	4.07714844E-1	0.00000000E+0	0.00000000E+0
4.05273437E-1	3.51435006E-7	3.51435006E-7	4.05273437E-1	0.00000000E+0	0.00000000E+0
4.02832031E-1	3.49297011E-7	3.49297011E-7	4.02832031E-1	0.00000000E+0	0.00000000E+0
4.00390625E-1	3.47082988E-7	3.47082988E-7	4.00390625E-1	0.00000000E+0	0.00000000E+0
3.97949219E-1	3.45517009E-7	3.45517009E-7	3.97949219E-1	0.00000000E+0	0.00000000E+0
3.95507812E-1	3.44218989E-7	3.44218989E-7	3.95507812E-1	0.00000000E+0	0.00000000E+0
3.93066406E-1	3.47464010E-7	3.47464010E-7	3.93066406E-1	0.00000000E+0	0.00000000E+0
3.90625000E-1	3.42996998E-7	3.42996998E-7	3.90625000E-1	0.00000000E+0	0.00000000E+0
3.88183594E-1	3.41966000E-7	3.41966000E-7	3.88183594E-1	0.00000000E+0	0.00000000E+0
3.85742187E-1	3.41354990E-7	3.41354990E-7	3.85742187E-1	0.00000000E+0	0.00000000E+0
3.83300781E-1	3.38529986E-7	3.38529986E-7	3.83300781E-1	0.00000000E+0	0.00000000E+0
3.80859375E-1	3.35474994E-7	3.35474994E-7	3.80859375E-1	0.00000000E+0	0.00000000E+0
3.78417969E-1	3.32496995E-7	3.32496995E-7	3.78417969E-1	0.00000000E+0	0.00000000E+0
3.75976562E-1	3.30358006E-7	3.30358006E-7	3.75976562E-1	0.00000000E+0	0.00000000E+0
3.73535156E-1	3.30358006E-7	3.30358006E-7	3.73535156E-1	0.00000000E+0	0.00000000E+0
3.71093750E-1	3.27609001E-7	3.27609001E-7	3.71093750E-1	0.00000000E+0	0.00000000E+0
3.68652344E-1	3.25624001E-7	3.25624001E-7	3.68652344E-1	0.00000000E+0	0.00000000E+0
3.66210937E-1	3.23333012E-7	3.23333012E-7	3.66210937E-1	0.00000000E+0	0.00000000E+0
3.63769531E-1	3.20889001E-7	3.20889001E-7	3.63769531E-1	0.00000000E+0	0.00000000E+0
3.61328125E-1	3.18636012E-7	3.18636012E-7	3.61328125E-1	0.00000000E+0	0.00000000E+0
3.58886719E-1	3.16002001E-7	3.16002001E-7	3.58886719E-1	0.00000000E+0	0.00000000E+0
3.56445312E-1	3.14626988E-7	3.14626988E-7	3.56445312E-1	0.00000000E+0	0.00000000E+0
3.54003906E-1	3.12107005E-7	3.12107005E-7	3.54003906E-1	0.00000000E+0	0.00000000E+0
3.51562500E-1	3.08822990E-7	3.08822990E-7	3.51562500E-1	0.00000000E+0	0.00000000E+0
3.49121094E-1	3.06837990E-7	3.06837990E-7	3.49121094E-1	0.00000000E+0	0.00000000E+0
3.46679687E-1	3.06380002E-7	3.06380002E-7	3.46679687E-1	0.00000000E+0	0.00000000E+0
3.44238281E-1	3.02789999E-7	3.02789999E-7	3.44238281E-1	0.00000000E+0	0.00000000E+0
3.41796875E-1	3.01147992E-7	3.01147992E-7	3.41796875E-1	0.00000000E+0	0.00000000E+0
3.39355469E-1	2.98819003E-7	2.98819003E-7	3.39355469E-1	0.00000000E+0	0.00000000E+0
3.36914062E-1	2.95917005E-7	2.95917005E-7	3.36914062E-1	0.00000000E+0	0.00000000E+0
3.34472656E-1	2.94848007E-7	2.94848007E-7	3.34472656E-1	0.00000000E+0	0.00000000E+0
3.32031250E-1	2.93932004E-7	2.93932004E-7	3.32031250E-1	0.00000000E+0	0.00000000E+0
3.29589844E-1	2.89961008E-7	2.89961008E-7	3.29589844E-1	0.00000000E+0	0.00000000E+0
3.27148437E-1	2.86983010E-7	2.86983010E-7	3.27148437E-1	0.00000000E+0	0.00000000E+0
3.24707031E-1	2.84767992E-7	2.84767992E-7	3.24707031E-1	0.00000000E+0	0.00000000E+0
3.22265625E-1	2.85073014E-7	2.85073014E-7	3.22265625E-1	0.00000000E+0	0.00000000E+0
3.19824219E-1	2.80032992E-7	2.80032992E-7	3.19824219E-1	0.00000000E+0	0.00000000E+0
3.17382812E-1	2.77081000E-7	2.77081000E-7	3.17382812E-1	0.00000000E+0	0.00000000E+0
3.14941406E-1	2.74992999E-7	2.74992999E-7	3.14941406E-1	0.00000000E+0	0.00000000E+0
3.12500000E-1	2.72702010E-7	2.72702010E-7	3.12500000E-1	0.00000000E+0	0.00000000E+0
3.10058594E-1	2.70258994E-7	2.70258994E-7	3.10058594E-1	0.00000000E+0	0.00000000E+0
3.07617187E-1	2.69608989E-7	2.69608989E-7	3.07617187E-1	0.00000000E+0	0.00000000E+0
3.05175781E-1	2.65956999E-7	2.65956999E-7	3.05175781E-1	0.00000000E+0	0.00000000E+0
3.02734375E-1	2.63004011E-7	2.63004011E-7	3.02734375E-1	0.00000000E+0	0.00000000E+0
3.00292969E-1	2.61476004E-7	2.61476004E-7	3.00292969E-1	0.00000000E+0	0.00000000E+0
2.97851562E-1	2.59338009E-7	2.59338009E-7	2.97851562E-1	0.00000000E+0	0.00000000E+0
2.95410156E-1	2.56894992E-7	2.56894992E-7	2.95410156E-1	0.00000000E+0	0.00000000E+0
2.92968750E-1	2.54946997E-7	2.54946997E-7	2.92968750E-1	0.00000000E+0	0.00000000E+0
2.90527344E-1	2.52923002E-7	2.52923002E-7	2.90527344E-1	0.00000000E+0	0.00000000E+0
2.88085937E-1	2.49562987E-7	2.49562987E-7	2.88085937E-1	0.00000000E+0	0.00000000E+0
2.85644531E-1	2.47119999E-7	2.47119999E-7	2.85644531E-1	0.00000000E+0	0.00000000E+0
2.83203125E-1	2.45172004E-7	2.45172004E-7	2.83203125E-1	0.00000000E+0	0.00000000E+0
2.80761719E-1	2.43377997E-7	2.43377997E-7	2.80761719E-1	0.00000000E+0	0.00000000E+0
2.78320312E-1	2.40094010E-7	2.40094010E-7	2.78320312E-1	0.00000000E+0	0.00000000E+0
2.75878906E-1	2.38452003E-7	2.38452003E-7	2.75878906E-1	0.00000000E+0	0.00000000E+0
2.73437500E-1	2.36427994E-7	2.36427994E-7	2.73437500E-1	0.00000000E+0	0.00000000E+0
2.70996094E-1	2.37039004E-7	2.37039004E-7	2.70996094E-1	0.00000000E+0	0.00000000E+0
2.68554687E-1	2.33449995E-7	2.33449995E-7	2.68554687E-1	0.00000000E+0	0.00000000E+0
2.66113281E-1	2.30701005E-7	2.30701005E-7	2.66113281E-1	0.00000000E+0	0.00000000E+0
2.63671875E-1	2.27876001E-7	2.27876001E-7	2.63671875E-1	0.00000000E+0	0.00000000E+0
2.61230469E-1	2.26959003E-7	2.26959003E-7	2.61230469E-1	0.00000000E+0	0.00000000E+0
2.58789062E-1	2.25685994E-7	2.25685994E-7	2.58789062E-1	0.00000000E+0	0.00000000E+0
2.56347656E-1	2.24209998E-7	2.24209998E-7	2.56347656E-1	0.00000000E+0	0.00000000E+0
2.53906250E-1	2.19322999E-7	2.19322999E-7	2.53906250E-1	0.00000000E+0	0.00000000E+0
2.51464844E-1	2.17795005E-7	2.17795005E-7	2.51464844E-1	0.00000000E+0	0.00000000E+0
2.49023437E-1	2.17489998E-7	2.17489998E-7	2.49023437E-1	0.00000000E+0	0.00000000E+0
2.46582031E-1	2.13099000E-7	2.13099000E-7	2.46582031E-1	0.00000000E+0	0.00000000E+0
2.44140625E-1	2.11075005E-7	2.11075005E-7	2.44140625E-1	0.00000000E+0	0.00000000E+0
2.41699219E-1	2.10311001E-7	2.10311001E-7	2.41699219E-1	0.00000000E+0	0.00000000E+0
2.39257812E-1	2.07561996E-7	2.07561996E-7	2.39257812E-1	0.00000000E+0	0.00000000E+0
2.36816406E-1	2.05118994E-7	2.05118994E-7	2.36816406E-1	0.00000000E+0	0.00000000E+0
2.34375000E-1	2.02828005E-7	2.02828005E-7	2.34375000E-1	0.00000000E+0	0.00000000E+0
2.31933594E-1	2.02216995E-7	2.02216995E-7	2.31933594E-1	0.00000000E+0	0.00000000E+0
2.29492187E-1	1.98627006E-7	1.98627006E-7	2.29492187E-1	0.00000000E+0	0.00000000E+0
2.27050781E-1	1.96871000E-7	1.96871000E-7	2.27050781E-1	0.00000000E+0	0.00000000E+0
2.24609375E-1	1.96106996E-7	1.96106996E-7	2.24609375E-1	0.00000000E+0	0.00000000E+0
2.22167969E-1	1.93866995E-7	1.93866995E-7	2.22167969E-1	0.00000000E+0	0.00000000E+0
2.19726562E-1	1.90761995E-7	1.90761995E-7	2.19726562E-1	0.00000000E+0	0.00000000E+0
2.17285156E-1	1.88471006E-7	1.88471006E-7	2.17285156E-1	0.00000000E+0	0.00000000E+0
2.14843750E-1	1.86535999E-7	1.86535999E-7	2.14843750E-1	0.00000000E+0	0.00000000E+0
2.12402344E-1	1.84174993E-7	1.84174993E-7	2.12402344E-1	0.00000000E+0	0.00000000E+0
2.09960937E-1	1.82362001E-7	1.82362001E-7	2.09960937E-1	0.00000000E+0	0.00000000E+0
2.07519531E-1	1.80604999E-7	1.80604999E-7	2.07519531E-1	0.00000000E+0	0.00000000E+0
2.05078125E-1	1.78389996E-7	1.78389996E-7	2.05078125E-1	0.00000000E+0	0.00000000E+0
2.02636719E-1	1.76940006E-7	1.76940006E-7	2.02636719E-1	0.00000000E+0	0.00000000E+0
2.00195312E-1	1.75946994E-7	1.75946994E-7	2.00195312E-1	0.00000000E+0	0.00000000E+0
1.97753906E-1	1.74114007E-7	1.74114007E-7	1.97753906E-1	0.00000000E+0	0.00000000E+0
1.95312500E-1	1.71262997E-7	1.71262997E-7	1.95312500E-1	0.00000000E+0	0.00000000E+0
1.92871094E-1	1.67699000E-7	1.67699000E-7	1.92871094E-1	0.00000000E+0	0.00000000E+0
1.90429687E-1	1.66172001E-7	1.66172001E-7	1.90429687E-1	0.00000000E+0	0.00000000E+0
1.87988281E-1	1.63804998E-7	1.63804998E-7	1.87988281E-1	0.00000000E+0	0.00000000E+0
1.85546875E-1	1.61990997E-7	1.61990997E-7	1.85546875E-1	0.00000000E+0	0.00000000E+0
1.83105469E-1	1.60138995E-7	1.60138995E-7	1.83105469E-1	0.00000000E+0	0.00000000E+0
1.80664062E-1	1.58103006E-7	1.58103006E-7	1.80664062E-1	0.00000000E+0	0.00000000E+0
1.78222656E-1	1.55964003E-7	1.55964003E-7	1.78222656E-1	0.00000000E+0	0.00000000E+0
1.75781250E-1	1.53686003E-7	1.53686003E-7	1.75781250E-1	0.00000000E+0	0.00000000E+0
1.73339844E-1	1.51763999E-7	1.51763999E-7	1.73339844E-1	0.00000000E+0	0.00000000E+0
1.70898437E-1	1.49192999E-7	1.49192999E-7	1.70898437E-1	0.00000000E+0	0.00000000E+0
1.68457031E-1	1.47614998E-7	1.47614998E-7	1.68457031E-1	0.00000000E+0	0.00000000E+0
1.66015625E-1	1.45374997E-7	1.45374997E-7	1.66015625E-1	0.00000000E+0	0.00000000E+0
1.63574219E-1	1.43159994E-7	1.43159994E-7	1.63574219E-1	0.00000000E+0	0.00000000E+0
1.61132812E-1	1.41582007E-7	1.41582007E-7	1.61132812E-1	0.00000000E+0	0.00000000E+0
1.58691406E-1	1.38776002E-7	1.38776002E-7	1.58691406E-1	0.00000000E+0	0.00000000E+0
1.56250000E-1	1.35804001E-7	1.35804001E-7	1.56250000E-1	0.00000000E+0	0.00000000E+0
1.53808594E-1	1.33257998E-7	1.33257998E-7	1.53808594E-1	0.00000000E+0	0.00000000E+0
1.51367187E-1	1.31445006E-7	1.31445006E-7	1.51367187E-1	0.00000000E+0	0.00000000E+0
1.48925781E-1	1.28769997E-7	1.28769997E-7	1.48925781E-1	0.00000000E+0	0.00000000E+0
1.46484375E-1	1.27057007E-7	1.27057007E-7	1.46484375E-1	0.00000000E+0	0.00000000E+0
1.44042969E-1	1.25317996E-7	1.25317996E-7	1.44042969E-1	0.00000000E+0	0.00000000E+0
1.41601562E-1	1.23126995E-7	1.23126995E-7	1.41601562E-1	0.00000000E+0	0.00000000E+0
1.39160156E-1	1.21016996E-7	1.21016996E-7	1.39160156E-1	0.00000000E+0	0.00000000E+0
1.36718750E-1	1.19131002E-7	1.19131002E-7	1.36718750E-1	0.00000000E+0	0.00000000E+0
1.34277344E-1	1.17169002E-7	1.17169002E-7	1.34277344E-1	0.00000000E+0	0.00000000E+0
1.31835937E-1	1.15275000E-7	1.15275000E-7	1.31835937E-1	0.00000000E+0	0.00000000E+0
1.29394531E-1	1.13307998E-7	1.13307998E-7	1.29394531E-1	0.00000000E+0	0.00000000E+0
1.26953125E-1	1.11327999E-7	1.11327999E-7	1.26953125E-1	0.00000000E+0	0.00000000E+0
1.24511719E-1	1.09569001E-7	1.09569001E-7	1.24511719E-1	0.00000000E+0	0.00000000E+0
1.22070312E-1	1.07744000E-7	1.07744000E-7	1.22070312E-1	0.00000000E+0	0.00000000E+0
1.19628906E-1	1.05696998E-7	1.05696998E-7	1.19628906E-1	0.00000000E+0	0.00000000E+0
1.17187500E-1	1.03811999E-7	1.03811999E-7	1.17187500E-1	0.00000000E+0	0.00000000E+0
1.14746094E-1	1.01368997E-7	1.01368997E-7	1.14746094E-1	0.00000000E+0	0.00000000E+0
1.12304687E-1	9.97062983E-8	9.97062983E-8	1.12304687E-1	0.00000000E+0	0.00000000E+0
1.09863281E-1	9.82650974E-8	9.82650974E-8	1.09863281E-1	0.00000000E+0	0.00000000E+0
1.07421875E-1	9.58108970E-8	9.58108970E-8	1.07421875E-1	0.00000000E+0	0.00000000E+0
1.04980469E-1	9.38038980E-8	9.38038980E-8	1.04980469E-1	0.00000000E+0	0.00000000E+0
1.02539062E-1	9.14795990E-8	9.14795990E-8	1.02539062E-1	0.00000000E+0	0.00000000E+0
1.00097656E-1	9.01645976E-8	9.01645976E-8	1.00097656E-1	0.00000000E+0	0.00000000E+0
9.76562500E-2	8.82532021E-8	8.82532021E-8	9.76562500E-2	0.00000000E+0	0.00000000E+0
9.52148438E-2	8.66360992E-8	8.66360992E-8	9.52148438E-2	0.00000000E+0	0.00000000E+0
9.27734375E-2	8.39868974E-8	8.39868974E-8	9.27734375E-2	0.00000000E+0	0.00000000E+0
9.03320313E-2	8.14753989E-8	8.14753989E-8	9.03320313E-2	0.00000000E+0	0.00000000E+0
8.78906250E-2	7.92874033E-8	7.92874033E-8	8.78906250E-2	0.00000000E+0	0.00000000E+0
8.54492188E-2	7.68115029E-8	7.68115029E-8	8.54492188E-2	0.00000000E+0	0.00000000E+0
8.30078125E-2	7.30002014E-8	7.30002014E-8	8.30078125E-2	0.00000000E+0	0.00000000E+0
8.05664063E-2	7.08746981E-8	7.08746981E-8	8.05664063E-2	0.00000000E+0	0.00000000E+0
7.81250000E-2	6.67498981E-8	6.67498981E-8	7.81250000E-2	0.00000000E+0	0.00000000E+0
7.56835938E-2	6.44217977E-8	6.44217977E-8	7.56835938E-2	0.00000000E+0	0.00000000E+0
7.32421875E-2	6.22581027E-8	6.22581027E-8	7.32421875E-2	0.00000000E+0	0.00000000E+0
7.08007813E-2	5.94599001E-8	5.94599001E-8	7.08007813E-2	0.00000000E+0	0.00000000E+0
6.83593750E-2	5.60270017E-8	5.60270017E-8	6.83593750E-2	0.00000000E+0	0.00000000E+0
6.59179688E-2	5.32440012E-8	5.32440012E-8	6.59179688E-2	0.00000000E+0	0.00000000E+0
6.34765625E-2	5.17377998E-8	5.17377998E-8	6.34765625E-2	0.00000000E+0	0.00000000E+0
6.10351563E-2	4.97423009E-8	4.97423009E-8	6.10351563E-2	0.00000000E+0	0.00000000E+0
5.85937500E-2	4.88019012E-8	4.88019012E-8	5.85937500E-2	0.00000000E+0	0.00000000E+0
5.61523438E-2	5.08509004E-8	5.08509004E-8	5.61523438E-2	0.00000000E+0	0.00000000E+0
5.37109375E-2	5.61493003E-8	5.61493003E-8	5.37109375E-2	0.00000000E+0	0.00000000E+0
5.12695313E-2	1.02381996E-8	1.02381996E-8	5.12695313E-2	0.00000000E+0	0.00000000E+0
4.88281250E-2	9.53319024E-9	9.53319024E-9	4.88281250E-2	0.00000000E+0	0.00000000E+0
4.63867188E-2	3.13164001E-8	3.13164001E-8	4.63867188E-2	0.00000000E+0	0.00000000E+0
4.39453125E-2	1.39901999E-7	1.39901999E-7	4.39453125E-2	0.00000000E+0	0.00000000E+0
4.15039063E-2	1.74928999E-7	1.74928999E-7	4.15039063E-2	0.00000000E+0	0.00000000E+0
3.90625000E-2	2.07308005E-7	2.07308005E-7	3.90625000E-2	0.00000000E+0	0.00000000E+0
3.66210938E-2	2.03693006E-7	2.03693006E-7	3.66210938E-2	0.00000000E+0	0.00000000E+0
3.41796875E-2	1.92035003E-7	1.92035003E-7	3.41796875E-2	0.00000000E+0	0.00000000E+0
3.17382813E-2	1.75946994E-7	1.75946994E-7	3.17382813E-2	0.00000000E+0	0.00000000E+0
2.92968750E-2	1.59910002E-7	1.59910002E-7	2.92968750E-2	0.00000000E+0	0.00000000E+0
2.68554688E-2	1.44433002E-7	1.44433002E-7	2.68554688E-2	0.00000000E+0	0.00000000E+0
2.44140625E-2	1.29392006E-7	1.29392006E-7	2.44140625E-2	0.00000000E+0	0.00000000E+0
2.19726563E-2	1.14559001E-7	1.14559001E-7	2.19726563E-2	0.00000000E+0	0.00000000E+0
1.95312500E-2	9.99753027E-8	9.99753027E-8	1.95312500E-2	0.00000000E+0	0.00000000E+0
1.70898438E-2	8.55059028E-8	8.55059028E-8	1.70898438E-2	0.00000000E+0	0.00000000E+0
1.46484375E-2	7.16278024E-8	7.16278024E-8	1.46484375E-2	0.00000000E+0	0.00000000E+0
1.22070313E-2	5.76861012E-8	5.76861012E-8	1.22070313E-2	0.00000000E+0	0.00000000E+0
9.76562500E-3	4.46771011E-8	4.46771011E-8	9.76562500E-3	0.00000000E+0	0.00000000E+0
7.32421875E-3	3.16222000E-8	3.16222000E-8	7.32421875E-3	0.00000000E+0	0.00000000E+0
4.88281250E-3	1.93356993E-8	1.93356993E-8	4.88281250E-3	0.00000000E+0	0.00000000E+0
2.44140625E-3	7.11193016E-9	7.11193016E-9	2.44140625E-3	0.00000000E+0	0.00000000E+0
0.00000000E+0	-1.49724999E-9	-1.49724999E-9	0.00000000E+0	0.00000000E+0	0.00000000E+0
-2.44140625E-3	-1.57385003E-8	-1.57385003E-8	-2.44140625E-3	0.00000000E+0	0.00000000E+0
-4.88281250E-3	-2.85180999E-8	-2.85180999E-8	-4.88281250E-3	0.00000000E+0	0.00000000E+0
-7.32421875E-3	-4.18672990E-8	-4.18672990E-8	-7.32421875E-3	0.00000000E+0	0.00000000E+0
-9.76562500E-3	-5.47501990E-8	-5.47501990E-8	-9.76562500E-3	0.00000000E+0	0.00000000E+0
-1.22070313E-2	-6.85390020E-8	-6.85390020E-8	-1.22070313E-2	0.00000000E+0	0.00000000E+0
-1.46484375E-2	-8.17621029E-8	-8.17621029E-8	-1.46484375E-2	0.00000000E+0	0.00000000E+0
-1.70898438E-2	-9.54477031E-8	-9.54477031E-8	-1.70898438E-2	0.00000000E+0	0.00000000E+0
-1.95312500E-2	-1.09033998E-7	-1.09033998E-7	-1.95312500E-2	0.00000000E+0	0.00000000E+0
-2.19726563E-2	-1.23766995E-7	-1.23766995E-7	-2.19726563E-2	0.00000000E+0	0.00000000E+0
-2.44140625E-2	-1.37840004E-7	-1.37840004E-7	-2.44140625E-2	0.00000000E+0	0.00000000E+0
-2.68554688E-2	-1.52921999E-7	-1.52921999E-7	-2.68554688E-2	0.00000000E+0	0.00000000E+0
-2.92968750E-2	-1.67240998E-7	-1.67240998E-7	-2.92968750E-2	0.00000000E+0	0.00000000E+0
-3.17382813E-2	-1.83202005E-7	-1.83202005E-7	-3.17382813E-2	0.00000000E+0	0.00000000E+0
-3.41796875E-2	-2.00765996E-7	-2.00765996E-7	-3.41796875E-2	0.00000000E+0	0.00000000E+0
-3.66210938E-2	-2.17261004E-7	-2.17261004E-7	-3.66210938E-2	0.00000000E+0	0.00000000E+0
-3.90625000E-2	-2.25890005E-7	-2.25890005E-7	-3.90625000E-2	0.00000000E+0	0.00000000E+0
-4.15039063E-2	-1.79256006E-7	-1.79256006E-7	-4.15039063E-2	0.00000000E+0	0.00000000E+0
-4.39453125E-2	-1.44674999E-7	-1.44674999E-7	-4.39453125E-2	0.00000000E+0	0.00000000E+0
-4.63867188E-2	-2.49247005E-8	-2.49247005E-8	-4.63867188E-2	0.00000000E+0	0.00000000E+0
-4.88281250E-2	-7.06865011E-9	-7.06865011E-9	-4.88281250E-2	0.00000000E+0	0.00000000E+0
-5.12695313E-2	-4.22221014E-9	-4.22221014E-9	-5.12695313E-2	0.00000000E+0	0.00000000E+0
-5.37109375E-2	-5.20895007E-8	-5.20895007E-8	-5.37109375E-2	0.00000000E+0	0.00000000E+0
-5.61523438E-2	-5.32898987E-8	-5.32898987E-8	-5.61523438E-2	0.00000000E+0	0.00000000E+0
-5.85937500E-2	-5.23227008E-8	-5.23227008E-8	-5.85937500E-2	0.00000000E+0	0.00000000E+0
-6.10351563E-2	-5.25099999E-8	-5.25099999E-8	-6.10351563E-2	0.00000000E+0	0.00000000E+0
-6.34765625E-2	-5.43601999E-8	-5.43601999E-8	-6.34765625E-2	0.00000000E+0	0.00000000E+0
-6.59179688E-2	-5.86265010E-8	-5.86265010E-8	-6.59179688E-2	0.00000000E+0	0.00000000E+0
-6.83593750E-2	-6.09736972E-8	-6.09736972E-8	-6.83593750E-2	0.00000000E+0	0.00000000E+0
-7.08007813E-2	-6.33171027E-8	-6.33171027E-8	-7.08007813E-2	0.00000000E+0	0.00000000E+0
-7.32421875E-2	-6.71666029E-8	-6.71666029E-8	-7.32421875E-2	0.00000000E+0	0.00000000E+0
-7.56835938E-2	-7.00680971E-8	-7.00680971E-8	-7.56835938E-2	0.00000000E+0	0.00000000E+0
-7.81250000E-2	-7.23732967E-8	-7.23732967E-8	-7.81250000E-2	0.00000000E+0	0.00000000E+0
-8.05664063E-2	-7.49153983E-8	-7.49153983E-8	-8.05664063E-2	0.00000000E+0	0.00000000E+0
-8.30078125E-2	-7.90899009E-8	-7.90899009E-8	-8.30078125E-2	0.00000000E+0	0.00000000E+0
-8.54492188E-2	-8.23622983E-8	-8.23622983E-8	-8.54492188E-2	0.00000000E+0	0.00000000E+0
-8.78906250E-2	-8.58333991E-8	-8.58333991E-8	-8.78906250E-2	0.00000000E+0	0.00000000E+0
-9.03320313E-2	-8.93491006E-8	-8.93491006E-8	-9.03320313E-2	0.00000000E+0	0.00000000E+0
-9.27734375E-2	-9.22823986E-8	-9.22823986E-8	-9.27734375E-2	0.00000000E+0	0.00000000E+0
-9.52148438E-2	-9.53827026E-8	-9.53827026E-8	-9.52148438E-2	0.00000000E+0	0.00000000E+0
-9.76562500E-2	-9.77145973E-8	-9.77145973E-8	-9.76562500E-2	0.00000000E+0	0.00000000E+0
-1.00097656E-1	-1.00393997E-7	-1.00393997E-7	-1.00097656E-1	0.00000000E+0	0.00000000E+0
-1.02539062E-1	-1.03129999E-7	-1.03129999E-7	-1.02539062E-1	0.00000000E+0	0.00000000E+0
-1.04980469E-1	-1.05703997E-7	-1.05703997E-7	-1.04980469E-1	0.00000000E+0	0.00000000E+0
-1.07421875E-1	-1.08565999E-7	-1.08565999E-7	-1.07421875E-1	0.00000000E+0	0.00000000E+0
-1.09863281E-1	-1.11311998E-7	-1.11311998E-7	-1.09863281E-1	0.00000000E+0	0.00000000E+0
-1.12304687E-1	-1.13231003E-7	-1.13231003E-7	-1.12304687E-1	0.00000000E+0	0.00000000E+0
-1.14746094E-1	-1.15417997E-7	-1.15417997E-7	-1.14746094E-1	0.00000000E+0	0.00000000E+0
-1.17187500E-1	-1.18224001E-7	-1.18224001E-7	-1.17187500E-1	0.00000000E+0	0.00000000E+0
-1.19628906E-1	-1.19581998E-7	-1.19581998E-7	-1.19628906E-1	0.00000000E+0	0.00000000E+0
-1.22070312E-1	-1.22995004E-7	-1.22995004E-7	-1.22070312E-1	0.00000000E+0	0.00000000E+0
-1.24511719E-1	-1.24918998E-7	-1.24918998E-7	-1.24511719E-1	0.00000000E+0	0.00000000E+0
-1.26953125E-1	-1.28756000E-7	-1.28756000E-7	-1.26953125E-1	0.00000000E+0	0.00000000E+0
-1.29394531E-1	-1.31101004E-7	-1.31101004E-7	-1.29394531E-1	0.00000000E+0	0.00000000E+0
-1.31835937E-1	-1.33716000E-7	-1.33716000E-7	-1.31835937E-1	0.00000000E+0	0.00000000E+0
-1.34277344E-1	-1.36108994E-7	-1.36108994E-7	-1.34277344E-1	0.00000000E+0	0.00000000E+0
-1.36718750E-1	-1.38909002E-7	-1.38909002E-7	-1.36718750E-1	0.00000000E+0	0.00000000E+0
-1.39160156E-1	-1.40894997E-7	-1.40894997E-7	-1.39160156E-1	0.00000000E+0	0.00000000E+0
-1.41601562E-1	-1.43134997E-7	-1.43134997E-7	-1.41601562E-1	0.00000000E+0	0.00000000E+0
-1.44042969E-1	-1.45680005E-7	-1.45680005E-7	-1.44042969E-1	0.00000000E+0	0.00000000E+0
-1.46484375E-1	-1.47768006E-7	-1.47768006E-7	-1.46484375E-1	0.00000000E+0	0.00000000E+0
-1.48925781E-1	-1.49677007E-7	-1.49677007E-7	-1.48925781E-1	0.00000000E+0	0.00000000E+0
-1.51367187E-1	-1.51636996E-7	-1.51636996E-7	-1.51367187E-1	0.00000000E+0	0.00000000E+0
-1.53808594E-1	-1.54080993E-7	-1.54080993E-7	-1.53808594E-1	0.00000000E+0	0.00000000E+0
-1.56250000E-1	-1.56092000E-7	-1.56092000E-7	-1.56250000E-1	0.00000000E+0	0.00000000E+0
-1.58691406E-1	-1.59018995E-7	-1.59018995E-7	-1.58691406E-1	0.00000000E+0	0.00000000E+0
-1.61132812E-1	-1.61285001E-7	-1.61285001E-7	-1.61132812E-1	0.00000000E+0	0.00000000E+0
-1.63574219E-1	-1.64593999E-7	-1.64593999E-7	-1.63574219E-1	0.00000000E+0	0.00000000E+0
-1.66015625E-1	-1.66909999E-7	-1.66909999E-7	-1.66015625E-1	0.00000000E+0	0.00000000E+0
-1.68457031E-1	-1.68895994E-7	-1.68895994E-7	-1.68457031E-1	0.00000000E+0	0.00000000E+0
-1.70898437E-1	-1.71669996E-7	-1.71669996E-7	-1.70898437E-1	0.00000000E+0	0.00000000E+0
-1.73339844E-1	-1.75514003E-7	-1.75514003E-7	-1.73339844E-1	0.00000000E+0	0.00000000E+0
-1.75781250E-1	-1.77958000E-7	-1.77958000E-7	-1.75781250E-1	0.00000000E+0	0.00000000E+0
-1.78222656E-1	-1.79129003E-7	-1.79129003E-7	-1.78222656E-1	0.00000000E+0	0.00000000E+0
-1.80664062E-1	-1.80911002E-7	-1.80911002E-7	-1.80664062E-1	0.00000000E+0	0.00000000E+0
-1.83105469E-1	-1.83889000E-7	-1.83889000E-7	-1.83105469E-1	0.00000000E+0	0.00000000E+0
-1.85546875E-1	-1.86102994E-7	-1.86102994E-7	-1.85546875E-1	0.00000000E+0	0.00000000E+0
-1.87988281E-1	-1.88547006E-7	-1.88547006E-7	-1.87988281E-1	0.00000000E+0	0.00000000E+0
-1.90429687E-1	-1.90991003E-7	-1.90991003E-7	-1.90429687E-1	0.00000000E+0	0.00000000E+0
-1.92871094E-1	-1.93917998E-7	-1.93917998E-7	-1.92871094E-1	0.00000000E+0	0.00000000E+0
-1.95312500E-1	-1.96030996E-7	-1.96030996E-7	-1.95312500E-1	0.00000000E+0	0.00000000E+0
-1.97753906E-1	-1.98436993E-7	-1.98436993E-7	-1.97753906E-1	0.00000000E+0	0.00000000E+0
-2.00195312E-1	-2.00155000E-7	-2.00155000E-7	-2.00195312E-1	0.00000000E+0	0.00000000E+0
-2.02636719E-1	-2.03515000E-7	-2.03515000E-7	-2.02636719E-1	0.00000000E+0	0.00000000E+0
-2.05078125E-1	-2.05768004E-7	-2.05768004E-7	-2.05078125E-1	0.00000000E+0	0.00000000E+0
-2.07519531E-1	-2.08708002E-7	-2.08708002E-7	-2.07519531E-1	0.00000000E+0	0.00000000E+0
-2.09960937E-1	-2.10959996E-7	-2.10959996E-7	-2.09960937E-1	0.00000000E+0	0.00000000E+0
-2.12402344E-1	-2.13137000E-7	-2.13137000E-7	-2.12402344E-1	0.00000000E+0	0.00000000E+0
-2.14843750E-1	-2.17261004E-7	-2.17261004E-7	-2.14843750E-1	0.00000000E+0	0.00000000E+0
-2.17285156E-1	-2.19398999E-7	-2.19398999E-7	-2.17285156E-1	0.00000000E+0	0.00000000E+0
-2.19726562E-1	-2.20543996E-7	-2.20543996E-7	-2.19726562E-1	0.00000000E+0	0.00000000E+0
-2.22167969E-1	-2.22454005E-7	-2.22454005E-7	-2.22167969E-1	0.00000000E+0	0.00000000E+0
-2.24609375E-1	-2.24896993E-7	-2.24896993E-7	-2.24609375E-1	0.00000000E+0	0.00000000E+0
-2.27050781E-1	-2.28256994E-7	-2.28256994E-7	-2.27050781E-1	0.00000000E+0	0.00000000E+0
-2.29492187E-1	-2.30509997E-7	-2.30509997E-7	-2.29492187E-1	0.00000000E+0	0.00000000E+0
-2.31933594E-1	-2.34187993E-7	-2.34187993E-7	-2.31933594E-1	0.00000000E+0	0.00000000E+0
-2.34375000E-1	-2.34900995E-7	-2.34900995E-7	-2.34375000E-1	0.00000000E+0	0.00000000E+0
-2.36816406E-1	-2.36123000E-7	-2.36123000E-7	-2.36816406E-1	0.00000000E+0	0.00000000E+0
-2.39257812E-1	-2.38032001E-7	-2.38032001E-7	-2.39257812E-1	0.00000000E+0	0.00000000E+0
-2.41699219E-1	-2.41316002E-7	-2.41316002E-7	-2.41699219E-1	0.00000000E+0	0.00000000E+0
-2.44140625E-1	-2.44751988E-7	-2.44751988E-7	-2.44140625E-1	0.00000000E+0	0.00000000E+0
-2.46582031E-1	-2.46431995E-7	-2.46431995E-7	-2.46582031E-1	0.00000000E+0	0.00000000E+0
-2.49023437E-1	-2.48112002E-7	-2.48112002E-7	-2.49023437E-1	0.00000000E+0	0.00000000E+0
-2.51464844E-1	-2.50556013E-7	-2.50556013E-7	-2.51464844E-1	0.00000000E+0	0.00000000E+0
-2.53906250E-1	-2.52082998E-7	-2.52082998E-7	-2.53906250E-1	0.00000000E+0	0.00000000E+0
-2.56347656E-1	-2.54756003E-7	-2.54756003E-7	-2.56347656E-1	0.00000000E+0	0.00000000E+0
-2.58789062E-1	-2.57200014E-7	-2.57200014E-7	-2.58789062E-1	0.00000000E+0	0.00000000E+0
-2.61230469E-1	-2.59262009E-7	-2.59262009E-7	-2.61230469E-1	0.00000000E+0	0.00000000E+0
-2.63671875E-1	-2.61857991E-7	-2.61857991E-7	-2.63671875E-1	0.00000000E+0	0.00000000E+0
-2.66113281E-1	-2.63997009E-7	-2.63997009E-7	-2.66113281E-1	0.00000000E+0	0.00000000E+0
-2.68554687E-1	-2.68082005E-7	-2.68082005E-7	-2.68554687E-1	0.00000000E+0	0.00000000E+0
-2.70996094E-1	-2.68196999E-7	-2.68196999E-7	-2.70996094E-1	0.00000000E+0	0.00000000E+0
-2.73437500E-1	-2.72243994E-7	-2.72243994E-7	-2.73437500E-1	0.00000000E+0	0.00000000E+0
-2.75878906E-1	-2.73848002E-7	-2.73848002E-7	-2.75878906E-1	0.00000000E+0	0.00000000E+0
-2.78320312E-1	-2.77590004E-7	-2.77590004E-7	-2.78320312E-1	0.00000000E+0	0.00000000E+0
-2.80761719E-1	-2.77742004E-7	-2.77742004E-7	-2.80761719E-1	0.00000000E+0	0.00000000E+0
-2.83203125E-1	-2.80185986E-7	-2.80185986E-7	-2.83203125E-1	0.00000000E+0	0.00000000E+0
-2.85644531E-1	-2.81637000E-7	-2.81637000E-7	-2.85644531E-1	0.00000000E+0	0.00000000E+0
-2.88085937E-1	-2.83088013E-7	-2.83088013E-7	-2.88085937E-1	0.00000000E+0	0.00000000E+0
-2.90527344E-1	-2.84920986E-7	-2.84920986E-7	-2.90527344E-1	0.00000000E+0	0.00000000E+0
-2.92968750E-1	-2.88968010E-7	-2.88968010E-7	-2.92968750E-1	0.00000000E+0	0.00000000E+0
-2.95410156E-1	-2.89502992E-7	-2.89502992E-7	-2.95410156E-1	0.00000000E+0	0.00000000E+0
-2.97851562E-1	-2.92634013E-7	-2.92634013E-7	-2.97851562E-1	0.00000000E+0	0.00000000E+0
-3.00292969E-1	-2.96069999E-7	-2.96069999E-7	-3.00292969E-1	0.00000000E+0	0.00000000E+0
-3.02734375E-1	-2.97521012E-7	-2.97521012E-7	-3.02734375E-1	0.00000000E+0	0.00000000E+0
-3.05175781E-1	-2.99047997E-7	-2.99047997E-7	-3.05175781E-1	0.00000000E+0	0.00000000E+0
-3.07617187E-1	-3.01186986E-7	-3.01186986E-7	-3.07617187E-1	0.00000000E+0	0.00000000E+0
-3.10058594E-1	-3.03935991E-7	-3.03935991E-7	-3.10058594E-1	0.00000000E+0	0.00000000E+0
-3.12500000E-1	-3.05463004E-7	-3.05463004E-7	-3.12500000E-1	0.00000000E+0	0.00000000E+0
-3.14941406E-1	-3.08441003E-7	-3.08441003E-7	-3.14941406E-1	0.00000000E+0	0.00000000E+0
-3.17382812E-1	-3.10045010E-7	-3.10045010E-7	-3.17382812E-1	0.00000000E+0	0.00000000E+0
-3.19824219E-1	-3.13214002E-7	-3.13214002E-7	-3.19824219E-1	0.00000000E+0	0.00000000E+0
-3.22265625E-1	-3.16956005E-7	-3.16956005E-7	-3.22265625E-1	0.00000000E+0	0.00000000E+0
-3.24707031E-1	-3.16842005E-7	-3.16842005E-7	-3.24707031E-1	0.00000000E+0	0.00000000E+0
-3.27148437E-1	-3.19284993E-7	-3.19284993E-7	-3.27148437E-1	0.00000000E+0	0.00000000E+0
-3.29589844E-1	-3.20736007E-7	-3.20736007E-7	-3.29589844E-1	0.00000000E+0	0.00000000E+0
-3.32031250E-1	-3.23371012E-7	-3.23371012E-7	-3.32031250E-1	0.00000000E+0	0.00000000E+0
-3.34472656E-1	-3.26311010E-7	-3.26311010E-7	-3.34472656E-1	0.00000000E+0	0.00000000E+0
-3.36914062E-1	-3.27075014E-7	-3.27075014E-7	-3.36914062E-1	0.00000000E+0	0.00000000E+0
-3.39355469E-1	-3.29977013E-7	-3.29977013E-7	-3.39355469E-1	0.00000000E+0	0.00000000E+0
-3.41796875E-1	-3.32344001E-7	-3.32344001E-7	-3.41796875E-1	0.00000000E+0	0.00000000E+0
-3.44238281E-1	-3.34405996E-7	-3.34405996E-7	-3.44238281E-1	0.00000000E+0	0.00000000E+0
-3.46679687E-1	-3.37002007E-7	-3.37002007E-7	-3.46679687E-1	0.00000000E+0	0.00000000E+0
-3.49121094E-1	-3.37612988E-7	-3.37612988E-7	-3.49121094E-1	0.00000000E+0	0.00000000E+0
-3.51562500E-1	-3.39292995E-7	-3.39292995E-7	-3.51562500E-1	0.00000000E+0	0.00000000E+0
-3.54003906E-1	-3.43417014E-7	-3.43417014E-7	-3.54003906E-1	0.00000000E+0	0.00000000E+0
-3.56445312E-1	-3.45020993E-7	-3.45020993E-7	-3.56445312E-1	0.00000000E+0	0.00000000E+0
-3.58886719E-1	-3.47998991E-7	-3.47998991E-7	-3.58886719E-1	0.00000000E+0	0.00000000E+0
-3.61328125E-1	-3.48686001E-7	-3.48686001E-7	-3.61328125E-1	0.00000000E+0	0.00000000E+0
-3.63769531E-1	-3.51893988E-7	-3.51893988E-7	-3.63769531E-1	0.00000000E+0	0.00000000E+0
-3.66210937E-1	-3.53192007E-7	-3.53192007E-7	-3.66210937E-1	0.00000000E+0	0.00000000E+0
-3.68652344E-1	-3.55711990E-7	-3.55711990E-7	-3.68652344E-1	0.00000000E+0	0.00000000E+0
-3.71093750E-1	-3.57086009E-7	-3.57086009E-7	-3.71093750E-1	0.00000000E+0	0.00000000E+0
-3.73535156E-1	-3.58881010E-7	-3.58881010E-7	-3.73535156E-1	0.00000000E+0	0.00000000E+0
-3.75976562E-1	-3.61133999E-7	-3.61133999E-7	-3.75976562E-1	0.00000000E+0	0.00000000E+0
-3.78417969E-1	-3.63578010E-7	-3.63578010E-7	-3.78417969E-1	0.00000000E+0	0.00000000E+0
-3.80859375E-1	-3.65487011E-7	-3.65487011E-7	-3.80859375E-1	0.00000000E+0	0.00000000E+0
-3.83300781E-1	-3.66709003E-7	-3.66709003E-7	-3.83300781E-1	0.00000000E+0	0.00000000E+0
-3.85742187E-1	-3.73543003E-7	-3.73543003E-7	-3.85742187E-1	0.00000000E+0	0.00000000E+0
-3.88183594E-1	-3.75871991E-7	-3.75871991E-7	-3.88183594E-1	0.00000000E+0	0.00000000E+0
-3.90625000E-1	-3.77399999E-7	-3.77399999E-7	-3.90625000E-1	0.00000000E+0	0.00000000E+0
-3.93066406E-1	-3.78927012E-7	-3.78927012E-7	-3.93066406E-1	0.00000000E+0	0.00000000E+0
-3.95507812E-1	-3.81370995E-7	-3.81370995E-7	-3.95507812E-1	0.00000000E+0	0.00000000E+0
-3.97949219E-1	-3.78316003E-7	-3.78316003E-7	-3.97949219E-1	0.00000000E+0	0.00000000E+0
-4.00390625E-1	-3.78927012E-7	-3.78927012E-7	-4.00390625E-1	0.00000000E+0	0.00000000E+0
-4.02832031E-1	-3.80913008E-7	-3.80913008E-7	-4.02832031E-1	0.00000000E+0	0.00000000E+0
-4.05273437E-1	-3.84120000E-7	-3.84120000E-7	-4.05273437E-1	0.00000000E+0	0.00000000E+0
-4.07714844E-1	-3.85495014E-7	-3.85495014E-7	-4.07714844E-1	0.00000000E+0	0.00000000E+0
-4.10156250E-1	-3.87288992E-7	-3.87288992E-7	-4.10156250E-1	0.00000000E+0	0.00000000E+0
-4.12597656E-1	-3.88395989E-7	-3.88395989E-7	-4.12597656E-1	0.00000000E+0	0.00000000E+0
-4.15039062E-1	-3.89006999E-7	-3.89006999E-7	-4.15039062E-1	0.00000000E+0	0.00000000E+0
-4.17480469E-1	-3.90764001E-7	-3.90764001E-7	-4.17480469E-1	0.00000000E+0	0.00000000E+0
-4.19921875E-1	-3.92901995E-7	-3.92901995E-7	-4.19921875E-1	0.00000000E+0	0.00000000E+0
-4.22363281E-1	-3.93894993E-7	-3.93894993E-7	-4.22363281E-1	0.00000000E+0	0.00000000E+0
-4.24804687E-1	-3.97255008E-7	-3.97255008E-7	-4.24804687E-1	0.00000000E+0	0.00000000E+0
-4.27246094E-1	-3.97865989E-7	-3.97865989E-7	-4.27246094E-1	0.00000000E+0	0.00000000E+0
-4.29687500E-1	-3.99393002E-7	-3.99393002E-7	-4.29687500E-1	0.00000000E+0	0.00000000E+0
-4.32128906E-1	-4.01837013E-7	-4.01837013E-7	-4.32128906E-1	0.00000000E+0	0.00000000E+0
-4.34570312E-1	-4.05197000E-7	-4.05197000E-7	-4.34570312E-1	0.00000000E+0	0.00000000E+0
-4.37011719E-1	-4.04968006E-7	-4.04968006E-7	-4.37011719E-1	0.00000000E+0	0.00000000E+0
-4.39453125E-1	-4.13750001E-7	-4.13750001E-7	-4.39453125E-1	0.00000000E+0	0.00000000E+0
-4.41894531E-1	-4.11917000E-7	-4.11917000E-7	-4.41894531E-1	0.00000000E+0	0.00000000E+0
-4.44335937E-1	-4.12069994E-7	-4.12069994E-7	-4.44335937E-1	0.00000000E+0	0.00000000E+0
-4.46777344E-1	-4.15123992E-7	-4.15123992E-7	-4.46777344E-1	0.00000000E+0	0.00000000E+0
-4.49218750E-1	-4.15659002E-7	-4.15659002E-7	-4.49218750E-1	0.00000000E+0	0.00000000E+0
-4.51660156E-1	-4.18103014E-7	-4.18103014E-7	-4.51660156E-1	0.00000000E+0	0.00000000E+0
-4.54101562E-1	-4.23524995E-7	-4.23524995E-7	-4.54101562E-1	0.00000000E+0	0.00000000E+0
-4.56542969E-1	-4.24746986E-7	-4.24746986E-7	-4.56542969E-1	0.00000000E+0	0.00000000E+0
-4.58984375E-1	-4.27190002E-7	-4.27190002E-7	-4.58984375E-1	0.00000000E+0	0.00000000E+0
-4.61425781E-1	-4.24516998E-7	-4.24516998E-7	-4.61425781E-1	0.00000000E+0	0.00000000E+0
-4.63867187E-1	-4.25128007E-7	-4.25128007E-7	-4.63867187E-1	0.00000000E+0	0.00000000E+0
-4.66308594E-1	-4.28107001E-7	-4.28107001E-7	-4.66308594E-1	0.00000000E+0	0.00000000E+0
-4.68750000E-1	-4.27801012E-7	-4.27801012E-7	-4.68750000E-1	0.00000000E+0	0.00000000E+0
-4.71191406E-1	-4.29442991E-7	-4.29442991E-7	-4.71191406E-1	0.00000000E+0	0.00000000E+0
-4.73632812E-1	-4.31466987E-7	-4.31466987E-7	-4.73632812E-1	0.00000000E+0	0.00000000E+0
-4.76074219E-1	-4.35514011E-7	-4.35514011E-7	-4.76074219E-1	0.00000000E+0	0.00000000E+0
-4.78515625E-1	-4.30549989E-7	-4.30549989E-7	-4.78515625E-1	0.00000000E+0	0.00000000E+0
-4.80957031E-1	-4.31160998E-7	-4.31160998E-7	-4.80957031E-1	0.00000000E+0	0.00000000E+0
-4.83398437E-1	-4.32382990E-7	-4.32382990E-7	-4.83398437E-1	0.00000000E+0	0.00000000E+0
-4.85839844E-1	-4.39026991E-7	-4.39026991E-7	-4.85839844E-1	0.00000000E+0	0.00000000E+0
-4.88281250E-1	-4.39180013E-7	-4.39180013E-7	-4.88281250E-1	0.00000000E+0	0.00000000E+0
-4.90722656E-1	-4.40935992E-7	-4.40935992E-7	-4.90722656E-1	0.00000000E+0	0.00000000E+0
-4.93164062E-1	-4.41623001E-7	-4.41623001E-7	-4.93164062E-1	0.00000000E+0	0.00000000E+0
-4.90722656E-1	-4.39180013E-7	-4.39180013E-7	-4.90722656E-1	0.00000000E+0	0.00000000E+0
-4.88281250E-1	-4.35131994E-7	-4.35131994E-7	-4.88281250E-1	0.00000000E+0	0.00000000E+0
-4.85839844E-1	-4.33069999E-7	-4.33069999E-7	-4.85839844E-1	0.00000000E+0	0.00000000E+0
-4.83398437E-1	-4.30320995E-7	-4.30320995E-7	-4.83398437E-1	0.00000000E+0	0.00000000E+0
-4.80957031E-1	-4.30320995E-7	-4.30320995E-7	-4.80957031E-1	0.00000000E+0	0.00000000E+0
-4.78515625E-1	-4.29442991E-7	-4.29442991E-7	-4.78515625E-1	0.00000000E+0	0.00000000E+0
-4.76074219E-1	-4.26578993E-7	-4.26578993E-7	-4.76074219E-1	0.00000000E+0	0.00000000E+0
-4.73632812E-1	-4.25128007E-7	-4.25128007E-7	-4.73632812E-1	0.00000000E+0	0.00000000E+0
-4.71191406E-1	-4.24136005E-7	-4.24136005E-7	-4.71191406E-1	0.00000000E+0	0.00000000E+0
-4.68750000E-1	-4.22074010E-7	-4.22074010E-7	-4.68750000E-1	0.00000000E+0	0.00000000E+0
-4.66308594E-1	-4.20470002E-7	-4.20470002E-7	-4.66308594E-1	0.00000000E+0	0.00000000E+0
-4.63867187E-1	-4.19248011E-7	-4.19248011E-7	-4.63867187E-1	0.00000000E+0	0.00000000E+0
-4.61425781E-1	-4.21386005E-7	-4.21386005E-7	-4.61425781E-1	0.00000000E+0	0.00000000E+0
-4.58984375E-1	-4.15963996E-7	-4.15963996E-7	-4.58984375E-1	0.00000000E+0	0.00000000E+0
-4.56542969E-1	-4.13750001E-7	-4.13750001E-7	-4.56542969E-1	0.00000000E+0	0.00000000E+0
-4.54101562E-1	-4.12222988E-7	-4.12222988E-7	-4.54101562E-1	0.00000000E+0	0.00000000E+0
-4.51660156E-1	-4.15123992E-7	-4.15123992E-7	-4.51660156E-1	0.00000000E+0	0.00000000E+0
-4.49218750E-1	-4.14971993E-7	-4.14971993E-7	-4.49218750E-1	0.00000000E+0	0.00000000E+0
-4.46777344E-1	-4.13521008E-7	-4.13521008E-7	-4.46777344E-1	0.00000000E+0	0.00000000E+0
-4.44335937E-1	-4.11917000E-7	-4.11917000E-7	-4.44335937E-1	0.00000000E+0	0.00000000E+0
-4.41894531E-1	-4.08957987E-7	-4.08957987E-7	-4.41894531E-1	0.00000000E+0	0.00000000E+0
-4.39453125E-1	-4.07946004E-7	-4.07946004E-7	-4.39453125E-1	0.00000000E+0	0.00000000E+0
-4.37011719E-1	-4.06113003E-7	-4.06113003E-7	-4.37011719E-1	0.00000000E+0	0.00000000E+0
-4.34570312E-1	-4.03860014E-7	-4.03860014E-7	-4.34570312E-1	0.00000000E+0	0.00000000E+0
-4.32128906E-1	-4.02752988E-7	-4.02752988E-7	-4.32128906E-1	0.00000000E+0	0.00000000E+0
-4.29687500E-1	-4.02447995E-7	-4.02447995E-7	-4.29687500E-1	0.00000000E+0	0.00000000E+0
-4.27246094E-1	-4.00309005E-7	-4.00309005E-7	-4.27246094E-1	0.00000000E+0	0.00000000E+0
-4.24804687E-1	-3.95117013E-7	-3.95117013E-7	-4.24804687E-1	0.00000000E+0	0.00000000E+0
-4.22363281E-1	-3.92673002E-7	-3.92673002E-7	-4.22363281E-1	0.00000000E+0	0.00000000E+0
-4.19921875E-1	-3.90764001E-7	-3.90764001E-7	-4.19921875E-1	0.00000000E+0	0.00000000E+0
-4.17480469E-1	-3.91068994E-7	-3.91068994E-7	-4.17480469E-1	0.00000000E+0	0.00000000E+0
-4.15039062E-1	-3.93589005E-7	-3.93589005E-7	-4.15039062E-1	0.00000000E+0	0.00000000E+0
-4.12597656E-1	-3.90764001E-7	-3.90764001E-7	-4.12597656E-1	0.00000000E+0	0.00000000E+0
-4.10156250E-1	-3.86793005E-7	-3.86793005E-7	-4.10156250E-1	0.00000000E+0	0.00000000E+0
-4.07714844E-1	-3.83127002E-7	-3.83127002E-7	-4.07714844E-1	0.00000000E+0	0.00000000E+0
-4.05273437E-1	-3.81370995E-7	-3.81370995E-7	-4.05273437E-1	0.00000000E+0	0.00000000E+0
-4.02832031E-1	-3.79690988E-7	-3.79690988E-7	-4.02832031E-1	0.00000000E+0	0.00000000E+0
-4.00390625E-1	-3.76483001E-7	-3.76483001E-7	-4.00390625E-1	0.00000000E+0	0.00000000E+0
-3.97949219E-1	-3.75261010E-7	-3.75261010E-7	-3.97949219E-1	0.00000000E+0	0.00000000E+0
-3.95507812E-1	-3.73352009E-7	-3.73352009E-7	-3.95507812E-1	0.00000000E+0	0.00000000E+0
-3.93066406E-1	-3.70527005E-7	-3.70527005E-7	-3.93066406E-1	0.00000000E+0	0.00000000E+0
-3.90625000E-1	-3.68541009E-7	-3.68541009E-7	-3.90625000E-1	0.00000000E+0	0.00000000E+0
-3.88183594E-1	-3.66020998E-7	-3.66020998E-7	-3.88183594E-1	0.00000000E+0	0.00000000E+0
-3.85742187E-1	-3.64799007E-7	-3.64799007E-7	-3.85742187E-1	0.00000000E+0	0.00000000E+0
-3.83300781E-1	-3.63347993E-7	-3.63347993E-7	-3.83300781E-1	0.00000000E+0	0.00000000E+0
-3.80859375E-1	-3.61324993E-7	-3.61324993E-7	-3.80859375E-1	0.00000000E+0	0.00000000E+0
-3.78417969E-1	-3.58881010E-7	-3.58881010E-7	-3.78417969E-1	0.00000000E+0	0.00000000E+0
-3.75976562E-1	-3.56934009E-7	-3.56934009E-7	-3.75976562E-1	0.00000000E+0	0.00000000E+0
-3.73535156E-1	-3.54794992E-7	-3.54794992E-7	-3.73535156E-1	0.00000000E+0	0.00000000E+0
-3.71093750E-1	-3.52504003E-7	-3.52504003E-7	-3.71093750E-1	0.00000000E+0	0.00000000E+0
-3.68652344E-1	-3.55406002E-7	-3.55406002E-7	-3.68652344E-1	0.00000000E+0	0.00000000E+0
-3.66210937E-1	-3.52885991E-7	-3.52885991E-7	-3.66210937E-1	0.00000000E+0	0.00000000E+0
-3.63769531E-1	-3.51474000E-7	-3.51474000E-7	-3.63769531E-1	0.00000000E+0	0.00000000E+0
-3.61328125E-1	-3.49526005E-7	-3.49526005E-7	-3.61328125E-1	0.00000000E+0	0.00000000E+0
-3.58886719E-1	-3.46624006E-7	-3.46624006E-7	-3.58886719E-1	0.00000000E+0	0.00000000E+0
-3.56445312E-1	-3.45555009E-7	-3.45555009E-7	-3.56445312E-1	0.00000000E+0	0.00000000E+0
-3.54003906E-1	-3.43608008E-7	-3.43608008E-7	-3.54003906E-1	0.00000000E+0	0.00000000E+0
-3.51562500E-1	-3.41354990E-7	-3.41354990E-7	-3.51562500E-1	0.00000000E+0	0.00000000E+0
-3.49121094E-1	-3.39140001E-7	-3.39140001E-7	-3.49121094E-1	0.00000000E+0	0.00000000E+0
-3.46679687E-1	-3.38376992E-7	-3.38376992E-7	-3.46679687E-1	0.00000000E+0	0.00000000E+0
-3.44238281E-1	-3.36467991E-7	-3.36467991E-7	-3.44238281E-1	0.00000000E+0	0.00000000E+0
-3.41796875E-1	-3.33756986E-7	-3.33756986E-7	-3.41796875E-1	0.00000000E+0	0.00000000E+0
-3.39355469E-1	-3.28754993E-7	-3.28754993E-7	-3.39355469E-1	0.00000000E+0	0.00000000E+0
-3.36914062E-1	-3.26692998E-7	-3.26692998E-7	-3.36914062E-1	0.00000000E+0	0.00000000E+0
-3.34472656E-1	-3.28601999E-7	-3.28601999E-7	-3.34472656E-1	0.00000000E+0	0.00000000E+0
-3.32031250E-1	-3.22569008E-7	-3.22569008E-7	-3.32031250E-1	0.00000000E+0	0.00000000E+0
-3.29589844E-1	-3.19896003E-7	-3.19896003E-7	-3.29589844E-1	0.00000000E+0	0.00000000E+0
-3.27148437E-1	-3.17758008E-7	-3.17758008E-7	-3.27148437E-1	0.00000000E+0	0.00000000E+0
-3.24707031E-1	-3.15620014E-7	-3.15620014E-7	-3.24707031E-1	0.00000000E+0	0.00000000E+0
-3.22265625E-1	-3.13711013E-7	-3.13711013E-7	-3.22265625E-1	0.00000000E+0	0.00000000E+0
-3.19824219E-1	-3.11724989E-7	-3.11724989E-7	-3.19824219E-1	0.00000000E+0	0.00000000E+0
-3.17382812E-1	-3.10198004E-7	-3.10198004E-7	-3.17382812E-1	0.00000000E+0	0.00000000E+0
-3.14941406E-1	-3.09624994E-7	-3.09624994E-7	-3.14941406E-1	0.00000000E+0	0.00000000E+0
-3.12500000E-1	-3.08212009E-7	-3.08212009E-7	-3.12500000E-1	0.00000000E+0	0.00000000E+0
-3.10058594E-1	-3.06227008E-7	-3.06227008E-7	-3.10058594E-1	0.00000000E+0	0.00000000E+0
-3.07617187E-1	-3.03554003E-7	-3.03554003E-7	-3.07617187E-1	0.00000000E+0	0.00000000E+0
-3.05175781E-1	-3.01378009E-7	-3.01378009E-7	-3.05175781E-1	0.00000000E+0	0.00000000E+0
-3.02734375E-1	-2.98628009E-7	-2.98628009E-7	-3.02734375E-1	0.00000000E+0	0.00000000E+0
-3.00292969E-1	-2.96681009E-7	-2.96681009E-7	-3.00292969E-1	0.00000000E+0	0.00000000E+0
-2.97851562E-1	-2.93970004E-7	-2.93970004E-7	-2.97851562E-1	0.00000000E+0	0.00000000E+0
-2.95410156E-1	-2.92213997E-7	-2.92213997E-7	-2.95410156E-1	0.00000000E+0	0.00000000E+0
-2.92968750E-1	-2.89654992E-7	-2.89654992E-7	-2.92968750E-1	0.00000000E+0	0.00000000E+0
-2.90527344E-1	-2.87823013E-7	-2.87823013E-7	-2.90527344E-1	0.00000000E+0	0.00000000E+0
-2.88085937E-1	-2.84920986E-7	-2.84920986E-7	-2.88085937E-1	0.00000000E+0	0.00000000E+0
-2.85644531E-1	-2.83546001E-7	-2.83546001E-7	-2.85644531E-1	0.00000000E+0	0.00000000E+0
-2.83203125E-1	-2.80949990E-7	-2.80949990E-7	-2.83203125E-1	0.00000000E+0	0.00000000E+0
-2.80761719E-1	-2.79192989E-7	-2.79192989E-7	-2.80761719E-1	0.00000000E+0	0.00000000E+0
-2.78320312E-1	-2.77283988E-7	-2.77283988E-7	-2.78320312E-1	0.00000000E+0	0.00000000E+0
-2.75878906E-1	-2.74764005E-7	-2.74764005E-7	-2.75878906E-1	0.00000000E+0	0.00000000E+0
-2.73437500E-1	-2.73389986E-7	-2.73389986E-7	-2.73437500E-1	0.00000000E+0	0.00000000E+0
-2.70996094E-1	-2.70639987E-7	-2.70639987E-7	-2.70996094E-1	0.00000000E+0	0.00000000E+0
-2.68554687E-1	-2.68884008E-7	-2.68884008E-7	-2.68554687E-1	0.00000000E+0	0.00000000E+0
-2.66113281E-1	-2.66746014E-7	-2.66746014E-7	-2.66113281E-1	0.00000000E+0	0.00000000E+0
-2.63671875E-1	-2.64530996E-7	-2.64530996E-7	-2.63671875E-1	0.00000000E+0	0.00000000E+0
-2.61230469E-1	-2.62342013E-7	-2.62342013E-7	-2.61230469E-1	0.00000000E+0	0.00000000E+0
-2.58789062E-1	-2.59108987E-7	-2.59108987E-7	-2.58789062E-1	0.00000000E+0	0.00000000E+0
-2.56347656E-1	-2.57886995E-7	-2.57886995E-7	-2.56347656E-1	0.00000000E+0	0.00000000E+0
-2.53906250E-1	-2.55558007E-7	-2.55558007E-7	-2.53906250E-1	0.00000000E+0	0.00000000E+0
-2.51464844E-1	-2.52847002E-7	-2.52847002E-7	-2.51464844E-1	0.00000000E+0	0.00000000E+0
-2.49023437E-1	-2.51625011E-7	-2.51625011E-7	-2.49023437E-1	0.00000000E+0	0.00000000E+0
-2.46582031E-1	-2.48264996E-7	-2.48264996E-7	-2.46582031E-1	0.00000000E+0	0.00000000E+0
-2.44140625E-1	-2.45591991E-7	-2.45591991E-7	-2.44140625E-1	0.00000000E+0	0.00000000E+0
-2.41699219E-1	-2.43225003E-7	-2.43225003E-7	-2.41699219E-1	0.00000000E+0	0.00000000E+0
-2.39257812E-1	-2.41087008E-7	-2.41087008E-7	-2.39257812E-1	0.00000000E+0	0.00000000E+0
-2.36816406E-1	-2.39063013E-7	-2.39063013E-7	-2.36816406E-1	0.00000000E+0	0.00000000E+0
-2.34375000E-1	-2.36123000E-7	-2.36123000E-7	-2.34375000E-1	0.00000000E+0	0.00000000E+0
-2.31933594E-1	-2.34086997E-7	-2.34086997E-7	-2.31933594E-1	0.00000000E+0	0.00000000E+0
-2.29492187E-1	-2.31540994E-7	-2.31540994E-7	-2.29492187E-1	0.00000000E+0	0.00000000E+0
-2.27050781E-1	-2.28868004E-7	-2.28868004E-7	-2.27050781E-1	0.00000000E+0	0.00000000E+0
-2.24609375E-1	-2.27035002E-7	-2.27035002E-7	-2.24609375E-1	0.00000000E+0	0.00000000E+0
-2.22167969E-1	-2.24592000E-7	-2.24592000E-7	-2.22167969E-1	0.00000000E+0	0.00000000E+0
-2.19726562E-1	-2.21969998E-7	-2.21969998E-7	-2.19726562E-1	0.00000000E+0	0.00000000E+0
-2.17285156E-1	-2.20009994E-7	-2.20009994E-7	-2.17285156E-1	0.00000000E+0	0.00000000E+0
-2.14843750E-1	-2.17362000E-7	-2.17362000E-7	-2.14843750E-1	0.00000000E+0	0.00000000E+0
-2.12402344E-1	-2.14715001E-7	-2.14715001E-7	-2.12402344E-1	0.00000000E+0	0.00000000E+0
-2.09960937E-1	-2.12271004E-7	-2.12271004E-7	-2.09960937E-1	0.00000000E+0	0.00000000E+0
-2.07519531E-1	-2.09725997E-7	-2.09725997E-7	-2.07519531E-1	0.00000000E+0	0.00000000E+0
-2.05078125E-1	-2.07179994E-7	-2.07179994E-7	-2.05078125E-1	0.00000000E+0	0.00000000E+0
-2.02636719E-1	-2.05194993E-7	-2.05194993E-7	-2.02636719E-1	0.00000000E+0	0.00000000E+0
-2.00195312E-1	-2.02497006E-7	-2.02497006E-7	-2.00195312E-1	0.00000000E+0	0.00000000E+0
-1.97753906E-1	-2.00155000E-7	-2.00155000E-7	-1.97753906E-1	0.00000000E+0	0.00000000E+0
-1.95312500E-1	-1.95802002E-7	-1.95802002E-7	-1.95312500E-1	0.00000000E+0	0.00000000E+0
-1.92871094E-1	-1.93282006E-7	-1.93282006E-7	-1.92871094E-1	0.00000000E+0	0.00000000E+0
-1.90429687E-1	-1.91105002E-7	-1.91105002E-7	-1.90429687E-1	0.00000000E+0	0.00000000E+0
-1.87988281E-1	-1.89030999E-7	-1.89030999E-7	-1.87988281E-1	0.00000000E+0	0.00000000E+0
-1.85546875E-1	-1.86332997E-7	-1.86332997E-7	-1.85546875E-1	0.00000000E+0	0.00000000E+0
-1.83105469E-1	-1.83660006E-7	-1.83660006E-7	-1.83105469E-1	0.00000000E+0	0.00000000E+0
-1.80664062E-1	-1.81063001E-7	-1.81063001E-7	-1.80664062E-1	0.00000000E+0	0.00000000E+0
-1.78222656E-1	-1.78568996E-7	-1.78568996E-7	-1.78222656E-1	0.00000000E+0	0.00000000E+0
-1.75781250E-1	-1.76022994E-7	-1.76022994E-7	-1.75781250E-1	0.00000000E+0	0.00000000E+0
-1.73339844E-1	-1.74240995E-7	-1.74240995E-7	-1.73339844E-1	0.00000000E+0	0.00000000E+0
-1.70898437E-1	-1.70830006E-7	-1.70830006E-7	-1.70898437E-1	0.00000000E+0	0.00000000E+0
-1.68457031E-1	-1.68691997E-7	-1.68691997E-7	-1.68457031E-1	0.00000000E+0	0.00000000E+0
-1.66015625E-1	-1.66057006E-7	-1.66057006E-7	-1.66015625E-1	0.00000000E+0	0.00000000E+0
-1.63574219E-1	-1.64008000E-7	-1.64008000E-7	-1.63574219E-1	0.00000000E+0	0.00000000E+0
-1.61132812E-1	-1.61208007E-7	-1.61208007E-7	-1.61132812E-1	0.00000000E+0	0.00000000E+0
-1.58691406E-1	-1.58763996E-7	-1.58763996E-7	-1.58691406E-1	0.00000000E+0	0.00000000E+0
-1.56250000E-1	-1.56447996E-7	-1.56447996E-7	-1.56250000E-1	0.00000000E+0	0.00000000E+0
-1.53808594E-1	-1.53952996E-7	-1.53952996E-7	-1.53808594E-1	0.00000000E+0	0.00000000E+0
-1.51367187E-1	-1.51509994E-7	-1.51509994E-7	-1.51367187E-1	0.00000000E+0	0.00000000E+0
-1.48925781E-1	-1.48582004E-7	-1.48582004E-7	-1.48925781E-1	0.00000000E+0	0.00000000E+0
-1.46484375E-1	-1.46546000E-7	-1.46546000E-7	-1.46484375E-1	0.00000000E+0	0.00000000E+0
-1.44042969E-1	-1.43847998E-7	-1.43847998E-7	-1.44042969E-1	0.00000000E+0	0.00000000E+0
-1.41601562E-1	-1.41708995E-7	-1.41708995E-7	-1.41601562E-1	0.00000000E+0	0.00000000E+0
-1.39160156E-1	-1.38909002E-7	-1.38909002E-7	-1.39160156E-1	0.00000000E+0	0.00000000E+0
-1.36718750E-1	-1.36465999E-7	-1.36465999E-7	-1.36718750E-1	0.00000000E+0	0.00000000E+0
-1.34277344E-1	-1.33868994E-7	-1.33868994E-7	-1.34277344E-1	0.00000000E+0	0.00000000E+0
-1.31835937E-1	-1.31426006E-7	-1.31426006E-7	-1.31835937E-1	0.00000000E+0	0.00000000E+0
-1.29394531E-1	-1.29425004E-7	-1.29425004E-7	-1.29394531E-1	0.00000000E+0	0.00000000E+0
-1.26953125E-1	-1.26752994E-7	-1.26752994E-7	-1.26953125E-1	0.00000000E+0	0.00000000E+0
-1.24511719E-1	-1.24413006E-7	-1.24413006E-7	-1.24511719E-1	0.00000000E+0	0.00000000E+0
-1.22070312E-1	-1.22483002E-7	-1.22483002E-7	-1.22070312E-1	0.00000000E+0	0.00000000E+0
-1.19628906E-1	-1.20330000E-7	-1.20330000E-7	-1.19628906E-1	0.00000000E+0	0.00000000E+0
-1.17187500E-1	-1.17257002E-7	-1.17257002E-7	-1.17187500E-1	0.00000000E+0	0.00000000E+0
-1.14746094E-1	-1.14941002E-7	-1.14941002E-7	-1.14746094E-1	0.00000000E+0	0.00000000E+0
-1.12304687E-1	-1.12575002E-7	-1.12575002E-7	-1.12304687E-1	0.00000000E+0	0.00000000E+0
-1.09863281E-1	-1.09523000E-7	-1.09523000E-7	-1.09863281E-1	0.00000000E+0	0.00000000E+0
-1.07421875E-1	-1.07410997E-7	-1.07410997E-7	-1.07421875E-1	0.00000000E+0	0.00000000E+0
-1.04980469E-1	-1.04847999E-7	-1.04847999E-7	-1.04980469E-1	0.00000000E+0	0.00000000E+0
-1.02539062E-1	-1.02027997E-7	-1.02027997E-7	-1.02539062E-1	0.00000000E+0	0.00000000E+0
-1.00097656E-1	-1.00046996E-7	-1.00046996E-7	-1.00097656E-1	0.00000000E+0	0.00000000E+0
-9.76562500E-2	-9.77145973E-8	-9.77145973E-8	-9.76562500E-2	0.00000000E+0	0.00000000E+0
-9.52148438E-2	-9.51953965E-8	-9.51953965E-8	-9.52148438E-2	0.00000000E+0	0.00000000E+0
-9.27734375E-2	-9.26494010E-8	-9.26494010E-8	-9.27734375E-2	0.00000000E+0	0.00000000E+0
-9.03320313E-2	-9.00728025E-8	-9.00728025E-8	-9.03320313E-2	0.00000000E+0	0.00000000E+0
-8.78906250E-2	-8.66056027E-8	-8.66056027E-8	-8.78906250E-2	0.00000000E+0	0.00000000E+0
-8.54492188E-2	-8.28706987E-8	-8.28706987E-8	-8.54492188E-2	0.00000000E+0	0.00000000E+0
-8.30078125E-2	-8.02252984E-8	-8.02252984E-8	-8.30078125E-2	0.00000000E+0	0.00000000E+0
-8.05664063E-2	-7.73391022E-8	-7.73391022E-8	-8.05664063E-2	0.00000000E+0	0.00000000E+0
-7.81250000E-2	-7.40323998E-8	-7.40323998E-8	-7.81250000E-2	0.00000000E+0	0.00000000E+0
-7.56835938E-2	-7.12187997E-8	-7.12187997E-8	-7.56835938E-2	0.00000000E+0	0.00000000E+0
-7.32421875E-2	-6.82904968E-8	-6.82904968E-8	-7.32421875E-2	0.00000000E+0	0.00000000E+0
-7.08007813E-2	-6.47238991E-8	-6.47238991E-8	-7.08007813E-2	0.00000000E+0	0.00000000E+0
-6.83593750E-2	-6.03467001E-8	-6.03467001E-8	-6.83593750E-2	0.00000000E+0	0.00000000E+0
-6.59179688E-2	-5.70515013E-8	-5.70515013E-8	-6.59179688E-2	0.00000000E+0	0.00000000E+0
-6.34765625E-2	-5.43296999E-8	-5.43296999E-8	-6.34765625E-2	0.00000000E+0	0.00000000E+0
-6.10351563E-2	-5.20283017E-8	-5.20283017E-8	-6.10351563E-2	0.00000000E+0	0.00000000E+0
-5.85937500E-2	-5.03691986E-8	-5.03691986E-8	-5.85937500E-2	0.00000000E+0	0.00000000E+0
-5.61523438E-2	-5.01246014E-8	-5.01246014E-8	-5.61523438E-2	0.00000000E+0	0.00000000E+0
-5.37109375E-2	-5.28234985E-8	-5.28234985E-8	-5.37109375E-2	0.00000000E+0	0.00000000E+0
-5.12695313E-2	-6.00485990E-8	-6.00485990E-8	-5.12695313E-2	0.00000000E+0	0.00000000E+0
-4.88281250E-2	-6.05276984E-9	-6.05276984E-9	-4.88281250E-2	0.00000000E+0	0.00000000E+0
-4.63867188E-2	-9.83879023E-9	-9.83879023E-9	-4.63867188E-2	0.00000000E+0	0.00000000E+0
-4.39453125E-2	-5.87793991E-8	-5.87793991E-8	-4.39453125E-2	0.00000000E+0	0.00000000E+0
-4.15039063E-2	-1.56816995E-7	-1.56816995E-7	-4.15039063E-2	0.00000000E+0	0.00000000E+0
-3.90625000E-2	-2.07179994E-7	-2.07179994E-7	-3.90625000E-2	0.00000000E+0	0.00000000E+0
-3.66210938E-2	-2.16038998E-7	-2.16038998E-7	-3.66210938E-2	0.00000000E+0	0.00000000E+0
-3.41796875E-2	-2.04583998E-7	-2.04583998E-7	-3.41796875E-2	0.00000000E+0	0.00000000E+0
-3.17382813E-2	-1.86218003E-7	-1.86218003E-7	-3.17382813E-2	0.00000000E+0	0.00000000E+0
-2.92968750E-2	-1.68081002E-7	-1.68081002E-7	-2.92968750E-2	0.00000000E+0	0.00000000E+0
-2.68554688E-2	-1.53113007E-7	-1.53113007E-7	-2.68554688E-2	0.00000000E+0	0.00000000E+0
-2.44140625E-2	-1.37840004E-7	-1.37840004E-7	-2.44140625E-2	0.00000000E+0	0.00000000E+0
-2.19726563E-2	-1.24159001E-7	-1.24159001E-7	-2.19726563E-2	0.00000000E+0	0.00000000E+0
-1.95312500E-2	-1.09477000E-7	-1.09477000E-7	-1.95312500E-2	0.00000000E+0	0.00000000E+0
-1.70898438E-2	-9.57496979E-8	-9.57496979E-8	-1.70898438E-2	0.00000000E+0	0.00000000E+0
-1.46484375E-2	-8.19723027E-8	-8.19723027E-8	-1.46484375E-2	0.00000000E+0	0.00000000E+0
-1.22070313E-2	-6.86231019E-8	-6.86231019E-8	-1.22070313E-2	0.00000000E+0	0.00000000E+0
-9.76562500E-3	-5.50942012E-8	-5.50942012E-8	-9.76562500E-3	0.00000000E+0	0.00000000E+0
-7.32421875E-3	-4.20432009E-8	-4.20432009E-8	-7.32421875E-3	0.00000000E+0	0.00000000E+0
-4.88281250E-3	-2.86709998E-8	-2.86709998E-8	-4.88281250E-3	0.00000000E+0	0.00000000E+0
-2.44140625E-3	-1.58493005E-8	-1.58493005E-8	-2.44140625E-3	0.00000000E+0	0.00000000E+0
0.00000000E+0	-2.60955990E-9	-2.60955990E-9	0.00000000E+0	0.00000000E+0	0.00000000E+0
