Date: do 28 mrt 2013, Material: Au, Temp: 4.2 K
AO1 - module gain: 1.0E+0, R_out: 0.0
AO2 - module gain: 1.0E+2
MUX1 - ADC gain: 4, logarithmic amplifier: D:\LabVIEW Data\Lithographic MCBJ\MED24_070412.TXT, R_in: 0.000
MUX2 - ADC gain: 4, linear amplifier: 1.000000 x 1e10 V/A, R_in: 1.000
Breaking trace: 15 0
Axis position: -886.563008
Vbias (V)	<I> and Ii MUX1 (A)	Vbias (V)	<I> and Ii MUX2 (A)
@
0.00000000E+0	1.63635994E-10	1.63635994E-10	0.00000000E+0	0.00000000E+0	0.00000000E+0
2.44140625E-3	-1.11083000E-11	-1.11083000E-11	2.44140625E-3	0.00000000E+0	0.00000000E+0
4.88281250E-3	-2.21618002E-11	-2.21618002E-11	4.88281250E-3	0.00000000E+0	0.00000000E+0
7.32421875E-3	-9.19304997E-12	-9.19304997E-12	7.32421875E-3	0.00000000E+0	0.00000000E+0
9.76562500E-3	-1.49386996E-11	-1.49386996E-11	9.76562500E-3	0.00000000E+0	0.00000000E+0
1.22070313E-2	1.76200005E-12	1.76200005E-12	1.22070313E-2	0.00000000E+0	0.00000000E+0
1.46484375E-2	-2.49526007E-12	-2.49526007E-12	1.46484375E-2	0.00000000E+0	0.00000000E+0
1.70898438E-2	1.20659004E-11	1.20659004E-11	1.70898438E-2	0.00000000E+0	0.00000000E+0
1.95312500E-2	8.66955986E-12	8.66955986E-12	1.95312500E-2	0.00000000E+0	0.00000000E+0
2.19726563E-2	2.55872996E-11	2.55872996E-11	2.19726563E-2	0.00000000E+0	0.00000000E+0
2.44140625E-2	2.15462006E-11	2.15462006E-11	2.44140625E-2	0.00000000E+0	0.00000000E+0
2.68554688E-2	3.79213015E-11	3.79213015E-11	2.68554688E-2	0.00000000E+0	0.00000000E+0
2.92968750E-2	3.44228986E-11	3.44228986E-11	2.92968750E-2	0.00000000E+0	0.00000000E+0
3.17382813E-2	5.31568990E-11	5.31568990E-11	3.17382813E-2	0.00000000E+0	0.00000000E+0
3.41796875E-2	4.79697983E-11	4.79697983E-11	3.41796875E-2	0.00000000E+0	0.00000000E+0
3.66210938E-2	6.49450979E-11	6.49450979E-11	3.66210938E-2	0.00000000E+0	0.00000000E+0
3.90625000E-2	6.15167986E-11	6.15167986E-11	3.90625000E-2	0.00000000E+0	0.00000000E+0
4.15039063E-2	8.36873973E-11	8.36873973E-11	4.15039063E-2	0.00000000E+0	0.00000000E+0
4.39453125E-2	7.89580970E-11	7.89580970E-11	4.39453125E-2	0.00000000E+0	0.00000000E+0
4.63867188E-2	9.77527018E-11	9.77527018E-11	4.63867188E-2	0.00000000E+0	0.00000000E+0
4.88281250E-2	9.72164987E-11	9.72164987E-11	4.88281250E-2	0.00000000E+0	0.00000000E+0
5.12695313E-2	1.15271001E-10	1.15271001E-10	5.12695313E-2	0.00000000E+0	0.00000000E+0
5.37109375E-2	1.13074002E-10	1.13074002E-10	5.37109375E-2	0.00000000E+0	0.00000000E+0
5.61523438E-2	1.31843994E-10	1.31843994E-10	5.61523438E-2	0.00000000E+0	0.00000000E+0
5.85937500E-2	1.31767000E-10	1.31767000E-10	5.85937500E-2	0.00000000E+0	0.00000000E+0
6.10351563E-2	1.53054999E-10	1.53054999E-10	6.10351563E-2	0.00000000E+0	0.00000000E+0
6.34765625E-2	1.52782995E-10	1.52782995E-10	6.34765625E-2	0.00000000E+0	0.00000000E+0
6.59179688E-2	1.72651005E-10	1.72651005E-10	6.59179688E-2	0.00000000E+0	0.00000000E+0
6.83593750E-2	1.73875997E-10	1.73875997E-10	6.83593750E-2	0.00000000E+0	0.00000000E+0
7.08007813E-2	1.97923997E-10	1.97923997E-10	7.08007813E-2	0.00000000E+0	0.00000000E+0
7.32421875E-2	1.99488995E-10	1.99488995E-10	7.32421875E-2	0.00000000E+0	0.00000000E+0
7.56835938E-2	2.25613001E-10	2.25613001E-10	7.56835938E-2	0.00000000E+0	0.00000000E+0
7.81250000E-2	2.30898994E-10	2.30898994E-10	7.81250000E-2	0.00000000E+0	0.00000000E+0
8.05664063E-2	2.63936012E-10	2.63936012E-10	8.05664063E-2	0.00000000E+0	0.00000000E+0
8.30078125E-2	2.70582001E-10	2.70582001E-10	8.30078125E-2	0.00000000E+0	0.00000000E+0
8.54492188E-2	3.06536990E-10	3.06536990E-10	8.54492188E-2	0.00000000E+0	0.00000000E+0
8.78906250E-2	3.36848993E-10	3.36848993E-10	8.78906250E-2	0.00000000E+0	0.00000000E+0
9.03320313E-2	4.36541997E-10	4.36541997E-10	9.03320313E-2	0.00000000E+0	0.00000000E+0
9.27734375E-2	1.23199995E-9	1.23199995E-9	9.27734375E-2	0.00000000E+0	0.00000000E+0
9.52148438E-2	1.29522004E-9	1.29522004E-9	9.52148438E-2	0.00000000E+0	0.00000000E+0
9.76562500E-2	1.30299005E-9	1.30299005E-9	9.76562500E-2	0.00000000E+0	0.00000000E+0
1.00097656E-1	1.29460997E-9	1.29460997E-9	1.00097656E-1	0.00000000E+0	0.00000000E+0
1.02539062E-1	1.29216005E-9	1.29216005E-9	1.02539062E-1	0.00000000E+0	0.00000000E+0
1.04980469E-1	1.28960997E-9	1.28960997E-9	1.04980469E-1	0.00000000E+0	0.00000000E+0
1.07421875E-1	1.27556998E-9	1.27556998E-9	1.07421875E-1	0.00000000E+0	0.00000000E+0
1.09863281E-1	1.27556998E-9	1.27556998E-9	1.09863281E-1	0.00000000E+0	0.00000000E+0
1.12304687E-1	1.26563005E-9	1.26563005E-9	1.12304687E-1	0.00000000E+0	0.00000000E+0
1.14746094E-1	1.25940003E-9	1.25940003E-9	1.14746094E-1	0.00000000E+0	0.00000000E+0
1.17187500E-1	1.26097999E-9	1.26097999E-9	1.17187500E-1	0.00000000E+0	0.00000000E+0
1.19628906E-1	1.26023003E-9	1.26023003E-9	1.19628906E-1	0.00000000E+0	0.00000000E+0
1.22070312E-1	1.26354005E-9	1.26354005E-9	1.22070312E-1	0.00000000E+0	0.00000000E+0
1.24511719E-1	1.26354005E-9	1.26354005E-9	1.24511719E-1	0.00000000E+0	0.00000000E+0
1.26953125E-1	1.25940003E-9	1.25940003E-9	1.26953125E-1	0.00000000E+0	0.00000000E+0
1.29394531E-1	1.25940003E-9	1.25940003E-9	1.29394531E-1	0.00000000E+0	0.00000000E+0
1.31835937E-1	1.25827004E-9	1.25827004E-9	1.31835937E-1	0.00000000E+0	0.00000000E+0
1.34277344E-1	1.26468003E-9	1.26468003E-9	1.34277344E-1	0.00000000E+0	0.00000000E+0
1.36718750E-1	1.26468003E-9	1.26468003E-9	1.36718750E-1	0.00000000E+0	0.00000000E+0
1.39160156E-1	1.26563005E-9	1.26563005E-9	1.39160156E-1	0.00000000E+0	0.00000000E+0
1.41601562E-1	1.26177002E-9	1.26177002E-9	1.41601562E-1	0.00000000E+0	0.00000000E+0
1.44042969E-1	1.26887001E-9	1.26887001E-9	1.44042969E-1	0.00000000E+0	0.00000000E+0
1.46484375E-1	1.26803001E-9	1.26803001E-9	1.46484375E-1	0.00000000E+0	0.00000000E+0
1.48925781E-1	1.28376998E-9	1.28376998E-9	1.48925781E-1	0.00000000E+0	0.00000000E+0
1.51367187E-1	1.28442001E-9	1.28442001E-9	1.51367187E-1	0.00000000E+0	0.00000000E+0
1.53808594E-1	1.29753996E-9	1.29753996E-9	1.53808594E-1	0.00000000E+0	0.00000000E+0
1.56250000E-1	1.29522004E-9	1.29522004E-9	1.56250000E-1	0.00000000E+0	0.00000000E+0
1.58691406E-1	1.31832001E-9	1.31832001E-9	1.58691406E-1	0.00000000E+0	0.00000000E+0
1.61132812E-1	1.31427003E-9	1.31427003E-9	1.61132812E-1	0.00000000E+0	0.00000000E+0
1.63574219E-1	1.33742994E-9	1.33742994E-9	1.63574219E-1	0.00000000E+0	0.00000000E+0
1.66015625E-1	1.32844002E-9	1.32844002E-9	1.66015625E-1	0.00000000E+0	0.00000000E+0
1.68457031E-1	1.35274003E-9	1.35274003E-9	1.68457031E-1	0.00000000E+0	0.00000000E+0
1.70898437E-1	1.34918998E-9	1.34918998E-9	1.70898437E-1	0.00000000E+0	0.00000000E+0
1.73339844E-1	1.37044998E-9	1.37044998E-9	1.73339844E-1	0.00000000E+0	0.00000000E+0
1.75781250E-1	1.36387002E-9	1.36387002E-9	1.75781250E-1	0.00000000E+0	0.00000000E+0
1.78222656E-1	1.38306000E-9	1.38306000E-9	1.78222656E-1	0.00000000E+0	0.00000000E+0
1.80664062E-1	1.37577005E-9	1.37577005E-9	1.80664062E-1	0.00000000E+0	0.00000000E+0
1.83105469E-1	1.39703005E-9	1.39703005E-9	1.83105469E-1	0.00000000E+0	0.00000000E+0
1.85546875E-1	1.39247003E-9	1.39247003E-9	1.85546875E-1	0.00000000E+0	0.00000000E+0
1.87988281E-1	1.40386003E-9	1.40386003E-9	1.87988281E-1	0.00000000E+0	0.00000000E+0
1.90429687E-1	1.40992995E-9	1.40992995E-9	1.90429687E-1	0.00000000E+0	0.00000000E+0
1.92871094E-1	1.42208001E-9	1.42208001E-9	1.92871094E-1	0.00000000E+0	0.00000000E+0
1.95312500E-1	1.41600998E-9	1.41600998E-9	1.95312500E-1	0.00000000E+0	0.00000000E+0
1.97753906E-1	1.43878998E-9	1.43878998E-9	1.97753906E-1	0.00000000E+0	0.00000000E+0
2.00195312E-1	1.43270995E-9	1.43270995E-9	2.00195312E-1	0.00000000E+0	0.00000000E+0
2.02636719E-1	1.45207002E-9	1.45207002E-9	2.02636719E-1	0.00000000E+0	0.00000000E+0
2.05078125E-1	1.44277001E-9	1.44277001E-9	2.05078125E-1	0.00000000E+0	0.00000000E+0
2.07519531E-1	1.46307999E-9	1.46307999E-9	2.07519531E-1	0.00000000E+0	0.00000000E+0
2.09960937E-1	1.46408996E-9	1.46408996E-9	2.09960937E-1	0.00000000E+0	0.00000000E+0
2.12402344E-1	1.48232004E-9	1.48232004E-9	2.12402344E-1	0.00000000E+0	0.00000000E+0
2.14843750E-1	1.48510004E-9	1.48510004E-9	2.14843750E-1	0.00000000E+0	0.00000000E+0
2.17285156E-1	1.50370005E-9	1.50370005E-9	2.17285156E-1	0.00000000E+0	0.00000000E+0
2.19726562E-1	1.50123003E-9	1.50123003E-9	2.19726562E-1	0.00000000E+0	0.00000000E+0
2.22167969E-1	1.50964996E-9	1.50964996E-9	2.22167969E-1	0.00000000E+0	0.00000000E+0
2.24609375E-1	1.51370005E-9	1.51370005E-9	2.24609375E-1	0.00000000E+0	0.00000000E+0
2.27050781E-1	1.52938995E-9	1.52938995E-9	2.27050781E-1	0.00000000E+0	0.00000000E+0
2.29492187E-1	1.53122004E-9	1.53122004E-9	2.29492187E-1	0.00000000E+0	0.00000000E+0
2.31933594E-1	1.54811997E-9	1.54811997E-9	2.31933594E-1	0.00000000E+0	0.00000000E+0
2.34375000E-1	1.55368995E-9	1.55368995E-9	2.34375000E-1	0.00000000E+0	0.00000000E+0
2.36816406E-1	1.57444002E-9	1.57444002E-9	2.36816406E-1	0.00000000E+0	0.00000000E+0
2.39257812E-1	1.57343005E-9	1.57343005E-9	2.39257812E-1	0.00000000E+0	0.00000000E+0
2.41699219E-1	1.59266000E-9	1.59266000E-9	2.41699219E-1	0.00000000E+0	0.00000000E+0
2.44140625E-1	1.59317004E-9	1.59317004E-9	2.44140625E-1	0.00000000E+0	0.00000000E+0
2.46582031E-1	1.61038005E-9	1.61038005E-9	2.46582031E-1	0.00000000E+0	0.00000000E+0
2.49023437E-1	1.61948999E-9	1.61948999E-9	2.49023437E-1	0.00000000E+0	0.00000000E+0
2.51464844E-1	1.63466995E-9	1.63466995E-9	2.51464844E-1	0.00000000E+0	0.00000000E+0
2.53906250E-1	1.64226999E-9	1.64226999E-9	2.53906250E-1	0.00000000E+0	0.00000000E+0
2.56347656E-1	1.65744996E-9	1.65744996E-9	2.56347656E-1	0.00000000E+0	0.00000000E+0
2.58789062E-1	1.66503999E-9	1.66503999E-9	2.58789062E-1	0.00000000E+0	0.00000000E+0
2.61230469E-1	1.68073000E-9	1.68073000E-9	2.61230469E-1	0.00000000E+0	0.00000000E+0
2.63671875E-1	1.68858005E-9	1.68858005E-9	2.63671875E-1	0.00000000E+0	0.00000000E+0
2.66113281E-1	1.70832004E-9	1.70832004E-9	2.66113281E-1	0.00000000E+0	0.00000000E+0
2.68554687E-1	1.71693004E-9	1.71693004E-9	2.68554687E-1	0.00000000E+0	0.00000000E+0
2.70996094E-1	1.73831005E-9	1.73831005E-9	2.70996094E-1	0.00000000E+0	0.00000000E+0
2.73437500E-1	1.74602999E-9	1.74602999E-9	2.73437500E-1	0.00000000E+0	0.00000000E+0
2.75878906E-1	1.75880999E-9	1.75880999E-9	2.75878906E-1	0.00000000E+0	0.00000000E+0
2.78320312E-1	1.77285997E-9	1.77285997E-9	2.78320312E-1	0.00000000E+0	0.00000000E+0
2.80761719E-1	1.79032000E-9	1.79032000E-9	2.80761719E-1	0.00000000E+0	0.00000000E+0
2.83203125E-1	1.80145998E-9	1.80145998E-9	2.83203125E-1	0.00000000E+0	0.00000000E+0
2.85644531E-1	1.81765003E-9	1.81765003E-9	2.85644531E-1	0.00000000E+0	0.00000000E+0
2.88085937E-1	1.83208004E-9	1.83208004E-9	2.88085937E-1	0.00000000E+0	0.00000000E+0
2.90527344E-1	1.85030002E-9	1.85030002E-9	2.90527344E-1	0.00000000E+0	0.00000000E+0
2.92968750E-1	1.86321003E-9	1.86321003E-9	2.92968750E-1	0.00000000E+0	0.00000000E+0
2.95410156E-1	1.87991001E-9	1.87991001E-9	2.95410156E-1	0.00000000E+0	0.00000000E+0
2.97851562E-1	1.89548000E-9	1.89548000E-9	2.97851562E-1	0.00000000E+0	0.00000000E+0
3.00292969E-1	1.91155003E-9	1.91155003E-9	3.00292969E-1	0.00000000E+0	0.00000000E+0
3.02734375E-1	1.92470995E-9	1.92470995E-9	3.02734375E-1	0.00000000E+0	0.00000000E+0
3.05175781E-1	1.94597005E-9	1.94597005E-9	3.05175781E-1	0.00000000E+0	0.00000000E+0
3.07617187E-1	1.95963001E-9	1.95963001E-9	3.07617187E-1	0.00000000E+0	0.00000000E+0
3.10058594E-1	1.97633998E-9	1.97633998E-9	3.10058594E-1	0.00000000E+0	0.00000000E+0
3.12500000E-1	1.98962002E-9	1.98962002E-9	3.12500000E-1	0.00000000E+0	0.00000000E+0
3.14941406E-1	2.01202011E-9	2.01202011E-9	3.14941406E-1	0.00000000E+0	0.00000000E+0
3.17382812E-1	2.02873007E-9	2.02873007E-9	3.17382812E-1	0.00000000E+0	0.00000000E+0
3.19824219E-1	2.04011008E-9	2.04011008E-9	3.19824219E-1	0.00000000E+0	0.00000000E+0
3.22265625E-1	2.06188000E-9	2.06188000E-9	3.22265625E-1	0.00000000E+0	0.00000000E+0
3.24707031E-1	2.07656004E-9	2.07656004E-9	3.24707031E-1	0.00000000E+0	0.00000000E+0
3.27148437E-1	2.08617990E-9	2.08617990E-9	3.27148437E-1	0.00000000E+0	0.00000000E+0
3.29589844E-1	2.10769002E-9	2.10769002E-9	3.29589844E-1	0.00000000E+0	0.00000000E+0
3.32031250E-1	2.12465001E-9	2.12465001E-9	3.32031250E-1	0.00000000E+0	0.00000000E+0
3.34472656E-1	2.14148010E-9	2.14148010E-9	3.34472656E-1	0.00000000E+0	0.00000000E+0
3.36914062E-1	2.15134999E-9	2.15134999E-9	3.36914062E-1	0.00000000E+0	0.00000000E+0
3.39355469E-1	2.17525997E-9	2.17525997E-9	3.39355469E-1	0.00000000E+0	0.00000000E+0
3.41796875E-1	2.18463003E-9	2.18463003E-9	3.41796875E-1	0.00000000E+0	0.00000000E+0
3.44238281E-1	2.20031993E-9	2.20031993E-9	3.44238281E-1	0.00000000E+0	0.00000000E+0
3.46679687E-1	2.21246998E-9	2.21246998E-9	3.46679687E-1	0.00000000E+0	0.00000000E+0
3.49121094E-1	2.22840990E-9	2.22840990E-9	3.49121094E-1	0.00000000E+0	0.00000000E+0
3.51562500E-1	2.23802998E-9	2.23802998E-9	3.51562500E-1	0.00000000E+0	0.00000000E+0
3.54003906E-1	2.25750996E-9	2.25750996E-9	3.54003906E-1	0.00000000E+0	0.00000000E+0
3.56445312E-1	2.26789010E-9	2.26789010E-9	3.56445312E-1	0.00000000E+0	0.00000000E+0
3.58886719E-1	2.28117991E-9	2.28117991E-9	3.58886719E-1	0.00000000E+0	0.00000000E+0
3.61328125E-1	2.29409003E-9	2.29409003E-9	3.61328125E-1	0.00000000E+0	0.00000000E+0
3.63769531E-1	2.30927011E-9	2.30927011E-9	3.63769531E-1	0.00000000E+0	0.00000000E+0
3.66210937E-1	2.31647990E-9	2.31647990E-9	3.66210937E-1	0.00000000E+0	0.00000000E+0
3.68652344E-1	2.33774000E-9	2.33774000E-9	3.68652344E-1	0.00000000E+0	0.00000000E+0
3.71093750E-1	2.34685005E-9	2.34685005E-9	3.71093750E-1	0.00000000E+0	0.00000000E+0
3.73535156E-1	2.36103004E-9	2.36103004E-9	3.73535156E-1	0.00000000E+0	0.00000000E+0
3.75976562E-1	2.36886999E-9	2.36886999E-9	3.75976562E-1	0.00000000E+0	0.00000000E+0
3.78417969E-1	2.38139997E-9	2.38139997E-9	3.78417969E-1	0.00000000E+0	0.00000000E+0
3.80859375E-1	2.39772002E-9	2.39772002E-9	3.80859375E-1	0.00000000E+0	0.00000000E+0
3.83300781E-1	2.40758991E-9	2.40758991E-9	3.83300781E-1	0.00000000E+0	0.00000000E+0
3.85742187E-1	2.41859999E-9	2.41859999E-9	3.85742187E-1	0.00000000E+0	0.00000000E+0
3.88183594E-1	2.42998999E-9	2.42998999E-9	3.88183594E-1	0.00000000E+0	0.00000000E+0
3.90625000E-1	2.44328002E-9	2.44328002E-9	3.90625000E-1	0.00000000E+0	0.00000000E+0
3.93066406E-1	2.45429010E-9	2.45429010E-9	3.93066406E-1	0.00000000E+0	0.00000000E+0
3.95507812E-1	2.46720000E-9	2.46720000E-9	3.95507812E-1	0.00000000E+0	0.00000000E+0
3.97949219E-1	2.47971998E-9	2.47971998E-9	3.97949219E-1	0.00000000E+0	0.00000000E+0
4.00390625E-1	2.49642995E-9	2.49642995E-9	4.00390625E-1	0.00000000E+0	0.00000000E+0
4.02832031E-1	2.51084997E-9	2.51084997E-9	4.02832031E-1	0.00000000E+0	0.00000000E+0
4.05273437E-1	2.52223997E-9	2.52223997E-9	4.05273437E-1	0.00000000E+0	0.00000000E+0
4.07714844E-1	2.53819010E-9	2.53819010E-9	4.07714844E-1	0.00000000E+0	0.00000000E+0
4.10156250E-1	2.54654009E-9	2.54654009E-9	4.10156250E-1	0.00000000E+0	0.00000000E+0
4.12597656E-1	2.56324006E-9	2.56324006E-9	4.12597656E-1	0.00000000E+0	0.00000000E+0
4.15039062E-1	2.58095989E-9	2.58095989E-9	4.15039062E-1	0.00000000E+0	0.00000000E+0
4.17480469E-1	2.59360999E-9	2.59360999E-9	4.17480469E-1	0.00000000E+0	0.00000000E+0
4.19921875E-1	2.60930011E-9	2.60930011E-9	4.19921875E-1	0.00000000E+0	0.00000000E+0
4.22363281E-1	2.61943001E-9	2.61943001E-9	4.22363281E-1	0.00000000E+0	0.00000000E+0
4.24804687E-1	2.64371991E-9	2.64371991E-9	4.24804687E-1	0.00000000E+0	0.00000000E+0
4.27246094E-1	2.64751998E-9	2.64751998E-9	4.27246094E-1	0.00000000E+0	0.00000000E+0
4.29687500E-1	2.70445999E-9	2.70445999E-9	4.29687500E-1	0.00000000E+0	0.00000000E+0
4.32128906E-1	2.70598011E-9	2.70598011E-9	4.32128906E-1	0.00000000E+0	0.00000000E+0
4.34570312E-1	2.72723999E-9	2.72723999E-9	4.34570312E-1	0.00000000E+0	0.00000000E+0
4.37011719E-1	2.74546008E-9	2.74546008E-9	4.37011719E-1	0.00000000E+0	0.00000000E+0
4.39453125E-1	2.75381007E-9	2.75381007E-9	4.39453125E-1	0.00000000E+0	0.00000000E+0
4.41894531E-1	2.75571010E-9	2.75571010E-9	4.41894531E-1	0.00000000E+0	0.00000000E+0
4.44335937E-1	2.77810996E-9	2.77810996E-9	4.44335937E-1	0.00000000E+0	0.00000000E+0
4.46777344E-1	2.79216006E-9	2.79216006E-9	4.46777344E-1	0.00000000E+0	0.00000000E+0
4.49218750E-1	2.87529001E-9	2.87529001E-9	4.49218750E-1	0.00000000E+0	0.00000000E+0
4.51660156E-1	2.89352009E-9	2.89352009E-9	4.51660156E-1	0.00000000E+0	0.00000000E+0
4.54101562E-1	2.92578006E-9	2.92578006E-9	4.54101562E-1	0.00000000E+0	0.00000000E+0
4.56542969E-1	2.91933011E-9	2.91933011E-9	4.56542969E-1	0.00000000E+0	0.00000000E+0
4.58984375E-1	2.96413005E-9	2.96413005E-9	4.58984375E-1	0.00000000E+0	0.00000000E+0
4.61425781E-1	2.97095992E-9	2.97095992E-9	4.61425781E-1	0.00000000E+0	0.00000000E+0
4.63867187E-1	3.00133007E-9	3.00133007E-9	4.63867187E-1	0.00000000E+0	0.00000000E+0
4.66308594E-1	2.99943004E-9	2.99943004E-9	4.66308594E-1	0.00000000E+0	0.00000000E+0
4.68750000E-1	3.01386005E-9	3.01386005E-9	4.68750000E-1	0.00000000E+0	0.00000000E+0
4.71191406E-1	3.03321990E-9	3.03321990E-9	4.71191406E-1	0.00000000E+0	0.00000000E+0
4.73632812E-1	3.05524006E-9	3.05524006E-9	4.73632812E-1	0.00000000E+0	0.00000000E+0
4.76074219E-1	3.07231995E-9	3.07231995E-9	4.76074219E-1	0.00000000E+0	0.00000000E+0
4.78515625E-1	3.08447001E-9	3.08447001E-9	4.78515625E-1	0.00000000E+0	0.00000000E+0
4.80957031E-1	3.10458992E-9	3.10458992E-9	4.80957031E-1	0.00000000E+0	0.00000000E+0
4.83398437E-1	3.12925996E-9	3.12925996E-9	4.83398437E-1	0.00000000E+0	0.00000000E+0
4.85839844E-1	3.13306003E-9	3.13306003E-9	4.85839844E-1	0.00000000E+0	0.00000000E+0
4.88281250E-1	3.16533000E-9	3.16533000E-9	4.88281250E-1	0.00000000E+0	0.00000000E+0
4.90722656E-1	3.18355009E-9	3.18355009E-9	4.90722656E-1	0.00000000E+0	0.00000000E+0
4.93164062E-1	3.20404991E-9	3.20404991E-9	4.93164062E-1	0.00000000E+0	0.00000000E+0
4.90722656E-1	3.17672000E-9	3.17672000E-9	4.90722656E-1	0.00000000E+0	0.00000000E+0
4.88281250E-1	3.12925996E-9	3.12925996E-9	4.88281250E-1	0.00000000E+0	0.00000000E+0
4.85839844E-1	3.10458992E-9	3.10458992E-9	4.85839844E-1	0.00000000E+0	0.00000000E+0
4.83398437E-1	3.09926995E-9	3.09926995E-9	4.83398437E-1	0.00000000E+0	0.00000000E+0
4.80957031E-1	3.05524006E-9	3.05524006E-9	4.80957031E-1	0.00000000E+0	0.00000000E+0
4.78515625E-1	3.06131009E-9	3.06131009E-9	4.78515625E-1	0.00000000E+0	0.00000000E+0
4.76074219E-1	3.01057002E-9	3.01057002E-9	4.76074219E-1	0.00000000E+0	0.00000000E+0
4.73632812E-1	2.99069991E-9	2.99069991E-9	4.73632812E-1	0.00000000E+0	0.00000000E+0
4.71191406E-1	2.95577007E-9	2.95577007E-9	4.71191406E-1	0.00000000E+0	0.00000000E+0
4.68750000E-1	2.94210989E-9	2.94210989E-9	4.68750000E-1	0.00000000E+0	0.00000000E+0
4.66308594E-1	2.91173996E-9	2.91173996E-9	4.66308594E-1	0.00000000E+0	0.00000000E+0
4.63867187E-1	2.92085001E-9	2.92085001E-9	4.63867187E-1	0.00000000E+0	0.00000000E+0
4.61425781E-1	2.86921997E-9	2.86921997E-9	4.61425781E-1	0.00000000E+0	0.00000000E+0
4.58984375E-1	2.88137003E-9	2.88137003E-9	4.58984375E-1	0.00000000E+0	0.00000000E+0
4.56542969E-1	2.81758994E-9	2.81758994E-9	4.56542969E-1	0.00000000E+0	0.00000000E+0
4.54101562E-1	2.80088996E-9	2.80088996E-9	4.54101562E-1	0.00000000E+0	0.00000000E+0
4.51660156E-1	2.76899992E-9	2.76899992E-9	4.51660156E-1	0.00000000E+0	0.00000000E+0
4.49218750E-1	2.81911006E-9	2.81911006E-9	4.49218750E-1	0.00000000E+0	0.00000000E+0
4.46777344E-1	2.76899992E-9	2.76899992E-9	4.46777344E-1	0.00000000E+0	0.00000000E+0
4.44335937E-1	2.75760992E-9	2.75760992E-9	4.44335937E-1	0.00000000E+0	0.00000000E+0
4.41894531E-1	2.72951994E-9	2.72951994E-9	4.41894531E-1	0.00000000E+0	0.00000000E+0
4.39453125E-1	2.72837997E-9	2.72837997E-9	4.39453125E-1	0.00000000E+0	0.00000000E+0
4.37011719E-1	2.69306999E-9	2.69306999E-9	4.37011719E-1	0.00000000E+0	0.00000000E+0
4.34570312E-1	2.69687006E-9	2.69687006E-9	4.34570312E-1	0.00000000E+0	0.00000000E+0
4.32128906E-1	2.66043010E-9	2.66043010E-9	4.32128906E-1	0.00000000E+0	0.00000000E+0
4.29687500E-1	2.65232991E-9	2.65232991E-9	4.29687500E-1	0.00000000E+0	0.00000000E+0
4.27246094E-1	2.63385003E-9	2.63385003E-9	4.27246094E-1	0.00000000E+0	0.00000000E+0
4.24804687E-1	2.61829003E-9	2.61829003E-9	4.24804687E-1	0.00000000E+0	0.00000000E+0
4.22363281E-1	2.59360999E-9	2.59360999E-9	4.22363281E-1	0.00000000E+0	0.00000000E+0
4.19921875E-1	2.58095989E-9	2.58095989E-9	4.19921875E-1	0.00000000E+0	0.00000000E+0
4.17480469E-1	2.52907006E-9	2.52907006E-9	4.17480469E-1	0.00000000E+0	0.00000000E+0
4.15039062E-1	2.51084997E-9	2.51084997E-9	4.15039062E-1	0.00000000E+0	0.00000000E+0
4.12597656E-1	2.53211008E-9	2.53211008E-9	4.12597656E-1	0.00000000E+0	0.00000000E+0
4.10156250E-1	2.50579002E-9	2.50579002E-9	4.10156250E-1	0.00000000E+0	0.00000000E+0
4.07714844E-1	2.47744003E-9	2.47744003E-9	4.07714844E-1	0.00000000E+0	0.00000000E+0
4.05273437E-1	2.46985010E-9	2.46985010E-9	4.05273437E-1	0.00000000E+0	0.00000000E+0
4.02832031E-1	2.47364995E-9	2.47364995E-9	4.02832031E-1	0.00000000E+0	0.00000000E+0
4.00390625E-1	2.42998999E-9	2.42998999E-9	4.00390625E-1	0.00000000E+0	0.00000000E+0
3.97949219E-1	2.43112996E-9	2.43112996E-9	3.97949219E-1	0.00000000E+0	0.00000000E+0
3.95507812E-1	2.40266007E-9	2.40266007E-9	3.95507812E-1	0.00000000E+0	0.00000000E+0
3.93066406E-1	2.39923992E-9	2.39923992E-9	3.93066406E-1	0.00000000E+0	0.00000000E+0
3.90625000E-1	2.36886999E-9	2.36886999E-9	3.90625000E-1	0.00000000E+0	0.00000000E+0
3.88183594E-1	2.36696995E-9	2.36696995E-9	3.88183594E-1	0.00000000E+0	0.00000000E+0
3.85742187E-1	2.33243003E-9	2.33243003E-9	3.85742187E-1	0.00000000E+0	0.00000000E+0
3.83300781E-1	2.34458009E-9	2.34458009E-9	3.83300781E-1	0.00000000E+0	0.00000000E+0
3.80859375E-1	2.30281993E-9	2.30281993E-9	3.80859375E-1	0.00000000E+0	0.00000000E+0
3.78417969E-1	2.31647990E-9	2.31647990E-9	3.78417969E-1	0.00000000E+0	0.00000000E+0
3.75976562E-1	2.26789010E-9	2.26789010E-9	3.75976562E-1	0.00000000E+0	0.00000000E+0
3.73535156E-1	2.28307995E-9	2.28307995E-9	3.73535156E-1	0.00000000E+0	0.00000000E+0
3.71093750E-1	2.19006990E-9	2.19006990E-9	3.71093750E-1	0.00000000E+0	0.00000000E+0
3.68652344E-1	2.20487006E-9	2.20487006E-9	3.68652344E-1	0.00000000E+0	0.00000000E+0
3.66210937E-1	2.15906004E-9	2.15906004E-9	3.66210937E-1	0.00000000E+0	0.00000000E+0
3.63769531E-1	2.17374008E-9	2.17374008E-9	3.63769531E-1	0.00000000E+0	0.00000000E+0
3.61328125E-1	2.13844009E-9	2.13844009E-9	3.61328125E-1	0.00000000E+0	0.00000000E+0
3.58886719E-1	2.15247997E-9	2.15247997E-9	3.58886719E-1	0.00000000E+0	0.00000000E+0
3.56445312E-1	2.11908002E-9	2.11908002E-9	3.56445312E-1	0.00000000E+0	0.00000000E+0
3.54003906E-1	2.12970996E-9	2.12970996E-9	3.54003906E-1	0.00000000E+0	0.00000000E+0
3.51562500E-1	2.09249995E-9	2.09249995E-9	3.51562500E-1	0.00000000E+0	0.00000000E+0
3.49121094E-1	2.10769002E-9	2.10769002E-9	3.49121094E-1	0.00000000E+0	0.00000000E+0
3.46679687E-1	2.07883999E-9	2.07883999E-9	3.46679687E-1	0.00000000E+0	0.00000000E+0
3.44238281E-1	2.08617990E-9	2.08617990E-9	3.44238281E-1	0.00000000E+0	0.00000000E+0
3.41796875E-1	2.05100004E-9	2.05100004E-9	3.41796875E-1	0.00000000E+0	0.00000000E+0
3.39355469E-1	2.05758011E-9	2.05758011E-9	3.39355469E-1	0.00000000E+0	0.00000000E+0
3.36914062E-1	2.03100003E-9	2.03100003E-9	3.36914062E-1	0.00000000E+0	0.00000000E+0
3.34472656E-1	2.02873007E-9	2.02873007E-9	3.34472656E-1	0.00000000E+0	0.00000000E+0
3.32031250E-1	2.00823003E-9	2.00823003E-9	3.32031250E-1	0.00000000E+0	0.00000000E+0
3.29589844E-1	2.00973993E-9	2.00973993E-9	3.29589844E-1	0.00000000E+0	0.00000000E+0
3.27148437E-1	1.97760008E-9	1.97760008E-9	3.27148437E-1	0.00000000E+0	0.00000000E+0
3.24707031E-1	1.97178007E-9	1.97178007E-9	3.24707031E-1	0.00000000E+0	0.00000000E+0
3.22265625E-1	1.94597005E-9	1.94597005E-9	3.22265625E-1	0.00000000E+0	0.00000000E+0
3.19824219E-1	1.94216998E-9	1.94216998E-9	3.19824219E-1	0.00000000E+0	0.00000000E+0
3.17382812E-1	1.92319005E-9	1.92319005E-9	3.17382812E-1	0.00000000E+0	0.00000000E+0
3.14941406E-1	1.91862992E-9	1.91862992E-9	3.14941406E-1	0.00000000E+0	0.00000000E+0
3.12500000E-1	1.89053995E-9	1.89053995E-9	3.12500000E-1	0.00000000E+0	0.00000000E+0
3.10058594E-1	1.89181004E-9	1.89181004E-9	3.10058594E-1	0.00000000E+0	0.00000000E+0
3.07617187E-1	1.87332994E-9	1.87332994E-9	3.07617187E-1	0.00000000E+0	0.00000000E+0
3.05175781E-1	1.86321003E-9	1.86321003E-9	3.05175781E-1	0.00000000E+0	0.00000000E+0
3.02734375E-1	1.83986004E-9	1.83986004E-9	3.02734375E-1	0.00000000E+0	0.00000000E+0
3.00292969E-1	1.84195004E-9	1.84195004E-9	3.00292969E-1	0.00000000E+0	0.00000000E+0
2.97851562E-1	1.81663995E-9	1.81663995E-9	2.97851562E-1	0.00000000E+0	0.00000000E+0
2.95410156E-1	1.80740001E-9	1.80740001E-9	2.95410156E-1	0.00000000E+0	0.00000000E+0
2.92968750E-1	1.78931003E-9	1.78931003E-9	2.92968750E-1	0.00000000E+0	0.00000000E+0
2.90527344E-1	1.78727999E-9	1.78727999E-9	2.90527344E-1	0.00000000E+0	0.00000000E+0
2.88085937E-1	1.76805004E-9	1.76805004E-9	2.88085937E-1	0.00000000E+0	0.00000000E+0
2.85644531E-1	1.76501003E-9	1.76501003E-9	2.85644531E-1	0.00000000E+0	0.00000000E+0
2.83203125E-1	1.74602999E-9	1.74602999E-9	2.83203125E-1	0.00000000E+0	0.00000000E+0
2.80761719E-1	1.73831005E-9	1.73831005E-9	2.80761719E-1	0.00000000E+0	0.00000000E+0
2.78320312E-1	1.71565995E-9	1.71565995E-9	2.78320312E-1	0.00000000E+0	0.00000000E+0
2.75878906E-1	1.71085002E-9	1.71085002E-9	2.75878906E-1	0.00000000E+0	0.00000000E+0
2.73437500E-1	1.69161996E-9	1.69161996E-9	2.73437500E-1	0.00000000E+0	0.00000000E+0
2.70996094E-1	1.68972003E-9	1.68972003E-9	2.70996094E-1	0.00000000E+0	0.00000000E+0
2.68554687E-1	1.67415004E-9	1.67415004E-9	2.68554687E-1	0.00000000E+0	0.00000000E+0
2.66113281E-1	1.66428005E-9	1.66428005E-9	2.66113281E-1	0.00000000E+0	0.00000000E+0
2.63671875E-1	1.64429004E-9	1.64429004E-9	2.63671875E-1	0.00000000E+0	0.00000000E+0
2.61230469E-1	1.63904001E-9	1.63904001E-9	2.61230469E-1	0.00000000E+0	0.00000000E+0
2.58789062E-1	1.63087999E-9	1.63087999E-9	2.58789062E-1	0.00000000E+0	0.00000000E+0
2.56347656E-1	1.61683000E-9	1.61683000E-9	2.56347656E-1	0.00000000E+0	0.00000000E+0
2.53906250E-1	1.60784996E-9	1.60784996E-9	2.53906250E-1	0.00000000E+0	0.00000000E+0
2.51464844E-1	1.59570002E-9	1.59570002E-9	2.51464844E-1	0.00000000E+0	0.00000000E+0
2.49023437E-1	1.58456004E-9	1.58456004E-9	2.49023437E-1	0.00000000E+0	0.00000000E+0
2.46582031E-1	1.57240998E-9	1.57240998E-9	2.46582031E-1	0.00000000E+0	0.00000000E+0
2.44140625E-1	1.56583002E-9	1.56583002E-9	2.44140625E-1	0.00000000E+0	0.00000000E+0
2.41699219E-1	1.55040003E-9	1.55040003E-9	2.41699219E-1	0.00000000E+0	0.00000000E+0
2.39257812E-1	1.54736002E-9	1.54736002E-9	2.39257812E-1	0.00000000E+0	0.00000000E+0
2.36816406E-1	1.53179003E-9	1.53179003E-9	2.36816406E-1	0.00000000E+0	0.00000000E+0
2.34375000E-1	1.53066004E-9	1.53066004E-9	2.34375000E-1	0.00000000E+0	0.00000000E+0
2.31933594E-1	1.51566004E-9	1.51566004E-9	2.31933594E-1	0.00000000E+0	0.00000000E+0
2.29492187E-1	1.50964996E-9	1.50964996E-9	2.29492187E-1	0.00000000E+0	0.00000000E+0
2.27050781E-1	1.49042001E-9	1.49042001E-9	2.27050781E-1	0.00000000E+0	0.00000000E+0
2.24609375E-1	1.49497004E-9	1.49497004E-9	2.24609375E-1	0.00000000E+0	0.00000000E+0
2.22167969E-1	1.47751000E-9	1.47751000E-9	2.22167969E-1	0.00000000E+0	0.00000000E+0
2.19726562E-1	1.47421997E-9	1.47421997E-9	2.19726562E-1	0.00000000E+0	0.00000000E+0
2.17285156E-1	1.45207002E-9	1.45207002E-9	2.17285156E-1	0.00000000E+0	0.00000000E+0
2.14843750E-1	1.45321000E-9	1.45321000E-9	2.14843750E-1	0.00000000E+0	0.00000000E+0
2.12402344E-1	1.43473999E-9	1.43473999E-9	2.12402344E-1	0.00000000E+0	0.00000000E+0
2.09960937E-1	1.43372003E-9	1.43372003E-9	2.09960937E-1	0.00000000E+0	0.00000000E+0
2.07519531E-1	1.41942003E-9	1.41942003E-9	2.07519531E-1	0.00000000E+0	0.00000000E+0
2.05078125E-1	1.42739998E-9	1.42739998E-9	2.05078125E-1	0.00000000E+0	0.00000000E+0
2.02636719E-1	1.40309997E-9	1.40309997E-9	2.02636719E-1	0.00000000E+0	0.00000000E+0
2.00195312E-1	1.40157996E-9	1.40157996E-9	2.00195312E-1	0.00000000E+0	0.00000000E+0
1.97753906E-1	1.39247003E-9	1.39247003E-9	1.97753906E-1	0.00000000E+0	0.00000000E+0
1.95312500E-1	1.39513001E-9	1.39513001E-9	1.95312500E-1	0.00000000E+0	0.00000000E+0
1.92871094E-1	1.37577005E-9	1.37577005E-9	1.92871094E-1	0.00000000E+0	0.00000000E+0
1.90429687E-1	1.37653000E-9	1.37653000E-9	1.90429687E-1	0.00000000E+0	0.00000000E+0
1.87988281E-1	1.36488998E-9	1.36488998E-9	1.87988281E-1	0.00000000E+0	0.00000000E+0
1.85546875E-1	1.36589995E-9	1.36589995E-9	1.85546875E-1	0.00000000E+0	0.00000000E+0
1.83105469E-1	1.34292999E-9	1.34292999E-9	1.83105469E-1	0.00000000E+0	0.00000000E+0
1.80664062E-1	1.34236000E-9	1.34236000E-9	1.80664062E-1	0.00000000E+0	0.00000000E+0
1.78222656E-1	1.32743005E-9	1.32743005E-9	1.78222656E-1	0.00000000E+0	0.00000000E+0
1.75781250E-1	1.33439004E-9	1.33439004E-9	1.75781250E-1	0.00000000E+0	0.00000000E+0
1.73339844E-1	1.31427003E-9	1.31427003E-9	1.73339844E-1	0.00000000E+0	0.00000000E+0
1.70898437E-1	1.30504996E-9	1.30504996E-9	1.70898437E-1	0.00000000E+0	0.00000000E+0
1.68457031E-1	1.29378996E-9	1.29378996E-9	1.68457031E-1	0.00000000E+0	0.00000000E+0
1.66015625E-1	1.28730004E-9	1.28730004E-9	1.66015625E-1	0.00000000E+0	0.00000000E+0
1.63574219E-1	1.27647004E-9	1.27647004E-9	1.63574219E-1	0.00000000E+0	0.00000000E+0
1.61132812E-1	1.27140998E-9	1.27140998E-9	1.61132812E-1	0.00000000E+0	0.00000000E+0
1.58691406E-1	1.25940003E-9	1.25940003E-9	1.58691406E-1	0.00000000E+0	0.00000000E+0
1.56250000E-1	1.24958999E-9	1.24958999E-9	1.56250000E-1	0.00000000E+0	0.00000000E+0
1.53808594E-1	1.22874999E-9	1.22874999E-9	1.53808594E-1	0.00000000E+0	0.00000000E+0
1.51367187E-1	1.22091004E-9	1.22091004E-9	1.51367187E-1	0.00000000E+0	0.00000000E+0
1.48925781E-1	1.21666999E-9	1.21666999E-9	1.48925781E-1	0.00000000E+0	0.00000000E+0
1.46484375E-1	1.20996002E-9	1.20996002E-9	1.46484375E-1	0.00000000E+0	0.00000000E+0
1.44042969E-1	1.20240995E-9	1.20240995E-9	1.44042969E-1	0.00000000E+0	0.00000000E+0
1.41601562E-1	1.19907995E-9	1.19907995E-9	1.41601562E-1	0.00000000E+0	0.00000000E+0
1.39160156E-1	1.19421995E-9	1.19421995E-9	1.39160156E-1	0.00000000E+0	0.00000000E+0
1.36718750E-1	1.17825005E-9	1.17825005E-9	1.36718750E-1	0.00000000E+0	0.00000000E+0
1.34277344E-1	1.18135002E-9	1.18135002E-9	1.34277344E-1	0.00000000E+0	0.00000000E+0
1.31835937E-1	1.17222998E-9	1.17222998E-9	1.31835937E-1	0.00000000E+0	0.00000000E+0
1.29394531E-1	1.17965004E-9	1.17965004E-9	1.29394531E-1	0.00000000E+0	0.00000000E+0
1.26953125E-1	1.17337995E-9	1.17337995E-9	1.26953125E-1	0.00000000E+0	0.00000000E+0
1.24511719E-1	1.17337995E-9	1.17337995E-9	1.24511719E-1	0.00000000E+0	0.00000000E+0
1.22070312E-1	1.15733001E-9	1.15733001E-9	1.22070312E-1	0.00000000E+0	0.00000000E+0
1.19628906E-1	1.17007004E-9	1.17007004E-9	1.19628906E-1	0.00000000E+0	0.00000000E+0
1.17187500E-1	1.15526000E-9	1.15526000E-9	1.17187500E-1	0.00000000E+0	0.00000000E+0
1.14746094E-1	1.14698995E-9	1.14698995E-9	1.14746094E-1	0.00000000E+0	0.00000000E+0
1.12304687E-1	1.13423004E-9	1.13423004E-9	1.12304687E-1	0.00000000E+0	0.00000000E+0
1.09863281E-1	1.14994003E-9	1.14994003E-9	1.09863281E-1	0.00000000E+0	0.00000000E+0
1.07421875E-1	1.14026999E-9	1.14026999E-9	1.07421875E-1	0.00000000E+0	0.00000000E+0
1.04980469E-1	1.14698995E-9	1.14698995E-9	1.04980469E-1	0.00000000E+0	0.00000000E+0
1.02539062E-1	1.13545995E-9	1.13545995E-9	1.02539062E-1	0.00000000E+0	0.00000000E+0
1.00097656E-1	1.15733001E-9	1.15733001E-9	1.00097656E-1	0.00000000E+0	0.00000000E+0
9.76562500E-2	1.13161003E-9	1.13161003E-9	9.76562500E-2	0.00000000E+0	0.00000000E+0
9.52148438E-2	1.14576004E-9	1.14576004E-9	9.52148438E-2	0.00000000E+0	0.00000000E+0
9.27734375E-2	1.13361998E-9	1.13361998E-9	9.27734375E-2	0.00000000E+0	0.00000000E+0
9.03320313E-2	1.14645005E-9	1.14645005E-9	9.03320313E-2	0.00000000E+0	0.00000000E+0
8.78906250E-2	1.12173004E-9	1.12173004E-9	8.78906250E-2	0.00000000E+0	0.00000000E+0
8.54492188E-2	1.12346998E-9	1.12346998E-9	8.54492188E-2	0.00000000E+0	0.00000000E+0
8.30078125E-2	1.06785003E-9	1.06785003E-9	8.30078125E-2	0.00000000E+0	0.00000000E+0
8.05664063E-2	1.03568998E-9	1.03568998E-9	8.05664063E-2	0.00000000E+0	0.00000000E+0
7.81250000E-2	9.01455022E-10	9.01455022E-10	7.81250000E-2	0.00000000E+0	0.00000000E+0
7.56835938E-2	6.76379008E-10	6.76379008E-10	7.56835938E-2	0.00000000E+0	0.00000000E+0
7.32421875E-2	2.79621992E-10	2.79621992E-10	7.32421875E-2	0.00000000E+0	0.00000000E+0
7.08007813E-2	1.88572005E-10	1.88572005E-10	7.08007813E-2	0.00000000E+0	0.00000000E+0
6.83593750E-2	1.59345995E-10	1.59345995E-10	6.83593750E-2	0.00000000E+0	0.00000000E+0
6.59179688E-2	1.47241996E-10	1.47241996E-10	6.59179688E-2	0.00000000E+0	0.00000000E+0
6.34765625E-2	1.31843994E-10	1.31843994E-10	6.34765625E-2	0.00000000E+0	0.00000000E+0
6.10351563E-2	1.22268001E-10	1.22268001E-10	6.10351563E-2	0.00000000E+0	0.00000000E+0
5.85937500E-2	1.07443998E-10	1.07443998E-10	5.85937500E-2	0.00000000E+0	0.00000000E+0
5.61523438E-2	1.03727998E-10	1.03727998E-10	5.61523438E-2	0.00000000E+0	0.00000000E+0
5.37109375E-2	9.39862008E-11	9.39862008E-11	5.37109375E-2	0.00000000E+0	0.00000000E+0
5.12695313E-2	8.82533005E-11	8.82533005E-11	5.12695313E-2	0.00000000E+0	0.00000000E+0
4.88281250E-2	7.79111012E-11	7.79111012E-11	4.88281250E-2	0.00000000E+0	0.00000000E+0
4.63867188E-2	7.35060970E-11	7.35060970E-11	4.63867188E-2	0.00000000E+0	0.00000000E+0
4.39453125E-2	6.46002973E-11	6.46002973E-11	4.39453125E-2	0.00000000E+0	0.00000000E+0
4.15039063E-2	5.91035970E-11	5.91035970E-11	4.15039063E-2	0.00000000E+0	0.00000000E+0
3.90625000E-2	5.11363001E-11	5.11363001E-11	3.90625000E-2	0.00000000E+0	0.00000000E+0
3.66210938E-2	5.08681985E-11	5.08681985E-11	3.66210938E-2	0.00000000E+0	0.00000000E+0
3.41796875E-2	4.19815988E-11	4.19815988E-11	3.41796875E-2	0.00000000E+0	0.00000000E+0
3.17382813E-2	3.55208987E-11	3.55208987E-11	3.17382813E-2	0.00000000E+0	0.00000000E+0
2.92968750E-2	2.86900000E-11	2.86900000E-11	2.92968750E-2	0.00000000E+0	0.00000000E+0
2.68554688E-2	2.43423996E-11	2.43423996E-11	2.68554688E-2	0.00000000E+0	0.00000000E+0
2.44140625E-2	1.81562994E-11	1.81562994E-11	2.44140625E-2	0.00000000E+0	0.00000000E+0
2.19726563E-2	1.31001000E-11	1.31001000E-11	2.19726563E-2	0.00000000E+0	0.00000000E+0
1.95312500E-2	7.85240015E-12	7.85240015E-12	1.95312500E-2	0.00000000E+0	0.00000000E+0
1.70898438E-2	3.44738994E-12	3.44738994E-12	1.70898438E-2	0.00000000E+0	0.00000000E+0
1.46484375E-2	7.91623982E-13	7.91623982E-13	1.46484375E-2	0.00000000E+0	0.00000000E+0
1.22070313E-2	-7.22037014E-12	-7.22037014E-12	1.22070313E-2	0.00000000E+0	0.00000000E+0
9.76562500E-3	-1.05172997E-11	-1.05172997E-11	9.76562500E-3	0.00000000E+0	0.00000000E+0
7.32421875E-3	-1.06996998E-11	-1.06996998E-11	7.32421875E-3	0.00000000E+0	0.00000000E+0
4.88281250E-3	-1.22190999E-11	-1.22190999E-11	4.88281250E-3	0.00000000E+0	0.00000000E+0
2.44140625E-3	-1.67466995E-11	-1.67466995E-11	2.44140625E-3	0.00000000E+0	0.00000000E+0
0.00000000E+0	-1.70289997E-11	-1.70289997E-11	0.00000000E+0	0.00000000E+0	0.00000000E+0
-2.44140625E-3	-1.20913999E-11	-1.20913999E-11	-2.44140625E-3	0.00000000E+0	0.00000000E+0
-4.88281250E-3	-1.75214999E-11	-1.75214999E-11	-4.88281250E-3	0.00000000E+0	0.00000000E+0
-7.32421875E-3	-2.41010996E-11	-2.41010996E-11	-7.32421875E-3	0.00000000E+0	0.00000000E+0
-9.76562500E-3	-2.68321997E-11	-2.68321997E-11	-9.76562500E-3	0.00000000E+0	0.00000000E+0
-1.22070313E-2	-3.05668997E-11	-3.05668997E-11	-1.22070313E-2	0.00000000E+0	0.00000000E+0
-1.46484375E-2	-3.39759991E-11	-3.39759991E-11	-1.46484375E-2	0.00000000E+0	0.00000000E+0
-1.70898438E-2	-4.37129014E-11	-4.37129014E-11	-1.70898438E-2	0.00000000E+0	0.00000000E+0
-1.95312500E-2	-4.79023002E-11	-4.79023002E-11	-1.95312500E-2	0.00000000E+0	0.00000000E+0
-2.19726563E-2	-5.42389987E-11	-5.42389987E-11	-2.19726563E-2	0.00000000E+0	0.00000000E+0
-2.44140625E-2	-5.86056967E-11	-5.86056967E-11	-2.44140625E-2	0.00000000E+0	0.00000000E+0
-2.68554688E-2	-6.79978990E-11	-6.79978990E-11	-2.68554688E-2	0.00000000E+0	0.00000000E+0
-2.92968750E-2	-7.08055975E-11	-7.08055975E-11	-2.92968750E-2	0.00000000E+0	0.00000000E+0
-3.17382813E-2	-8.08478007E-11	-8.08478007E-11	-3.17382813E-2	0.00000000E+0	0.00000000E+0
-3.41796875E-2	-8.54186999E-11	-8.54186999E-11	-3.41796875E-2	0.00000000E+0	0.00000000E+0
-3.66210938E-2	-9.62014010E-11	-9.62014010E-11	-3.66210938E-2	0.00000000E+0	0.00000000E+0
-3.90625000E-2	-1.02719999E-10	-1.02719999E-10	-3.90625000E-2	0.00000000E+0	0.00000000E+0
-4.15039063E-2	-1.09576001E-10	-1.09576001E-10	-4.15039063E-2	0.00000000E+0	0.00000000E+0
-4.39453125E-2	-1.16384000E-10	-1.16384000E-10	-4.39453125E-2	0.00000000E+0	0.00000000E+0
-4.63867188E-2	-1.27094002E-10	-1.27094002E-10	-4.63867188E-2	0.00000000E+0	0.00000000E+0
-4.88281250E-2	-1.32762995E-10	-1.32762995E-10	-4.88281250E-2	0.00000000E+0	0.00000000E+0
-5.12695313E-2	-1.45618004E-10	-1.45618004E-10	-5.12695313E-2	0.00000000E+0	0.00000000E+0
-5.37109375E-2	-1.49897997E-10	-1.49897997E-10	-5.37109375E-2	0.00000000E+0	0.00000000E+0
-5.61523438E-2	-1.65538999E-10	-1.65538999E-10	-5.61523438E-2	0.00000000E+0	0.00000000E+0
-5.85937500E-2	-1.71204995E-10	-1.71204995E-10	-5.85937500E-2	0.00000000E+0	0.00000000E+0
-6.10351563E-2	-1.86159005E-10	-1.86159005E-10	-6.10351563E-2	0.00000000E+0	0.00000000E+0
-6.34765625E-2	-1.92288005E-10	-1.92288005E-10	-6.34765625E-2	0.00000000E+0	0.00000000E+0
-6.59179688E-2	-2.13681003E-10	-2.13681003E-10	-6.59179688E-2	0.00000000E+0	0.00000000E+0
-6.83593750E-2	-2.22164995E-10	-2.22164995E-10	-6.83593750E-2	0.00000000E+0	0.00000000E+0
-7.08007813E-2	-2.46584003E-10	-2.46584003E-10	-7.08007813E-2	0.00000000E+0	0.00000000E+0
-7.32421875E-2	-2.63036010E-10	-2.63036010E-10	-7.32421875E-2	0.00000000E+0	0.00000000E+0
-7.56835938E-2	-2.93258001E-10	-2.93258001E-10	-7.56835938E-2	0.00000000E+0	0.00000000E+0
-7.81250000E-2	-3.10648007E-10	-3.10648007E-10	-7.81250000E-2	0.00000000E+0	0.00000000E+0
-8.05664063E-2	-3.51020990E-10	-3.51020990E-10	-8.05664063E-2	0.00000000E+0	0.00000000E+0
-8.30078125E-2	-4.30311009E-10	-4.30311009E-10	-8.30078125E-2	0.00000000E+0	0.00000000E+0
-8.54492188E-2	-1.32540001E-9	-1.32540001E-9	-8.54492188E-2	0.00000000E+0	0.00000000E+0
-8.78906250E-2	-1.24239996E-9	-1.24239996E-9	-8.78906250E-2	0.00000000E+0	0.00000000E+0
-9.03320313E-2	-1.20665999E-9	-1.20665999E-9	-9.03320313E-2	0.00000000E+0	0.00000000E+0
-9.27734375E-2	-1.17789001E-9	-1.17789001E-9	-9.27734375E-2	0.00000000E+0	0.00000000E+0
-9.52148438E-2	-1.17200005E-9	-1.17200005E-9	-9.52148438E-2	0.00000000E+0	0.00000000E+0
-9.76562500E-2	-1.14691001E-9	-1.14691001E-9	-9.76562500E-2	0.00000000E+0	0.00000000E+0
-1.00097656E-1	-1.15105003E-9	-1.15105003E-9	-1.00097656E-1	0.00000000E+0	0.00000000E+0
-1.02539062E-1	-1.14487997E-9	-1.14487997E-9	-1.02539062E-1	0.00000000E+0	0.00000000E+0
-1.04980469E-1	-1.14630005E-9	-1.14630005E-9	-1.04980469E-1	0.00000000E+0	0.00000000E+0
-1.07421875E-1	-1.13748999E-9	-1.13748999E-9	-1.07421875E-1	0.00000000E+0	0.00000000E+0
-1.09863281E-1	-1.14913001E-9	-1.14913001E-9	-1.09863281E-1	0.00000000E+0	0.00000000E+0
-1.12304687E-1	-1.14630005E-9	-1.14630005E-9	-1.12304687E-1	0.00000000E+0	0.00000000E+0
-1.14746094E-1	-1.15526000E-9	-1.15526000E-9	-1.14746094E-1	0.00000000E+0	0.00000000E+0
-1.17187500E-1	-1.15526000E-9	-1.15526000E-9	-1.17187500E-1	0.00000000E+0	0.00000000E+0
-1.19628906E-1	-1.16586996E-9	-1.16586996E-9	-1.19628906E-1	0.00000000E+0	0.00000000E+0
-1.22070312E-1	-1.16709997E-9	-1.16709997E-9	-1.22070312E-1	0.00000000E+0	0.00000000E+0
-1.24511719E-1	-1.18498000E-9	-1.18498000E-9	-1.24511719E-1	0.00000000E+0	0.00000000E+0
-1.26953125E-1	-1.18636001E-9	-1.18636001E-9	-1.26953125E-1	0.00000000E+0	0.00000000E+0
-1.29394531E-1	-1.19952004E-9	-1.19952004E-9	-1.29394531E-1	0.00000000E+0	0.00000000E+0
-1.31835937E-1	-1.19845001E-9	-1.19845001E-9	-1.31835937E-1	0.00000000E+0	0.00000000E+0
-1.34277344E-1	-1.21985000E-9	-1.21985000E-9	-1.34277344E-1	0.00000000E+0	0.00000000E+0
-1.36718750E-1	-1.21499000E-9	-1.21499000E-9	-1.36718750E-1	0.00000000E+0	0.00000000E+0
-1.39160156E-1	-1.24026001E-9	-1.24026001E-9	-1.39160156E-1	0.00000000E+0	0.00000000E+0
-1.41601562E-1	-1.23580002E-9	-1.23580002E-9	-1.41601562E-1	0.00000000E+0	0.00000000E+0
-1.44042969E-1	-1.26503996E-9	-1.26503996E-9	-1.44042969E-1	0.00000000E+0	0.00000000E+0
-1.46484375E-1	-1.26710997E-9	-1.26710997E-9	-1.46484375E-1	0.00000000E+0	0.00000000E+0
-1.48925781E-1	-1.29068001E-9	-1.29068001E-9	-1.48925781E-1	0.00000000E+0	0.00000000E+0
-1.51367187E-1	-1.28805000E-9	-1.28805000E-9	-1.51367187E-1	0.00000000E+0	0.00000000E+0
-1.53808594E-1	-1.31522004E-9	-1.31522004E-9	-1.53808594E-1	0.00000000E+0	0.00000000E+0
-1.56250000E-1	-1.31121003E-9	-1.31121003E-9	-1.56250000E-1	0.00000000E+0	0.00000000E+0
-1.58691406E-1	-1.33931999E-9	-1.33931999E-9	-1.58691406E-1	0.00000000E+0	0.00000000E+0
-1.61132812E-1	-1.33831002E-9	-1.33831002E-9	-1.61132812E-1	0.00000000E+0	0.00000000E+0
-1.63574219E-1	-1.36361999E-9	-1.36361999E-9	-1.63574219E-1	0.00000000E+0	0.00000000E+0
-1.66015625E-1	-1.36514000E-9	-1.36514000E-9	-1.66015625E-1	0.00000000E+0	0.00000000E+0
-1.68457031E-1	-1.39399003E-9	-1.39399003E-9	-1.68457031E-1	0.00000000E+0	0.00000000E+0
-1.70898437E-1	-1.39018996E-9	-1.39018996E-9	-1.70898437E-1	0.00000000E+0	0.00000000E+0
-1.73339844E-1	-1.42056000E-9	-1.42056000E-9	-1.73339844E-1	0.00000000E+0	0.00000000E+0
-1.75781250E-1	-1.41980006E-9	-1.41980006E-9	-1.75781250E-1	0.00000000E+0	0.00000000E+0
-1.78222656E-1	-1.44182000E-9	-1.44182000E-9	-1.78222656E-1	0.00000000E+0	0.00000000E+0
-1.80664062E-1	-1.45016998E-9	-1.45016998E-9	-1.80664062E-1	0.00000000E+0	0.00000000E+0
-1.83105469E-1	-1.47371004E-9	-1.47371004E-9	-1.83105469E-1	0.00000000E+0	0.00000000E+0
-1.85546875E-1	-1.47523005E-9	-1.47523005E-9	-1.85546875E-1	0.00000000E+0	0.00000000E+0
-1.87988281E-1	-1.49649004E-9	-1.49649004E-9	-1.87988281E-1	0.00000000E+0	0.00000000E+0
-1.90429687E-1	-1.50762003E-9	-1.50762003E-9	-1.90429687E-1	0.00000000E+0	0.00000000E+0
-1.92871094E-1	-1.52381996E-9	-1.52381996E-9	-1.92871094E-1	0.00000000E+0	0.00000000E+0
-1.95312500E-1	-1.53141000E-9	-1.53141000E-9	-1.95312500E-1	0.00000000E+0	0.00000000E+0
-1.97753906E-1	-1.55646995E-9	-1.55646995E-9	-1.97753906E-1	0.00000000E+0	0.00000000E+0
-2.00195312E-1	-1.55875002E-9	-1.55875002E-9	-2.00195312E-1	0.00000000E+0	0.00000000E+0
-2.02636719E-1	-1.58456004E-9	-1.58456004E-9	-2.02636719E-1	0.00000000E+0	0.00000000E+0
-2.05078125E-1	-1.58969005E-9	-1.58969005E-9	-2.05078125E-1	0.00000000E+0	0.00000000E+0
-2.07519531E-1	-1.61000002E-9	-1.61000002E-9	-2.07519531E-1	0.00000000E+0	0.00000000E+0
-2.09960937E-1	-1.61644997E-9	-1.61644997E-9	-2.09960937E-1	0.00000000E+0	0.00000000E+0
-2.12402344E-1	-1.63822000E-9	-1.63822000E-9	-2.12402344E-1	0.00000000E+0	0.00000000E+0
-2.14843750E-1	-1.64511005E-9	-1.64511005E-9	-2.14843750E-1	0.00000000E+0	0.00000000E+0
-2.17285156E-1	-1.66555003E-9	-1.66555003E-9	-2.17285156E-1	0.00000000E+0	0.00000000E+0
-2.19726562E-1	-1.67390002E-9	-1.67390002E-9	-2.19726562E-1	0.00000000E+0	0.00000000E+0
-2.22167969E-1	-1.69263004E-9	-1.69263004E-9	-2.22167969E-1	0.00000000E+0	0.00000000E+0
-2.24609375E-1	-1.70426995E-9	-1.70426995E-9	-2.24609375E-1	0.00000000E+0	0.00000000E+0
-2.27050781E-1	-1.72376002E-9	-1.72376002E-9	-2.27050781E-1	0.00000000E+0	0.00000000E+0
-2.29492187E-1	-1.73008996E-9	-1.73008996E-9	-2.29492187E-1	0.00000000E+0	0.00000000E+0
-2.31933594E-1	-1.75362003E-9	-1.75362003E-9	-2.31933594E-1	0.00000000E+0	0.00000000E+0
-2.34375000E-1	-1.76375003E-9	-1.76375003E-9	-2.34375000E-1	0.00000000E+0	0.00000000E+0
-2.36816406E-1	-1.78323001E-9	-1.78323001E-9	-2.36816406E-1	0.00000000E+0	0.00000000E+0
-2.39257812E-1	-1.79184001E-9	-1.79184001E-9	-2.39257812E-1	0.00000000E+0	0.00000000E+0
-2.41699219E-1	-1.81360005E-9	-1.81360005E-9	-2.41699219E-1	0.00000000E+0	0.00000000E+0
-2.44140625E-1	-1.82626003E-9	-1.82626003E-9	-2.44140625E-1	0.00000000E+0	0.00000000E+0
-2.46582031E-1	-1.84801996E-9	-1.84801996E-9	-2.46582031E-1	0.00000000E+0	0.00000000E+0
-2.49023437E-1	-1.85788995E-9	-1.85788995E-9	-2.49023437E-1	0.00000000E+0	0.00000000E+0
-2.51464844E-1	-1.87585991E-9	-1.87585991E-9	-2.51464844E-1	0.00000000E+0	0.00000000E+0
-2.53906250E-1	-1.88496996E-9	-1.88496996E-9	-2.53906250E-1	0.00000000E+0	0.00000000E+0
-2.56347656E-1	-1.91141991E-9	-1.91141991E-9	-2.56347656E-1	0.00000000E+0	0.00000000E+0
-2.58789062E-1	-1.91762006E-9	-1.91762006E-9	-2.58789062E-1	0.00000000E+0	0.00000000E+0
-2.61230469E-1	-1.94697991E-9	-1.94697991E-9	-2.61230469E-1	0.00000000E+0	0.00000000E+0
-2.63671875E-1	-1.95254990E-9	-1.95254990E-9	-2.63671875E-1	0.00000000E+0	0.00000000E+0
-2.66113281E-1	-1.97760008E-9	-1.97760008E-9	-2.66113281E-1	0.00000000E+0	0.00000000E+0
-2.68554687E-1	-1.98417993E-9	-1.98417993E-9	-2.68554687E-1	0.00000000E+0	0.00000000E+0
-2.70996094E-1	-2.00556993E-9	-2.00556993E-9	-2.70996094E-1	0.00000000E+0	0.00000000E+0
-2.73437500E-1	-2.01530992E-9	-2.01530992E-9	-2.73437500E-1	0.00000000E+0	0.00000000E+0
-2.75878906E-1	-2.03594008E-9	-2.03594008E-9	-2.75878906E-1	0.00000000E+0	0.00000000E+0
-2.78320312E-1	-2.04492001E-9	-2.04492001E-9	-2.78320312E-1	0.00000000E+0	0.00000000E+0
-2.80761719E-1	-2.06517003E-9	-2.06517003E-9	-2.80761719E-1	0.00000000E+0	0.00000000E+0
-2.83203125E-1	-2.07883999E-9	-2.07883999E-9	-2.83203125E-1	0.00000000E+0	0.00000000E+0
-2.85644531E-1	-2.10085993E-9	-2.10085993E-9	-2.85644531E-1	0.00000000E+0	0.00000000E+0
-2.88085937E-1	-2.11123008E-9	-2.11123008E-9	-2.88085937E-1	0.00000000E+0	0.00000000E+0
-2.90527344E-1	-2.13426010E-9	-2.13426010E-9	-2.90527344E-1	0.00000000E+0	0.00000000E+0
-2.92968750E-1	-2.14033991E-9	-2.14033991E-9	-2.92968750E-1	0.00000000E+0	0.00000000E+0
-2.95410156E-1	-2.16539009E-9	-2.16539009E-9	-2.95410156E-1	0.00000000E+0	0.00000000E+0
-2.97851562E-1	-2.17855001E-9	-2.17855001E-9	-2.97851562E-1	0.00000000E+0	0.00000000E+0
-3.00292969E-1	-2.20234009E-9	-2.20234009E-9	-3.00292969E-1	0.00000000E+0	0.00000000E+0
-3.02734375E-1	-2.20601004E-9	-2.20601004E-9	-3.02734375E-1	0.00000000E+0	0.00000000E+0
-3.05175781E-1	-2.23447993E-9	-2.23447993E-9	-3.05175781E-1	0.00000000E+0	0.00000000E+0
-3.07617187E-1	-2.23751995E-9	-2.23751995E-9	-3.07617187E-1	0.00000000E+0	0.00000000E+0
-3.10058594E-1	-2.25460006E-9	-2.25460006E-9	-3.10058594E-1	0.00000000E+0	0.00000000E+0
-3.12500000E-1	-2.26940999E-9	-2.26940999E-9	-3.12500000E-1	0.00000000E+0	0.00000000E+0
-3.14941406E-1	-2.29522001E-9	-2.29522001E-9	-3.14941406E-1	0.00000000E+0	0.00000000E+0
-3.17382812E-1	-2.30281993E-9	-2.30281993E-9	-3.17382812E-1	0.00000000E+0	0.00000000E+0
-3.19824219E-1	-2.31762010E-9	-2.31762010E-9	-3.19824219E-1	0.00000000E+0	0.00000000E+0
-3.22265625E-1	-2.33319009E-9	-2.33319009E-9	-3.22265625E-1	0.00000000E+0	0.00000000E+0
-3.24707031E-1	-2.35103004E-9	-2.35103004E-9	-3.24707031E-1	0.00000000E+0	0.00000000E+0
-3.27148437E-1	-2.35900011E-9	-2.35900011E-9	-3.27148437E-1	0.00000000E+0	0.00000000E+0
-3.29589844E-1	-2.38178011E-9	-2.38178011E-9	-3.29589844E-1	0.00000000E+0	0.00000000E+0
-3.32031250E-1	-2.38747000E-9	-2.38747000E-9	-3.32031250E-1	0.00000000E+0	0.00000000E+0
-3.34472656E-1	-2.40531994E-9	-2.40531994E-9	-3.34472656E-1	0.00000000E+0	0.00000000E+0
-3.36914062E-1	-2.41519005E-9	-2.41519005E-9	-3.36914062E-1	0.00000000E+0	0.00000000E+0
-3.39355469E-1	-2.42783993E-9	-2.42783993E-9	-3.39355469E-1	0.00000000E+0	0.00000000E+0
-3.41796875E-1	-2.44100007E-9	-2.44100007E-9	-3.41796875E-1	0.00000000E+0	0.00000000E+0
-3.44238281E-1	-2.45618992E-9	-2.45618992E-9	-3.44238281E-1	0.00000000E+0	0.00000000E+0
-3.46679687E-1	-2.46606002E-9	-2.46606002E-9	-3.46679687E-1	0.00000000E+0	0.00000000E+0
-3.49121094E-1	-2.48352006E-9	-2.48352006E-9	-3.49121094E-1	0.00000000E+0	0.00000000E+0
-3.51562500E-1	-2.48832999E-9	-2.48832999E-9	-3.51562500E-1	0.00000000E+0	0.00000000E+0
-3.54003906E-1	-2.50933008E-9	-2.50933008E-9	-3.54003906E-1	0.00000000E+0	0.00000000E+0
-3.56445312E-1	-2.51693000E-9	-2.51693000E-9	-3.56445312E-1	0.00000000E+0	0.00000000E+0
-3.58886719E-1	-2.53058996E-9	-2.53058996E-9	-3.58886719E-1	0.00000000E+0	0.00000000E+0
-3.61328125E-1	-2.53819010E-9	-2.53819010E-9	-3.61328125E-1	0.00000000E+0	0.00000000E+0
-3.63769531E-1	-2.55032995E-9	-2.55032995E-9	-3.63769531E-1	0.00000000E+0	0.00000000E+0
-3.66210937E-1	-2.56399990E-9	-2.56399990E-9	-3.66210937E-1	0.00000000E+0	0.00000000E+0
-3.68652344E-1	-2.56931010E-9	-2.56931010E-9	-3.68652344E-1	0.00000000E+0	0.00000000E+0
-3.71093750E-1	-2.58677990E-9	-2.58677990E-9	-3.71093750E-1	0.00000000E+0	0.00000000E+0
-3.73535156E-1	-2.59360999E-9	-2.59360999E-9	-3.73535156E-1	0.00000000E+0	0.00000000E+0
-3.75976562E-1	-2.63536992E-9	-2.63536992E-9	-3.75976562E-1	0.00000000E+0	0.00000000E+0
-3.78417969E-1	-2.64638000E-9	-2.64638000E-9	-3.78417969E-1	0.00000000E+0	0.00000000E+0
-3.80859375E-1	-2.66270006E-9	-2.66270006E-9	-3.80859375E-1	0.00000000E+0	0.00000000E+0
-3.83300781E-1	-2.66878009E-9	-2.66878009E-9	-3.83300781E-1	0.00000000E+0	0.00000000E+0
-3.85742187E-1	-2.68270006E-9	-2.68270006E-9	-3.85742187E-1	0.00000000E+0	0.00000000E+0
-3.88183594E-1	-2.69155009E-9	-2.69155009E-9	-3.88183594E-1	0.00000000E+0	0.00000000E+0
-3.90625000E-1	-2.70636002E-9	-2.70636002E-9	-3.90625000E-1	0.00000000E+0	0.00000000E+0
-3.93066406E-1	-2.71280998E-9	-2.71280998E-9	-3.93066406E-1	0.00000000E+0	0.00000000E+0
-3.95507812E-1	-2.73254996E-9	-2.73254996E-9	-3.95507812E-1	0.00000000E+0	0.00000000E+0
-3.97949219E-1	-2.74317991E-9	-2.74317991E-9	-3.97949219E-1	0.00000000E+0	0.00000000E+0
-4.00390625E-1	-2.76178991E-9	-2.76178991E-9	-4.00390625E-1	0.00000000E+0	0.00000000E+0
-4.02832031E-1	-2.75989009E-9	-2.75989009E-9	-4.02832031E-1	0.00000000E+0	0.00000000E+0
-4.05273437E-1	-2.78670997E-9	-2.78670997E-9	-4.05273437E-1	0.00000000E+0	0.00000000E+0
-4.07714844E-1	-2.79216006E-9	-2.79216006E-9	-4.07714844E-1	0.00000000E+0	0.00000000E+0
-4.10156250E-1	-2.77924994E-9	-2.77924994E-9	-4.10156250E-1	0.00000000E+0	0.00000000E+0
-4.12597656E-1	-2.81607004E-9	-2.81607004E-9	-4.12597656E-1	0.00000000E+0	0.00000000E+0
-4.15039062E-1	-2.83278001E-9	-2.83278001E-9	-4.15039062E-1	0.00000000E+0	0.00000000E+0
-4.17480469E-1	-2.83581003E-9	-2.83581003E-9	-4.17480469E-1	0.00000000E+0	0.00000000E+0
-4.19921875E-1	-2.85252000E-9	-2.85252000E-9	-4.19921875E-1	0.00000000E+0	0.00000000E+0
-4.22363281E-1	-2.85402990E-9	-2.85402990E-9	-4.22363281E-1	0.00000000E+0	0.00000000E+0
-4.24804687E-1	-2.87642998E-9	-2.87642998E-9	-4.24804687E-1	0.00000000E+0	0.00000000E+0
-4.27246094E-1	-2.87452995E-9	-2.87452995E-9	-4.27246094E-1	0.00000000E+0	0.00000000E+0
-4.29687500E-1	-2.88327007E-9	-2.88327007E-9	-4.29687500E-1	0.00000000E+0	0.00000000E+0
-4.32128906E-1	-2.89655011E-9	-2.89655011E-9	-4.32128906E-1	0.00000000E+0	0.00000000E+0
-4.34570312E-1	-3.01196001E-9	-3.01196001E-9	-4.34570312E-1	0.00000000E+0	0.00000000E+0
-4.37011719E-1	-2.91477997E-9	-2.91477997E-9	-4.37011719E-1	0.00000000E+0	0.00000000E+0
-4.39453125E-1	-2.92996005E-9	-2.92996005E-9	-4.39453125E-1	0.00000000E+0	0.00000000E+0
-4.41894531E-1	-2.94210989E-9	-2.94210989E-9	-4.41894531E-1	0.00000000E+0	0.00000000E+0
-4.44335937E-1	-2.95728997E-9	-2.95728997E-9	-4.44335937E-1	0.00000000E+0	0.00000000E+0
-4.46777344E-1	-2.96488989E-9	-2.96488989E-9	-4.46777344E-1	0.00000000E+0	0.00000000E+0
-4.49218750E-1	-2.98463010E-9	-2.98463010E-9	-4.49218750E-1	0.00000000E+0	0.00000000E+0
-4.51660156E-1	-2.98463010E-9	-2.98463010E-9	-4.51660156E-1	0.00000000E+0	0.00000000E+0
-4.54101562E-1	-2.99602010E-9	-2.99602010E-9	-4.54101562E-1	0.00000000E+0	0.00000000E+0
-4.56542969E-1	-3.12053006E-9	-3.12053006E-9	-4.56542969E-1	0.00000000E+0	0.00000000E+0
-4.58984375E-1	-3.12357007E-9	-3.12357007E-9	-4.58984375E-1	0.00000000E+0	0.00000000E+0
-4.61425781E-1	-3.11863002E-9	-3.11863002E-9	-4.61425781E-1	0.00000000E+0	0.00000000E+0
-4.63867187E-1	-3.13647996E-9	-3.13647996E-9	-4.63867187E-1	0.00000000E+0	0.00000000E+0
-4.66308594E-1	-3.13647996E-9	-3.13647996E-9	-4.66308594E-1	0.00000000E+0	0.00000000E+0
-4.68750000E-1	-3.16077009E-9	-3.16077009E-9	-4.68750000E-1	0.00000000E+0	0.00000000E+0
-4.71191406E-1	-3.15621995E-9	-3.15621995E-9	-4.71191406E-1	0.00000000E+0	0.00000000E+0
-4.73632812E-1	-3.17595994E-9	-3.17595994E-9	-4.73632812E-1	0.00000000E+0	0.00000000E+0
-4.76074219E-1	-3.17444004E-9	-3.17444004E-9	-4.76074219E-1	0.00000000E+0	0.00000000E+0
-4.78515625E-1	-3.20176996E-9	-3.20176996E-9	-4.78515625E-1	0.00000000E+0	0.00000000E+0
-4.80957031E-1	-3.19722004E-9	-3.19722004E-9	-4.80957031E-1	0.00000000E+0	0.00000000E+0
-4.83398437E-1	-3.22758997E-9	-3.22758997E-9	-4.83398437E-1	0.00000000E+0	0.00000000E+0
-4.85839844E-1	-3.22340998E-9	-3.22340998E-9	-4.85839844E-1	0.00000000E+0	0.00000000E+0
-4.88281250E-1	-3.23746008E-9	-3.23746008E-9	-4.88281250E-1	0.00000000E+0	0.00000000E+0
-4.90722656E-1	-3.24809002E-9	-3.24809002E-9	-4.90722656E-1	0.00000000E+0	0.00000000E+0
-4.93164062E-1	-3.24960991E-9	-3.24960991E-9	-4.93164062E-1	0.00000000E+0	0.00000000E+0
-4.90722656E-1	-3.17899995E-9	-3.17899995E-9	-4.90722656E-1	0.00000000E+0	0.00000000E+0
-4.88281250E-1	-3.16799009E-9	-3.16799009E-9	-4.88281250E-1	0.00000000E+0	0.00000000E+0
-4.85839844E-1	-3.14863002E-9	-3.14863002E-9	-4.85839844E-1	0.00000000E+0	0.00000000E+0
-4.83398437E-1	-3.12736992E-9	-3.12736992E-9	-4.83398437E-1	0.00000000E+0	0.00000000E+0
-4.80957031E-1	-3.12357007E-9	-3.12357007E-9	-4.80957031E-1	0.00000000E+0	0.00000000E+0
-4.78515625E-1	-3.10230996E-9	-3.10230996E-9	-4.78515625E-1	0.00000000E+0	0.00000000E+0
-4.76074219E-1	-3.09926995E-9	-3.09926995E-9	-4.76074219E-1	0.00000000E+0	0.00000000E+0
-4.73632812E-1	-3.08484993E-9	-3.08484993E-9	-4.73632812E-1	0.00000000E+0	0.00000000E+0
-4.71191406E-1	-3.06813996E-9	-3.06813996E-9	-4.71191406E-1	0.00000000E+0	0.00000000E+0
-4.68750000E-1	-3.05296011E-9	-3.05296011E-9	-4.68750000E-1	0.00000000E+0	0.00000000E+0
-4.66308594E-1	-3.05865000E-9	-3.05865000E-9	-4.66308594E-1	0.00000000E+0	0.00000000E+0
-4.63867187E-1	-3.02031000E-9	-3.02031000E-9	-4.63867187E-1	0.00000000E+0	0.00000000E+0
-4.61425781E-1	-3.02335001E-9	-3.02335001E-9	-4.61425781E-1	0.00000000E+0	0.00000000E+0
-4.58984375E-1	-2.99069991E-9	-2.99069991E-9	-4.58984375E-1	0.00000000E+0	0.00000000E+0
-4.56542969E-1	-2.98614000E-9	-2.98614000E-9	-4.56542969E-1	0.00000000E+0	0.00000000E+0
-4.54101562E-1	-2.95842995E-9	-2.95842995E-9	-4.54101562E-1	0.00000000E+0	0.00000000E+0
-4.51660156E-1	-2.94363001E-9	-2.94363001E-9	-4.51660156E-1	0.00000000E+0	0.00000000E+0
-4.49218750E-1	-2.93300007E-9	-2.93300007E-9	-4.49218750E-1	0.00000000E+0	0.00000000E+0
-4.46777344E-1	-2.93414004E-9	-2.93414004E-9	-4.46777344E-1	0.00000000E+0	0.00000000E+0
-4.44335937E-1	-2.92085001E-9	-2.92085001E-9	-4.44335937E-1	0.00000000E+0	0.00000000E+0
-4.41894531E-1	-2.90073010E-9	-2.90073010E-9	-4.41894531E-1	0.00000000E+0	0.00000000E+0
-4.39453125E-1	-2.87833002E-9	-2.87833002E-9	-4.39453125E-1	0.00000000E+0	0.00000000E+0
-4.37011719E-1	-2.88895996E-9	-2.88895996E-9	-4.37011719E-1	0.00000000E+0	0.00000000E+0
-4.34570312E-1	-2.84416002E-9	-2.84416002E-9	-4.34570312E-1	0.00000000E+0	0.00000000E+0
-4.32128906E-1	-2.86770008E-9	-2.86770008E-9	-4.32128906E-1	0.00000000E+0	0.00000000E+0
-4.29687500E-1	-2.81758994E-9	-2.81758994E-9	-4.29687500E-1	0.00000000E+0	0.00000000E+0
-4.27246094E-1	-2.81758994E-9	-2.81758994E-9	-4.27246094E-1	0.00000000E+0	0.00000000E+0
-4.24804687E-1	-2.79861001E-9	-2.79861001E-9	-4.24804687E-1	0.00000000E+0	0.00000000E+0
-4.22363281E-1	-2.80847989E-9	-2.80847989E-9	-4.22363281E-1	0.00000000E+0	0.00000000E+0
-4.19921875E-1	-2.77734991E-9	-2.77734991E-9	-4.19921875E-1	0.00000000E+0	0.00000000E+0
-4.17480469E-1	-2.78545009E-9	-2.78545009E-9	-4.17480469E-1	0.00000000E+0	0.00000000E+0
-4.15039062E-1	-2.74774004E-9	-2.74774004E-9	-4.15039062E-1	0.00000000E+0	0.00000000E+0
-4.12597656E-1	-2.75685008E-9	-2.75685008E-9	-4.12597656E-1	0.00000000E+0	0.00000000E+0
-4.10156250E-1	-2.72040990E-9	-2.72040990E-9	-4.10156250E-1	0.00000000E+0	0.00000000E+0
-4.07714844E-1	-2.73862999E-9	-2.73862999E-9	-4.07714844E-1	0.00000000E+0	0.00000000E+0
-4.05273437E-1	-2.70066991E-9	-2.70066991E-9	-4.05273437E-1	0.00000000E+0	0.00000000E+0
-4.02832031E-1	-2.65055000E-9	-2.65055000E-9	-4.02832031E-1	0.00000000E+0	0.00000000E+0
-4.00390625E-1	-2.58830002E-9	-2.58830002E-9	-4.00390625E-1	0.00000000E+0	0.00000000E+0
-3.97949219E-1	-2.60272004E-9	-2.60272004E-9	-3.97949219E-1	0.00000000E+0	0.00000000E+0
-3.95507812E-1	-2.56931010E-9	-2.56931010E-9	-3.95507812E-1	0.00000000E+0	0.00000000E+0
-3.93066406E-1	-2.57614996E-9	-2.57614996E-9	-3.93066406E-1	0.00000000E+0	0.00000000E+0
-3.90625000E-1	-2.53439003E-9	-2.53439003E-9	-3.90625000E-1	0.00000000E+0	0.00000000E+0
-3.88183594E-1	-2.54425991E-9	-2.54425991E-9	-3.88183594E-1	0.00000000E+0	0.00000000E+0
-3.85742187E-1	-2.51388999E-9	-2.51388999E-9	-3.85742187E-1	0.00000000E+0	0.00000000E+0
-3.83300781E-1	-2.51237009E-9	-2.51237009E-9	-3.83300781E-1	0.00000000E+0	0.00000000E+0
-3.80859375E-1	-2.48959009E-9	-2.48959009E-9	-3.80859375E-1	0.00000000E+0	0.00000000E+0
-3.78417969E-1	-2.48959009E-9	-2.48959009E-9	-3.78417969E-1	0.00000000E+0	0.00000000E+0
-3.75976562E-1	-2.47023002E-9	-2.47023002E-9	-3.75976562E-1	0.00000000E+0	0.00000000E+0
-3.73535156E-1	-2.46478993E-9	-2.46478993E-9	-3.73535156E-1	0.00000000E+0	0.00000000E+0
-3.71093750E-1	-2.45010989E-9	-2.45010989E-9	-3.71093750E-1	0.00000000E+0	0.00000000E+0
-3.68652344E-1	-2.44100007E-9	-2.44100007E-9	-3.68652344E-1	0.00000000E+0	0.00000000E+0
-3.66210937E-1	-2.42354004E-9	-2.42354004E-9	-3.66210937E-1	0.00000000E+0	0.00000000E+0
-3.63769531E-1	-2.41519005E-9	-2.41519005E-9	-3.63769531E-1	0.00000000E+0	0.00000000E+0
-3.61328125E-1	-2.40531994E-9	-2.40531994E-9	-3.61328125E-1	0.00000000E+0	0.00000000E+0
-3.58886719E-1	-2.39392994E-9	-2.39392994E-9	-3.58886719E-1	0.00000000E+0	0.00000000E+0
-3.56445312E-1	-2.37874009E-9	-2.37874009E-9	-3.56445312E-1	0.00000000E+0	0.00000000E+0
-3.54003906E-1	-2.36963005E-9	-2.36963005E-9	-3.54003906E-1	0.00000000E+0	0.00000000E+0
-3.51562500E-1	-2.36620989E-9	-2.36620989E-9	-3.51562500E-1	0.00000000E+0	0.00000000E+0
-3.49121094E-1	-2.34799002E-9	-2.34799002E-9	-3.49121094E-1	0.00000000E+0	0.00000000E+0
-3.46679687E-1	-2.34203990E-9	-2.34203990E-9	-3.46679687E-1	0.00000000E+0	0.00000000E+0
-3.44238281E-1	-2.32255992E-9	-2.32255992E-9	-3.44238281E-1	0.00000000E+0	0.00000000E+0
-3.41796875E-1	-2.31951991E-9	-2.31951991E-9	-3.41796875E-1	0.00000000E+0	0.00000000E+0
-3.39355469E-1	-2.30281993E-9	-2.30281993E-9	-3.39355469E-1	0.00000000E+0	0.00000000E+0
-3.36914062E-1	-2.29624009E-9	-2.29624009E-9	-3.36914062E-1	0.00000000E+0	0.00000000E+0
-3.34472656E-1	-2.28459007E-9	-2.28459007E-9	-3.34472656E-1	0.00000000E+0	0.00000000E+0
-3.32031250E-1	-2.28156005E-9	-2.28156005E-9	-3.32031250E-1	0.00000000E+0	0.00000000E+0
-3.29589844E-1	-2.25954011E-9	-2.25954011E-9	-3.29589844E-1	0.00000000E+0	0.00000000E+0
-3.27148437E-1	-2.24967001E-9	-2.24967001E-9	-3.27148437E-1	0.00000000E+0	0.00000000E+0
-3.24707031E-1	-2.23447993E-9	-2.23447993E-9	-3.24707031E-1	0.00000000E+0	0.00000000E+0
-3.22265625E-1	-2.23447993E-9	-2.23447993E-9	-3.22265625E-1	0.00000000E+0	0.00000000E+0
-3.19824219E-1	-2.21398011E-9	-2.21398011E-9	-3.19824219E-1	0.00000000E+0	0.00000000E+0
-3.17382812E-1	-2.20715002E-9	-2.20715002E-9	-3.17382812E-1	0.00000000E+0	0.00000000E+0
-3.14941406E-1	-2.18968998E-9	-2.18968998E-9	-3.14941406E-1	0.00000000E+0	0.00000000E+0
-3.12500000E-1	-2.18539009E-9	-2.18539009E-9	-3.12500000E-1	0.00000000E+0	0.00000000E+0
-3.10058594E-1	-2.16386997E-9	-2.16386997E-9	-3.10058594E-1	0.00000000E+0	0.00000000E+0
-3.07617187E-1	-2.15856000E-9	-2.15856000E-9	-3.07617187E-1	0.00000000E+0	0.00000000E+0
-3.05175781E-1	-2.13526996E-9	-2.13526996E-9	-3.05175781E-1	0.00000000E+0	0.00000000E+0
-3.02734375E-1	-2.12465001E-9	-2.12465001E-9	-3.02734375E-1	0.00000000E+0	0.00000000E+0
-3.00292969E-1	-2.10769002E-9	-2.10769002E-9	-3.00292969E-1	0.00000000E+0	0.00000000E+0
-2.97851562E-1	-2.10085993E-9	-2.10085993E-9	-2.97851562E-1	0.00000000E+0	0.00000000E+0
-2.95410156E-1	-2.08338991E-9	-2.08338991E-9	-2.95410156E-1	0.00000000E+0	0.00000000E+0
-2.92968750E-1	-2.07352002E-9	-2.07352002E-9	-2.92968750E-1	0.00000000E+0	0.00000000E+0
-2.90527344E-1	-2.05225992E-9	-2.05225992E-9	-2.90527344E-1	0.00000000E+0	0.00000000E+0
-2.88085937E-1	-2.04694994E-9	-2.04694994E-9	-2.88085937E-1	0.00000000E+0	0.00000000E+0
-2.85644531E-1	-2.03023998E-9	-2.03023998E-9	-2.85644531E-1	0.00000000E+0	0.00000000E+0
-2.83203125E-1	-2.02265005E-9	-2.02265005E-9	-2.83203125E-1	0.00000000E+0	0.00000000E+0
-2.80761719E-1	-1.99911998E-9	-1.99911998E-9	-2.80761719E-1	0.00000000E+0	0.00000000E+0
-2.78320312E-1	-1.98735006E-9	-1.98735006E-9	-2.78320312E-1	0.00000000E+0	0.00000000E+0
-2.75878906E-1	-1.98417993E-9	-1.98417993E-9	-2.75878906E-1	0.00000000E+0	0.00000000E+0
-2.73437500E-1	-1.97025996E-9	-1.97025996E-9	-2.73437500E-1	0.00000000E+0	0.00000000E+0
-2.70996094E-1	-1.95254990E-9	-1.95254990E-9	-2.70996094E-1	0.00000000E+0	0.00000000E+0
-2.68554687E-1	-1.93912997E-9	-1.93912997E-9	-2.68554687E-1	0.00000000E+0	0.00000000E+0
-2.66113281E-1	-1.93179006E-9	-1.93179006E-9	-2.66113281E-1	0.00000000E+0	0.00000000E+0
-2.63671875E-1	-1.91660998E-9	-1.91660998E-9	-2.63671875E-1	0.00000000E+0	0.00000000E+0
-2.61230469E-1	-1.89712002E-9	-1.89712002E-9	-2.61230469E-1	0.00000000E+0	0.00000000E+0
-2.58789062E-1	-1.89257010E-9	-1.89257010E-9	-2.58789062E-1	0.00000000E+0	0.00000000E+0
-2.56347656E-1	-1.87079996E-9	-1.87079996E-9	-2.56347656E-1	0.00000000E+0	0.00000000E+0
-2.53906250E-1	-1.86548998E-9	-1.86548998E-9	-2.53906250E-1	0.00000000E+0	0.00000000E+0
-2.51464844E-1	-1.84270998E-9	-1.84270998E-9	-2.51464844E-1	0.00000000E+0	0.00000000E+0
-2.49023437E-1	-1.83309001E-9	-1.83309001E-9	-2.49023437E-1	0.00000000E+0	0.00000000E+0
-2.46582031E-1	-1.80835003E-9	-1.80835003E-9	-2.46582031E-1	0.00000000E+0	0.00000000E+0
-2.44140625E-1	-1.80740001E-9	-1.80740001E-9	-2.44140625E-1	0.00000000E+0	0.00000000E+0
-2.41699219E-1	-1.78575998E-9	-1.78575998E-9	-2.41699219E-1	0.00000000E+0	0.00000000E+0
-2.39257812E-1	-1.77767001E-9	-1.77767001E-9	-2.39257812E-1	0.00000000E+0	0.00000000E+0
-2.36816406E-1	-1.75690995E-9	-1.75690995E-9	-2.36816406E-1	0.00000000E+0	0.00000000E+0
-2.34375000E-1	-1.74855996E-9	-1.74855996E-9	-2.34375000E-1	0.00000000E+0	0.00000000E+0
-2.31933594E-1	-1.72603998E-9	-1.72603998E-9	-2.31933594E-1	0.00000000E+0	0.00000000E+0
-2.29492187E-1	-1.70755998E-9	-1.70755998E-9	-2.29492187E-1	0.00000000E+0	0.00000000E+0
-2.27050781E-1	-1.68668002E-9	-1.68668002E-9	-2.27050781E-1	0.00000000E+0	0.00000000E+0
-2.24609375E-1	-1.68251002E-9	-1.68251002E-9	-2.24609375E-1	0.00000000E+0	0.00000000E+0
-2.22167969E-1	-1.65973002E-9	-1.65973002E-9	-2.22167969E-1	0.00000000E+0	0.00000000E+0
-2.19726562E-1	-1.65339997E-9	-1.65339997E-9	-2.19726562E-1	0.00000000E+0	0.00000000E+0
-2.17285156E-1	-1.63087999E-9	-1.63087999E-9	-2.17285156E-1	0.00000000E+0	0.00000000E+0
-2.14843750E-1	-1.62303004E-9	-1.62303004E-9	-2.14843750E-1	0.00000000E+0	0.00000000E+0
-2.12402344E-1	-1.60430003E-9	-1.60430003E-9	-2.12402344E-1	0.00000000E+0	0.00000000E+0
-2.09960937E-1	-1.59874003E-9	-1.59874003E-9	-2.09960937E-1	0.00000000E+0	0.00000000E+0
-2.07519531E-1	-1.57849001E-9	-1.57849001E-9	-2.07519531E-1	0.00000000E+0	0.00000000E+0
-2.05078125E-1	-1.56653002E-9	-1.56653002E-9	-2.05078125E-1	0.00000000E+0	0.00000000E+0
-2.02636719E-1	-1.55343005E-9	-1.55343005E-9	-2.02636719E-1	0.00000000E+0	0.00000000E+0
-2.00195312E-1	-1.53824997E-9	-1.53824997E-9	-2.00195312E-1	0.00000000E+0	0.00000000E+0
-1.97753906E-1	-1.52381996E-9	-1.52381996E-9	-1.97753906E-1	0.00000000E+0	0.00000000E+0
-1.95312500E-1	-1.50559998E-9	-1.50559998E-9	-1.95312500E-1	0.00000000E+0	0.00000000E+0
-1.92871094E-1	-1.49877000E-9	-1.49877000E-9	-1.92871094E-1	0.00000000E+0	0.00000000E+0
-1.90429687E-1	-1.47523005E-9	-1.47523005E-9	-1.90429687E-1	0.00000000E+0	0.00000000E+0
-1.87988281E-1	-1.46535994E-9	-1.46535994E-9	-1.87988281E-1	0.00000000E+0	0.00000000E+0
-1.85546875E-1	-1.44409995E-9	-1.44409995E-9	-1.85546875E-1	0.00000000E+0	0.00000000E+0
-1.83105469E-1	-1.44258006E-9	-1.44258006E-9	-1.83105469E-1	0.00000000E+0	0.00000000E+0
-1.80664062E-1	-1.41562995E-9	-1.41562995E-9	-1.80664062E-1	0.00000000E+0	0.00000000E+0
-1.78222656E-1	-1.41120005E-9	-1.41120005E-9	-1.78222656E-1	0.00000000E+0	0.00000000E+0
-1.75781250E-1	-1.38031997E-9	-1.38031997E-9	-1.75781250E-1	0.00000000E+0	0.00000000E+0
-1.73339844E-1	-1.38297995E-9	-1.38297995E-9	-1.73339844E-1	0.00000000E+0	0.00000000E+0
-1.70898437E-1	-1.35070999E-9	-1.35070999E-9	-1.70898437E-1	0.00000000E+0	0.00000000E+0
-1.68457031E-1	-1.35602995E-9	-1.35602995E-9	-1.68457031E-1	0.00000000E+0	0.00000000E+0
-1.66015625E-1	-1.31805999E-9	-1.31805999E-9	-1.66015625E-1	0.00000000E+0	0.00000000E+0
-1.63574219E-1	-1.32216005E-9	-1.32216005E-9	-1.63574219E-1	0.00000000E+0	0.00000000E+0
-1.61132812E-1	-1.28699995E-9	-1.28699995E-9	-1.61132812E-1	0.00000000E+0	0.00000000E+0
-1.58691406E-1	-1.30120004E-9	-1.30120004E-9	-1.58691406E-1	0.00000000E+0	0.00000000E+0
-1.56250000E-1	-1.24677002E-9	-1.24677002E-9	-1.56250000E-1	0.00000000E+0	0.00000000E+0
-1.53808594E-1	-1.27021005E-9	-1.27021005E-9	-1.53808594E-1	0.00000000E+0	0.00000000E+0
-1.51367187E-1	-1.22967003E-9	-1.22967003E-9	-1.51367187E-1	0.00000000E+0	0.00000000E+0
-1.48925781E-1	-1.24340005E-9	-1.24340005E-9	-1.48925781E-1	0.00000000E+0	0.00000000E+0
-1.46484375E-1	-1.19206001E-9	-1.19206001E-9	-1.46484375E-1	0.00000000E+0	0.00000000E+0
-1.44042969E-1	-1.21606003E-9	-1.21606003E-9	-1.44042969E-1	0.00000000E+0	0.00000000E+0
-1.41601562E-1	-1.16942001E-9	-1.16942001E-9	-1.41601562E-1	0.00000000E+0	0.00000000E+0
-1.39160156E-1	-1.19024002E-9	-1.19024002E-9	-1.39160156E-1	0.00000000E+0	0.00000000E+0
-1.36718750E-1	-1.13026999E-9	-1.13026999E-9	-1.36718750E-1	0.00000000E+0	0.00000000E+0
-1.34277344E-1	-1.16399002E-9	-1.16399002E-9	-1.34277344E-1	0.00000000E+0	0.00000000E+0
-1.31835937E-1	-1.10761000E-9	-1.10761000E-9	-1.31835937E-1	0.00000000E+0	0.00000000E+0
-1.29394531E-1	-1.13748999E-9	-1.13748999E-9	-1.29394531E-1	0.00000000E+0	0.00000000E+0
-1.26953125E-1	-1.08500997E-9	-1.08500997E-9	-1.26953125E-1	0.00000000E+0	0.00000000E+0
-1.24511719E-1	-1.11565002E-9	-1.11565002E-9	-1.24511719E-1	0.00000000E+0	0.00000000E+0
-1.22070312E-1	-1.05543996E-9	-1.05543996E-9	-1.22070312E-1	0.00000000E+0	0.00000000E+0
-1.19628906E-1	-1.09235998E-9	-1.09235998E-9	-1.19628906E-1	0.00000000E+0	0.00000000E+0
-1.17187500E-1	-1.02900999E-9	-1.02900999E-9	-1.17187500E-1	0.00000000E+0	0.00000000E+0
-1.14746094E-1	-1.08377995E-9	-1.08377995E-9	-1.14746094E-1	0.00000000E+0	0.00000000E+0
-1.12304687E-1	-1.02570996E-9	-1.02570996E-9	-1.12304687E-1	0.00000000E+0	0.00000000E+0
-1.09863281E-1	-1.06125997E-9	-1.06125997E-9	-1.09863281E-1	0.00000000E+0	0.00000000E+0
-1.07421875E-1	-9.97087968E-10	-9.97087968E-10	-1.07421875E-1	0.00000000E+0	0.00000000E+0
-1.04980469E-1	-1.04262998E-9	-1.04262998E-9	-1.04980469E-1	0.00000000E+0	0.00000000E+0
-1.02539062E-1	-9.84652027E-10	-9.84652027E-10	-1.02539062E-1	0.00000000E+0	0.00000000E+0
-1.00097656E-1	-1.02840003E-9	-1.02840003E-9	-1.00097656E-1	0.00000000E+0	0.00000000E+0
-9.76562500E-2	-9.75688974E-10	-9.75688974E-10	-9.76562500E-2	0.00000000E+0	0.00000000E+0
-9.52148438E-2	-1.02666997E-9	-1.02666997E-9	-9.52148438E-2	0.00000000E+0	0.00000000E+0
-9.27734375E-2	-9.75229009E-10	-9.75229009E-10	-9.27734375E-2	0.00000000E+0	0.00000000E+0
-9.03320313E-2	-1.01798003E-9	-1.01798003E-9	-9.03320313E-2	0.00000000E+0	0.00000000E+0
-8.78906250E-2	-9.76914993E-10	-9.76914993E-10	-8.78906250E-2	0.00000000E+0	0.00000000E+0
-8.54492188E-2	-1.02666997E-9	-1.02666997E-9	-8.54492188E-2	0.00000000E+0	0.00000000E+0
-8.30078125E-2	-9.95587945E-10	-9.95587945E-10	-8.30078125E-2	0.00000000E+0	0.00000000E+0
-8.05664063E-2	-1.04967002E-9	-1.04967002E-9	-8.05664063E-2	0.00000000E+0	0.00000000E+0
-7.81250000E-2	-1.01191999E-9	-1.01191999E-9	-7.81250000E-2	0.00000000E+0	0.00000000E+0
-7.56835938E-2	-1.07727005E-9	-1.07727005E-9	-7.56835938E-2	0.00000000E+0	0.00000000E+0
-7.32421875E-2	-1.03636000E-9	-1.03636000E-9	-7.32421875E-2	0.00000000E+0	0.00000000E+0
-7.08007813E-2	-1.07459996E-9	-1.07459996E-9	-7.08007813E-2	0.00000000E+0	0.00000000E+0
-6.83593750E-2	-9.36427047E-10	-9.36427047E-10	-6.83593750E-2	0.00000000E+0	0.00000000E+0
-6.59179688E-2	-3.48339996E-10	-3.48339996E-10	-6.59179688E-2	0.00000000E+0	0.00000000E+0
-6.34765625E-2	-1.96117997E-10	-1.96117997E-10	-6.34765625E-2	0.00000000E+0	0.00000000E+0
-6.10351563E-2	-1.66854003E-10	-1.66854003E-10	-6.10351563E-2	0.00000000E+0	0.00000000E+0
-5.85937500E-2	-1.62154998E-10	-1.62154998E-10	-5.85937500E-2	0.00000000E+0	0.00000000E+0
-5.61523438E-2	-1.37588996E-10	-1.37588996E-10	-5.61523438E-2	0.00000000E+0	0.00000000E+0
-5.37109375E-2	-1.33478006E-10	-1.33478006E-10	-5.37109375E-2	0.00000000E+0	0.00000000E+0
-5.12695313E-2	-1.15296002E-10	-1.15296002E-10	-5.12695313E-2	0.00000000E+0	0.00000000E+0
-4.88281250E-2	-1.17824001E-10	-1.17824001E-10	-4.88281250E-2	0.00000000E+0	0.00000000E+0
-4.63867188E-2	-9.94763993E-11	-9.94763993E-11	-4.63867188E-2	0.00000000E+0	0.00000000E+0
-4.39453125E-2	-1.05217002E-10	-1.05217002E-10	-4.39453125E-2	0.00000000E+0	0.00000000E+0
-4.15039063E-2	-8.68647029E-11	-8.68647029E-11	-4.15039063E-2	0.00000000E+0	0.00000000E+0
-3.90625000E-2	-9.42396994E-11	-9.42396994E-11	-3.90625000E-2	0.00000000E+0	0.00000000E+0
-3.66210938E-2	-7.21080001E-11	-7.21080001E-11	-3.66210938E-2	0.00000000E+0	0.00000000E+0
-3.41796875E-2	-7.58426030E-11	-7.58426030E-11	-3.41796875E-2	0.00000000E+0	0.00000000E+0
-3.17382813E-2	-6.13444018E-11	-6.13444018E-11	-3.17382813E-2	0.00000000E+0	0.00000000E+0
-2.92968750E-2	-6.77220988E-11	-6.77220988E-11	-2.92968750E-2	0.00000000E+0	0.00000000E+0
-2.68554688E-2	-4.90186017E-11	-4.90186017E-11	-2.68554688E-2	0.00000000E+0	0.00000000E+0
-2.44140625E-2	-5.66904995E-11	-5.66904995E-11	-2.44140625E-2	0.00000000E+0	0.00000000E+0
-2.19726563E-2	-4.13687001E-11	-4.13687001E-11	-2.19726563E-2	0.00000000E+0	0.00000000E+0
-1.95312500E-2	-4.70378007E-11	-4.70378007E-11	-1.95312500E-2	0.00000000E+0	0.00000000E+0
-1.70898438E-2	-2.63534004E-11	-2.63534004E-11	-1.70898438E-2	0.00000000E+0	0.00000000E+0
-1.46484375E-2	-3.53603986E-11	-3.53603986E-11	-1.46484375E-2	0.00000000E+0	0.00000000E+0
-1.22070313E-2	-1.99182996E-11	-1.99182996E-11	-1.22070313E-2	0.00000000E+0	0.00000000E+0
-9.76562500E-3	-2.94752001E-11	-2.94752001E-11	-9.76562500E-3	0.00000000E+0	0.00000000E+0
-7.32421875E-3	-1.20276003E-11	-1.20276003E-11	-7.32421875E-3	0.00000000E+0	0.00000000E+0
-4.88281250E-3	-2.26634007E-11	-2.26634007E-11	-4.88281250E-3	0.00000000E+0	0.00000000E+0
-2.44140625E-3	-1.02984002E-11	-1.02984002E-11	-2.44140625E-3	0.00000000E+0	0.00000000E+0
0.00000000E+0	-2.42389997E-11	-2.42389997E-11	0.00000000E+0	0.00000000E+0	0.00000000E+0
