Date: do 28 mrt 2013, Material: Au, Temp: 4.2 K
AO1 - module gain: 1.0E+0, R_out: 0.0
AO2 - module gain: 1.0E+2
MUX1 - ADC gain: 4, logarithmic amplifier: D:\LabVIEW Data\Lithographic MCBJ\MED24_070412.TXT, R_in: 0.000
MUX2 - ADC gain: 4, linear amplifier: 1.000000 x 1e10 V/A, R_in: 1.000
Breaking trace: 15 0
Axis position: -883.521003
Vbias (V)	<I> and Ii MUX1 (A)	Vbias (V)	<I> and Ii MUX2 (A)
@
0.00000000E+0	-1.60734004E-9	-1.60734004E-9	0.00000000E+0	0.00000000E+0	0.00000000E+0
2.44140625E-3	4.26244995E-9	4.26244995E-9	2.44140625E-3	0.00000000E+0	0.00000000E+0
4.88281250E-3	1.15698002E-8	1.15698002E-8	4.88281250E-3	0.00000000E+0	0.00000000E+0
7.32421875E-3	1.89840001E-8	1.89840001E-8	7.32421875E-3	0.00000000E+0	0.00000000E+0
9.76562500E-3	2.68590004E-8	2.68590004E-8	9.76562500E-3	0.00000000E+0	0.00000000E+0
1.22070313E-2	3.46728015E-8	3.46728015E-8	1.22070313E-2	0.00000000E+0	0.00000000E+0
1.46484375E-2	4.29645013E-8	4.29645013E-8	1.46484375E-2	0.00000000E+0	0.00000000E+0
1.70898438E-2	5.13402014E-8	5.13402014E-8	1.70898438E-2	0.00000000E+0	0.00000000E+0
1.95312500E-2	6.00026979E-8	6.00026979E-8	1.95312500E-2	0.00000000E+0	0.00000000E+0
2.19726563E-2	6.82904968E-8	6.82904968E-8	2.19726563E-2	0.00000000E+0	0.00000000E+0
2.44140625E-2	7.70218023E-8	7.70218023E-8	2.44140625E-2	0.00000000E+0	0.00000000E+0
2.68554688E-2	8.57415969E-8	8.57415969E-8	2.68554688E-2	0.00000000E+0	0.00000000E+0
2.92968750E-2	9.46932985E-8	9.46932985E-8	2.92968750E-2	0.00000000E+0	0.00000000E+0
3.17382813E-2	1.03095999E-7	1.03095999E-7	3.17382813E-2	0.00000000E+0	0.00000000E+0
3.41796875E-2	1.11664001E-7	1.11664001E-7	3.41796875E-2	0.00000000E+0	0.00000000E+0
3.66210938E-2	1.20359999E-7	1.20359999E-7	3.66210938E-2	0.00000000E+0	0.00000000E+0
3.90625000E-2	1.27427001E-7	1.27427001E-7	3.90625000E-2	0.00000000E+0	0.00000000E+0
4.15039063E-2	1.32856997E-7	1.32856997E-7	4.15039063E-2	0.00000000E+0	0.00000000E+0
4.39453125E-2	8.22896027E-8	8.22896027E-8	4.39453125E-2	0.00000000E+0	0.00000000E+0
4.63867188E-2	9.02219028E-8	9.02219028E-8	4.63867188E-2	0.00000000E+0	0.00000000E+0
4.88281250E-2	5.54343984E-8	5.54343984E-8	4.88281250E-2	0.00000000E+0	0.00000000E+0
5.12695313E-2	2.33190995E-8	2.33190995E-8	5.12695313E-2	0.00000000E+0	0.00000000E+0
5.37109375E-2	3.30671988E-8	3.30671988E-8	5.37109375E-2	0.00000000E+0	0.00000000E+0
5.61523438E-2	4.44210002E-8	4.44210002E-8	5.61523438E-2	0.00000000E+0	0.00000000E+0
5.85937500E-2	3.98679987E-8	3.98679987E-8	5.85937500E-2	0.00000000E+0	0.00000000E+0
6.10351563E-2	3.72111018E-8	3.72111018E-8	6.10351563E-2	0.00000000E+0	0.00000000E+0
6.34765625E-2	3.62019001E-8	3.62019001E-8	6.34765625E-2	0.00000000E+0	0.00000000E+0
6.59179688E-2	3.62630992E-8	3.62630992E-8	6.59179688E-2	0.00000000E+0	0.00000000E+0
6.83593750E-2	3.69665010E-8	3.69665010E-8	6.83593750E-2	0.00000000E+0	0.00000000E+0
7.08007813E-2	3.79985998E-8	3.79985998E-8	7.08007813E-2	0.00000000E+0	0.00000000E+0
7.32421875E-2	3.94513009E-8	3.94513009E-8	7.32421875E-2	0.00000000E+0	0.00000000E+0
7.56835938E-2	4.10109990E-8	4.10109990E-8	7.56835938E-2	0.00000000E+0	0.00000000E+0
7.81250000E-2	4.25096012E-8	4.25096012E-8	7.81250000E-2	0.00000000E+0	0.00000000E+0
8.05664063E-2	4.44667982E-8	4.44667982E-8	8.05664063E-2	0.00000000E+0	0.00000000E+0
8.30078125E-2	4.62787995E-8	4.62787995E-8	8.30078125E-2	0.00000000E+0	0.00000000E+0
8.54492188E-2	4.67757992E-8	4.67757992E-8	8.54492188E-2	0.00000000E+0	0.00000000E+0
8.78906250E-2	4.88019012E-8	4.88019012E-8	8.78906250E-2	0.00000000E+0	0.00000000E+0
9.03320313E-2	5.09731990E-8	5.09731990E-8	9.03320313E-2	0.00000000E+0	0.00000000E+0
9.27734375E-2	5.25099999E-8	5.25099999E-8	9.27734375E-2	0.00000000E+0	0.00000000E+0
9.52148438E-2	5.48647989E-8	5.48647989E-8	9.52148438E-2	0.00000000E+0	0.00000000E+0
9.76562500E-2	5.65660017E-8	5.65660017E-8	9.76562500E-2	0.00000000E+0	0.00000000E+0
1.00097656E-1	5.86302988E-8	5.86302988E-8	1.00097656E-1	0.00000000E+0	0.00000000E+0
1.02539062E-1	6.21357970E-8	6.21357970E-8	1.02539062E-1	0.00000000E+0	0.00000000E+0
1.04980469E-1	6.42460023E-8	6.42460023E-8	1.04980469E-1	0.00000000E+0	0.00000000E+0
1.07421875E-1	6.57063026E-8	6.57063026E-8	1.07421875E-1	0.00000000E+0	0.00000000E+0
1.09863281E-1	6.68837004E-8	6.68837004E-8	1.09863281E-1	0.00000000E+0	0.00000000E+0
1.12304687E-1	6.85008033E-8	6.85008033E-8	1.12304687E-1	0.00000000E+0	0.00000000E+0
1.14746094E-1	6.94488023E-8	6.94488023E-8	1.14746094E-1	0.00000000E+0	0.00000000E+0
1.17187500E-1	7.10275998E-8	7.10275998E-8	1.17187500E-1	0.00000000E+0	0.00000000E+0
1.19628906E-1	7.21476994E-8	7.21476994E-8	1.19628906E-1	0.00000000E+0	0.00000000E+0
1.22070312E-1	7.31684011E-8	7.31684011E-8	1.22070312E-1	0.00000000E+0	0.00000000E+0
1.24511719E-1	7.41394004E-8	7.41394004E-8	1.24511719E-1	0.00000000E+0	0.00000000E+0
1.26953125E-1	7.55308989E-8	7.55308989E-8	1.26953125E-1	0.00000000E+0	0.00000000E+0
1.29394531E-1	7.70830013E-8	7.70830013E-8	1.29394531E-1	0.00000000E+0	0.00000000E+0
1.31835937E-1	7.84821026E-8	7.84821026E-8	1.31835937E-1	0.00000000E+0	0.00000000E+0
1.34277344E-1	7.97322031E-8	7.97322031E-8	1.34277344E-1	0.00000000E+0	0.00000000E+0
1.36718750E-1	8.14753989E-8	8.14753989E-8	1.36718750E-1	0.00000000E+0	0.00000000E+0
1.39160156E-1	8.22437016E-8	8.22437016E-8	1.39160156E-1	0.00000000E+0	0.00000000E+0
1.41601562E-1	8.35052987E-8	8.35052987E-8	1.41601562E-1	0.00000000E+0	0.00000000E+0
1.44042969E-1	8.52140971E-8	8.52140971E-8	1.44042969E-1	0.00000000E+0	0.00000000E+0
1.46484375E-1	8.68732002E-8	8.68732002E-8	1.46484375E-1	0.00000000E+0	0.00000000E+0
1.48925781E-1	8.82532021E-8	8.82532021E-8	1.48925781E-1	0.00000000E+0	0.00000000E+0
1.51367187E-1	8.99581991E-8	8.99581991E-8	1.51367187E-1	0.00000000E+0	0.00000000E+0
1.53808594E-1	9.04665995E-8	9.04665995E-8	1.53808594E-1	0.00000000E+0	0.00000000E+0
1.56250000E-1	9.17587002E-8	9.17587002E-8	1.56250000E-1	0.00000000E+0	0.00000000E+0
1.58691406E-1	9.33490014E-8	9.33490014E-8	1.58691406E-1	0.00000000E+0	0.00000000E+0
1.61132812E-1	9.46143004E-8	9.46143004E-8	1.61132812E-1	0.00000000E+0	0.00000000E+0
1.63574219E-1	9.62658007E-8	9.62658007E-8	1.63574219E-1	0.00000000E+0	0.00000000E+0
1.66015625E-1	9.76675025E-8	9.76675025E-8	1.66015625E-1	0.00000000E+0	0.00000000E+0
1.68457031E-1	9.94921976E-8	9.94921976E-8	1.68457031E-1	0.00000000E+0	0.00000000E+0
1.70898437E-1	1.00533001E-7	1.00533001E-7	1.70898437E-1	0.00000000E+0	0.00000000E+0
1.73339844E-1	1.02408002E-7	1.02408002E-7	1.73339844E-1	0.00000000E+0	0.00000000E+0
1.75781250E-1	1.03524002E-7	1.03524002E-7	1.75781250E-1	0.00000000E+0	0.00000000E+0
1.78222656E-1	1.04675998E-7	1.04675998E-7	1.78222656E-1	0.00000000E+0	0.00000000E+0
1.80664062E-1	1.06107002E-7	1.06107002E-7	1.80664062E-1	0.00000000E+0	0.00000000E+0
1.83105469E-1	1.07661997E-7	1.07661997E-7	1.83105469E-1	0.00000000E+0	0.00000000E+0
1.85546875E-1	1.09443000E-7	1.09443000E-7	1.85546875E-1	0.00000000E+0	0.00000000E+0
1.87988281E-1	1.10334000E-7	1.10334000E-7	1.87988281E-1	0.00000000E+0	0.00000000E+0
1.90429687E-1	1.11805001E-7	1.11805001E-7	1.90429687E-1	0.00000000E+0	0.00000000E+0
1.92871094E-1	1.13307998E-7	1.13307998E-7	1.92871094E-1	0.00000000E+0	0.00000000E+0
1.95312500E-1	1.14956997E-7	1.14956997E-7	1.95312500E-1	0.00000000E+0	0.00000000E+0
1.97753906E-1	1.16244003E-7	1.16244003E-7	1.97753906E-1	0.00000000E+0	0.00000000E+0
2.00195312E-1	1.17398002E-7	1.17398002E-7	2.00195312E-1	0.00000000E+0	0.00000000E+0
2.02636719E-1	1.19060999E-7	1.19060999E-7	2.02636719E-1	0.00000000E+0	0.00000000E+0
2.05078125E-1	1.20536995E-7	1.20536995E-7	2.05078125E-1	0.00000000E+0	0.00000000E+0
2.07519531E-1	1.21865995E-7	1.21865995E-7	2.07519531E-1	0.00000000E+0	0.00000000E+0
2.09960937E-1	1.22925996E-7	1.22925996E-7	2.09960937E-1	0.00000000E+0	0.00000000E+0
2.12402344E-1	1.24725005E-7	1.24725005E-7	2.12402344E-1	0.00000000E+0	0.00000000E+0
2.14843750E-1	1.26610999E-7	1.26610999E-7	2.14843750E-1	0.00000000E+0	0.00000000E+0
2.17285156E-1	1.27654999E-7	1.27654999E-7	2.17285156E-1	0.00000000E+0	0.00000000E+0
2.19726562E-1	1.29041993E-7	1.29041993E-7	2.19726562E-1	0.00000000E+0	0.00000000E+0
2.22167969E-1	1.29932005E-7	1.29932005E-7	2.22167969E-1	0.00000000E+0	0.00000000E+0
2.24609375E-1	1.31445006E-7	1.31445006E-7	2.24609375E-1	0.00000000E+0	0.00000000E+0
2.27050781E-1	1.32761997E-7	1.32761997E-7	2.27050781E-1	0.00000000E+0	0.00000000E+0
2.29492187E-1	1.33984003E-7	1.33984003E-7	2.29492187E-1	0.00000000E+0	0.00000000E+0
2.31933594E-1	1.35587001E-7	1.35587001E-7	2.31933594E-1	0.00000000E+0	0.00000000E+0
2.34375000E-1	1.36847007E-7	1.36847007E-7	2.34375000E-1	0.00000000E+0	0.00000000E+0
2.36816406E-1	1.38272995E-7	1.38272995E-7	2.36816406E-1	0.00000000E+0	0.00000000E+0
2.39257812E-1	1.39291004E-7	1.39291004E-7	2.39257812E-1	0.00000000E+0	0.00000000E+0
2.41699219E-1	1.41048005E-7	1.41048005E-7	2.41699219E-1	0.00000000E+0	0.00000000E+0
2.44140625E-1	1.42440996E-7	1.42440996E-7	2.44140625E-1	0.00000000E+0	0.00000000E+0
2.46582031E-1	1.43758996E-7	1.43758996E-7	2.46582031E-1	0.00000000E+0	0.00000000E+0
2.49023437E-1	1.44712999E-7	1.44712999E-7	2.49023437E-1	0.00000000E+0	0.00000000E+0
2.51464844E-1	1.45897005E-7	1.45897005E-7	2.51464844E-1	0.00000000E+0	0.00000000E+0
2.53906250E-1	1.47690997E-7	1.47690997E-7	2.53906250E-1	0.00000000E+0	0.00000000E+0
2.56347656E-1	1.49320996E-7	1.49320996E-7	2.56347656E-1	0.00000000E+0	0.00000000E+0
2.58789062E-1	1.50567999E-7	1.50567999E-7	2.58789062E-1	0.00000000E+0	0.00000000E+0
2.61230469E-1	1.51967996E-7	1.51967996E-7	2.61230469E-1	0.00000000E+0	0.00000000E+0
2.63671875E-1	1.53266001E-7	1.53266001E-7	2.63671875E-1	0.00000000E+0	0.00000000E+0
2.66113281E-1	1.54538995E-7	1.54538995E-7	2.66113281E-1	0.00000000E+0	0.00000000E+0
2.68554687E-1	1.56167999E-7	1.56167999E-7	2.68554687E-1	0.00000000E+0	0.00000000E+0
2.70996094E-1	1.57694998E-7	1.57694998E-7	2.70996094E-1	0.00000000E+0	0.00000000E+0
2.73437500E-1	1.59223006E-7	1.59223006E-7	2.73437500E-1	0.00000000E+0	0.00000000E+0
2.75878906E-1	1.60927996E-7	1.60927996E-7	2.75878906E-1	0.00000000E+0	0.00000000E+0
2.78320312E-1	1.61895002E-7	1.61895002E-7	2.78320312E-1	0.00000000E+0	0.00000000E+0
2.80761719E-1	1.63804998E-7	1.63804998E-7	2.80761719E-1	0.00000000E+0	0.00000000E+0
2.83203125E-1	1.65025995E-7	1.65025995E-7	2.83203125E-1	0.00000000E+0	0.00000000E+0
2.85644531E-1	1.66681005E-7	1.66681005E-7	2.85644531E-1	0.00000000E+0	0.00000000E+0
2.88085937E-1	1.68005002E-7	1.68005002E-7	2.88085937E-1	0.00000000E+0	0.00000000E+0
2.90527344E-1	1.69226993E-7	1.69226993E-7	2.90527344E-1	0.00000000E+0	0.00000000E+0
2.92968750E-1	1.70754006E-7	1.70754006E-7	2.92968750E-1	0.00000000E+0	0.00000000E+0
2.95410156E-1	1.72892001E-7	1.72892001E-7	2.95410156E-1	0.00000000E+0	0.00000000E+0
2.97851562E-1	1.73884999E-7	1.73884999E-7	2.97851562E-1	0.00000000E+0	0.00000000E+0
3.00292969E-1	1.75794000E-7	1.75794000E-7	3.00292969E-1	0.00000000E+0	0.00000000E+0
3.02734375E-1	1.77474007E-7	1.77474007E-7	3.02734375E-1	0.00000000E+0	0.00000000E+0
3.05175781E-1	1.78492002E-7	1.78492002E-7	3.05175781E-1	0.00000000E+0	0.00000000E+0
3.07617187E-1	1.80680999E-7	1.80680999E-7	3.07617187E-1	0.00000000E+0	0.00000000E+0
3.10058594E-1	1.82259996E-7	1.82259996E-7	3.10058594E-1	0.00000000E+0	0.00000000E+0
3.12500000E-1	1.83889000E-7	1.83889000E-7	3.12500000E-1	0.00000000E+0	0.00000000E+0
3.14941406E-1	1.85288997E-7	1.85288997E-7	3.14941406E-1	0.00000000E+0	0.00000000E+0
3.17382812E-1	1.87058006E-7	1.87058006E-7	3.17382812E-1	0.00000000E+0	0.00000000E+0
3.19824219E-1	1.88775999E-7	1.88775999E-7	3.19824219E-1	0.00000000E+0	0.00000000E+0
3.22265625E-1	1.91411004E-7	1.91411004E-7	3.22265625E-1	0.00000000E+0	0.00000000E+0
3.24707031E-1	1.92288994E-7	1.92288994E-7	3.24707031E-1	0.00000000E+0	0.00000000E+0
3.27148437E-1	1.93435000E-7	1.93435000E-7	3.27148437E-1	0.00000000E+0	0.00000000E+0
3.29589844E-1	1.94351003E-7	1.94351003E-7	3.29589844E-1	0.00000000E+0	0.00000000E+0
3.32031250E-1	1.96871000E-7	1.96871000E-7	3.32031250E-1	0.00000000E+0	0.00000000E+0
3.34472656E-1	1.97125999E-7	1.97125999E-7	3.34472656E-1	0.00000000E+0	0.00000000E+0
3.36914062E-1	1.98728998E-7	1.98728998E-7	3.36914062E-1	0.00000000E+0	0.00000000E+0
3.39355469E-1	2.00892998E-7	2.00892998E-7	3.39355469E-1	0.00000000E+0	0.00000000E+0
3.41796875E-1	2.01809002E-7	2.01809002E-7	3.41796875E-1	0.00000000E+0	0.00000000E+0
3.44238281E-1	2.02929002E-7	2.02929002E-7	3.44238281E-1	0.00000000E+0	0.00000000E+0
3.46679687E-1	2.04355004E-7	2.04355004E-7	3.46679687E-1	0.00000000E+0	0.00000000E+0
3.49121094E-1	2.07715004E-7	2.07715004E-7	3.49121094E-1	0.00000000E+0	0.00000000E+0
3.51562500E-1	2.07715004E-7	2.07715004E-7	3.51562500E-1	0.00000000E+0	0.00000000E+0
3.54003906E-1	2.09090004E-7	2.09090004E-7	3.54003906E-1	0.00000000E+0	0.00000000E+0
3.56445312E-1	2.10870994E-7	2.10870994E-7	3.56445312E-1	0.00000000E+0	0.00000000E+0
3.58886719E-1	2.10159001E-7	2.10159001E-7	3.58886719E-1	0.00000000E+0	0.00000000E+0
3.61328125E-1	2.11990994E-7	2.11990994E-7	3.61328125E-1	0.00000000E+0	0.00000000E+0
3.63769531E-1	2.13099000E-7	2.13099000E-7	3.63769531E-1	0.00000000E+0	0.00000000E+0
3.66210937E-1	2.15046001E-7	2.15046001E-7	3.66210937E-1	0.00000000E+0	0.00000000E+0
3.68652344E-1	2.16573000E-7	2.16573000E-7	3.68652344E-1	0.00000000E+0	0.00000000E+0
3.71093750E-1	2.17795005E-7	2.17795005E-7	3.71093750E-1	0.00000000E+0	0.00000000E+0
3.73535156E-1	2.19016997E-7	2.19016997E-7	3.73535156E-1	0.00000000E+0	0.00000000E+0
3.75976562E-1	2.20543996E-7	2.20543996E-7	3.75976562E-1	0.00000000E+0	0.00000000E+0
3.78417969E-1	2.21690001E-7	2.21690001E-7	3.78417969E-1	0.00000000E+0	0.00000000E+0
3.80859375E-1	2.22834998E-7	2.22834998E-7	3.80859375E-1	0.00000000E+0	0.00000000E+0
3.83300781E-1	2.24363006E-7	2.24363006E-7	3.83300781E-1	0.00000000E+0	0.00000000E+0
3.85742187E-1	2.25559006E-7	2.25559006E-7	3.85742187E-1	0.00000000E+0	0.00000000E+0
3.88183594E-1	2.26959003E-7	2.26959003E-7	3.88183594E-1	0.00000000E+0	0.00000000E+0
3.90625000E-1	2.29199003E-7	2.29199003E-7	3.90625000E-1	0.00000000E+0	0.00000000E+0
3.93066406E-1	2.29300994E-7	2.29300994E-7	3.93066406E-1	0.00000000E+0	0.00000000E+0
3.95507812E-1	2.30929999E-7	2.30929999E-7	3.95507812E-1	0.00000000E+0	0.00000000E+0
3.97949219E-1	2.32380998E-7	2.32380998E-7	3.97949219E-1	0.00000000E+0	0.00000000E+0
4.00390625E-1	2.33755998E-7	2.33755998E-7	4.00390625E-1	0.00000000E+0	0.00000000E+0
4.02832031E-1	2.35130003E-7	2.35130003E-7	4.02832031E-1	0.00000000E+0	0.00000000E+0
4.05273437E-1	2.37229997E-7	2.37229997E-7	4.05273437E-1	0.00000000E+0	0.00000000E+0
4.07714844E-1	2.38718997E-7	2.38718997E-7	4.07714844E-1	0.00000000E+0	0.00000000E+0
4.10156250E-1	2.39635995E-7	2.39635995E-7	4.10156250E-1	0.00000000E+0	0.00000000E+0
4.12597656E-1	2.41010014E-7	2.41010014E-7	4.12597656E-1	0.00000000E+0	0.00000000E+0
4.15039062E-1	2.43912012E-7	2.43912012E-7	4.15039062E-1	0.00000000E+0	0.00000000E+0
4.17480469E-1	2.43530991E-7	2.43530991E-7	4.17480469E-1	0.00000000E+0	0.00000000E+0
4.19921875E-1	2.44370995E-7	2.44370995E-7	4.19921875E-1	0.00000000E+0	0.00000000E+0
4.22363281E-1	2.47615986E-7	2.47615986E-7	4.22363281E-1	0.00000000E+0	0.00000000E+0
4.24804687E-1	2.48647012E-7	2.48647012E-7	4.24804687E-1	0.00000000E+0	0.00000000E+0
4.27246094E-1	2.51281989E-7	2.51281989E-7	4.27246094E-1	0.00000000E+0	0.00000000E+0
4.29687500E-1	2.50938001E-7	2.50938001E-7	4.29687500E-1	0.00000000E+0	0.00000000E+0
4.32128906E-1	2.52235992E-7	2.52235992E-7	4.32128906E-1	0.00000000E+0	0.00000000E+0
4.34570312E-1	2.56589004E-7	2.56589004E-7	4.34570312E-1	0.00000000E+0	0.00000000E+0
4.37011719E-1	2.54946997E-7	2.54946997E-7	4.37011719E-1	0.00000000E+0	0.00000000E+0
4.39453125E-1	2.58115989E-7	2.58115989E-7	4.39453125E-1	0.00000000E+0	0.00000000E+0
4.41894531E-1	2.59338009E-7	2.59338009E-7	4.41894531E-1	0.00000000E+0	0.00000000E+0
4.44335937E-1	2.60140013E-7	2.60140013E-7	4.44335937E-1	0.00000000E+0	0.00000000E+0
4.46777344E-1	2.61171010E-7	2.61171010E-7	4.46777344E-1	0.00000000E+0	0.00000000E+0
4.49218750E-1	2.65599994E-7	2.65599994E-7	4.49218750E-1	0.00000000E+0	0.00000000E+0
4.51660156E-1	2.66363998E-7	2.66363998E-7	4.51660156E-1	0.00000000E+0	0.00000000E+0
4.54101562E-1	2.67585989E-7	2.67585989E-7	4.54101562E-1	0.00000000E+0	0.00000000E+0
4.56542969E-1	2.66363998E-7	2.66363998E-7	4.56542969E-1	0.00000000E+0	0.00000000E+0
4.58984375E-1	2.67585989E-7	2.67585989E-7	4.58984375E-1	0.00000000E+0	0.00000000E+0
4.61425781E-1	2.70639987E-7	2.70639987E-7	4.61425781E-1	0.00000000E+0	0.00000000E+0
4.63867187E-1	2.71327991E-7	2.71327991E-7	4.63867187E-1	0.00000000E+0	0.00000000E+0
4.66308594E-1	2.73274992E-7	2.73274992E-7	4.66308594E-1	0.00000000E+0	0.00000000E+0
4.68750000E-1	2.75705986E-7	2.75705986E-7	4.68750000E-1	0.00000000E+0	0.00000000E+0
4.71191406E-1	2.77437010E-7	2.77437010E-7	4.71191406E-1	0.00000000E+0	0.00000000E+0
4.73632812E-1	2.80032992E-7	2.80032992E-7	4.73632812E-1	0.00000000E+0	0.00000000E+0
4.76074219E-1	2.81408006E-7	2.81408006E-7	4.76074219E-1	0.00000000E+0	0.00000000E+0
4.78515625E-1	2.83241008E-7	2.83241008E-7	4.78515625E-1	0.00000000E+0	0.00000000E+0
4.80957031E-1	2.82858991E-7	2.82858991E-7	4.80957031E-1	0.00000000E+0	0.00000000E+0
4.83398437E-1	2.83050014E-7	2.83050014E-7	4.83398437E-1	0.00000000E+0	0.00000000E+0
4.85839844E-1	2.85303003E-7	2.85303003E-7	4.85839844E-1	0.00000000E+0	0.00000000E+0
4.88281250E-1	2.85683996E-7	2.85683996E-7	4.88281250E-1	0.00000000E+0	0.00000000E+0
4.90722656E-1	2.88968010E-7	2.88968010E-7	4.90722656E-1	0.00000000E+0	0.00000000E+0
4.93164062E-1	2.91068005E-7	2.91068005E-7	4.93164062E-1	0.00000000E+0	0.00000000E+0
4.90722656E-1	2.88128007E-7	2.88128007E-7	4.90722656E-1	0.00000000E+0	0.00000000E+0
4.88281250E-1	2.86600994E-7	2.86600994E-7	4.88281250E-1	0.00000000E+0	0.00000000E+0
4.85839844E-1	2.88243001E-7	2.88243001E-7	4.85839844E-1	0.00000000E+0	0.00000000E+0
4.83398437E-1	2.87631991E-7	2.87631991E-7	4.83398437E-1	0.00000000E+0	0.00000000E+0
4.80957031E-1	2.86448000E-7	2.86448000E-7	4.80957031E-1	0.00000000E+0	0.00000000E+0
4.78515625E-1	2.83851989E-7	2.83851989E-7	4.78515625E-1	0.00000000E+0	0.00000000E+0
4.76074219E-1	2.83546001E-7	2.83546001E-7	4.76074219E-1	0.00000000E+0	0.00000000E+0
4.73632812E-1	2.77590004E-7	2.77590004E-7	4.73632812E-1	0.00000000E+0	0.00000000E+0
4.71191406E-1	2.76521007E-7	2.76521007E-7	4.71191406E-1	0.00000000E+0	0.00000000E+0
4.68750000E-1	2.73771008E-7	2.73771008E-7	4.68750000E-1	0.00000000E+0	0.00000000E+0
4.66308594E-1	2.71786007E-7	2.71786007E-7	4.66308594E-1	0.00000000E+0	0.00000000E+0
4.63867187E-1	2.71327991E-7	2.71327991E-7	4.63867187E-1	0.00000000E+0	0.00000000E+0
4.61425781E-1	2.68808009E-7	2.68808009E-7	4.61425781E-1	0.00000000E+0	0.00000000E+0
4.58984375E-1	2.68044005E-7	2.68044005E-7	4.58984375E-1	0.00000000E+0	0.00000000E+0
4.56542969E-1	2.68044005E-7	2.68044005E-7	4.56542969E-1	0.00000000E+0	0.00000000E+0
4.54101562E-1	2.68196999E-7	2.68196999E-7	4.54101562E-1	0.00000000E+0	0.00000000E+0
4.51660156E-1	2.65446999E-7	2.65446999E-7	4.51660156E-1	0.00000000E+0	0.00000000E+0
4.49218750E-1	2.62850989E-7	2.62850989E-7	4.49218750E-1	0.00000000E+0	0.00000000E+0
4.46777344E-1	2.60788994E-7	2.60788994E-7	4.46777344E-1	0.00000000E+0	0.00000000E+0
4.44335937E-1	2.61628998E-7	2.61628998E-7	4.44335937E-1	0.00000000E+0	0.00000000E+0
4.41894531E-1	2.60140013E-7	2.60140013E-7	4.41894531E-1	0.00000000E+0	0.00000000E+0
4.39453125E-1	2.56284011E-7	2.56284011E-7	4.39453125E-1	0.00000000E+0	0.00000000E+0
4.37011719E-1	2.55520007E-7	2.55520007E-7	4.37011719E-1	0.00000000E+0	0.00000000E+0
4.34570312E-1	2.53840000E-7	2.53840000E-7	4.34570312E-1	0.00000000E+0	0.00000000E+0
4.32128906E-1	2.51892999E-7	2.51892999E-7	4.32128906E-1	0.00000000E+0	0.00000000E+0
4.29687500E-1	2.50633008E-7	2.50633008E-7	4.29687500E-1	0.00000000E+0	0.00000000E+0
4.27246094E-1	2.49410988E-7	2.49410988E-7	4.27246094E-1	0.00000000E+0	0.00000000E+0
4.24804687E-1	2.49562987E-7	2.49562987E-7	4.24804687E-1	0.00000000E+0	0.00000000E+0
4.22363281E-1	2.45898008E-7	2.45898008E-7	4.22363281E-1	0.00000000E+0	0.00000000E+0
4.19921875E-1	2.45172004E-7	2.45172004E-7	4.19921875E-1	0.00000000E+0	0.00000000E+0
4.17480469E-1	2.42309000E-7	2.42309000E-7	4.17480469E-1	0.00000000E+0	0.00000000E+0
4.15039062E-1	2.40475998E-7	2.40475998E-7	4.15039062E-1	0.00000000E+0	0.00000000E+0
4.12597656E-1	2.39788989E-7	2.39788989E-7	4.12597656E-1	0.00000000E+0	0.00000000E+0
4.10156250E-1	2.39025013E-7	2.39025013E-7	4.10156250E-1	0.00000000E+0	0.00000000E+0
4.07714844E-1	2.38222995E-7	2.38222995E-7	4.07714844E-1	0.00000000E+0	0.00000000E+0
4.05273437E-1	2.35894007E-7	2.35894007E-7	4.05273437E-1	0.00000000E+0	0.00000000E+0
4.02832031E-1	2.34672001E-7	2.34672001E-7	4.02832031E-1	0.00000000E+0	0.00000000E+0
4.00390625E-1	2.34175999E-7	2.34175999E-7	4.00390625E-1	0.00000000E+0	0.00000000E+0
3.97949219E-1	2.32380998E-7	2.32380998E-7	3.97949219E-1	0.00000000E+0	0.00000000E+0
3.95507812E-1	2.32228004E-7	2.32228004E-7	3.95507812E-1	0.00000000E+0	0.00000000E+0
3.93066406E-1	2.29300994E-7	2.29300994E-7	3.93066406E-1	0.00000000E+0	0.00000000E+0
3.90625000E-1	2.28130006E-7	2.28130006E-7	3.90625000E-1	0.00000000E+0	0.00000000E+0
3.88183594E-1	2.26348007E-7	2.26348007E-7	3.88183594E-1	0.00000000E+0	0.00000000E+0
3.85742187E-1	2.25126001E-7	2.25126001E-7	3.85742187E-1	0.00000000E+0	0.00000000E+0
3.83300781E-1	2.22988007E-7	2.22988007E-7	3.83300781E-1	0.00000000E+0	0.00000000E+0
3.80859375E-1	2.22479002E-7	2.22479002E-7	3.80859375E-1	0.00000000E+0	0.00000000E+0
3.78417969E-1	2.20735004E-7	2.20735004E-7	3.78417969E-1	0.00000000E+0	0.00000000E+0
3.75976562E-1	2.19016997E-7	2.19016997E-7	3.75976562E-1	0.00000000E+0	0.00000000E+0
3.73535156E-1	2.17643006E-7	2.17643006E-7	3.73535156E-1	0.00000000E+0	0.00000000E+0
3.71093750E-1	2.16421000E-7	2.16421000E-7	3.71093750E-1	0.00000000E+0	0.00000000E+0
3.68652344E-1	2.14740993E-7	2.14740993E-7	3.68652344E-1	0.00000000E+0	0.00000000E+0
3.66210937E-1	2.13977003E-7	2.13977003E-7	3.66210937E-1	0.00000000E+0	0.00000000E+0
3.63769531E-1	2.12195005E-7	2.12195005E-7	3.63769531E-1	0.00000000E+0	0.00000000E+0
3.61328125E-1	2.11533006E-7	2.11533006E-7	3.61328125E-1	0.00000000E+0	0.00000000E+0
3.58886719E-1	2.09356998E-7	2.09356998E-7	3.58886719E-1	0.00000000E+0	0.00000000E+0
3.56445312E-1	2.08019998E-7	2.08019998E-7	3.56445312E-1	0.00000000E+0	0.00000000E+0
3.54003906E-1	2.06799001E-7	2.06799001E-7	3.54003906E-1	0.00000000E+0	0.00000000E+0
3.51562500E-1	2.05270993E-7	2.05270993E-7	3.51562500E-1	0.00000000E+0	0.00000000E+0
3.49121094E-1	2.05118994E-7	2.05118994E-7	3.49121094E-1	0.00000000E+0	0.00000000E+0
3.46679687E-1	2.02674997E-7	2.02674997E-7	3.46679687E-1	0.00000000E+0	0.00000000E+0
3.44238281E-1	2.00537002E-7	2.00537002E-7	3.44238281E-1	0.00000000E+0	0.00000000E+0
3.41796875E-1	1.99263994E-7	1.99263994E-7	3.41796875E-1	0.00000000E+0	0.00000000E+0
3.39355469E-1	1.99162002E-7	1.99162002E-7	3.39355469E-1	0.00000000E+0	0.00000000E+0
3.36914062E-1	1.95992996E-7	1.95992996E-7	3.36914062E-1	0.00000000E+0	0.00000000E+0
3.34472656E-1	1.94503997E-7	1.94503997E-7	3.34472656E-1	0.00000000E+0	0.00000000E+0
3.32031250E-1	1.94121995E-7	1.94121995E-7	3.32031250E-1	0.00000000E+0	0.00000000E+0
3.29589844E-1	1.92035003E-7	1.92035003E-7	3.29589844E-1	0.00000000E+0	0.00000000E+0
3.27148437E-1	1.91932997E-7	1.91932997E-7	3.27148437E-1	0.00000000E+0	0.00000000E+0
3.24707031E-1	1.89030999E-7	1.89030999E-7	3.24707031E-1	0.00000000E+0	0.00000000E+0
3.22265625E-1	1.87249000E-7	1.87249000E-7	3.22265625E-1	0.00000000E+0	0.00000000E+0
3.19824219E-1	1.85415999E-7	1.85415999E-7	3.19824219E-1	0.00000000E+0	0.00000000E+0
3.17382812E-1	1.84079994E-7	1.84079994E-7	3.17382812E-1	0.00000000E+0	0.00000000E+0
3.14941406E-1	1.82782003E-7	1.82782003E-7	3.14941406E-1	0.00000000E+0	0.00000000E+0
3.12500000E-1	1.81445003E-7	1.81445003E-7	3.12500000E-1	0.00000000E+0	0.00000000E+0
3.10058594E-1	1.79612002E-7	1.79612002E-7	3.10058594E-1	0.00000000E+0	0.00000000E+0
3.07617187E-1	1.78389996E-7	1.78389996E-7	3.07617187E-1	0.00000000E+0	0.00000000E+0
3.05175781E-1	1.76404995E-7	1.76404995E-7	3.05175781E-1	0.00000000E+0	0.00000000E+0
3.02734375E-1	1.74928999E-7	1.74928999E-7	3.02734375E-1	0.00000000E+0	0.00000000E+0
3.00292969E-1	1.73502997E-7	1.73502997E-7	3.00292969E-1	0.00000000E+0	0.00000000E+0
2.97851562E-1	1.72051998E-7	1.72051998E-7	2.97851562E-1	0.00000000E+0	0.00000000E+0
2.95410156E-1	1.70652001E-7	1.70652001E-7	2.95410156E-1	0.00000000E+0	0.00000000E+0
2.92968750E-1	1.69353996E-7	1.69353996E-7	2.92968750E-1	0.00000000E+0	0.00000000E+0
2.90527344E-1	1.68106993E-7	1.68106993E-7	2.90527344E-1	0.00000000E+0	0.00000000E+0
2.88085937E-1	1.65865998E-7	1.65865998E-7	2.88085937E-1	0.00000000E+0	0.00000000E+0
2.85644531E-1	1.64702001E-7	1.64702001E-7	2.85644531E-1	0.00000000E+0	0.00000000E+0
2.83203125E-1	1.64606007E-7	1.64606007E-7	2.83203125E-1	0.00000000E+0	0.00000000E+0
2.80761719E-1	1.61743003E-7	1.61743003E-7	2.80761719E-1	0.00000000E+0	0.00000000E+0
2.78320312E-1	1.60596997E-7	1.60596997E-7	2.78320312E-1	0.00000000E+0	0.00000000E+0
2.75878906E-1	1.59324003E-7	1.59324003E-7	2.75878906E-1	0.00000000E+0	0.00000000E+0
2.73437500E-1	1.57618999E-7	1.57618999E-7	2.73437500E-1	0.00000000E+0	0.00000000E+0
2.70996094E-1	1.55761001E-7	1.55761001E-7	2.70996094E-1	0.00000000E+0	0.00000000E+0
2.68554687E-1	1.54334998E-7	1.54334998E-7	2.68554687E-1	0.00000000E+0	0.00000000E+0
2.66113281E-1	1.52807999E-7	1.52807999E-7	2.66113281E-1	0.00000000E+0	0.00000000E+0
2.63671875E-1	1.51357000E-7	1.51357000E-7	2.63671875E-1	0.00000000E+0	0.00000000E+0
2.61230469E-1	1.50567999E-7	1.50567999E-7	2.61230469E-1	0.00000000E+0	0.00000000E+0
2.58789062E-1	1.48550996E-7	1.48550996E-7	2.58789062E-1	0.00000000E+0	0.00000000E+0
2.56347656E-1	1.47945997E-7	1.47945997E-7	2.56347656E-1	0.00000000E+0	0.00000000E+0
2.53906250E-1	1.46011004E-7	1.46011004E-7	2.53906250E-1	0.00000000E+0	0.00000000E+0
2.51464844E-1	1.44433002E-7	1.44433002E-7	2.51464844E-1	0.00000000E+0	0.00000000E+0
2.49023437E-1	1.42957006E-7	1.42957006E-7	2.49023437E-1	0.00000000E+0	0.00000000E+0
2.46582031E-1	1.41428998E-7	1.41428998E-7	2.46582031E-1	0.00000000E+0	0.00000000E+0
2.44140625E-1	1.40512995E-7	1.40512995E-7	2.44140625E-1	0.00000000E+0	0.00000000E+0
2.41699219E-1	1.38871002E-7	1.38871002E-7	2.41699219E-1	0.00000000E+0	0.00000000E+0
2.39257812E-1	1.37458002E-7	1.37458002E-7	2.39257812E-1	0.00000000E+0	0.00000000E+0
2.36816406E-1	1.36522999E-7	1.36522999E-7	2.36816406E-1	0.00000000E+0	0.00000000E+0
2.34375000E-1	1.34708998E-7	1.34708998E-7	2.34375000E-1	0.00000000E+0	0.00000000E+0
2.31933594E-1	1.33181999E-7	1.33181999E-7	2.31933594E-1	0.00000000E+0	0.00000000E+0
2.29492187E-1	1.32189001E-7	1.32189001E-7	2.29492187E-1	0.00000000E+0	0.00000000E+0
2.27050781E-1	1.30839993E-7	1.30839993E-7	2.27050781E-1	0.00000000E+0	0.00000000E+0
2.24609375E-1	1.30839993E-7	1.30839993E-7	2.24609375E-1	0.00000000E+0	0.00000000E+0
2.22167969E-1	1.28158007E-7	1.28158007E-7	2.22167969E-1	0.00000000E+0	0.00000000E+0
2.19726562E-1	1.27804000E-7	1.27804000E-7	2.19726562E-1	0.00000000E+0	0.00000000E+0
2.17285156E-1	1.25398998E-7	1.25398998E-7	2.17285156E-1	0.00000000E+0	0.00000000E+0
2.14843750E-1	1.24571997E-7	1.24571997E-7	2.14843750E-1	0.00000000E+0	0.00000000E+0
2.12402344E-1	1.23280003E-7	1.23280003E-7	2.12402344E-1	0.00000000E+0	0.00000000E+0
2.09960937E-1	1.21523001E-7	1.21523001E-7	2.09960937E-1	0.00000000E+0	0.00000000E+0
2.07519531E-1	1.20026002E-7	1.20026002E-7	2.07519531E-1	0.00000000E+0	0.00000000E+0
2.05078125E-1	1.18625003E-7	1.18625003E-7	2.05078125E-1	0.00000000E+0	0.00000000E+0
2.02636719E-1	1.17245001E-7	1.17245001E-7	2.02636719E-1	0.00000000E+0	0.00000000E+0
2.00195312E-1	1.15753998E-7	1.15753998E-7	2.00195312E-1	0.00000000E+0	0.00000000E+0
1.97753906E-1	1.14389998E-7	1.14389998E-7	1.97753906E-1	0.00000000E+0	0.00000000E+0
1.95312500E-1	1.13235998E-7	1.13235998E-7	1.95312500E-1	0.00000000E+0	0.00000000E+0
1.92871094E-1	1.11494998E-7	1.11494998E-7	1.92871094E-1	0.00000000E+0	0.00000000E+0
1.90429687E-1	1.09890003E-7	1.09890003E-7	1.90429687E-1	0.00000000E+0	0.00000000E+0
1.87988281E-1	1.08538003E-7	1.08538003E-7	1.87988281E-1	0.00000000E+0	0.00000000E+0
1.85546875E-1	1.07262998E-7	1.07262998E-7	1.85546875E-1	0.00000000E+0	0.00000000E+0
1.83105469E-1	1.06046997E-7	1.06046997E-7	1.83105469E-1	0.00000000E+0	0.00000000E+0
1.80664062E-1	1.05696998E-7	1.05696998E-7	1.80664062E-1	0.00000000E+0	0.00000000E+0
1.78222656E-1	1.03448997E-7	1.03448997E-7	1.78222656E-1	0.00000000E+0	0.00000000E+0
1.75781250E-1	1.02355997E-7	1.02355997E-7	1.75781250E-1	0.00000000E+0	0.00000000E+0
1.73339844E-1	1.00596999E-7	1.00596999E-7	1.73339844E-1	0.00000000E+0	0.00000000E+0
1.70898437E-1	9.89416975E-8	9.89416975E-8	1.70898437E-1	0.00000000E+0	0.00000000E+0
1.68457031E-1	9.74660992E-8	9.74660992E-8	1.68457031E-1	0.00000000E+0	0.00000000E+0
1.66015625E-1	9.62084030E-8	9.62084030E-8	1.66015625E-1	0.00000000E+0	0.00000000E+0
1.63574219E-1	9.48896002E-8	9.48896002E-8	1.63574219E-1	0.00000000E+0	0.00000000E+0
1.61132812E-1	9.38038980E-8	9.38038980E-8	1.61132812E-1	0.00000000E+0	0.00000000E+0
1.58691406E-1	9.23206969E-8	9.23206969E-8	1.58691406E-1	0.00000000E+0	0.00000000E+0
1.56250000E-1	9.09252975E-8	9.09252975E-8	1.56250000E-1	0.00000000E+0	0.00000000E+0
1.53808594E-1	8.94496992E-8	8.94496992E-8	1.53808594E-1	0.00000000E+0	0.00000000E+0
1.51367187E-1	8.80543993E-8	8.80543993E-8	1.51367187E-1	0.00000000E+0	0.00000000E+0
1.48925781E-1	8.68081997E-8	8.68081997E-8	1.48925781E-1	0.00000000E+0	0.00000000E+0
1.46484375E-1	8.52790976E-8	8.52790976E-8	1.46484375E-1	0.00000000E+0	0.00000000E+0
1.44042969E-1	8.40825010E-8	8.40825010E-8	1.44042969E-1	0.00000000E+0	0.00000000E+0
1.41601562E-1	8.28822024E-8	8.28822024E-8	1.41601562E-1	0.00000000E+0	0.00000000E+0
1.39160156E-1	8.16894001E-8	8.16894001E-8	1.39160156E-1	0.00000000E+0	0.00000000E+0
1.36718750E-1	8.02788023E-8	8.02788023E-8	1.36718750E-1	0.00000000E+0	0.00000000E+0
1.34277344E-1	7.87037990E-8	7.87037990E-8	1.34277344E-1	0.00000000E+0	0.00000000E+0
1.31835937E-1	7.78819000E-8	7.78819000E-8	1.31835937E-1	0.00000000E+0	0.00000000E+0
1.29394531E-1	7.64406991E-8	7.64406991E-8	1.29394531E-1	0.00000000E+0	0.00000000E+0
1.26953125E-1	7.47740003E-8	7.47740003E-8	1.26953125E-1	0.00000000E+0	0.00000000E+0
1.24511719E-1	7.38335970E-8	7.38335970E-8	1.24511719E-1	0.00000000E+0	0.00000000E+0
1.22070312E-1	7.23656015E-8	7.23656015E-8	1.22070312E-1	0.00000000E+0	0.00000000E+0
1.19628906E-1	7.08288965E-8	7.08288965E-8	1.19628906E-1	0.00000000E+0	0.00000000E+0
1.17187500E-1	7.02325025E-8	7.02325025E-8	1.17187500E-1	0.00000000E+0	0.00000000E+0
1.14746094E-1	6.85924988E-8	6.85924988E-8	1.14746094E-1	0.00000000E+0	0.00000000E+0
1.12304687E-1	6.78394017E-8	6.78394017E-8	1.12304687E-1	0.00000000E+0	0.00000000E+0
1.09863281E-1	6.62491004E-8	6.62491004E-8	1.09863281E-1	0.00000000E+0	0.00000000E+0
1.07421875E-1	6.53354988E-8	6.53354988E-8	1.07421875E-1	0.00000000E+0	0.00000000E+0
1.04980469E-1	6.36267004E-8	6.36267004E-8	1.04980469E-1	0.00000000E+0	0.00000000E+0
1.02539062E-1	6.24722034E-8	6.24722034E-8	1.02539062E-1	0.00000000E+0	0.00000000E+0
1.00097656E-1	6.11801028E-8	6.11801028E-8	1.00097656E-1	0.00000000E+0	0.00000000E+0
9.76562500E-2	5.93374985E-8	5.93374985E-8	9.76562500E-2	0.00000000E+0	0.00000000E+0
9.52148438E-2	5.84200990E-8	5.84200990E-8	9.52148438E-2	0.00000000E+0	0.00000000E+0
9.27734375E-2	5.46736985E-8	5.46736985E-8	9.27734375E-2	0.00000000E+0	0.00000000E+0
9.03320313E-2	5.32440012E-8	5.32440012E-8	9.03320313E-2	0.00000000E+0	0.00000000E+0
8.78906250E-2	5.15849017E-8	5.15849017E-8	8.78906250E-2	0.00000000E+0	0.00000000E+0
8.54492188E-2	4.94517991E-8	4.94517991E-8	8.54492188E-2	0.00000000E+0	0.00000000E+0
8.30078125E-2	4.72040007E-8	4.72040007E-8	8.30078125E-2	0.00000000E+0	0.00000000E+0
8.05664063E-2	4.52083988E-8	4.52083988E-8	8.05664063E-2	0.00000000E+0	0.00000000E+0
7.81250000E-2	4.34537988E-8	4.34537988E-8	7.81250000E-2	0.00000000E+0	0.00000000E+0
7.56835938E-2	4.13588985E-8	4.13588985E-8	7.56835938E-2	0.00000000E+0	0.00000000E+0
7.32421875E-2	3.97877002E-8	3.97877002E-8	7.32421875E-2	0.00000000E+0	0.00000000E+0
7.08007813E-2	3.82203993E-8	3.82203993E-8	7.08007813E-2	0.00000000E+0	0.00000000E+0
6.83593750E-2	3.70046997E-8	3.70046997E-8	6.83593750E-2	0.00000000E+0	0.00000000E+0
6.59179688E-2	3.58655008E-8	3.58655008E-8	6.59179688E-2	0.00000000E+0	0.00000000E+0
6.34765625E-2	3.52539011E-8	3.52539011E-8	6.34765625E-2	0.00000000E+0	0.00000000E+0
6.10351563E-2	3.53532990E-8	3.53532990E-8	6.10351563E-2	0.00000000E+0	0.00000000E+0
5.85937500E-2	3.65994985E-8	3.65994985E-8	5.85937500E-2	0.00000000E+0	0.00000000E+0
5.61523438E-2	3.96576993E-8	3.96576993E-8	5.61523438E-2	0.00000000E+0	0.00000000E+0
5.37109375E-2	4.47631017E-8	4.47631017E-8	5.37109375E-2	0.00000000E+0	0.00000000E+0
5.12695313E-2	3.63128017E-8	3.63128017E-8	5.12695313E-2	0.00000000E+0	0.00000000E+0
4.88281250E-2	2.73407004E-8	2.73407004E-8	4.88281250E-2	0.00000000E+0	0.00000000E+0
4.63867188E-2	7.53397984E-8	7.53397984E-8	4.63867188E-2	0.00000000E+0	0.00000000E+0
4.39453125E-2	9.16898983E-8	9.16898983E-8	4.39453125E-2	0.00000000E+0	0.00000000E+0
4.15039063E-2	9.80815997E-8	9.80815997E-8	4.15039063E-2	0.00000000E+0	0.00000000E+0
3.90625000E-2	1.24205002E-7	1.24205002E-7	3.90625000E-2	0.00000000E+0	0.00000000E+0
3.66210938E-2	1.19060999E-7	1.19060999E-7	3.66210938E-2	0.00000000E+0	0.00000000E+0
3.41796875E-2	1.10621002E-7	1.10621002E-7	3.41796875E-2	0.00000000E+0	0.00000000E+0
3.17382813E-2	1.01997003E-7	1.01997003E-7	3.17382813E-2	0.00000000E+0	0.00000000E+0
2.92968750E-2	9.34140019E-8	9.34140019E-8	2.92968750E-2	0.00000000E+0	0.00000000E+0
2.68554688E-2	8.47552997E-8	8.47552997E-8	2.68554688E-2	0.00000000E+0	0.00000000E+0
2.44140625E-2	7.61616974E-8	7.61616974E-8	2.44140625E-2	0.00000000E+0	0.00000000E+0
2.19726563E-2	6.76367975E-8	6.76367975E-8	2.19726563E-2	0.00000000E+0	0.00000000E+0
1.95312500E-2	5.95094996E-8	5.95094996E-8	1.95312500E-2	0.00000000E+0	0.00000000E+0
1.70898438E-2	5.10420008E-8	5.10420008E-8	1.70898438E-2	0.00000000E+0	0.00000000E+0
1.46484375E-2	4.28230003E-8	4.28230003E-8	1.46484375E-2	0.00000000E+0	0.00000000E+0
1.22070313E-2	3.45314000E-8	3.45314000E-8	1.22070313E-2	0.00000000E+0	0.00000000E+0
9.76562500E-3	2.67596008E-8	2.67596008E-8	9.76562500E-3	0.00000000E+0	0.00000000E+0
7.32421875E-3	1.88769995E-8	1.88769995E-8	7.32421875E-3	0.00000000E+0	0.00000000E+0
4.88281250E-3	1.15252003E-8	1.15252003E-8	4.88281250E-3	0.00000000E+0	0.00000000E+0
2.44140625E-3	4.27459979E-9	4.27459979E-9	2.44140625E-3	0.00000000E+0	0.00000000E+0
0.00000000E+0	-1.13327003E-9	-1.13327003E-9	0.00000000E+0	0.00000000E+0	0.00000000E+0
-2.44140625E-3	-9.43397982E-9	-9.43397982E-9	-2.44140625E-3	0.00000000E+0	0.00000000E+0
-4.88281250E-3	-1.71835008E-8	-1.71835008E-8	-4.88281250E-3	0.00000000E+0	0.00000000E+0
-7.32421875E-3	-2.52152006E-8	-2.52152006E-8	-7.32421875E-3	0.00000000E+0	0.00000000E+0
-9.76562500E-3	-3.29754997E-8	-3.29754997E-8	-9.76562500E-3	0.00000000E+0	0.00000000E+0
-1.22070313E-2	-4.12480006E-8	-4.12480006E-8	-1.22070313E-2	0.00000000E+0	0.00000000E+0
-1.46484375E-2	-4.91458998E-8	-4.91458998E-8	-1.46484375E-2	0.00000000E+0	0.00000000E+0
-1.70898438E-2	-5.74031986E-8	-5.74031986E-8	-1.70898438E-2	0.00000000E+0	0.00000000E+0
-1.95312500E-2	-6.53623005E-8	-6.53623005E-8	-1.95312500E-2	0.00000000E+0	0.00000000E+0
-2.19726563E-2	-7.39941015E-8	-7.39941015E-8	-2.19726563E-2	0.00000000E+0	0.00000000E+0
-2.44140625E-2	-8.27140028E-8	-8.27140028E-8	-2.44140625E-2	0.00000000E+0	0.00000000E+0
-2.68554688E-2	-9.13304987E-8	-9.13304987E-8	-2.68554688E-2	0.00000000E+0	0.00000000E+0
-2.92968750E-2	-9.98094976E-8	-9.98094976E-8	-2.92968750E-2	0.00000000E+0	0.00000000E+0
-3.17382813E-2	-1.06957998E-7	-1.06957998E-7	-3.17382813E-2	0.00000000E+0	0.00000000E+0
-3.41796875E-2	-1.17092000E-7	-1.17092000E-7	-3.41796875E-2	0.00000000E+0	0.00000000E+0
-3.66210938E-2	-1.26830003E-7	-1.26830003E-7	-3.66210938E-2	0.00000000E+0	0.00000000E+0
-3.90625000E-2	-1.35701995E-7	-1.35701995E-7	-3.90625000E-2	0.00000000E+0	0.00000000E+0
-4.15039063E-2	-8.67317027E-8	-8.67317027E-8	-4.15039063E-2	0.00000000E+0	0.00000000E+0
-4.39453125E-2	-9.60135011E-8	-9.60135011E-8	-4.39453125E-2	0.00000000E+0	0.00000000E+0
-4.63867188E-2	-6.61802986E-8	-6.61802986E-8	-4.63867188E-2	0.00000000E+0	0.00000000E+0
-4.88281250E-2	-2.33497008E-8	-2.33497008E-8	-4.88281250E-2	0.00000000E+0	0.00000000E+0
-5.12695313E-2	-1.46643000E-8	-1.46643000E-8	-5.12695313E-2	0.00000000E+0	0.00000000E+0
-5.37109375E-2	-4.42833006E-8	-4.42833006E-8	-5.37109375E-2	0.00000000E+0	0.00000000E+0
-5.61523438E-2	-4.09422007E-8	-4.09422007E-8	-5.61523438E-2	0.00000000E+0	0.00000000E+0
-5.85937500E-2	-3.83273999E-8	-3.83273999E-8	-5.85937500E-2	0.00000000E+0	0.00000000E+0
-6.10351563E-2	-3.74864015E-8	-3.74864015E-8	-6.10351563E-2	0.00000000E+0	0.00000000E+0
-6.34765625E-2	-3.76698992E-8	-3.76698992E-8	-6.34765625E-2	0.00000000E+0	0.00000000E+0
-6.59179688E-2	-3.84765002E-8	-3.84765002E-8	-6.59179688E-2	0.00000000E+0	0.00000000E+0
-6.83593750E-2	-3.99329991E-8	-3.99329991E-8	-6.83593750E-2	0.00000000E+0	0.00000000E+0
-7.08007813E-2	-4.14621013E-8	-4.14621013E-8	-7.08007813E-2	0.00000000E+0	0.00000000E+0
-7.32421875E-2	-4.31136016E-8	-4.31136016E-8	-7.32421875E-2	0.00000000E+0	0.00000000E+0
-7.56835938E-2	-4.47343993E-8	-4.47343993E-8	-7.56835938E-2	0.00000000E+0	0.00000000E+0
-7.81250000E-2	-4.61105998E-8	-4.61105998E-8	-7.81250000E-2	0.00000000E+0	0.00000000E+0
-8.05664063E-2	-4.78481006E-8	-4.78481006E-8	-8.05664063E-2	0.00000000E+0	0.00000000E+0
-8.30078125E-2	-5.05603985E-8	-5.05603985E-8	-8.30078125E-2	0.00000000E+0	0.00000000E+0
-8.54492188E-2	-5.33127995E-8	-5.33127995E-8	-8.54492188E-2	0.00000000E+0	0.00000000E+0
-8.78906250E-2	-5.61339988E-8	-5.61339988E-8	-8.78906250E-2	0.00000000E+0	0.00000000E+0
-9.03320313E-2	-5.80531001E-8	-5.80531001E-8	-9.03320313E-2	0.00000000E+0	0.00000000E+0
-9.27734375E-2	-6.00485990E-8	-6.00485990E-8	-9.27734375E-2	0.00000000E+0	0.00000000E+0
-9.52148438E-2	-6.17497022E-8	-6.17497022E-8	-9.52148438E-2	0.00000000E+0	0.00000000E+0
-9.76562500E-2	-6.41198028E-8	-6.41198028E-8	-9.76562500E-2	0.00000000E+0	0.00000000E+0
-1.00097656E-1	-6.60961987E-8	-6.60961987E-8	-1.00097656E-1	0.00000000E+0	0.00000000E+0
-1.02539062E-1	-7.05269017E-8	-7.05269017E-8	-1.02539062E-1	0.00000000E+0	0.00000000E+0
-1.04980469E-1	-7.20215994E-8	-7.20215994E-8	-1.04980469E-1	0.00000000E+0	0.00000000E+0
-1.07421875E-1	-7.42961035E-8	-7.42961035E-8	-1.07421875E-1	0.00000000E+0	0.00000000E+0
-1.09863281E-1	-7.59591003E-8	-7.59591003E-8	-1.09863281E-1	0.00000000E+0	0.00000000E+0
-1.12304687E-1	-7.78858009E-8	-7.78858009E-8	-1.12304687E-1	0.00000000E+0	0.00000000E+0
-1.14746094E-1	-7.89294035E-8	-7.89294035E-8	-1.14746094E-1	0.00000000E+0	0.00000000E+0
-1.17187500E-1	-8.08943028E-8	-8.08943028E-8	-1.17187500E-1	0.00000000E+0	0.00000000E+0
-1.19628906E-1	-8.21826021E-8	-8.21826021E-8	-1.19628906E-1	0.00000000E+0	0.00000000E+0
-1.22070312E-1	-8.38454994E-8	-8.38454994E-8	-1.22070312E-1	0.00000000E+0	0.00000000E+0
-1.24511719E-1	-8.46101003E-8	-8.46101003E-8	-1.24511719E-1	0.00000000E+0	0.00000000E+0
-1.26953125E-1	-8.63188987E-8	-8.63188987E-8	-1.26953125E-1	0.00000000E+0	0.00000000E+0
-1.29394531E-1	-8.83041977E-8	-8.83041977E-8	-1.29394531E-1	0.00000000E+0	0.00000000E+0
-1.31835937E-1	-9.00728025E-8	-9.00728025E-8	-1.31835937E-1	0.00000000E+0	0.00000000E+0
-1.34277344E-1	-9.17625016E-8	-9.17625016E-8	-1.34277344E-1	0.00000000E+0	0.00000000E+0
-1.36718750E-1	-9.40868006E-8	-9.40868006E-8	-1.36718750E-1	0.00000000E+0	0.00000000E+0
-1.39160156E-1	-9.57496979E-8	-9.57496979E-8	-1.39160156E-1	0.00000000E+0	0.00000000E+0
-1.41601562E-1	-9.66939027E-8	-9.66939027E-8	-1.41601562E-1	0.00000000E+0	0.00000000E+0
-1.44042969E-1	-9.78370025E-8	-9.78370025E-8	-1.44042969E-1	0.00000000E+0	0.00000000E+0
-1.46484375E-1	-9.97521994E-8	-9.97521994E-8	-1.46484375E-1	0.00000000E+0	0.00000000E+0
-1.48925781E-1	-1.01220003E-7	-1.01220003E-7	-1.48925781E-1	0.00000000E+0	0.00000000E+0
-1.51367187E-1	-1.03063002E-7	-1.03063002E-7	-1.51367187E-1	0.00000000E+0	0.00000000E+0
-1.53808594E-1	-1.04770002E-7	-1.04770002E-7	-1.53808594E-1	0.00000000E+0	0.00000000E+0
-1.56250000E-1	-1.06088002E-7	-1.06088002E-7	-1.56250000E-1	0.00000000E+0	0.00000000E+0
-1.58691406E-1	-1.07856998E-7	-1.07856998E-7	-1.58691406E-1	0.00000000E+0	0.00000000E+0
-1.61132812E-1	-1.09398002E-7	-1.09398002E-7	-1.61132812E-1	0.00000000E+0	0.00000000E+0
-1.63574219E-1	-1.11239999E-7	-1.11239999E-7	-1.63574219E-1	0.00000000E+0	0.00000000E+0
-1.66015625E-1	-1.12575002E-7	-1.12575002E-7	-1.66015625E-1	0.00000000E+0	0.00000000E+0
-1.68457031E-1	-1.14461997E-7	-1.14461997E-7	-1.68457031E-1	0.00000000E+0	0.00000000E+0
-1.70898437E-1	-1.16138999E-7	-1.16138999E-7	-1.70898437E-1	0.00000000E+0	0.00000000E+0
-1.73339844E-1	-1.17684998E-7	-1.17684998E-7	-1.73339844E-1	0.00000000E+0	0.00000000E+0
-1.75781250E-1	-1.19505003E-7	-1.19505003E-7	-1.75781250E-1	0.00000000E+0	0.00000000E+0
-1.78222656E-1	-1.20989000E-7	-1.20989000E-7	-1.78222656E-1	0.00000000E+0	0.00000000E+0
-1.80664062E-1	-1.22995004E-7	-1.22995004E-7	-1.80664062E-1	0.00000000E+0	0.00000000E+0
-1.83105469E-1	-1.24539000E-7	-1.24539000E-7	-1.83105469E-1	0.00000000E+0	0.00000000E+0
-1.85546875E-1	-1.26066993E-7	-1.26066993E-7	-1.85546875E-1	0.00000000E+0	0.00000000E+0
-1.87988281E-1	-1.28153005E-7	-1.28153005E-7	-1.87988281E-1	0.00000000E+0	0.00000000E+0
-1.90429687E-1	-1.29070997E-7	-1.29070997E-7	-1.90429687E-1	0.00000000E+0	0.00000000E+0
-1.92871094E-1	-1.30713005E-7	-1.30713005E-7	-1.92871094E-1	0.00000000E+0	0.00000000E+0
-1.95312500E-1	-1.32455995E-7	-1.32455995E-7	-1.95312500E-1	0.00000000E+0	0.00000000E+0
-1.97753906E-1	-1.33868994E-7	-1.33868994E-7	-1.97753906E-1	0.00000000E+0	0.00000000E+0
-2.00195312E-1	-1.35473002E-7	-1.35473002E-7	-2.00195312E-1	0.00000000E+0	0.00000000E+0
-2.02636719E-1	-1.37152995E-7	-1.37152995E-7	-2.02636719E-1	0.00000000E+0	0.00000000E+0
-2.05078125E-1	-1.38654997E-7	-1.38654997E-7	-2.05078125E-1	0.00000000E+0	0.00000000E+0
-2.07519531E-1	-1.40188007E-7	-1.40188007E-7	-2.07519531E-1	0.00000000E+0	0.00000000E+0
-2.09960937E-1	-1.42039994E-7	-1.42039994E-7	-2.09960937E-1	0.00000000E+0	0.00000000E+0
-2.12402344E-1	-1.44051000E-7	-1.44051000E-7	-2.12402344E-1	0.00000000E+0	0.00000000E+0
-2.14843750E-1	-1.45781996E-7	-1.45781996E-7	-2.14843750E-1	0.00000000E+0	0.00000000E+0
-2.17285156E-1	-1.47335001E-7	-1.47335001E-7	-2.17285156E-1	0.00000000E+0	0.00000000E+0
-2.19726562E-1	-1.49523999E-7	-1.49523999E-7	-2.19726562E-1	0.00000000E+0	0.00000000E+0
-2.22167969E-1	-1.50541993E-7	-1.50541993E-7	-2.22167969E-1	0.00000000E+0	0.00000000E+0
-2.24609375E-1	-1.51891996E-7	-1.51891996E-7	-2.24609375E-1	0.00000000E+0	0.00000000E+0
-2.27050781E-1	-1.54080993E-7	-1.54080993E-7	-2.27050781E-1	0.00000000E+0	0.00000000E+0
-2.29492187E-1	-1.55276993E-7	-1.55276993E-7	-2.29492187E-1	0.00000000E+0	0.00000000E+0
-2.31933594E-1	-1.56574998E-7	-1.56574998E-7	-2.31933594E-1	0.00000000E+0	0.00000000E+0
-2.34375000E-1	-1.58421003E-7	-1.58421003E-7	-2.34375000E-1	0.00000000E+0	0.00000000E+0
-2.36816406E-1	-1.60062996E-7	-1.60062996E-7	-2.36816406E-1	0.00000000E+0	0.00000000E+0
-2.39257812E-1	-1.61895002E-7	-1.61895002E-7	-2.39257812E-1	0.00000000E+0	0.00000000E+0
-2.41699219E-1	-1.64008000E-7	-1.64008000E-7	-2.41699219E-1	0.00000000E+0	0.00000000E+0
-2.44140625E-1	-1.65025995E-7	-1.65025995E-7	-2.44140625E-1	0.00000000E+0	0.00000000E+0
-2.46582031E-1	-1.66172001E-7	-1.66172001E-7	-2.46582031E-1	0.00000000E+0	0.00000000E+0
-2.49023437E-1	-1.68691997E-7	-1.68691997E-7	-2.49023437E-1	0.00000000E+0	0.00000000E+0
-2.51464844E-1	-1.69914003E-7	-1.69914003E-7	-2.51464844E-1	0.00000000E+0	0.00000000E+0
-2.53906250E-1	-1.71555996E-7	-1.71555996E-7	-2.53906250E-1	0.00000000E+0	0.00000000E+0
-2.56347656E-1	-1.73884999E-7	-1.73884999E-7	-2.56347656E-1	0.00000000E+0	0.00000000E+0
-2.58789062E-1	-1.74495995E-7	-1.74495995E-7	-2.58789062E-1	0.00000000E+0	0.00000000E+0
-2.61230469E-1	-1.76022994E-7	-1.76022994E-7	-2.61230469E-1	0.00000000E+0	0.00000000E+0
-2.63671875E-1	-1.77359993E-7	-1.77359993E-7	-2.63671875E-1	0.00000000E+0	0.00000000E+0
-2.66113281E-1	-1.78771998E-7	-1.78771998E-7	-2.66113281E-1	0.00000000E+0	0.00000000E+0
-2.68554687E-1	-1.80350995E-7	-1.80350995E-7	-2.68554687E-1	0.00000000E+0	0.00000000E+0
-2.70996094E-1	-1.81700003E-7	-1.81700003E-7	-2.70996094E-1	0.00000000E+0	0.00000000E+0
-2.73437500E-1	-1.83354004E-7	-1.83354004E-7	-2.73437500E-1	0.00000000E+0	0.00000000E+0
-2.75878906E-1	-1.84678001E-7	-1.84678001E-7	-2.75878906E-1	0.00000000E+0	0.00000000E+0
-2.78320312E-1	-1.86102994E-7	-1.86102994E-7	-2.78320312E-1	0.00000000E+0	0.00000000E+0
-2.80761719E-1	-1.87834004E-7	-1.87834004E-7	-2.80761719E-1	0.00000000E+0	0.00000000E+0
-2.83203125E-1	-1.89768997E-7	-1.89768997E-7	-2.83203125E-1	0.00000000E+0	0.00000000E+0
-2.85644531E-1	-1.90253004E-7	-1.90253004E-7	-2.85644531E-1	0.00000000E+0	0.00000000E+0
-2.88085937E-1	-1.91346999E-7	-1.91346999E-7	-2.88085937E-1	0.00000000E+0	0.00000000E+0
-2.90527344E-1	-1.92824004E-7	-1.92824004E-7	-2.90527344E-1	0.00000000E+0	0.00000000E+0
-2.92968750E-1	-1.94452994E-7	-1.94452994E-7	-2.92968750E-1	0.00000000E+0	0.00000000E+0
-2.95410156E-1	-1.96285995E-7	-1.96285995E-7	-2.95410156E-1	0.00000000E+0	0.00000000E+0
-2.97851562E-1	-1.98321999E-7	-1.98321999E-7	-2.97851562E-1	0.00000000E+0	0.00000000E+0
-3.00292969E-1	-1.99086003E-7	-1.99086003E-7	-3.00292969E-1	0.00000000E+0	0.00000000E+0
-3.02734375E-1	-2.00765996E-7	-2.00765996E-7	-3.02734375E-1	0.00000000E+0	0.00000000E+0
-3.05175781E-1	-2.02064001E-7	-2.02064001E-7	-3.05175781E-1	0.00000000E+0	0.00000000E+0
-3.07617187E-1	-2.03973002E-7	-2.03973002E-7	-3.07617187E-1	0.00000000E+0	0.00000000E+0
-3.10058594E-1	-2.05348002E-7	-2.05348002E-7	-3.10058594E-1	0.00000000E+0	0.00000000E+0
-3.12500000E-1	-2.06772995E-7	-2.06772995E-7	-3.12500000E-1	0.00000000E+0	0.00000000E+0
-3.14941406E-1	-2.07791004E-7	-2.07791004E-7	-3.14941406E-1	0.00000000E+0	0.00000000E+0
-3.17382812E-1	-2.09217006E-7	-2.09217006E-7	-3.17382812E-1	0.00000000E+0	0.00000000E+0
-3.19824219E-1	-2.11151004E-7	-2.11151004E-7	-3.19824219E-1	0.00000000E+0	0.00000000E+0
-3.22265625E-1	-2.13137000E-7	-2.13137000E-7	-3.22265625E-1	0.00000000E+0	0.00000000E+0
-3.24707031E-1	-2.14104006E-7	-2.14104006E-7	-3.24707031E-1	0.00000000E+0	0.00000000E+0
-3.27148437E-1	-2.15783999E-7	-2.15783999E-7	-3.27148437E-1	0.00000000E+0	0.00000000E+0
-3.29589844E-1	-2.17719005E-7	-2.17719005E-7	-3.29589844E-1	0.00000000E+0	0.00000000E+0
-3.32031250E-1	-2.23165998E-7	-2.23165998E-7	-3.32031250E-1	0.00000000E+0	0.00000000E+0
-3.34472656E-1	-2.23064006E-7	-2.23064006E-7	-3.34472656E-1	0.00000000E+0	0.00000000E+0
-3.36914062E-1	-2.25202996E-7	-2.25202996E-7	-3.36914062E-1	0.00000000E+0	0.00000000E+0
-3.39355469E-1	-2.25814006E-7	-2.25814006E-7	-3.39355469E-1	0.00000000E+0	0.00000000E+0
-3.41796875E-1	-2.26832000E-7	-2.26832000E-7	-3.41796875E-1	0.00000000E+0	0.00000000E+0
-3.44238281E-1	-2.28716004E-7	-2.28716004E-7	-3.44238281E-1	0.00000000E+0	0.00000000E+0
-3.46679687E-1	-2.29174006E-7	-2.29174006E-7	-3.46679687E-1	0.00000000E+0	0.00000000E+0
-3.49121094E-1	-2.30509997E-7	-2.30509997E-7	-3.49121094E-1	0.00000000E+0	0.00000000E+0
-3.51562500E-1	-2.31540994E-7	-2.31540994E-7	-3.51562500E-1	0.00000000E+0	0.00000000E+0
-3.54003906E-1	-2.35320996E-7	-2.35320996E-7	-3.54003906E-1	0.00000000E+0	0.00000000E+0
-3.56445312E-1	-2.35130003E-7	-2.35130003E-7	-3.56445312E-1	0.00000000E+0	0.00000000E+0
-3.58886719E-1	-2.38452003E-7	-2.38452003E-7	-3.58886719E-1	0.00000000E+0	0.00000000E+0
-3.61328125E-1	-2.37840993E-7	-2.37840993E-7	-3.61328125E-1	0.00000000E+0	0.00000000E+0
-3.63769531E-1	-2.39978988E-7	-2.39978988E-7	-3.63769531E-1	0.00000000E+0	0.00000000E+0
-3.66210937E-1	-2.41087008E-7	-2.41087008E-7	-3.66210937E-1	0.00000000E+0	0.00000000E+0
-3.68652344E-1	-2.42728987E-7	-2.42728987E-7	-3.68652344E-1	0.00000000E+0	0.00000000E+0
-3.71093750E-1	-2.44560994E-7	-2.44560994E-7	-3.71093750E-1	0.00000000E+0	0.00000000E+0
-3.73535156E-1	-2.45286998E-7	-2.45286998E-7	-3.73535156E-1	0.00000000E+0	0.00000000E+0
-3.75976562E-1	-2.47043005E-7	-2.47043005E-7	-3.75976562E-1	0.00000000E+0	0.00000000E+0
-3.78417969E-1	-2.47424992E-7	-2.47424992E-7	-3.78417969E-1	0.00000000E+0	0.00000000E+0
-3.80859375E-1	-2.47043005E-7	-2.47043005E-7	-3.80859375E-1	0.00000000E+0	0.00000000E+0
-3.83300781E-1	-2.48571013E-7	-2.48571013E-7	-3.83300781E-1	0.00000000E+0	0.00000000E+0
-3.85742187E-1	-2.50059998E-7	-2.50059998E-7	-3.85742187E-1	0.00000000E+0	0.00000000E+0
-3.88183594E-1	-2.51625011E-7	-2.51625011E-7	-3.88183594E-1	0.00000000E+0	0.00000000E+0
-3.90625000E-1	-2.52312987E-7	-2.52312987E-7	-3.90625000E-1	0.00000000E+0	0.00000000E+0
-3.93066406E-1	-2.53152990E-7	-2.53152990E-7	-3.93066406E-1	0.00000000E+0	0.00000000E+0
-3.95507812E-1	-2.57582002E-7	-2.57582002E-7	-3.95507812E-1	0.00000000E+0	0.00000000E+0
-3.97949219E-1	-2.58803993E-7	-2.58803993E-7	-3.97949219E-1	0.00000000E+0	0.00000000E+0
-4.00390625E-1	-2.60750994E-7	-2.60750994E-7	-4.00390625E-1	0.00000000E+0	0.00000000E+0
-4.02832031E-1	-2.60750994E-7	-2.60750994E-7	-4.02832031E-1	0.00000000E+0	0.00000000E+0
-4.05273437E-1	-2.60026013E-7	-2.60026013E-7	-4.05273437E-1	0.00000000E+0	0.00000000E+0
-4.07714844E-1	-2.61705992E-7	-2.61705992E-7	-4.07714844E-1	0.00000000E+0	0.00000000E+0
-4.10156250E-1	-2.64913012E-7	-2.64913012E-7	-4.10156250E-1	0.00000000E+0	0.00000000E+0
-4.12597656E-1	-2.65944010E-7	-2.65944010E-7	-4.12597656E-1	0.00000000E+0	0.00000000E+0
-4.15039062E-1	-2.67968005E-7	-2.67968005E-7	-4.15039062E-1	0.00000000E+0	0.00000000E+0
-4.17480469E-1	-2.68196999E-7	-2.68196999E-7	-4.17480469E-1	0.00000000E+0	0.00000000E+0
-4.19921875E-1	-2.68387993E-7	-2.68387993E-7	-4.19921875E-1	0.00000000E+0	0.00000000E+0
-4.22363281E-1	-2.68196999E-7	-2.68196999E-7	-4.22363281E-1	0.00000000E+0	0.00000000E+0
-4.24804687E-1	-2.69570990E-7	-2.69570990E-7	-4.24804687E-1	0.00000000E+0	0.00000000E+0
-4.27246094E-1	-2.73695008E-7	-2.73695008E-7	-4.27246094E-1	0.00000000E+0	0.00000000E+0
-4.29687500E-1	-2.74764005E-7	-2.74764005E-7	-4.29687500E-1	0.00000000E+0	0.00000000E+0
-4.32128906E-1	-2.75298987E-7	-2.75298987E-7	-4.32128906E-1	0.00000000E+0	0.00000000E+0
-4.34570312E-1	-2.78353014E-7	-2.78353014E-7	-4.34570312E-1	0.00000000E+0	0.00000000E+0
-4.37011719E-1	-2.76940995E-7	-2.76940995E-7	-4.37011719E-1	0.00000000E+0	0.00000000E+0
-4.39453125E-1	-2.76750001E-7	-2.76750001E-7	-4.39453125E-1	0.00000000E+0	0.00000000E+0
-4.41894531E-1	-2.77590004E-7	-2.77590004E-7	-4.41894531E-1	0.00000000E+0	0.00000000E+0
-4.44335937E-1	-2.77970997E-7	-2.77970997E-7	-4.44335937E-1	0.00000000E+0	0.00000000E+0
-4.46777344E-1	-2.79575005E-7	-2.79575005E-7	-4.46777344E-1	0.00000000E+0	0.00000000E+0
-4.49218750E-1	-2.80415009E-7	-2.80415009E-7	-4.49218750E-1	0.00000000E+0	0.00000000E+0
-4.51660156E-1	-2.81408006E-7	-2.81408006E-7	-4.51660156E-1	0.00000000E+0	0.00000000E+0
-4.54101562E-1	-2.82172010E-7	-2.82172010E-7	-4.54101562E-1	0.00000000E+0	0.00000000E+0
-4.56542969E-1	-2.83965989E-7	-2.83965989E-7	-4.56542969E-1	0.00000000E+0	0.00000000E+0
-4.58984375E-1	-2.84767992E-7	-2.84767992E-7	-4.58984375E-1	0.00000000E+0	0.00000000E+0
-4.61425781E-1	-2.85531996E-7	-2.85531996E-7	-4.61425781E-1	0.00000000E+0	0.00000000E+0
-4.63867187E-1	-2.88585994E-7	-2.88585994E-7	-4.63867187E-1	0.00000000E+0	0.00000000E+0
-4.66308594E-1	-2.88738988E-7	-2.88738988E-7	-4.66308594E-1	0.00000000E+0	0.00000000E+0
-4.68750000E-1	-2.89654992E-7	-2.89654992E-7	-4.68750000E-1	0.00000000E+0	0.00000000E+0
-4.71191406E-1	-2.90190002E-7	-2.90190002E-7	-4.71191406E-1	0.00000000E+0	0.00000000E+0
-4.73632812E-1	-2.93970004E-7	-2.93970004E-7	-4.73632812E-1	0.00000000E+0	0.00000000E+0
-4.76074219E-1	-2.92786012E-7	-2.92786012E-7	-4.76074219E-1	0.00000000E+0	0.00000000E+0
-4.78515625E-1	-2.96069999E-7	-2.96069999E-7	-4.78515625E-1	0.00000000E+0	0.00000000E+0
-4.80957031E-1	-2.97903000E-7	-2.97903000E-7	-4.80957031E-1	0.00000000E+0	0.00000000E+0
-4.83398437E-1	-2.97291990E-7	-2.97291990E-7	-4.83398437E-1	0.00000000E+0	0.00000000E+0
-4.85839844E-1	-2.97138996E-7	-2.97138996E-7	-4.85839844E-1	0.00000000E+0	0.00000000E+0
-4.88281250E-1	-2.99200991E-7	-2.99200991E-7	-4.88281250E-1	0.00000000E+0	0.00000000E+0
-4.90722656E-1	-3.00652005E-7	-3.00652005E-7	-4.90722656E-1	0.00000000E+0	0.00000000E+0
-4.93164062E-1	-3.01378009E-7	-3.01378009E-7	-4.93164062E-1	0.00000000E+0	0.00000000E+0
-4.90722656E-1	-2.98514010E-7	-2.98514010E-7	-4.90722656E-1	0.00000000E+0	0.00000000E+0
-4.88281250E-1	-2.98131994E-7	-2.98131994E-7	-4.88281250E-1	0.00000000E+0	0.00000000E+0
-4.85839844E-1	-2.97521012E-7	-2.97521012E-7	-4.85839844E-1	0.00000000E+0	0.00000000E+0
-4.83398437E-1	-2.95612011E-7	-2.95612011E-7	-4.83398437E-1	0.00000000E+0	0.00000000E+0
-4.80957031E-1	-2.93970004E-7	-2.93970004E-7	-4.80957031E-1	0.00000000E+0	0.00000000E+0
-4.78515625E-1	-2.94160998E-7	-2.94160998E-7	-4.78515625E-1	0.00000000E+0	0.00000000E+0
-4.76074219E-1	-2.92634013E-7	-2.92634013E-7	-4.76074219E-1	0.00000000E+0	0.00000000E+0
-4.73632812E-1	-3.01186986E-7	-3.01186986E-7	-4.73632812E-1	0.00000000E+0	0.00000000E+0
-4.71191406E-1	-3.01988990E-7	-3.01988990E-7	-4.71191406E-1	0.00000000E+0	0.00000000E+0
-4.68750000E-1	-2.99354014E-7	-2.99354014E-7	-4.68750000E-1	0.00000000E+0	0.00000000E+0
-4.66308594E-1	-2.92634013E-7	-2.92634013E-7	-4.66308594E-1	0.00000000E+0	0.00000000E+0
-4.63867187E-1	-2.92023003E-7	-2.92023003E-7	-4.63867187E-1	0.00000000E+0	0.00000000E+0
-4.61425781E-1	-2.94160998E-7	-2.94160998E-7	-4.61425781E-1	0.00000000E+0	0.00000000E+0
-4.58984375E-1	-2.92634013E-7	-2.92634013E-7	-4.58984375E-1	0.00000000E+0	0.00000000E+0
-4.56542969E-1	-2.92213997E-7	-2.92213997E-7	-4.56542969E-1	0.00000000E+0	0.00000000E+0
-4.54101562E-1	-2.93970004E-7	-2.93970004E-7	-4.54101562E-1	0.00000000E+0	0.00000000E+0
-4.51660156E-1	-2.94465991E-7	-2.94465991E-7	-4.51660156E-1	0.00000000E+0	0.00000000E+0
-4.49218750E-1	-2.88585994E-7	-2.88585994E-7	-4.49218750E-1	0.00000000E+0	0.00000000E+0
-4.46777344E-1	-2.82324010E-7	-2.82324010E-7	-4.46777344E-1	0.00000000E+0	0.00000000E+0
-4.44335937E-1	-2.85379002E-7	-2.85379002E-7	-4.44335937E-1	0.00000000E+0	0.00000000E+0
-4.41894531E-1	-2.86905987E-7	-2.86905987E-7	-4.41894531E-1	0.00000000E+0	0.00000000E+0
-4.39453125E-1	-2.84767992E-7	-2.84767992E-7	-4.39453125E-1	0.00000000E+0	0.00000000E+0
-4.37011719E-1	-2.86905987E-7	-2.86905987E-7	-4.37011719E-1	0.00000000E+0	0.00000000E+0
-4.34570312E-1	-2.83546001E-7	-2.83546001E-7	-4.34570312E-1	0.00000000E+0	0.00000000E+0
-4.32128906E-1	-2.78353014E-7	-2.78353014E-7	-4.32128906E-1	0.00000000E+0	0.00000000E+0
-4.29687500E-1	-2.78963995E-7	-2.78963995E-7	-4.29687500E-1	0.00000000E+0	0.00000000E+0
-4.27246094E-1	-2.84081011E-7	-2.84081011E-7	-4.27246094E-1	0.00000000E+0	0.00000000E+0
-4.24804687E-1	-2.78506008E-7	-2.78506008E-7	-4.24804687E-1	0.00000000E+0	0.00000000E+0
-4.22363281E-1	-2.71633013E-7	-2.71633013E-7	-4.22363281E-1	0.00000000E+0	0.00000000E+0
-4.19921875E-1	-2.69800012E-7	-2.69800012E-7	-4.19921875E-1	0.00000000E+0	0.00000000E+0
-4.17480469E-1	-2.69915006E-7	-2.69915006E-7	-4.17480469E-1	0.00000000E+0	0.00000000E+0
-4.15039062E-1	-2.66975007E-7	-2.66975007E-7	-4.15039062E-1	0.00000000E+0	0.00000000E+0
-4.12597656E-1	-2.65218006E-7	-2.65218006E-7	-4.12597656E-1	0.00000000E+0	0.00000000E+0
-4.10156250E-1	-2.64302003E-7	-2.64302003E-7	-4.10156250E-1	0.00000000E+0	0.00000000E+0
-4.07714844E-1	-2.62621995E-7	-2.62621995E-7	-4.07714844E-1	0.00000000E+0	0.00000000E+0
-4.05273437E-1	-2.61705992E-7	-2.61705992E-7	-4.05273437E-1	0.00000000E+0	0.00000000E+0
-4.02832031E-1	-2.61247010E-7	-2.61247010E-7	-4.02832031E-1	0.00000000E+0	0.00000000E+0
-4.00390625E-1	-2.59415003E-7	-2.59415003E-7	-4.00390625E-1	0.00000000E+0	0.00000000E+0
-3.97949219E-1	-2.64530996E-7	-2.64530996E-7	-3.97949219E-1	0.00000000E+0	0.00000000E+0
-3.95507812E-1	-2.63309005E-7	-2.63309005E-7	-3.95507812E-1	0.00000000E+0	0.00000000E+0
-3.93066406E-1	-2.61055987E-7	-2.61055987E-7	-3.93066406E-1	0.00000000E+0	0.00000000E+0
-3.90625000E-1	-2.54908997E-7	-2.54908997E-7	-3.90625000E-1	0.00000000E+0	0.00000000E+0
-3.88183594E-1	-2.51014001E-7	-2.51014001E-7	-3.88183594E-1	0.00000000E+0	0.00000000E+0
-3.85742187E-1	-2.51625011E-7	-2.51625011E-7	-3.85742187E-1	0.00000000E+0	0.00000000E+0
-3.83300781E-1	-2.52694008E-7	-2.52694008E-7	-3.83300781E-1	0.00000000E+0	0.00000000E+0
-3.80859375E-1	-2.51473011E-7	-2.51473011E-7	-3.80859375E-1	0.00000000E+0	0.00000000E+0
-3.78417969E-1	-2.50250991E-7	-2.50250991E-7	-3.78417969E-1	0.00000000E+0	0.00000000E+0
-3.75976562E-1	-2.45974007E-7	-2.45974007E-7	-3.75976562E-1	0.00000000E+0	0.00000000E+0
-3.73535156E-1	-2.45974007E-7	-2.45974007E-7	-3.73535156E-1	0.00000000E+0	0.00000000E+0
-3.71093750E-1	-2.43836013E-7	-2.43836013E-7	-3.71093750E-1	0.00000000E+0	0.00000000E+0
-3.68652344E-1	-2.41697990E-7	-2.41697990E-7	-3.68652344E-1	0.00000000E+0	0.00000000E+0
-3.66210937E-1	-2.39254007E-7	-2.39254007E-7	-3.66210937E-1	0.00000000E+0	0.00000000E+0
-3.63769531E-1	-2.37229997E-7	-2.37229997E-7	-3.63769531E-1	0.00000000E+0	0.00000000E+0
-3.61328125E-1	-2.40475998E-7	-2.40475998E-7	-3.61328125E-1	0.00000000E+0	0.00000000E+0
-3.58886719E-1	-2.39254007E-7	-2.39254007E-7	-3.58886719E-1	0.00000000E+0	0.00000000E+0
-3.56445312E-1	-2.36925004E-7	-2.36925004E-7	-3.56445312E-1	0.00000000E+0	0.00000000E+0
-3.54003906E-1	-2.33221002E-7	-2.33221002E-7	-3.54003906E-1	0.00000000E+0	0.00000000E+0
-3.51562500E-1	-2.31922996E-7	-2.31922996E-7	-3.51562500E-1	0.00000000E+0	0.00000000E+0
-3.49121094E-1	-2.30205004E-7	-2.30205004E-7	-3.49121094E-1	0.00000000E+0	0.00000000E+0
-3.46679687E-1	-2.28716004E-7	-2.28716004E-7	-3.46679687E-1	0.00000000E+0	0.00000000E+0
-3.44238281E-1	-2.27493999E-7	-2.27493999E-7	-3.44238281E-1	0.00000000E+0	0.00000000E+0
-3.41796875E-1	-2.25622998E-7	-2.25622998E-7	-3.41796875E-1	0.00000000E+0	0.00000000E+0
-3.39355469E-1	-2.24057004E-7	-2.24057004E-7	-3.39355469E-1	0.00000000E+0	0.00000000E+0
-3.36914062E-1	-2.26729995E-7	-2.26729995E-7	-3.36914062E-1	0.00000000E+0	0.00000000E+0
-3.34472656E-1	-2.24744994E-7	-2.24744994E-7	-3.34472656E-1	0.00000000E+0	0.00000000E+0
-3.32031250E-1	-2.20009994E-7	-2.20009994E-7	-3.32031250E-1	0.00000000E+0	0.00000000E+0
-3.29589844E-1	-2.19552007E-7	-2.19552007E-7	-3.29589844E-1	0.00000000E+0	0.00000000E+0
-3.27148437E-1	-2.18278998E-7	-2.18278998E-7	-3.27148437E-1	0.00000000E+0	0.00000000E+0
-3.24707031E-1	-2.17069996E-7	-2.17069996E-7	-3.24707031E-1	0.00000000E+0	0.00000000E+0
-3.22265625E-1	-2.14817007E-7	-2.14817007E-7	-3.22265625E-1	0.00000000E+0	0.00000000E+0
-3.19824219E-1	-2.14104006E-7	-2.14104006E-7	-3.19824219E-1	0.00000000E+0	0.00000000E+0
-3.17382812E-1	-2.14104006E-7	-2.14104006E-7	-3.17382812E-1	0.00000000E+0	0.00000000E+0
-3.14941406E-1	-2.09929993E-7	-2.09929993E-7	-3.14941406E-1	0.00000000E+0	0.00000000E+0
-3.12500000E-1	-2.08504005E-7	-2.08504005E-7	-3.12500000E-1	0.00000000E+0	0.00000000E+0
-3.10058594E-1	-2.07282000E-7	-2.07282000E-7	-3.10058594E-1	0.00000000E+0	0.00000000E+0
-3.07617187E-1	-2.04939994E-7	-2.04939994E-7	-3.07617187E-1	0.00000000E+0	0.00000000E+0
-3.05175781E-1	-2.03515000E-7	-2.03515000E-7	-3.05175781E-1	0.00000000E+0	0.00000000E+0
-3.02734375E-1	-2.02064001E-7	-2.02064001E-7	-3.02734375E-1	0.00000000E+0	0.00000000E+0
-3.00292969E-1	-2.00459993E-7	-2.00459993E-7	-3.00292969E-1	0.00000000E+0	0.00000000E+0
-2.97851562E-1	-1.99772998E-7	-1.99772998E-7	-2.97851562E-1	0.00000000E+0	0.00000000E+0
-2.95410156E-1	-1.97812994E-7	-1.97812994E-7	-2.95410156E-1	0.00000000E+0	0.00000000E+0
-2.92968750E-1	-1.96157998E-7	-1.96157998E-7	-2.92968750E-1	0.00000000E+0	0.00000000E+0
-2.90527344E-1	-1.94885004E-7	-1.94885004E-7	-2.90527344E-1	0.00000000E+0	0.00000000E+0
-2.88085937E-1	-1.92721998E-7	-1.92721998E-7	-2.88085937E-1	0.00000000E+0	0.00000000E+0
-2.85644531E-1	-1.90991003E-7	-1.90991003E-7	-2.85644531E-1	0.00000000E+0	0.00000000E+0
-2.83203125E-1	-1.89310995E-7	-1.89310995E-7	-2.83203125E-1	0.00000000E+0	0.00000000E+0
-2.80761719E-1	-1.88445000E-7	-1.88445000E-7	-2.80761719E-1	0.00000000E+0	0.00000000E+0
-2.78320312E-1	-1.86638005E-7	-1.86638005E-7	-2.78320312E-1	0.00000000E+0	0.00000000E+0
-2.75878906E-1	-1.85594004E-7	-1.85594004E-7	-2.75878906E-1	0.00000000E+0	0.00000000E+0
-2.73437500E-1	-1.83736006E-7	-1.83736006E-7	-2.73437500E-1	0.00000000E+0	0.00000000E+0
-2.70996094E-1	-1.82131998E-7	-1.82131998E-7	-2.70996094E-1	0.00000000E+0	0.00000000E+0
-2.68554687E-1	-1.80757993E-7	-1.80757993E-7	-2.68554687E-1	0.00000000E+0	0.00000000E+0
-2.66113281E-1	-1.79688996E-7	-1.79688996E-7	-2.66113281E-1	0.00000000E+0	0.00000000E+0
-2.63671875E-1	-1.78060006E-7	-1.78060006E-7	-2.63671875E-1	0.00000000E+0	0.00000000E+0
-2.61230469E-1	-1.76442995E-7	-1.76442995E-7	-2.61230469E-1	0.00000000E+0	0.00000000E+0
-2.58789062E-1	-1.74240995E-7	-1.74240995E-7	-2.58789062E-1	0.00000000E+0	0.00000000E+0
-2.56347656E-1	-1.72816002E-7	-1.72816002E-7	-2.56347656E-1	0.00000000E+0	0.00000000E+0
-2.53906250E-1	-1.71338996E-7	-1.71338996E-7	-2.53906250E-1	0.00000000E+0	0.00000000E+0
-2.51464844E-1	-1.69480998E-7	-1.69480998E-7	-2.51464844E-1	0.00000000E+0	0.00000000E+0
-2.49023437E-1	-1.68284998E-7	-1.68284998E-7	-2.49023437E-1	0.00000000E+0	0.00000000E+0
-2.46582031E-1	-1.66909999E-7	-1.66909999E-7	-2.46582031E-1	0.00000000E+0	0.00000000E+0
-2.44140625E-1	-1.65128000E-7	-1.65128000E-7	-2.44140625E-1	0.00000000E+0	0.00000000E+0
-2.41699219E-1	-1.63403996E-7	-1.63403996E-7	-2.41699219E-1	0.00000000E+0	0.00000000E+0
-2.39257812E-1	-1.61895002E-7	-1.61895002E-7	-2.39257812E-1	0.00000000E+0	0.00000000E+0
-2.36816406E-1	-1.61054999E-7	-1.61054999E-7	-2.36816406E-1	0.00000000E+0	0.00000000E+0
-2.34375000E-1	-1.58763996E-7	-1.58763996E-7	-2.34375000E-1	0.00000000E+0	0.00000000E+0
-2.31933594E-1	-1.57217997E-7	-1.57217997E-7	-2.31933594E-1	0.00000000E+0	0.00000000E+0
-2.29492187E-1	-1.56092000E-7	-1.56092000E-7	-2.29492187E-1	0.00000000E+0	0.00000000E+0
-2.27050781E-1	-1.54412007E-7	-1.54412007E-7	-2.27050781E-1	0.00000000E+0	0.00000000E+0
-2.24609375E-1	-1.55175002E-7	-1.55175002E-7	-2.24609375E-1	0.00000000E+0	0.00000000E+0
-2.22167969E-1	-1.53800997E-7	-1.53800997E-7	-2.22167969E-1	0.00000000E+0	0.00000000E+0
-2.19726562E-1	-1.52121004E-7	-1.52121004E-7	-2.19726562E-1	0.00000000E+0	0.00000000E+0
-2.17285156E-1	-1.50541993E-7	-1.50541993E-7	-2.17285156E-1	0.00000000E+0	0.00000000E+0
-2.14843750E-1	-1.49345993E-7	-1.49345993E-7	-2.14843750E-1	0.00000000E+0	0.00000000E+0
-2.12402344E-1	-1.47437007E-7	-1.47437007E-7	-2.12402344E-1	0.00000000E+0	0.00000000E+0
-2.09960937E-1	-1.45859005E-7	-1.45859005E-7	-2.09960937E-1	0.00000000E+0	0.00000000E+0
-2.07519531E-1	-1.44408006E-7	-1.44408006E-7	-2.07519531E-1	0.00000000E+0	0.00000000E+0
-2.05078125E-1	-1.42727998E-7	-1.42727998E-7	-2.05078125E-1	0.00000000E+0	0.00000000E+0
-2.02636719E-1	-1.41404001E-7	-1.41404001E-7	-2.02636719E-1	0.00000000E+0	0.00000000E+0
-2.00195312E-1	-1.38985996E-7	-1.38985996E-7	-2.00195312E-1	0.00000000E+0	0.00000000E+0
-1.97753906E-1	-1.37228994E-7	-1.37228994E-7	-1.97753906E-1	0.00000000E+0	0.00000000E+0
-1.95312500E-1	-1.35906006E-7	-1.35906006E-7	-1.95312500E-1	0.00000000E+0	0.00000000E+0
-1.92871094E-1	-1.33946003E-7	-1.33946003E-7	-1.92871094E-1	0.00000000E+0	0.00000000E+0
-1.90429687E-1	-1.32036007E-7	-1.32036007E-7	-1.90429687E-1	0.00000000E+0	0.00000000E+0
-1.87988281E-1	-1.30610999E-7	-1.30610999E-7	-1.87988281E-1	0.00000000E+0	0.00000000E+0
-1.85546875E-1	-1.28756000E-7	-1.28756000E-7	-1.85546875E-1	0.00000000E+0	0.00000000E+0
-1.83105469E-1	-1.27334005E-7	-1.27334005E-7	-1.83105469E-1	0.00000000E+0	0.00000000E+0
-1.80664062E-1	-1.24733006E-7	-1.24733006E-7	-1.80664062E-1	0.00000000E+0	0.00000000E+0
-1.78222656E-1	-1.21574999E-7	-1.21574999E-7	-1.78222656E-1	0.00000000E+0	0.00000000E+0
-1.75781250E-1	-1.19895006E-7	-1.19895006E-7	-1.75781250E-1	0.00000000E+0	0.00000000E+0
-1.73339844E-1	-1.18793999E-7	-1.18793999E-7	-1.73339844E-1	0.00000000E+0	0.00000000E+0
-1.70898437E-1	-1.16919999E-7	-1.16919999E-7	-1.70898437E-1	0.00000000E+0	0.00000000E+0
-1.68457031E-1	-1.15650003E-7	-1.15650003E-7	-1.68457031E-1	0.00000000E+0	0.00000000E+0
-1.66015625E-1	-1.13516997E-7	-1.13516997E-7	-1.66015625E-1	0.00000000E+0	0.00000000E+0
-1.63574219E-1	-1.11684002E-7	-1.11684002E-7	-1.63574219E-1	0.00000000E+0	0.00000000E+0
-1.61132812E-1	-1.10096998E-7	-1.10096998E-7	-1.61132812E-1	0.00000000E+0	0.00000000E+0
-1.58691406E-1	-1.08300000E-7	-1.08300000E-7	-1.58691406E-1	0.00000000E+0	0.00000000E+0
-1.56250000E-1	-1.06454998E-7	-1.06454998E-7	-1.56250000E-1	0.00000000E+0	0.00000000E+0
-1.53808594E-1	-1.04847999E-7	-1.04847999E-7	-1.53808594E-1	0.00000000E+0	0.00000000E+0
-1.51367187E-1	-1.03486997E-7	-1.03486997E-7	-1.51367187E-1	0.00000000E+0	0.00000000E+0
-1.48925781E-1	-1.01555003E-7	-1.01555003E-7	-1.48925781E-1	0.00000000E+0	0.00000000E+0
-1.46484375E-1	-9.98744980E-8	-9.98744980E-8	-1.46484375E-1	0.00000000E+0	0.00000000E+0
-1.44042969E-1	-9.82383028E-8	-9.82383028E-8	-1.44042969E-1	0.00000000E+0	0.00000000E+0
-1.41601562E-1	-9.65078968E-8	-9.65078968E-8	-1.41601562E-1	0.00000000E+0	0.00000000E+0
-1.39160156E-1	-9.47061025E-8	-9.47061025E-8	-1.39160156E-1	0.00000000E+0	0.00000000E+0
-1.36718750E-1	-9.34292999E-8	-9.34292999E-8	-1.36718750E-1	0.00000000E+0	0.00000000E+0
-1.34277344E-1	-9.15828977E-8	-9.15828977E-8	-1.34277344E-1	0.00000000E+0	0.00000000E+0
-1.31835937E-1	-8.98281982E-8	-8.98281982E-8	-1.31835937E-1	0.00000000E+0	0.00000000E+0
-1.29394531E-1	-8.86010980E-8	-8.86010980E-8	-1.29394531E-1	0.00000000E+0	0.00000000E+0
-1.26953125E-1	-8.71598971E-8	-8.71598971E-8	-1.26953125E-1	0.00000000E+0	0.00000000E+0
-1.24511719E-1	-8.50153015E-8	-8.50153015E-8	-1.24511719E-1	0.00000000E+0	0.00000000E+0
-1.22070312E-1	-8.32338998E-8	-8.32338998E-8	-1.22070312E-1	0.00000000E+0	0.00000000E+0
-1.19628906E-1	-8.16971024E-8	-8.16971024E-8	-1.19628906E-1	0.00000000E+0	0.00000000E+0
-1.17187500E-1	-7.98545017E-8	-7.98545017E-8	-1.17187500E-1	0.00000000E+0	0.00000000E+0
-1.14746094E-1	-7.85317980E-8	-7.85317980E-8	-1.14746094E-1	0.00000000E+0	0.00000000E+0
-1.12304687E-1	-7.79430991E-8	-7.79430991E-8	-1.12304687E-1	0.00000000E+0	0.00000000E+0
-1.09863281E-1	-7.51601021E-8	-7.51601021E-8	-1.09863281E-1	0.00000000E+0	0.00000000E+0
-1.07421875E-1	-7.42961035E-8	-7.42961035E-8	-1.07421875E-1	0.00000000E+0	0.00000000E+0
-1.04980469E-1	-7.23197999E-8	-7.23197999E-8	-1.04980469E-1	0.00000000E+0	0.00000000E+0
-1.02539062E-1	-7.04771992E-8	-7.04771992E-8	-1.02539062E-1	0.00000000E+0	0.00000000E+0
-1.00097656E-1	-6.88563020E-8	-6.88563020E-8	-1.00097656E-1	0.00000000E+0	0.00000000E+0
-9.76562500E-2	-6.63714985E-8	-6.63714985E-8	-9.76562500E-2	0.00000000E+0	0.00000000E+0
-9.52148438E-2	-6.22275991E-8	-6.22275991E-8	-9.52148438E-2	0.00000000E+0	0.00000000E+0
-9.27734375E-2	-6.05148998E-8	-6.05148998E-8	-9.27734375E-2	0.00000000E+0	0.00000000E+0
-9.03320313E-2	-5.71737999E-8	-5.71737999E-8	-9.03320313E-2	0.00000000E+0	0.00000000E+0
-8.78906250E-2	-5.49337003E-8	-5.49337003E-8	-8.78906250E-2	0.00000000E+0	0.00000000E+0
-8.54492188E-2	-5.29764002E-8	-5.29764002E-8	-8.54492188E-2	0.00000000E+0	0.00000000E+0
-8.30078125E-2	-5.03691986E-8	-5.03691986E-8	-8.30078125E-2	0.00000000E+0	0.00000000E+0
-8.05664063E-2	-4.86948011E-8	-4.86948011E-8	-8.05664063E-2	0.00000000E+0	0.00000000E+0
-7.81250000E-2	-4.53843008E-8	-4.53843008E-8	-7.81250000E-2	0.00000000E+0	0.00000000E+0
-7.56835938E-2	-4.33275993E-8	-4.33275993E-8	-7.56835938E-2	0.00000000E+0	0.00000000E+0
-7.32421875E-2	-4.11791987E-8	-4.11791987E-8	-7.32421875E-2	0.00000000E+0	0.00000000E+0
-7.08007813E-2	-3.94437016E-8	-3.94437016E-8	-7.08007813E-2	0.00000000E+0	0.00000000E+0
-6.83593750E-2	-3.78228009E-8	-3.78228009E-8	-6.83593750E-2	0.00000000E+0	0.00000000E+0
-6.59179688E-2	-3.63854014E-8	-3.63854014E-8	-6.59179688E-2	0.00000000E+0	0.00000000E+0
-6.34765625E-2	-3.51544998E-8	-3.51544998E-8	-6.34765625E-2	0.00000000E+0	0.00000000E+0
-6.10351563E-2	-3.44281013E-8	-3.44281013E-8	-6.10351563E-2	0.00000000E+0	0.00000000E+0
-5.85937500E-2	-3.45274991E-8	-3.45274991E-8	-5.85937500E-2	0.00000000E+0	0.00000000E+0
-5.61523438E-2	-3.60948995E-8	-3.60948995E-8	-5.61523438E-2	0.00000000E+0	0.00000000E+0
-5.37109375E-2	-3.95354007E-8	-3.95354007E-8	-5.37109375E-2	0.00000000E+0	0.00000000E+0
-5.12695313E-2	-4.52619986E-8	-4.52619986E-8	-5.12695313E-2	0.00000000E+0	0.00000000E+0
-4.88281250E-2	-2.18969998E-8	-2.18969998E-8	-4.88281250E-2	0.00000000E+0	0.00000000E+0
-4.63867188E-2	-3.62324997E-8	-3.62324997E-8	-4.63867188E-2	0.00000000E+0	0.00000000E+0
-4.39453125E-2	-8.55580993E-8	-8.55580993E-8	-4.39453125E-2	0.00000000E+0	0.00000000E+0
-4.15039063E-2	-8.65406022E-8	-8.65406022E-8	-4.15039063E-2	0.00000000E+0	0.00000000E+0
-3.90625000E-2	-1.17821003E-7	-1.17821003E-7	-3.90625000E-2	0.00000000E+0	0.00000000E+0
-3.66210938E-2	-1.17721001E-7	-1.17721001E-7	-3.66210938E-2	0.00000000E+0	0.00000000E+0
-3.41796875E-2	-1.10466999E-7	-1.10466999E-7	-3.41796875E-2	0.00000000E+0	0.00000000E+0
-3.17382813E-2	-1.02187997E-7	-1.02187997E-7	-3.17382813E-2	0.00000000E+0	0.00000000E+0
-2.92968750E-2	-9.39300975E-8	-9.39300975E-8	-2.92968750E-2	0.00000000E+0	0.00000000E+0
-2.68554688E-2	-8.61276988E-8	-8.61276988E-8	-2.68554688E-2	0.00000000E+0	0.00000000E+0
-2.44140625E-2	-7.77023033E-8	-7.77023033E-8	-2.44140625E-2	0.00000000E+0	0.00000000E+0
-2.19726563E-2	-6.96820024E-8	-6.96820024E-8	-2.19726563E-2	0.00000000E+0	0.00000000E+0
-1.95312500E-2	-6.17918019E-8	-6.17918019E-8	-1.95312500E-2	0.00000000E+0	0.00000000E+0
-1.70898438E-2	-5.41690994E-8	-5.41690994E-8	-1.70898438E-2	0.00000000E+0	0.00000000E+0
-1.46484375E-2	-4.63628993E-8	-4.63628993E-8	-1.46484375E-2	0.00000000E+0	0.00000000E+0
-1.22070313E-2	-3.88013994E-8	-3.88013994E-8	-1.22070313E-2	0.00000000E+0	0.00000000E+0
-9.76562500E-3	-3.11213988E-8	-3.11213988E-8	-9.76562500E-3	0.00000000E+0	0.00000000E+0
-7.32421875E-3	-2.38007996E-8	-2.38007996E-8	-7.32421875E-3	0.00000000E+0	0.00000000E+0
-4.88281250E-3	-1.61679008E-8	-1.61679008E-8	-4.88281250E-3	0.00000000E+0	0.00000000E+0
-2.44140625E-3	-8.87718965E-9	-8.87718965E-9	-2.44140625E-3	0.00000000E+0	0.00000000E+0
0.00000000E+0	-1.49250001E-9	-1.49250001E-9	0.00000000E+0	0.00000000E+0	0.00000000E+0
