Date: do 28 mrt 2013, Material: Au, Temp: 4.2 K
AO1 - module gain: 1.0E+0, R_out: 0.0
AO2 - module gain: 1.0E+2
MUX1 - ADC gain: 4, logarithmic amplifier: D:\LabVIEW Data\Lithographic MCBJ\MED24_070412.TXT, R_in: 0.000
MUX2 - ADC gain: 4, linear amplifier: 1.000000 x 1e10 V/A, R_in: 1.000
Breaking trace: 15 0
Axis position: -882.638550
Vbias (V)	<I> and Ii MUX1 (A)	Vbias (V)	<I> and Ii MUX2 (A)
@
0.00000000E+0	-2.95842995E-9	-2.95842995E-9	0.00000000E+0	0.00000000E+0	0.00000000E+0
2.44140625E-3	1.11844003E-7	1.11844003E-7	2.44140625E-3	0.00000000E+0	0.00000000E+0
4.88281250E-3	3.25624001E-7	3.25624001E-7	4.88281250E-3	0.00000000E+0	0.00000000E+0
7.32421875E-3	5.32574973E-7	5.32574973E-7	7.32421875E-3	0.00000000E+0	0.00000000E+0
9.76562500E-3	7.47849981E-7	7.47849981E-7	9.76562500E-3	0.00000000E+0	0.00000000E+0
1.22070313E-2	9.54457960E-7	9.54457960E-7	1.22070313E-2	0.00000000E+0	0.00000000E+0
1.46484375E-2	1.16972001E-6	1.16972001E-6	1.46484375E-2	0.00000000E+0	0.00000000E+0
1.70898438E-2	1.37805000E-6	1.37805000E-6	1.70898438E-2	0.00000000E+0	0.00000000E+0
1.95312500E-2	1.59367005E-6	1.59367005E-6	1.95312500E-2	0.00000000E+0	0.00000000E+0
2.19726563E-2	1.79974995E-6	1.79974995E-6	2.19726563E-2	0.00000000E+0	0.00000000E+0
2.44140625E-2	2.01421994E-6	2.01421994E-6	2.44140625E-2	0.00000000E+0	0.00000000E+0
2.68554688E-2	2.22285007E-6	2.22285007E-6	2.68554688E-2	0.00000000E+0	0.00000000E+0
2.92968750E-2	2.43858995E-6	2.43858995E-6	2.92968750E-2	0.00000000E+0	0.00000000E+0
3.17382813E-2	2.64365008E-6	2.64365008E-6	3.17382813E-2	0.00000000E+0	0.00000000E+0
3.41796875E-2	2.86067007E-6	2.86067007E-6	3.41796875E-2	0.00000000E+0	0.00000000E+0
3.66210938E-2	3.06979996E-6	3.06979996E-6	3.66210938E-2	0.00000000E+0	0.00000000E+0
3.90625000E-2	3.28884994E-6	3.28884994E-6	3.90625000E-2	0.00000000E+0	0.00000000E+0
4.15039063E-2	3.49493007E-6	3.49493007E-6	4.15039063E-2	0.00000000E+0	0.00000000E+0
4.39453125E-2	3.71016995E-6	3.71016995E-6	4.39453125E-2	0.00000000E+0	0.00000000E+0
4.63867188E-2	3.91700996E-6	3.91700996E-6	4.63867188E-2	0.00000000E+0	0.00000000E+0
4.88281250E-2	4.13225007E-6	4.13225007E-6	4.88281250E-2	0.00000000E+0	0.00000000E+0
5.12695313E-2	4.33984997E-6	4.33984997E-6	5.12695313E-2	0.00000000E+0	0.00000000E+0
5.37109375E-2	4.55433019E-6	4.55433019E-6	5.37109375E-2	0.00000000E+0	0.00000000E+0
5.61523438E-2	4.76174000E-6	4.76174000E-6	5.61523438E-2	0.00000000E+0	0.00000000E+0
5.85937500E-2	4.97869996E-6	4.97869996E-6	5.85937500E-2	0.00000000E+0	0.00000000E+0
6.10351563E-2	5.18477009E-6	5.18477009E-6	6.10351563E-2	0.00000000E+0	0.00000000E+0
6.34765625E-2	5.39924986E-6	5.39924986E-6	6.34765625E-2	0.00000000E+0	0.00000000E+0
6.59179688E-2	5.60762010E-6	5.60762010E-6	6.59179688E-2	0.00000000E+0	0.00000000E+0
6.83593750E-2	5.82247003E-6	5.82247003E-6	6.83593750E-2	0.00000000E+0	0.00000000E+0
7.08007813E-2	6.03121998E-6	6.03121998E-6	7.08007813E-2	0.00000000E+0	0.00000000E+0
7.32421875E-2	6.24569020E-6	6.24569020E-6	7.32421875E-2	0.00000000E+0	0.00000000E+0
7.56835938E-2	6.45672981E-6	6.45672981E-6	7.56835938E-2	0.00000000E+0	0.00000000E+0
7.81250000E-2	6.67311997E-6	6.67311997E-6	7.81250000E-2	0.00000000E+0	0.00000000E+0
8.05664063E-2	6.87614011E-6	6.87614011E-6	8.05664063E-2	0.00000000E+0	0.00000000E+0
8.30078125E-2	7.09023016E-6	7.09023016E-6	8.30078125E-2	0.00000000E+0	0.00000000E+0
8.54492188E-2	7.29784006E-6	7.29784006E-6	8.54492188E-2	0.00000000E+0	0.00000000E+0
8.78906250E-2	7.51804009E-6	7.51804009E-6	8.78906250E-2	0.00000000E+0	0.00000000E+0
9.03320313E-2	7.72259045E-6	7.72259045E-6	9.03320313E-2	0.00000000E+0	0.00000000E+0
9.27734375E-2	7.93477011E-6	7.93477011E-6	9.27734375E-2	0.00000000E+0	0.00000000E+0
9.52148438E-2	8.14352006E-6	8.14352006E-6	9.52148438E-2	0.00000000E+0	0.00000000E+0
9.76562500E-2	8.35531955E-6	8.35531955E-6	9.76562500E-2	0.00000000E+0	0.00000000E+0
1.00097656E-1	8.56216957E-6	8.56216957E-6	1.00097656E-1	0.00000000E+0	0.00000000E+0
1.02539062E-1	8.77473030E-6	8.77473030E-6	1.02539062E-1	0.00000000E+0	0.00000000E+0
1.04980469E-1	8.98768030E-6	8.98768030E-6	1.04980469E-1	0.00000000E+0	0.00000000E+0
1.07421875E-1	9.20406001E-6	9.20406001E-6	1.07421875E-1	0.00000000E+0	0.00000000E+0
1.09863281E-1	9.40747032E-6	9.40747032E-6	1.09863281E-1	0.00000000E+0	0.00000000E+0
1.12304687E-1	9.61926980E-6	9.61926980E-6	1.12304687E-1	0.00000000E+0	0.00000000E+0
1.14746094E-1	9.83259997E-6	9.83259997E-6	1.14746094E-1	0.00000000E+0	0.00000000E+0
1.17187500E-1	1.00497000E-5	1.00497000E-5	1.17187500E-1	0.00000000E+0	0.00000000E+0
1.19628906E-1	1.02571003E-5	1.02571003E-5	1.19628906E-1	0.00000000E+0	0.00000000E+0
1.22070312E-1	1.04695000E-5	1.04695000E-5	1.22070312E-1	0.00000000E+0	0.00000000E+0
1.24511719E-1	1.06796997E-5	1.06796997E-5	1.24511719E-1	0.00000000E+0	0.00000000E+0
1.26953125E-1	1.08901004E-5	1.08901004E-5	1.26953125E-1	0.00000000E+0	0.00000000E+0
1.29394531E-1	1.10971996E-5	1.10971996E-5	1.29394531E-1	0.00000000E+0	0.00000000E+0
1.31835937E-1	1.13145998E-5	1.13145998E-5	1.31835937E-1	0.00000000E+0	0.00000000E+0
1.34277344E-1	1.15171997E-5	1.15171997E-5	1.34277344E-1	0.00000000E+0	0.00000000E+0
1.36718750E-1	1.17330001E-5	1.17330001E-5	1.36718750E-1	0.00000000E+0	0.00000000E+0
1.39160156E-1	1.19435999E-5	1.19435999E-5	1.39160156E-1	0.00000000E+0	0.00000000E+0
1.41601562E-1	1.21557996E-5	1.21557996E-5	1.41601562E-1	0.00000000E+0	0.00000000E+0
1.44042969E-1	1.23639002E-5	1.23639002E-5	1.44042969E-1	0.00000000E+0	0.00000000E+0
1.46484375E-1	1.25773004E-5	1.25773004E-5	1.46484375E-1	0.00000000E+0	0.00000000E+0
1.48925781E-1	1.27877001E-5	1.27877001E-5	1.48925781E-1	0.00000000E+0	0.00000000E+0
1.51367187E-1	1.30086000E-5	1.30086000E-5	1.51367187E-1	0.00000000E+0	0.00000000E+0
1.53808594E-1	1.32170999E-5	1.32170999E-5	1.53808594E-1	0.00000000E+0	0.00000000E+0
1.56250000E-1	1.34301999E-5	1.34301999E-5	1.56250000E-1	0.00000000E+0	0.00000000E+0
1.58691406E-1	1.36343997E-5	1.36343997E-5	1.58691406E-1	0.00000000E+0	0.00000000E+0
1.61132812E-1	1.38501000E-5	1.38501000E-5	1.61132812E-1	0.00000000E+0	0.00000000E+0
1.63574219E-1	1.40492002E-5	1.40492002E-5	1.63574219E-1	0.00000000E+0	0.00000000E+0
1.66015625E-1	1.42680001E-5	1.42680001E-5	1.66015625E-1	0.00000000E+0	0.00000000E+0
1.68457031E-1	1.44684000E-5	1.44684000E-5	1.68457031E-1	0.00000000E+0	0.00000000E+0
1.70898437E-1	1.46929997E-5	1.46929997E-5	1.70898437E-1	0.00000000E+0	0.00000000E+0
1.73339844E-1	1.48978997E-5	1.48978997E-5	1.73339844E-1	0.00000000E+0	0.00000000E+0
1.75781250E-1	1.51116001E-5	1.51116001E-5	1.75781250E-1	0.00000000E+0	0.00000000E+0
1.78222656E-1	1.53139008E-5	1.53139008E-5	1.78222656E-1	0.00000000E+0	0.00000000E+0
1.80664062E-1	1.55352991E-5	1.55352991E-5	1.80664062E-1	0.00000000E+0	0.00000000E+0
1.83105469E-1	1.57413997E-5	1.57413997E-5	1.83105469E-1	0.00000000E+0	0.00000000E+0
1.85546875E-1	1.59532992E-5	1.59532992E-5	1.85546875E-1	0.00000000E+0	0.00000000E+0
1.87988281E-1	1.61689004E-5	1.61689004E-5	1.87988281E-1	0.00000000E+0	0.00000000E+0
1.90429687E-1	1.63724999E-5	1.63724999E-5	1.90429687E-1	0.00000000E+0	0.00000000E+0
1.92871094E-1	1.65772999E-5	1.65772999E-5	1.92871094E-1	0.00000000E+0	0.00000000E+0
1.95312500E-1	1.68101997E-5	1.68101997E-5	1.95312500E-1	0.00000000E+0	0.00000000E+0
1.97753906E-1	1.70048006E-5	1.70048006E-5	1.97753906E-1	0.00000000E+0	0.00000000E+0
2.00195312E-1	1.72122000E-5	1.72122000E-5	2.00195312E-1	0.00000000E+0	0.00000000E+0
2.02636719E-1	1.74190009E-5	1.74190009E-5	2.02636719E-1	0.00000000E+0	0.00000000E+0
2.05078125E-1	1.76397007E-5	1.76397007E-5	2.05078125E-1	0.00000000E+0	0.00000000E+0
2.07519531E-1	1.78408009E-5	1.78408009E-5	2.07519531E-1	0.00000000E+0	0.00000000E+0
2.09960937E-1	1.80544994E-5	1.80544994E-5	2.09960937E-1	0.00000000E+0	0.00000000E+0
2.12402344E-1	1.82581007E-5	1.82581007E-5	2.12402344E-1	0.00000000E+0	0.00000000E+0
2.14843750E-1	1.84820001E-5	1.84820001E-5	2.14843750E-1	0.00000000E+0	0.00000000E+0
2.17285156E-1	1.86804991E-5	1.86804991E-5	2.17285156E-1	0.00000000E+0	0.00000000E+0
2.19726562E-1	1.88980994E-5	1.88980994E-5	2.19726562E-1	0.00000000E+0	0.00000000E+0
2.22167969E-1	1.90928004E-5	1.90928004E-5	2.22167969E-1	0.00000000E+0	0.00000000E+0
2.24609375E-1	1.93141004E-5	1.93141004E-5	2.24609375E-1	0.00000000E+0	0.00000000E+0
2.27050781E-1	1.95202992E-5	1.95202992E-5	2.27050781E-1	0.00000000E+0	0.00000000E+0
2.29492187E-1	1.97226000E-5	1.97226000E-5	2.29492187E-1	0.00000000E+0	0.00000000E+0
2.31933594E-1	1.99363003E-5	1.99363003E-5	2.31933594E-1	0.00000000E+0	0.00000000E+0
2.34375000E-1	2.01412004E-5	2.01412004E-5	2.34375000E-1	0.00000000E+0	0.00000000E+0
2.36816406E-1	2.03472991E-5	2.03472991E-5	2.36816406E-1	0.00000000E+0	0.00000000E+0
2.39257812E-1	2.05585002E-5	2.05585002E-5	2.39257812E-1	0.00000000E+0	0.00000000E+0
2.41699219E-1	2.07519006E-5	2.07519006E-5	2.41699219E-1	0.00000000E+0	0.00000000E+0
2.44140625E-1	2.09555001E-5	2.09555001E-5	2.44140625E-1	0.00000000E+0	0.00000000E+0
2.46582031E-1	2.11692004E-5	2.11692004E-5	2.46582031E-1	0.00000000E+0	0.00000000E+0
2.49023437E-1	2.13714993E-5	2.13714993E-5	2.49023437E-1	0.00000000E+0	0.00000000E+0
2.51464844E-1	2.15738000E-5	2.15738000E-5	2.51464844E-1	0.00000000E+0	0.00000000E+0
2.53906250E-1	2.17977995E-5	2.17977995E-5	2.53906250E-1	0.00000000E+0	0.00000000E+0
2.56347656E-1	2.20090005E-5	2.20090005E-5	2.56347656E-1	0.00000000E+0	0.00000000E+0
2.58789062E-1	2.22074996E-5	2.22074996E-5	2.58789062E-1	0.00000000E+0	0.00000000E+0
2.61230469E-1	2.24211999E-5	2.24211999E-5	2.61230469E-1	0.00000000E+0	0.00000000E+0
2.63671875E-1	2.26350003E-5	2.26350003E-5	2.63671875E-1	0.00000000E+0	0.00000000E+0
2.66113281E-1	2.28372992E-5	2.28372992E-5	2.66113281E-1	0.00000000E+0	0.00000000E+0
2.68554687E-1	2.30471996E-5	2.30471996E-5	2.68554687E-1	0.00000000E+0	0.00000000E+0
2.70996094E-1	2.32381008E-5	2.32381008E-5	2.70996094E-1	0.00000000E+0	0.00000000E+0
2.73437500E-1	2.34671006E-5	2.34671006E-5	2.73437500E-1	0.00000000E+0	0.00000000E+0
2.75878906E-1	2.36503001E-5	2.36503001E-5	2.75878906E-1	0.00000000E+0	0.00000000E+0
2.78320312E-1	2.38690991E-5	2.38690991E-5	2.78320312E-1	0.00000000E+0	0.00000000E+0
2.80761719E-1	2.40854006E-5	2.40854006E-5	2.80761719E-1	0.00000000E+0	0.00000000E+0
2.83203125E-1	2.42915994E-5	2.42915994E-5	2.83203125E-1	0.00000000E+0	0.00000000E+0
2.85644531E-1	2.44925996E-5	2.44925996E-5	2.85644531E-1	0.00000000E+0	0.00000000E+0
2.88085937E-1	2.47000007E-5	2.47000007E-5	2.88085937E-1	0.00000000E+0	0.00000000E+0
2.90527344E-1	2.49098994E-5	2.49098994E-5	2.90527344E-1	0.00000000E+0	0.00000000E+0
2.92968750E-1	2.51274996E-5	2.51274996E-5	2.92968750E-1	0.00000000E+0	0.00000000E+0
2.95410156E-1	2.53411999E-5	2.53411999E-5	2.95410156E-1	0.00000000E+0	0.00000000E+0
2.97851562E-1	2.55358991E-5	2.55358991E-5	2.97851562E-1	0.00000000E+0	0.00000000E+0
3.00292969E-1	2.57268002E-5	2.57268002E-5	3.00292969E-1	0.00000000E+0	0.00000000E+0
3.02734375E-1	2.59455992E-5	2.59455992E-5	3.02734375E-1	0.00000000E+0	0.00000000E+0
3.05175781E-1	2.61542991E-5	2.61542991E-5	3.05175781E-1	0.00000000E+0	0.00000000E+0
3.07617187E-1	2.63603997E-5	2.63603997E-5	3.07617187E-1	0.00000000E+0	0.00000000E+0
3.10058594E-1	2.65817998E-5	2.65817998E-5	3.10058594E-1	0.00000000E+0	0.00000000E+0
3.12500000E-1	2.67879004E-5	2.67879004E-5	3.12500000E-1	0.00000000E+0	0.00000000E+0
3.14941406E-1	2.69939992E-5	2.69939992E-5	3.14941406E-1	0.00000000E+0	0.00000000E+0
3.17382812E-1	2.71873996E-5	2.71873996E-5	3.17382812E-1	0.00000000E+0	0.00000000E+0
3.19824219E-1	2.74062004E-5	2.74062004E-5	3.19824219E-1	0.00000000E+0	0.00000000E+0
3.22265625E-1	2.76200008E-5	2.76200008E-5	3.22265625E-1	0.00000000E+0	0.00000000E+0
3.24707031E-1	2.78337993E-5	2.78337993E-5	3.24707031E-1	0.00000000E+0	0.00000000E+0
3.27148437E-1	2.80322001E-5	2.80322001E-5	3.27148437E-1	0.00000000E+0	0.00000000E+0
3.29589844E-1	2.82422006E-5	2.82422006E-5	3.29589844E-1	0.00000000E+0	0.00000000E+0
3.32031250E-1	2.84750004E-5	2.84750004E-5	3.32031250E-1	0.00000000E+0	0.00000000E+0
3.34472656E-1	2.86658997E-5	2.86658997E-5	3.34472656E-1	0.00000000E+0	0.00000000E+0
3.36914062E-1	2.89102009E-5	2.89102009E-5	3.36914062E-1	0.00000000E+0	0.00000000E+0
3.39355469E-1	2.90934004E-5	2.90934004E-5	3.39355469E-1	0.00000000E+0	0.00000000E+0
3.41796875E-1	2.93376997E-5	2.93376997E-5	3.41796875E-1	0.00000000E+0	0.00000000E+0
3.44238281E-1	2.95323007E-5	2.95323007E-5	3.44238281E-1	0.00000000E+0	0.00000000E+0
3.46679687E-1	2.97575007E-5	2.97575007E-5	3.46679687E-1	0.00000000E+0	0.00000000E+0
3.49121094E-1	2.99712992E-5	2.99712992E-5	3.49121094E-1	0.00000000E+0	0.00000000E+0
3.51562500E-1	3.02156004E-5	3.02156004E-5	3.51562500E-1	0.00000000E+0	0.00000000E+0
3.54003906E-1	3.04293008E-5	3.04293008E-5	3.54003906E-1	0.00000000E+0	0.00000000E+0
3.56445312E-1	3.06506990E-5	3.06506990E-5	3.56445312E-1	0.00000000E+0	0.00000000E+0
3.58886719E-1	3.08720992E-5	3.08720992E-5	3.58886719E-1	0.00000000E+0	0.00000000E+0
3.61328125E-1	3.11049007E-5	3.11049007E-5	3.61328125E-1	0.00000000E+0	0.00000000E+0
3.63769531E-1	3.13148994E-5	3.13148994E-5	3.63769531E-1	0.00000000E+0	0.00000000E+0
3.66210937E-1	3.15592006E-5	3.15592006E-5	3.66210937E-1	0.00000000E+0	0.00000000E+0
3.68652344E-1	3.17691010E-5	3.17691010E-5	3.68652344E-1	0.00000000E+0	0.00000000E+0
3.71093750E-1	3.19942992E-5	3.19942992E-5	3.71093750E-1	0.00000000E+0	0.00000000E+0
3.73535156E-1	3.22080996E-5	3.22080996E-5	3.73535156E-1	0.00000000E+0	0.00000000E+0
3.75976562E-1	3.24524008E-5	3.24524008E-5	3.75976562E-1	0.00000000E+0	0.00000000E+0
3.78417969E-1	3.26355985E-5	3.26355985E-5	3.78417969E-1	0.00000000E+0	0.00000000E+0
3.80859375E-1	3.28798997E-5	3.28798997E-5	3.80859375E-1	0.00000000E+0	0.00000000E+0
3.83300781E-1	3.30936018E-5	3.30936018E-5	3.83300781E-1	0.00000000E+0	0.00000000E+0
3.85742187E-1	3.33073986E-5	3.33073986E-5	3.85742187E-1	0.00000000E+0	0.00000000E+0
3.88183594E-1	3.35402001E-5	3.35402001E-5	3.88183594E-1	0.00000000E+0	0.00000000E+0
3.90625000E-1	3.37577985E-5	3.37577985E-5	3.90625000E-1	0.00000000E+0	0.00000000E+0
3.93066406E-1	3.39791986E-5	3.39791986E-5	3.93066406E-1	0.00000000E+0	0.00000000E+0
3.95507812E-1	3.41853010E-5	3.41853010E-5	3.95507812E-1	0.00000000E+0	0.00000000E+0
3.97949219E-1	3.44067012E-5	3.44067012E-5	3.97949219E-1	0.00000000E+0	0.00000000E+0
4.00390625E-1	3.46127999E-5	3.46127999E-5	4.00390625E-1	0.00000000E+0	0.00000000E+0
4.02832031E-1	3.48188987E-5	3.48188987E-5	4.02832031E-1	0.00000000E+0	0.00000000E+0
4.05273437E-1	3.50556002E-5	3.50556002E-5	4.05273437E-1	0.00000000E+0	0.00000000E+0
4.07714844E-1	3.52692987E-5	3.52692987E-5	4.07714844E-1	0.00000000E+0	0.00000000E+0
4.10156250E-1	3.54830991E-5	3.54830991E-5	4.10156250E-1	0.00000000E+0	0.00000000E+0
4.12597656E-1	3.56892015E-5	3.56892015E-5	4.12597656E-1	0.00000000E+0	0.00000000E+0
4.15039062E-1	3.59029000E-5	3.59029000E-5	4.15039062E-1	0.00000000E+0	0.00000000E+0
4.17480469E-1	3.61013990E-5	3.61013990E-5	4.17480469E-1	0.00000000E+0	0.00000000E+0
4.19921875E-1	3.63151994E-5	3.63151994E-5	4.19921875E-1	0.00000000E+0	0.00000000E+0
4.22363281E-1	3.65441992E-5	3.65441992E-5	4.22363281E-1	0.00000000E+0	0.00000000E+0
4.24804687E-1	3.67579996E-5	3.67579996E-5	4.24804687E-1	0.00000000E+0	0.00000000E+0
4.27246094E-1	3.69603003E-5	3.69603003E-5	4.27246094E-1	0.00000000E+0	0.00000000E+0
4.29687500E-1	3.72044997E-5	3.72044997E-5	4.29687500E-1	0.00000000E+0	0.00000000E+0
4.32128906E-1	3.73686999E-5	3.73686999E-5	4.32128906E-1	0.00000000E+0	0.00000000E+0
4.34570312E-1	3.76130010E-5	3.76130010E-5	4.34570312E-1	0.00000000E+0	0.00000000E+0
4.37011719E-1	3.78153018E-5	3.78153018E-5	4.37011719E-1	0.00000000E+0	0.00000000E+0
4.39453125E-1	3.80175989E-5	3.80175989E-5	4.39453125E-1	0.00000000E+0	0.00000000E+0
4.41894531E-1	3.82237013E-5	3.82237013E-5	4.41894531E-1	0.00000000E+0	0.00000000E+0
4.44335937E-1	3.84564992E-5	3.84564992E-5	4.44335937E-1	0.00000000E+0	0.00000000E+0
4.46777344E-1	3.86702995E-5	3.86702995E-5	4.46777344E-1	0.00000000E+0	0.00000000E+0
4.49218750E-1	3.89031011E-5	3.89031011E-5	4.49218750E-1	0.00000000E+0	0.00000000E+0
4.51660156E-1	3.91169015E-5	3.91169015E-5	4.51660156E-1	0.00000000E+0	0.00000000E+0
4.54101562E-1	3.93306000E-5	3.93306000E-5	4.54101562E-1	0.00000000E+0	0.00000000E+0
4.56542969E-1	3.95253010E-5	3.95253010E-5	4.56542969E-1	0.00000000E+0	0.00000000E+0
4.58984375E-1	3.97504991E-5	3.97504991E-5	4.58984375E-1	0.00000000E+0	0.00000000E+0
4.61425781E-1	3.99413984E-5	3.99413984E-5	4.61425781E-1	0.00000000E+0	0.00000000E+0
4.63867187E-1	4.01780017E-5	4.01780017E-5	4.63867187E-1	0.00000000E+0	0.00000000E+0
4.66308594E-1	4.03994018E-5	4.03994018E-5	4.66308594E-1	0.00000000E+0	0.00000000E+0
4.68750000E-1	4.06055005E-5	4.06055005E-5	4.68750000E-1	0.00000000E+0	0.00000000E+0
4.71191406E-1	4.08421984E-5	4.08421984E-5	4.71191406E-1	0.00000000E+0	0.00000000E+0
4.73632812E-1	4.10940993E-5	4.10940993E-5	4.73632812E-1	0.00000000E+0	0.00000000E+0
4.76074219E-1	4.13154994E-5	4.13154994E-5	4.76074219E-1	0.00000000E+0	0.00000000E+0
4.78515625E-1	4.15903014E-5	4.15903014E-5	4.78515625E-1	0.00000000E+0	0.00000000E+0
4.80957031E-1	4.18041018E-5	4.18041018E-5	4.80957031E-1	0.00000000E+0	0.00000000E+0
4.83398437E-1	4.20635988E-5	4.20635988E-5	4.83398437E-1	0.00000000E+0	0.00000000E+0
4.85839844E-1	4.22925987E-5	4.22925987E-5	4.85839844E-1	0.00000000E+0	0.00000000E+0
4.88281250E-1	4.25368999E-5	4.25368999E-5	4.88281250E-1	0.00000000E+0	0.00000000E+0
4.90722656E-1	4.27583000E-5	4.27583000E-5	4.90722656E-1	0.00000000E+0	0.00000000E+0
4.93164062E-1	4.30026012E-5	4.30026012E-5	4.93164062E-1	0.00000000E+0	0.00000000E+0
4.90722656E-1	4.27583000E-5	4.27583000E-5	4.90722656E-1	0.00000000E+0	0.00000000E+0
4.88281250E-1	4.25368999E-5	4.25368999E-5	4.88281250E-1	0.00000000E+0	0.00000000E+0
4.85839844E-1	4.22621015E-5	4.22621015E-5	4.85839844E-1	0.00000000E+0	0.00000000E+0
4.83398437E-1	4.20331016E-5	4.20331016E-5	4.83398437E-1	0.00000000E+0	0.00000000E+0
4.80957031E-1	4.17734991E-5	4.17734991E-5	4.80957031E-1	0.00000000E+0	0.00000000E+0
4.78515625E-1	4.15216018E-5	4.15216018E-5	4.78515625E-1	0.00000000E+0	0.00000000E+0
4.76074219E-1	4.12849004E-5	4.12849004E-5	4.76074219E-1	0.00000000E+0	0.00000000E+0
4.73632812E-1	4.10711982E-5	4.10711982E-5	4.73632812E-1	0.00000000E+0	0.00000000E+0
4.71191406E-1	4.08421984E-5	4.08421984E-5	4.71191406E-1	0.00000000E+0	0.00000000E+0
4.68750000E-1	4.06055005E-5	4.06055005E-5	4.68750000E-1	0.00000000E+0	0.00000000E+0
4.66308594E-1	4.03841004E-5	4.03841004E-5	4.66308594E-1	0.00000000E+0	0.00000000E+0
4.63867187E-1	4.01551006E-5	4.01551006E-5	4.63867187E-1	0.00000000E+0	0.00000000E+0
4.61425781E-1	3.99413984E-5	3.99413984E-5	4.61425781E-1	0.00000000E+0	0.00000000E+0
4.58984375E-1	3.97504991E-5	3.97504991E-5	4.58984375E-1	0.00000000E+0	0.00000000E+0
4.56542969E-1	3.95253010E-5	3.95253010E-5	4.56542969E-1	0.00000000E+0	0.00000000E+0
4.54101562E-1	3.93306000E-5	3.93306000E-5	4.54101562E-1	0.00000000E+0	0.00000000E+0
4.51660156E-1	3.91169015E-5	3.91169015E-5	4.51660156E-1	0.00000000E+0	0.00000000E+0
4.49218750E-1	3.89031011E-5	3.89031011E-5	4.49218750E-1	0.00000000E+0	0.00000000E+0
4.46777344E-1	3.86702995E-5	3.86702995E-5	4.46777344E-1	0.00000000E+0	0.00000000E+0
4.44335937E-1	3.84564992E-5	3.84564992E-5	4.44335937E-1	0.00000000E+0	0.00000000E+0
4.41894531E-1	3.82541984E-5	3.82541984E-5	4.41894531E-1	0.00000000E+0	0.00000000E+0
4.39453125E-1	3.80404999E-5	3.80404999E-5	4.39453125E-1	0.00000000E+0	0.00000000E+0
4.37011719E-1	3.78344012E-5	3.78344012E-5	4.37011719E-1	0.00000000E+0	0.00000000E+0
4.34570312E-1	3.76130010E-5	3.76130010E-5	4.34570312E-1	0.00000000E+0	0.00000000E+0
4.32128906E-1	3.73992007E-5	3.73992007E-5	4.32128906E-1	0.00000000E+0	0.00000000E+0
4.29687500E-1	3.72044997E-5	3.72044997E-5	4.29687500E-1	0.00000000E+0	0.00000000E+0
4.27246094E-1	3.69793015E-5	3.69793015E-5	4.27246094E-1	0.00000000E+0	0.00000000E+0
4.24804687E-1	3.67579996E-5	3.67579996E-5	4.24804687E-1	0.00000000E+0	0.00000000E+0
4.22363281E-1	3.65441992E-5	3.65441992E-5	4.22363281E-1	0.00000000E+0	0.00000000E+0
4.19921875E-1	3.63305007E-5	3.63305007E-5	4.19921875E-1	0.00000000E+0	0.00000000E+0
4.17480469E-1	3.61013990E-5	3.61013990E-5	4.17480469E-1	0.00000000E+0	0.00000000E+0
4.15039062E-1	3.59029000E-5	3.59029000E-5	4.15039062E-1	0.00000000E+0	0.00000000E+0
4.12597656E-1	3.56892015E-5	3.56892015E-5	4.12597656E-1	0.00000000E+0	0.00000000E+0
4.10156250E-1	3.54830991E-5	3.54830991E-5	4.10156250E-1	0.00000000E+0	0.00000000E+0
4.07714844E-1	3.52692987E-5	3.52692987E-5	4.07714844E-1	0.00000000E+0	0.00000000E+0
4.05273437E-1	3.50556002E-5	3.50556002E-5	4.05273437E-1	0.00000000E+0	0.00000000E+0
4.02832031E-1	3.48342001E-5	3.48342001E-5	4.02832031E-1	0.00000000E+0	0.00000000E+0
4.00390625E-1	3.46127999E-5	3.46127999E-5	4.00390625E-1	0.00000000E+0	0.00000000E+0
3.97949219E-1	3.43876018E-5	3.43876018E-5	3.97949219E-1	0.00000000E+0	0.00000000E+0
3.95507812E-1	3.41624000E-5	3.41624000E-5	3.95507812E-1	0.00000000E+0	0.00000000E+0
3.93066406E-1	3.39791986E-5	3.39791986E-5	3.93066406E-1	0.00000000E+0	0.00000000E+0
3.90625000E-1	3.37577985E-5	3.37577985E-5	3.90625000E-1	0.00000000E+0	0.00000000E+0
3.88183594E-1	3.35402001E-5	3.35402001E-5	3.88183594E-1	0.00000000E+0	0.00000000E+0
3.85742187E-1	3.33073986E-5	3.33073986E-5	3.85742187E-1	0.00000000E+0	0.00000000E+0
3.83300781E-1	3.30936018E-5	3.30936018E-5	3.83300781E-1	0.00000000E+0	0.00000000E+0
3.80859375E-1	3.28645983E-5	3.28645983E-5	3.80859375E-1	0.00000000E+0	0.00000000E+0
3.78417969E-1	3.26355985E-5	3.26355985E-5	3.78417969E-1	0.00000000E+0	0.00000000E+0
3.75976562E-1	3.24218017E-5	3.24218017E-5	3.75976562E-1	0.00000000E+0	0.00000000E+0
3.73535156E-1	3.21927982E-5	3.21927982E-5	3.73535156E-1	0.00000000E+0	0.00000000E+0
3.71093750E-1	3.19714018E-5	3.19714018E-5	3.71093750E-1	0.00000000E+0	0.00000000E+0
3.68652344E-1	3.17500017E-5	3.17500017E-5	3.68652344E-1	0.00000000E+0	0.00000000E+0
3.66210937E-1	3.15438992E-5	3.15438992E-5	3.66210937E-1	0.00000000E+0	0.00000000E+0
3.63769531E-1	3.12996017E-5	3.12996017E-5	3.63769531E-1	0.00000000E+0	0.00000000E+0
3.61328125E-1	3.10858995E-5	3.10858995E-5	3.61328125E-1	0.00000000E+0	0.00000000E+0
3.58886719E-1	3.08529998E-5	3.08529998E-5	3.58886719E-1	0.00000000E+0	0.00000000E+0
3.56445312E-1	3.06506990E-5	3.06506990E-5	3.56445312E-1	0.00000000E+0	0.00000000E+0
3.54003906E-1	3.03987999E-5	3.03987999E-5	3.54003906E-1	0.00000000E+0	0.00000000E+0
3.51562500E-1	3.01926993E-5	3.01926993E-5	3.51562500E-1	0.00000000E+0	0.00000000E+0
3.49121094E-1	2.99712992E-5	2.99712992E-5	3.49121094E-1	0.00000000E+0	0.00000000E+0
3.46679687E-1	2.97422994E-5	2.97422994E-5	3.46679687E-1	0.00000000E+0	0.00000000E+0
3.44238281E-1	2.95323007E-5	2.95323007E-5	3.44238281E-1	0.00000000E+0	0.00000000E+0
3.41796875E-1	2.93186004E-5	2.93186004E-5	3.41796875E-1	0.00000000E+0	0.00000000E+0
3.39355469E-1	2.90934004E-5	2.90934004E-5	3.39355469E-1	0.00000000E+0	0.00000000E+0
3.36914062E-1	2.88910996E-5	2.88910996E-5	3.36914062E-1	0.00000000E+0	0.00000000E+0
3.34472656E-1	2.86658997E-5	2.86658997E-5	3.34472656E-1	0.00000000E+0	0.00000000E+0
3.32031250E-1	2.84597008E-5	2.84597008E-5	3.32031250E-1	0.00000000E+0	0.00000000E+0
3.29589844E-1	2.82422006E-5	2.82422006E-5	3.29589844E-1	0.00000000E+0	0.00000000E+0
3.27148437E-1	2.80322001E-5	2.80322001E-5	3.27148437E-1	0.00000000E+0	0.00000000E+0
3.24707031E-1	2.78032003E-5	2.78032003E-5	3.24707031E-1	0.00000000E+0	0.00000000E+0
3.22265625E-1	2.76200008E-5	2.76200008E-5	3.22265625E-1	0.00000000E+0	0.00000000E+0
3.19824219E-1	2.74062004E-5	2.74062004E-5	3.19824219E-1	0.00000000E+0	0.00000000E+0
3.17382812E-1	2.71873996E-5	2.71873996E-5	3.17382812E-1	0.00000000E+0	0.00000000E+0
3.14941406E-1	2.69786997E-5	2.69786997E-5	3.14941406E-1	0.00000000E+0	0.00000000E+0
3.12500000E-1	2.67879004E-5	2.67879004E-5	3.12500000E-1	0.00000000E+0	0.00000000E+0
3.10058594E-1	2.65627004E-5	2.65627004E-5	3.10058594E-1	0.00000000E+0	0.00000000E+0
3.07617187E-1	2.63489001E-5	2.63489001E-5	3.07617187E-1	0.00000000E+0	0.00000000E+0
3.05175781E-1	2.61542991E-5	2.61542991E-5	3.05175781E-1	0.00000000E+0	0.00000000E+0
3.02734375E-1	2.59455992E-5	2.59455992E-5	3.02734375E-1	0.00000000E+0	0.00000000E+0
3.00292969E-1	2.57268002E-5	2.57268002E-5	3.00292969E-1	0.00000000E+0	0.00000000E+0
2.97851562E-1	2.55205996E-5	2.55205996E-5	2.97851562E-1	0.00000000E+0	0.00000000E+0
2.95410156E-1	2.53221006E-5	2.53221006E-5	2.95410156E-1	0.00000000E+0	0.00000000E+0
2.92968750E-1	2.51160000E-5	2.51160000E-5	2.92968750E-1	0.00000000E+0	0.00000000E+0
2.90527344E-1	2.49098994E-5	2.49098994E-5	2.90527344E-1	0.00000000E+0	0.00000000E+0
2.88085937E-1	2.47000007E-5	2.47000007E-5	2.88085937E-1	0.00000000E+0	0.00000000E+0
2.85644531E-1	2.44925996E-5	2.44925996E-5	2.85644531E-1	0.00000000E+0	0.00000000E+0
2.83203125E-1	2.42800998E-5	2.42800998E-5	2.83203125E-1	0.00000000E+0	0.00000000E+0
2.80761719E-1	2.40701993E-5	2.40701993E-5	2.80761719E-1	0.00000000E+0	0.00000000E+0
2.78320312E-1	2.38690991E-5	2.38690991E-5	2.78320312E-1	0.00000000E+0	0.00000000E+0
2.75878906E-1	2.36503001E-5	2.36503001E-5	2.75878906E-1	0.00000000E+0	0.00000000E+0
2.73437500E-1	2.34479994E-5	2.34479994E-5	2.73437500E-1	0.00000000E+0	0.00000000E+0
2.70996094E-1	2.32381008E-5	2.32381008E-5	2.70996094E-1	0.00000000E+0	0.00000000E+0
2.68554687E-1	2.30471996E-5	2.30471996E-5	2.68554687E-1	0.00000000E+0	0.00000000E+0
2.66113281E-1	2.28181998E-5	2.28181998E-5	2.66113281E-1	0.00000000E+0	0.00000000E+0
2.63671875E-1	2.26197008E-5	2.26197008E-5	2.63671875E-1	0.00000000E+0	0.00000000E+0
2.61230469E-1	2.24059004E-5	2.24059004E-5	2.61230469E-1	0.00000000E+0	0.00000000E+0
2.58789062E-1	2.22074996E-5	2.22074996E-5	2.58789062E-1	0.00000000E+0	0.00000000E+0
2.56347656E-1	2.19936992E-5	2.19936992E-5	2.56347656E-1	0.00000000E+0	0.00000000E+0
2.53906250E-1	2.17977995E-5	2.17977995E-5	2.53906250E-1	0.00000000E+0	0.00000000E+0
2.51464844E-1	2.15966993E-5	2.15966993E-5	2.51464844E-1	0.00000000E+0	0.00000000E+0
2.49023437E-1	2.13906005E-5	2.13906005E-5	2.49023437E-1	0.00000000E+0	0.00000000E+0
2.46582031E-1	2.11692004E-5	2.11692004E-5	2.46582031E-1	0.00000000E+0	0.00000000E+0
2.44140625E-1	2.09555001E-5	2.09555001E-5	2.44140625E-1	0.00000000E+0	0.00000000E+0
2.41699219E-1	2.07519006E-5	2.07519006E-5	2.41699219E-1	0.00000000E+0	0.00000000E+0
2.39257812E-1	2.05585002E-5	2.05585002E-5	2.39257812E-1	0.00000000E+0	0.00000000E+0
2.36816406E-1	2.03472991E-5	2.03472991E-5	2.36816406E-1	0.00000000E+0	0.00000000E+0
2.34375000E-1	2.01412004E-5	2.01412004E-5	2.34375000E-1	0.00000000E+0	0.00000000E+0
2.31933594E-1	1.99249007E-5	1.99249007E-5	2.31933594E-1	0.00000000E+0	0.00000000E+0
2.29492187E-1	1.97226000E-5	1.97226000E-5	2.29492187E-1	0.00000000E+0	0.00000000E+0
2.27050781E-1	1.95087996E-5	1.95087996E-5	2.27050781E-1	0.00000000E+0	0.00000000E+0
2.24609375E-1	1.93141004E-5	1.93141004E-5	2.24609375E-1	0.00000000E+0	0.00000000E+0
2.22167969E-1	1.90825995E-5	1.90825995E-5	2.22167969E-1	0.00000000E+0	0.00000000E+0
2.19726562E-1	1.88980994E-5	1.88980994E-5	2.19726562E-1	0.00000000E+0	0.00000000E+0
2.17285156E-1	1.86804991E-5	1.86804991E-5	2.17285156E-1	0.00000000E+0	0.00000000E+0
2.14843750E-1	1.84820001E-5	1.84820001E-5	2.14843750E-1	0.00000000E+0	0.00000000E+0
2.12402344E-1	1.82581007E-5	1.82581007E-5	2.12402344E-1	0.00000000E+0	0.00000000E+0
2.09960937E-1	1.80544994E-5	1.80544994E-5	2.09960937E-1	0.00000000E+0	0.00000000E+0
2.07519531E-1	1.78408009E-5	1.78408009E-5	2.07519531E-1	0.00000000E+0	0.00000000E+0
2.05078125E-1	1.76397007E-5	1.76397007E-5	2.05078125E-1	0.00000000E+0	0.00000000E+0
2.02636719E-1	1.74190009E-5	1.74190009E-5	2.02636719E-1	0.00000000E+0	0.00000000E+0
2.00195312E-1	1.72122000E-5	1.72122000E-5	2.00195312E-1	0.00000000E+0	0.00000000E+0
1.97753906E-1	1.70048006E-5	1.70048006E-5	1.97753906E-1	0.00000000E+0	0.00000000E+0
1.95312500E-1	1.67974995E-5	1.67974995E-5	1.95312500E-1	0.00000000E+0	0.00000000E+0
1.92871094E-1	1.65772999E-5	1.65772999E-5	1.92871094E-1	0.00000000E+0	0.00000000E+0
1.90429687E-1	1.63724999E-5	1.63724999E-5	1.90429687E-1	0.00000000E+0	0.00000000E+0
1.87988281E-1	1.61586995E-5	1.61586995E-5	1.87988281E-1	0.00000000E+0	0.00000000E+0
1.85546875E-1	1.59532992E-5	1.59532992E-5	1.85546875E-1	0.00000000E+0	0.00000000E+0
1.83105469E-1	1.57413997E-5	1.57413997E-5	1.83105469E-1	0.00000000E+0	0.00000000E+0
1.80664062E-1	1.55429007E-5	1.55429007E-5	1.80664062E-1	0.00000000E+0	0.00000000E+0
1.78222656E-1	1.53139008E-5	1.53139008E-5	1.78222656E-1	0.00000000E+0	0.00000000E+0
1.75781250E-1	1.51230997E-5	1.51230997E-5	1.75781250E-1	0.00000000E+0	0.00000000E+0
1.73339844E-1	1.49074003E-5	1.49074003E-5	1.73339844E-1	0.00000000E+0	0.00000000E+0
1.70898437E-1	1.46929997E-5	1.46929997E-5	1.70898437E-1	0.00000000E+0	0.00000000E+0
1.68457031E-1	1.44779997E-5	1.44779997E-5	1.68457031E-1	0.00000000E+0	0.00000000E+0
1.66015625E-1	1.42680001E-5	1.42680001E-5	1.66015625E-1	0.00000000E+0	0.00000000E+0
1.63574219E-1	1.40619004E-5	1.40619004E-5	1.63574219E-1	0.00000000E+0	0.00000000E+0
1.61132812E-1	1.38501000E-5	1.38501000E-5	1.61132812E-1	0.00000000E+0	0.00000000E+0
1.58691406E-1	1.36343997E-5	1.36343997E-5	1.58691406E-1	0.00000000E+0	0.00000000E+0
1.56250000E-1	1.34396996E-5	1.34396996E-5	1.56250000E-1	0.00000000E+0	0.00000000E+0
1.53808594E-1	1.32272999E-5	1.32272999E-5	1.53808594E-1	0.00000000E+0	0.00000000E+0
1.51367187E-1	1.30086000E-5	1.30086000E-5	1.51367187E-1	0.00000000E+0	0.00000000E+0
1.48925781E-1	1.27966996E-5	1.27966996E-5	1.48925781E-1	0.00000000E+0	0.00000000E+0
1.46484375E-1	1.25848001E-5	1.25848001E-5	1.46484375E-1	0.00000000E+0	0.00000000E+0
1.44042969E-1	1.23755999E-5	1.23755999E-5	1.44042969E-1	0.00000000E+0	0.00000000E+0
1.41601562E-1	1.21655003E-5	1.21655003E-5	1.41601562E-1	0.00000000E+0	0.00000000E+0
1.39160156E-1	1.19523002E-5	1.19523002E-5	1.39160156E-1	0.00000000E+0	0.00000000E+0
1.36718750E-1	1.17434001E-5	1.17434001E-5	1.36718750E-1	0.00000000E+0	0.00000000E+0
1.34277344E-1	1.15247003E-5	1.15247003E-5	1.34277344E-1	0.00000000E+0	0.00000000E+0
1.31835937E-1	1.13239003E-5	1.13239003E-5	1.31835937E-1	0.00000000E+0	0.00000000E+0
1.29394531E-1	1.11032996E-5	1.11032996E-5	1.29394531E-1	0.00000000E+0	0.00000000E+0
1.26953125E-1	1.08962004E-5	1.08962004E-5	1.26953125E-1	0.00000000E+0	0.00000000E+0
1.24511719E-1	1.06874004E-5	1.06874004E-5	1.24511719E-1	0.00000000E+0	0.00000000E+0
1.22070312E-1	1.04771998E-5	1.04771998E-5	1.22070312E-1	0.00000000E+0	0.00000000E+0
1.19628906E-1	1.02684999E-5	1.02684999E-5	1.19628906E-1	0.00000000E+0	0.00000000E+0
1.17187500E-1	1.00580000E-5	1.00580000E-5	1.17187500E-1	0.00000000E+0	0.00000000E+0
1.14746094E-1	9.83984955E-6	9.83984955E-6	1.14746094E-1	0.00000000E+0	0.00000000E+0
1.12304687E-1	9.62639024E-6	9.62639024E-6	1.12304687E-1	0.00000000E+0	0.00000000E+0
1.09863281E-1	9.41319013E-6	9.41319013E-6	1.09863281E-1	0.00000000E+0	0.00000000E+0
1.07421875E-1	9.20406001E-6	9.20406001E-6	1.07421875E-1	0.00000000E+0	0.00000000E+0
1.04980469E-1	8.98768030E-6	8.98768030E-6	1.04980469E-1	0.00000000E+0	0.00000000E+0
1.02539062E-1	8.78121955E-6	8.78121955E-6	1.02539062E-1	0.00000000E+0	0.00000000E+0
1.00097656E-1	8.56673978E-6	8.56673978E-6	1.00097656E-1	0.00000000E+0	0.00000000E+0
9.76562500E-2	8.36105028E-6	8.36105028E-6	9.76562500E-2	0.00000000E+0	0.00000000E+0
9.52148438E-2	8.14352006E-6	8.14352006E-6	9.52148438E-2	0.00000000E+0	0.00000000E+0
9.27734375E-2	7.93477011E-6	7.93477011E-6	9.27734375E-2	0.00000000E+0	0.00000000E+0
9.03320313E-2	7.72259045E-6	7.72259045E-6	9.03320313E-2	0.00000000E+0	0.00000000E+0
8.78906250E-2	7.51804009E-6	7.51804009E-6	8.78906250E-2	0.00000000E+0	0.00000000E+0
8.54492188E-2	7.29784006E-6	7.29784006E-6	8.54492188E-2	0.00000000E+0	0.00000000E+0
8.30078125E-2	7.09519009E-6	7.09519009E-6	8.30078125E-2	0.00000000E+0	0.00000000E+0
8.05664063E-2	6.88148020E-6	6.88148020E-6	8.05664063E-2	0.00000000E+0	0.00000000E+0
7.81250000E-2	6.67731001E-6	6.67731001E-6	7.81250000E-2	0.00000000E+0	0.00000000E+0
7.56835938E-2	6.46169019E-6	6.46169019E-6	7.56835938E-2	0.00000000E+0	0.00000000E+0
7.32421875E-2	6.24951008E-6	6.24951008E-6	7.32421875E-2	0.00000000E+0	0.00000000E+0
7.08007813E-2	6.03656008E-6	6.03656008E-6	7.08007813E-2	0.00000000E+0	0.00000000E+0
6.83593750E-2	5.82591019E-6	5.82591019E-6	6.83593750E-2	0.00000000E+0	0.00000000E+0
6.59179688E-2	5.60991020E-6	5.60991020E-6	6.59179688E-2	0.00000000E+0	0.00000000E+0
6.34765625E-2	5.40153997E-6	5.40153997E-6	6.34765625E-2	0.00000000E+0	0.00000000E+0
6.10351563E-2	5.18706020E-6	5.18706020E-6	6.10351563E-2	0.00000000E+0	0.00000000E+0
5.85937500E-2	4.98136978E-6	4.98136978E-6	5.85937500E-2	0.00000000E+0	0.00000000E+0
5.61523438E-2	4.76459991E-6	4.76459991E-6	5.61523438E-2	0.00000000E+0	0.00000000E+0
5.37109375E-2	4.55433019E-6	4.55433019E-6	5.37109375E-2	0.00000000E+0	0.00000000E+0
5.12695313E-2	4.33984997E-6	4.33984997E-6	5.12695313E-2	0.00000000E+0	0.00000000E+0
4.88281250E-2	4.13225007E-6	4.13225007E-6	4.88281250E-2	0.00000000E+0	0.00000000E+0
4.63867188E-2	3.91930007E-6	3.91930007E-6	4.63867188E-2	0.00000000E+0	0.00000000E+0
4.39453125E-2	3.71016995E-6	3.71016995E-6	4.39453125E-2	0.00000000E+0	0.00000000E+0
4.15039063E-2	3.49493007E-6	3.49493007E-6	4.15039063E-2	0.00000000E+0	0.00000000E+0
3.90625000E-2	3.29114005E-6	3.29114005E-6	3.90625000E-2	0.00000000E+0	0.00000000E+0
3.66210938E-2	3.07132996E-6	3.07132996E-6	3.66210938E-2	0.00000000E+0	0.00000000E+0
3.41796875E-2	2.86067007E-6	2.86067007E-6	3.41796875E-2	0.00000000E+0	0.00000000E+0
3.17382813E-2	2.64365008E-6	2.64365008E-6	3.17382813E-2	0.00000000E+0	0.00000000E+0
2.92968750E-2	2.43858995E-6	2.43858995E-6	2.92968750E-2	0.00000000E+0	0.00000000E+0
2.68554688E-2	2.22285007E-6	2.22285007E-6	2.68554688E-2	0.00000000E+0	0.00000000E+0
2.44140625E-2	2.01421994E-6	2.01421994E-6	2.44140625E-2	0.00000000E+0	0.00000000E+0
2.19726563E-2	1.79974995E-6	1.79974995E-6	2.19726563E-2	0.00000000E+0	0.00000000E+0
1.95312500E-2	1.59367005E-6	1.59367005E-6	1.95312500E-2	0.00000000E+0	0.00000000E+0
1.70898438E-2	1.37805000E-6	1.37805000E-6	1.70898438E-2	0.00000000E+0	0.00000000E+0
1.46484375E-2	1.17025002E-6	1.17025002E-6	1.46484375E-2	0.00000000E+0	0.00000000E+0
1.22070313E-2	9.55031055E-7	9.55031055E-7	1.22070313E-2	0.00000000E+0	0.00000000E+0
9.76562500E-3	7.47849981E-7	7.47849981E-7	9.76562500E-3	0.00000000E+0	0.00000000E+0
7.32421875E-3	5.32957017E-7	5.32957017E-7	7.32421875E-3	0.00000000E+0	0.00000000E+0
4.88281250E-3	3.26157988E-7	3.26157988E-7	4.88281250E-3	0.00000000E+0	0.00000000E+0
2.44140625E-3	1.16152002E-7	1.16152002E-7	2.44140625E-3	0.00000000E+0	0.00000000E+0
0.00000000E+0	-2.87642998E-9	-2.87642998E-9	0.00000000E+0	0.00000000E+0	0.00000000E+0
-2.44140625E-3	-2.64721990E-7	-2.64721990E-7	-2.44140625E-3	0.00000000E+0	0.00000000E+0
-4.88281250E-3	-4.86296983E-7	-4.86296983E-7	-4.88281250E-3	0.00000000E+0	0.00000000E+0
-7.32421875E-3	-7.15547003E-7	-7.15547003E-7	-7.32421875E-3	0.00000000E+0	0.00000000E+0
-9.76562500E-3	-9.36702975E-7	-9.36702975E-7	-9.76562500E-3	0.00000000E+0	0.00000000E+0
-1.22070313E-2	-1.16865999E-6	-1.16865999E-6	-1.22070313E-2	0.00000000E+0	0.00000000E+0
-1.46484375E-2	-1.39065003E-6	-1.39065003E-6	-1.46484375E-2	0.00000000E+0	0.00000000E+0
-1.70898438E-2	-1.62037998E-6	-1.62037998E-6	-1.70898438E-2	0.00000000E+0	0.00000000E+0
-1.95312500E-2	-1.84095995E-6	-1.84095995E-6	-1.95312500E-2	0.00000000E+0	0.00000000E+0
-2.19726563E-2	-2.07298990E-6	-2.07298990E-6	-2.19726563E-2	0.00000000E+0	0.00000000E+0
-2.44140625E-2	-2.29815009E-6	-2.29815009E-6	-2.44140625E-2	0.00000000E+0	0.00000000E+0
-2.68554688E-2	-2.52904010E-6	-2.52904010E-6	-2.68554688E-2	0.00000000E+0	0.00000000E+0
-2.92968750E-2	-2.75190996E-6	-2.75190996E-6	-2.92968750E-2	0.00000000E+0	0.00000000E+0
-3.17382813E-2	-2.98431996E-6	-2.98431996E-6	-3.17382813E-2	0.00000000E+0	0.00000000E+0
-3.41796875E-2	-3.20871004E-6	-3.20871004E-6	-3.41796875E-2	0.00000000E+0	0.00000000E+0
-3.66210938E-2	-3.43769011E-6	-3.43769011E-6	-3.66210938E-2	0.00000000E+0	0.00000000E+0
-3.90625000E-2	-3.65750998E-6	-3.65750998E-6	-3.90625000E-2	0.00000000E+0	0.00000000E+0
-4.15039063E-2	-3.89716979E-6	-3.89716979E-6	-4.15039063E-2	0.00000000E+0	0.00000000E+0
-4.39453125E-2	-4.12155987E-6	-4.12155987E-6	-4.39453125E-2	0.00000000E+0	0.00000000E+0
-4.63867188E-2	-4.35741003E-6	-4.35741003E-6	-4.63867188E-2	0.00000000E+0	0.00000000E+0
-4.88281250E-2	-4.57951000E-6	-4.57951000E-6	-4.88281250E-2	0.00000000E+0	0.00000000E+0
-5.12695313E-2	-4.81307006E-6	-4.81307006E-6	-5.12695313E-2	0.00000000E+0	0.00000000E+0
-5.37109375E-2	-5.03823003E-6	-5.03823003E-6	-5.37109375E-2	0.00000000E+0	0.00000000E+0
-5.61523438E-2	-5.26568010E-6	-5.26568010E-6	-5.61523438E-2	0.00000000E+0	0.00000000E+0
-5.85937500E-2	-5.49084007E-6	-5.49084007E-6	-5.85937500E-2	0.00000000E+0	0.00000000E+0
-6.10351563E-2	-5.72362978E-6	-5.72362978E-6	-6.10351563E-2	0.00000000E+0	0.00000000E+0
-6.34765625E-2	-5.95031997E-6	-5.95031997E-6	-6.34765625E-2	0.00000000E+0	0.00000000E+0
-6.59179688E-2	-6.18233980E-6	-6.18233980E-6	-6.59179688E-2	0.00000000E+0	0.00000000E+0
-6.83593750E-2	-6.40788994E-6	-6.40788994E-6	-6.83593750E-2	0.00000000E+0	0.00000000E+0
-7.08007813E-2	-6.63991023E-6	-6.63991023E-6	-7.08007813E-2	0.00000000E+0	0.00000000E+0
-7.32421875E-2	-6.86125986E-6	-6.86125986E-6	-7.32421875E-2	0.00000000E+0	0.00000000E+0
-7.56835938E-2	-7.09329015E-6	-7.09329015E-6	-7.56835938E-2	0.00000000E+0	0.00000000E+0
-7.81250000E-2	-7.31119007E-6	-7.31119007E-6	-7.81250000E-2	0.00000000E+0	0.00000000E+0
-8.05664063E-2	-7.54551002E-6	-7.54551002E-6	-8.05664063E-2	0.00000000E+0	0.00000000E+0
-8.30078125E-2	-7.77028981E-6	-7.77028981E-6	-8.30078125E-2	0.00000000E+0	0.00000000E+0
-8.54492188E-2	-8.00652015E-6	-8.00652015E-6	-8.54492188E-2	0.00000000E+0	0.00000000E+0
-8.78906250E-2	-8.22671973E-6	-8.22671973E-6	-8.78906250E-2	0.00000000E+0	0.00000000E+0
-9.03320313E-2	-8.45913019E-6	-8.45913019E-6	-9.03320313E-2	0.00000000E+0	0.00000000E+0
-9.27734375E-2	-8.68200004E-6	-8.68200004E-6	-9.27734375E-2	0.00000000E+0	0.00000000E+0
-9.52148438E-2	-8.91784020E-6	-8.91784020E-6	-9.52148438E-2	0.00000000E+0	0.00000000E+0
-9.76562500E-2	-9.13728036E-6	-9.13728036E-6	-9.76562500E-2	0.00000000E+0	0.00000000E+0
-1.00097656E-1	-9.37236018E-6	-9.37236018E-6	-1.00097656E-1	0.00000000E+0	0.00000000E+0
-1.02539062E-1	-9.59293993E-6	-9.59293993E-6	-1.02539062E-1	0.00000000E+0	0.00000000E+0
-1.04980469E-1	-9.82228994E-6	-9.82228994E-6	-1.04980469E-1	0.00000000E+0	0.00000000E+0
-1.07421875E-1	-1.00525003E-5	-1.00525003E-5	-1.07421875E-1	0.00000000E+0	0.00000000E+0
-1.09863281E-1	-1.02799004E-5	-1.02799004E-5	-1.09863281E-1	0.00000000E+0	0.00000000E+0
-1.12304687E-1	-1.05043000E-5	-1.05043000E-5	-1.12304687E-1	0.00000000E+0	0.00000000E+0
-1.14746094E-1	-1.07362002E-5	-1.07362002E-5	-1.14746094E-1	0.00000000E+0	0.00000000E+0
-1.17187500E-1	-1.09545999E-5	-1.09545999E-5	-1.17187500E-1	0.00000000E+0	0.00000000E+0
-1.19628906E-1	-1.11931004E-5	-1.11931004E-5	-1.19628906E-1	0.00000000E+0	0.00000000E+0
-1.22070312E-1	-1.14171999E-5	-1.14171999E-5	-1.22070312E-1	0.00000000E+0	0.00000000E+0
-1.24511719E-1	-1.16502997E-5	-1.16502997E-5	-1.24511719E-1	0.00000000E+0	0.00000000E+0
-1.26953125E-1	-1.18683001E-5	-1.18683001E-5	-1.26953125E-1	0.00000000E+0	0.00000000E+0
-1.29394531E-1	-1.21112998E-5	-1.21112998E-5	-1.29394531E-1	0.00000000E+0	0.00000000E+0
-1.31835937E-1	-1.23292002E-5	-1.23292002E-5	-1.31835937E-1	0.00000000E+0	0.00000000E+0
-1.34277344E-1	-1.25619999E-5	-1.25619999E-5	-1.34277344E-1	0.00000000E+0	0.00000000E+0
-1.36718750E-1	-1.27880003E-5	-1.27880003E-5	-1.36718750E-1	0.00000000E+0	0.00000000E+0
-1.39160156E-1	-1.30188000E-5	-1.30188000E-5	-1.39160156E-1	0.00000000E+0	0.00000000E+0
-1.41601562E-1	-1.32393998E-5	-1.32393998E-5	-1.41601562E-1	0.00000000E+0	0.00000000E+0
-1.44042969E-1	-1.34741003E-5	-1.34741003E-5	-1.44042969E-1	0.00000000E+0	0.00000000E+0
-1.46484375E-1	-1.37031002E-5	-1.37031002E-5	-1.46484375E-1	0.00000000E+0	0.00000000E+0
-1.48925781E-1	-1.39283002E-5	-1.39283002E-5	-1.48925781E-1	0.00000000E+0	0.00000000E+0
-1.51367187E-1	-1.41535002E-5	-1.41535002E-5	-1.51367187E-1	0.00000000E+0	0.00000000E+0
-1.53808594E-1	-1.43875995E-5	-1.43875995E-5	-1.53808594E-1	0.00000000E+0	0.00000000E+0
-1.56250000E-1	-1.46039001E-5	-1.46039001E-5	-1.56250000E-1	0.00000000E+0	0.00000000E+0
-1.58691406E-1	-1.48405998E-5	-1.48405998E-5	-1.58691406E-1	0.00000000E+0	0.00000000E+0
-1.61132812E-1	-1.50695996E-5	-1.50695996E-5	-1.61132812E-1	0.00000000E+0	0.00000000E+0
-1.63574219E-1	-1.53062992E-5	-1.53062992E-5	-1.63574219E-1	0.00000000E+0	0.00000000E+0
-1.66015625E-1	-1.55199996E-5	-1.55199996E-5	-1.66015625E-1	0.00000000E+0	0.00000000E+0
-1.68457031E-1	-1.57528993E-5	-1.57528993E-5	-1.68457031E-1	0.00000000E+0	0.00000000E+0
-1.70898437E-1	-1.59857009E-5	-1.59857009E-5	-1.70898437E-1	0.00000000E+0	0.00000000E+0
-1.73339844E-1	-1.62197994E-5	-1.62197994E-5	-1.73339844E-1	0.00000000E+0	0.00000000E+0
-1.75781250E-1	-1.64284993E-5	-1.64284993E-5	-1.75781250E-1	0.00000000E+0	0.00000000E+0
-1.78222656E-1	-1.66690006E-5	-1.66690006E-5	-1.78222656E-1	0.00000000E+0	0.00000000E+0
-1.80664062E-1	-1.68903007E-5	-1.68903007E-5	-1.80664062E-1	0.00000000E+0	0.00000000E+0
-1.83105469E-1	-1.71155007E-5	-1.71155007E-5	-1.83105469E-1	0.00000000E+0	0.00000000E+0
-1.85546875E-1	-1.73419994E-5	-1.73419994E-5	-1.85546875E-1	0.00000000E+0	0.00000000E+0
-1.87988281E-1	-1.75736004E-5	-1.75736004E-5	-1.87988281E-1	0.00000000E+0	0.00000000E+0
-1.90429687E-1	-1.77950005E-5	-1.77950005E-5	-1.90429687E-1	0.00000000E+0	0.00000000E+0
-1.92871094E-1	-1.80214993E-5	-1.80214993E-5	-1.92871094E-1	0.00000000E+0	0.00000000E+0
-1.95312500E-1	-1.82454005E-5	-1.82454005E-5	-1.95312500E-1	0.00000000E+0	0.00000000E+0
-1.97753906E-1	-1.84782002E-5	-1.84782002E-5	-1.97753906E-1	0.00000000E+0	0.00000000E+0
-2.00195312E-1	-1.87034002E-5	-1.87034002E-5	-2.00195312E-1	0.00000000E+0	0.00000000E+0
-2.02636719E-1	-1.89363000E-5	-1.89363000E-5	-2.02636719E-1	0.00000000E+0	0.00000000E+0
-2.05078125E-1	-1.91614999E-5	-1.91614999E-5	-2.05078125E-1	0.00000000E+0	0.00000000E+0
-2.07519531E-1	-1.93853994E-5	-1.93853994E-5	-2.07519531E-1	0.00000000E+0	0.00000000E+0
-2.09960937E-1	-1.96194997E-5	-1.96194997E-5	-2.09960937E-1	0.00000000E+0	0.00000000E+0
-2.12402344E-1	-1.98434009E-5	-1.98434009E-5	-2.12402344E-1	0.00000000E+0	0.00000000E+0
-2.14843750E-1	-2.00585000E-5	-2.00585000E-5	-2.14843750E-1	0.00000000E+0	0.00000000E+0
-2.17285156E-1	-2.02988995E-5	-2.02988995E-5	-2.17285156E-1	0.00000000E+0	0.00000000E+0
-2.19726562E-1	-2.05202996E-5	-2.05202996E-5	-2.19726562E-1	0.00000000E+0	0.00000000E+0
-2.22167969E-1	-2.07493995E-5	-2.07493995E-5	-2.22167969E-1	0.00000000E+0	0.00000000E+0
-2.24609375E-1	-2.09706996E-5	-2.09706996E-5	-2.24609375E-1	0.00000000E+0	0.00000000E+0
-2.27050781E-1	-2.11958995E-5	-2.11958995E-5	-2.27050781E-1	0.00000000E+0	0.00000000E+0
-2.29492187E-1	-2.14059000E-5	-2.14059000E-5	-2.29492187E-1	0.00000000E+0	0.00000000E+0
-2.31933594E-1	-2.16539993E-5	-2.16539993E-5	-2.31933594E-1	0.00000000E+0	0.00000000E+0
-2.34375000E-1	-2.18676996E-5	-2.18676996E-5	-2.34375000E-1	0.00000000E+0	0.00000000E+0
-2.36816406E-1	-2.21056998E-5	-2.21056998E-5	-2.36816406E-1	0.00000000E+0	0.00000000E+0
-2.39257812E-1	-2.23219995E-5	-2.23219995E-5	-2.39257812E-1	0.00000000E+0	0.00000000E+0
-2.41699219E-1	-2.25509993E-5	-2.25509993E-5	-2.41699219E-1	0.00000000E+0	0.00000000E+0
-2.44140625E-1	-2.27799992E-5	-2.27799992E-5	-2.44140625E-1	0.00000000E+0	0.00000000E+0
-2.46582031E-1	-2.30140995E-5	-2.30140995E-5	-2.46582031E-1	0.00000000E+0	0.00000000E+0
-2.49023437E-1	-2.32342009E-5	-2.32342009E-5	-2.49023437E-1	0.00000000E+0	0.00000000E+0
-2.51464844E-1	-2.34441995E-5	-2.34441995E-5	-2.51464844E-1	0.00000000E+0	0.00000000E+0
-2.53906250E-1	-2.36807991E-5	-2.36807991E-5	-2.53906250E-1	0.00000000E+0	0.00000000E+0
-2.56347656E-1	-2.39059991E-5	-2.39059991E-5	-2.56347656E-1	0.00000000E+0	0.00000000E+0
-2.58789062E-1	-2.41273992E-5	-2.41273992E-5	-2.58789062E-1	0.00000000E+0	0.00000000E+0
-2.61230469E-1	-2.43525992E-5	-2.43525992E-5	-2.61230469E-1	0.00000000E+0	0.00000000E+0
-2.63671875E-1	-2.45663996E-5	-2.45663996E-5	-2.63671875E-1	0.00000000E+0	0.00000000E+0
-2.66113281E-1	-2.48183005E-5	-2.48183005E-5	-2.66113281E-1	0.00000000E+0	0.00000000E+0
-2.68554687E-1	-2.50370995E-5	-2.50370995E-5	-2.68554687E-1	0.00000000E+0	0.00000000E+0
-2.70996094E-1	-2.52533991E-5	-2.52533991E-5	-2.70996094E-1	0.00000000E+0	0.00000000E+0
-2.73437500E-1	-2.54747993E-5	-2.54747993E-5	-2.73437500E-1	0.00000000E+0	0.00000000E+0
-2.75878906E-1	-2.57064003E-5	-2.57064003E-5	-2.75878906E-1	0.00000000E+0	0.00000000E+0
-2.78320312E-1	-2.59329008E-5	-2.59329008E-5	-2.78320312E-1	0.00000000E+0	0.00000000E+0
-2.80761719E-1	-2.61542991E-5	-2.61542991E-5	-2.80761719E-1	0.00000000E+0	0.00000000E+0
-2.83203125E-1	-2.63833008E-5	-2.63833008E-5	-2.83203125E-1	0.00000000E+0	0.00000000E+0
-2.85644531E-1	-2.66123006E-5	-2.66123006E-5	-2.85644531E-1	0.00000000E+0	0.00000000E+0
-2.88085937E-1	-2.68260992E-5	-2.68260992E-5	-2.88085937E-1	0.00000000E+0	0.00000000E+0
-2.90527344E-1	-2.70551009E-5	-2.70551009E-5	-2.90527344E-1	0.00000000E+0	0.00000000E+0
-2.92968750E-1	-2.72764992E-5	-2.72764992E-5	-2.92968750E-1	0.00000000E+0	0.00000000E+0
-2.95410156E-1	-2.74978993E-5	-2.74978993E-5	-2.95410156E-1	0.00000000E+0	0.00000000E+0
-2.97851562E-1	-2.77268991E-5	-2.77268991E-5	-2.97851562E-1	0.00000000E+0	0.00000000E+0
-3.00292969E-1	-2.79750002E-5	-2.79750002E-5	-3.00292969E-1	0.00000000E+0	0.00000000E+0
-3.02734375E-1	-2.81695993E-5	-2.81695993E-5	-3.02734375E-1	0.00000000E+0	0.00000000E+0
-3.05175781E-1	-2.84139005E-5	-2.84139005E-5	-3.05175781E-1	0.00000000E+0	0.00000000E+0
-3.07617187E-1	-2.86277009E-5	-2.86277009E-5	-3.07617187E-1	0.00000000E+0	0.00000000E+0
-3.10058594E-1	-2.88413994E-5	-2.88413994E-5	-3.10058594E-1	0.00000000E+0	0.00000000E+0
-3.12500000E-1	-2.90551998E-5	-2.90551998E-5	-3.12500000E-1	0.00000000E+0	0.00000000E+0
-3.14941406E-1	-2.92918994E-5	-2.92918994E-5	-3.14941406E-1	0.00000000E+0	0.00000000E+0
-3.17382812E-1	-2.95131995E-5	-2.95131995E-5	-3.17382812E-1	0.00000000E+0	0.00000000E+0
-3.19824219E-1	-2.97383995E-5	-2.97383995E-5	-3.19824219E-1	0.00000000E+0	0.00000000E+0
-3.22265625E-1	-2.99712992E-5	-2.99712992E-5	-3.22265625E-1	0.00000000E+0	0.00000000E+0
-3.24707031E-1	-3.01849996E-5	-3.01849996E-5	-3.24707031E-1	0.00000000E+0	0.00000000E+0
-3.27148437E-1	-3.04101995E-5	-3.04101995E-5	-3.27148437E-1	0.00000000E+0	0.00000000E+0
-3.29589844E-1	-3.06125003E-5	-3.06125003E-5	-3.29589844E-1	0.00000000E+0	0.00000000E+0
-3.32031250E-1	-3.08300987E-5	-3.08300987E-5	-3.32031250E-1	0.00000000E+0	0.00000000E+0
-3.34472656E-1	-3.10629985E-5	-3.10629985E-5	-3.34472656E-1	0.00000000E+0	0.00000000E+0
-3.36914062E-1	-3.12691009E-5	-3.12691009E-5	-3.36914062E-1	0.00000000E+0	0.00000000E+0
-3.39355469E-1	-3.14905010E-5	-3.14905010E-5	-3.39355469E-1	0.00000000E+0	0.00000000E+0
-3.41796875E-1	-3.17117992E-5	-3.17117992E-5	-3.41796875E-1	0.00000000E+0	0.00000000E+0
-3.44238281E-1	-3.19561004E-5	-3.19561004E-5	-3.44238281E-1	0.00000000E+0	0.00000000E+0
-3.46679687E-1	-3.21699008E-5	-3.21699008E-5	-3.46679687E-1	0.00000000E+0	0.00000000E+0
-3.49121094E-1	-3.23835993E-5	-3.23835993E-5	-3.49121094E-1	0.00000000E+0	0.00000000E+0
-3.51562500E-1	-3.25973997E-5	-3.25973997E-5	-3.51562500E-1	0.00000000E+0	0.00000000E+0
-3.54003906E-1	-3.28263995E-5	-3.28263995E-5	-3.54003906E-1	0.00000000E+0	0.00000000E+0
-3.56445312E-1	-3.30553994E-5	-3.30553994E-5	-3.56445312E-1	0.00000000E+0	0.00000000E+0
-3.58886719E-1	-3.32501004E-5	-3.32501004E-5	-3.58886719E-1	0.00000000E+0	0.00000000E+0
-3.61328125E-1	-3.34772012E-5	-3.34772012E-5	-3.61328125E-1	0.00000000E+0	0.00000000E+0
-3.63769531E-1	-3.36966987E-5	-3.36966987E-5	-3.63769531E-1	0.00000000E+0	0.00000000E+0
-3.66210937E-1	-3.39180988E-5	-3.39180988E-5	-3.66210937E-1	0.00000000E+0	0.00000000E+0
-3.68652344E-1	-3.41433006E-5	-3.41433006E-5	-3.68652344E-1	0.00000000E+0	0.00000000E+0
-3.71093750E-1	-3.43456013E-5	-3.43456013E-5	-3.71093750E-1	0.00000000E+0	0.00000000E+0
-3.73535156E-1	-3.45898989E-5	-3.45898989E-5	-3.73535156E-1	0.00000000E+0	0.00000000E+0
-3.75976562E-1	-3.47960013E-5	-3.47960013E-5	-3.75976562E-1	0.00000000E+0	0.00000000E+0
-3.78417969E-1	-3.50402988E-5	-3.50402988E-5	-3.78417969E-1	0.00000000E+0	0.00000000E+0
-3.80859375E-1	-3.52349998E-5	-3.52349998E-5	-3.80859375E-1	0.00000000E+0	0.00000000E+0
-3.83300781E-1	-3.54678014E-5	-3.54678014E-5	-3.83300781E-1	0.00000000E+0	0.00000000E+0
-3.85742187E-1	-3.56700984E-5	-3.56700984E-5	-3.85742187E-1	0.00000000E+0	0.00000000E+0
-3.88183594E-1	-3.59029000E-5	-3.59029000E-5	-3.88183594E-1	0.00000000E+0	0.00000000E+0
-3.90625000E-1	-3.60746999E-5	-3.60746999E-5	-3.90625000E-1	0.00000000E+0	0.00000000E+0
-3.93066406E-1	-3.62616993E-5	-3.62616993E-5	-3.93066406E-1	0.00000000E+0	0.00000000E+0
-3.95507812E-1	-3.64449988E-5	-3.64449988E-5	-3.95507812E-1	0.00000000E+0	0.00000000E+0
-3.97949219E-1	-3.66357999E-5	-3.66357999E-5	-3.97949219E-1	0.00000000E+0	0.00000000E+0
-4.00390625E-1	-3.67961002E-5	-3.67961002E-5	-4.00390625E-1	0.00000000E+0	0.00000000E+0
-4.02832031E-1	-3.69717018E-5	-3.69717018E-5	-4.02832031E-1	0.00000000E+0	0.00000000E+0
-4.05273437E-1	-3.71167989E-5	-3.71167989E-5	-4.05273437E-1	0.00000000E+0	0.00000000E+0
-4.07714844E-1	-3.72770992E-5	-3.72770992E-5	-4.07714844E-1	0.00000000E+0	0.00000000E+0
-4.10156250E-1	-3.74603005E-5	-3.74603005E-5	-4.10156250E-1	0.00000000E+0	0.00000000E+0
-4.12597656E-1	-3.76663993E-5	-3.76663993E-5	-4.12597656E-1	0.00000000E+0	0.00000000E+0
-4.15039062E-1	-3.78344012E-5	-3.78344012E-5	-4.15039062E-1	0.00000000E+0	0.00000000E+0
-4.17480469E-1	-3.80175989E-5	-3.80175989E-5	-4.17480469E-1	0.00000000E+0	0.00000000E+0
-4.19921875E-1	-3.82083999E-5	-3.82083999E-5	-4.19921875E-1	0.00000000E+0	0.00000000E+0
-4.22363281E-1	-3.84183986E-5	-3.84183986E-5	-4.22363281E-1	0.00000000E+0	0.00000000E+0
-4.24804687E-1	-3.86206993E-5	-3.86206993E-5	-4.24804687E-1	0.00000000E+0	0.00000000E+0
-4.27246094E-1	-3.88344015E-5	-3.88344015E-5	-4.27246094E-1	0.00000000E+0	0.00000000E+0
-4.29687500E-1	-3.90481982E-5	-3.90481982E-5	-4.29687500E-1	0.00000000E+0	0.00000000E+0
-4.32128906E-1	-3.92734000E-5	-3.92734000E-5	-4.32128906E-1	0.00000000E+0	0.00000000E+0
-4.34570312E-1	-3.94757008E-5	-3.94757008E-5	-4.34570312E-1	0.00000000E+0	0.00000000E+0
-4.37011719E-1	-3.97084987E-5	-3.97084987E-5	-4.37011719E-1	0.00000000E+0	0.00000000E+0
-4.39453125E-1	-3.99031996E-5	-3.99031996E-5	-4.39453125E-1	0.00000000E+0	0.00000000E+0
-4.41894531E-1	-4.01475008E-5	-4.01475008E-5	-4.41894531E-1	0.00000000E+0	0.00000000E+0
-4.44335937E-1	-4.03746017E-5	-4.03746017E-5	-4.44335937E-1	0.00000000E+0	0.00000000E+0
-4.46777344E-1	-4.05940991E-5	-4.05940991E-5	-4.46777344E-1	0.00000000E+0	0.00000000E+0
-4.49218750E-1	-4.08269007E-5	-4.08269007E-5	-4.49218750E-1	0.00000000E+0	0.00000000E+0
-4.51660156E-1	-4.10329994E-5	-4.10329994E-5	-4.51660156E-1	0.00000000E+0	0.00000000E+0
-4.54101562E-1	-4.12543995E-5	-4.12543995E-5	-4.54101562E-1	0.00000000E+0	0.00000000E+0
-4.56542969E-1	-4.14604983E-5	-4.14604983E-5	-4.56542969E-1	0.00000000E+0	0.00000000E+0
-4.58984375E-1	-4.16686016E-5	-4.16686016E-5	-4.58984375E-1	0.00000000E+0	0.00000000E+0
-4.61425781E-1	-4.18880009E-5	-4.18880009E-5	-4.61425781E-1	0.00000000E+0	0.00000000E+0
-4.63867187E-1	-4.21018012E-5	-4.21018012E-5	-4.63867187E-1	0.00000000E+0	0.00000000E+0
-4.66308594E-1	-4.23423007E-5	-4.23423007E-5	-4.66308594E-1	0.00000000E+0	0.00000000E+0
-4.68750000E-1	-4.25368999E-5	-4.25368999E-5	-4.68750000E-1	0.00000000E+0	0.00000000E+0
-4.71191406E-1	-4.27927007E-5	-4.27927007E-5	-4.71191406E-1	0.00000000E+0	0.00000000E+0
-4.73632812E-1	-4.29872998E-5	-4.29872998E-5	-4.73632812E-1	0.00000000E+0	0.00000000E+0
-4.76074219E-1	-4.32316010E-5	-4.32316010E-5	-4.76074219E-1	0.00000000E+0	0.00000000E+0
-4.78515625E-1	-4.34147987E-5	-4.34147987E-5	-4.78515625E-1	0.00000000E+0	0.00000000E+0
-4.80957031E-1	-4.36668015E-5	-4.36668015E-5	-4.80957031E-1	0.00000000E+0	0.00000000E+0
-4.83398437E-1	-4.38805000E-5	-4.38805000E-5	-4.83398437E-1	0.00000000E+0	0.00000000E+0
-4.85839844E-1	-4.40943004E-5	-4.40943004E-5	-4.85839844E-1	0.00000000E+0	0.00000000E+0
-4.88281250E-1	-4.43079989E-5	-4.43079989E-5	-4.88281250E-1	0.00000000E+0	0.00000000E+0
-4.90722656E-1	-4.45523001E-5	-4.45523001E-5	-4.90722656E-1	0.00000000E+0	0.00000000E+0
-4.93164062E-1	-4.47583989E-5	-4.47583989E-5	-4.93164062E-1	0.00000000E+0	0.00000000E+0
-4.90722656E-1	-4.45523001E-5	-4.45523001E-5	-4.90722656E-1	0.00000000E+0	0.00000000E+0
-4.88281250E-1	-4.43079989E-5	-4.43079989E-5	-4.88281250E-1	0.00000000E+0	0.00000000E+0
-4.85839844E-1	-4.40943004E-5	-4.40943004E-5	-4.85839844E-1	0.00000000E+0	0.00000000E+0
-4.83398437E-1	-4.38805000E-5	-4.38805000E-5	-4.83398437E-1	0.00000000E+0	0.00000000E+0
-4.80957031E-1	-4.36668015E-5	-4.36668015E-5	-4.80957031E-1	0.00000000E+0	0.00000000E+0
-4.78515625E-1	-4.34147987E-5	-4.34147987E-5	-4.78515625E-1	0.00000000E+0	0.00000000E+0
-4.76074219E-1	-4.32316010E-5	-4.32316010E-5	-4.76074219E-1	0.00000000E+0	0.00000000E+0
-4.73632812E-1	-4.30178989E-5	-4.30178989E-5	-4.73632812E-1	0.00000000E+0	0.00000000E+0
-4.71191406E-1	-4.27927007E-5	-4.27927007E-5	-4.71191406E-1	0.00000000E+0	0.00000000E+0
-4.68750000E-1	-4.25522012E-5	-4.25522012E-5	-4.68750000E-1	0.00000000E+0	0.00000000E+0
-4.66308594E-1	-4.23423007E-5	-4.23423007E-5	-4.66308594E-1	0.00000000E+0	0.00000000E+0
-4.63867187E-1	-4.21018012E-5	-4.21018012E-5	-4.63867187E-1	0.00000000E+0	0.00000000E+0
-4.61425781E-1	-4.19261996E-5	-4.19261996E-5	-4.61425781E-1	0.00000000E+0	0.00000000E+0
-4.58984375E-1	-4.16686016E-5	-4.16686016E-5	-4.58984375E-1	0.00000000E+0	0.00000000E+0
-4.56542969E-1	-4.14604983E-5	-4.14604983E-5	-4.56542969E-1	0.00000000E+0	0.00000000E+0
-4.54101562E-1	-4.12162008E-5	-4.12162008E-5	-4.54101562E-1	0.00000000E+0	0.00000000E+0
-4.51660156E-1	-4.10024986E-5	-4.10024986E-5	-4.51660156E-1	0.00000000E+0	0.00000000E+0
-4.49218750E-1	-4.07886982E-5	-4.07886982E-5	-4.49218750E-1	0.00000000E+0	0.00000000E+0
-4.46777344E-1	-4.05692990E-5	-4.05692990E-5	-4.46777344E-1	0.00000000E+0	0.00000000E+0
-4.44335937E-1	-4.03498016E-5	-4.03498016E-5	-4.44335937E-1	0.00000000E+0	0.00000000E+0
-4.41894531E-1	-4.01284015E-5	-4.01284015E-5	-4.41894531E-1	0.00000000E+0	0.00000000E+0
-4.39453125E-1	-3.99031996E-5	-3.99031996E-5	-4.39453125E-1	0.00000000E+0	0.00000000E+0
-4.37011719E-1	-3.97084987E-5	-3.97084987E-5	-4.37011719E-1	0.00000000E+0	0.00000000E+0
-4.34570312E-1	-3.94603994E-5	-3.94603994E-5	-4.34570312E-1	0.00000000E+0	0.00000000E+0
-4.32128906E-1	-3.92543006E-5	-3.92543006E-5	-4.32128906E-1	0.00000000E+0	0.00000000E+0
-4.29687500E-1	-3.90099995E-5	-3.90099995E-5	-4.29687500E-1	0.00000000E+0	0.00000000E+0
-4.27246094E-1	-3.88039007E-5	-3.88039007E-5	-4.27246094E-1	0.00000000E+0	0.00000000E+0
-4.24804687E-1	-3.85825006E-5	-3.85825006E-5	-4.24804687E-1	0.00000000E+0	0.00000000E+0
-4.22363281E-1	-3.83992992E-5	-3.83992992E-5	-4.22363281E-1	0.00000000E+0	0.00000000E+0
-4.19921875E-1	-3.81932005E-5	-3.81932005E-5	-4.19921875E-1	0.00000000E+0	0.00000000E+0
-4.17480469E-1	-3.79794001E-5	-3.79794001E-5	-4.17480469E-1	0.00000000E+0	0.00000000E+0
-4.15039062E-1	-3.77733013E-5	-3.77733013E-5	-4.15039062E-1	0.00000000E+0	0.00000000E+0
-4.12597656E-1	-3.75823984E-5	-3.75823984E-5	-4.12597656E-1	0.00000000E+0	0.00000000E+0
-4.10156250E-1	-3.73686999E-5	-3.73686999E-5	-4.10156250E-1	0.00000000E+0	0.00000000E+0
-4.07714844E-1	-3.71968999E-5	-3.71968999E-5	-4.07714844E-1	0.00000000E+0	0.00000000E+0
-4.05273437E-1	-3.70328016E-5	-3.70328016E-5	-4.05273437E-1	0.00000000E+0	0.00000000E+0
-4.02832031E-1	-3.68572000E-5	-3.68572000E-5	-4.02832031E-1	0.00000000E+0	0.00000000E+0
-4.00390625E-1	-3.67274006E-5	-3.67274006E-5	-4.00390625E-1	0.00000000E+0	0.00000000E+0
-3.97949219E-1	-3.65747001E-5	-3.65747001E-5	-3.97949219E-1	0.00000000E+0	0.00000000E+0
-3.95507812E-1	-3.63914987E-5	-3.63914987E-5	-3.95507812E-1	0.00000000E+0	0.00000000E+0
-3.93066406E-1	-3.62387982E-5	-3.62387982E-5	-3.93066406E-1	0.00000000E+0	0.00000000E+0
-3.90625000E-1	-6.03366004E-7	-6.03366004E-7	-3.90625000E-1	0.00000000E+0	0.00000000E+0
-3.88183594E-1	-5.99012992E-7	-5.99012992E-7	-3.88183594E-1	0.00000000E+0	0.00000000E+0
-3.85742187E-1	-5.95194990E-7	-5.95194990E-7	-3.85742187E-1	0.00000000E+0	0.00000000E+0
-3.83300781E-1	-5.76867023E-7	-5.76867023E-7	-3.83300781E-1	0.00000000E+0	0.00000000E+0
-3.80859375E-1	-5.78623997E-7	-5.78623997E-7	-3.80859375E-1	0.00000000E+0	0.00000000E+0
-3.78417969E-1	-5.78623997E-7	-5.78623997E-7	-3.78417969E-1	0.00000000E+0	0.00000000E+0
-3.75976562E-1	-5.68848975E-7	-5.68848975E-7	-3.75976562E-1	0.00000000E+0	0.00000000E+0
-3.73535156E-1	-5.59074010E-7	-5.59074010E-7	-3.73535156E-1	0.00000000E+0	0.00000000E+0
-3.71093750E-1	-5.55636973E-7	-5.55636973E-7	-3.71093750E-1	0.00000000E+0	0.00000000E+0
-3.68652344E-1	-5.57240980E-7	-5.57240980E-7	-3.68652344E-1	0.00000000E+0	0.00000000E+0
-3.66210937E-1	-5.54950020E-7	-5.54950020E-7	-3.66210937E-1	0.00000000E+0	0.00000000E+0
-3.63769531E-1	-5.56858993E-7	-5.56858993E-7	-3.63769531E-1	0.00000000E+0	0.00000000E+0
-3.61328125E-1	-5.42196972E-7	-5.42196972E-7	-3.61328125E-1	0.00000000E+0	0.00000000E+0
-3.58886719E-1	-5.40441022E-7	-5.40441022E-7	-3.58886719E-1	0.00000000E+0	0.00000000E+0
-3.56445312E-1	-5.33109983E-7	-5.33109983E-7	-3.56445312E-1	0.00000000E+0	0.00000000E+0
-3.54003906E-1	-5.36469997E-7	-5.36469997E-7	-3.54003906E-1	0.00000000E+0	0.00000000E+0
-3.51562500E-1	-5.27535008E-7	-5.27535008E-7	-3.51562500E-1	0.00000000E+0	0.00000000E+0
-3.49121094E-1	-5.33415005E-7	-5.33415005E-7	-3.49121094E-1	0.00000000E+0	0.00000000E+0
-3.46679687E-1	-5.21959976E-7	-5.21959976E-7	-3.46679687E-1	0.00000000E+0	0.00000000E+0
-3.44238281E-1	-5.17759986E-7	-5.17759986E-7	-3.44238281E-1	0.00000000E+0	0.00000000E+0
-3.41796875E-1	-5.17531021E-7	-5.17531021E-7	-3.41796875E-1	0.00000000E+0	0.00000000E+0
-3.39355469E-1	-5.11764995E-7	-5.11764995E-7	-3.39355469E-1	0.00000000E+0	0.00000000E+0
-3.36914062E-1	-5.10123016E-7	-5.10123016E-7	-3.36914062E-1	0.00000000E+0	0.00000000E+0
-3.34472656E-1	-5.05999992E-7	-5.05999992E-7	-3.34472656E-1	0.00000000E+0	0.00000000E+0
-3.32031250E-1	-5.01264992E-7	-5.01264992E-7	-3.32031250E-1	0.00000000E+0	0.00000000E+0
-3.29589844E-1	-4.98821009E-7	-4.98821009E-7	-3.29589844E-1	0.00000000E+0	0.00000000E+0
-3.27148437E-1	-4.95079007E-7	-4.95079007E-7	-3.27148437E-1	0.00000000E+0	0.00000000E+0
-3.24707031E-1	-4.91796015E-7	-4.91796015E-7	-3.24707031E-1	0.00000000E+0	0.00000000E+0
-3.22265625E-1	-4.89886986E-7	-4.89886986E-7	-3.22265625E-1	0.00000000E+0	0.00000000E+0
-3.19824219E-1	-4.86907993E-7	-4.86907993E-7	-3.19824219E-1	0.00000000E+0	0.00000000E+0
-3.17382812E-1	-4.81715006E-7	-4.81715006E-7	-3.17382812E-1	0.00000000E+0	0.00000000E+0
-3.14941406E-1	-4.77973003E-7	-4.77973003E-7	-3.14941406E-1	0.00000000E+0	0.00000000E+0
-3.12500000E-1	-4.75529987E-7	-4.75529987E-7	-3.12500000E-1	0.00000000E+0	0.00000000E+0
-3.10058594E-1	-4.71177003E-7	-4.71177003E-7	-3.10058594E-1	0.00000000E+0	0.00000000E+0
-3.07617187E-1	-4.69039009E-7	-4.69039009E-7	-3.07617187E-1	0.00000000E+0	0.00000000E+0
-3.05175781E-1	-4.78469985E-7	-4.78469985E-7	-3.05175781E-1	0.00000000E+0	0.00000000E+0
-3.02734375E-1	-4.70948009E-7	-4.70948009E-7	-3.02734375E-1	0.00000000E+0	0.00000000E+0
-3.00292969E-1	-4.59339986E-7	-4.59339986E-7	-3.00292969E-1	0.00000000E+0	0.00000000E+0
-2.97851562E-1	-4.53535989E-7	-4.53535989E-7	-2.97851562E-1	0.00000000E+0	0.00000000E+0
-2.95410156E-1	-4.63005989E-7	-4.63005989E-7	-2.95410156E-1	0.00000000E+0	0.00000000E+0
-2.92968750E-1	-4.57622008E-7	-4.57622008E-7	-2.92968750E-1	0.00000000E+0	0.00000000E+0
-2.90527344E-1	-4.54146999E-7	-4.54146999E-7	-2.90527344E-1	0.00000000E+0	0.00000000E+0
-2.88085937E-1	-4.49871010E-7	-4.49871010E-7	-2.88085937E-1	0.00000000E+0	0.00000000E+0
-2.85644531E-1	-4.46739989E-7	-4.46739989E-7	-2.85644531E-1	0.00000000E+0	0.00000000E+0
-2.83203125E-1	-4.44067012E-7	-4.44067012E-7	-2.83203125E-1	0.00000000E+0	0.00000000E+0
-2.80761719E-1	-4.40688012E-7	-4.40688012E-7	-2.80761719E-1	0.00000000E+0	0.00000000E+0
-2.78320312E-1	-4.29233012E-7	-4.29233012E-7	-2.78320312E-1	0.00000000E+0	0.00000000E+0
-2.75878906E-1	-4.33069999E-7	-4.33069999E-7	-2.75878906E-1	0.00000000E+0	0.00000000E+0
-2.73437500E-1	-4.21005012E-7	-4.21005012E-7	-2.73437500E-1	0.00000000E+0	0.00000000E+0
-2.70996094E-1	-4.16499006E-7	-4.16499006E-7	-2.70996094E-1	0.00000000E+0	0.00000000E+0
-2.68554687E-1	-4.12222988E-7	-4.12222988E-7	-2.68554687E-1	0.00000000E+0	0.00000000E+0
-2.66113281E-1	-4.11917000E-7	-4.11917000E-7	-2.66113281E-1	0.00000000E+0	0.00000000E+0
-2.63671875E-1	-4.06724013E-7	-4.06724013E-7	-2.63671875E-1	0.00000000E+0	0.00000000E+0
-2.61230469E-1	-4.03860014E-7	-4.03860014E-7	-2.61230469E-1	0.00000000E+0	0.00000000E+0
-2.58789062E-1	-4.00614994E-7	-4.00614994E-7	-2.58789062E-1	0.00000000E+0	0.00000000E+0
-2.56347656E-1	-3.98017988E-7	-3.98017988E-7	-2.56347656E-1	0.00000000E+0	0.00000000E+0
-2.53906250E-1	-3.98781992E-7	-3.98781992E-7	-2.53906250E-1	0.00000000E+0	0.00000000E+0
-2.51464844E-1	-3.99202008E-7	-3.99202008E-7	-2.51464844E-1	0.00000000E+0	0.00000000E+0
-2.49023437E-1	-3.86257994E-7	-3.86257994E-7	-2.49023437E-1	0.00000000E+0	0.00000000E+0
-2.46582031E-1	-3.90764001E-7	-3.90764001E-7	-2.46582031E-1	0.00000000E+0	0.00000000E+0
-2.44140625E-1	-3.88014996E-7	-3.88014996E-7	-2.44140625E-1	0.00000000E+0	0.00000000E+0
-2.41699219E-1	-3.74802994E-7	-3.74802994E-7	-2.41699219E-1	0.00000000E+0	0.00000000E+0
-2.39257812E-1	-3.73352009E-7	-3.73352009E-7	-2.39257812E-1	0.00000000E+0	0.00000000E+0
-2.36816406E-1	-3.68235987E-7	-3.68235987E-7	-2.36816406E-1	0.00000000E+0	0.00000000E+0
-2.34375000E-1	-3.65180995E-7	-3.65180995E-7	-2.34375000E-1	0.00000000E+0	0.00000000E+0
-2.31933594E-1	-3.60293996E-7	-3.60293996E-7	-2.31933594E-1	0.00000000E+0	0.00000000E+0
-2.29492187E-1	-3.57965007E-7	-3.57965007E-7	-2.29492187E-1	0.00000000E+0	0.00000000E+0
-2.27050781E-1	-3.64264992E-7	-3.64264992E-7	-2.27050781E-1	0.00000000E+0	0.00000000E+0
-2.24609375E-1	-3.60905005E-7	-3.60905005E-7	-2.24609375E-1	0.00000000E+0	0.00000000E+0
-2.22167969E-1	-3.54794992E-7	-3.54794992E-7	-2.22167969E-1	0.00000000E+0	0.00000000E+0
-2.19726562E-1	-3.51474000E-7	-3.51474000E-7	-2.19726562E-1	0.00000000E+0	0.00000000E+0
-2.17285156E-1	-3.47998991E-7	-3.47998991E-7	-2.17285156E-1	0.00000000E+0	0.00000000E+0
-2.14843750E-1	-3.44332989E-7	-3.44332989E-7	-2.14843750E-1	0.00000000E+0	0.00000000E+0
-2.12402344E-1	-3.39445990E-7	-3.39445990E-7	-2.12402344E-1	0.00000000E+0	0.00000000E+0
-2.09960937E-1	-3.34558990E-7	-3.34558990E-7	-2.09960937E-1	0.00000000E+0	0.00000000E+0
-2.07519531E-1	-3.31046010E-7	-3.31046010E-7	-2.07519531E-1	0.00000000E+0	0.00000000E+0
-2.05078125E-1	-3.27533002E-7	-3.27533002E-7	-2.05078125E-1	0.00000000E+0	0.00000000E+0
-2.02636719E-1	-3.26502004E-7	-3.26502004E-7	-2.02636719E-1	0.00000000E+0	0.00000000E+0
-2.00195312E-1	-3.21424011E-7	-3.21424011E-7	-2.00195312E-1	0.00000000E+0	0.00000000E+0
-1.97753906E-1	-3.16459989E-7	-3.16459989E-7	-1.97753906E-1	0.00000000E+0	0.00000000E+0
-1.95312500E-1	-3.11878011E-7	-3.11878011E-7	-1.95312500E-1	0.00000000E+0	0.00000000E+0
-1.92871094E-1	-3.08212009E-7	-3.08212009E-7	-1.92871094E-1	0.00000000E+0	0.00000000E+0
-1.90429687E-1	-3.05158011E-7	-3.05158011E-7	-1.90429687E-1	0.00000000E+0	0.00000000E+0
-1.87988281E-1	-3.01569003E-7	-3.01569003E-7	-1.87988281E-1	0.00000000E+0	0.00000000E+0
-1.85546875E-1	-2.98131994E-7	-2.98131994E-7	-1.85546875E-1	0.00000000E+0	0.00000000E+0
-1.83105469E-1	-2.92786012E-7	-2.92786012E-7	-1.83105469E-1	0.00000000E+0	0.00000000E+0
-1.80664062E-1	-2.89502992E-7	-2.89502992E-7	-1.80664062E-1	0.00000000E+0	0.00000000E+0
-1.78222656E-1	-2.84462999E-7	-2.84462999E-7	-1.78222656E-1	0.00000000E+0	0.00000000E+0
-1.75781250E-1	-2.80796996E-7	-2.80796996E-7	-1.75781250E-1	0.00000000E+0	0.00000000E+0
-1.73339844E-1	-2.77970997E-7	-2.77970997E-7	-1.73339844E-1	0.00000000E+0	0.00000000E+0
-1.70898437E-1	-2.72931004E-7	-2.72931004E-7	-1.70898437E-1	0.00000000E+0	0.00000000E+0
-1.68457031E-1	-2.70831009E-7	-2.70831009E-7	-1.68457031E-1	0.00000000E+0	0.00000000E+0
-1.66015625E-1	-2.64530996E-7	-2.64530996E-7	-1.66015625E-1	0.00000000E+0	0.00000000E+0
-1.63574219E-1	-2.61705992E-7	-2.61705992E-7	-1.63574219E-1	0.00000000E+0	0.00000000E+0
-1.61132812E-1	-2.56168988E-7	-2.56168988E-7	-1.61132812E-1	0.00000000E+0	0.00000000E+0
-1.58691406E-1	-2.52312987E-7	-2.52312987E-7	-1.58691406E-1	0.00000000E+0	0.00000000E+0
-1.56250000E-1	-2.48417990E-7	-2.48417990E-7	-1.56250000E-1	0.00000000E+0	0.00000000E+0
-1.53808594E-1	-2.45286998E-7	-2.45286998E-7	-1.53808594E-1	0.00000000E+0	0.00000000E+0
-1.51367187E-1	-2.41201008E-7	-2.41201008E-7	-1.51367187E-1	0.00000000E+0	0.00000000E+0
-1.48925781E-1	-2.37649999E-7	-2.37649999E-7	-1.48925781E-1	0.00000000E+0	0.00000000E+0
-1.46484375E-1	-2.33565004E-7	-2.33565004E-7	-1.46484375E-1	0.00000000E+0	0.00000000E+0
-1.44042969E-1	-2.29899001E-7	-2.29899001E-7	-1.44042969E-1	0.00000000E+0	0.00000000E+0
-1.41601562E-1	-2.29020998E-7	-2.29020998E-7	-1.41601562E-1	0.00000000E+0	0.00000000E+0
-1.39160156E-1	-2.24744994E-7	-2.24744994E-7	-1.39160156E-1	0.00000000E+0	0.00000000E+0
-1.36718750E-1	-2.18788003E-7	-2.18788003E-7	-1.36718750E-1	0.00000000E+0	0.00000000E+0
-1.34277344E-1	-2.13595001E-7	-2.13595001E-7	-1.34277344E-1	0.00000000E+0	0.00000000E+0
-1.31835937E-1	-2.09828002E-7	-2.09828002E-7	-1.31835937E-1	0.00000000E+0	0.00000000E+0
-1.29394531E-1	-2.07639005E-7	-2.07639005E-7	-1.29394531E-1	0.00000000E+0	0.00000000E+0
-1.26953125E-1	-2.02598002E-7	-2.02598002E-7	-1.26953125E-1	0.00000000E+0	0.00000000E+0
-1.24511719E-1	-1.98169005E-7	-1.98169005E-7	-1.24511719E-1	0.00000000E+0	0.00000000E+0
-1.22070312E-1	-1.94045001E-7	-1.94045001E-7	-1.22070312E-1	0.00000000E+0	0.00000000E+0
-1.19628906E-1	-1.89768997E-7	-1.89768997E-7	-1.19628906E-1	0.00000000E+0	0.00000000E+0
-1.17187500E-1	-1.85798001E-7	-1.85798001E-7	-1.17187500E-1	0.00000000E+0	0.00000000E+0
-1.14746094E-1	-1.81928996E-7	-1.81928996E-7	-1.14746094E-1	0.00000000E+0	0.00000000E+0
-1.12304687E-1	-1.77359993E-7	-1.77359993E-7	-1.12304687E-1	0.00000000E+0	0.00000000E+0
-1.09863281E-1	-1.73274003E-7	-1.73274003E-7	-1.09863281E-1	0.00000000E+0	0.00000000E+0
-1.07421875E-1	-1.69811997E-7	-1.69811997E-7	-1.07421875E-1	0.00000000E+0	0.00000000E+0
-1.04980469E-1	-1.65846998E-7	-1.65846998E-7	-1.04980469E-1	0.00000000E+0	0.00000000E+0
-1.02539062E-1	-1.61285001E-7	-1.61285001E-7	-1.02539062E-1	0.00000000E+0	0.00000000E+0
-1.00097656E-1	-1.56702995E-7	-1.56702995E-7	-1.00097656E-1	0.00000000E+0	0.00000000E+0
-9.76562500E-2	-1.52629994E-7	-1.52629994E-7	-9.76562500E-2	0.00000000E+0	0.00000000E+0
-9.52148438E-2	-1.48455001E-7	-1.48455001E-7	-9.52148438E-2	0.00000000E+0	0.00000000E+0
-9.27734375E-2	-1.44484005E-7	-1.44484005E-7	-9.27734375E-2	0.00000000E+0	0.00000000E+0
-9.03320313E-2	-1.40188007E-7	-1.40188007E-7	-9.03320313E-2	0.00000000E+0	0.00000000E+0
-8.78906250E-2	-1.36211000E-7	-1.36211000E-7	-8.78906250E-2	0.00000000E+0	0.00000000E+0
-8.54492188E-2	-1.32036007E-7	-1.32036007E-7	-8.54492188E-2	0.00000000E+0	0.00000000E+0
-8.30078125E-2	-1.27704993E-7	-1.27704993E-7	-8.30078125E-2	0.00000000E+0	0.00000000E+0
-8.05664063E-2	-1.24159001E-7	-1.24159001E-7	-8.05664063E-2	0.00000000E+0	0.00000000E+0
-7.81250000E-2	-1.19895006E-7	-1.19895006E-7	-7.81250000E-2	0.00000000E+0	0.00000000E+0
-7.56835938E-2	-1.16537002E-7	-1.16537002E-7	-7.56835938E-2	0.00000000E+0	0.00000000E+0
-7.32421875E-2	-1.12542999E-7	-1.12542999E-7	-7.32421875E-2	0.00000000E+0	0.00000000E+0
-7.08007813E-2	-1.08145002E-7	-1.08145002E-7	-7.08007813E-2	0.00000000E+0	0.00000000E+0
-6.83593750E-2	-1.04229002E-7	-1.04229002E-7	-6.83593750E-2	0.00000000E+0	0.00000000E+0
-6.59179688E-2	-1.00314999E-7	-1.00314999E-7	-6.59179688E-2	0.00000000E+0	0.00000000E+0
-6.34765625E-2	-9.65640012E-8	-9.65640012E-8	-6.34765625E-2	0.00000000E+0	0.00000000E+0
-6.10351563E-2	-9.25308967E-8	-9.25308967E-8	-6.10351563E-2	0.00000000E+0	0.00000000E+0
-5.85937500E-2	-8.83041977E-8	-8.83041977E-8	-5.85937500E-2	0.00000000E+0	0.00000000E+0
-5.61523438E-2	-8.44916030E-8	-8.44916030E-8	-5.61523438E-2	0.00000000E+0	0.00000000E+0
-5.37109375E-2	-8.03909970E-8	-8.03909970E-8	-5.37109375E-2	0.00000000E+0	0.00000000E+0
-5.12695313E-2	-7.65554020E-8	-7.65554020E-8	-5.12695313E-2	0.00000000E+0	0.00000000E+0
-4.88281250E-2	-7.24306020E-8	-7.24306020E-8	-4.88281250E-2	0.00000000E+0	0.00000000E+0
-4.63867188E-2	-6.88142023E-8	-6.88142023E-8	-4.63867188E-2	0.00000000E+0	0.00000000E+0
-4.39453125E-2	-6.45747988E-8	-6.45747988E-8	-4.39453125E-2	0.00000000E+0	0.00000000E+0
-4.15039063E-2	-6.11113009E-8	-6.11113009E-8	-4.15039063E-2	0.00000000E+0	0.00000000E+0
-3.90625000E-2	-5.70973988E-8	-5.70973988E-8	-3.90625000E-2	0.00000000E+0	0.00000000E+0
-3.66210938E-2	-5.34733005E-8	-5.34733005E-8	-3.66210938E-2	0.00000000E+0	0.00000000E+0
-3.41796875E-2	-4.96123000E-8	-4.96123000E-8	-3.41796875E-2	0.00000000E+0	0.00000000E+0
-3.17382813E-2	-4.60685996E-8	-4.60685996E-8	-3.17382813E-2	0.00000000E+0	0.00000000E+0
-2.92968750E-2	-4.24101998E-8	-4.24101998E-8	-2.92968750E-2	0.00000000E+0	0.00000000E+0
-2.68554688E-2	-3.87326011E-8	-3.87326011E-8	-2.68554688E-2	0.00000000E+0	0.00000000E+0
-2.44140625E-2	-3.51239002E-8	-3.51239002E-8	-2.44140625E-2	0.00000000E+0	0.00000000E+0
-2.19726563E-2	-3.15381001E-8	-3.15381001E-8	-2.19726563E-2	0.00000000E+0	0.00000000E+0
-1.95312500E-2	-2.78912005E-8	-2.78912005E-8	-1.95312500E-2	0.00000000E+0	0.00000000E+0
-1.70898438E-2	-2.45346996E-8	-2.45346996E-8	-1.70898438E-2	0.00000000E+0	0.00000000E+0
-1.46484375E-2	-2.10050004E-8	-2.10050004E-8	-1.46484375E-2	0.00000000E+0	0.00000000E+0
-1.22070313E-2	-1.76104002E-8	-1.76104002E-8	-1.22070313E-2	0.00000000E+0	0.00000000E+0
-9.76562500E-3	-1.41214000E-8	-1.41214000E-8	-9.76562500E-3	0.00000000E+0	0.00000000E+0
-7.32421875E-3	-1.07618998E-8	-1.07618998E-8	-7.32421875E-3	0.00000000E+0	0.00000000E+0
-4.88281250E-3	-7.32147987E-9	-7.32147987E-9	-4.88281250E-3	0.00000000E+0	0.00000000E+0
-2.44140625E-3	-4.06125000E-9	-4.06125000E-9	-2.44140625E-3	0.00000000E+0	0.00000000E+0
0.00000000E+0	-6.40295983E-10	-6.40295983E-10	0.00000000E+0	0.00000000E+0	0.00000000E+0
