Date: do 28 mrt 2013, Material: Au, Temp: 4.2 K
AO1 - module gain: 1.0E+0, R_out: 0.0
AO2 - module gain: 1.0E+2
MUX1 - ADC gain: 4, logarithmic amplifier: D:\LabVIEW Data\Lithographic MCBJ\MED24_070412.TXT, R_in: 0.000
MUX2 - ADC gain: 4, linear amplifier: 1.000000 x 1e10 V/A, R_in: 1.000
Breaking trace: 15 0
Axis position: -887.089770
Vbias (V)	<I> and Ii MUX1 (A)	Vbias (V)	<I> and Ii MUX2 (A)
@
0.00000000E+0	1.59423003E-10	1.59423003E-10	0.00000000E+0	0.00000000E+0	0.00000000E+0
2.44140625E-3	-1.76199992E-11	-1.76199992E-11	2.44140625E-3	0.00000000E+0	0.00000000E+0
4.88281250E-3	-1.50152998E-11	-1.50152998E-11	4.88281250E-3	0.00000000E+0	0.00000000E+0
7.32421875E-3	-1.40577003E-11	-1.40577003E-11	7.32421875E-3	0.00000000E+0	0.00000000E+0
9.76562500E-3	-9.26965969E-12	-9.26965969E-12	9.76562500E-3	0.00000000E+0	0.00000000E+0
1.22070313E-2	-7.17249003E-12	-7.17249003E-12	1.22070313E-2	0.00000000E+0	0.00000000E+0
1.46484375E-2	-1.30235005E-12	-1.30235005E-12	1.46484375E-2	0.00000000E+0	0.00000000E+0
1.70898438E-2	-8.42695976E-13	-8.42695976E-13	1.70898438E-2	0.00000000E+0	0.00000000E+0
1.95312500E-2	7.66087020E-12	7.66087020E-12	1.95312500E-2	0.00000000E+0	0.00000000E+0
2.19726563E-2	1.19893002E-11	1.19893002E-11	2.19726563E-2	0.00000000E+0	0.00000000E+0
2.44140625E-2	1.89835994E-11	1.89835994E-11	2.44140625E-2	0.00000000E+0	0.00000000E+0
2.68554688E-2	1.96884002E-11	1.96884002E-11	2.68554688E-2	0.00000000E+0	0.00000000E+0
2.92968750E-2	2.71960995E-11	2.71960995E-11	2.92968750E-2	0.00000000E+0	0.00000000E+0
3.17382813E-2	2.95199004E-11	2.95199004E-11	3.17382813E-2	0.00000000E+0	0.00000000E+0
3.41796875E-2	3.85342001E-11	3.85342001E-11	3.41796875E-2	0.00000000E+0	0.00000000E+0
3.66210938E-2	3.79851983E-11	3.79851983E-11	3.66210938E-2	0.00000000E+0	0.00000000E+0
3.90625000E-2	4.66802985E-11	4.66802985E-11	3.90625000E-2	0.00000000E+0	0.00000000E+0
4.15039063E-2	5.08681985E-11	5.08681985E-11	4.15039063E-2	0.00000000E+0	0.00000000E+0
4.39453125E-2	5.95058031E-11	5.95058031E-11	4.39453125E-2	0.00000000E+0	0.00000000E+0
4.63867188E-2	5.96016014E-11	5.96016014E-11	4.63867188E-2	0.00000000E+0	0.00000000E+0
4.88281250E-2	6.87946020E-11	6.87946020E-11	4.88281250E-2	0.00000000E+0	0.00000000E+0
5.12695313E-2	7.14759987E-11	7.14759987E-11	5.12695313E-2	0.00000000E+0	0.00000000E+0
5.37109375E-2	8.18946994E-11	8.18946994E-11	5.37109375E-2	0.00000000E+0	0.00000000E+0
5.61523438E-2	8.32161978E-11	8.32161978E-11	5.61523438E-2	0.00000000E+0	0.00000000E+0
5.85937500E-2	9.35966998E-11	9.35966998E-11	5.85937500E-2	0.00000000E+0	0.00000000E+0
6.10351563E-2	9.50714021E-11	9.50714021E-11	6.10351563E-2	0.00000000E+0	0.00000000E+0
6.34765625E-2	1.05489999E-10	1.05489999E-10	6.34765625E-2	0.00000000E+0	0.00000000E+0
6.59179688E-2	1.04686003E-10	1.04686003E-10	6.59179688E-2	0.00000000E+0	0.00000000E+0
6.83593750E-2	1.18360002E-10	1.18360002E-10	6.83593750E-2	0.00000000E+0	0.00000000E+0
7.08007813E-2	1.18705004E-10	1.18705004E-10	7.08007813E-2	0.00000000E+0	0.00000000E+0
7.32421875E-2	1.31230998E-10	1.31230998E-10	7.32421875E-2	0.00000000E+0	0.00000000E+0
7.56835938E-2	1.29200997E-10	1.29200997E-10	7.56835938E-2	0.00000000E+0	0.00000000E+0
7.81250000E-2	1.41649997E-10	1.41649997E-10	7.81250000E-2	0.00000000E+0	0.00000000E+0
8.05664063E-2	1.43921999E-10	1.43921999E-10	8.05664063E-2	0.00000000E+0	0.00000000E+0
8.30078125E-2	1.55286006E-10	1.55286006E-10	8.30078125E-2	0.00000000E+0	0.00000000E+0
8.54492188E-2	1.54233001E-10	1.54233001E-10	8.54492188E-2	0.00000000E+0	0.00000000E+0
8.78906250E-2	1.66667999E-10	1.66667999E-10	8.78906250E-2	0.00000000E+0	0.00000000E+0
9.03320313E-2	1.66504005E-10	1.66504005E-10	9.03320313E-2	0.00000000E+0	0.00000000E+0
9.27734375E-2	1.76582998E-10	1.76582998E-10	9.27734375E-2	0.00000000E+0	0.00000000E+0
9.52148438E-2	1.75204004E-10	1.75204004E-10	9.52148438E-2	0.00000000E+0	0.00000000E+0
9.76562500E-2	1.87640001E-10	1.87640001E-10	9.76562500E-2	0.00000000E+0	0.00000000E+0
1.00097656E-1	1.88049007E-10	1.88049007E-10	1.00097656E-1	0.00000000E+0	0.00000000E+0
1.02539062E-1	2.01002007E-10	2.01002007E-10	1.02539062E-1	0.00000000E+0	0.00000000E+0
1.04980469E-1	1.95812005E-10	1.95812005E-10	1.04980469E-1	0.00000000E+0	0.00000000E+0
1.07421875E-1	2.14452997E-10	2.14452997E-10	1.07421875E-1	0.00000000E+0	0.00000000E+0
1.09863281E-1	2.38598002E-10	2.38598002E-10	1.09863281E-1	0.00000000E+0	0.00000000E+0
1.12304687E-1	3.07200987E-10	3.07200987E-10	1.12304687E-1	0.00000000E+0	0.00000000E+0
1.14746094E-1	3.39146988E-10	3.39146988E-10	1.14746094E-1	0.00000000E+0	0.00000000E+0
1.17187500E-1	3.83349991E-10	3.83349991E-10	1.17187500E-1	0.00000000E+0	0.00000000E+0
1.19628906E-1	3.97726990E-10	3.97726990E-10	1.19628906E-1	0.00000000E+0	0.00000000E+0
1.22070312E-1	4.32533009E-10	4.32533009E-10	1.22070312E-1	0.00000000E+0	0.00000000E+0
1.24511719E-1	4.35521008E-10	4.35521008E-10	1.24511719E-1	0.00000000E+0	0.00000000E+0
1.26953125E-1	4.66700012E-10	4.66700012E-10	1.26953125E-1	0.00000000E+0	0.00000000E+0
1.29394531E-1	4.65781025E-10	4.65781025E-10	1.29394531E-1	0.00000000E+0	0.00000000E+0
1.31835937E-1	4.95121999E-10	4.95121999E-10	1.31835937E-1	0.00000000E+0	0.00000000E+0
1.34277344E-1	4.88533991E-10	4.88533991E-10	1.34277344E-1	0.00000000E+0	0.00000000E+0
1.36718750E-1	5.16035992E-10	5.16035992E-10	1.36718750E-1	0.00000000E+0	0.00000000E+0
1.39160156E-1	5.11900022E-10	5.11900022E-10	1.39160156E-1	0.00000000E+0	0.00000000E+0
1.41601562E-1	5.33809996E-10	5.33809996E-10	1.41601562E-1	0.00000000E+0	0.00000000E+0
1.44042969E-1	5.22318022E-10	5.22318022E-10	1.44042969E-1	0.00000000E+0	0.00000000E+0
1.46484375E-1	5.43233014E-10	5.43233014E-10	1.46484375E-1	0.00000000E+0	0.00000000E+0
1.48925781E-1	5.31606981E-10	5.31606981E-10	1.48925781E-1	0.00000000E+0	0.00000000E+0
1.51367187E-1	5.51583001E-10	5.51583001E-10	1.51367187E-1	0.00000000E+0	0.00000000E+0
1.53808594E-1	5.38967981E-10	5.38967981E-10	1.53808594E-1	0.00000000E+0	0.00000000E+0
1.56250000E-1	5.56486024E-10	5.56486024E-10	1.56250000E-1	0.00000000E+0	0.00000000E+0
1.58691406E-1	5.47523027E-10	5.47523027E-10	1.58691406E-1	0.00000000E+0	0.00000000E+0
1.61132812E-1	5.62538016E-10	5.62538016E-10	1.61132812E-1	0.00000000E+0	0.00000000E+0
1.63574219E-1	5.50664014E-10	5.50664014E-10	1.63574219E-1	0.00000000E+0	0.00000000E+0
1.66015625E-1	5.66521996E-10	5.66521996E-10	1.66015625E-1	0.00000000E+0	0.00000000E+0
1.68457031E-1	5.56486024E-10	5.56486024E-10	1.68457031E-1	0.00000000E+0	0.00000000E+0
1.70898437E-1	5.71309999E-10	5.71309999E-10	1.70898437E-1	0.00000000E+0	0.00000000E+0
1.73339844E-1	5.61006019E-10	5.61006019E-10	1.73339844E-1	0.00000000E+0	0.00000000E+0
1.75781250E-1	5.79391979E-10	5.79391979E-10	1.75781250E-1	0.00000000E+0	0.00000000E+0
1.78222656E-1	5.72420000E-10	5.72420000E-10	1.78222656E-1	0.00000000E+0	0.00000000E+0
1.80664062E-1	5.87895010E-10	5.87895010E-10	1.80664062E-1	0.00000000E+0	0.00000000E+0
1.83105469E-1	5.78243009E-10	5.78243009E-10	1.83105469E-1	0.00000000E+0	0.00000000E+0
1.85546875E-1	5.92607019E-10	5.92607019E-10	1.85546875E-1	0.00000000E+0	0.00000000E+0
1.87988281E-1	5.86822979E-10	5.86822979E-10	1.87988281E-1	0.00000000E+0	0.00000000E+0
1.90429687E-1	5.98696981E-10	5.98696981E-10	1.90429687E-1	0.00000000E+0	0.00000000E+0
1.92871094E-1	5.91305005E-10	5.91305005E-10	1.92871094E-1	0.00000000E+0	0.00000000E+0
1.95312500E-1	6.00688999E-10	6.00688999E-10	1.95312500E-1	0.00000000E+0	0.00000000E+0
1.97753906E-1	6.00688999E-10	6.00688999E-10	1.97753906E-1	0.00000000E+0	0.00000000E+0
2.00195312E-1	6.13866014E-10	6.13866014E-10	2.00195312E-1	0.00000000E+0	0.00000000E+0
2.02636719E-1	6.07449979E-10	6.07449979E-10	2.02636719E-1	0.00000000E+0	0.00000000E+0
2.05078125E-1	6.19457985E-10	6.19457985E-10	2.05078125E-1	0.00000000E+0	0.00000000E+0
2.07519531E-1	6.16854012E-10	6.16854012E-10	2.07519531E-1	0.00000000E+0	0.00000000E+0
2.09960937E-1	6.27349006E-10	6.27349006E-10	2.09960937E-1	0.00000000E+0	0.00000000E+0
2.12402344E-1	6.17504992E-10	6.17504992E-10	2.12402344E-1	0.00000000E+0	0.00000000E+0
2.14843750E-1	6.31562025E-10	6.31562025E-10	2.14843750E-1	0.00000000E+0	0.00000000E+0
2.17285156E-1	6.29417019E-10	6.29417019E-10	2.17285156E-1	0.00000000E+0	0.00000000E+0
2.19726562E-1	6.38304021E-10	6.38304021E-10	2.19726562E-1	0.00000000E+0	0.00000000E+0
2.22167969E-1	6.34817976E-10	6.34817976E-10	2.22167969E-1	0.00000000E+0	0.00000000E+0
2.24609375E-1	6.47573994E-10	6.47573994E-10	2.24609375E-1	0.00000000E+0	0.00000000E+0
2.27050781E-1	6.45735021E-10	6.45735021E-10	2.27050781E-1	0.00000000E+0	0.00000000E+0
2.29492187E-1	6.50484999E-10	6.50484999E-10	2.29492187E-1	0.00000000E+0	0.00000000E+0
2.31933594E-1	6.48991028E-10	6.48991028E-10	2.31933594E-1	0.00000000E+0	0.00000000E+0
2.34375000E-1	6.59090005E-10	6.59090005E-10	2.34375000E-1	0.00000000E+0	0.00000000E+0
2.36816406E-1	6.62435995E-10	6.62435995E-10	2.36816406E-1	0.00000000E+0	0.00000000E+0
2.39257812E-1	6.67159994E-10	6.67159994E-10	2.39257812E-1	0.00000000E+0	0.00000000E+0
2.41699219E-1	6.67797984E-10	6.67797984E-10	2.41699219E-1	0.00000000E+0	0.00000000E+0
2.44140625E-1	6.76379008E-10	6.76379008E-10	2.44140625E-1	0.00000000E+0	0.00000000E+0
2.46582031E-1	6.74194978E-10	6.74194978E-10	2.46582031E-1	0.00000000E+0	0.00000000E+0
2.49023437E-1	6.87640000E-10	6.87640000E-10	2.49023437E-1	0.00000000E+0	0.00000000E+0
2.51464844E-1	6.87410018E-10	6.87410018E-10	2.51464844E-1	0.00000000E+0	0.00000000E+0
2.53906250E-1	6.93002988E-10	6.93002988E-10	2.53906250E-1	0.00000000E+0	0.00000000E+0
2.56347656E-1	6.91699975E-10	6.91699975E-10	2.56347656E-1	0.00000000E+0	0.00000000E+0
2.58789062E-1	7.04589997E-10	7.04589997E-10	2.58789062E-1	0.00000000E+0	0.00000000E+0
2.61230469E-1	7.02884972E-10	7.02884972E-10	2.61230469E-1	0.00000000E+0	0.00000000E+0
2.63671875E-1	7.13176018E-10	7.13176018E-10	2.63671875E-1	0.00000000E+0	0.00000000E+0
2.66113281E-1	7.11618986E-10	7.11618986E-10	2.66113281E-1	0.00000000E+0	0.00000000E+0
2.68554687E-1	7.23147986E-10	7.23147986E-10	2.68554687E-1	0.00000000E+0	0.00000000E+0
2.70996094E-1	7.22420013E-10	7.22420013E-10	2.70996094E-1	0.00000000E+0	0.00000000E+0
2.73437500E-1	7.28969995E-10	7.28969995E-10	2.73437500E-1	0.00000000E+0	0.00000000E+0
2.75878906E-1	7.35175976E-10	7.35175976E-10	2.75878906E-1	0.00000000E+0	0.00000000E+0
2.78320312E-1	7.45403017E-10	7.45403017E-10	2.78320312E-1	0.00000000E+0	0.00000000E+0
2.80761719E-1	7.43563988E-10	7.43563988E-10	2.80761719E-1	0.00000000E+0	0.00000000E+0
2.83203125E-1	7.52603979E-10	7.52603979E-10	2.83203125E-1	0.00000000E+0	0.00000000E+0
2.85644531E-1	7.54366014E-10	7.54366014E-10	2.85644531E-1	0.00000000E+0	0.00000000E+0
2.88085937E-1	7.65474018E-10	7.65474018E-10	2.88085937E-1	0.00000000E+0	0.00000000E+0
2.90527344E-1	7.66699981E-10	7.66699981E-10	2.90527344E-1	0.00000000E+0	0.00000000E+0
2.92968750E-1	7.78064002E-10	7.78064002E-10	2.92968750E-1	0.00000000E+0	0.00000000E+0
2.95410156E-1	7.80316978E-10	7.80316978E-10	2.95410156E-1	0.00000000E+0	0.00000000E+0
2.97851562E-1	7.90142007E-10	7.90142007E-10	2.97851562E-1	0.00000000E+0	0.00000000E+0
3.00292969E-1	7.92516996E-10	7.92516996E-10	3.00292969E-1	0.00000000E+0	0.00000000E+0
3.02734375E-1	8.04697975E-10	8.04697975E-10	3.02734375E-1	0.00000000E+0	0.00000000E+0
3.05175781E-1	8.05157996E-10	8.05157996E-10	3.05175781E-1	0.00000000E+0	0.00000000E+0
3.07617187E-1	8.15805978E-10	8.15805978E-10	3.07617187E-1	0.00000000E+0	0.00000000E+0
3.10058594E-1	8.16189005E-10	8.16189005E-10	3.10058594E-1	0.00000000E+0	0.00000000E+0
3.12500000E-1	8.22165003E-10	8.22165003E-10	3.12500000E-1	0.00000000E+0	0.00000000E+0
3.14941406E-1	8.32507008E-10	8.32507008E-10	3.14941406E-1	0.00000000E+0	0.00000000E+0
3.17382812E-1	8.43692005E-10	8.43692005E-10	3.17382812E-1	0.00000000E+0	0.00000000E+0
3.19824219E-1	8.45095993E-10	8.45095993E-10	3.19824219E-1	0.00000000E+0	0.00000000E+0
3.22265625E-1	8.54186999E-10	8.54186999E-10	3.22265625E-1	0.00000000E+0	0.00000000E+0
3.24707031E-1	8.59435023E-10	8.59435023E-10	3.24707031E-1	0.00000000E+0	0.00000000E+0
3.27148437E-1	8.70773009E-10	8.70773009E-10	3.27148437E-1	0.00000000E+0	0.00000000E+0
3.29589844E-1	8.70773009E-10	8.70773009E-10	3.29589844E-1	0.00000000E+0	0.00000000E+0
3.32031250E-1	8.84217977E-10	8.84217977E-10	3.32031250E-1	0.00000000E+0	0.00000000E+0
3.34472656E-1	8.91189011E-10	8.91189011E-10	3.34472656E-1	0.00000000E+0	0.00000000E+0
3.36914062E-1	8.96897001E-10	8.96897001E-10	3.36914062E-1	0.00000000E+0	0.00000000E+0
3.39355469E-1	9.00229002E-10	9.00229002E-10	3.39355469E-1	0.00000000E+0	0.00000000E+0
3.41796875E-1	9.11375975E-10	9.11375975E-10	3.41796875E-1	0.00000000E+0	0.00000000E+0
3.44238281E-1	9.14785026E-10	9.14785026E-10	3.44238281E-1	0.00000000E+0	0.00000000E+0
3.46679687E-1	9.25357013E-10	9.25357013E-10	3.46679687E-1	0.00000000E+0	0.00000000E+0
3.49121094E-1	9.30490018E-10	9.30490018E-10	3.49121094E-1	0.00000000E+0	0.00000000E+0
3.51562500E-1	9.37479983E-10	9.37479983E-10	3.51562500E-1	0.00000000E+0	0.00000000E+0
3.54003906E-1	9.47764978E-10	9.47764978E-10	3.54003906E-1	0.00000000E+0	0.00000000E+0
3.56445312E-1	9.56382973E-10	9.56382973E-10	3.56445312E-1	0.00000000E+0	0.00000000E+0
3.58886719E-1	9.59855972E-10	9.59855972E-10	3.58886719E-1	0.00000000E+0	0.00000000E+0
3.61328125E-1	9.65864055E-10	9.65864055E-10	3.61328125E-1	0.00000000E+0	0.00000000E+0
3.63769531E-1	9.75381997E-10	9.75381997E-10	3.63769531E-1	0.00000000E+0	0.00000000E+0
3.66210937E-1	9.84218040E-10	9.84218040E-10	3.66210937E-1	0.00000000E+0	0.00000000E+0
3.68652344E-1	9.88980009E-10	9.88980009E-10	3.68652344E-1	0.00000000E+0	0.00000000E+0
3.71093750E-1	9.93232052E-10	9.93232052E-10	3.71093750E-1	0.00000000E+0	0.00000000E+0
3.73535156E-1	1.00540998E-9	1.00540998E-9	3.73535156E-1	0.00000000E+0	0.00000000E+0
3.75976562E-1	1.01063002E-9	1.01063002E-9	3.75976562E-1	0.00000000E+0	0.00000000E+0
3.78417969E-1	1.01798003E-9	1.01798003E-9	3.78417969E-1	0.00000000E+0	0.00000000E+0
3.80859375E-1	1.02077002E-9	1.02077002E-9	3.80859375E-1	0.00000000E+0	0.00000000E+0
3.83300781E-1	1.03278996E-9	1.03278996E-9	3.83300781E-1	0.00000000E+0	0.00000000E+0
3.85742187E-1	1.03467002E-9	1.03467002E-9	3.85742187E-1	0.00000000E+0	0.00000000E+0
3.88183594E-1	1.04668996E-9	1.04668996E-9	3.88183594E-1	0.00000000E+0	0.00000000E+0
3.90625000E-1	1.04908005E-9	1.04908005E-9	3.90625000E-1	0.00000000E+0	0.00000000E+0
3.93066406E-1	1.06662001E-9	1.06662001E-9	3.93066406E-1	0.00000000E+0	0.00000000E+0
3.95507812E-1	1.06707998E-9	1.06707998E-9	3.95507812E-1	0.00000000E+0	0.00000000E+0
3.97949219E-1	1.08247999E-9	1.08247999E-9	3.97949219E-1	0.00000000E+0	0.00000000E+0
4.00390625E-1	1.08098996E-9	1.08098996E-9	4.00390625E-1	0.00000000E+0	0.00000000E+0
4.02832031E-1	1.09244003E-9	1.09244003E-9	4.02832031E-1	0.00000000E+0	0.00000000E+0
4.05273437E-1	1.09720999E-9	1.09720999E-9	4.05273437E-1	0.00000000E+0	0.00000000E+0
4.07714844E-1	1.10902998E-9	1.10902998E-9	4.07714844E-1	0.00000000E+0	0.00000000E+0
4.10156250E-1	1.10825005E-9	1.10825005E-9	4.10156250E-1	0.00000000E+0	0.00000000E+0
4.12597656E-1	1.12821996E-9	1.12821996E-9	4.12597656E-1	0.00000000E+0	0.00000000E+0
4.15039062E-1	1.12482001E-9	1.12482001E-9	4.15039062E-1	0.00000000E+0	0.00000000E+0
4.17480469E-1	1.14160004E-9	1.14160004E-9	4.17480469E-1	0.00000000E+0	0.00000000E+0
4.19921875E-1	1.14026999E-9	1.14026999E-9	4.19921875E-1	0.00000000E+0	0.00000000E+0
4.22363281E-1	1.15946996E-9	1.15946996E-9	4.22363281E-1	0.00000000E+0	0.00000000E+0
4.24804687E-1	1.15946996E-9	1.15946996E-9	4.24804687E-1	0.00000000E+0	0.00000000E+0
4.27246094E-1	1.18059995E-9	1.18059995E-9	4.27246094E-1	0.00000000E+0	0.00000000E+0
4.29687500E-1	1.17892995E-9	1.17892995E-9	4.29687500E-1	0.00000000E+0	0.00000000E+0
4.32128906E-1	1.20272003E-9	1.20272003E-9	4.32128906E-1	0.00000000E+0	0.00000000E+0
4.34570312E-1	1.19543997E-9	1.19543997E-9	4.34570312E-1	0.00000000E+0	0.00000000E+0
4.37011719E-1	1.21938004E-9	1.21938004E-9	4.37011719E-1	0.00000000E+0	0.00000000E+0
4.39453125E-1	1.21568000E-9	1.21568000E-9	4.39453125E-1	0.00000000E+0	0.00000000E+0
4.41894531E-1	1.23715005E-9	1.23715005E-9	4.41894531E-1	0.00000000E+0	0.00000000E+0
4.44335937E-1	1.23537003E-9	1.23537003E-9	4.44335937E-1	0.00000000E+0	0.00000000E+0
4.46777344E-1	1.26295996E-9	1.26295996E-9	4.46777344E-1	0.00000000E+0	0.00000000E+0
4.49218750E-1	1.26023003E-9	1.26023003E-9	4.49218750E-1	0.00000000E+0	0.00000000E+0
4.51660156E-1	1.28694999E-9	1.28694999E-9	4.51660156E-1	0.00000000E+0	0.00000000E+0
4.54101562E-1	1.28201005E-9	1.28201005E-9	4.54101562E-1	0.00000000E+0	0.00000000E+0
4.56542969E-1	1.30586997E-9	1.30586997E-9	4.56542969E-1	0.00000000E+0	0.00000000E+0
4.58984375E-1	1.29753996E-9	1.29753996E-9	4.58984375E-1	0.00000000E+0	0.00000000E+0
4.61425781E-1	1.31931999E-9	1.31931999E-9	4.61425781E-1	0.00000000E+0	0.00000000E+0
4.63867187E-1	1.31943001E-9	1.31943001E-9	4.63867187E-1	0.00000000E+0	0.00000000E+0
4.66308594E-1	1.34615996E-9	1.34615996E-9	4.66308594E-1	0.00000000E+0	0.00000000E+0
4.68750000E-1	1.33983002E-9	1.33983002E-9	4.68750000E-1	0.00000000E+0	0.00000000E+0
4.71191406E-1	1.36286005E-9	1.36286005E-9	4.71191406E-1	0.00000000E+0	0.00000000E+0
4.73632812E-1	1.35962996E-9	1.35962996E-9	4.73632812E-1	0.00000000E+0	0.00000000E+0
4.76074219E-1	1.38123002E-9	1.38123002E-9	4.76074219E-1	0.00000000E+0	0.00000000E+0
4.78515625E-1	1.37728995E-9	1.37728995E-9	4.78515625E-1	0.00000000E+0	0.00000000E+0
4.80957031E-1	1.40082002E-9	1.40082002E-9	4.80957031E-1	0.00000000E+0	0.00000000E+0
4.83398437E-1	1.39703005E-9	1.39703005E-9	4.83398437E-1	0.00000000E+0	0.00000000E+0
4.85839844E-1	1.41677003E-9	1.41677003E-9	4.85839844E-1	0.00000000E+0	0.00000000E+0
4.88281250E-1	1.42208001E-9	1.42208001E-9	4.88281250E-1	0.00000000E+0	0.00000000E+0
4.90722656E-1	1.43878998E-9	1.43878998E-9	4.90722656E-1	0.00000000E+0	0.00000000E+0
4.93164062E-1	1.43955003E-9	1.43955003E-9	4.93164062E-1	0.00000000E+0	0.00000000E+0
4.90722656E-1	1.46511003E-9	1.46511003E-9	4.90722656E-1	0.00000000E+0	0.00000000E+0
4.88281250E-1	1.44372003E-9	1.44372003E-9	4.88281250E-1	0.00000000E+0	0.00000000E+0
4.85839844E-1	1.42891998E-9	1.42891998E-9	4.85839844E-1	0.00000000E+0	0.00000000E+0
4.83398437E-1	1.42208001E-9	1.42208001E-9	4.83398437E-1	0.00000000E+0	0.00000000E+0
4.80957031E-1	1.40992995E-9	1.40992995E-9	4.80957031E-1	0.00000000E+0	0.00000000E+0
4.78515625E-1	1.40082002E-9	1.40082002E-9	4.78515625E-1	0.00000000E+0	0.00000000E+0
4.76074219E-1	1.39930001E-9	1.39930001E-9	4.76074219E-1	0.00000000E+0	0.00000000E+0
4.73632812E-1	1.38917999E-9	1.38917999E-9	4.73632812E-1	0.00000000E+0	0.00000000E+0
4.71191406E-1	1.38031997E-9	1.38031997E-9	4.71191406E-1	0.00000000E+0	0.00000000E+0
4.68750000E-1	1.36209999E-9	1.36209999E-9	4.68750000E-1	0.00000000E+0	0.00000000E+0
4.66308594E-1	1.34918998E-9	1.34918998E-9	4.66308594E-1	0.00000000E+0	0.00000000E+0
4.63867187E-1	1.33172995E-9	1.33172995E-9	4.63867187E-1	0.00000000E+0	0.00000000E+0
4.61425781E-1	1.33021005E-9	1.33021005E-9	4.61425781E-1	0.00000000E+0	0.00000000E+0
4.58984375E-1	1.30954003E-9	1.30954003E-9	4.58984375E-1	0.00000000E+0	0.00000000E+0
4.56542969E-1	1.30692002E-9	1.30692002E-9	4.56542969E-1	0.00000000E+0	0.00000000E+0
4.54101562E-1	1.28960997E-9	1.28960997E-9	4.54101562E-1	0.00000000E+0	0.00000000E+0
4.51660156E-1	1.28977995E-9	1.28977995E-9	4.51660156E-1	0.00000000E+0	0.00000000E+0
4.49218750E-1	1.26971000E-9	1.26971000E-9	4.49218750E-1	0.00000000E+0	0.00000000E+0
4.46777344E-1	1.26680000E-9	1.26680000E-9	4.46777344E-1	0.00000000E+0	0.00000000E+0
4.44335937E-1	1.24233002E-9	1.24233002E-9	4.44335937E-1	0.00000000E+0	0.00000000E+0
4.41894531E-1	1.24599997E-9	1.24599997E-9	4.41894531E-1	0.00000000E+0	0.00000000E+0
4.39453125E-1	1.22025001E-9	1.22025001E-9	4.39453125E-1	0.00000000E+0	0.00000000E+0
4.37011719E-1	1.22527999E-9	1.22527999E-9	4.37011719E-1	0.00000000E+0	0.00000000E+0
4.34570312E-1	1.19678001E-9	1.19678001E-9	4.34570312E-1	0.00000000E+0	0.00000000E+0
4.32128906E-1	1.20620003E-9	1.20620003E-9	4.32128906E-1	0.00000000E+0	0.00000000E+0
4.29687500E-1	1.18135002E-9	1.18135002E-9	4.29687500E-1	0.00000000E+0	0.00000000E+0
4.27246094E-1	1.18177002E-9	1.18177002E-9	4.27246094E-1	0.00000000E+0	0.00000000E+0
4.24804687E-1	1.15733001E-9	1.15733001E-9	4.24804687E-1	0.00000000E+0	0.00000000E+0
4.22363281E-1	1.16653998E-9	1.16653998E-9	4.22363281E-1	0.00000000E+0	0.00000000E+0
4.19921875E-1	1.13763998E-9	1.13763998E-9	4.19921875E-1	0.00000000E+0	0.00000000E+0
4.17480469E-1	1.14576004E-9	1.14576004E-9	4.17480469E-1	0.00000000E+0	0.00000000E+0
4.15039062E-1	1.11698994E-9	1.11698994E-9	4.15039062E-1	0.00000000E+0	0.00000000E+0
4.12597656E-1	1.13021004E-9	1.13021004E-9	4.12597656E-1	0.00000000E+0	0.00000000E+0
4.10156250E-1	1.10006004E-9	1.10006004E-9	4.10156250E-1	0.00000000E+0	0.00000000E+0
4.07714844E-1	1.11021004E-9	1.11021004E-9	4.07714844E-1	0.00000000E+0	0.00000000E+0
4.05273437E-1	1.07761999E-9	1.07761999E-9	4.05273437E-1	0.00000000E+0	0.00000000E+0
4.02832031E-1	1.09857001E-9	1.09857001E-9	4.02832031E-1	0.00000000E+0	0.00000000E+0
4.00390625E-1	1.06356002E-9	1.06356002E-9	4.00390625E-1	0.00000000E+0	0.00000000E+0
3.97949219E-1	1.07469000E-9	1.07469000E-9	3.97949219E-1	0.00000000E+0	0.00000000E+0
3.95507812E-1	1.04461995E-9	1.04461995E-9	3.95507812E-1	0.00000000E+0	0.00000000E+0
3.93066406E-1	1.06356002E-9	1.06356002E-9	3.93066406E-1	0.00000000E+0	0.00000000E+0
3.90625000E-1	1.03092002E-9	1.03092002E-9	3.90625000E-1	0.00000000E+0	0.00000000E+0
3.88183594E-1	1.03804998E-9	1.03804998E-9	3.88183594E-1	0.00000000E+0	0.00000000E+0
3.85742187E-1	1.00649000E-9	1.00649000E-9	3.85742187E-1	0.00000000E+0	0.00000000E+0
3.83300781E-1	1.02449005E-9	1.02449005E-9	3.83300781E-1	0.00000000E+0	0.00000000E+0
3.80859375E-1	9.93882976E-10	9.93882976E-10	3.80859375E-1	0.00000000E+0	0.00000000E+0
3.78417969E-1	1.00591002E-9	1.00591002E-9	3.78417969E-1	0.00000000E+0	0.00000000E+0
3.75976562E-1	9.74932024E-10	9.74932024E-10	3.75976562E-1	0.00000000E+0	0.00000000E+0
3.73535156E-1	9.96028038E-10	9.96028038E-10	3.73535156E-1	0.00000000E+0	0.00000000E+0
3.71093750E-1	9.66726033E-10	9.66726033E-10	3.71093750E-1	0.00000000E+0	0.00000000E+0
3.68652344E-1	9.78677028E-10	9.78677028E-10	3.68652344E-1	0.00000000E+0	0.00000000E+0
3.66210937E-1	9.42899980E-10	9.42899980E-10	3.66210937E-1	0.00000000E+0	0.00000000E+0
3.63769531E-1	9.63393032E-10	9.63393032E-10	3.63769531E-1	0.00000000E+0	0.00000000E+0
3.61328125E-1	9.29800015E-10	9.29800015E-10	3.61328125E-1	0.00000000E+0	0.00000000E+0
3.58886719E-1	9.39682998E-10	9.39682998E-10	3.58886719E-1	0.00000000E+0	0.00000000E+0
3.56445312E-1	9.13252973E-10	9.13252973E-10	3.56445312E-1	0.00000000E+0	0.00000000E+0
3.54003906E-1	9.30029997E-10	9.30029997E-10	3.54003906E-1	0.00000000E+0	0.00000000E+0
3.51562500E-1	9.00229002E-10	9.00229002E-10	3.51562500E-1	0.00000000E+0	0.00000000E+0
3.49121094E-1	9.05554021E-10	9.05554021E-10	3.49121094E-1	0.00000000E+0	0.00000000E+0
3.46679687E-1	8.79238016E-10	8.79238016E-10	3.46679687E-1	0.00000000E+0	0.00000000E+0
3.44238281E-1	8.90729990E-10	8.90729990E-10	3.44238281E-1	0.00000000E+0	0.00000000E+0
3.41796875E-1	8.64835981E-10	8.64835981E-10	3.41796875E-1	0.00000000E+0	0.00000000E+0
3.39355469E-1	8.73697004E-10	8.73697004E-10	3.39355469E-1	0.00000000E+0	0.00000000E+0
3.36914062E-1	8.50434001E-10	8.50434001E-10	3.36914062E-1	0.00000000E+0	0.00000000E+0
3.34472656E-1	8.58017990E-10	8.58017990E-10	3.34472656E-1	0.00000000E+0	0.00000000E+0
3.32031250E-1	8.38711989E-10	8.38711989E-10	3.32031250E-1	0.00000000E+0	0.00000000E+0
3.29589844E-1	8.40781000E-10	8.40781000E-10	3.29589844E-1	0.00000000E+0	0.00000000E+0
3.27148437E-1	8.18335011E-10	8.18335011E-10	3.27148437E-1	0.00000000E+0	0.00000000E+0
3.24707031E-1	8.26800017E-10	8.26800017E-10	3.24707031E-1	0.00000000E+0	0.00000000E+0
3.22265625E-1	8.10117973E-10	8.10117973E-10	3.22265625E-1	0.00000000E+0	0.00000000E+0
3.19824219E-1	8.09332990E-10	8.09332990E-10	3.19824219E-1	0.00000000E+0	0.00000000E+0
3.17382812E-1	7.93207000E-10	7.93207000E-10	3.17382812E-1	0.00000000E+0	0.00000000E+0
3.14941406E-1	7.95888022E-10	7.95888022E-10	3.14941406E-1	0.00000000E+0	0.00000000E+0
3.12500000E-1	7.79953990E-10	7.79953990E-10	3.12500000E-1	0.00000000E+0	0.00000000E+0
3.10058594E-1	7.71270992E-10	7.71270992E-10	3.10058594E-1	0.00000000E+0	0.00000000E+0
3.07617187E-1	7.59576013E-10	7.59576013E-10	3.07617187E-1	0.00000000E+0	0.00000000E+0
3.05175781E-1	7.60342012E-10	7.60342012E-10	3.05175781E-1	0.00000000E+0	0.00000000E+0
3.02734375E-1	7.48083984E-10	7.48083984E-10	3.02734375E-1	0.00000000E+0	0.00000000E+0
3.00292969E-1	7.45403017E-10	7.45403017E-10	3.00292969E-1	0.00000000E+0	0.00000000E+0
2.97851562E-1	7.32226002E-10	7.32226002E-10	2.97851562E-1	0.00000000E+0	0.00000000E+0
2.95410156E-1	7.27744975E-10	7.27744975E-10	2.95410156E-1	0.00000000E+0	0.00000000E+0
2.92968750E-1	7.24258986E-10	7.24258986E-10	2.92968750E-1	0.00000000E+0	0.00000000E+0
2.90527344E-1	7.12537973E-10	7.12537973E-10	2.90527344E-1	0.00000000E+0	0.00000000E+0
2.88085937E-1	7.06485981E-10	7.06485981E-10	2.88085937E-1	0.00000000E+0	0.00000000E+0
2.85644531E-1	7.04647007E-10	7.04647007E-10	2.85644531E-1	0.00000000E+0	0.00000000E+0
2.83203125E-1	6.99285019E-10	6.99285019E-10	2.83203125E-1	0.00000000E+0	0.00000000E+0
2.80761719E-1	6.86644019E-10	6.86644019E-10	2.80761719E-1	0.00000000E+0	0.00000000E+0
2.78320312E-1	6.84268975E-10	6.84268975E-10	2.78320312E-1	0.00000000E+0	0.00000000E+0
2.75878906E-1	6.75383027E-10	6.75383027E-10	2.75878906E-1	0.00000000E+0	0.00000000E+0
2.73437500E-1	6.74462985E-10	6.74462985E-10	2.73437500E-1	0.00000000E+0	0.00000000E+0
2.70996094E-1	6.54928001E-10	6.54928001E-10	2.70996094E-1	0.00000000E+0	0.00000000E+0
2.68554687E-1	6.55234977E-10	6.55234977E-10	2.68554687E-1	0.00000000E+0	0.00000000E+0
2.66113281E-1	6.47573994E-10	6.47573994E-10	2.66113281E-1	0.00000000E+0	0.00000000E+0
2.63671875E-1	6.52400023E-10	6.52400023E-10	2.63671875E-1	0.00000000E+0	0.00000000E+0
2.61230469E-1	6.31562025E-10	6.31562025E-10	2.61230469E-1	0.00000000E+0	0.00000000E+0
2.58789062E-1	6.39529985E-10	6.39529985E-10	2.58789062E-1	0.00000000E+0	0.00000000E+0
2.56347656E-1	6.24438001E-10	6.24438001E-10	2.56347656E-1	0.00000000E+0	0.00000000E+0
2.53906250E-1	6.35775987E-10	6.35775987E-10	2.53906250E-1	0.00000000E+0	0.00000000E+0
2.51464844E-1	6.11605988E-10	6.11605988E-10	2.51464844E-1	0.00000000E+0	0.00000000E+0
2.49023437E-1	6.20166973E-10	6.20166973E-10	2.49023437E-1	0.00000000E+0	0.00000000E+0
2.46582031E-1	6.01915018E-10	6.01915018E-10	2.46582031E-1	0.00000000E+0	0.00000000E+0
2.44140625E-1	6.13635975E-10	6.13635975E-10	2.44140625E-1	0.00000000E+0	0.00000000E+0
2.41699219E-1	5.92108973E-10	5.92108973E-10	2.41699219E-1	0.00000000E+0	0.00000000E+0
2.39257812E-1	6.00995975E-10	6.00995975E-10	2.39257812E-1	0.00000000E+0	0.00000000E+0
2.36816406E-1	5.88124993E-10	5.88124993E-10	2.36816406E-1	0.00000000E+0	0.00000000E+0
2.34375000E-1	6.00075989E-10	6.00075989E-10	2.34375000E-1	0.00000000E+0	0.00000000E+0
2.31933594E-1	5.73760983E-10	5.73760983E-10	2.31933594E-1	0.00000000E+0	0.00000000E+0
2.29492187E-1	5.80196002E-10	5.80196002E-10	2.29492187E-1	0.00000000E+0	0.00000000E+0
2.27050781E-1	5.60775981E-10	5.60775981E-10	2.27050781E-1	0.00000000E+0	0.00000000E+0
2.24609375E-1	5.74489012E-10	5.74489012E-10	2.24609375E-1	0.00000000E+0	0.00000000E+0
2.22167969E-1	5.47905998E-10	5.47905998E-10	2.22167969E-1	0.00000000E+0	0.00000000E+0
2.19726562E-1	5.63763980E-10	5.63763980E-10	2.19726562E-1	0.00000000E+0	0.00000000E+0
2.17285156E-1	5.44918000E-10	5.44918000E-10	2.17285156E-1	0.00000000E+0	0.00000000E+0
2.14843750E-1	5.60085978E-10	5.60085978E-10	2.14843750E-1	0.00000000E+0	0.00000000E+0
2.12402344E-1	5.34959022E-10	5.34959022E-10	2.12402344E-1	0.00000000E+0	0.00000000E+0
2.09960937E-1	5.48977974E-10	5.48977974E-10	2.09960937E-1	0.00000000E+0	0.00000000E+0
2.07519531E-1	5.27068000E-10	5.27068000E-10	2.07519531E-1	0.00000000E+0	0.00000000E+0
2.05078125E-1	5.41450995E-10	5.41450995E-10	2.05078125E-1	0.00000000E+0	0.00000000E+0
2.02636719E-1	5.19560006E-10	5.19560006E-10	2.02636719E-1	0.00000000E+0	0.00000000E+0
2.00195312E-1	5.33962985E-10	5.33962985E-10	2.00195312E-1	0.00000000E+0	0.00000000E+0
1.97753906E-1	5.12971998E-10	5.12971998E-10	1.97753906E-1	0.00000000E+0	0.00000000E+0
1.95312500E-1	5.28524002E-10	5.28524002E-10	1.95312500E-1	0.00000000E+0	0.00000000E+0
1.92871094E-1	4.99871977E-10	4.99871977E-10	1.92871094E-1	0.00000000E+0	0.00000000E+0
1.90429687E-1	5.19253973E-10	5.19253973E-10	1.90429687E-1	0.00000000E+0	0.00000000E+0
1.87988281E-1	4.92518026E-10	4.92518026E-10	1.87988281E-1	0.00000000E+0	0.00000000E+0
1.85546875E-1	5.11287013E-10	5.11287013E-10	1.85546875E-1	0.00000000E+0	0.00000000E+0
1.83105469E-1	4.86388985E-10	4.86388985E-10	1.83105469E-1	0.00000000E+0	0.00000000E+0
1.80664062E-1	5.05080977E-10	5.05080977E-10	1.80664062E-1	0.00000000E+0	0.00000000E+0
1.78222656E-1	4.79723983E-10	4.79723983E-10	1.78222656E-1	0.00000000E+0	0.00000000E+0
1.75781250E-1	4.98186992E-10	4.98186992E-10	1.75781250E-1	0.00000000E+0	0.00000000E+0
1.73339844E-1	4.73824979E-10	4.73824979E-10	1.73339844E-1	0.00000000E+0	0.00000000E+0
1.70898437E-1	4.89222995E-10	4.89222995E-10	1.70898437E-1	0.00000000E+0	0.00000000E+0
1.68457031E-1	4.62295008E-10	4.62295008E-10	1.68457031E-1	0.00000000E+0	0.00000000E+0
1.66015625E-1	4.81486018E-10	4.81486018E-10	1.66015625E-1	0.00000000E+0	0.00000000E+0
1.63574219E-1	4.56510996E-10	4.56510996E-10	1.63574219E-1	0.00000000E+0	0.00000000E+0
1.61132812E-1	4.73238004E-10	4.73238004E-10	1.61132812E-1	0.00000000E+0	0.00000000E+0
1.58691406E-1	4.48027004E-10	4.48027004E-10	1.58691406E-1	0.00000000E+0	0.00000000E+0
1.56250000E-1	4.63942995E-10	4.63942995E-10	1.56250000E-1	0.00000000E+0	0.00000000E+0
1.53808594E-1	4.34332986E-10	4.34332986E-10	1.53808594E-1	0.00000000E+0	0.00000000E+0
1.51367187E-1	4.55821991E-10	4.55821991E-10	1.51367187E-1	0.00000000E+0	0.00000000E+0
1.48925781E-1	4.32685998E-10	4.32685998E-10	1.48925781E-1	0.00000000E+0	0.00000000E+0
1.46484375E-1	4.48927007E-10	4.48927007E-10	1.46484375E-1	0.00000000E+0	0.00000000E+0
1.44042969E-1	4.28932001E-10	4.28932001E-10	1.44042969E-1	0.00000000E+0	0.00000000E+0
1.41601562E-1	4.45645992E-10	4.45645992E-10	1.41601562E-1	0.00000000E+0	0.00000000E+0
1.39160156E-1	4.22191004E-10	4.22191004E-10	1.39160156E-1	0.00000000E+0	0.00000000E+0
1.36718750E-1	4.36287007E-10	4.36287007E-10	1.36718750E-1	0.00000000E+0	0.00000000E+0
1.34277344E-1	4.12538004E-10	4.12538004E-10	1.34277344E-1	0.00000000E+0	0.00000000E+0
1.31835937E-1	4.21884000E-10	4.21884000E-10	1.31835937E-1	0.00000000E+0	0.00000000E+0
1.29394531E-1	3.94917987E-10	3.94917987E-10	1.29394531E-1	0.00000000E+0	0.00000000E+0
1.26953125E-1	4.03727995E-10	4.03727995E-10	1.26953125E-1	0.00000000E+0	0.00000000E+0
1.24511719E-1	3.75497994E-10	3.75497994E-10	1.24511719E-1	0.00000000E+0	0.00000000E+0
1.22070312E-1	3.78600012E-10	3.78600012E-10	1.22070312E-1	0.00000000E+0	0.00000000E+0
1.19628906E-1	3.51634000E-10	3.51634000E-10	1.19628906E-1	0.00000000E+0	0.00000000E+0
1.17187500E-1	3.52399998E-10	3.52399998E-10	1.17187500E-1	0.00000000E+0	0.00000000E+0
1.14746094E-1	3.22407989E-10	3.22407989E-10	1.14746094E-1	0.00000000E+0	0.00000000E+0
1.12304687E-1	3.15475007E-10	3.15475007E-10	1.12304687E-1	0.00000000E+0	0.00000000E+0
1.09863281E-1	2.90525992E-10	2.90525992E-10	1.09863281E-1	0.00000000E+0	0.00000000E+0
1.07421875E-1	2.78779000E-10	2.78779000E-10	1.07421875E-1	0.00000000E+0	0.00000000E+0
1.04980469E-1	2.52808996E-10	2.52808996E-10	1.04980469E-1	0.00000000E+0	0.00000000E+0
1.02539062E-1	2.32851988E-10	2.32851988E-10	1.02539062E-1	0.00000000E+0	0.00000000E+0
1.00097656E-1	2.07916004E-10	2.07916004E-10	1.00097656E-1	0.00000000E+0	0.00000000E+0
9.76562500E-2	1.84129004E-10	1.84129004E-10	9.76562500E-2	0.00000000E+0	0.00000000E+0
9.52148438E-2	1.53953003E-10	1.53953003E-10	9.52148438E-2	0.00000000E+0	0.00000000E+0
9.27734375E-2	1.32993005E-10	1.32993005E-10	9.27734375E-2	0.00000000E+0	0.00000000E+0
9.03320313E-2	1.28725003E-10	1.28725003E-10	9.03320313E-2	0.00000000E+0	0.00000000E+0
8.78906250E-2	1.19420002E-10	1.19420002E-10	8.78906250E-2	0.00000000E+0	0.00000000E+0
8.54492188E-2	1.20556995E-10	1.20556995E-10	8.54492188E-2	0.00000000E+0	0.00000000E+0
8.30078125E-2	1.09396998E-10	1.09396998E-10	8.30078125E-2	0.00000000E+0	0.00000000E+0
8.05664063E-2	1.10162997E-10	1.10162997E-10	8.05664063E-2	0.00000000E+0	0.00000000E+0
7.81250000E-2	1.00357000E-10	1.00357000E-10	7.81250000E-2	0.00000000E+0	0.00000000E+0
7.56835938E-2	1.05133000E-10	1.05133000E-10	7.56835938E-2	0.00000000E+0	0.00000000E+0
7.32421875E-2	9.28497973E-11	9.28497973E-11	7.32421875E-2	0.00000000E+0	0.00000000E+0
7.08007813E-2	9.62971994E-11	9.62971994E-11	7.08007813E-2	0.00000000E+0	0.00000000E+0
6.83593750E-2	8.35954986E-11	8.35954986E-11	6.83593750E-2	0.00000000E+0	0.00000000E+0
6.59179688E-2	8.77170003E-11	8.77170003E-11	6.59179688E-2	0.00000000E+0	0.00000000E+0
6.34765625E-2	7.41572984E-11	7.41572984E-11	6.34765625E-2	0.00000000E+0	0.00000000E+0
6.10351563E-2	7.76812989E-11	7.76812989E-11	6.10351563E-2	0.00000000E+0	0.00000000E+0
5.85937500E-2	6.25346025E-11	6.25346025E-11	5.85937500E-2	0.00000000E+0	0.00000000E+0
5.61523438E-2	7.16948029E-11	7.16948029E-11	5.61523438E-2	0.00000000E+0	0.00000000E+0
5.37109375E-2	5.57200987E-11	5.57200987E-11	5.37109375E-2	0.00000000E+0	0.00000000E+0
5.12695313E-2	6.11665996E-11	6.11665996E-11	5.12695313E-2	0.00000000E+0	0.00000000E+0
4.88281250E-2	4.64248986E-11	4.64248986E-11	4.88281250E-2	0.00000000E+0	0.00000000E+0
4.63867188E-2	5.12512012E-11	5.12512012E-11	4.63867188E-2	0.00000000E+0	0.00000000E+0
4.39453125E-2	3.77375006E-11	3.77375006E-11	4.39453125E-2	0.00000000E+0	0.00000000E+0
4.15039063E-2	4.14452986E-11	4.14452986E-11	4.15039063E-2	0.00000000E+0	0.00000000E+0
3.90625000E-2	2.55259997E-11	2.55259997E-11	3.90625000E-2	0.00000000E+0	0.00000000E+0
3.66210938E-2	4.00664016E-11	4.00664016E-11	3.66210938E-2	0.00000000E+0	0.00000000E+0
3.41796875E-2	2.16707000E-11	2.16707000E-11	3.41796875E-2	0.00000000E+0	0.00000000E+0
3.17382813E-2	2.90091996E-11	2.90091996E-11	3.17382813E-2	0.00000000E+0	0.00000000E+0
2.92968750E-2	9.83144989E-12	9.83144989E-12	2.92968750E-2	0.00000000E+0	0.00000000E+0
2.68554688E-2	2.10345994E-11	2.10345994E-11	2.68554688E-2	0.00000000E+0	0.00000000E+0
2.44140625E-2	4.92211003E-12	4.92211003E-12	2.44140625E-2	0.00000000E+0	0.00000000E+0
2.19726563E-2	1.13763998E-11	1.13763998E-11	2.19726563E-2	0.00000000E+0	0.00000000E+0
1.95312500E-2	-4.67312994E-12	-4.67312994E-12	1.95312500E-2	0.00000000E+0	0.00000000E+0
1.70898438E-2	4.92211003E-12	4.92211003E-12	1.70898438E-2	0.00000000E+0	0.00000000E+0
1.46484375E-2	-9.57608992E-12	-9.57608992E-12	1.46484375E-2	0.00000000E+0	0.00000000E+0
1.22070313E-2	-1.02656002E-12	-1.02656002E-12	1.22070313E-2	0.00000000E+0	0.00000000E+0
9.76562500E-3	-1.64708993E-11	-1.64708993E-11	9.76562500E-3	0.00000000E+0	0.00000000E+0
7.32421875E-3	-4.67312994E-12	-4.67312994E-12	7.32421875E-3	0.00000000E+0	0.00000000E+0
4.88281250E-3	-1.96373993E-11	-1.96373993E-11	4.88281250E-3	0.00000000E+0	0.00000000E+0
2.44140625E-3	-9.11644024E-12	-9.11644024E-12	2.44140625E-3	0.00000000E+0	0.00000000E+0
0.00000000E+0	-2.26634007E-11	-2.26634007E-11	0.00000000E+0	0.00000000E+0	0.00000000E+0
-2.44140625E-3	-6.20531014E-12	-6.20531014E-12	-2.44140625E-3	0.00000000E+0	0.00000000E+0
-4.88281250E-3	-2.37486992E-11	-2.37486992E-11	-4.88281250E-3	0.00000000E+0	0.00000000E+0
-7.32421875E-3	-1.22190999E-11	-1.22190999E-11	-7.32421875E-3	0.00000000E+0	0.00000000E+0
-9.76562500E-3	-3.15244983E-11	-3.15244983E-11	-9.76562500E-3	0.00000000E+0	0.00000000E+0
-1.22070313E-2	-2.02552992E-11	-2.02552992E-11	-1.22070313E-2	0.00000000E+0	0.00000000E+0
-1.46484375E-2	-3.70019987E-11	-3.70019987E-11	-1.46484375E-2	0.00000000E+0	0.00000000E+0
-1.70898438E-2	-3.03371009E-11	-3.03371009E-11	-1.70898438E-2	0.00000000E+0	0.00000000E+0
-1.95312500E-2	-4.57660992E-11	-4.57660992E-11	-1.95312500E-2	0.00000000E+0	0.00000000E+0
-2.19726563E-2	-3.27885011E-11	-3.27885011E-11	-2.19726563E-2	0.00000000E+0	0.00000000E+0
-2.44140625E-2	-5.17797992E-11	-5.17797992E-11	-2.44140625E-2	0.00000000E+0	0.00000000E+0
-2.68554688E-2	-4.42032001E-11	-4.42032001E-11	-2.68554688E-2	0.00000000E+0	0.00000000E+0
-2.92968750E-2	-6.38916975E-11	-6.38916975E-11	-2.92968750E-2	0.00000000E+0	0.00000000E+0
-3.17382813E-2	-5.13789011E-11	-5.13789011E-11	-3.17382813E-2	0.00000000E+0	0.00000000E+0
-3.41796875E-2	-7.00458996E-11	-7.00458996E-11	-3.41796875E-2	0.00000000E+0	0.00000000E+0
-3.66210938E-2	-6.18231993E-11	-6.18231993E-11	-3.66210938E-2	0.00000000E+0	0.00000000E+0
-3.90625000E-2	-8.32627994E-11	-8.32627994E-11	-3.90625000E-2	0.00000000E+0	0.00000000E+0
-4.15039063E-2	-6.86413981E-11	-6.86413981E-11	-4.15039063E-2	0.00000000E+0	0.00000000E+0
-4.39453125E-2	-9.15090989E-11	-9.15090989E-11	-4.39453125E-2	0.00000000E+0	0.00000000E+0
-4.63867188E-2	-8.11797018E-11	-8.11797018E-11	-4.63867188E-2	0.00000000E+0	0.00000000E+0
-4.88281250E-2	-1.01685001E-10	-1.01685001E-10	-4.88281250E-2	0.00000000E+0	0.00000000E+0
-5.12695313E-2	-9.02451031E-11	-9.02451031E-11	-5.12695313E-2	0.00000000E+0	0.00000000E+0
-5.37109375E-2	-1.14300000E-10	-1.14300000E-10	-5.37109375E-2	0.00000000E+0	0.00000000E+0
-5.61523438E-2	-1.00203998E-10	-1.00203998E-10	-5.61523438E-2	0.00000000E+0	0.00000000E+0
-5.85937500E-2	-1.27170996E-10	-1.27170996E-10	-5.85937500E-2	0.00000000E+0	0.00000000E+0
-6.10351563E-2	-1.11105000E-10	-1.11105000E-10	-6.10351563E-2	0.00000000E+0	0.00000000E+0
-6.34765625E-2	-1.32762995E-10	-1.32762995E-10	-6.34765625E-2	0.00000000E+0	0.00000000E+0
-6.59179688E-2	-1.25346997E-10	-1.25346997E-10	-6.59179688E-2	0.00000000E+0	0.00000000E+0
-6.83593750E-2	-1.40424006E-10	-1.40424006E-10	-6.83593750E-2	0.00000000E+0	0.00000000E+0
-7.08007813E-2	-1.39274994E-10	-1.39274994E-10	-7.08007813E-2	0.00000000E+0	0.00000000E+0
-7.32421875E-2	-1.57124994E-10	-1.57124994E-10	-7.32421875E-2	0.00000000E+0	0.00000000E+0
-7.56835938E-2	-1.49846996E-10	-1.49846996E-10	-7.56835938E-2	0.00000000E+0	0.00000000E+0
-7.81250000E-2	-1.69955994E-10	-1.69955994E-10	-7.81250000E-2	0.00000000E+0	0.00000000E+0
-8.05664063E-2	-1.56773997E-10	-1.56773997E-10	-8.05664063E-2	0.00000000E+0	0.00000000E+0
-8.30078125E-2	-1.78192003E-10	-1.78192003E-10	-8.30078125E-2	0.00000000E+0	0.00000000E+0
-8.54492188E-2	-1.69343997E-10	-1.69343997E-10	-8.54492188E-2	0.00000000E+0	0.00000000E+0
-8.78906250E-2	-1.88074001E-10	-1.88074001E-10	-8.78906250E-2	0.00000000E+0	0.00000000E+0
-9.03320313E-2	-1.78958001E-10	-1.78958001E-10	-9.03320313E-2	0.00000000E+0	0.00000000E+0
-9.27734375E-2	-1.98875999E-10	-1.98875999E-10	-9.27734375E-2	0.00000000E+0	0.00000000E+0
-9.52148438E-2	-1.91369004E-10	-1.91369004E-10	-9.52148438E-2	0.00000000E+0	0.00000000E+0
-9.76562500E-2	-2.14275001E-10	-2.14275001E-10	-9.76562500E-2	0.00000000E+0	0.00000000E+0
-1.00097656E-1	-2.06000994E-10	-2.06000994E-10	-1.00097656E-1	0.00000000E+0	0.00000000E+0
-1.02539062E-1	-2.62206007E-10	-2.62206007E-10	-1.02539062E-1	0.00000000E+0	0.00000000E+0
-1.04980469E-1	-3.86798010E-10	-3.86798010E-10	-1.04980469E-1	0.00000000E+0	0.00000000E+0
-1.07421875E-1	-4.70378014E-10	-4.70378014E-10	-1.07421875E-1	0.00000000E+0	0.00000000E+0
-1.09863281E-1	-4.61146010E-10	-4.61146010E-10	-1.09863281E-1	0.00000000E+0	0.00000000E+0
-1.12304687E-1	-4.87690999E-10	-4.87690999E-10	-1.12304687E-1	0.00000000E+0	0.00000000E+0
-1.14746094E-1	-4.69688011E-10	-4.69688011E-10	-1.14746094E-1	0.00000000E+0	0.00000000E+0
-1.17187500E-1	-4.92976993E-10	-4.92976993E-10	-1.17187500E-1	0.00000000E+0	0.00000000E+0
-1.19628906E-1	-4.66470973E-10	-4.66470973E-10	-1.19628906E-1	0.00000000E+0	0.00000000E+0
-1.22070312E-1	-4.91292007E-10	-4.91292007E-10	-1.22070312E-1	0.00000000E+0	0.00000000E+0
-1.24511719E-1	-4.71986006E-10	-4.71986006E-10	-1.24511719E-1	0.00000000E+0	0.00000000E+0
-1.26953125E-1	-4.98359021E-10	-4.98359021E-10	-1.26953125E-1	0.00000000E+0	0.00000000E+0
-1.29394531E-1	-4.79877027E-10	-4.79877027E-10	-1.29394531E-1	0.00000000E+0	0.00000000E+0
-1.31835937E-1	-5.04488007E-10	-5.04488007E-10	-1.31835937E-1	0.00000000E+0	0.00000000E+0
-1.34277344E-1	-4.87690999E-10	-4.87690999E-10	-1.34277344E-1	0.00000000E+0	0.00000000E+0
-1.36718750E-1	-5.09600973E-10	-5.09600973E-10	-1.36718750E-1	0.00000000E+0	0.00000000E+0
-1.39160156E-1	-4.91981011E-10	-4.91981011E-10	-1.39160156E-1	0.00000000E+0	0.00000000E+0
-1.41601562E-1	-5.15883003E-10	-5.15883003E-10	-1.41601562E-1	0.00000000E+0	0.00000000E+0
-1.44042969E-1	-5.00868014E-10	-5.00868014E-10	-1.44042969E-1	0.00000000E+0	0.00000000E+0
-1.46484375E-1	-5.24309984E-10	-5.24309984E-10	-1.46484375E-1	0.00000000E+0	0.00000000E+0
-1.48925781E-1	-5.10367026E-10	-5.10367026E-10	-1.48925781E-1	0.00000000E+0	0.00000000E+0
-1.51367187E-1	-5.33925015E-10	-5.33925015E-10	-1.51367187E-1	0.00000000E+0	0.00000000E+0
-1.53808594E-1	-5.19560006E-10	-5.19560006E-10	-1.53808594E-1	0.00000000E+0	0.00000000E+0
-1.56250000E-1	-5.41891976E-10	-5.41891976E-10	-1.56250000E-1	0.00000000E+0	0.00000000E+0
-1.58691406E-1	-5.26684973E-10	-5.26684973E-10	-1.58691406E-1	0.00000000E+0	0.00000000E+0
-1.61132812E-1	-5.49336021E-10	-5.49336021E-10	-1.61132812E-1	0.00000000E+0	0.00000000E+0
-1.63574219E-1	-5.38713019E-10	-5.38713019E-10	-1.63574219E-1	0.00000000E+0	0.00000000E+0
-1.66015625E-1	-5.63533997E-10	-5.63533997E-10	-1.66015625E-1	0.00000000E+0	0.00000000E+0
-1.68457031E-1	-5.50892998E-10	-5.50892998E-10	-1.68457031E-1	0.00000000E+0	0.00000000E+0
-1.70898437E-1	-5.71501013E-10	-5.71501013E-10	-1.70898437E-1	0.00000000E+0	0.00000000E+0
-1.73339844E-1	-5.61915015E-10	-5.61915015E-10	-1.73339844E-1	0.00000000E+0	0.00000000E+0
-1.75781250E-1	-5.82149995E-10	-5.82149995E-10	-1.75781250E-1	0.00000000E+0	0.00000000E+0
-1.78222656E-1	-5.72228986E-10	-5.72228986E-10	-1.78222656E-1	0.00000000E+0	0.00000000E+0
-1.80664062E-1	-5.93590010E-10	-5.93590010E-10	-1.80664062E-1	0.00000000E+0	0.00000000E+0
-1.83105469E-1	-5.87742022E-10	-5.87742022E-10	-1.83105469E-1	0.00000000E+0	0.00000000E+0
-1.85546875E-1	-6.07354000E-10	-6.07354000E-10	-1.85546875E-1	0.00000000E+0	0.00000000E+0
-1.87988281E-1	-5.96705019E-10	-5.96705019E-10	-1.87988281E-1	0.00000000E+0	0.00000000E+0
-1.90429687E-1	-6.17045026E-10	-6.17045026E-10	-1.90429687E-1	0.00000000E+0	0.00000000E+0
-1.92871094E-1	-6.11031004E-10	-6.11031004E-10	-1.92871094E-1	0.00000000E+0	0.00000000E+0
-1.95312500E-1	-6.29723995E-10	-6.29723995E-10	-1.95312500E-1	0.00000000E+0	0.00000000E+0
-1.97753906E-1	-6.15877016E-10	-6.15877016E-10	-1.97753906E-1	0.00000000E+0	0.00000000E+0
-2.00195312E-1	-6.37844000E-10	-6.37844000E-10	-2.00195312E-1	0.00000000E+0	0.00000000E+0
-2.02636719E-1	-6.30361985E-10	-6.30361985E-10	-2.02636719E-1	0.00000000E+0	0.00000000E+0
-2.05078125E-1	-6.51837972E-10	-6.51837972E-10	-2.05078125E-1	0.00000000E+0	0.00000000E+0
-2.07519531E-1	-6.43334996E-10	-6.43334996E-10	-2.07519531E-1	0.00000000E+0	0.00000000E+0
-2.09960937E-1	-6.63738009E-10	-6.63738009E-10	-2.09960937E-1	0.00000000E+0	0.00000000E+0
-2.12402344E-1	-6.56421972E-10	-6.56421972E-10	-2.12402344E-1	0.00000000E+0	0.00000000E+0
-2.14843750E-1	-6.75586975E-10	-6.75586975E-10	-2.14843750E-1	0.00000000E+0	0.00000000E+0
-2.17285156E-1	-6.67989997E-10	-6.67989997E-10	-2.17285156E-1	0.00000000E+0	0.00000000E+0
-2.19726562E-1	-6.87256974E-10	-6.87256974E-10	-2.19726562E-1	0.00000000E+0	0.00000000E+0
-2.22167969E-1	-6.77450984E-10	-6.77450984E-10	-2.22167969E-1	0.00000000E+0	0.00000000E+0
-2.24609375E-1	-6.96117997E-10	-6.96117997E-10	-2.24609375E-1	0.00000000E+0	0.00000000E+0
-2.27050781E-1	-6.88482993E-10	-6.88482993E-10	-2.27050781E-1	0.00000000E+0	0.00000000E+0
-2.29492187E-1	-7.08095027E-10	-7.08095027E-10	-2.29492187E-1	0.00000000E+0	0.00000000E+0
-2.31933594E-1	-7.00663028E-10	-7.00663028E-10	-2.31933594E-1	0.00000000E+0	0.00000000E+0
-2.34375000E-1	-7.24719007E-10	-7.24719007E-10	-2.34375000E-1	0.00000000E+0	0.00000000E+0
-2.36816406E-1	-7.12142012E-10	-7.12142012E-10	-2.36816406E-1	0.00000000E+0	0.00000000E+0
-2.39257812E-1	-7.30005001E-10	-7.30005001E-10	-2.39257812E-1	0.00000000E+0	0.00000000E+0
-2.41699219E-1	-7.26098015E-10	-7.26098015E-10	-2.41699219E-1	0.00000000E+0	0.00000000E+0
-2.44140625E-1	-7.44101003E-10	-7.44101003E-10	-2.44140625E-1	0.00000000E+0	0.00000000E+0
-2.46582031E-1	-7.36440020E-10	-7.36440020E-10	-2.46582031E-1	0.00000000E+0	0.00000000E+0
-2.49023437E-1	-7.58197005E-10	-7.58197005E-10	-2.49023437E-1	0.00000000E+0	0.00000000E+0
-2.51464844E-1	-7.53369978E-10	-7.53369978E-10	-2.51464844E-1	0.00000000E+0	0.00000000E+0
-2.53906250E-1	-7.68884012E-10	-7.68884012E-10	-2.53906250E-1	0.00000000E+0	0.00000000E+0
-2.56347656E-1	-7.60302987E-10	-7.60302987E-10	-2.56347656E-1	0.00000000E+0	0.00000000E+0
-2.58789062E-1	-7.81869014E-10	-7.81869014E-10	-2.58789062E-1	0.00000000E+0	0.00000000E+0
-2.61230469E-1	-7.72751974E-10	-7.72751974E-10	-2.61230469E-1	0.00000000E+0	0.00000000E+0
-2.63671875E-1	-7.93493993E-10	-7.93493993E-10	-2.63671875E-1	0.00000000E+0	0.00000000E+0
-2.66113281E-1	-7.87664989E-10	-7.87664989E-10	-2.66113281E-1	0.00000000E+0	0.00000000E+0
-2.68554687E-1	-8.06842981E-10	-8.06842981E-10	-2.68554687E-1	0.00000000E+0	0.00000000E+0
-2.70996094E-1	-7.97802990E-10	-7.97802990E-10	-2.70996094E-1	0.00000000E+0	0.00000000E+0
-2.73437500E-1	-8.18871027E-10	-8.18871027E-10	-2.73437500E-1	0.00000000E+0	0.00000000E+0
-2.75878906E-1	-8.08374978E-10	-8.08374978E-10	-2.75878906E-1	0.00000000E+0	0.00000000E+0
-2.78320312E-1	-8.29175006E-10	-8.29175006E-10	-2.78320312E-1	0.00000000E+0	0.00000000E+0
-2.80761719E-1	-8.23773993E-10	-8.23773993E-10	-2.80761719E-1	0.00000000E+0	0.00000000E+0
-2.83203125E-1	-8.46296977E-10	-8.46296977E-10	-2.83203125E-1	0.00000000E+0	0.00000000E+0
-2.85644531E-1	-8.35187974E-10	-8.35187974E-10	-2.85644531E-1	0.00000000E+0	0.00000000E+0
-2.88085937E-1	-8.55240989E-10	-8.55240989E-10	-2.88085937E-1	0.00000000E+0	0.00000000E+0
-2.90527344E-1	-8.51199999E-10	-8.51199999E-10	-2.90527344E-1	0.00000000E+0	0.00000000E+0
-2.92968750E-1	-8.71002992E-10	-8.71002992E-10	-2.92968750E-1	0.00000000E+0	0.00000000E+0
-2.95410156E-1	-8.62881988E-10	-8.62881988E-10	-2.95410156E-1	0.00000000E+0	0.00000000E+0
-2.97851562E-1	-8.82992013E-10	-8.82992013E-10	-2.97851562E-1	0.00000000E+0	0.00000000E+0
-3.00292969E-1	-8.74719019E-10	-8.74719019E-10	-3.00292969E-1	0.00000000E+0	0.00000000E+0
-3.02734375E-1	-8.95709007E-10	-8.95709007E-10	-3.02734375E-1	0.00000000E+0	0.00000000E+0
-3.05175781E-1	-8.94177010E-10	-8.94177010E-10	-3.05175781E-1	0.00000000E+0	0.00000000E+0
-3.07617187E-1	-9.16010989E-10	-9.16010989E-10	-3.07617187E-1	0.00000000E+0	0.00000000E+0
-3.10058594E-1	-9.08886022E-10	-9.08886022E-10	-3.10058594E-1	0.00000000E+0	0.00000000E+0
-3.12500000E-1	-9.27847021E-10	-9.27847021E-10	-3.12500000E-1	0.00000000E+0	0.00000000E+0
-3.14941406E-1	-9.15244991E-10	-9.15244991E-10	-3.14941406E-1	0.00000000E+0	0.00000000E+0
-3.17382812E-1	-9.38303990E-10	-9.38303990E-10	-3.17382812E-1	0.00000000E+0	0.00000000E+0
-3.19824219E-1	-9.32443012E-10	-9.32443012E-10	-3.19824219E-1	0.00000000E+0	0.00000000E+0
-3.22265625E-1	-9.54161972E-10	-9.54161972E-10	-3.22265625E-1	0.00000000E+0	0.00000000E+0
-3.24707031E-1	-9.47114054E-10	-9.47114054E-10	-3.24707031E-1	0.00000000E+0	0.00000000E+0
-3.27148437E-1	-9.67568026E-10	-9.67568026E-10	-3.27148437E-1	0.00000000E+0	0.00000000E+0
-3.29589844E-1	-9.58757962E-10	-9.58757962E-10	-3.29589844E-1	0.00000000E+0	0.00000000E+0
-3.32031250E-1	-9.79060055E-10	-9.79060055E-10	-3.32031250E-1	0.00000000E+0	0.00000000E+0
-3.34472656E-1	-9.73416014E-10	-9.73416014E-10	-3.34472656E-1	0.00000000E+0	0.00000000E+0
-3.36914062E-1	-9.92179006E-10	-9.92179006E-10	-3.36914062E-1	0.00000000E+0	0.00000000E+0
-3.39355469E-1	-9.89249016E-10	-9.89249016E-10	-3.39355469E-1	0.00000000E+0	0.00000000E+0
-3.41796875E-1	-1.01158004E-9	-1.01158004E-9	-3.41796875E-1	0.00000000E+0	0.00000000E+0
-3.44238281E-1	-1.00311004E-9	-1.00311004E-9	-3.44238281E-1	0.00000000E+0	0.00000000E+0
-3.46679687E-1	-1.02180997E-9	-1.02180997E-9	-3.46679687E-1	0.00000000E+0	0.00000000E+0
-3.49121094E-1	-1.01955000E-9	-1.01955000E-9	-3.49121094E-1	0.00000000E+0	0.00000000E+0
-3.51562500E-1	-1.03636000E-9	-1.03636000E-9	-3.51562500E-1	0.00000000E+0	0.00000000E+0
-3.54003906E-1	-1.02846998E-9	-1.02846998E-9	-3.54003906E-1	0.00000000E+0	0.00000000E+0
-3.56445312E-1	-1.04774001E-9	-1.04774001E-9	-3.56445312E-1	0.00000000E+0	0.00000000E+0
-3.58886719E-1	-1.04665998E-9	-1.04665998E-9	-3.58886719E-1	0.00000000E+0	0.00000000E+0
-3.61328125E-1	-1.06500997E-9	-1.06500997E-9	-3.61328125E-1	0.00000000E+0	0.00000000E+0
-3.63769531E-1	-1.06929998E-9	-1.06929998E-9	-3.63769531E-1	0.00000000E+0	0.00000000E+0
-3.66210937E-1	-1.08628995E-9	-1.08628995E-9	-3.66210937E-1	0.00000000E+0	0.00000000E+0
-3.68652344E-1	-1.08524001E-9	-1.08524001E-9	-3.68652344E-1	0.00000000E+0	0.00000000E+0
-3.71093750E-1	-1.10117004E-9	-1.10117004E-9	-3.71093750E-1	0.00000000E+0	0.00000000E+0
-3.73535156E-1	-1.09910003E-9	-1.09910003E-9	-3.73535156E-1	0.00000000E+0	0.00000000E+0
-3.75976562E-1	-1.11519005E-9	-1.11519005E-9	-3.75976562E-1	0.00000000E+0	0.00000000E+0
-3.78417969E-1	-1.12334997E-9	-1.12334997E-9	-3.78417969E-1	0.00000000E+0	0.00000000E+0
-3.80859375E-1	-1.13274001E-9	-1.13274001E-9	-3.80859375E-1	0.00000000E+0	0.00000000E+0
-3.83300781E-1	-1.13672005E-9	-1.13672005E-9	-3.83300781E-1	0.00000000E+0	0.00000000E+0
-3.85742187E-1	-1.14691001E-9	-1.14691001E-9	-3.85742187E-1	0.00000000E+0	0.00000000E+0
-3.88183594E-1	-1.15127996E-9	-1.15127996E-9	-3.88183594E-1	0.00000000E+0	0.00000000E+0
-3.90625000E-1	-1.16281995E-9	-1.16281995E-9	-3.90625000E-1	0.00000000E+0	0.00000000E+0
-3.93066406E-1	-1.16399002E-9	-1.16399002E-9	-3.93066406E-1	0.00000000E+0	0.00000000E+0
-3.95507812E-1	-1.17548005E-9	-1.17548005E-9	-3.95507812E-1	0.00000000E+0	0.00000000E+0
-3.97949219E-1	-1.18399002E-9	-1.18399002E-9	-3.97949219E-1	0.00000000E+0	0.00000000E+0
-4.00390625E-1	-1.18950005E-9	-1.18950005E-9	-4.00390625E-1	0.00000000E+0	0.00000000E+0
-4.02832031E-1	-1.19259003E-9	-1.19259003E-9	-4.02832031E-1	0.00000000E+0	0.00000000E+0
-4.05273437E-1	-1.19597998E-9	-1.19597998E-9	-4.05273437E-1	0.00000000E+0	0.00000000E+0
-4.07714844E-1	-1.20819998E-9	-1.20819998E-9	-4.07714844E-1	0.00000000E+0	0.00000000E+0
-4.10156250E-1	-1.21071997E-9	-1.21071997E-9	-4.10156250E-1	0.00000000E+0	0.00000000E+0
-4.12597656E-1	-1.21891996E-9	-1.21891996E-9	-4.12597656E-1	0.00000000E+0	0.00000000E+0
-4.15039062E-1	-1.22312005E-9	-1.22312005E-9	-4.15039062E-1	0.00000000E+0	0.00000000E+0
-4.17480469E-1	-1.23580002E-9	-1.23580002E-9	-4.17480469E-1	0.00000000E+0	0.00000000E+0
-4.19921875E-1	-1.24026001E-9	-1.24026001E-9	-4.19921875E-1	0.00000000E+0	0.00000000E+0
-4.22363281E-1	-1.25888999E-9	-1.25888999E-9	-4.22363281E-1	0.00000000E+0	0.00000000E+0
-4.24804687E-1	-1.25786004E-9	-1.25786004E-9	-4.24804687E-1	0.00000000E+0	0.00000000E+0
-4.27246094E-1	-1.27323996E-9	-1.27323996E-9	-4.27246094E-1	0.00000000E+0	0.00000000E+0
-4.29687500E-1	-1.27560995E-9	-1.27560995E-9	-4.29687500E-1	0.00000000E+0	0.00000000E+0
-4.32128906E-1	-1.28699995E-9	-1.28699995E-9	-4.32128906E-1	0.00000000E+0	0.00000000E+0
-4.34570312E-1	-1.27713995E-9	-1.27713995E-9	-4.34570312E-1	0.00000000E+0	0.00000000E+0
-4.37011719E-1	-1.29610001E-9	-1.29610001E-9	-4.37011719E-1	0.00000000E+0	0.00000000E+0
-4.39453125E-1	-1.29358002E-9	-1.29358002E-9	-4.39453125E-1	0.00000000E+0	0.00000000E+0
-4.41894531E-1	-1.30679001E-9	-1.30679001E-9	-4.41894531E-1	0.00000000E+0	0.00000000E+0
-4.44335937E-1	-1.30271005E-9	-1.30271005E-9	-4.44335937E-1	0.00000000E+0	0.00000000E+0
-4.46777344E-1	-1.31882005E-9	-1.31882005E-9	-4.46777344E-1	0.00000000E+0	0.00000000E+0
-4.49218750E-1	-1.31522004E-9	-1.31522004E-9	-4.49218750E-1	0.00000000E+0	0.00000000E+0
-4.51660156E-1	-1.33097000E-9	-1.33097000E-9	-4.51660156E-1	0.00000000E+0	0.00000000E+0
-4.54101562E-1	-1.32944999E-9	-1.32944999E-9	-4.54101562E-1	0.00000000E+0	0.00000000E+0
-4.56542969E-1	-1.34843003E-9	-1.34843003E-9	-4.56542969E-1	0.00000000E+0	0.00000000E+0
-4.58984375E-1	-1.34160005E-9	-1.34160005E-9	-4.58984375E-1	0.00000000E+0	0.00000000E+0
-4.61425781E-1	-1.35800005E-9	-1.35800005E-9	-4.61425781E-1	0.00000000E+0	0.00000000E+0
-4.63867187E-1	-1.35527001E-9	-1.35527001E-9	-4.63867187E-1	0.00000000E+0	0.00000000E+0
-4.66308594E-1	-1.38203005E-9	-1.38203005E-9	-4.66308594E-1	0.00000000E+0	0.00000000E+0
-4.68750000E-1	-1.36589995E-9	-1.36589995E-9	-4.68750000E-1	0.00000000E+0	0.00000000E+0
-4.71191406E-1	-1.38108003E-9	-1.38108003E-9	-4.71191406E-1	0.00000000E+0	0.00000000E+0
-4.73632812E-1	-1.37348999E-9	-1.37348999E-9	-4.73632812E-1	0.00000000E+0	0.00000000E+0
-4.76074219E-1	-1.39209000E-9	-1.39209000E-9	-4.76074219E-1	0.00000000E+0	0.00000000E+0
-4.78515625E-1	-1.38487999E-9	-1.38487999E-9	-4.78515625E-1	0.00000000E+0	0.00000000E+0
-4.80957031E-1	-1.40461998E-9	-1.40461998E-9	-4.80957031E-1	0.00000000E+0	0.00000000E+0
-4.83398437E-1	-1.39626999E-9	-1.39626999E-9	-4.83398437E-1	0.00000000E+0	0.00000000E+0
-4.85839844E-1	-1.41120005E-9	-1.41120005E-9	-4.85839844E-1	0.00000000E+0	0.00000000E+0
-4.88281250E-1	-1.41752998E-9	-1.41752998E-9	-4.88281250E-1	0.00000000E+0	0.00000000E+0
-4.90722656E-1	-1.43852996E-9	-1.43852996E-9	-4.90722656E-1	0.00000000E+0	0.00000000E+0
-4.93164062E-1	-1.41904999E-9	-1.41904999E-9	-4.93164062E-1	0.00000000E+0	0.00000000E+0
-4.90722656E-1	-1.45016998E-9	-1.45016998E-9	-4.90722656E-1	0.00000000E+0	0.00000000E+0
-4.88281250E-1	-1.41980006E-9	-1.41980006E-9	-4.88281250E-1	0.00000000E+0	0.00000000E+0
-4.85839844E-1	-1.42360002E-9	-1.42360002E-9	-4.85839844E-1	0.00000000E+0	0.00000000E+0
-4.83398437E-1	-1.41221002E-9	-1.41221002E-9	-4.83398437E-1	0.00000000E+0	0.00000000E+0
-4.80957031E-1	-1.42816003E-9	-1.42816003E-9	-4.80957031E-1	0.00000000E+0	0.00000000E+0
-4.78515625E-1	-1.38564005E-9	-1.38564005E-9	-4.78515625E-1	0.00000000E+0	0.00000000E+0
-4.76074219E-1	-1.40234002E-9	-1.40234002E-9	-4.76074219E-1	0.00000000E+0	0.00000000E+0
-4.73632812E-1	-1.36741996E-9	-1.36741996E-9	-4.73632812E-1	0.00000000E+0	0.00000000E+0
-4.71191406E-1	-1.37956002E-9	-1.37956002E-9	-4.71191406E-1	0.00000000E+0	0.00000000E+0
-4.68750000E-1	-1.34767997E-9	-1.34767997E-9	-4.68750000E-1	0.00000000E+0	0.00000000E+0
-4.66308594E-1	-1.37879996E-9	-1.37879996E-9	-4.66308594E-1	0.00000000E+0	0.00000000E+0
-4.63867187E-1	-1.34918998E-9	-1.34918998E-9	-4.63867187E-1	0.00000000E+0	0.00000000E+0
-4.61425781E-1	-1.37273004E-9	-1.37273004E-9	-4.61425781E-1	0.00000000E+0	0.00000000E+0
-4.58984375E-1	-1.33831002E-9	-1.33831002E-9	-4.58984375E-1	0.00000000E+0	0.00000000E+0
-4.56542969E-1	-1.35982003E-9	-1.35982003E-9	-4.56542969E-1	0.00000000E+0	0.00000000E+0
-4.54101562E-1	-1.32155997E-9	-1.32155997E-9	-4.54101562E-1	0.00000000E+0	0.00000000E+0
-4.51660156E-1	-1.34463995E-9	-1.34463995E-9	-4.51660156E-1	0.00000000E+0	0.00000000E+0
-4.49218750E-1	-1.30612998E-9	-1.30612998E-9	-4.49218750E-1	0.00000000E+0	0.00000000E+0
-4.46777344E-1	-1.33249001E-9	-1.33249001E-9	-4.46777344E-1	0.00000000E+0	0.00000000E+0
-4.44335937E-1	-1.29101996E-9	-1.29101996E-9	-4.44335937E-1	0.00000000E+0	0.00000000E+0
-4.41894531E-1	-1.31522004E-9	-1.31522004E-9	-4.41894531E-1	0.00000000E+0	0.00000000E+0
-4.39453125E-1	-1.26374999E-9	-1.26374999E-9	-4.39453125E-1	0.00000000E+0	0.00000000E+0
-4.37011719E-1	-1.29935995E-9	-1.29935995E-9	-4.37011719E-1	0.00000000E+0	0.00000000E+0
-4.34570312E-1	-1.25597999E-9	-1.25597999E-9	-4.34570312E-1	0.00000000E+0	0.00000000E+0
-4.32128906E-1	-1.28518995E-9	-1.28518995E-9	-4.32128906E-1	0.00000000E+0	0.00000000E+0
-4.29687500E-1	-1.23689003E-9	-1.23689003E-9	-4.29687500E-1	0.00000000E+0	0.00000000E+0
-4.27246094E-1	-1.27584998E-9	-1.27584998E-9	-4.27246094E-1	0.00000000E+0	0.00000000E+0
-4.24804687E-1	-1.23037003E-9	-1.23037003E-9	-4.24804687E-1	0.00000000E+0	0.00000000E+0
-4.22363281E-1	-1.26001998E-9	-1.26001998E-9	-4.22363281E-1	0.00000000E+0	0.00000000E+0
-4.19921875E-1	-1.21262000E-9	-1.21262000E-9	-4.19921875E-1	0.00000000E+0	0.00000000E+0
-4.17480469E-1	-1.24768995E-9	-1.24768995E-9	-4.17480469E-1	0.00000000E+0	0.00000000E+0
-4.15039062E-1	-1.19206001E-9	-1.19206001E-9	-4.15039062E-1	0.00000000E+0	0.00000000E+0
-4.12597656E-1	-1.22896004E-9	-1.22896004E-9	-4.12597656E-1	0.00000000E+0	0.00000000E+0
-4.10156250E-1	-1.17548005E-9	-1.17548005E-9	-4.10156250E-1	0.00000000E+0	0.00000000E+0
-4.07714844E-1	-1.21800003E-9	-1.21800003E-9	-4.07714844E-1	0.00000000E+0	0.00000000E+0
-4.05273437E-1	-1.16281995E-9	-1.16281995E-9	-4.05273437E-1	0.00000000E+0	0.00000000E+0
-4.02832031E-1	-1.19723997E-9	-1.19723997E-9	-4.02832031E-1	0.00000000E+0	0.00000000E+0
-4.00390625E-1	-1.14228005E-9	-1.14228005E-9	-4.00390625E-1	0.00000000E+0	0.00000000E+0
-3.97949219E-1	-1.18007004E-9	-1.18007004E-9	-3.97949219E-1	0.00000000E+0	0.00000000E+0
-3.95507812E-1	-1.12462994E-9	-1.12462994E-9	-3.95507812E-1	0.00000000E+0	0.00000000E+0
-3.93066406E-1	-1.16281995E-9	-1.16281995E-9	-3.93066406E-1	0.00000000E+0	0.00000000E+0
-3.90625000E-1	-1.10592002E-9	-1.10592002E-9	-3.90625000E-1	0.00000000E+0	0.00000000E+0
-3.88183594E-1	-1.14691001E-9	-1.14691001E-9	-3.88183594E-1	0.00000000E+0	0.00000000E+0
-3.85742187E-1	-1.08377995E-9	-1.08377995E-9	-3.85742187E-1	0.00000000E+0	0.00000000E+0
-3.83300781E-1	-1.12139997E-9	-1.12139997E-9	-3.83300781E-1	0.00000000E+0	0.00000000E+0
-3.80859375E-1	-1.06398002E-9	-1.06398002E-9	-3.80859375E-1	0.00000000E+0	0.00000000E+0
-3.78417969E-1	-1.10650999E-9	-1.10650999E-9	-3.78417969E-1	0.00000000E+0	0.00000000E+0
-3.75976562E-1	-1.04850995E-9	-1.04850995E-9	-3.75976562E-1	0.00000000E+0	0.00000000E+0
-3.73535156E-1	-1.08635001E-9	-1.08635001E-9	-3.73535156E-1	0.00000000E+0	0.00000000E+0
-3.71093750E-1	-1.02708997E-9	-1.02708997E-9	-3.71093750E-1	0.00000000E+0	0.00000000E+0
-3.68652344E-1	-1.07221998E-9	-1.07221998E-9	-3.68652344E-1	0.00000000E+0	0.00000000E+0
-3.66210937E-1	-1.01330000E-9	-1.01330000E-9	-3.66210937E-1	0.00000000E+0	0.00000000E+0
-3.63769531E-1	-1.05188003E-9	-1.05188003E-9	-3.63769531E-1	0.00000000E+0	0.00000000E+0
-3.61328125E-1	-9.94151983E-10	-9.94151983E-10	-3.61328125E-1	0.00000000E+0	0.00000000E+0
-3.58886719E-1	-1.03666997E-9	-1.03666997E-9	-3.58886719E-1	0.00000000E+0	0.00000000E+0
-3.56445312E-1	-9.83502946E-10	-9.83502946E-10	-3.56445312E-1	0.00000000E+0	0.00000000E+0
-3.54003906E-1	-1.01798003E-9	-1.01798003E-9	-3.54003906E-1	0.00000000E+0	0.00000000E+0
-3.51562500E-1	-9.58757962E-10	-9.58757962E-10	-3.51562500E-1	0.00000000E+0	0.00000000E+0
-3.49121094E-1	-1.01094000E-9	-1.01094000E-9	-3.49121094E-1	0.00000000E+0	0.00000000E+0
-3.46679687E-1	-9.54161972E-10	-9.54161972E-10	-3.46679687E-1	0.00000000E+0	0.00000000E+0
-3.44238281E-1	-9.84652027E-10	-9.84652027E-10	-3.44238281E-1	0.00000000E+0	0.00000000E+0
-3.41796875E-1	-9.28573995E-10	-9.28573995E-10	-3.41796875E-1	0.00000000E+0	0.00000000E+0
-3.39355469E-1	-9.67108948E-10	-9.67108948E-10	-3.39355469E-1	0.00000000E+0	0.00000000E+0
-3.36914062E-1	-9.13252973E-10	-9.13252973E-10	-3.36914062E-1	0.00000000E+0	0.00000000E+0
-3.34472656E-1	-9.44585965E-10	-9.44585965E-10	-3.34472656E-1	0.00000000E+0	0.00000000E+0
-3.32031250E-1	-8.96935026E-10	-8.96935026E-10	-3.32031250E-1	0.00000000E+0	0.00000000E+0
-3.29589844E-1	-9.36427047E-10	-9.36427047E-10	-3.29589844E-1	0.00000000E+0	0.00000000E+0
-3.27148437E-1	-8.88546015E-10	-8.88546015E-10	-3.27148437E-1	0.00000000E+0	0.00000000E+0
-3.24707031E-1	-9.16815013E-10	-9.16815013E-10	-3.24707031E-1	0.00000000E+0	0.00000000E+0
-3.22265625E-1	-8.68665972E-10	-8.68665972E-10	-3.22265625E-1	0.00000000E+0	0.00000000E+0
-3.19824219E-1	-9.02527997E-10	-9.02527997E-10	-3.19824219E-1	0.00000000E+0	0.00000000E+0
-3.17382812E-1	-8.54915028E-10	-8.54915028E-10	-3.17382812E-1	0.00000000E+0	0.00000000E+0
-3.14941406E-1	-8.81115014E-10	-8.81115014E-10	-3.14941406E-1	0.00000000E+0	0.00000000E+0
-3.12500000E-1	-8.36874015E-10	-8.36874015E-10	-3.12500000E-1	0.00000000E+0	0.00000000E+0
-3.10058594E-1	-8.70199024E-10	-8.70199024E-10	-3.10058594E-1	0.00000000E+0	0.00000000E+0
-3.07617187E-1	-8.30438995E-10	-8.30438995E-10	-3.07617187E-1	0.00000000E+0	0.00000000E+0
-3.05175781E-1	-8.49544990E-10	-8.49544990E-10	-3.05175781E-1	0.00000000E+0	0.00000000E+0
-3.02734375E-1	-8.12741985E-10	-8.12741985E-10	-3.02734375E-1	0.00000000E+0	0.00000000E+0
-3.00292969E-1	-8.33655978E-10	-8.33655978E-10	-3.00292969E-1	0.00000000E+0	0.00000000E+0
-2.97851562E-1	-8.02026001E-10	-8.02026001E-10	-2.97851562E-1	0.00000000E+0	0.00000000E+0
-2.95410156E-1	-8.14465995E-10	-8.14465995E-10	-2.95410156E-1	0.00000000E+0	0.00000000E+0
-2.92968750E-1	-7.85430998E-10	-7.85430998E-10	-2.92968750E-1	0.00000000E+0	0.00000000E+0
-2.90527344E-1	-8.06842981E-10	-8.06842981E-10	-2.90527344E-1	0.00000000E+0	0.00000000E+0
-2.88085937E-1	-7.72445996E-10	-7.72445996E-10	-2.88085937E-1	0.00000000E+0	0.00000000E+0
-2.85644531E-1	-7.87664989E-10	-7.87664989E-10	-2.85644531E-1	0.00000000E+0	0.00000000E+0
-2.83203125E-1	-7.57736984E-10	-7.57736984E-10	-2.83203125E-1	0.00000000E+0	0.00000000E+0
-2.80761719E-1	-7.72598985E-10	-7.72598985E-10	-2.80761719E-1	0.00000000E+0	0.00000000E+0
-2.78320312E-1	-7.44329987E-10	-7.44329987E-10	-2.78320312E-1	0.00000000E+0	0.00000000E+0
-2.75878906E-1	-7.53369978E-10	-7.53369978E-10	-2.75878906E-1	0.00000000E+0	0.00000000E+0
-2.73437500E-1	-7.28166027E-10	-7.28166027E-10	-2.73437500E-1	0.00000000E+0	0.00000000E+0
-2.70996094E-1	-7.43027972E-10	-7.43027972E-10	-2.70996094E-1	0.00000000E+0	0.00000000E+0
-2.68554687E-1	-7.22765015E-10	-7.22765015E-10	-2.68554687E-1	0.00000000E+0	0.00000000E+0
-2.66113281E-1	-7.24987015E-10	-7.24987015E-10	-2.66113281E-1	0.00000000E+0	0.00000000E+0
-2.63671875E-1	-7.06026015E-10	-7.06026015E-10	-2.63671875E-1	0.00000000E+0	0.00000000E+0
-2.61230469E-1	-7.12142012E-10	-7.12142012E-10	-2.61230469E-1	0.00000000E+0	0.00000000E+0
-2.58789062E-1	-6.93596014E-10	-6.93596014E-10	-2.58789062E-1	0.00000000E+0	0.00000000E+0
-2.56347656E-1	-6.93309021E-10	-6.93309021E-10	-2.56347656E-1	0.00000000E+0	0.00000000E+0
-2.53906250E-1	-6.79290013E-10	-6.79290013E-10	-2.53906250E-1	0.00000000E+0	0.00000000E+0
-2.51464844E-1	-6.84078016E-10	-6.84078016E-10	-2.51464844E-1	0.00000000E+0	0.00000000E+0
-2.49023437E-1	-6.67453981E-10	-6.67453981E-10	-2.49023437E-1	0.00000000E+0	0.00000000E+0
-2.46582031E-1	-6.67989997E-10	-6.67989997E-10	-2.46582031E-1	0.00000000E+0	0.00000000E+0
-2.44140625E-1	-6.53012977E-10	-6.53012977E-10	-2.44140625E-1	0.00000000E+0	0.00000000E+0
-2.41699219E-1	-6.54085008E-10	-6.54085008E-10	-2.41699219E-1	0.00000000E+0	0.00000000E+0
-2.39257812E-1	-6.42172981E-10	-6.42172981E-10	-2.39257812E-1	0.00000000E+0	0.00000000E+0
-2.36816406E-1	-6.34396979E-10	-6.34396979E-10	-2.36816406E-1	0.00000000E+0	0.00000000E+0
-2.34375000E-1	-6.29263974E-10	-6.29263974E-10	-2.34375000E-1	0.00000000E+0	0.00000000E+0
-2.31933594E-1	-6.29723995E-10	-6.29723995E-10	-2.31933594E-1	0.00000000E+0	0.00000000E+0
-2.29492187E-1	-6.19918006E-10	-6.19918006E-10	-2.29492187E-1	0.00000000E+0	0.00000000E+0
-2.27050781E-1	-6.13368023E-10	-6.13368023E-10	-2.27050781E-1	0.00000000E+0	0.00000000E+0
-2.24609375E-1	-6.07354000E-10	-6.07354000E-10	-2.24609375E-1	0.00000000E+0	0.00000000E+0
-2.22167969E-1	-6.00306027E-10	-6.00306027E-10	-2.22167969E-1	0.00000000E+0	0.00000000E+0
-2.19726562E-1	-5.96705019E-10	-5.96705019E-10	-2.19726562E-1	0.00000000E+0	0.00000000E+0
-2.17285156E-1	-5.86516002E-10	-5.86516002E-10	-2.17285156E-1	0.00000000E+0	0.00000000E+0
-2.14843750E-1	-5.81307003E-10	-5.81307003E-10	-2.14843750E-1	0.00000000E+0	0.00000000E+0
-2.12402344E-1	-5.73952996E-10	-5.73952996E-10	-2.12402344E-1	0.00000000E+0	0.00000000E+0
-2.09960937E-1	-5.72344006E-10	-5.72344006E-10	-2.09960937E-1	0.00000000E+0	0.00000000E+0
-2.07519531E-1	-5.58323998E-10	-5.58323998E-10	-2.07519531E-1	0.00000000E+0	0.00000000E+0
-2.05078125E-1	-5.57098978E-10	-5.57098978E-10	-2.05078125E-1	0.00000000E+0	0.00000000E+0
-2.02636719E-1	-5.44765011E-10	-5.44765011E-10	-2.02636719E-1	0.00000000E+0	0.00000000E+0
-2.00195312E-1	-5.44534973E-10	-5.44534973E-10	-2.00195312E-1	0.00000000E+0	0.00000000E+0
-1.97753906E-1	-5.33043998E-10	-5.33043998E-10	-1.97753906E-1	0.00000000E+0	0.00000000E+0
-1.95312500E-1	-5.28524002E-10	-5.28524002E-10	-1.95312500E-1	0.00000000E+0	0.00000000E+0
-1.92871094E-1	-5.24309984E-10	-5.24309984E-10	-1.92871094E-1	0.00000000E+0	0.00000000E+0
-1.90429687E-1	-5.22548005E-10	-5.22548005E-10	-1.90429687E-1	0.00000000E+0	0.00000000E+0
-1.87988281E-1	-5.09600973E-10	-5.09600973E-10	-1.87988281E-1	0.00000000E+0	0.00000000E+0
-1.85546875E-1	-5.10521014E-10	-5.10521014E-10	-1.85546875E-1	0.00000000E+0	0.00000000E+0
-1.83105469E-1	-4.98359021E-10	-4.98359021E-10	-1.83105469E-1	0.00000000E+0	0.00000000E+0
-1.80664062E-1	-4.97994979E-10	-4.97994979E-10	-1.80664062E-1	0.00000000E+0	0.00000000E+0
-1.78222656E-1	-4.84065010E-10	-4.84065010E-10	-1.78222656E-1	0.00000000E+0	0.00000000E+0
-1.75781250E-1	-4.85430973E-10	-4.85430973E-10	-1.75781250E-1	0.00000000E+0	0.00000000E+0
-1.73339844E-1	-4.74016992E-10	-4.74016992E-10	-1.73339844E-1	0.00000000E+0	0.00000000E+0
-1.70898437E-1	-4.74821016E-10	-4.74821016E-10	-1.70898437E-1	0.00000000E+0	0.00000000E+0
-1.68457031E-1	-4.62282990E-10	-4.62282990E-10	-1.68457031E-1	0.00000000E+0	0.00000000E+0
-1.66015625E-1	-4.65321004E-10	-4.65321004E-10	-1.66015625E-1	0.00000000E+0	0.00000000E+0
-1.63574219E-1	-4.50229992E-10	-4.50229992E-10	-1.63574219E-1	0.00000000E+0	0.00000000E+0
-1.61132812E-1	-4.52527987E-10	-4.52527987E-10	-1.61132812E-1	0.00000000E+0	0.00000000E+0
-1.58691406E-1	-4.39810993E-10	-4.39810993E-10	-1.58691406E-1	0.00000000E+0	0.00000000E+0
-1.56250000E-1	-4.41821996E-10	-4.41821996E-10	-1.56250000E-1	0.00000000E+0	0.00000000E+0
-1.53808594E-1	-4.31689989E-10	-4.31689989E-10	-1.53808594E-1	0.00000000E+0	0.00000000E+0
-1.51367187E-1	-4.34755010E-10	-4.34755010E-10	-1.51367187E-1	0.00000000E+0	0.00000000E+0
-1.48925781E-1	-4.20255997E-10	-4.20255997E-10	-1.48925781E-1	0.00000000E+0	0.00000000E+0
-1.46484375E-1	-4.23977992E-10	-4.23977992E-10	-1.46484375E-1	0.00000000E+0	0.00000000E+0
-1.44042969E-1	-4.12231999E-10	-4.12231999E-10	-1.44042969E-1	0.00000000E+0	0.00000000E+0
-1.41601562E-1	-4.14529994E-10	-4.14529994E-10	-1.41601562E-1	0.00000000E+0	0.00000000E+0
-1.39160156E-1	-4.03344996E-10	-4.03344996E-10	-1.39160156E-1	0.00000000E+0	0.00000000E+0
-1.36718750E-1	-4.06486012E-10	-4.06486012E-10	-1.36718750E-1	0.00000000E+0	0.00000000E+0
-1.34277344E-1	-3.93462013E-10	-3.93462013E-10	-1.34277344E-1	0.00000000E+0	0.00000000E+0
-1.31835937E-1	-3.99973998E-10	-3.99973998E-10	-1.31835937E-1	0.00000000E+0	0.00000000E+0
-1.29394531E-1	-3.88023003E-10	-3.88023003E-10	-1.29394531E-1	0.00000000E+0	0.00000000E+0
-1.26953125E-1	-3.89248994E-10	-3.89248994E-10	-1.26953125E-1	0.00000000E+0	0.00000000E+0
-1.24511719E-1	-3.79672987E-10	-3.79672987E-10	-1.24511719E-1	0.00000000E+0	0.00000000E+0
-1.22070312E-1	-3.86477989E-10	-3.86477989E-10	-1.22070312E-1	0.00000000E+0	0.00000000E+0
-1.19628906E-1	-3.70454001E-10	-3.70454001E-10	-1.19628906E-1	0.00000000E+0	0.00000000E+0
-1.17187500E-1	-3.75458997E-10	-3.75458997E-10	-1.17187500E-1	0.00000000E+0	0.00000000E+0
-1.14746094E-1	-3.64964003E-10	-3.64964003E-10	-1.14746094E-1	0.00000000E+0	0.00000000E+0
-1.12304687E-1	-3.68641007E-10	-3.68641007E-10	-1.12304687E-1	0.00000000E+0	0.00000000E+0
-1.09863281E-1	-3.59141994E-10	-3.59141994E-10	-1.09863281E-1	0.00000000E+0	0.00000000E+0
-1.07421875E-1	-3.59696994E-10	-3.59696994E-10	-1.07421875E-1	0.00000000E+0	0.00000000E+0
-1.04980469E-1	-3.53779006E-10	-3.53779006E-10	-1.04980469E-1	0.00000000E+0	0.00000000E+0
-1.02539062E-1	-3.53779006E-10	-3.53779006E-10	-1.02539062E-1	0.00000000E+0	0.00000000E+0
-1.00097656E-1	-3.41062012E-10	-3.41062012E-10	-1.00097656E-1	0.00000000E+0	0.00000000E+0
-9.76562500E-2	-3.35648009E-10	-3.35648009E-10	-9.76562500E-2	0.00000000E+0	0.00000000E+0
-9.52148438E-2	-3.10342002E-10	-3.10342002E-10	-9.52148438E-2	0.00000000E+0	0.00000000E+0
-9.27734375E-2	-2.78446988E-10	-2.78446988E-10	-9.27734375E-2	0.00000000E+0	0.00000000E+0
-9.03320313E-2	-2.30012995E-10	-2.30012995E-10	-9.03320313E-2	0.00000000E+0	0.00000000E+0
-8.78906250E-2	-1.90908997E-10	-1.90908997E-10	-8.78906250E-2	0.00000000E+0	0.00000000E+0
-8.54492188E-2	-1.45019996E-10	-1.45019996E-10	-8.54492188E-2	0.00000000E+0	0.00000000E+0
-8.30078125E-2	-1.42185999E-10	-1.42185999E-10	-8.30078125E-2	0.00000000E+0	0.00000000E+0
-8.05664063E-2	-1.33026007E-10	-1.33026007E-10	-8.05664063E-2	0.00000000E+0	0.00000000E+0
-7.81250000E-2	-1.31843994E-10	-1.31843994E-10	-7.81250000E-2	0.00000000E+0	0.00000000E+0
-7.56835938E-2	-1.22038005E-10	-1.22038005E-10	-7.56835938E-2	0.00000000E+0	0.00000000E+0
-7.32421875E-2	-1.22651000E-10	-1.22651000E-10	-7.32421875E-2	0.00000000E+0	0.00000000E+0
-7.08007813E-2	-1.15756002E-10	-1.15756002E-10	-7.08007813E-2	0.00000000E+0	0.00000000E+0
-6.83593750E-2	-1.16445006E-10	-1.16445006E-10	-6.83593750E-2	0.00000000E+0	0.00000000E+0
-6.59179688E-2	-1.08094998E-10	-1.08094998E-10	-6.59179688E-2	0.00000000E+0	0.00000000E+0
-6.34765625E-2	-1.07329000E-10	-1.07329000E-10	-6.34765625E-2	0.00000000E+0	0.00000000E+0
-6.10351563E-2	-1.03242997E-10	-1.03242997E-10	-6.10351563E-2	0.00000000E+0	0.00000000E+0
-5.85937500E-2	-1.01557998E-10	-1.01557998E-10	-5.85937500E-2	0.00000000E+0	0.00000000E+0
-5.61523438E-2	-9.36924982E-11	-9.36924982E-11	-5.61523438E-2	0.00000000E+0	0.00000000E+0
-5.37109375E-2	-9.04748984E-11	-9.04748984E-11	-5.37109375E-2	0.00000000E+0	0.00000000E+0
-5.12695313E-2	-8.63379992E-11	-8.63379992E-11	-5.12695313E-2	0.00000000E+0	0.00000000E+0
-4.88281250E-2	-8.21053989E-11	-8.21053989E-11	-4.88281250E-2	0.00000000E+0	0.00000000E+0
-4.63867188E-2	-7.16547030E-11	-7.16547030E-11	-4.63867188E-2	0.00000000E+0	0.00000000E+0
-4.39453125E-2	-7.05566022E-11	-7.05566022E-11	-4.39453125E-2	0.00000000E+0	0.00000000E+0
-4.15039063E-2	-6.79366008E-11	-6.79366008E-11	-4.15039063E-2	0.00000000E+0	0.00000000E+0
-3.90625000E-2	-6.69560032E-11	-6.69560032E-11	-3.90625000E-2	0.00000000E+0	0.00000000E+0
-3.66210938E-2	-5.46985998E-11	-5.46985998E-11	-3.66210938E-2	0.00000000E+0	0.00000000E+0
-3.41796875E-2	-5.25536004E-11	-5.25536004E-11	-3.41796875E-2	0.00000000E+0	0.00000000E+0
-3.17382813E-2	-5.11745993E-11	-5.11745993E-11	-3.17382813E-2	0.00000000E+0	0.00000000E+0
-2.92968750E-2	-4.91281009E-11	-4.91281009E-11	-2.92968750E-2	0.00000000E+0	0.00000000E+0
-2.68554688E-2	-4.39734013E-11	-4.39734013E-11	-2.68554688E-2	0.00000000E+0	0.00000000E+0
-2.44140625E-2	-3.96258998E-11	-3.96258998E-11	-2.44140625E-2	0.00000000E+0	0.00000000E+0
-2.19726563E-2	-3.78599999E-11	-3.78599999E-11	-2.19726563E-2	0.00000000E+0	0.00000000E+0
-1.95312500E-2	-3.35546001E-11	-3.35546001E-11	-1.95312500E-2	0.00000000E+0	0.00000000E+0
-1.70898438E-2	-2.92358013E-11	-2.92358013E-11	-1.70898438E-2	0.00000000E+0	0.00000000E+0
-1.46484375E-2	-2.25230008E-11	-2.25230008E-11	-1.46484375E-2	0.00000000E+0	0.00000000E+0
-1.22070313E-2	-2.24464006E-11	-2.24464006E-11	-1.22070313E-2	0.00000000E+0	0.00000000E+0
-9.76562500E-3	-1.97012007E-11	-1.97012007E-11	-9.76562500E-3	0.00000000E+0	0.00000000E+0
-7.32421875E-3	-1.73136002E-11	-1.73136002E-11	-7.32421875E-3	0.00000000E+0	0.00000000E+0
-4.88281250E-3	-1.50919000E-11	-1.50919000E-11	-4.88281250E-3	0.00000000E+0	0.00000000E+0
-2.44140625E-3	-1.60877995E-11	-1.60877995E-11	-2.44140625E-3	0.00000000E+0	0.00000000E+0
0.00000000E+0	-1.73136002E-11	-1.73136002E-11	0.00000000E+0	0.00000000E+0	0.00000000E+0
