Date: do 28 mrt 2013, Material: Au, Temp: 4.2 K
AO1 - module gain: 1.0E+0, R_out: 0.0
AO2 - module gain: 1.0E+2
MUX1 - ADC gain: 4, logarithmic amplifier: D:\LabVIEW Data\Lithographic MCBJ\MED24_070412.TXT, R_in: 0.000
MUX2 - ADC gain: 4, linear amplifier: 1.000000 x 1e10 V/A, R_in: 1.000
Breaking trace: 15 0
Axis position: -881.125678
Vbias (V)	<I> and Ii MUX1 (A)	Vbias (V)	<I> and Ii MUX2 (A)
@
0.00000000E+0	-2.94514990E-9	-2.94514990E-9	0.00000000E+0	0.00000000E+0	0.00000000E+0
2.44140625E-3	1.12643001E-7	1.12643001E-7	2.44140625E-3	0.00000000E+0	0.00000000E+0
4.88281250E-3	3.27457002E-7	3.27457002E-7	4.88281250E-3	0.00000000E+0	0.00000000E+0
7.32421875E-3	5.35401000E-7	5.35401000E-7	7.32421875E-3	0.00000000E+0	0.00000000E+0
9.76562500E-3	7.51821005E-7	7.51821005E-7	9.76562500E-3	0.00000000E+0	0.00000000E+0
1.22070313E-2	9.59077965E-7	9.59077965E-7	1.22070313E-2	0.00000000E+0	0.00000000E+0
1.46484375E-2	1.17523996E-6	1.17523996E-6	1.46484375E-2	0.00000000E+0	0.00000000E+0
1.70898438E-2	1.38301004E-6	1.38301004E-6	1.70898438E-2	0.00000000E+0	0.00000000E+0
1.95312500E-2	1.60283003E-6	1.60283003E-6	1.95312500E-2	0.00000000E+0	0.00000000E+0
2.19726563E-2	1.81081998E-6	1.81081998E-6	2.19726563E-2	0.00000000E+0	0.00000000E+0
2.44140625E-2	2.02643992E-6	2.02643992E-6	2.44140625E-2	0.00000000E+0	0.00000000E+0
2.68554688E-2	2.23709003E-6	2.23709003E-6	2.68554688E-2	0.00000000E+0	0.00000000E+0
2.92968750E-2	2.45499996E-6	2.45499996E-6	2.92968750E-2	0.00000000E+0	0.00000000E+0
3.17382813E-2	2.66451002E-6	2.66451002E-6	3.17382813E-2	0.00000000E+0	0.00000000E+0
3.41796875E-2	2.88509000E-6	2.88509000E-6	3.41796875E-2	0.00000000E+0	0.00000000E+0
3.66210938E-2	3.09956999E-6	3.09956999E-6	3.66210938E-2	0.00000000E+0	0.00000000E+0
3.90625000E-2	3.32244008E-6	3.32244008E-6	3.90625000E-2	0.00000000E+0	0.00000000E+0
4.15039063E-2	3.53003998E-6	3.53003998E-6	4.15039063E-2	0.00000000E+0	0.00000000E+0
4.39453125E-2	3.74756996E-6	3.74756996E-6	4.39453125E-2	0.00000000E+0	0.00000000E+0
4.63867188E-2	3.96052019E-6	3.96052019E-6	4.63867188E-2	0.00000000E+0	0.00000000E+0
4.88281250E-2	4.17728006E-6	4.17728006E-6	4.88281250E-2	0.00000000E+0	0.00000000E+0
5.12695313E-2	4.38946017E-6	4.38946017E-6	5.12695313E-2	0.00000000E+0	0.00000000E+0
5.37109375E-2	4.60774982E-6	4.60774982E-6	5.37109375E-2	0.00000000E+0	0.00000000E+0
5.61523438E-2	4.82069981E-6	4.82069981E-6	5.61523438E-2	0.00000000E+0	0.00000000E+0
5.85937500E-2	5.03747015E-6	5.03747015E-6	5.85937500E-2	0.00000000E+0	0.00000000E+0
6.10351563E-2	5.25269979E-6	5.25269979E-6	6.10351563E-2	0.00000000E+0	0.00000000E+0
6.34765625E-2	5.46793990E-6	5.46793990E-6	6.34765625E-2	0.00000000E+0	0.00000000E+0
6.59179688E-2	5.67707002E-6	5.67707002E-6	6.59179688E-2	0.00000000E+0	0.00000000E+0
6.83593750E-2	5.90147010E-6	5.90147010E-6	6.83593750E-2	0.00000000E+0	0.00000000E+0
7.08007813E-2	6.11213000E-6	6.11213000E-6	7.08007813E-2	0.00000000E+0	0.00000000E+0
7.32421875E-2	6.33042009E-6	6.33042009E-6	7.32421875E-2	0.00000000E+0	0.00000000E+0
7.56835938E-2	6.54412997E-6	6.54412997E-6	7.56835938E-2	0.00000000E+0	0.00000000E+0
7.81250000E-2	6.76852005E-6	6.76852005E-6	7.81250000E-2	0.00000000E+0	0.00000000E+0
8.05664063E-2	6.97383985E-6	6.97383985E-6	8.05664063E-2	0.00000000E+0	0.00000000E+0
8.30078125E-2	7.19593982E-6	7.19593982E-6	8.30078125E-2	0.00000000E+0	0.00000000E+0
8.54492188E-2	7.40851010E-6	7.40851010E-6	8.54492188E-2	0.00000000E+0	0.00000000E+0
8.78906250E-2	7.62908985E-6	7.62908985E-6	8.78906250E-2	0.00000000E+0	0.00000000E+0
9.03320313E-2	7.83821997E-6	7.83821997E-6	9.03320313E-2	0.00000000E+0	0.00000000E+0
9.27734375E-2	8.05537002E-6	8.05537002E-6	9.27734375E-2	0.00000000E+0	0.00000000E+0
9.52148438E-2	8.26640007E-6	8.26640007E-6	9.52148438E-2	0.00000000E+0	0.00000000E+0
9.76562500E-2	8.48697982E-6	8.48697982E-6	9.76562500E-2	0.00000000E+0	0.00000000E+0
1.00097656E-1	8.69611995E-6	8.69611995E-6	1.00097656E-1	0.00000000E+0	0.00000000E+0
1.02539062E-1	8.91287982E-6	8.91287982E-6	1.02539062E-1	0.00000000E+0	0.00000000E+0
1.04980469E-1	9.12734959E-6	9.12734959E-6	1.04980469E-1	0.00000000E+0	0.00000000E+0
1.07421875E-1	9.34832042E-6	9.34832042E-6	1.07421875E-1	0.00000000E+0	0.00000000E+0
1.09863281E-1	9.55973974E-6	9.55973974E-6	1.09863281E-1	0.00000000E+0	0.00000000E+0
1.12304687E-1	9.77803029E-6	9.77803029E-6	1.12304687E-1	0.00000000E+0	0.00000000E+0
1.14746094E-1	9.99495023E-6	9.99495023E-6	1.14746094E-1	0.00000000E+0	0.00000000E+0
1.17187500E-1	1.02148997E-5	1.02148997E-5	1.17187500E-1	0.00000000E+0	0.00000000E+0
1.19628906E-1	1.04347000E-5	1.04347000E-5	1.19628906E-1	0.00000000E+0	0.00000000E+0
1.22070312E-1	1.06478001E-5	1.06478001E-5	1.22070312E-1	0.00000000E+0	0.00000000E+0
1.24511719E-1	1.08638997E-5	1.08638997E-5	1.24511719E-1	0.00000000E+0	0.00000000E+0
1.26953125E-1	1.10798001E-5	1.10798001E-5	1.26953125E-1	0.00000000E+0	0.00000000E+0
1.29394531E-1	1.12824000E-5	1.12824000E-5	1.29394531E-1	0.00000000E+0	0.00000000E+0
1.31835937E-1	1.15090997E-5	1.15090997E-5	1.31835937E-1	0.00000000E+0	0.00000000E+0
1.34277344E-1	1.17251002E-5	1.17251002E-5	1.34277344E-1	0.00000000E+0	0.00000000E+0
1.36718750E-1	1.19435999E-5	1.19435999E-5	1.36718750E-1	0.00000000E+0	0.00000000E+0
1.39160156E-1	1.21557996E-5	1.21557996E-5	1.39160156E-1	0.00000000E+0	0.00000000E+0
1.41601562E-1	1.23755999E-5	1.23755999E-5	1.41601562E-1	0.00000000E+0	0.00000000E+0
1.44042969E-1	1.25848001E-5	1.25848001E-5	1.44042969E-1	0.00000000E+0	0.00000000E+0
1.46484375E-1	1.28130996E-5	1.28130996E-5	1.46484375E-1	0.00000000E+0	0.00000000E+0
1.48925781E-1	1.30239996E-5	1.30239996E-5	1.48925781E-1	0.00000000E+0	0.00000000E+0
1.51367187E-1	1.32470004E-5	1.32470004E-5	1.51367187E-1	0.00000000E+0	0.00000000E+0
1.53808594E-1	1.34587999E-5	1.34587999E-5	1.53808594E-1	0.00000000E+0	0.00000000E+0
1.56250000E-1	1.36828003E-5	1.36828003E-5	1.56250000E-1	0.00000000E+0	0.00000000E+0
1.58691406E-1	1.38940004E-5	1.38940004E-5	1.58691406E-1	0.00000000E+0	0.00000000E+0
1.61132812E-1	1.41051996E-5	1.41051996E-5	1.61132812E-1	0.00000000E+0	0.00000000E+0
1.63574219E-1	1.43215002E-5	1.43215002E-5	1.63574219E-1	0.00000000E+0	0.00000000E+0
1.66015625E-1	1.45403001E-5	1.45403001E-5	1.66015625E-1	0.00000000E+0	0.00000000E+0
1.68457031E-1	1.47565997E-5	1.47565997E-5	1.68457031E-1	0.00000000E+0	0.00000000E+0
1.70898437E-1	1.49666002E-5	1.49666002E-5	1.70898437E-1	0.00000000E+0	0.00000000E+0
1.73339844E-1	1.51918002E-5	1.51918002E-5	1.73339844E-1	0.00000000E+0	0.00000000E+0
1.75781250E-1	1.54036006E-5	1.54036006E-5	1.75781250E-1	0.00000000E+0	0.00000000E+0
1.78222656E-1	1.56090991E-5	1.56090991E-5	1.78222656E-1	0.00000000E+0	0.00000000E+0
1.80664062E-1	1.58278999E-5	1.58278999E-5	1.80664062E-1	0.00000000E+0	0.00000000E+0
1.83105469E-1	1.60468007E-5	1.60468007E-5	1.83105469E-1	0.00000000E+0	0.00000000E+0
1.85546875E-1	1.62682009E-5	1.62682009E-5	1.85546875E-1	0.00000000E+0	0.00000000E+0
1.87988281E-1	1.64742996E-5	1.64742996E-5	1.87988281E-1	0.00000000E+0	0.00000000E+0
1.90429687E-1	1.66880000E-5	1.66880000E-5	1.90429687E-1	0.00000000E+0	0.00000000E+0
1.92871094E-1	1.69119994E-5	1.69119994E-5	1.92871094E-1	0.00000000E+0	0.00000000E+0
1.95312500E-1	1.71270003E-5	1.71270003E-5	1.95312500E-1	0.00000000E+0	0.00000000E+0
1.97753906E-1	1.73407007E-5	1.73407007E-5	1.97753906E-1	0.00000000E+0	0.00000000E+0
2.00195312E-1	1.75544992E-5	1.75544992E-5	2.00195312E-1	0.00000000E+0	0.00000000E+0
2.02636719E-1	1.77746006E-5	1.77746006E-5	2.02636719E-1	0.00000000E+0	0.00000000E+0
2.05078125E-1	1.79934996E-5	1.79934996E-5	2.05078125E-1	0.00000000E+0	0.00000000E+0
2.07519531E-1	1.81970008E-5	1.81970008E-5	2.07519531E-1	0.00000000E+0	0.00000000E+0
2.09960937E-1	1.84210003E-5	1.84210003E-5	2.09960937E-1	0.00000000E+0	0.00000000E+0
2.12402344E-1	1.86296002E-5	1.86296002E-5	2.12402344E-1	0.00000000E+0	0.00000000E+0
2.14843750E-1	1.88484992E-5	1.88484992E-5	2.14843750E-1	0.00000000E+0	0.00000000E+0
2.17285156E-1	1.90621995E-5	1.90621995E-5	2.17285156E-1	0.00000000E+0	0.00000000E+0
2.19726562E-1	1.92759999E-5	1.92759999E-5	2.19726562E-1	0.00000000E+0	0.00000000E+0
2.22167969E-1	1.94974000E-5	1.94974000E-5	2.22167969E-1	0.00000000E+0	0.00000000E+0
2.24609375E-1	1.97035006E-5	1.97035006E-5	2.24609375E-1	0.00000000E+0	0.00000000E+0
2.27050781E-1	1.99249007E-5	1.99249007E-5	2.27050781E-1	0.00000000E+0	0.00000000E+0
2.29492187E-1	2.01412004E-5	2.01412004E-5	2.29492187E-1	0.00000000E+0	0.00000000E+0
2.31933594E-1	2.03599993E-5	2.03599993E-5	2.31933594E-1	0.00000000E+0	0.00000000E+0
2.34375000E-1	2.05839006E-5	2.05839006E-5	2.34375000E-1	0.00000000E+0	0.00000000E+0
2.36816406E-1	2.07875000E-5	2.07875000E-5	2.36816406E-1	0.00000000E+0	0.00000000E+0
2.39257812E-1	2.10064009E-5	2.10064009E-5	2.39257812E-1	0.00000000E+0	0.00000000E+0
2.41699219E-1	2.12188006E-5	2.12188006E-5	2.41699219E-1	0.00000000E+0	0.00000000E+0
2.44140625E-1	2.14441006E-5	2.14441006E-5	2.44140625E-1	0.00000000E+0	0.00000000E+0
2.46582031E-1	2.16424996E-5	2.16424996E-5	2.46582031E-1	0.00000000E+0	0.00000000E+0
2.49023437E-1	2.18715995E-5	2.18715995E-5	2.49023437E-1	0.00000000E+0	0.00000000E+0
2.51464844E-1	2.20852999E-5	2.20852999E-5	2.51464844E-1	0.00000000E+0	0.00000000E+0
2.53906250E-1	2.22914005E-5	2.22914005E-5	2.53906250E-1	0.00000000E+0	0.00000000E+0
2.56347656E-1	2.24974992E-5	2.24974992E-5	2.56347656E-1	0.00000000E+0	0.00000000E+0
2.58789062E-1	2.27150995E-5	2.27150995E-5	2.58789062E-1	0.00000000E+0	0.00000000E+0
2.61230469E-1	2.29288999E-5	2.29288999E-5	2.61230469E-1	0.00000000E+0	0.00000000E+0
2.63671875E-1	2.31426002E-5	2.31426002E-5	2.63671875E-1	0.00000000E+0	0.00000000E+0
2.66113281E-1	2.33564006E-5	2.33564006E-5	2.66113281E-1	0.00000000E+0	0.00000000E+0
2.68554687E-1	2.35892003E-5	2.35892003E-5	2.68554687E-1	0.00000000E+0	0.00000000E+0
2.70996094E-1	2.38030007E-5	2.38030007E-5	2.70996094E-1	0.00000000E+0	0.00000000E+0
2.73437500E-1	2.40166992E-5	2.40166992E-5	2.73437500E-1	0.00000000E+0	0.00000000E+0
2.75878906E-1	2.42304995E-5	2.42304995E-5	2.75878906E-1	0.00000000E+0	0.00000000E+0
2.78320312E-1	2.44366001E-5	2.44366001E-5	2.78320312E-1	0.00000000E+0	0.00000000E+0
2.80761719E-1	2.46504005E-5	2.46504005E-5	2.80761719E-1	0.00000000E+0	0.00000000E+0
2.83203125E-1	2.48832002E-5	2.48832002E-5	2.83203125E-1	0.00000000E+0	0.00000000E+0
2.85644531E-1	2.50778994E-5	2.50778994E-5	2.85644531E-1	0.00000000E+0	0.00000000E+0
2.88085937E-1	2.52991995E-5	2.52991995E-5	2.88085937E-1	0.00000000E+0	0.00000000E+0
2.90527344E-1	2.55054001E-5	2.55054001E-5	2.90527344E-1	0.00000000E+0	0.00000000E+0
2.92968750E-1	2.57268002E-5	2.57268002E-5	2.92968750E-1	0.00000000E+0	0.00000000E+0
2.95410156E-1	2.59329008E-5	2.59329008E-5	2.95410156E-1	0.00000000E+0	0.00000000E+0
2.97851562E-1	2.61542991E-5	2.61542991E-5	2.97851562E-1	0.00000000E+0	0.00000000E+0
3.00292969E-1	2.63603997E-5	2.63603997E-5	3.00292969E-1	0.00000000E+0	0.00000000E+0
3.02734375E-1	2.65817998E-5	2.65817998E-5	3.02734375E-1	0.00000000E+0	0.00000000E+0
3.05175781E-1	2.68069998E-5	2.68069998E-5	3.05175781E-1	0.00000000E+0	0.00000000E+0
3.07617187E-1	2.70093005E-5	2.70093005E-5	3.07617187E-1	0.00000000E+0	0.00000000E+0
3.10058594E-1	2.72000998E-5	2.72000998E-5	3.10058594E-1	0.00000000E+0	0.00000000E+0
3.12500000E-1	2.74559006E-5	2.74559006E-5	3.12500000E-1	0.00000000E+0	0.00000000E+0
3.14941406E-1	2.76734008E-5	2.76734008E-5	3.14941406E-1	0.00000000E+0	0.00000000E+0
3.17382812E-1	2.78643001E-5	2.78643001E-5	3.17382812E-1	0.00000000E+0	0.00000000E+0
3.19824219E-1	2.80780005E-5	2.80780005E-5	3.19824219E-1	0.00000000E+0	0.00000000E+0
3.22265625E-1	2.83032005E-5	2.83032005E-5	3.22265625E-1	0.00000000E+0	0.00000000E+0
3.24707031E-1	2.85170008E-5	2.85170008E-5	3.24707031E-1	0.00000000E+0	0.00000000E+0
3.27148437E-1	2.87192997E-5	2.87192997E-5	3.27148437E-1	0.00000000E+0	0.00000000E+0
3.29589844E-1	2.89482996E-5	2.89482996E-5	3.29589844E-1	0.00000000E+0	0.00000000E+0
3.32031250E-1	2.91544002E-5	2.91544002E-5	3.32031250E-1	0.00000000E+0	0.00000000E+0
3.34472656E-1	2.93606008E-5	2.93606008E-5	3.34472656E-1	0.00000000E+0	0.00000000E+0
3.36914062E-1	2.95896007E-5	2.95896007E-5	3.36914062E-1	0.00000000E+0	0.00000000E+0
3.39355469E-1	2.98186005E-5	2.98186005E-5	3.39355469E-1	0.00000000E+0	0.00000000E+0
3.41796875E-1	3.00324009E-5	3.00324009E-5	3.41796875E-1	0.00000000E+0	0.00000000E+0
3.44238281E-1	3.02346998E-5	3.02346998E-5	3.44238281E-1	0.00000000E+0	0.00000000E+0
3.46679687E-1	3.04598998E-5	3.04598998E-5	3.46679687E-1	0.00000000E+0	0.00000000E+0
3.49121094E-1	3.06813017E-5	3.06813017E-5	3.49121094E-1	0.00000000E+0	0.00000000E+0
3.51562500E-1	3.08950002E-5	3.08950002E-5	3.51562500E-1	0.00000000E+0	0.00000000E+0
3.54003906E-1	3.11049007E-5	3.11049007E-5	3.54003906E-1	0.00000000E+0	0.00000000E+0
3.56445312E-1	3.13300989E-5	3.13300989E-5	3.56445312E-1	0.00000000E+0	0.00000000E+0
3.58886719E-1	3.15592006E-5	3.15592006E-5	3.58886719E-1	0.00000000E+0	0.00000000E+0
3.61328125E-1	3.17691010E-5	3.17691010E-5	3.61328125E-1	0.00000000E+0	0.00000000E+0
3.63769531E-1	3.19714018E-5	3.19714018E-5	3.63769531E-1	0.00000000E+0	0.00000000E+0
3.66210937E-1	3.21927982E-5	3.21927982E-5	3.66210937E-1	0.00000000E+0	0.00000000E+0
3.68652344E-1	3.24065004E-5	3.24065004E-5	3.68652344E-1	0.00000000E+0	0.00000000E+0
3.71093750E-1	3.26355985E-5	3.26355985E-5	3.71093750E-1	0.00000000E+0	0.00000000E+0
3.73535156E-1	3.28645983E-5	3.28645983E-5	3.73535156E-1	0.00000000E+0	0.00000000E+0
3.75976562E-1	3.30936018E-5	3.30936018E-5	3.75976562E-1	0.00000000E+0	0.00000000E+0
3.78417969E-1	3.33073986E-5	3.33073986E-5	3.78417969E-1	0.00000000E+0	0.00000000E+0
3.80859375E-1	3.35402001E-5	3.35402001E-5	3.80859375E-1	0.00000000E+0	0.00000000E+0
3.83300781E-1	3.37349011E-5	3.37349011E-5	3.83300781E-1	0.00000000E+0	0.00000000E+0
3.85742187E-1	3.39409999E-5	3.39409999E-5	3.85742187E-1	0.00000000E+0	0.00000000E+0
3.88183594E-1	3.41624000E-5	3.41624000E-5	3.88183594E-1	0.00000000E+0	0.00000000E+0
3.90625000E-1	3.43876018E-5	3.43876018E-5	3.90625000E-1	0.00000000E+0	0.00000000E+0
3.93066406E-1	3.45898989E-5	3.45898989E-5	3.93066406E-1	0.00000000E+0	0.00000000E+0
3.95507812E-1	3.48188987E-5	3.48188987E-5	3.95507812E-1	0.00000000E+0	0.00000000E+0
3.97949219E-1	3.50326991E-5	3.50326991E-5	3.97949219E-1	0.00000000E+0	0.00000000E+0
4.00390625E-1	3.52310999E-5	3.52310999E-5	4.00390625E-1	0.00000000E+0	0.00000000E+0
4.02832031E-1	3.54525000E-5	3.54525000E-5	4.02832031E-1	0.00000000E+0	0.00000000E+0
4.05273437E-1	3.56892015E-5	3.56892015E-5	4.05273437E-1	0.00000000E+0	0.00000000E+0
4.07714844E-1	3.59029000E-5	3.59029000E-5	4.07714844E-1	0.00000000E+0	0.00000000E+0
4.10156250E-1	3.61167004E-5	3.61167004E-5	4.10156250E-1	0.00000000E+0	0.00000000E+0
4.12597656E-1	3.63305007E-5	3.63305007E-5	4.12597656E-1	0.00000000E+0	0.00000000E+0
4.15039062E-1	3.65595006E-5	3.65595006E-5	4.15039062E-1	0.00000000E+0	0.00000000E+0
4.17480469E-1	3.67579996E-5	3.67579996E-5	4.17480469E-1	0.00000000E+0	0.00000000E+0
4.19921875E-1	3.69793015E-5	3.69793015E-5	4.19921875E-1	0.00000000E+0	0.00000000E+0
4.22363281E-1	3.72044997E-5	3.72044997E-5	4.22363281E-1	0.00000000E+0	0.00000000E+0
4.24804687E-1	3.74373994E-5	3.74373994E-5	4.24804687E-1	0.00000000E+0	0.00000000E+0
4.27246094E-1	3.76282005E-5	3.76282005E-5	4.27246094E-1	0.00000000E+0	0.00000000E+0
4.29687500E-1	3.78572986E-5	3.78572986E-5	4.29687500E-1	0.00000000E+0	0.00000000E+0
4.32128906E-1	3.80786005E-5	3.80786005E-5	4.32128906E-1	0.00000000E+0	0.00000000E+0
4.34570312E-1	3.82848011E-5	3.82848011E-5	4.34570312E-1	0.00000000E+0	0.00000000E+0
4.37011719E-1	3.84812993E-5	3.84812993E-5	4.37011719E-1	0.00000000E+0	0.00000000E+0
4.39453125E-1	3.87198997E-5	3.87198997E-5	4.39453125E-1	0.00000000E+0	0.00000000E+0
4.41894531E-1	3.89222005E-5	3.89222005E-5	4.41894531E-1	0.00000000E+0	0.00000000E+0
4.44335937E-1	3.91665017E-5	3.91665017E-5	4.44335937E-1	0.00000000E+0	0.00000000E+0
4.46777344E-1	3.93763985E-5	3.93763985E-5	4.46777344E-1	0.00000000E+0	0.00000000E+0
4.49218750E-1	3.95673014E-5	3.95673014E-5	4.49218750E-1	0.00000000E+0	0.00000000E+0
4.51660156E-1	3.97887015E-5	3.97887015E-5	4.51660156E-1	0.00000000E+0	0.00000000E+0
4.54101562E-1	3.99948003E-5	3.99948003E-5	4.54101562E-1	0.00000000E+0	0.00000000E+0
4.56542969E-1	4.02391015E-5	4.02391015E-5	4.56542969E-1	0.00000000E+0	0.00000000E+0
4.58984375E-1	4.04605016E-5	4.04605016E-5	4.58984375E-1	0.00000000E+0	0.00000000E+0
4.61425781E-1	4.06742001E-5	4.06742001E-5	4.61425781E-1	0.00000000E+0	0.00000000E+0
4.63867187E-1	4.08956003E-5	4.08956003E-5	4.63867187E-1	0.00000000E+0	0.00000000E+0
4.66308594E-1	4.11207984E-5	4.11207984E-5	4.66308594E-1	0.00000000E+0	0.00000000E+0
4.68750000E-1	4.13154994E-5	4.13154994E-5	4.68750000E-1	0.00000000E+0	0.00000000E+0
4.71191406E-1	4.15598006E-5	4.15598006E-5	4.71191406E-1	0.00000000E+0	0.00000000E+0
4.73632812E-1	4.17734991E-5	4.17734991E-5	4.73632812E-1	0.00000000E+0	0.00000000E+0
4.76074219E-1	4.20026008E-5	4.20026008E-5	4.76074219E-1	0.00000000E+0	0.00000000E+0
4.78515625E-1	4.22125013E-5	4.22125013E-5	4.78515625E-1	0.00000000E+0	0.00000000E+0
4.80957031E-1	4.24147984E-5	4.24147984E-5	4.80957031E-1	0.00000000E+0	0.00000000E+0
4.83398437E-1	4.26381011E-5	4.26381011E-5	4.83398437E-1	0.00000000E+0	0.00000000E+0
4.85839844E-1	4.28690000E-5	4.28690000E-5	4.85839844E-1	0.00000000E+0	0.00000000E+0
4.88281250E-1	4.30941982E-5	4.30941982E-5	4.88281250E-1	0.00000000E+0	0.00000000E+0
4.90722656E-1	4.33327987E-5	4.33327987E-5	4.90722656E-1	0.00000000E+0	0.00000000E+0
4.93164062E-1	4.35332004E-5	4.35332004E-5	4.93164062E-1	0.00000000E+0	0.00000000E+0
4.90722656E-1	4.33327987E-5	4.33327987E-5	4.90722656E-1	0.00000000E+0	0.00000000E+0
4.88281250E-1	4.30941982E-5	4.30941982E-5	4.88281250E-1	0.00000000E+0	0.00000000E+0
4.85839844E-1	4.28690000E-5	4.28690000E-5	4.85839844E-1	0.00000000E+0	0.00000000E+0
4.83398437E-1	4.26381011E-5	4.26381011E-5	4.83398437E-1	0.00000000E+0	0.00000000E+0
4.80957031E-1	4.24147984E-5	4.24147984E-5	4.80957031E-1	0.00000000E+0	0.00000000E+0
4.78515625E-1	4.22125013E-5	4.22125013E-5	4.78515625E-1	0.00000000E+0	0.00000000E+0
4.76074219E-1	4.20026008E-5	4.20026008E-5	4.76074219E-1	0.00000000E+0	0.00000000E+0
4.73632812E-1	4.17734991E-5	4.17734991E-5	4.73632812E-1	0.00000000E+0	0.00000000E+0
4.71191406E-1	4.15598006E-5	4.15598006E-5	4.71191406E-1	0.00000000E+0	0.00000000E+0
4.68750000E-1	4.13460002E-5	4.13460002E-5	4.68750000E-1	0.00000000E+0	0.00000000E+0
4.66308594E-1	4.11207984E-5	4.11207984E-5	4.66308594E-1	0.00000000E+0	0.00000000E+0
4.63867187E-1	4.08956003E-5	4.08956003E-5	4.63867187E-1	0.00000000E+0	0.00000000E+0
4.61425781E-1	4.06742001E-5	4.06742001E-5	4.61425781E-1	0.00000000E+0	0.00000000E+0
4.58984375E-1	4.04605016E-5	4.04605016E-5	4.58984375E-1	0.00000000E+0	0.00000000E+0
4.56542969E-1	4.02084988E-5	4.02084988E-5	4.56542969E-1	0.00000000E+0	0.00000000E+0
4.54101562E-1	3.99948003E-5	3.99948003E-5	4.54101562E-1	0.00000000E+0	0.00000000E+0
4.51660156E-1	3.97887015E-5	3.97887015E-5	4.51660156E-1	0.00000000E+0	0.00000000E+0
4.49218750E-1	3.95673014E-5	3.95673014E-5	4.49218750E-1	0.00000000E+0	0.00000000E+0
4.46777344E-1	3.93763985E-5	3.93763985E-5	4.46777344E-1	0.00000000E+0	0.00000000E+0
4.44335937E-1	3.91665017E-5	3.91665017E-5	4.44335937E-1	0.00000000E+0	0.00000000E+0
4.41894531E-1	3.89222005E-5	3.89222005E-5	4.41894531E-1	0.00000000E+0	0.00000000E+0
4.39453125E-1	3.87198997E-5	3.87198997E-5	4.39453125E-1	0.00000000E+0	0.00000000E+0
4.37011719E-1	3.84812993E-5	3.84812993E-5	4.37011719E-1	0.00000000E+0	0.00000000E+0
4.34570312E-1	3.82848011E-5	3.82848011E-5	4.34570312E-1	0.00000000E+0	0.00000000E+0
4.32128906E-1	3.80786005E-5	3.80786005E-5	4.32128906E-1	0.00000000E+0	0.00000000E+0
4.29687500E-1	3.78572986E-5	3.78572986E-5	4.29687500E-1	0.00000000E+0	0.00000000E+0
4.27246094E-1	3.76282005E-5	3.76282005E-5	4.27246094E-1	0.00000000E+0	0.00000000E+0
4.24804687E-1	3.73992007E-5	3.73992007E-5	4.24804687E-1	0.00000000E+0	0.00000000E+0
4.22363281E-1	3.72044997E-5	3.72044997E-5	4.22363281E-1	0.00000000E+0	0.00000000E+0
4.19921875E-1	3.69793015E-5	3.69793015E-5	4.19921875E-1	0.00000000E+0	0.00000000E+0
4.17480469E-1	3.67579996E-5	3.67579996E-5	4.17480469E-1	0.00000000E+0	0.00000000E+0
4.15039062E-1	3.65595006E-5	3.65595006E-5	4.15039062E-1	0.00000000E+0	0.00000000E+0
4.12597656E-1	3.63305007E-5	3.63305007E-5	4.12597656E-1	0.00000000E+0	0.00000000E+0
4.10156250E-1	3.61167004E-5	3.61167004E-5	4.10156250E-1	0.00000000E+0	0.00000000E+0
4.07714844E-1	3.59029000E-5	3.59029000E-5	4.07714844E-1	0.00000000E+0	0.00000000E+0
4.05273437E-1	3.56892015E-5	3.56892015E-5	4.05273437E-1	0.00000000E+0	0.00000000E+0
4.02832031E-1	3.54830991E-5	3.54830991E-5	4.02832031E-1	0.00000000E+0	0.00000000E+0
4.00390625E-1	3.52692987E-5	3.52692987E-5	4.00390625E-1	0.00000000E+0	0.00000000E+0
3.97949219E-1	3.50326991E-5	3.50326991E-5	3.97949219E-1	0.00000000E+0	0.00000000E+0
3.95507812E-1	3.48188987E-5	3.48188987E-5	3.95507812E-1	0.00000000E+0	0.00000000E+0
3.93066406E-1	3.45898989E-5	3.45898989E-5	3.93066406E-1	0.00000000E+0	0.00000000E+0
3.90625000E-1	3.43876018E-5	3.43876018E-5	3.90625000E-1	0.00000000E+0	0.00000000E+0
3.88183594E-1	3.41433006E-5	3.41433006E-5	3.88183594E-1	0.00000000E+0	0.00000000E+0
3.85742187E-1	3.39409999E-5	3.39409999E-5	3.85742187E-1	0.00000000E+0	0.00000000E+0
3.83300781E-1	3.37158017E-5	3.37158017E-5	3.83300781E-1	0.00000000E+0	0.00000000E+0
3.80859375E-1	3.35211007E-5	3.35211007E-5	3.80859375E-1	0.00000000E+0	0.00000000E+0
3.78417969E-1	3.32921009E-5	3.32921009E-5	3.78417969E-1	0.00000000E+0	0.00000000E+0
3.75976562E-1	3.30707007E-5	3.30707007E-5	3.75976562E-1	0.00000000E+0	0.00000000E+0
3.73535156E-1	3.28493006E-5	3.28493006E-5	3.73535156E-1	0.00000000E+0	0.00000000E+0
3.71093750E-1	3.26355985E-5	3.26355985E-5	3.71093750E-1	0.00000000E+0	0.00000000E+0
3.68652344E-1	3.24218017E-5	3.24218017E-5	3.68652344E-1	0.00000000E+0	0.00000000E+0
3.66210937E-1	3.22080996E-5	3.22080996E-5	3.66210937E-1	0.00000000E+0	0.00000000E+0
3.63769531E-1	3.19942992E-5	3.19942992E-5	3.63769531E-1	0.00000000E+0	0.00000000E+0
3.61328125E-1	3.17882004E-5	3.17882004E-5	3.61328125E-1	0.00000000E+0	0.00000000E+0
3.58886719E-1	3.15592006E-5	3.15592006E-5	3.58886719E-1	0.00000000E+0	0.00000000E+0
3.56445312E-1	3.13300989E-5	3.13300989E-5	3.56445312E-1	0.00000000E+0	0.00000000E+0
3.54003906E-1	3.11240001E-5	3.11240001E-5	3.54003906E-1	0.00000000E+0	0.00000000E+0
3.51562500E-1	3.09255011E-5	3.09255011E-5	3.51562500E-1	0.00000000E+0	0.00000000E+0
3.49121094E-1	3.06813017E-5	3.06813017E-5	3.49121094E-1	0.00000000E+0	0.00000000E+0
3.46679687E-1	3.04598998E-5	3.04598998E-5	3.46679687E-1	0.00000000E+0	0.00000000E+0
3.44238281E-1	3.02346998E-5	3.02346998E-5	3.44238281E-1	0.00000000E+0	0.00000000E+0
3.41796875E-1	3.00324009E-5	3.00324009E-5	3.41796875E-1	0.00000000E+0	0.00000000E+0
3.39355469E-1	2.98186005E-5	2.98186005E-5	3.39355469E-1	0.00000000E+0	0.00000000E+0
3.36914062E-1	2.96049002E-5	2.96049002E-5	3.36914062E-1	0.00000000E+0	0.00000000E+0
3.34472656E-1	2.93986996E-5	2.93986996E-5	3.34472656E-1	0.00000000E+0	0.00000000E+0
3.32031250E-1	2.91772994E-5	2.91772994E-5	3.32031250E-1	0.00000000E+0	0.00000000E+0
3.29589844E-1	2.89482996E-5	2.89482996E-5	3.29589844E-1	0.00000000E+0	0.00000000E+0
3.27148437E-1	2.87192997E-5	2.87192997E-5	3.27148437E-1	0.00000000E+0	0.00000000E+0
3.24707031E-1	2.85170008E-5	2.85170008E-5	3.24707031E-1	0.00000000E+0	0.00000000E+0
3.22265625E-1	2.83032005E-5	2.83032005E-5	3.22265625E-1	0.00000000E+0	0.00000000E+0
3.19824219E-1	2.80933000E-5	2.80933000E-5	3.19824219E-1	0.00000000E+0	0.00000000E+0
3.17382812E-1	2.78643001E-5	2.78643001E-5	3.17382812E-1	0.00000000E+0	0.00000000E+0
3.14941406E-1	2.76734008E-5	2.76734008E-5	3.14941406E-1	0.00000000E+0	0.00000000E+0
3.12500000E-1	2.74559006E-5	2.74559006E-5	3.12500000E-1	0.00000000E+0	0.00000000E+0
3.10058594E-1	2.72230009E-5	2.72230009E-5	3.10058594E-1	0.00000000E+0	0.00000000E+0
3.07617187E-1	2.70093005E-5	2.70093005E-5	3.07617187E-1	0.00000000E+0	0.00000000E+0
3.05175781E-1	2.68069998E-5	2.68069998E-5	3.05175781E-1	0.00000000E+0	0.00000000E+0
3.02734375E-1	2.65817998E-5	2.65817998E-5	3.02734375E-1	0.00000000E+0	0.00000000E+0
3.00292969E-1	2.63603997E-5	2.63603997E-5	3.00292969E-1	0.00000000E+0	0.00000000E+0
2.97851562E-1	2.61542991E-5	2.61542991E-5	2.97851562E-1	0.00000000E+0	0.00000000E+0
2.95410156E-1	2.59455992E-5	2.59455992E-5	2.95410156E-1	0.00000000E+0	0.00000000E+0
2.92968750E-1	2.57268002E-5	2.57268002E-5	2.92968750E-1	0.00000000E+0	0.00000000E+0
2.90527344E-1	2.55205996E-5	2.55205996E-5	2.90527344E-1	0.00000000E+0	0.00000000E+0
2.88085937E-1	2.52991995E-5	2.52991995E-5	2.88085937E-1	0.00000000E+0	0.00000000E+0
2.85644531E-1	2.50969006E-5	2.50969006E-5	2.85644531E-1	0.00000000E+0	0.00000000E+0
2.83203125E-1	2.48832002E-5	2.48832002E-5	2.83203125E-1	0.00000000E+0	0.00000000E+0
2.80761719E-1	2.46504005E-5	2.46504005E-5	2.80761719E-1	0.00000000E+0	0.00000000E+0
2.78320312E-1	2.44366001E-5	2.44366001E-5	2.78320312E-1	0.00000000E+0	0.00000000E+0
2.75878906E-1	2.42304995E-5	2.42304995E-5	2.75878906E-1	0.00000000E+0	0.00000000E+0
2.73437500E-1	2.40166992E-5	2.40166992E-5	2.73437500E-1	0.00000000E+0	0.00000000E+0
2.70996094E-1	2.38030007E-5	2.38030007E-5	2.70996094E-1	0.00000000E+0	0.00000000E+0
2.68554687E-1	2.35892003E-5	2.35892003E-5	2.68554687E-1	0.00000000E+0	0.00000000E+0
2.66113281E-1	2.33678002E-5	2.33678002E-5	2.66113281E-1	0.00000000E+0	0.00000000E+0
2.63671875E-1	2.31426002E-5	2.31426002E-5	2.63671875E-1	0.00000000E+0	0.00000000E+0
2.61230469E-1	2.29288999E-5	2.29288999E-5	2.61230469E-1	0.00000000E+0	0.00000000E+0
2.58789062E-1	2.27342007E-5	2.27342007E-5	2.58789062E-1	0.00000000E+0	0.00000000E+0
2.56347656E-1	2.24974992E-5	2.24974992E-5	2.56347656E-1	0.00000000E+0	0.00000000E+0
2.53906250E-1	2.23067000E-5	2.23067000E-5	2.53906250E-1	0.00000000E+0	0.00000000E+0
2.51464844E-1	2.20852999E-5	2.20852999E-5	2.51464844E-1	0.00000000E+0	0.00000000E+0
2.49023437E-1	2.18715995E-5	2.18715995E-5	2.49023437E-1	0.00000000E+0	0.00000000E+0
2.46582031E-1	2.16424996E-5	2.16424996E-5	2.46582031E-1	0.00000000E+0	0.00000000E+0
2.44140625E-1	2.14441006E-5	2.14441006E-5	2.44140625E-1	0.00000000E+0	0.00000000E+0
2.41699219E-1	2.12188006E-5	2.12188006E-5	2.41699219E-1	0.00000000E+0	0.00000000E+0
2.39257812E-1	2.10164999E-5	2.10164999E-5	2.39257812E-1	0.00000000E+0	0.00000000E+0
2.36816406E-1	2.07875000E-5	2.07875000E-5	2.36816406E-1	0.00000000E+0	0.00000000E+0
2.34375000E-1	2.05839006E-5	2.05839006E-5	2.34375000E-1	0.00000000E+0	0.00000000E+0
2.31933594E-1	2.03829004E-5	2.03829004E-5	2.31933594E-1	0.00000000E+0	0.00000000E+0
2.29492187E-1	2.01513994E-5	2.01513994E-5	2.29492187E-1	0.00000000E+0	0.00000000E+0
2.27050781E-1	1.99363003E-5	1.99363003E-5	2.27050781E-1	0.00000000E+0	0.00000000E+0
2.24609375E-1	1.97226000E-5	1.97226000E-5	2.24609375E-1	0.00000000E+0	0.00000000E+0
2.22167969E-1	1.94974000E-5	1.94974000E-5	2.22167969E-1	0.00000000E+0	0.00000000E+0
2.19726562E-1	1.92759999E-5	1.92759999E-5	2.19726562E-1	0.00000000E+0	0.00000000E+0
2.17285156E-1	1.90724004E-5	1.90724004E-5	2.17285156E-1	0.00000000E+0	0.00000000E+0
2.14843750E-1	1.88611994E-5	1.88611994E-5	2.14843750E-1	0.00000000E+0	0.00000000E+0
2.12402344E-1	1.86424004E-5	1.86424004E-5	2.12402344E-1	0.00000000E+0	0.00000000E+0
2.09960937E-1	1.84210003E-5	1.84210003E-5	2.09960937E-1	0.00000000E+0	0.00000000E+0
2.07519531E-1	1.81970008E-5	1.81970008E-5	2.07519531E-1	0.00000000E+0	0.00000000E+0
2.05078125E-1	1.79934996E-5	1.79934996E-5	2.05078125E-1	0.00000000E+0	0.00000000E+0
2.02636719E-1	1.77746006E-5	1.77746006E-5	2.02636719E-1	0.00000000E+0	0.00000000E+0
2.00195312E-1	1.75660007E-5	1.75660007E-5	2.00195312E-1	0.00000000E+0	0.00000000E+0
1.97753906E-1	1.73407007E-5	1.73407007E-5	1.97753906E-1	0.00000000E+0	0.00000000E+0
1.95312500E-1	1.71270003E-5	1.71270003E-5	1.95312500E-1	0.00000000E+0	0.00000000E+0
1.92871094E-1	1.69119994E-5	1.69119994E-5	1.92871094E-1	0.00000000E+0	0.00000000E+0
1.90429687E-1	1.66994996E-5	1.66994996E-5	1.90429687E-1	0.00000000E+0	0.00000000E+0
1.87988281E-1	1.64742996E-5	1.64742996E-5	1.87988281E-1	0.00000000E+0	0.00000000E+0
1.85546875E-1	1.62682009E-5	1.62682009E-5	1.85546875E-1	0.00000000E+0	0.00000000E+0
1.83105469E-1	1.60468007E-5	1.60468007E-5	1.83105469E-1	0.00000000E+0	0.00000000E+0
1.80664062E-1	1.58407001E-5	1.58407001E-5	1.80664062E-1	0.00000000E+0	0.00000000E+0
1.78222656E-1	1.56090991E-5	1.56090991E-5	1.78222656E-1	0.00000000E+0	0.00000000E+0
1.75781250E-1	1.54130994E-5	1.54130994E-5	1.75781250E-1	0.00000000E+0	0.00000000E+0
1.73339844E-1	1.52012999E-5	1.52012999E-5	1.73339844E-1	0.00000000E+0	0.00000000E+0
1.70898437E-1	1.49760999E-5	1.49760999E-5	1.70898437E-1	0.00000000E+0	0.00000000E+0
1.68457031E-1	1.47662004E-5	1.47662004E-5	1.68457031E-1	0.00000000E+0	0.00000000E+0
1.66015625E-1	1.45505001E-5	1.45505001E-5	1.66015625E-1	0.00000000E+0	0.00000000E+0
1.63574219E-1	1.43290999E-5	1.43290999E-5	1.63574219E-1	0.00000000E+0	0.00000000E+0
1.61132812E-1	1.41153996E-5	1.41153996E-5	1.61132812E-1	0.00000000E+0	0.00000000E+0
1.58691406E-1	1.38940004E-5	1.38940004E-5	1.58691406E-1	0.00000000E+0	0.00000000E+0
1.56250000E-1	1.36954995E-5	1.36954995E-5	1.56250000E-1	0.00000000E+0	0.00000000E+0
1.53808594E-1	1.34689999E-5	1.34689999E-5	1.53808594E-1	0.00000000E+0	0.00000000E+0
1.51367187E-1	1.32660998E-5	1.32660998E-5	1.51367187E-1	0.00000000E+0	0.00000000E+0
1.48925781E-1	1.30313001E-5	1.30313001E-5	1.48925781E-1	0.00000000E+0	0.00000000E+0
1.46484375E-1	1.28197998E-5	1.28197998E-5	1.46484375E-1	0.00000000E+0	0.00000000E+0
1.44042969E-1	1.25944998E-5	1.25944998E-5	1.44042969E-1	0.00000000E+0	0.00000000E+0
1.41601562E-1	1.23837999E-5	1.23837999E-5	1.41601562E-1	0.00000000E+0	0.00000000E+0
1.39160156E-1	1.21655003E-5	1.21655003E-5	1.39160156E-1	0.00000000E+0	0.00000000E+0
1.36718750E-1	1.19589004E-5	1.19589004E-5	1.36718750E-1	0.00000000E+0	0.00000000E+0
1.34277344E-1	1.17434001E-5	1.17434001E-5	1.34277344E-1	0.00000000E+0	0.00000000E+0
1.31835937E-1	1.15247003E-5	1.15247003E-5	1.31835937E-1	0.00000000E+0	0.00000000E+0
1.29394531E-1	1.13072001E-5	1.13072001E-5	1.29394531E-1	0.00000000E+0	0.00000000E+0
1.26953125E-1	1.10971996E-5	1.10971996E-5	1.26953125E-1	0.00000000E+0	0.00000000E+0
1.24511719E-1	1.08718004E-5	1.08718004E-5	1.24511719E-1	0.00000000E+0	0.00000000E+0
1.22070312E-1	1.06560001E-5	1.06560001E-5	1.22070312E-1	0.00000000E+0	0.00000000E+0
1.19628906E-1	1.04469000E-5	1.04469000E-5	1.19628906E-1	0.00000000E+0	0.00000000E+0
1.17187500E-1	1.02280001E-5	1.02280001E-5	1.17187500E-1	0.00000000E+0	0.00000000E+0
1.14746094E-1	1.00070001E-5	1.00070001E-5	1.14746094E-1	0.00000000E+0	0.00000000E+0
1.12304687E-1	9.79125980E-6	9.79125980E-6	1.12304687E-1	0.00000000E+0	0.00000000E+0
1.09863281E-1	9.57271004E-6	9.57271004E-6	1.09863281E-1	0.00000000E+0	0.00000000E+0
1.07421875E-1	9.36053038E-6	9.36053038E-6	1.07421875E-1	0.00000000E+0	0.00000000E+0
1.04980469E-1	9.13994973E-6	9.13994973E-6	1.04980469E-1	0.00000000E+0	0.00000000E+0
1.02539062E-1	8.93234028E-6	8.93234028E-6	1.02539062E-1	0.00000000E+0	0.00000000E+0
1.00097656E-1	8.70755957E-6	8.70755957E-6	1.00097656E-1	0.00000000E+0	0.00000000E+0
9.76562500E-2	8.49996013E-6	8.49996013E-6	9.76562500E-2	0.00000000E+0	0.00000000E+0
9.52148438E-2	8.28129032E-6	8.28129032E-6	9.52148438E-2	0.00000000E+0	0.00000000E+0
9.27734375E-2	8.07025026E-6	8.07025026E-6	9.27734375E-2	0.00000000E+0	0.00000000E+0
9.03320313E-2	7.85042994E-6	7.85042994E-6	9.03320313E-2	0.00000000E+0	0.00000000E+0
8.78906250E-2	7.63825028E-6	7.63825028E-6	8.78906250E-2	0.00000000E+0	0.00000000E+0
8.54492188E-2	7.42147995E-6	7.42147995E-6	8.54492188E-2	0.00000000E+0	0.00000000E+0
8.30078125E-2	7.20509979E-6	7.20509979E-6	8.30078125E-2	0.00000000E+0	0.00000000E+0
8.05664063E-2	6.98758004E-6	6.98758004E-6	8.05664063E-2	0.00000000E+0	0.00000000E+0
7.81250000E-2	6.77768003E-6	6.77768003E-6	7.81250000E-2	0.00000000E+0	0.00000000E+0
7.56835938E-2	6.55786016E-6	6.55786016E-6	7.56835938E-2	0.00000000E+0	0.00000000E+0
7.32421875E-2	6.34454000E-6	6.34454000E-6	7.32421875E-2	0.00000000E+0	0.00000000E+0
7.08007813E-2	6.12318991E-6	6.12318991E-6	7.08007813E-2	0.00000000E+0	0.00000000E+0
6.83593750E-2	5.91368007E-6	5.91368007E-6	6.83593750E-2	0.00000000E+0	0.00000000E+0
6.59179688E-2	5.69233998E-6	5.69233998E-6	6.59179688E-2	0.00000000E+0	0.00000000E+0
6.34765625E-2	5.47863010E-6	5.47863010E-6	6.34765625E-2	0.00000000E+0	0.00000000E+0
6.10351563E-2	5.26109989E-6	5.26109989E-6	6.10351563E-2	0.00000000E+0	0.00000000E+0
5.85937500E-2	5.04833997E-6	5.04833997E-6	5.85937500E-2	0.00000000E+0	0.00000000E+0
5.61523438E-2	4.82680980E-6	4.82680980E-6	5.61523438E-2	0.00000000E+0	0.00000000E+0
5.37109375E-2	4.61385980E-6	4.61385980E-6	5.37109375E-2	0.00000000E+0	0.00000000E+0
5.12695313E-2	4.39557016E-6	4.39557016E-6	5.12695313E-2	0.00000000E+0	0.00000000E+0
4.88281250E-2	4.18414993E-6	4.18414993E-6	4.88281250E-2	0.00000000E+0	0.00000000E+0
4.63867188E-2	3.96357018E-6	3.96357018E-6	4.63867188E-2	0.00000000E+0	0.00000000E+0
4.39453125E-2	3.75291006E-6	3.75291006E-6	4.39453125E-2	0.00000000E+0	0.00000000E+0
4.15039063E-2	3.53461996E-6	3.53461996E-6	4.15039063E-2	0.00000000E+0	0.00000000E+0
3.90625000E-2	3.32549007E-6	3.32549007E-6	3.90625000E-2	0.00000000E+0	0.00000000E+0
3.66210938E-2	3.10414998E-6	3.10414998E-6	3.66210938E-2	0.00000000E+0	0.00000000E+0
3.41796875E-2	2.88929004E-6	2.88929004E-6	3.41796875E-2	0.00000000E+0	0.00000000E+0
3.17382813E-2	2.66947995E-6	2.66947995E-6	3.17382813E-2	0.00000000E+0	0.00000000E+0
2.92968750E-2	2.45804995E-6	2.45804995E-6	2.92968750E-2	0.00000000E+0	0.00000000E+0
2.68554688E-2	2.24015002E-6	2.24015002E-6	2.68554688E-2	0.00000000E+0	0.00000000E+0
2.44140625E-2	2.02846991E-6	2.02846991E-6	2.44140625E-2	0.00000000E+0	0.00000000E+0
2.19726563E-2	1.81196003E-6	1.81196003E-6	2.19726563E-2	0.00000000E+0	0.00000000E+0
1.95312500E-2	1.60396996E-6	1.60396996E-6	1.95312500E-2	0.00000000E+0	0.00000000E+0
1.70898438E-2	1.38454004E-6	1.38454004E-6	1.70898438E-2	0.00000000E+0	0.00000000E+0
1.46484375E-2	1.17576997E-6	1.17576997E-6	1.46484375E-2	0.00000000E+0	0.00000000E+0
1.22070313E-2	9.59650947E-7	9.59650947E-7	1.22070313E-2	0.00000000E+0	0.00000000E+0
9.76562500E-3	7.51821005E-7	7.51821005E-7	9.76562500E-3	0.00000000E+0	0.00000000E+0
7.32421875E-3	5.36010987E-7	5.36010987E-7	7.32421875E-3	0.00000000E+0	0.00000000E+0
4.88281250E-3	3.27914989E-7	3.27914989E-7	4.88281250E-3	0.00000000E+0	0.00000000E+0
2.44140625E-3	1.17337002E-7	1.17337002E-7	2.44140625E-3	0.00000000E+0	0.00000000E+0
0.00000000E+0	-2.82974000E-9	-2.82974000E-9	0.00000000E+0	0.00000000E+0	0.00000000E+0
-2.44140625E-3	-2.64530996E-7	-2.64530996E-7	-2.44140625E-3	0.00000000E+0	0.00000000E+0
-4.88281250E-3	-4.86603028E-7	-4.86603028E-7	-4.88281250E-3	0.00000000E+0	0.00000000E+0
-7.32421875E-3	-7.16464001E-7	-7.16464001E-7	-7.32421875E-3	0.00000000E+0	0.00000000E+0
-9.76562500E-3	-9.38115988E-7	-9.38115988E-7	-9.76562500E-3	0.00000000E+0	0.00000000E+0
-1.22070313E-2	-1.17107004E-6	-1.17107004E-6	-1.22070313E-2	0.00000000E+0	0.00000000E+0
-1.46484375E-2	-1.39331996E-6	-1.39331996E-6	-1.46484375E-2	0.00000000E+0	0.00000000E+0
-1.70898438E-2	-1.62439005E-6	-1.62439005E-6	-1.70898438E-2	0.00000000E+0	0.00000000E+0
-1.95312500E-2	-1.84605005E-6	-1.84605005E-6	-1.95312500E-2	0.00000000E+0	0.00000000E+0
-2.19726563E-2	-2.08023994E-6	-2.08023994E-6	-2.19726563E-2	0.00000000E+0	0.00000000E+0
-2.44140625E-2	-2.30579008E-6	-2.30579008E-6	-2.44140625E-2	0.00000000E+0	0.00000000E+0
-2.68554688E-2	-2.53780991E-6	-2.53780991E-6	-2.68554688E-2	0.00000000E+0	0.00000000E+0
-2.92968750E-2	-2.76106994E-6	-2.76106994E-6	-2.92968750E-2	0.00000000E+0	0.00000000E+0
-3.17382813E-2	-2.99499993E-6	-2.99499993E-6	-3.17382813E-2	0.00000000E+0	0.00000000E+0
-3.41796875E-2	-3.22320989E-6	-3.22320989E-6	-3.41796875E-2	0.00000000E+0	0.00000000E+0
-3.66210938E-2	-3.45104991E-6	-3.45104991E-6	-3.66210938E-2	0.00000000E+0	0.00000000E+0
-3.90625000E-2	-3.67429993E-6	-3.67429993E-6	-3.90625000E-2	0.00000000E+0	0.00000000E+0
-4.15039063E-2	-3.91319008E-6	-3.91319008E-6	-4.15039063E-2	0.00000000E+0	0.00000000E+0
-4.39453125E-2	-4.14370015E-6	-4.14370015E-6	-4.39453125E-2	0.00000000E+0	0.00000000E+0
-4.63867188E-2	-4.37877998E-6	-4.37877998E-6	-4.63867188E-2	0.00000000E+0	0.00000000E+0
-4.88281250E-2	-4.60469982E-6	-4.60469982E-6	-4.88281250E-2	0.00000000E+0	0.00000000E+0
-5.12695313E-2	-4.83902022E-6	-4.83902022E-6	-5.12695313E-2	0.00000000E+0	0.00000000E+0
-5.37109375E-2	-5.06646984E-6	-5.06646984E-6	-5.37109375E-2	0.00000000E+0	0.00000000E+0
-5.61523438E-2	-5.29926001E-6	-5.29926001E-6	-5.61523438E-2	0.00000000E+0	0.00000000E+0
-5.85937500E-2	-5.52517986E-6	-5.52517986E-6	-5.85937500E-2	0.00000000E+0	0.00000000E+0
-6.10351563E-2	-5.76027014E-6	-5.76027014E-6	-6.10351563E-2	0.00000000E+0	0.00000000E+0
-6.34765625E-2	-5.99077021E-6	-5.99077021E-6	-6.34765625E-2	0.00000000E+0	0.00000000E+0
-6.59179688E-2	-6.22089010E-6	-6.22089010E-6	-6.59179688E-2	0.00000000E+0	0.00000000E+0
-6.83593750E-2	-6.44756983E-6	-6.44756983E-6	-6.83593750E-2	0.00000000E+0	0.00000000E+0
-7.08007813E-2	-6.68226994E-6	-6.68226994E-6	-7.08007813E-2	0.00000000E+0	0.00000000E+0
-7.32421875E-2	-6.91011019E-6	-6.91011019E-6	-7.32421875E-2	0.00000000E+0	0.00000000E+0
-7.56835938E-2	-7.14213002E-6	-7.14213002E-6	-7.56835938E-2	0.00000000E+0	0.00000000E+0
-7.81250000E-2	-7.36003994E-6	-7.36003994E-6	-7.81250000E-2	0.00000000E+0	0.00000000E+0
-8.05664063E-2	-7.60237981E-6	-7.60237981E-6	-8.05664063E-2	0.00000000E+0	0.00000000E+0
-8.30078125E-2	-7.82486040E-6	-7.82486040E-6	-8.30078125E-2	0.00000000E+0	0.00000000E+0
-8.54492188E-2	-8.06185017E-6	-8.06185017E-6	-8.54492188E-2	0.00000000E+0	0.00000000E+0
-8.78906250E-2	-8.28358043E-6	-8.28358043E-6	-8.78906250E-2	0.00000000E+0	0.00000000E+0
-9.03320313E-2	-8.52095036E-6	-8.52095036E-6	-9.03320313E-2	0.00000000E+0	0.00000000E+0
-9.27734375E-2	-8.74802026E-6	-8.74802026E-6	-9.27734375E-2	0.00000000E+0	0.00000000E+0
-9.52148438E-2	-8.97280006E-6	-8.97280006E-6	-9.52148438E-2	0.00000000E+0	0.00000000E+0
-9.76562500E-2	-9.20063030E-6	-9.20063030E-6	-9.76562500E-2	0.00000000E+0	0.00000000E+0
-1.00097656E-1	-9.43112991E-6	-9.43112991E-6	-1.00097656E-1	0.00000000E+0	0.00000000E+0
-1.02539062E-1	-9.65514027E-6	-9.65514027E-6	-1.02539062E-1	0.00000000E+0	0.00000000E+0
-1.04980469E-1	-9.88487955E-6	-9.88487955E-6	-1.04980469E-1	0.00000000E+0	0.00000000E+0
-1.07421875E-1	-1.01032001E-5	-1.01032001E-5	-1.07421875E-1	0.00000000E+0	0.00000000E+0
-1.09863281E-1	-1.03374996E-5	-1.03374996E-5	-1.09863281E-1	0.00000000E+0	0.00000000E+0
-1.12304687E-1	-1.05549998E-5	-1.05549998E-5	-1.12304687E-1	0.00000000E+0	0.00000000E+0
-1.14746094E-1	-1.07870001E-5	-1.07870001E-5	-1.14746094E-1	0.00000000E+0	0.00000000E+0
-1.17187500E-1	-1.10014998E-5	-1.10014998E-5	-1.17187500E-1	0.00000000E+0	0.00000000E+0
-1.19628906E-1	-1.12394000E-5	-1.12394000E-5	-1.19628906E-1	0.00000000E+0	0.00000000E+0
-1.22070312E-1	-1.14582999E-5	-1.14582999E-5	-1.22070312E-1	0.00000000E+0	0.00000000E+0
-1.24511719E-1	-1.16902002E-5	-1.16902002E-5	-1.24511719E-1	0.00000000E+0	0.00000000E+0
-1.26953125E-1	-1.19124998E-5	-1.19124998E-5	-1.26953125E-1	0.00000000E+0	0.00000000E+0
-1.29394531E-1	-1.21431003E-5	-1.21431003E-5	-1.29394531E-1	0.00000000E+0	0.00000000E+0
-1.31835937E-1	-1.23723003E-5	-1.23723003E-5	-1.31835937E-1	0.00000000E+0	0.00000000E+0
-1.34277344E-1	-1.25959996E-5	-1.25959996E-5	-1.34277344E-1	0.00000000E+0	0.00000000E+0
-1.36718750E-1	-1.28145002E-5	-1.28145002E-5	-1.36718750E-1	0.00000000E+0	0.00000000E+0
-1.39160156E-1	-1.30418002E-5	-1.30418002E-5	-1.39160156E-1	0.00000000E+0	0.00000000E+0
-1.41601562E-1	-1.32584000E-5	-1.32584000E-5	-1.41601562E-1	0.00000000E+0	0.00000000E+0
-1.44042969E-1	-1.34893999E-5	-1.34893999E-5	-1.44042969E-1	0.00000000E+0	0.00000000E+0
-1.46484375E-1	-1.37183997E-5	-1.37183997E-5	-1.46484375E-1	0.00000000E+0	0.00000000E+0
-1.48925781E-1	-1.39473996E-5	-1.39473996E-5	-1.48925781E-1	0.00000000E+0	0.00000000E+0
-1.51367187E-1	-1.41739001E-5	-1.41739001E-5	-1.51367187E-1	0.00000000E+0	0.00000000E+0
-1.53808594E-1	-1.43978004E-5	-1.43978004E-5	-1.53808594E-1	0.00000000E+0	0.00000000E+0
-1.56250000E-1	-1.46115999E-5	-1.46115999E-5	-1.56250000E-1	0.00000000E+0	0.00000000E+0
-1.58691406E-1	-1.48482004E-5	-1.48482004E-5	-1.58691406E-1	0.00000000E+0	0.00000000E+0
-1.61132812E-1	-1.50773003E-5	-1.50773003E-5	-1.61132812E-1	0.00000000E+0	0.00000000E+0
-1.63574219E-1	-1.53062992E-5	-1.53062992E-5	-1.63574219E-1	0.00000000E+0	0.00000000E+0
-1.66015625E-1	-1.55199996E-5	-1.55199996E-5	-1.66015625E-1	0.00000000E+0	0.00000000E+0
-1.68457031E-1	-1.57623999E-5	-1.57623999E-5	-1.68457031E-1	0.00000000E+0	0.00000000E+0
-1.70898437E-1	-1.59857009E-5	-1.59857009E-5	-1.70898437E-1	0.00000000E+0	0.00000000E+0
-1.73339844E-1	-1.62096003E-5	-1.62096003E-5	-1.73339844E-1	0.00000000E+0	0.00000000E+0
-1.75781250E-1	-1.64284993E-5	-1.64284993E-5	-1.75781250E-1	0.00000000E+0	0.00000000E+0
-1.78222656E-1	-1.66690006E-5	-1.66690006E-5	-1.78222656E-1	0.00000000E+0	0.00000000E+0
-1.80664062E-1	-1.68903007E-5	-1.68903007E-5	-1.80664062E-1	0.00000000E+0	0.00000000E+0
-1.83105469E-1	-1.71155007E-5	-1.71155007E-5	-1.83105469E-1	0.00000000E+0	0.00000000E+0
-1.85546875E-1	-1.73419994E-5	-1.73419994E-5	-1.85546875E-1	0.00000000E+0	0.00000000E+0
-1.87988281E-1	-1.75736004E-5	-1.75736004E-5	-1.87988281E-1	0.00000000E+0	0.00000000E+0
-1.90429687E-1	-1.77950005E-5	-1.77950005E-5	-1.90429687E-1	0.00000000E+0	0.00000000E+0
-1.92871094E-1	-1.80214993E-5	-1.80214993E-5	-1.92871094E-1	0.00000000E+0	0.00000000E+0
-1.95312500E-1	-1.82339008E-5	-1.82339008E-5	-1.95312500E-1	0.00000000E+0	0.00000000E+0
-1.97753906E-1	-1.84782002E-5	-1.84782002E-5	-1.97753906E-1	0.00000000E+0	0.00000000E+0
-2.00195312E-1	-1.86931993E-5	-1.86931993E-5	-2.00195312E-1	0.00000000E+0	0.00000000E+0
-2.02636719E-1	-1.89172006E-5	-1.89172006E-5	-2.02636719E-1	0.00000000E+0	0.00000000E+0
-2.05078125E-1	-1.91411000E-5	-1.91411000E-5	-2.05078125E-1	0.00000000E+0	0.00000000E+0
-2.07519531E-1	-1.93752003E-5	-1.93752003E-5	-2.07519531E-1	0.00000000E+0	0.00000000E+0
-2.09960937E-1	-1.95940993E-5	-1.95940993E-5	-2.09960937E-1	0.00000000E+0	0.00000000E+0
-2.12402344E-1	-1.98180005E-5	-1.98180005E-5	-2.12402344E-1	0.00000000E+0	0.00000000E+0
-2.14843750E-1	-2.00318009E-5	-2.00318009E-5	-2.14843750E-1	0.00000000E+0	0.00000000E+0
-2.17285156E-1	-2.02530991E-5	-2.02530991E-5	-2.17285156E-1	0.00000000E+0	0.00000000E+0
-2.19726562E-1	-2.04744993E-5	-2.04744993E-5	-2.19726562E-1	0.00000000E+0	0.00000000E+0
-2.22167969E-1	-2.07074008E-5	-2.07074008E-5	-2.22167969E-1	0.00000000E+0	0.00000000E+0
-2.24609375E-1	-2.09210993E-5	-2.09210993E-5	-2.24609375E-1	0.00000000E+0	0.00000000E+0
-2.27050781E-1	-2.11539991E-5	-2.11539991E-5	-2.27050781E-1	0.00000000E+0	0.00000000E+0
-2.29492187E-1	-2.13703006E-5	-2.13703006E-5	-2.29492187E-1	0.00000000E+0	0.00000000E+0
-2.31933594E-1	-2.15890996E-5	-2.15890996E-5	-2.31933594E-1	0.00000000E+0	0.00000000E+0
-2.34375000E-1	-2.18257992E-5	-2.18257992E-5	-2.34375000E-1	0.00000000E+0	0.00000000E+0
-2.36816406E-1	-2.20432994E-5	-2.20432994E-5	-2.36816406E-1	0.00000000E+0	0.00000000E+0
-2.39257812E-1	-2.22532999E-5	-2.22532999E-5	-2.39257812E-1	0.00000000E+0	0.00000000E+0
-2.41699219E-1	-2.24746000E-5	-2.24746000E-5	-2.41699219E-1	0.00000000E+0	0.00000000E+0
-2.44140625E-1	-2.27036999E-5	-2.27036999E-5	-2.44140625E-1	0.00000000E+0	0.00000000E+0
-2.46582031E-1	-2.29174002E-5	-2.29174002E-5	-2.46582031E-1	0.00000000E+0	0.00000000E+0
-2.49023437E-1	-2.31413997E-5	-2.31413997E-5	-2.49023437E-1	0.00000000E+0	0.00000000E+0
-2.51464844E-1	-2.33564006E-5	-2.33564006E-5	-2.51464844E-1	0.00000000E+0	0.00000000E+0
-2.53906250E-1	-2.35701009E-5	-2.35701009E-5	-2.53906250E-1	0.00000000E+0	0.00000000E+0
-2.56347656E-1	-2.38030007E-5	-2.38030007E-5	-2.56347656E-1	0.00000000E+0	0.00000000E+0
-2.58789062E-1	-2.40166992E-5	-2.40166992E-5	-2.58789062E-1	0.00000000E+0	0.00000000E+0
-2.61230469E-1	-2.42418992E-5	-2.42418992E-5	-2.61230469E-1	0.00000000E+0	0.00000000E+0
-2.63671875E-1	-2.44441999E-5	-2.44441999E-5	-2.63671875E-1	0.00000000E+0	0.00000000E+0
-2.66113281E-1	-2.46770996E-5	-2.46770996E-5	-2.66113281E-1	0.00000000E+0	0.00000000E+0
-2.68554687E-1	-2.48870001E-5	-2.48870001E-5	-2.68554687E-1	0.00000000E+0	0.00000000E+0
-2.70996094E-1	-2.51046004E-5	-2.51046004E-5	-2.70996094E-1	0.00000000E+0	0.00000000E+0
-2.73437500E-1	-2.53298003E-5	-2.53298003E-5	-2.73437500E-1	0.00000000E+0	0.00000000E+0
-2.75878906E-1	-2.55435007E-5	-2.55435007E-5	-2.75878906E-1	0.00000000E+0	0.00000000E+0
-2.78320312E-1	-2.57764004E-5	-2.57764004E-5	-2.78320312E-1	0.00000000E+0	0.00000000E+0
-2.80761719E-1	-2.60016004E-5	-2.60016004E-5	-2.80761719E-1	0.00000000E+0	0.00000000E+0
-2.83203125E-1	-2.62153007E-5	-2.62153007E-5	-2.83203125E-1	0.00000000E+0	0.00000000E+0
-2.85644531E-1	-2.64405007E-5	-2.64405007E-5	-2.85644531E-1	0.00000000E+0	0.00000000E+0
-2.88085937E-1	-2.66427996E-5	-2.66427996E-5	-2.88085937E-1	0.00000000E+0	0.00000000E+0
-2.90527344E-1	-2.68871008E-5	-2.68871008E-5	-2.90527344E-1	0.00000000E+0	0.00000000E+0
-2.92968750E-1	-2.71008994E-5	-2.71008994E-5	-2.92968750E-1	0.00000000E+0	0.00000000E+0
-2.95410156E-1	-2.73375008E-5	-2.73375008E-5	-2.95410156E-1	0.00000000E+0	0.00000000E+0
-2.97851562E-1	-2.75588991E-5	-2.75588991E-5	-2.97851562E-1	0.00000000E+0	0.00000000E+0
-3.00292969E-1	-2.77726995E-5	-2.77726995E-5	-3.00292969E-1	0.00000000E+0	0.00000000E+0
-3.02734375E-1	-2.79940996E-5	-2.79940996E-5	-3.02734375E-1	0.00000000E+0	0.00000000E+0
-3.05175781E-1	-2.82192996E-5	-2.82192996E-5	-3.05175781E-1	0.00000000E+0	0.00000000E+0
-3.07617187E-1	-2.84292000E-5	-2.84292000E-5	-3.07617187E-1	0.00000000E+0	0.00000000E+0
-3.10058594E-1	-2.86581999E-5	-2.86581999E-5	-3.10058594E-1	0.00000000E+0	0.00000000E+0
-3.12500000E-1	-2.88833999E-5	-2.88833999E-5	-3.12500000E-1	0.00000000E+0	0.00000000E+0
-3.14941406E-1	-2.91085998E-5	-2.91085998E-5	-3.14941406E-1	0.00000000E+0	0.00000000E+0
-3.17382812E-1	-2.93414996E-5	-2.93414996E-5	-3.17382812E-1	0.00000000E+0	0.00000000E+0
-3.19824219E-1	-2.95551999E-5	-2.95551999E-5	-3.19824219E-1	0.00000000E+0	0.00000000E+0
-3.22265625E-1	-2.97690003E-5	-2.97690003E-5	-3.22265625E-1	0.00000000E+0	0.00000000E+0
-3.24707031E-1	-3.00018000E-5	-3.00018000E-5	-3.24707031E-1	0.00000000E+0	0.00000000E+0
-3.27148437E-1	-3.02270000E-5	-3.02270000E-5	-3.27148437E-1	0.00000000E+0	0.00000000E+0
-3.29589844E-1	-3.04522000E-5	-3.04522000E-5	-3.29589844E-1	0.00000000E+0	0.00000000E+0
-3.32031250E-1	-3.06545007E-5	-3.06545007E-5	-3.32031250E-1	0.00000000E+0	0.00000000E+0
-3.34472656E-1	-3.08796989E-5	-3.08796989E-5	-3.34472656E-1	0.00000000E+0	0.00000000E+0
-3.36914062E-1	-3.10934993E-5	-3.10934993E-5	-3.36914062E-1	0.00000000E+0	0.00000000E+0
-3.39355469E-1	-3.13378005E-5	-3.13378005E-5	-3.39355469E-1	0.00000000E+0	0.00000000E+0
-3.41796875E-1	-3.15514990E-5	-3.15514990E-5	-3.41796875E-1	0.00000000E+0	0.00000000E+0
-3.44238281E-1	-3.17728991E-5	-3.17728991E-5	-3.44238281E-1	0.00000000E+0	0.00000000E+0
-3.46679687E-1	-3.19866995E-5	-3.19866995E-5	-3.46679687E-1	0.00000000E+0	0.00000000E+0
-3.49121094E-1	-3.22004016E-5	-3.22004016E-5	-3.49121094E-1	0.00000000E+0	0.00000000E+0
-3.51562500E-1	-3.24294015E-5	-3.24294015E-5	-3.51562500E-1	0.00000000E+0	0.00000000E+0
-3.54003906E-1	-3.26584995E-5	-3.26584995E-5	-3.54003906E-1	0.00000000E+0	0.00000000E+0
-3.56445312E-1	-3.28798997E-5	-3.28798997E-5	-3.56445312E-1	0.00000000E+0	0.00000000E+0
-3.58886719E-1	-3.31240990E-5	-3.31240990E-5	-3.58886719E-1	0.00000000E+0	0.00000000E+0
-3.61328125E-1	-3.33302996E-5	-3.33302996E-5	-3.61328125E-1	0.00000000E+0	0.00000000E+0
-3.63769531E-1	-3.35440018E-5	-3.35440018E-5	-3.63769531E-1	0.00000000E+0	0.00000000E+0
-3.66210937E-1	-3.37691999E-5	-3.37691999E-5	-3.66210937E-1	0.00000000E+0	0.00000000E+0
-3.68652344E-1	-3.40020997E-5	-3.40020997E-5	-3.68652344E-1	0.00000000E+0	0.00000000E+0
-3.71093750E-1	-3.42157982E-5	-3.42157982E-5	-3.71093750E-1	0.00000000E+0	0.00000000E+0
-3.73535156E-1	-3.44295986E-5	-3.44295986E-5	-3.73535156E-1	0.00000000E+0	0.00000000E+0
-3.75976562E-1	-3.46509987E-5	-3.46509987E-5	-3.75976562E-1	0.00000000E+0	0.00000000E+0
-3.78417969E-1	-3.48571011E-5	-3.48571011E-5	-3.78417969E-1	0.00000000E+0	0.00000000E+0
-3.80859375E-1	-3.51013987E-5	-3.51013987E-5	-3.80859375E-1	0.00000000E+0	0.00000000E+0
-3.83300781E-1	-3.53227988E-5	-3.53227988E-5	-3.83300781E-1	0.00000000E+0	0.00000000E+0
-3.85742187E-1	-3.55365009E-5	-3.55365009E-5	-3.85742187E-1	0.00000000E+0	0.00000000E+0
-3.88183594E-1	-3.57503013E-5	-3.57503013E-5	-3.88183594E-1	0.00000000E+0	0.00000000E+0
-3.90625000E-1	-3.59564001E-5	-3.59564001E-5	-3.90625000E-1	0.00000000E+0	0.00000000E+0
-3.93066406E-1	-3.62007013E-5	-3.62007013E-5	-3.93066406E-1	0.00000000E+0	0.00000000E+0
-3.95507812E-1	-3.63914987E-5	-3.63914987E-5	-3.95507812E-1	0.00000000E+0	0.00000000E+0
-3.97949219E-1	-3.66357999E-5	-3.66357999E-5	-3.97949219E-1	0.00000000E+0	0.00000000E+0
-4.00390625E-1	-3.68572000E-5	-3.68572000E-5	-4.00390625E-1	0.00000000E+0	0.00000000E+0
-4.02832031E-1	-3.70939015E-5	-3.70939015E-5	-4.02832031E-1	0.00000000E+0	0.00000000E+0
-4.05273437E-1	-3.73076000E-5	-3.73076000E-5	-4.05273437E-1	0.00000000E+0	0.00000000E+0
-4.07714844E-1	-3.75290001E-5	-3.75290001E-5	-4.07714844E-1	0.00000000E+0	0.00000000E+0
-4.10156250E-1	-3.77198012E-5	-3.77198012E-5	-4.10156250E-1	0.00000000E+0	0.00000000E+0
-4.12597656E-1	-3.79488993E-5	-3.79488993E-5	-4.12597656E-1	0.00000000E+0	0.00000000E+0
-4.15039062E-1	-3.81932005E-5	-3.81932005E-5	-4.15039062E-1	0.00000000E+0	0.00000000E+0
-4.17480469E-1	-3.83992992E-5	-3.83992992E-5	-4.17480469E-1	0.00000000E+0	0.00000000E+0
-4.19921875E-1	-3.86206993E-5	-3.86206993E-5	-4.19921875E-1	0.00000000E+0	0.00000000E+0
-4.22363281E-1	-3.88344015E-5	-3.88344015E-5	-4.22363281E-1	0.00000000E+0	0.00000000E+0
-4.24804687E-1	-3.90481982E-5	-3.90481982E-5	-4.24804687E-1	0.00000000E+0	0.00000000E+0
-4.27246094E-1	-3.92734000E-5	-3.92734000E-5	-4.27246094E-1	0.00000000E+0	0.00000000E+0
-4.29687500E-1	-3.94757008E-5	-3.94757008E-5	-4.29687500E-1	0.00000000E+0	0.00000000E+0
-4.32128906E-1	-3.97276017E-5	-3.97276017E-5	-4.32128906E-1	0.00000000E+0	0.00000000E+0
-4.34570312E-1	-3.99337005E-5	-3.99337005E-5	-4.34570312E-1	0.00000000E+0	0.00000000E+0
-4.37011719E-1	-4.01475008E-5	-4.01475008E-5	-4.37011719E-1	0.00000000E+0	0.00000000E+0
-4.39453125E-1	-4.03746017E-5	-4.03746017E-5	-4.39453125E-1	0.00000000E+0	0.00000000E+0
-4.41894531E-1	-4.06151012E-5	-4.06151012E-5	-4.41894531E-1	0.00000000E+0	0.00000000E+0
-4.44335937E-1	-4.08269007E-5	-4.08269007E-5	-4.44335937E-1	0.00000000E+0	0.00000000E+0
-4.46777344E-1	-4.10540015E-5	-4.10540015E-5	-4.46777344E-1	0.00000000E+0	0.00000000E+0
-4.49218750E-1	-4.12543995E-5	-4.12543995E-5	-4.49218750E-1	0.00000000E+0	0.00000000E+0
-4.51660156E-1	-4.14604983E-5	-4.14604983E-5	-4.51660156E-1	0.00000000E+0	0.00000000E+0
-4.54101562E-1	-4.16934017E-5	-4.16934017E-5	-4.54101562E-1	0.00000000E+0	0.00000000E+0
-4.56542969E-1	-4.19261996E-5	-4.19261996E-5	-4.56542969E-1	0.00000000E+0	0.00000000E+0
-4.58984375E-1	-4.21322984E-5	-4.21322984E-5	-4.58984375E-1	0.00000000E+0	0.00000000E+0
-4.61425781E-1	-4.23689999E-5	-4.23689999E-5	-4.61425781E-1	0.00000000E+0	0.00000000E+0
-4.63867187E-1	-4.25522012E-5	-4.25522012E-5	-4.63867187E-1	0.00000000E+0	0.00000000E+0
-4.66308594E-1	-4.27927007E-5	-4.27927007E-5	-4.66308594E-1	0.00000000E+0	0.00000000E+0
-4.68750000E-1	-4.30178989E-5	-4.30178989E-5	-4.68750000E-1	0.00000000E+0	0.00000000E+0
-4.71191406E-1	-4.32564011E-5	-4.32564011E-5	-4.71191406E-1	0.00000000E+0	0.00000000E+0
-4.73632812E-1	-4.34530011E-5	-4.34530011E-5	-4.73632812E-1	0.00000000E+0	0.00000000E+0
-4.76074219E-1	-4.36668015E-5	-4.36668015E-5	-4.76074219E-1	0.00000000E+0	0.00000000E+0
-4.78515625E-1	-4.38805000E-5	-4.38805000E-5	-4.78515625E-1	0.00000000E+0	0.00000000E+0
-4.80957031E-1	-4.40943004E-5	-4.40943004E-5	-4.80957031E-1	0.00000000E+0	0.00000000E+0
-4.83398437E-1	-4.43386016E-5	-4.43386016E-5	-4.83398437E-1	0.00000000E+0	0.00000000E+0
-4.85839844E-1	-4.45523001E-5	-4.45523001E-5	-4.85839844E-1	0.00000000E+0	0.00000000E+0
-4.88281250E-1	-4.47583989E-5	-4.47583989E-5	-4.88281250E-1	0.00000000E+0	0.00000000E+0
-4.90722656E-1	-4.49912986E-5	-4.49912986E-5	-4.90722656E-1	0.00000000E+0	0.00000000E+0
-4.93164062E-1	-4.52241002E-5	-4.52241002E-5	-4.93164062E-1	0.00000000E+0	0.00000000E+0
-4.90722656E-1	-4.49912986E-5	-4.49912986E-5	-4.90722656E-1	0.00000000E+0	0.00000000E+0
-4.88281250E-1	-4.47583989E-5	-4.47583989E-5	-4.88281250E-1	0.00000000E+0	0.00000000E+0
-4.85839844E-1	-4.45523001E-5	-4.45523001E-5	-4.85839844E-1	0.00000000E+0	0.00000000E+0
-4.83398437E-1	-4.43386016E-5	-4.43386016E-5	-4.83398437E-1	0.00000000E+0	0.00000000E+0
-4.80957031E-1	-4.40943004E-5	-4.40943004E-5	-4.80957031E-1	0.00000000E+0	0.00000000E+0
-4.78515625E-1	-4.38805000E-5	-4.38805000E-5	-4.78515625E-1	0.00000000E+0	0.00000000E+0
-4.76074219E-1	-4.36668015E-5	-4.36668015E-5	-4.76074219E-1	0.00000000E+0	0.00000000E+0
-4.73632812E-1	-4.34530011E-5	-4.34530011E-5	-4.73632812E-1	0.00000000E+0	0.00000000E+0
-4.71191406E-1	-4.32316010E-5	-4.32316010E-5	-4.71191406E-1	0.00000000E+0	0.00000000E+0
-4.68750000E-1	-4.29872998E-5	-4.29872998E-5	-4.68750000E-1	0.00000000E+0	0.00000000E+0
-4.66308594E-1	-4.27927007E-5	-4.27927007E-5	-4.66308594E-1	0.00000000E+0	0.00000000E+0
-4.63867187E-1	-4.25522012E-5	-4.25522012E-5	-4.63867187E-1	0.00000000E+0	0.00000000E+0
-4.61425781E-1	-4.23423007E-5	-4.23423007E-5	-4.61425781E-1	0.00000000E+0	0.00000000E+0
-4.58984375E-1	-4.21322984E-5	-4.21322984E-5	-4.58984375E-1	0.00000000E+0	0.00000000E+0
-4.56542969E-1	-4.19261996E-5	-4.19261996E-5	-4.56542969E-1	0.00000000E+0	0.00000000E+0
-4.54101562E-1	-4.16934017E-5	-4.16934017E-5	-4.54101562E-1	0.00000000E+0	0.00000000E+0
-4.51660156E-1	-4.14604983E-5	-4.14604983E-5	-4.51660156E-1	0.00000000E+0	0.00000000E+0
-4.49218750E-1	-4.12543995E-5	-4.12543995E-5	-4.49218750E-1	0.00000000E+0	0.00000000E+0
-4.46777344E-1	-4.10329994E-5	-4.10329994E-5	-4.46777344E-1	0.00000000E+0	0.00000000E+0
-4.44335937E-1	-4.08269007E-5	-4.08269007E-5	-4.44335937E-1	0.00000000E+0	0.00000000E+0
-4.41894531E-1	-4.05940991E-5	-4.05940991E-5	-4.41894531E-1	0.00000000E+0	0.00000000E+0
-4.39453125E-1	-4.03746017E-5	-4.03746017E-5	-4.39453125E-1	0.00000000E+0	0.00000000E+0
-4.37011719E-1	-4.01475008E-5	-4.01475008E-5	-4.37011719E-1	0.00000000E+0	0.00000000E+0
-4.34570312E-1	-3.99337005E-5	-3.99337005E-5	-4.34570312E-1	0.00000000E+0	0.00000000E+0
-4.32128906E-1	-3.97084987E-5	-3.97084987E-5	-4.32128906E-1	0.00000000E+0	0.00000000E+0
-4.29687500E-1	-3.94757008E-5	-3.94757008E-5	-4.29687500E-1	0.00000000E+0	0.00000000E+0
-4.27246094E-1	-3.92734000E-5	-3.92734000E-5	-4.27246094E-1	0.00000000E+0	0.00000000E+0
-4.24804687E-1	-3.90481982E-5	-3.90481982E-5	-4.24804687E-1	0.00000000E+0	0.00000000E+0
-4.22363281E-1	-3.88344015E-5	-3.88344015E-5	-4.22363281E-1	0.00000000E+0	0.00000000E+0
-4.19921875E-1	-3.86206993E-5	-3.86206993E-5	-4.19921875E-1	0.00000000E+0	0.00000000E+0
-4.17480469E-1	-3.83992992E-5	-3.83992992E-5	-4.17480469E-1	0.00000000E+0	0.00000000E+0
-4.15039062E-1	-3.81932005E-5	-3.81932005E-5	-4.15039062E-1	0.00000000E+0	0.00000000E+0
-4.12597656E-1	-3.79488993E-5	-3.79488993E-5	-4.12597656E-1	0.00000000E+0	0.00000000E+0
-4.10156250E-1	-3.77198012E-5	-3.77198012E-5	-4.10156250E-1	0.00000000E+0	0.00000000E+0
-4.07714844E-1	-3.75290001E-5	-3.75290001E-5	-4.07714844E-1	0.00000000E+0	0.00000000E+0
-4.05273437E-1	-3.73076000E-5	-3.73076000E-5	-4.05273437E-1	0.00000000E+0	0.00000000E+0
-4.02832031E-1	-3.70556991E-5	-3.70556991E-5	-4.02832031E-1	0.00000000E+0	0.00000000E+0
-4.00390625E-1	-3.68381006E-5	-3.68381006E-5	-4.00390625E-1	0.00000000E+0	0.00000000E+0
-3.97949219E-1	-3.66357999E-5	-3.66357999E-5	-3.97949219E-1	0.00000000E+0	0.00000000E+0
-3.95507812E-1	-3.64221014E-5	-3.64221014E-5	-3.95507812E-1	0.00000000E+0	0.00000000E+0
-3.93066406E-1	-3.62007013E-5	-3.62007013E-5	-3.93066406E-1	0.00000000E+0	0.00000000E+0
-3.90625000E-1	-3.59564001E-5	-3.59564001E-5	-3.90625000E-1	0.00000000E+0	0.00000000E+0
-3.88183594E-1	-3.57503013E-5	-3.57503013E-5	-3.88183594E-1	0.00000000E+0	0.00000000E+0
-3.85742187E-1	-3.55365009E-5	-3.55365009E-5	-3.85742187E-1	0.00000000E+0	0.00000000E+0
-3.83300781E-1	-3.53227988E-5	-3.53227988E-5	-3.83300781E-1	0.00000000E+0	0.00000000E+0
-3.80859375E-1	-3.51013987E-5	-3.51013987E-5	-3.80859375E-1	0.00000000E+0	0.00000000E+0
-3.78417969E-1	-3.48952017E-5	-3.48952017E-5	-3.78417969E-1	0.00000000E+0	0.00000000E+0
-3.75976562E-1	-3.46509987E-5	-3.46509987E-5	-3.75976562E-1	0.00000000E+0	0.00000000E+0
-3.73535156E-1	-3.44180989E-5	-3.44180989E-5	-3.73535156E-1	0.00000000E+0	0.00000000E+0
-3.71093750E-1	-3.42157982E-5	-3.42157982E-5	-3.71093750E-1	0.00000000E+0	0.00000000E+0
-3.68652344E-1	-3.39791986E-5	-3.39791986E-5	-3.68652344E-1	0.00000000E+0	0.00000000E+0
-3.66210937E-1	-3.37691999E-5	-3.37691999E-5	-3.66210937E-1	0.00000000E+0	0.00000000E+0
-3.63769531E-1	-3.35440018E-5	-3.35440018E-5	-3.63769531E-1	0.00000000E+0	0.00000000E+0
-3.61328125E-1	-3.32997006E-5	-3.32997006E-5	-3.61328125E-1	0.00000000E+0	0.00000000E+0
-3.58886719E-1	-3.30859984E-5	-3.30859984E-5	-3.58886719E-1	0.00000000E+0	0.00000000E+0
-3.56445312E-1	-3.28798997E-5	-3.28798997E-5	-3.56445312E-1	0.00000000E+0	0.00000000E+0
-3.54003906E-1	-3.26355985E-5	-3.26355985E-5	-3.54003906E-1	0.00000000E+0	0.00000000E+0
-3.51562500E-1	-3.24141984E-5	-3.24141984E-5	-3.51562500E-1	0.00000000E+0	0.00000000E+0
-3.49121094E-1	-3.21851985E-5	-3.21851985E-5	-3.49121094E-1	0.00000000E+0	0.00000000E+0
-3.46679687E-1	-3.19714018E-5	-3.19714018E-5	-3.46679687E-1	0.00000000E+0	0.00000000E+0
-3.44238281E-1	-3.17537997E-5	-3.17537997E-5	-3.44238281E-1	0.00000000E+0	0.00000000E+0
-3.41796875E-1	-3.15514990E-5	-3.15514990E-5	-3.41796875E-1	0.00000000E+0	0.00000000E+0
-3.39355469E-1	-3.13378005E-5	-3.13378005E-5	-3.39355469E-1	0.00000000E+0	0.00000000E+0
-3.36914062E-1	-3.10934993E-5	-3.10934993E-5	-3.36914062E-1	0.00000000E+0	0.00000000E+0
-3.34472656E-1	-3.08644994E-5	-3.08644994E-5	-3.34472656E-1	0.00000000E+0	0.00000000E+0
-3.32031250E-1	-3.06545007E-5	-3.06545007E-5	-3.32031250E-1	0.00000000E+0	0.00000000E+0
-3.29589844E-1	-3.04293008E-5	-3.04293008E-5	-3.29589844E-1	0.00000000E+0	0.00000000E+0
-3.27148437E-1	-3.02079006E-5	-3.02079006E-5	-3.27148437E-1	0.00000000E+0	0.00000000E+0
-3.24707031E-1	-3.00018000E-5	-3.00018000E-5	-3.24707031E-1	0.00000000E+0	0.00000000E+0
-3.22265625E-1	-2.97690003E-5	-2.97690003E-5	-3.22265625E-1	0.00000000E+0	0.00000000E+0
-3.19824219E-1	-2.95551999E-5	-2.95551999E-5	-3.19824219E-1	0.00000000E+0	0.00000000E+0
-3.17382812E-1	-2.93300000E-5	-2.93300000E-5	-3.17382812E-1	0.00000000E+0	0.00000000E+0
-3.14941406E-1	-2.90857006E-5	-2.90857006E-5	-3.14941406E-1	0.00000000E+0	0.00000000E+0
-3.12500000E-1	-2.88643005E-5	-2.88643005E-5	-3.12500000E-1	0.00000000E+0	0.00000000E+0
-3.10058594E-1	-2.86430004E-5	-2.86430004E-5	-3.10058594E-1	0.00000000E+0	0.00000000E+0
-3.07617187E-1	-2.84292000E-5	-2.84292000E-5	-3.07617187E-1	0.00000000E+0	0.00000000E+0
-3.05175781E-1	-2.82192996E-5	-2.82192996E-5	-3.05175781E-1	0.00000000E+0	0.00000000E+0
-3.02734375E-1	-2.79940996E-5	-2.79940996E-5	-3.02734375E-1	0.00000000E+0	0.00000000E+0
-3.00292969E-1	-2.77573999E-5	-2.77573999E-5	-3.00292969E-1	0.00000000E+0	0.00000000E+0
-2.97851562E-1	-2.75397997E-5	-2.75397997E-5	-2.97851562E-1	0.00000000E+0	0.00000000E+0
-2.95410156E-1	-2.73145997E-5	-2.73145997E-5	-2.95410156E-1	0.00000000E+0	0.00000000E+0
-2.92968750E-1	-2.71008994E-5	-2.71008994E-5	-2.92968750E-1	0.00000000E+0	0.00000000E+0
-2.90527344E-1	-2.68871008E-5	-2.68871008E-5	-2.90527344E-1	0.00000000E+0	0.00000000E+0
-2.88085937E-1	-2.66427996E-5	-2.66427996E-5	-2.88085937E-1	0.00000000E+0	0.00000000E+0
-2.85644531E-1	-2.64405007E-5	-2.64405007E-5	-2.85644531E-1	0.00000000E+0	0.00000000E+0
-2.83203125E-1	-2.62000995E-5	-2.62000995E-5	-2.83203125E-1	0.00000000E+0	0.00000000E+0
-2.80761719E-1	-2.59863009E-5	-2.59863009E-5	-2.80761719E-1	0.00000000E+0	0.00000000E+0
-2.78320312E-1	-2.57572992E-5	-2.57572992E-5	-2.78320312E-1	0.00000000E+0	0.00000000E+0
-2.75878906E-1	-2.55435007E-5	-2.55435007E-5	-2.75878906E-1	0.00000000E+0	0.00000000E+0
-2.73437500E-1	-2.53298003E-5	-2.53298003E-5	-2.73437500E-1	0.00000000E+0	0.00000000E+0
-2.70996094E-1	-2.51046004E-5	-2.51046004E-5	-2.70996094E-1	0.00000000E+0	0.00000000E+0
-2.68554687E-1	-2.48717006E-5	-2.48717006E-5	-2.68554687E-1	0.00000000E+0	0.00000000E+0
-2.66113281E-1	-2.46770996E-5	-2.46770996E-5	-2.66113281E-1	0.00000000E+0	0.00000000E+0
-2.63671875E-1	-2.44441999E-5	-2.44441999E-5	-2.63671875E-1	0.00000000E+0	0.00000000E+0
-2.61230469E-1	-2.42418992E-5	-2.42418992E-5	-2.61230469E-1	0.00000000E+0	0.00000000E+0
-2.58789062E-1	-2.40320005E-5	-2.40320005E-5	-2.58789062E-1	0.00000000E+0	0.00000000E+0
-2.56347656E-1	-2.38030007E-5	-2.38030007E-5	-2.56347656E-1	0.00000000E+0	0.00000000E+0
-2.53906250E-1	-2.35892003E-5	-2.35892003E-5	-2.53906250E-1	0.00000000E+0	0.00000000E+0
-2.51464844E-1	-2.33564006E-5	-2.33564006E-5	-2.51464844E-1	0.00000000E+0	0.00000000E+0
-2.49023437E-1	-2.31413997E-5	-2.31413997E-5	-2.49023437E-1	0.00000000E+0	0.00000000E+0
-2.46582031E-1	-2.29326997E-5	-2.29326997E-5	-2.46582031E-1	0.00000000E+0	0.00000000E+0
-2.44140625E-1	-2.27036999E-5	-2.27036999E-5	-2.44140625E-1	0.00000000E+0	0.00000000E+0
-2.41699219E-1	-2.24898995E-5	-2.24898995E-5	-2.41699219E-1	0.00000000E+0	0.00000000E+0
-2.39257812E-1	-2.22532999E-5	-2.22532999E-5	-2.39257812E-1	0.00000000E+0	0.00000000E+0
-2.36816406E-1	-2.20432994E-5	-2.20432994E-5	-2.36816406E-1	0.00000000E+0	0.00000000E+0
-2.34375000E-1	-2.18257992E-5	-2.18257992E-5	-2.34375000E-1	0.00000000E+0	0.00000000E+0
-2.31933594E-1	-2.16044009E-5	-2.16044009E-5	-2.31933594E-1	0.00000000E+0	0.00000000E+0
-2.29492187E-1	-2.13803996E-5	-2.13803996E-5	-2.29492187E-1	0.00000000E+0	0.00000000E+0
-2.27050781E-1	-2.11539991E-5	-2.11539991E-5	-2.27050781E-1	0.00000000E+0	0.00000000E+0
-2.24609375E-1	-2.09326008E-5	-2.09326008E-5	-2.24609375E-1	0.00000000E+0	0.00000000E+0
-2.22167969E-1	-2.07264002E-5	-2.07264002E-5	-2.22167969E-1	0.00000000E+0	0.00000000E+0
-2.19726562E-1	-2.04898006E-5	-2.04898006E-5	-2.19726562E-1	0.00000000E+0	0.00000000E+0
-2.17285156E-1	-2.02608007E-5	-2.02608007E-5	-2.17285156E-1	0.00000000E+0	0.00000000E+0
-2.14843750E-1	-2.00470004E-5	-2.00470004E-5	-2.14843750E-1	0.00000000E+0	0.00000000E+0
-2.12402344E-1	-1.98333000E-5	-1.98333000E-5	-2.12402344E-1	0.00000000E+0	0.00000000E+0
-2.09960937E-1	-1.96067995E-5	-1.96067995E-5	-2.09960937E-1	0.00000000E+0	0.00000000E+0
-2.07519531E-1	-1.93853994E-5	-1.93853994E-5	-2.07519531E-1	0.00000000E+0	0.00000000E+0
-2.05078125E-1	-1.91513009E-5	-1.91513009E-5	-2.05078125E-1	0.00000000E+0	0.00000000E+0
-2.02636719E-1	-1.89363000E-5	-1.89363000E-5	-2.02636719E-1	0.00000000E+0	0.00000000E+0
-2.00195312E-1	-1.87034002E-5	-1.87034002E-5	-2.00195312E-1	0.00000000E+0	0.00000000E+0
-1.97753906E-1	-1.84782002E-5	-1.84782002E-5	-1.97753906E-1	0.00000000E+0	0.00000000E+0
-1.95312500E-1	-1.82454005E-5	-1.82454005E-5	-1.95312500E-1	0.00000000E+0	0.00000000E+0
-1.92871094E-1	-1.80316001E-5	-1.80316001E-5	-1.92871094E-1	0.00000000E+0	0.00000000E+0
-1.90429687E-1	-1.78064001E-5	-1.78064001E-5	-1.90429687E-1	0.00000000E+0	0.00000000E+0
-1.87988281E-1	-1.75837995E-5	-1.75837995E-5	-1.87988281E-1	0.00000000E+0	0.00000000E+0
-1.85546875E-1	-1.73546996E-5	-1.73546996E-5	-1.85546875E-1	0.00000000E+0	0.00000000E+0
-1.83105469E-1	-1.71383999E-5	-1.71383999E-5	-1.83105469E-1	0.00000000E+0	0.00000000E+0
-1.80664062E-1	-1.69018003E-5	-1.69018003E-5	-1.80664062E-1	0.00000000E+0	0.00000000E+0
-1.78222656E-1	-1.66784994E-5	-1.66784994E-5	-1.78222656E-1	0.00000000E+0	0.00000000E+0
-1.75781250E-1	-1.64361009E-5	-1.64361009E-5	-1.75781250E-1	0.00000000E+0	0.00000000E+0
-1.73339844E-1	-1.62300003E-5	-1.62300003E-5	-1.73339844E-1	0.00000000E+0	0.00000000E+0
-1.70898437E-1	-1.59959000E-5	-1.59959000E-5	-1.70898437E-1	0.00000000E+0	0.00000000E+0
-1.68457031E-1	-1.57623999E-5	-1.57623999E-5	-1.68457031E-1	0.00000000E+0	0.00000000E+0
-1.66015625E-1	-1.55352991E-5	-1.55352991E-5	-1.66015625E-1	0.00000000E+0	0.00000000E+0
-1.63574219E-1	-1.53189994E-5	-1.53189994E-5	-1.63574219E-1	0.00000000E+0	0.00000000E+0
-1.61132812E-1	-1.50849000E-5	-1.50849000E-5	-1.61132812E-1	0.00000000E+0	0.00000000E+0
-1.58691406E-1	-1.48559002E-5	-1.48559002E-5	-1.58691406E-1	0.00000000E+0	0.00000000E+0
-1.56250000E-1	-1.46268003E-5	-1.46268003E-5	-1.56250000E-1	0.00000000E+0	0.00000000E+0
-1.53808594E-1	-1.44074002E-5	-1.44074002E-5	-1.53808594E-1	0.00000000E+0	0.00000000E+0
-1.51367187E-1	-1.41841001E-5	-1.41841001E-5	-1.51367187E-1	0.00000000E+0	0.00000000E+0
-1.48925781E-1	-1.39589001E-5	-1.39589001E-5	-1.48925781E-1	0.00000000E+0	0.00000000E+0
-1.46484375E-1	-1.37183997E-5	-1.37183997E-5	-1.46484375E-1	0.00000000E+0	0.00000000E+0
-1.44042969E-1	-1.34969996E-5	-1.34969996E-5	-1.44042969E-1	0.00000000E+0	0.00000000E+0
-1.41601562E-1	-1.32679997E-5	-1.32679997E-5	-1.41601562E-1	0.00000000E+0	0.00000000E+0
-1.39160156E-1	-1.30480003E-5	-1.30480003E-5	-1.39160156E-1	0.00000000E+0	0.00000000E+0
-1.36718750E-1	-1.28145002E-5	-1.28145002E-5	-1.36718750E-1	0.00000000E+0	0.00000000E+0
-1.34277344E-1	-1.25959996E-5	-1.25959996E-5	-1.34277344E-1	0.00000000E+0	0.00000000E+0
-1.31835937E-1	-1.23723003E-5	-1.23723003E-5	-1.31835937E-1	0.00000000E+0	0.00000000E+0
-1.29394531E-1	-1.21514004E-5	-1.21514004E-5	-1.29394531E-1	0.00000000E+0	0.00000000E+0
-1.26953125E-1	-1.19188999E-5	-1.19188999E-5	-1.26953125E-1	0.00000000E+0	0.00000000E+0
-1.24511719E-1	-1.16990996E-5	-1.16990996E-5	-1.24511719E-1	0.00000000E+0	0.00000000E+0
-1.22070312E-1	-1.14662998E-5	-1.14662998E-5	-1.22070312E-1	0.00000000E+0	0.00000000E+0
-1.19628906E-1	-1.12490998E-5	-1.12490998E-5	-1.19628906E-1	0.00000000E+0	0.00000000E+0
-1.17187500E-1	-1.10107003E-5	-1.10107003E-5	-1.17187500E-1	0.00000000E+0	0.00000000E+0
-1.14746094E-1	-1.07897004E-5	-1.07897004E-5	-1.14746094E-1	0.00000000E+0	0.00000000E+0
-1.12304687E-1	-1.05608997E-5	-1.05608997E-5	-1.12304687E-1	0.00000000E+0	0.00000000E+0
-1.09863281E-1	-1.03451002E-5	-1.03451002E-5	-1.09863281E-1	0.00000000E+0	0.00000000E+0
-1.07421875E-1	-1.01104997E-5	-1.01104997E-5	-1.07421875E-1	0.00000000E+0	0.00000000E+0
-1.04980469E-1	-9.89061027E-6	-9.89061027E-6	-1.04980469E-1	0.00000000E+0	0.00000000E+0
-1.02539062E-1	-9.65971958E-6	-9.65971958E-6	-1.02539062E-1	0.00000000E+0	0.00000000E+0
-1.00097656E-1	-9.43722989E-6	-9.43722989E-6	-1.00097656E-1	0.00000000E+0	0.00000000E+0
-9.76562500E-2	-9.20711045E-6	-9.20711045E-6	-9.76562500E-2	0.00000000E+0	0.00000000E+0
-9.52148438E-2	-8.98004964E-6	-8.98004964E-6	-9.52148438E-2	0.00000000E+0	0.00000000E+0
-9.27734375E-2	-8.75412024E-6	-8.75412024E-6	-9.27734375E-2	0.00000000E+0	0.00000000E+0
-9.03320313E-2	-8.52706034E-6	-8.52706034E-6	-9.03320313E-2	0.00000000E+0	0.00000000E+0
-8.78906250E-2	-8.28892007E-6	-8.28892007E-6	-8.78906250E-2	0.00000000E+0	0.00000000E+0
-8.54492188E-2	-8.06680964E-6	-8.06680964E-6	-8.54492188E-2	0.00000000E+0	0.00000000E+0
-8.30078125E-2	-7.83059022E-6	-7.83059022E-6	-8.30078125E-2	0.00000000E+0	0.00000000E+0
-8.05664063E-2	-7.60237981E-6	-7.60237981E-6	-8.05664063E-2	0.00000000E+0	0.00000000E+0
-7.81250000E-2	-7.36653010E-6	-7.36653010E-6	-7.81250000E-2	0.00000000E+0	0.00000000E+0
-7.56835938E-2	-7.14709995E-6	-7.14709995E-6	-7.56835938E-2	0.00000000E+0	0.00000000E+0
-7.32421875E-2	-6.91507012E-6	-6.91507012E-6	-7.32421875E-2	0.00000000E+0	0.00000000E+0
-7.08007813E-2	-6.69067003E-6	-6.69067003E-6	-7.08007813E-2	0.00000000E+0	0.00000000E+0
-6.83593750E-2	-6.45176988E-6	-6.45176988E-6	-6.83593750E-2	0.00000000E+0	0.00000000E+0
-6.59179688E-2	-6.22814014E-6	-6.22814014E-6	-6.59179688E-2	0.00000000E+0	0.00000000E+0
-6.34765625E-2	-5.99496980E-6	-5.99496980E-6	-6.34765625E-2	0.00000000E+0	0.00000000E+0
-6.10351563E-2	-5.76408002E-6	-5.76408002E-6	-6.10351563E-2	0.00000000E+0	0.00000000E+0
-5.85937500E-2	-5.52746997E-6	-5.52746997E-6	-5.85937500E-2	0.00000000E+0	0.00000000E+0
-5.61523438E-2	-5.30612988E-6	-5.30612988E-6	-5.61523438E-2	0.00000000E+0	0.00000000E+0
-5.37109375E-2	-5.07334016E-6	-5.07334016E-6	-5.37109375E-2	0.00000000E+0	0.00000000E+0
-5.12695313E-2	-4.84664997E-6	-4.84664997E-6	-5.12695313E-2	0.00000000E+0	0.00000000E+0
-4.88281250E-2	-4.60852016E-6	-4.60852016E-6	-4.88281250E-2	0.00000000E+0	0.00000000E+0
-4.63867188E-2	-4.38259985E-6	-4.38259985E-6	-4.63867188E-2	0.00000000E+0	0.00000000E+0
-4.39453125E-2	-4.14675014E-6	-4.14675014E-6	-4.39453125E-2	0.00000000E+0	0.00000000E+0
-4.15039063E-2	-3.92005995E-6	-3.92005995E-6	-4.15039063E-2	0.00000000E+0	0.00000000E+0
-3.90625000E-2	-3.67964003E-6	-3.67964003E-6	-3.90625000E-2	0.00000000E+0	0.00000000E+0
-3.66210938E-2	-3.45601006E-6	-3.45601006E-6	-3.66210938E-2	0.00000000E+0	0.00000000E+0
-3.41796875E-2	-3.22474011E-6	-3.22474011E-6	-3.41796875E-2	0.00000000E+0	0.00000000E+0
-3.17382813E-2	-3.00035003E-6	-3.00035003E-6	-3.17382813E-2	0.00000000E+0	0.00000000E+0
-2.92968750E-2	-2.76716992E-6	-2.76716992E-6	-2.92968750E-2	0.00000000E+0	0.00000000E+0
-2.68554688E-2	-2.54353995E-6	-2.54353995E-6	-2.68554688E-2	0.00000000E+0	0.00000000E+0
-2.44140625E-2	-2.31112995E-6	-2.31112995E-6	-2.44140625E-2	0.00000000E+0	0.00000000E+0
-2.19726563E-2	-2.08266010E-6	-2.08266010E-6	-2.19726563E-2	0.00000000E+0	0.00000000E+0
-1.95312500E-2	-1.84936005E-6	-1.84936005E-6	-1.95312500E-2	0.00000000E+0	0.00000000E+0
-1.70898438E-2	-1.62724996E-6	-1.62724996E-6	-1.70898438E-2	0.00000000E+0	0.00000000E+0
-1.46484375E-2	-1.39752001E-6	-1.39752001E-6	-1.46484375E-2	0.00000000E+0	0.00000000E+0
-1.22070313E-2	-1.17435002E-6	-1.17435002E-6	-1.22070313E-2	0.00000000E+0	0.00000000E+0
-9.76562500E-3	-9.41207986E-7	-9.41207986E-7	-9.76562500E-3	0.00000000E+0	0.00000000E+0
-7.32421875E-3	-7.19366028E-7	-7.19366028E-7	-7.32421875E-3	0.00000000E+0	0.00000000E+0
-4.88281250E-3	-4.88665023E-7	-4.88665023E-7	-4.88281250E-3	0.00000000E+0	0.00000000E+0
-2.44140625E-3	-2.66592991E-7	-2.66592991E-7	-2.44140625E-3	0.00000000E+0	0.00000000E+0
0.00000000E+0	-3.69359014E-8	-3.69359014E-8	0.00000000E+0	0.00000000E+0	0.00000000E+0
