Date: do 28 mrt 2013, Material: Au, Temp: 4.2 K
AO1 - module gain: 1.0E+0, R_out: 0.0
AO2 - module gain: 1.0E+2
MUX1 - ADC gain: 4, logarithmic amplifier: D:\LabVIEW Data\Lithographic MCBJ\MED24_070412.TXT, R_in: 0.000
MUX2 - ADC gain: 4, linear amplifier: 1.000000 x 1e10 V/A, R_in: 1.000
Breaking trace: 15 0
Axis position: -882.508130
Vbias (V)	<I> and Ii MUX1 (A)	Vbias (V)	<I> and Ii MUX2 (A)
@
0.00000000E+0	-2.95121994E-9	-2.95121994E-9	0.00000000E+0	0.00000000E+0	0.00000000E+0
2.44140625E-3	1.10884002E-7	1.10884002E-7	2.44140625E-3	0.00000000E+0	0.00000000E+0
4.88281250E-3	3.25166013E-7	3.25166013E-7	4.88281250E-3	0.00000000E+0	0.00000000E+0
7.32421875E-3	5.32116985E-7	5.32116985E-7	7.32421875E-3	0.00000000E+0	0.00000000E+0
9.76562500E-3	7.46934006E-7	7.46934006E-7	9.76562500E-3	0.00000000E+0	0.00000000E+0
1.22070313E-2	9.54457960E-7	9.54457960E-7	1.22070313E-2	0.00000000E+0	0.00000000E+0
1.46484375E-2	1.16893000E-6	1.16893000E-6	1.46484375E-2	0.00000000E+0	0.00000000E+0
1.70898438E-2	1.37690995E-6	1.37690995E-6	1.70898438E-2	0.00000000E+0	0.00000000E+0
1.95312500E-2	1.59367005E-6	1.59367005E-6	1.95312500E-2	0.00000000E+0	0.00000000E+0
2.19726563E-2	1.79974995E-6	1.79974995E-6	2.19726563E-2	0.00000000E+0	0.00000000E+0
2.44140625E-2	2.01421994E-6	2.01421994E-6	2.44140625E-2	0.00000000E+0	0.00000000E+0
2.68554688E-2	2.22183007E-6	2.22183007E-6	2.68554688E-2	0.00000000E+0	0.00000000E+0
2.92968750E-2	2.43705995E-6	2.43705995E-6	2.92968750E-2	0.00000000E+0	0.00000000E+0
3.17382813E-2	2.64365008E-6	2.64365008E-6	3.17382813E-2	0.00000000E+0	0.00000000E+0
3.41796875E-2	2.86067007E-6	2.86067007E-6	3.41796875E-2	0.00000000E+0	0.00000000E+0
3.66210938E-2	3.06979996E-6	3.06979996E-6	3.66210938E-2	0.00000000E+0	0.00000000E+0
3.90625000E-2	3.28884994E-6	3.28884994E-6	3.90625000E-2	0.00000000E+0	0.00000000E+0
4.15039063E-2	3.49493007E-6	3.49493007E-6	4.15039063E-2	0.00000000E+0	0.00000000E+0
4.39453125E-2	3.70635007E-6	3.70635007E-6	4.39453125E-2	0.00000000E+0	0.00000000E+0
4.63867188E-2	3.91700996E-6	3.91700996E-6	4.63867188E-2	0.00000000E+0	0.00000000E+0
4.88281250E-2	4.13225007E-6	4.13225007E-6	4.88281250E-2	0.00000000E+0	0.00000000E+0
5.12695313E-2	4.33984997E-6	4.33984997E-6	5.12695313E-2	0.00000000E+0	0.00000000E+0
5.37109375E-2	4.55433019E-6	4.55433019E-6	5.37109375E-2	0.00000000E+0	0.00000000E+0
5.61523438E-2	4.76459991E-6	4.76459991E-6	5.61523438E-2	0.00000000E+0	0.00000000E+0
5.85937500E-2	4.98136978E-6	4.98136978E-6	5.85937500E-2	0.00000000E+0	0.00000000E+0
6.10351563E-2	5.18706020E-6	5.18706020E-6	6.10351563E-2	0.00000000E+0	0.00000000E+0
6.34765625E-2	5.40153997E-6	5.40153997E-6	6.34765625E-2	0.00000000E+0	0.00000000E+0
6.59179688E-2	5.60991020E-6	5.60991020E-6	6.59179688E-2	0.00000000E+0	0.00000000E+0
6.83593750E-2	5.82247003E-6	5.82247003E-6	6.83593750E-2	0.00000000E+0	0.00000000E+0
7.08007813E-2	6.03121998E-6	6.03121998E-6	7.08007813E-2	0.00000000E+0	0.00000000E+0
7.32421875E-2	6.24569020E-6	6.24569020E-6	7.32421875E-2	0.00000000E+0	0.00000000E+0
7.56835938E-2	6.45672981E-6	6.45672981E-6	7.56835938E-2	0.00000000E+0	0.00000000E+0
7.81250000E-2	6.67311997E-6	6.67311997E-6	7.81250000E-2	0.00000000E+0	0.00000000E+0
8.05664063E-2	6.87614011E-6	6.87614011E-6	8.05664063E-2	0.00000000E+0	0.00000000E+0
8.30078125E-2	7.09023016E-6	7.09023016E-6	8.30078125E-2	0.00000000E+0	0.00000000E+0
8.54492188E-2	7.30433021E-6	7.30433021E-6	8.54492188E-2	0.00000000E+0	0.00000000E+0
8.78906250E-2	7.52033020E-6	7.52033020E-6	8.78906250E-2	0.00000000E+0	0.00000000E+0
9.03320313E-2	7.72678959E-6	7.72678959E-6	9.03320313E-2	0.00000000E+0	0.00000000E+0
9.27734375E-2	7.93858999E-6	7.93858999E-6	9.27734375E-2	0.00000000E+0	0.00000000E+0
9.52148438E-2	8.14848045E-6	8.14848045E-6	9.52148438E-2	0.00000000E+0	0.00000000E+0
9.76562500E-2	8.36105028E-6	8.36105028E-6	9.76562500E-2	0.00000000E+0	0.00000000E+0
1.00097656E-1	8.56673978E-6	8.56673978E-6	1.00097656E-1	0.00000000E+0	0.00000000E+0
1.02539062E-1	8.78579976E-6	8.78579976E-6	1.02539062E-1	0.00000000E+0	0.00000000E+0
1.04980469E-1	8.99188035E-6	8.99188035E-6	1.04980469E-1	0.00000000E+0	0.00000000E+0
1.07421875E-1	9.21055016E-6	9.21055016E-6	1.07421875E-1	0.00000000E+0	0.00000000E+0
1.09863281E-1	9.41319013E-6	9.41319013E-6	1.09863281E-1	0.00000000E+0	0.00000000E+0
1.12304687E-1	9.62639024E-6	9.62639024E-6	1.12304687E-1	0.00000000E+0	0.00000000E+0
1.14746094E-1	9.83984955E-6	9.83984955E-6	1.14746094E-1	0.00000000E+0	0.00000000E+0
1.17187500E-1	1.00580000E-5	1.00580000E-5	1.17187500E-1	0.00000000E+0	0.00000000E+0
1.19628906E-1	1.02684999E-5	1.02684999E-5	1.19628906E-1	0.00000000E+0	0.00000000E+0
1.22070312E-1	1.04771998E-5	1.04771998E-5	1.22070312E-1	0.00000000E+0	0.00000000E+0
1.24511719E-1	1.06874004E-5	1.06874004E-5	1.24511719E-1	0.00000000E+0	0.00000000E+0
1.26953125E-1	1.08962004E-5	1.08962004E-5	1.26953125E-1	0.00000000E+0	0.00000000E+0
1.29394531E-1	1.11107001E-5	1.11107001E-5	1.29394531E-1	0.00000000E+0	0.00000000E+0
1.31835937E-1	1.13239003E-5	1.13239003E-5	1.31835937E-1	0.00000000E+0	0.00000000E+0
1.34277344E-1	1.15334997E-5	1.15334997E-5	1.34277344E-1	0.00000000E+0	0.00000000E+0
1.36718750E-1	1.17490999E-5	1.17490999E-5	1.36718750E-1	0.00000000E+0	0.00000000E+0
1.39160156E-1	1.19523002E-5	1.19523002E-5	1.39160156E-1	0.00000000E+0	0.00000000E+0
1.41601562E-1	1.21655003E-5	1.21655003E-5	1.41601562E-1	0.00000000E+0	0.00000000E+0
1.44042969E-1	1.23755999E-5	1.23755999E-5	1.44042969E-1	0.00000000E+0	0.00000000E+0
1.46484375E-1	1.25848001E-5	1.25848001E-5	1.46484375E-1	0.00000000E+0	0.00000000E+0
1.48925781E-1	1.27966996E-5	1.27966996E-5	1.48925781E-1	0.00000000E+0	0.00000000E+0
1.51367187E-1	1.30168000E-5	1.30168000E-5	1.51367187E-1	0.00000000E+0	0.00000000E+0
1.53808594E-1	1.32272999E-5	1.32272999E-5	1.53808594E-1	0.00000000E+0	0.00000000E+0
1.56250000E-1	1.34396996E-5	1.34396996E-5	1.56250000E-1	0.00000000E+0	0.00000000E+0
1.58691406E-1	1.36420003E-5	1.36420003E-5	1.58691406E-1	0.00000000E+0	0.00000000E+0
1.61132812E-1	1.38595997E-5	1.38595997E-5	1.61132812E-1	0.00000000E+0	0.00000000E+0
1.63574219E-1	1.40619004E-5	1.40619004E-5	1.63574219E-1	0.00000000E+0	0.00000000E+0
1.66015625E-1	1.42808003E-5	1.42808003E-5	1.66015625E-1	0.00000000E+0	0.00000000E+0
1.68457031E-1	1.44875003E-5	1.44875003E-5	1.68457031E-1	0.00000000E+0	0.00000000E+0
1.70898437E-1	1.47031997E-5	1.47031997E-5	1.70898437E-1	0.00000000E+0	0.00000000E+0
1.73339844E-1	1.49074003E-5	1.49074003E-5	1.73339844E-1	0.00000000E+0	0.00000000E+0
1.75781250E-1	1.51230997E-5	1.51230997E-5	1.75781250E-1	0.00000000E+0	0.00000000E+0
1.78222656E-1	1.53265992E-5	1.53265992E-5	1.78222656E-1	0.00000000E+0	0.00000000E+0
1.80664062E-1	1.55429007E-5	1.55429007E-5	1.80664062E-1	0.00000000E+0	0.00000000E+0
1.83105469E-1	1.57516006E-5	1.57516006E-5	1.83105469E-1	0.00000000E+0	0.00000000E+0
1.85546875E-1	1.59627998E-5	1.59627998E-5	1.85546875E-1	0.00000000E+0	0.00000000E+0
1.87988281E-1	1.61790995E-5	1.61790995E-5	1.87988281E-1	0.00000000E+0	0.00000000E+0
1.90429687E-1	1.63827008E-5	1.63827008E-5	1.90429687E-1	0.00000000E+0	0.00000000E+0
1.92871094E-1	1.65887996E-5	1.65887996E-5	1.92871094E-1	0.00000000E+0	0.00000000E+0
1.95312500E-1	1.68177994E-5	1.68177994E-5	1.95312500E-1	0.00000000E+0	0.00000000E+0
1.97753906E-1	1.70163003E-5	1.70163003E-5	1.97753906E-1	0.00000000E+0	0.00000000E+0
2.00195312E-1	1.72377004E-5	1.72377004E-5	2.00195312E-1	0.00000000E+0	0.00000000E+0
2.02636719E-1	1.74284996E-5	1.74284996E-5	2.02636719E-1	0.00000000E+0	0.00000000E+0
2.05078125E-1	1.76525009E-5	1.76525009E-5	2.05078125E-1	0.00000000E+0	0.00000000E+0
2.07519531E-1	1.78560003E-5	1.78560003E-5	2.07519531E-1	0.00000000E+0	0.00000000E+0
2.09960937E-1	1.80647003E-5	1.80647003E-5	2.09960937E-1	0.00000000E+0	0.00000000E+0
2.12402344E-1	1.82682998E-5	1.82682998E-5	2.12402344E-1	0.00000000E+0	0.00000000E+0
2.14843750E-1	1.84921992E-5	1.84921992E-5	2.14843750E-1	0.00000000E+0	0.00000000E+0
2.17285156E-1	1.86958005E-5	1.86958005E-5	2.17285156E-1	0.00000000E+0	0.00000000E+0
2.19726562E-1	1.89095008E-5	1.89095008E-5	2.19726562E-1	0.00000000E+0	0.00000000E+0
2.22167969E-1	1.91117997E-5	1.91117997E-5	2.22167969E-1	0.00000000E+0	0.00000000E+0
2.24609375E-1	1.93242995E-5	1.93242995E-5	2.24609375E-1	0.00000000E+0	0.00000000E+0
2.27050781E-1	1.95329994E-5	1.95329994E-5	2.27050781E-1	0.00000000E+0	0.00000000E+0
2.29492187E-1	1.97531008E-5	1.97531008E-5	2.29492187E-1	0.00000000E+0	0.00000000E+0
2.31933594E-1	1.99478000E-5	1.99478000E-5	2.31933594E-1	0.00000000E+0	0.00000000E+0
2.34375000E-1	2.01513994E-5	2.01513994E-5	2.34375000E-1	0.00000000E+0	0.00000000E+0
2.36816406E-1	2.03599993E-5	2.03599993E-5	2.36816406E-1	0.00000000E+0	0.00000000E+0
2.39257812E-1	2.05712004E-5	2.05712004E-5	2.39257812E-1	0.00000000E+0	0.00000000E+0
2.41699219E-1	2.07723006E-5	2.07723006E-5	2.41699219E-1	0.00000000E+0	0.00000000E+0
2.44140625E-1	2.09962000E-5	2.09962000E-5	2.44140625E-1	0.00000000E+0	0.00000000E+0
2.46582031E-1	2.11819006E-5	2.11819006E-5	2.46582031E-1	0.00000000E+0	0.00000000E+0
2.49023437E-1	2.14021002E-5	2.14021002E-5	2.49023437E-1	0.00000000E+0	0.00000000E+0
2.51464844E-1	2.16069002E-5	2.16069002E-5	2.51464844E-1	0.00000000E+0	0.00000000E+0
2.53906250E-1	2.18180994E-5	2.18180994E-5	2.53906250E-1	0.00000000E+0	0.00000000E+0
2.56347656E-1	2.20242000E-5	2.20242000E-5	2.56347656E-1	0.00000000E+0	0.00000000E+0
2.58789062E-1	2.22265007E-5	2.22265007E-5	2.58789062E-1	0.00000000E+0	0.00000000E+0
2.61230469E-1	2.24364994E-5	2.24364994E-5	2.61230469E-1	0.00000000E+0	0.00000000E+0
2.63671875E-1	2.26501998E-5	2.26501998E-5	2.63671875E-1	0.00000000E+0	0.00000000E+0
2.66113281E-1	2.28563003E-5	2.28563003E-5	2.66113281E-1	0.00000000E+0	0.00000000E+0
2.68554687E-1	2.30586993E-5	2.30586993E-5	2.68554687E-1	0.00000000E+0	0.00000000E+0
2.70996094E-1	2.32533002E-5	2.32533002E-5	2.70996094E-1	0.00000000E+0	0.00000000E+0
2.73437500E-1	2.34823001E-5	2.34823001E-5	2.73437500E-1	0.00000000E+0	0.00000000E+0
2.75878906E-1	2.36961005E-5	2.36961005E-5	2.75878906E-1	0.00000000E+0	0.00000000E+0
2.78320312E-1	2.38818993E-5	2.38818993E-5	2.78320312E-1	0.00000000E+0	0.00000000E+0
2.80761719E-1	2.41007001E-5	2.41007001E-5	2.80761719E-1	0.00000000E+0	0.00000000E+0
2.83203125E-1	2.43221002E-5	2.43221002E-5	2.83203125E-1	0.00000000E+0	0.00000000E+0
2.85644531E-1	2.45052997E-5	2.45052997E-5	2.85644531E-1	0.00000000E+0	0.00000000E+0
2.88085937E-1	2.47191001E-5	2.47191001E-5	2.88085937E-1	0.00000000E+0	0.00000000E+0
2.90527344E-1	2.49252007E-5	2.49252007E-5	2.90527344E-1	0.00000000E+0	0.00000000E+0
2.92968750E-1	2.51388992E-5	2.51388992E-5	2.92968750E-1	0.00000000E+0	0.00000000E+0
2.95410156E-1	2.53602993E-5	2.53602993E-5	2.95410156E-1	0.00000000E+0	0.00000000E+0
2.97851562E-1	2.55663999E-5	2.55663999E-5	2.97851562E-1	0.00000000E+0	0.00000000E+0
3.00292969E-1	2.57649008E-5	2.57649008E-5	3.00292969E-1	0.00000000E+0	0.00000000E+0
3.02734375E-1	2.59709996E-5	2.59709996E-5	3.02734375E-1	0.00000000E+0	0.00000000E+0
3.05175781E-1	2.61847999E-5	2.61847999E-5	3.05175781E-1	0.00000000E+0	0.00000000E+0
3.07617187E-1	2.64062000E-5	2.64062000E-5	3.07617187E-1	0.00000000E+0	0.00000000E+0
3.10058594E-1	2.66238003E-5	2.66238003E-5	3.10058594E-1	0.00000000E+0	0.00000000E+0
3.12500000E-1	2.68260992E-5	2.68260992E-5	3.12500000E-1	0.00000000E+0	0.00000000E+0
3.14941406E-1	2.70397995E-5	2.70397995E-5	3.14941406E-1	0.00000000E+0	0.00000000E+0
3.17382812E-1	2.72611996E-5	2.72611996E-5	3.17382812E-1	0.00000000E+0	0.00000000E+0
3.19824219E-1	2.74559006E-5	2.74559006E-5	3.19824219E-1	0.00000000E+0	0.00000000E+0
3.22265625E-1	2.76887004E-5	2.76887004E-5	3.22265625E-1	0.00000000E+0	0.00000000E+0
3.24707031E-1	2.78947991E-5	2.78947991E-5	3.24707031E-1	0.00000000E+0	0.00000000E+0
3.27148437E-1	2.81085995E-5	2.81085995E-5	3.27148437E-1	0.00000000E+0	0.00000000E+0
3.29589844E-1	2.83147001E-5	2.83147001E-5	3.29589844E-1	0.00000000E+0	0.00000000E+0
3.32031250E-1	2.85474998E-5	2.85474998E-5	3.32031250E-1	0.00000000E+0	0.00000000E+0
3.34472656E-1	2.87651001E-5	2.87651001E-5	3.34472656E-1	0.00000000E+0	0.00000000E+0
3.36914062E-1	2.89789004E-5	2.89789004E-5	3.36914062E-1	0.00000000E+0	0.00000000E+0
3.39355469E-1	2.91926008E-5	2.91926008E-5	3.39355469E-1	0.00000000E+0	0.00000000E+0
3.41796875E-1	2.94216006E-5	2.94216006E-5	3.41796875E-1	0.00000000E+0	0.00000000E+0
3.44238281E-1	2.96430007E-5	2.96430007E-5	3.44238281E-1	0.00000000E+0	0.00000000E+0
3.46679687E-1	2.98873001E-5	2.98873001E-5	3.46679687E-1	0.00000000E+0	0.00000000E+0
3.49121094E-1	3.01011005E-5	3.01011005E-5	3.49121094E-1	0.00000000E+0	0.00000000E+0
3.51562500E-1	3.03148008E-5	3.03148008E-5	3.51562500E-1	0.00000000E+0	0.00000000E+0
3.54003906E-1	3.05590984E-5	3.05590984E-5	3.54003906E-1	0.00000000E+0	0.00000000E+0
3.56445312E-1	3.07652008E-5	3.07652008E-5	3.56445312E-1	0.00000000E+0	0.00000000E+0
3.58886719E-1	3.09712996E-5	3.09712996E-5	3.58886719E-1	0.00000000E+0	0.00000000E+0
3.61328125E-1	3.12004013E-5	3.12004013E-5	3.61328125E-1	0.00000000E+0	0.00000000E+0
3.63769531E-1	3.14218014E-5	3.14218014E-5	3.63769531E-1	0.00000000E+0	0.00000000E+0
3.66210937E-1	3.16354999E-5	3.16354999E-5	3.66210937E-1	0.00000000E+0	0.00000000E+0
3.68652344E-1	3.18493003E-5	3.18493003E-5	3.68652344E-1	0.00000000E+0	0.00000000E+0
3.71093750E-1	3.20783001E-5	3.20783001E-5	3.71093750E-1	0.00000000E+0	0.00000000E+0
3.73535156E-1	3.22997003E-5	3.22997003E-5	3.73535156E-1	0.00000000E+0	0.00000000E+0
3.75976562E-1	3.25133988E-5	3.25133988E-5	3.75976562E-1	0.00000000E+0	0.00000000E+0
3.78417969E-1	3.27271991E-5	3.27271991E-5	3.78417969E-1	0.00000000E+0	0.00000000E+0
3.80859375E-1	3.29294999E-5	3.29294999E-5	3.80859375E-1	0.00000000E+0	0.00000000E+0
3.83300781E-1	3.31470983E-5	3.31470983E-5	3.83300781E-1	0.00000000E+0	0.00000000E+0
3.85742187E-1	3.33684002E-5	3.33684002E-5	3.85742187E-1	0.00000000E+0	0.00000000E+0
3.88183594E-1	3.35746008E-5	3.35746008E-5	3.88183594E-1	0.00000000E+0	0.00000000E+0
3.90625000E-1	3.37958991E-5	3.37958991E-5	3.90625000E-1	0.00000000E+0	0.00000000E+0
3.93066406E-1	3.40096994E-5	3.40096994E-5	3.93066406E-1	0.00000000E+0	0.00000000E+0
3.95507812E-1	3.42349012E-5	3.42349012E-5	3.95507812E-1	0.00000000E+0	0.00000000E+0
3.97949219E-1	3.44487016E-5	3.44487016E-5	3.97949219E-1	0.00000000E+0	0.00000000E+0
4.00390625E-1	3.46509987E-5	3.46509987E-5	4.00390625E-1	0.00000000E+0	0.00000000E+0
4.02832031E-1	3.48799986E-5	3.48799986E-5	4.02832031E-1	0.00000000E+0	0.00000000E+0
4.05273437E-1	3.51089984E-5	3.51089984E-5	4.05273437E-1	0.00000000E+0	0.00000000E+0
4.07714844E-1	3.53075011E-5	3.53075011E-5	4.07714844E-1	0.00000000E+0	0.00000000E+0
4.10156250E-1	3.55250995E-5	3.55250995E-5	4.10156250E-1	0.00000000E+0	0.00000000E+0
4.12597656E-1	3.57388017E-5	3.57388017E-5	4.12597656E-1	0.00000000E+0	0.00000000E+0
4.15039062E-1	3.59564001E-5	3.59564001E-5	4.15039062E-1	0.00000000E+0	0.00000000E+0
4.17480469E-1	3.61472012E-5	3.61472012E-5	4.17480469E-1	0.00000000E+0	0.00000000E+0
4.19921875E-1	3.63610015E-5	3.63610015E-5	4.19921875E-1	0.00000000E+0	0.00000000E+0
4.22363281E-1	3.65747001E-5	3.65747001E-5	4.22363281E-1	0.00000000E+0	0.00000000E+0
4.24804687E-1	3.68075998E-5	3.68075998E-5	4.24804687E-1	0.00000000E+0	0.00000000E+0
4.27246094E-1	3.70021990E-5	3.70021990E-5	4.27246094E-1	0.00000000E+0	0.00000000E+0
4.29687500E-1	3.72235991E-5	3.72235991E-5	4.29687500E-1	0.00000000E+0	0.00000000E+0
4.32128906E-1	3.74373994E-5	3.74373994E-5	4.32128906E-1	0.00000000E+0	0.00000000E+0
4.34570312E-1	3.76434982E-5	3.76434982E-5	4.34570312E-1	0.00000000E+0	0.00000000E+0
4.37011719E-1	3.78572986E-5	3.78572986E-5	4.37011719E-1	0.00000000E+0	0.00000000E+0
4.39453125E-1	3.80786005E-5	3.80786005E-5	4.39453125E-1	0.00000000E+0	0.00000000E+0
4.41894531E-1	3.82848011E-5	3.82848011E-5	4.41894531E-1	0.00000000E+0	0.00000000E+0
4.44335937E-1	3.84812993E-5	3.84812993E-5	4.44335937E-1	0.00000000E+0	0.00000000E+0
4.46777344E-1	3.87198997E-5	3.87198997E-5	4.46777344E-1	0.00000000E+0	0.00000000E+0
4.49218750E-1	3.89222005E-5	3.89222005E-5	4.49218750E-1	0.00000000E+0	0.00000000E+0
4.51660156E-1	3.91473986E-5	3.91473986E-5	4.51660156E-1	0.00000000E+0	0.00000000E+0
4.54101562E-1	3.93763985E-5	3.93763985E-5	4.54101562E-1	0.00000000E+0	0.00000000E+0
4.56542969E-1	3.95673014E-5	3.95673014E-5	4.56542969E-1	0.00000000E+0	0.00000000E+0
4.58984375E-1	3.98191987E-5	3.98191987E-5	4.58984375E-1	0.00000000E+0	0.00000000E+0
4.61425781E-1	4.00329991E-5	4.00329991E-5	4.61425781E-1	0.00000000E+0	0.00000000E+0
4.63867187E-1	4.02773003E-5	4.02773003E-5	4.63867187E-1	0.00000000E+0	0.00000000E+0
4.66308594E-1	4.05214996E-5	4.05214996E-5	4.66308594E-1	0.00000000E+0	0.00000000E+0
4.68750000E-1	4.07963998E-5	4.07963998E-5	4.68750000E-1	0.00000000E+0	0.00000000E+0
4.71191406E-1	4.10329994E-5	4.10329994E-5	4.71191406E-1	0.00000000E+0	0.00000000E+0
4.73632812E-1	4.12849004E-5	4.12849004E-5	4.73632812E-1	0.00000000E+0	0.00000000E+0
4.76074219E-1	4.15216018E-5	4.15216018E-5	4.76074219E-1	0.00000000E+0	0.00000000E+0
4.78515625E-1	4.17429983E-5	4.17429983E-5	4.78515625E-1	0.00000000E+0	0.00000000E+0
4.80957031E-1	4.19700991E-5	4.19700991E-5	4.80957031E-1	0.00000000E+0	0.00000000E+0
4.83398437E-1	4.21933983E-5	4.21933983E-5	4.83398437E-1	0.00000000E+0	0.00000000E+0
4.85839844E-1	4.24147984E-5	4.24147984E-5	4.85839844E-1	0.00000000E+0	0.00000000E+0
4.88281250E-1	4.26381011E-5	4.26381011E-5	4.88281250E-1	0.00000000E+0	0.00000000E+0
4.90722656E-1	4.28441999E-5	4.28441999E-5	4.90722656E-1	0.00000000E+0	0.00000000E+0
4.93164062E-1	4.30941982E-5	4.30941982E-5	4.93164062E-1	0.00000000E+0	0.00000000E+0
4.90722656E-1	4.28690000E-5	4.28690000E-5	4.90722656E-1	0.00000000E+0	0.00000000E+0
4.88281250E-1	4.26381011E-5	4.26381011E-5	4.88281250E-1	0.00000000E+0	0.00000000E+0
4.85839844E-1	4.24147984E-5	4.24147984E-5	4.85839844E-1	0.00000000E+0	0.00000000E+0
4.83398437E-1	4.21933983E-5	4.21933983E-5	4.83398437E-1	0.00000000E+0	0.00000000E+0
4.80957031E-1	4.19700991E-5	4.19700991E-5	4.80957031E-1	0.00000000E+0	0.00000000E+0
4.78515625E-1	4.17429983E-5	4.17429983E-5	4.78515625E-1	0.00000000E+0	0.00000000E+0
4.76074219E-1	4.14911010E-5	4.14911010E-5	4.76074219E-1	0.00000000E+0	0.00000000E+0
4.73632812E-1	4.12849004E-5	4.12849004E-5	4.73632812E-1	0.00000000E+0	0.00000000E+0
4.71191406E-1	4.10100984E-5	4.10100984E-5	4.71191406E-1	0.00000000E+0	0.00000000E+0
4.68750000E-1	4.07963998E-5	4.07963998E-5	4.68750000E-1	0.00000000E+0	0.00000000E+0
4.66308594E-1	4.05214996E-5	4.05214996E-5	4.66308594E-1	0.00000000E+0	0.00000000E+0
4.63867187E-1	4.02773003E-5	4.02773003E-5	4.63867187E-1	0.00000000E+0	0.00000000E+0
4.61425781E-1	4.00329991E-5	4.00329991E-5	4.61425781E-1	0.00000000E+0	0.00000000E+0
4.58984375E-1	3.98191987E-5	3.98191987E-5	4.58984375E-1	0.00000000E+0	0.00000000E+0
4.56542969E-1	3.95673014E-5	3.95673014E-5	4.56542969E-1	0.00000000E+0	0.00000000E+0
4.54101562E-1	3.93763985E-5	3.93763985E-5	4.54101562E-1	0.00000000E+0	0.00000000E+0
4.51660156E-1	3.91665017E-5	3.91665017E-5	4.51660156E-1	0.00000000E+0	0.00000000E+0
4.49218750E-1	3.89222005E-5	3.89222005E-5	4.49218750E-1	0.00000000E+0	0.00000000E+0
4.46777344E-1	3.87198997E-5	3.87198997E-5	4.46777344E-1	0.00000000E+0	0.00000000E+0
4.44335937E-1	3.85062012E-5	3.85062012E-5	4.44335937E-1	0.00000000E+0	0.00000000E+0
4.41894531E-1	3.82848011E-5	3.82848011E-5	4.41894531E-1	0.00000000E+0	0.00000000E+0
4.39453125E-1	3.80786005E-5	3.80786005E-5	4.39453125E-1	0.00000000E+0	0.00000000E+0
4.37011719E-1	3.78572986E-5	3.78572986E-5	4.37011719E-1	0.00000000E+0	0.00000000E+0
4.34570312E-1	3.76434982E-5	3.76434982E-5	4.34570312E-1	0.00000000E+0	0.00000000E+0
4.32128906E-1	3.74373994E-5	3.74373994E-5	4.32128906E-1	0.00000000E+0	0.00000000E+0
4.29687500E-1	3.72235991E-5	3.72235991E-5	4.29687500E-1	0.00000000E+0	0.00000000E+0
4.27246094E-1	3.70021990E-5	3.70021990E-5	4.27246094E-1	0.00000000E+0	0.00000000E+0
4.24804687E-1	3.68075998E-5	3.68075998E-5	4.24804687E-1	0.00000000E+0	0.00000000E+0
4.22363281E-1	3.65747001E-5	3.65747001E-5	4.22363281E-1	0.00000000E+0	0.00000000E+0
4.19921875E-1	3.63610015E-5	3.63610015E-5	4.19921875E-1	0.00000000E+0	0.00000000E+0
4.17480469E-1	3.61472012E-5	3.61472012E-5	4.17480469E-1	0.00000000E+0	0.00000000E+0
4.15039062E-1	3.59410988E-5	3.59410988E-5	4.15039062E-1	0.00000000E+0	0.00000000E+0
4.12597656E-1	3.57196986E-5	3.57196986E-5	4.12597656E-1	0.00000000E+0	0.00000000E+0
4.10156250E-1	3.55250995E-5	3.55250995E-5	4.10156250E-1	0.00000000E+0	0.00000000E+0
4.07714844E-1	3.52921998E-5	3.52921998E-5	4.07714844E-1	0.00000000E+0	0.00000000E+0
4.05273437E-1	3.50861010E-5	3.50861010E-5	4.05273437E-1	0.00000000E+0	0.00000000E+0
4.02832031E-1	3.48647009E-5	3.48647009E-5	4.02832031E-1	0.00000000E+0	0.00000000E+0
4.00390625E-1	3.46509987E-5	3.46509987E-5	4.00390625E-1	0.00000000E+0	0.00000000E+0
3.97949219E-1	3.44487016E-5	3.44487016E-5	3.97949219E-1	0.00000000E+0	0.00000000E+0
3.95507812E-1	3.42349012E-5	3.42349012E-5	3.95507812E-1	0.00000000E+0	0.00000000E+0
3.93066406E-1	3.39944017E-5	3.39944017E-5	3.93066406E-1	0.00000000E+0	0.00000000E+0
3.90625000E-1	3.37958991E-5	3.37958991E-5	3.90625000E-1	0.00000000E+0	0.00000000E+0
3.88183594E-1	3.35746008E-5	3.35746008E-5	3.88183594E-1	0.00000000E+0	0.00000000E+0
3.85742187E-1	3.33684002E-5	3.33684002E-5	3.85742187E-1	0.00000000E+0	0.00000000E+0
3.83300781E-1	3.31470983E-5	3.31470983E-5	3.83300781E-1	0.00000000E+0	0.00000000E+0
3.80859375E-1	3.29294999E-5	3.29294999E-5	3.80859375E-1	0.00000000E+0	0.00000000E+0
3.78417969E-1	3.27271991E-5	3.27271991E-5	3.78417969E-1	0.00000000E+0	0.00000000E+0
3.75976562E-1	3.25133988E-5	3.25133988E-5	3.75976562E-1	0.00000000E+0	0.00000000E+0
3.73535156E-1	3.22997003E-5	3.22997003E-5	3.73535156E-1	0.00000000E+0	0.00000000E+0
3.71093750E-1	3.20783001E-5	3.20783001E-5	3.71093750E-1	0.00000000E+0	0.00000000E+0
3.68652344E-1	3.18493003E-5	3.18493003E-5	3.68652344E-1	0.00000000E+0	0.00000000E+0
3.66210937E-1	3.16354999E-5	3.16354999E-5	3.66210937E-1	0.00000000E+0	0.00000000E+0
3.63769531E-1	3.14218014E-5	3.14218014E-5	3.63769531E-1	0.00000000E+0	0.00000000E+0
3.61328125E-1	3.12004013E-5	3.12004013E-5	3.61328125E-1	0.00000000E+0	0.00000000E+0
3.58886719E-1	3.09712996E-5	3.09712996E-5	3.58886719E-1	0.00000000E+0	0.00000000E+0
3.56445312E-1	3.07652008E-5	3.07652008E-5	3.56445312E-1	0.00000000E+0	0.00000000E+0
3.54003906E-1	3.05590984E-5	3.05590984E-5	3.54003906E-1	0.00000000E+0	0.00000000E+0
3.51562500E-1	3.03377001E-5	3.03377001E-5	3.51562500E-1	0.00000000E+0	0.00000000E+0
3.49121094E-1	3.01011005E-5	3.01011005E-5	3.49121094E-1	0.00000000E+0	0.00000000E+0
3.46679687E-1	2.98987998E-5	2.98987998E-5	3.46679687E-1	0.00000000E+0	0.00000000E+0
3.44238281E-1	2.96430007E-5	2.96430007E-5	3.44238281E-1	0.00000000E+0	0.00000000E+0
3.41796875E-1	2.94216006E-5	2.94216006E-5	3.41796875E-1	0.00000000E+0	0.00000000E+0
3.39355469E-1	2.91926008E-5	2.91926008E-5	3.39355469E-1	0.00000000E+0	0.00000000E+0
3.36914062E-1	2.89789004E-5	2.89789004E-5	3.36914062E-1	0.00000000E+0	0.00000000E+0
3.34472656E-1	2.87651001E-5	2.87651001E-5	3.34472656E-1	0.00000000E+0	0.00000000E+0
3.32031250E-1	2.85474998E-5	2.85474998E-5	3.32031250E-1	0.00000000E+0	0.00000000E+0
3.29589844E-1	2.83147001E-5	2.83147001E-5	3.29589844E-1	0.00000000E+0	0.00000000E+0
3.27148437E-1	2.81085995E-5	2.81085995E-5	3.27148437E-1	0.00000000E+0	0.00000000E+0
3.24707031E-1	2.78947991E-5	2.78947991E-5	3.24707031E-1	0.00000000E+0	0.00000000E+0
3.22265625E-1	2.76887004E-5	2.76887004E-5	3.22265625E-1	0.00000000E+0	0.00000000E+0
3.19824219E-1	2.74559006E-5	2.74559006E-5	3.19824219E-1	0.00000000E+0	0.00000000E+0
3.17382812E-1	2.72611996E-5	2.72611996E-5	3.17382812E-1	0.00000000E+0	0.00000000E+0
3.14941406E-1	2.70397995E-5	2.70397995E-5	3.14941406E-1	0.00000000E+0	0.00000000E+0
3.12500000E-1	2.68375006E-5	2.68375006E-5	3.12500000E-1	0.00000000E+0	0.00000000E+0
3.10058594E-1	2.66238003E-5	2.66238003E-5	3.10058594E-1	0.00000000E+0	0.00000000E+0
3.07617187E-1	2.64062000E-5	2.64062000E-5	3.07617187E-1	0.00000000E+0	0.00000000E+0
3.05175781E-1	2.61847999E-5	2.61847999E-5	3.05175781E-1	0.00000000E+0	0.00000000E+0
3.02734375E-1	2.59709996E-5	2.59709996E-5	3.02734375E-1	0.00000000E+0	0.00000000E+0
3.00292969E-1	2.57649008E-5	2.57649008E-5	3.00292969E-1	0.00000000E+0	0.00000000E+0
2.97851562E-1	2.55663999E-5	2.55663999E-5	2.97851562E-1	0.00000000E+0	0.00000000E+0
2.95410156E-1	2.53602993E-5	2.53602993E-5	2.95410156E-1	0.00000000E+0	0.00000000E+0
2.92968750E-1	2.51388992E-5	2.51388992E-5	2.92968750E-1	0.00000000E+0	0.00000000E+0
2.90527344E-1	2.49404002E-5	2.49404002E-5	2.90527344E-1	0.00000000E+0	0.00000000E+0
2.88085937E-1	2.47191001E-5	2.47191001E-5	2.88085937E-1	0.00000000E+0	0.00000000E+0
2.85644531E-1	2.45052997E-5	2.45052997E-5	2.85644531E-1	0.00000000E+0	0.00000000E+0
2.83203125E-1	2.43221002E-5	2.43221002E-5	2.83203125E-1	0.00000000E+0	0.00000000E+0
2.80761719E-1	2.41007001E-5	2.41007001E-5	2.80761719E-1	0.00000000E+0	0.00000000E+0
2.78320312E-1	2.38945995E-5	2.38945995E-5	2.78320312E-1	0.00000000E+0	0.00000000E+0
2.75878906E-1	2.36961005E-5	2.36961005E-5	2.75878906E-1	0.00000000E+0	0.00000000E+0
2.73437500E-1	2.34823001E-5	2.34823001E-5	2.73437500E-1	0.00000000E+0	0.00000000E+0
2.70996094E-1	2.32533002E-5	2.32533002E-5	2.70996094E-1	0.00000000E+0	0.00000000E+0
2.68554687E-1	2.30701007E-5	2.30701007E-5	2.68554687E-1	0.00000000E+0	0.00000000E+0
2.66113281E-1	2.28563003E-5	2.28563003E-5	2.66113281E-1	0.00000000E+0	0.00000000E+0
2.63671875E-1	2.26501998E-5	2.26501998E-5	2.63671875E-1	0.00000000E+0	0.00000000E+0
2.61230469E-1	2.24364994E-5	2.24364994E-5	2.61230469E-1	0.00000000E+0	0.00000000E+0
2.58789062E-1	2.22265007E-5	2.22265007E-5	2.58789062E-1	0.00000000E+0	0.00000000E+0
2.56347656E-1	2.20242000E-5	2.20242000E-5	2.56347656E-1	0.00000000E+0	0.00000000E+0
2.53906250E-1	2.18180994E-5	2.18180994E-5	2.53906250E-1	0.00000000E+0	0.00000000E+0
2.51464844E-1	2.16170993E-5	2.16170993E-5	2.51464844E-1	0.00000000E+0	0.00000000E+0
2.49023437E-1	2.14021002E-5	2.14021002E-5	2.49023437E-1	0.00000000E+0	0.00000000E+0
2.46582031E-1	2.11947008E-5	2.11947008E-5	2.46582031E-1	0.00000000E+0	0.00000000E+0
2.44140625E-1	2.09962000E-5	2.09962000E-5	2.44140625E-1	0.00000000E+0	0.00000000E+0
2.41699219E-1	2.07723006E-5	2.07723006E-5	2.41699219E-1	0.00000000E+0	0.00000000E+0
2.39257812E-1	2.05712004E-5	2.05712004E-5	2.39257812E-1	0.00000000E+0	0.00000000E+0
2.36816406E-1	2.03599993E-5	2.03599993E-5	2.36816406E-1	0.00000000E+0	0.00000000E+0
2.34375000E-1	2.01615003E-5	2.01615003E-5	2.34375000E-1	0.00000000E+0	0.00000000E+0
2.31933594E-1	1.99478000E-5	1.99478000E-5	2.31933594E-1	0.00000000E+0	0.00000000E+0
2.29492187E-1	1.97531008E-5	1.97531008E-5	2.29492187E-1	0.00000000E+0	0.00000000E+0
2.27050781E-1	1.95329994E-5	1.95329994E-5	2.27050781E-1	0.00000000E+0	0.00000000E+0
2.24609375E-1	1.93242995E-5	1.93242995E-5	2.24609375E-1	0.00000000E+0	0.00000000E+0
2.22167969E-1	1.91117997E-5	1.91117997E-5	2.22167969E-1	0.00000000E+0	0.00000000E+0
2.19726562E-1	1.89095008E-5	1.89095008E-5	2.19726562E-1	0.00000000E+0	0.00000000E+0
2.17285156E-1	1.87111000E-5	1.87111000E-5	2.17285156E-1	0.00000000E+0	0.00000000E+0
2.14843750E-1	1.85024001E-5	1.85024001E-5	2.14843750E-1	0.00000000E+0	0.00000000E+0
2.12402344E-1	1.82835993E-5	1.82835993E-5	2.12402344E-1	0.00000000E+0	0.00000000E+0
2.09960937E-1	1.80748993E-5	1.80748993E-5	2.09960937E-1	0.00000000E+0	0.00000000E+0
2.07519531E-1	1.78712999E-5	1.78712999E-5	2.07519531E-1	0.00000000E+0	0.00000000E+0
2.05078125E-1	1.76651993E-5	1.76651993E-5	2.05078125E-1	0.00000000E+0	0.00000000E+0
2.02636719E-1	1.74514007E-5	1.74514007E-5	2.02636719E-1	0.00000000E+0	0.00000000E+0
2.00195312E-1	1.72377004E-5	1.72377004E-5	2.00195312E-1	0.00000000E+0	0.00000000E+0
1.97753906E-1	1.70258008E-5	1.70258008E-5	1.97753906E-1	0.00000000E+0	0.00000000E+0
1.95312500E-1	1.68177994E-5	1.68177994E-5	1.95312500E-1	0.00000000E+0	0.00000000E+0
1.92871094E-1	1.65887996E-5	1.65887996E-5	1.92871094E-1	0.00000000E+0	0.00000000E+0
1.90429687E-1	1.63827008E-5	1.63827008E-5	1.90429687E-1	0.00000000E+0	0.00000000E+0
1.87988281E-1	1.61790995E-5	1.61790995E-5	1.87988281E-1	0.00000000E+0	0.00000000E+0
1.85546875E-1	1.59627998E-5	1.59627998E-5	1.85546875E-1	0.00000000E+0	0.00000000E+0
1.83105469E-1	1.57516006E-5	1.57516006E-5	1.83105469E-1	0.00000000E+0	0.00000000E+0
1.80664062E-1	1.55506004E-5	1.55506004E-5	1.80664062E-1	0.00000000E+0	0.00000000E+0
1.78222656E-1	1.53393994E-5	1.53393994E-5	1.78222656E-1	0.00000000E+0	0.00000000E+0
1.75781250E-1	1.51326003E-5	1.51326003E-5	1.75781250E-1	0.00000000E+0	0.00000000E+0
1.73339844E-1	1.49169000E-5	1.49169000E-5	1.73339844E-1	0.00000000E+0	0.00000000E+0
1.70898437E-1	1.47031997E-5	1.47031997E-5	1.70898437E-1	0.00000000E+0	0.00000000E+0
1.68457031E-1	1.44875003E-5	1.44875003E-5	1.68457031E-1	0.00000000E+0	0.00000000E+0
1.66015625E-1	1.42808003E-5	1.42808003E-5	1.66015625E-1	0.00000000E+0	0.00000000E+0
1.63574219E-1	1.40696002E-5	1.40696002E-5	1.63574219E-1	0.00000000E+0	0.00000000E+0
1.61132812E-1	1.38595997E-5	1.38595997E-5	1.61132812E-1	0.00000000E+0	0.00000000E+0
1.58691406E-1	1.36420003E-5	1.36420003E-5	1.58691406E-1	0.00000000E+0	0.00000000E+0
1.56250000E-1	1.34493002E-5	1.34493002E-5	1.56250000E-1	0.00000000E+0	0.00000000E+0
1.53808594E-1	1.32373998E-5	1.32373998E-5	1.53808594E-1	0.00000000E+0	0.00000000E+0
1.51367187E-1	1.30168000E-5	1.30168000E-5	1.51367187E-1	0.00000000E+0	0.00000000E+0
1.48925781E-1	1.28042002E-5	1.28042002E-5	1.48925781E-1	0.00000000E+0	0.00000000E+0
1.46484375E-1	1.25944998E-5	1.25944998E-5	1.46484375E-1	0.00000000E+0	0.00000000E+0
1.44042969E-1	1.23755999E-5	1.23755999E-5	1.44042969E-1	0.00000000E+0	0.00000000E+0
1.41601562E-1	1.21655003E-5	1.21655003E-5	1.41601562E-1	0.00000000E+0	0.00000000E+0
1.39160156E-1	1.19523002E-5	1.19523002E-5	1.39160156E-1	0.00000000E+0	0.00000000E+0
1.36718750E-1	1.17490999E-5	1.17490999E-5	1.36718750E-1	0.00000000E+0	0.00000000E+0
1.34277344E-1	1.15334997E-5	1.15334997E-5	1.34277344E-1	0.00000000E+0	0.00000000E+0
1.31835937E-1	1.13239003E-5	1.13239003E-5	1.31835937E-1	0.00000000E+0	0.00000000E+0
1.29394531E-1	1.11107001E-5	1.11107001E-5	1.29394531E-1	0.00000000E+0	0.00000000E+0
1.26953125E-1	1.09073999E-5	1.09073999E-5	1.26953125E-1	0.00000000E+0	0.00000000E+0
1.24511719E-1	1.06874004E-5	1.06874004E-5	1.24511719E-1	0.00000000E+0	0.00000000E+0
1.22070312E-1	1.04771998E-5	1.04771998E-5	1.22070312E-1	0.00000000E+0	0.00000000E+0
1.19628906E-1	1.02684999E-5	1.02684999E-5	1.19628906E-1	0.00000000E+0	0.00000000E+0
1.17187500E-1	1.00623001E-5	1.00623001E-5	1.17187500E-1	0.00000000E+0	0.00000000E+0
1.14746094E-1	9.83984955E-6	9.83984955E-6	1.14746094E-1	0.00000000E+0	0.00000000E+0
1.12304687E-1	9.63301045E-6	9.63301045E-6	1.12304687E-1	0.00000000E+0	0.00000000E+0
1.09863281E-1	9.41319013E-6	9.41319013E-6	1.09863281E-1	0.00000000E+0	0.00000000E+0
1.07421875E-1	9.21055016E-6	9.21055016E-6	1.07421875E-1	0.00000000E+0	0.00000000E+0
1.04980469E-1	8.99188035E-6	8.99188035E-6	1.04980469E-1	0.00000000E+0	0.00000000E+0
1.02539062E-1	8.78579976E-6	8.78579976E-6	1.02539062E-1	0.00000000E+0	0.00000000E+0
1.00097656E-1	8.56673978E-6	8.56673978E-6	1.00097656E-1	0.00000000E+0	0.00000000E+0
9.76562500E-2	8.36715026E-6	8.36715026E-6	9.76562500E-2	0.00000000E+0	0.00000000E+0
9.52148438E-2	8.14848045E-6	8.14848045E-6	9.52148438E-2	0.00000000E+0	0.00000000E+0
9.27734375E-2	7.93858999E-6	7.93858999E-6	9.27734375E-2	0.00000000E+0	0.00000000E+0
9.03320313E-2	7.72678959E-6	7.72678959E-6	9.03320313E-2	0.00000000E+0	0.00000000E+0
8.78906250E-2	7.52033020E-6	7.52033020E-6	8.78906250E-2	0.00000000E+0	0.00000000E+0
8.54492188E-2	7.30433021E-6	7.30433021E-6	8.54492188E-2	0.00000000E+0	0.00000000E+0
8.30078125E-2	7.09825008E-6	7.09825008E-6	8.30078125E-2	0.00000000E+0	0.00000000E+0
8.05664063E-2	6.88491991E-6	6.88491991E-6	8.05664063E-2	0.00000000E+0	0.00000000E+0
7.81250000E-2	6.67731001E-6	6.67731001E-6	7.81250000E-2	0.00000000E+0	0.00000000E+0
7.56835938E-2	6.46475019E-6	6.46475019E-6	7.56835938E-2	0.00000000E+0	0.00000000E+0
7.32421875E-2	6.25408984E-6	6.25408984E-6	7.32421875E-2	0.00000000E+0	0.00000000E+0
7.08007813E-2	6.03885019E-6	6.03885019E-6	7.08007813E-2	0.00000000E+0	0.00000000E+0
6.83593750E-2	5.82933990E-6	5.82933990E-6	6.83593750E-2	0.00000000E+0	0.00000000E+0
6.59179688E-2	5.61296019E-6	5.61296019E-6	6.59179688E-2	0.00000000E+0	0.00000000E+0
6.34765625E-2	5.40534984E-6	5.40534984E-6	6.34765625E-2	0.00000000E+0	0.00000000E+0
6.10351563E-2	5.19163996E-6	5.19163996E-6	6.10351563E-2	0.00000000E+0	0.00000000E+0
5.85937500E-2	4.98136978E-6	4.98136978E-6	5.85937500E-2	0.00000000E+0	0.00000000E+0
5.61523438E-2	4.76459991E-6	4.76459991E-6	5.61523438E-2	0.00000000E+0	0.00000000E+0
5.37109375E-2	4.55661984E-6	4.55661984E-6	5.37109375E-2	0.00000000E+0	0.00000000E+0
5.12695313E-2	4.34290996E-6	4.34290996E-6	5.12695313E-2	0.00000000E+0	0.00000000E+0
4.88281250E-2	4.13454018E-6	4.13454018E-6	4.88281250E-2	0.00000000E+0	0.00000000E+0
4.63867188E-2	3.91930007E-6	3.91930007E-6	4.63867188E-2	0.00000000E+0	0.00000000E+0
4.39453125E-2	3.71321994E-6	3.71321994E-6	4.39453125E-2	0.00000000E+0	0.00000000E+0
4.15039063E-2	3.49646007E-6	3.49646007E-6	4.15039063E-2	0.00000000E+0	0.00000000E+0
3.90625000E-2	3.29114005E-6	3.29114005E-6	3.90625000E-2	0.00000000E+0	0.00000000E+0
3.66210938E-2	3.07132996E-6	3.07132996E-6	3.66210938E-2	0.00000000E+0	0.00000000E+0
3.41796875E-2	2.86220006E-6	2.86220006E-6	3.41796875E-2	0.00000000E+0	0.00000000E+0
3.17382813E-2	2.64491996E-6	2.64491996E-6	3.17382813E-2	0.00000000E+0	0.00000000E+0
2.92968750E-2	2.43858995E-6	2.43858995E-6	2.92968750E-2	0.00000000E+0	0.00000000E+0
2.68554688E-2	2.22285007E-6	2.22285007E-6	2.68554688E-2	0.00000000E+0	0.00000000E+0
2.44140625E-2	2.01574994E-6	2.01574994E-6	2.44140625E-2	0.00000000E+0	0.00000000E+0
2.19726563E-2	1.79974995E-6	1.79974995E-6	2.19726563E-2	0.00000000E+0	0.00000000E+0
1.95312500E-2	1.59367005E-6	1.59367005E-6	1.95312500E-2	0.00000000E+0	0.00000000E+0
1.70898438E-2	1.37919994E-6	1.37919994E-6	1.70898438E-2	0.00000000E+0	0.00000000E+0
1.46484375E-2	1.17025002E-6	1.17025002E-6	1.46484375E-2	0.00000000E+0	0.00000000E+0
1.22070313E-2	9.55031055E-7	9.55031055E-7	1.22070313E-2	0.00000000E+0	0.00000000E+0
9.76562500E-3	7.47849981E-7	7.47849981E-7	9.76562500E-3	0.00000000E+0	0.00000000E+0
7.32421875E-3	5.32574973E-7	5.32574973E-7	7.32421875E-3	0.00000000E+0	0.00000000E+0
4.88281250E-3	3.25776000E-7	3.25776000E-7	4.88281250E-3	0.00000000E+0	0.00000000E+0
2.44140625E-3	1.15677999E-7	1.15677999E-7	2.44140625E-3	0.00000000E+0	0.00000000E+0
0.00000000E+0	-3.14311999E-9	-3.14311999E-9	0.00000000E+0	0.00000000E+0	0.00000000E+0
-2.44140625E-3	-2.65218006E-7	-2.65218006E-7	-2.44140625E-3	0.00000000E+0	0.00000000E+0
-4.88281250E-3	-4.86296983E-7	-4.86296983E-7	-4.88281250E-3	0.00000000E+0	0.00000000E+0
-7.32421875E-3	-7.15547003E-7	-7.15547003E-7	-7.32421875E-3	0.00000000E+0	0.00000000E+0
-9.76562500E-3	-9.36702975E-7	-9.36702975E-7	-9.76562500E-3	0.00000000E+0	0.00000000E+0
-1.22070313E-2	-1.16865999E-6	-1.16865999E-6	-1.22070313E-2	0.00000000E+0	0.00000000E+0
-1.46484375E-2	-1.39065003E-6	-1.39065003E-6	-1.46484375E-2	0.00000000E+0	0.00000000E+0
-1.70898438E-2	-1.61910998E-6	-1.61910998E-6	-1.70898438E-2	0.00000000E+0	0.00000000E+0
-1.95312500E-2	-1.83968996E-6	-1.83968996E-6	-1.95312500E-2	0.00000000E+0	0.00000000E+0
-2.19726563E-2	-2.07172002E-6	-2.07172002E-6	-2.19726563E-2	0.00000000E+0	0.00000000E+0
-2.44140625E-2	-2.29663010E-6	-2.29663010E-6	-2.44140625E-2	0.00000000E+0	0.00000000E+0
-2.68554688E-2	-2.52712994E-6	-2.52712994E-6	-2.68554688E-2	0.00000000E+0	0.00000000E+0
-2.92968750E-2	-2.75075990E-6	-2.75075990E-6	-2.92968750E-2	0.00000000E+0	0.00000000E+0
-3.17382813E-2	-2.98278997E-6	-2.98278997E-6	-3.17382813E-2	0.00000000E+0	0.00000000E+0
-3.41796875E-2	-3.20680010E-6	-3.20680010E-6	-3.41796875E-2	0.00000000E+0	0.00000000E+0
-3.66210938E-2	-3.43463989E-6	-3.43463989E-6	-3.66210938E-2	0.00000000E+0	0.00000000E+0
-3.90625000E-2	-3.65522010E-6	-3.65522010E-6	-3.90625000E-2	0.00000000E+0	0.00000000E+0
-4.15039063E-2	-3.89259003E-6	-3.89259003E-6	-4.15039063E-2	0.00000000E+0	0.00000000E+0
-4.39453125E-2	-4.11927022E-6	-4.11927022E-6	-4.39453125E-2	0.00000000E+0	0.00000000E+0
-4.63867188E-2	-4.35359016E-6	-4.35359016E-6	-4.63867188E-2	0.00000000E+0	0.00000000E+0
-4.88281250E-2	-4.57798978E-6	-4.57798978E-6	-4.88281250E-2	0.00000000E+0	0.00000000E+0
-5.12695313E-2	-4.81002007E-6	-4.81002007E-6	-5.12695313E-2	0.00000000E+0	0.00000000E+0
-5.37109375E-2	-5.03593992E-6	-5.03593992E-6	-5.37109375E-2	0.00000000E+0	0.00000000E+0
-5.61523438E-2	-5.26263011E-6	-5.26263011E-6	-5.61523438E-2	0.00000000E+0	0.00000000E+0
-5.85937500E-2	-5.48854996E-6	-5.48854996E-6	-5.85937500E-2	0.00000000E+0	0.00000000E+0
-6.10351563E-2	-5.72134013E-6	-5.72134013E-6	-6.10351563E-2	0.00000000E+0	0.00000000E+0
-6.34765625E-2	-5.94725998E-6	-5.94725998E-6	-6.34765625E-2	0.00000000E+0	0.00000000E+0
-6.59179688E-2	-6.17928981E-6	-6.17928981E-6	-6.59179688E-2	0.00000000E+0	0.00000000E+0
-6.83593750E-2	-6.39872997E-6	-6.39872997E-6	-6.83593750E-2	0.00000000E+0	0.00000000E+0
-7.08007813E-2	-6.63266019E-6	-6.63266019E-6	-7.08007813E-2	0.00000000E+0	0.00000000E+0
-7.32421875E-2	-6.85323994E-6	-6.85323994E-6	-7.32421875E-2	0.00000000E+0	0.00000000E+0
-7.56835938E-2	-7.08221978E-6	-7.08221978E-6	-7.56835938E-2	0.00000000E+0	0.00000000E+0
-7.81250000E-2	-7.30546981E-6	-7.30546981E-6	-7.81250000E-2	0.00000000E+0	0.00000000E+0
-8.05664063E-2	-7.54092980E-6	-7.54092980E-6	-8.05664063E-2	0.00000000E+0	0.00000000E+0
-8.30078125E-2	-7.76417983E-6	-7.76417983E-6	-8.30078125E-2	0.00000000E+0	0.00000000E+0
-8.54492188E-2	-7.99469035E-6	-7.99469035E-6	-8.54492188E-2	0.00000000E+0	0.00000000E+0
-8.78906250E-2	-8.22060974E-6	-8.22060974E-6	-8.78906250E-2	0.00000000E+0	0.00000000E+0
-9.03320313E-2	-8.45454997E-6	-8.45454997E-6	-9.03320313E-2	0.00000000E+0	0.00000000E+0
-9.27734375E-2	-8.67436029E-6	-8.67436029E-6	-9.27734375E-2	0.00000000E+0	0.00000000E+0
-9.52148438E-2	-8.90537012E-6	-8.90537012E-6	-9.52148438E-2	0.00000000E+0	0.00000000E+0
-9.76562500E-2	-9.13041004E-6	-9.13041004E-6	-9.76562500E-2	0.00000000E+0	0.00000000E+0
-1.00097656E-1	-9.35849039E-6	-9.35849039E-6	-1.00097656E-1	0.00000000E+0	0.00000000E+0
-1.02539062E-1	-9.58759028E-6	-9.58759028E-6	-1.02539062E-1	0.00000000E+0	0.00000000E+0
-1.04980469E-1	-9.82228994E-6	-9.82228994E-6	-1.04980469E-1	0.00000000E+0	0.00000000E+0
-1.07421875E-1	-1.00412999E-5	-1.00412999E-5	-1.07421875E-1	0.00000000E+0	0.00000000E+0
-1.09863281E-1	-1.02774002E-5	-1.02774002E-5	-1.09863281E-1	0.00000000E+0	0.00000000E+0
-1.12304687E-1	-1.04970004E-5	-1.04970004E-5	-1.12304687E-1	0.00000000E+0	0.00000000E+0
-1.14746094E-1	-1.07234000E-5	-1.07234000E-5	-1.14746094E-1	0.00000000E+0	0.00000000E+0
-1.17187500E-1	-1.09509001E-5	-1.09509001E-5	-1.17187500E-1	0.00000000E+0	0.00000000E+0
-1.19628906E-1	-1.11824002E-5	-1.11824002E-5	-1.19628906E-1	0.00000000E+0	0.00000000E+0
-1.22070312E-1	-1.14095001E-5	-1.14095001E-5	-1.22070312E-1	0.00000000E+0	0.00000000E+0
-1.24511719E-1	-1.16423998E-5	-1.16423998E-5	-1.24511719E-1	0.00000000E+0	0.00000000E+0
-1.26953125E-1	-1.18683001E-5	-1.18683001E-5	-1.26953125E-1	0.00000000E+0	0.00000000E+0
-1.29394531E-1	-1.21003004E-5	-1.21003004E-5	-1.29394531E-1	0.00000000E+0	0.00000000E+0
-1.31835937E-1	-1.23292002E-5	-1.23292002E-5	-1.31835937E-1	0.00000000E+0	0.00000000E+0
-1.34277344E-1	-1.25545002E-5	-1.25545002E-5	-1.34277344E-1	0.00000000E+0	0.00000000E+0
-1.36718750E-1	-1.27792000E-5	-1.27792000E-5	-1.36718750E-1	0.00000000E+0	0.00000000E+0
-1.39160156E-1	-1.30112003E-5	-1.30112003E-5	-1.39160156E-1	0.00000000E+0	0.00000000E+0
-1.41601562E-1	-1.32298001E-5	-1.32298001E-5	-1.41601562E-1	0.00000000E+0	0.00000000E+0
-1.44042969E-1	-1.34664997E-5	-1.34664997E-5	-1.44042969E-1	0.00000000E+0	0.00000000E+0
-1.46484375E-1	-1.36954995E-5	-1.36954995E-5	-1.46484375E-1	0.00000000E+0	0.00000000E+0
-1.48925781E-1	-1.39283002E-5	-1.39283002E-5	-1.48925781E-1	0.00000000E+0	0.00000000E+0
-1.51367187E-1	-1.41535002E-5	-1.41535002E-5	-1.51367187E-1	0.00000000E+0	0.00000000E+0
-1.53808594E-1	-1.43774996E-5	-1.43774996E-5	-1.53808594E-1	0.00000000E+0	0.00000000E+0
-1.56250000E-1	-1.45963004E-5	-1.45963004E-5	-1.56250000E-1	0.00000000E+0	0.00000000E+0
-1.58691406E-1	-1.48330000E-5	-1.48330000E-5	-1.58691406E-1	0.00000000E+0	0.00000000E+0
-1.61132812E-1	-1.50543001E-5	-1.50543001E-5	-1.61132812E-1	0.00000000E+0	0.00000000E+0
-1.63574219E-1	-1.52947996E-5	-1.52947996E-5	-1.63574219E-1	0.00000000E+0	0.00000000E+0
-1.66015625E-1	-1.55098005E-5	-1.55098005E-5	-1.66015625E-1	0.00000000E+0	0.00000000E+0
-1.68457031E-1	-1.57528993E-5	-1.57528993E-5	-1.68457031E-1	0.00000000E+0	0.00000000E+0
-1.70898437E-1	-1.59755000E-5	-1.59755000E-5	-1.70898437E-1	0.00000000E+0	0.00000000E+0
-1.73339844E-1	-1.62096003E-5	-1.62096003E-5	-1.73339844E-1	0.00000000E+0	0.00000000E+0
-1.75781250E-1	-1.64284993E-5	-1.64284993E-5	-1.75781250E-1	0.00000000E+0	0.00000000E+0
-1.78222656E-1	-1.66594000E-5	-1.66594000E-5	-1.78222656E-1	0.00000000E+0	0.00000000E+0
-1.80664062E-1	-1.68903007E-5	-1.68903007E-5	-1.80664062E-1	0.00000000E+0	0.00000000E+0
-1.83105469E-1	-1.71155007E-5	-1.71155007E-5	-1.83105469E-1	0.00000000E+0	0.00000000E+0
-1.85546875E-1	-1.73419994E-5	-1.73419994E-5	-1.85546875E-1	0.00000000E+0	0.00000000E+0
-1.87988281E-1	-1.75583009E-5	-1.75583009E-5	-1.87988281E-1	0.00000000E+0	0.00000000E+0
-1.90429687E-1	-1.77823003E-5	-1.77823003E-5	-1.90429687E-1	0.00000000E+0	0.00000000E+0
-1.92871094E-1	-1.80113002E-5	-1.80113002E-5	-1.92871094E-1	0.00000000E+0	0.00000000E+0
-1.95312500E-1	-1.82339008E-5	-1.82339008E-5	-1.95312500E-1	0.00000000E+0	0.00000000E+0
-1.97753906E-1	-1.84668006E-5	-1.84668006E-5	-1.97753906E-1	0.00000000E+0	0.00000000E+0
-2.00195312E-1	-1.86931993E-5	-1.86931993E-5	-2.00195312E-1	0.00000000E+0	0.00000000E+0
-2.02636719E-1	-1.89172006E-5	-1.89172006E-5	-2.02636719E-1	0.00000000E+0	0.00000000E+0
-2.05078125E-1	-1.91513009E-5	-1.91513009E-5	-2.05078125E-1	0.00000000E+0	0.00000000E+0
-2.07519531E-1	-1.93752003E-5	-1.93752003E-5	-2.07519531E-1	0.00000000E+0	0.00000000E+0
-2.09960937E-1	-1.96067995E-5	-1.96067995E-5	-2.09960937E-1	0.00000000E+0	0.00000000E+0
-2.12402344E-1	-1.98333000E-5	-1.98333000E-5	-2.12402344E-1	0.00000000E+0	0.00000000E+0
-2.14843750E-1	-2.00470004E-5	-2.00470004E-5	-2.14843750E-1	0.00000000E+0	0.00000000E+0
-2.17285156E-1	-2.02799001E-5	-2.02799001E-5	-2.17285156E-1	0.00000000E+0	0.00000000E+0
-2.19726562E-1	-2.05051001E-5	-2.05051001E-5	-2.19726562E-1	0.00000000E+0	0.00000000E+0
-2.22167969E-1	-2.07378998E-5	-2.07378998E-5	-2.22167969E-1	0.00000000E+0	0.00000000E+0
-2.24609375E-1	-2.09517002E-5	-2.09517002E-5	-2.24609375E-1	0.00000000E+0	0.00000000E+0
-2.27050781E-1	-2.11769002E-5	-2.11769002E-5	-2.27050781E-1	0.00000000E+0	0.00000000E+0
-2.29492187E-1	-2.14059000E-5	-2.14059000E-5	-2.29492187E-1	0.00000000E+0	0.00000000E+0
-2.31933594E-1	-2.16424996E-5	-2.16424996E-5	-2.31933594E-1	0.00000000E+0	0.00000000E+0
-2.34375000E-1	-2.18487003E-5	-2.18487003E-5	-2.34375000E-1	0.00000000E+0	0.00000000E+0
-2.36816406E-1	-2.20928996E-5	-2.20928996E-5	-2.36816406E-1	0.00000000E+0	0.00000000E+0
-2.39257812E-1	-2.23067000E-5	-2.23067000E-5	-2.39257812E-1	0.00000000E+0	0.00000000E+0
-2.41699219E-1	-2.25382992E-5	-2.25382992E-5	-2.41699219E-1	0.00000000E+0	0.00000000E+0
-2.44140625E-1	-2.27646997E-5	-2.27646997E-5	-2.44140625E-1	0.00000000E+0	0.00000000E+0
-2.46582031E-1	-2.30013993E-5	-2.30013993E-5	-2.46582031E-1	0.00000000E+0	0.00000000E+0
-2.49023437E-1	-2.32227994E-5	-2.32227994E-5	-2.49023437E-1	0.00000000E+0	0.00000000E+0
-2.51464844E-1	-2.34289000E-5	-2.34289000E-5	-2.51464844E-1	0.00000000E+0	0.00000000E+0
-2.53906250E-1	-2.36655997E-5	-2.36655997E-5	-2.53906250E-1	0.00000000E+0	0.00000000E+0
-2.56347656E-1	-2.38945995E-5	-2.38945995E-5	-2.56347656E-1	0.00000000E+0	0.00000000E+0
-2.58789062E-1	-2.41273992E-5	-2.41273992E-5	-2.58789062E-1	0.00000000E+0	0.00000000E+0
-2.61230469E-1	-2.43373997E-5	-2.43373997E-5	-2.61230469E-1	0.00000000E+0	0.00000000E+0
-2.63671875E-1	-2.45663996E-5	-2.45663996E-5	-2.63671875E-1	0.00000000E+0	0.00000000E+0
-2.66113281E-1	-2.47800999E-5	-2.47800999E-5	-2.66113281E-1	0.00000000E+0	0.00000000E+0
-2.68554687E-1	-2.50243993E-5	-2.50243993E-5	-2.68554687E-1	0.00000000E+0	0.00000000E+0
-2.70996094E-1	-2.52381997E-5	-2.52381997E-5	-2.70996094E-1	0.00000000E+0	0.00000000E+0
-2.73437500E-1	-2.54595998E-5	-2.54595998E-5	-2.73437500E-1	0.00000000E+0	0.00000000E+0
-2.75878906E-1	-2.56961994E-5	-2.56961994E-5	-2.75878906E-1	0.00000000E+0	0.00000000E+0
-2.78320312E-1	-2.59099997E-5	-2.59099997E-5	-2.78320312E-1	0.00000000E+0	0.00000000E+0
-2.80761719E-1	-2.61389996E-5	-2.61389996E-5	-2.80761719E-1	0.00000000E+0	0.00000000E+0
-2.83203125E-1	-2.63679995E-5	-2.63679995E-5	-2.83203125E-1	0.00000000E+0	0.00000000E+0
-2.85644531E-1	-2.65817998E-5	-2.65817998E-5	-2.85644531E-1	0.00000000E+0	0.00000000E+0
-2.88085937E-1	-2.68107997E-5	-2.68107997E-5	-2.88085937E-1	0.00000000E+0	0.00000000E+0
-2.90527344E-1	-2.70397995E-5	-2.70397995E-5	-2.90527344E-1	0.00000000E+0	0.00000000E+0
-2.92968750E-1	-2.72535999E-5	-2.72535999E-5	-2.92968750E-1	0.00000000E+0	0.00000000E+0
-2.95410156E-1	-2.74825998E-5	-2.74825998E-5	-2.95410156E-1	0.00000000E+0	0.00000000E+0
-2.97851562E-1	-2.76963001E-5	-2.76963001E-5	-2.97851562E-1	0.00000000E+0	0.00000000E+0
-3.00292969E-1	-2.79405995E-5	-2.79405995E-5	-3.00292969E-1	0.00000000E+0	0.00000000E+0
-3.02734375E-1	-2.81391003E-5	-2.81391003E-5	-3.02734375E-1	0.00000000E+0	0.00000000E+0
-3.05175781E-1	-2.83758000E-5	-2.83758000E-5	-3.05175781E-1	0.00000000E+0	0.00000000E+0
-3.07617187E-1	-2.85819006E-5	-2.85819006E-5	-3.07617187E-1	0.00000000E+0	0.00000000E+0
-3.10058594E-1	-2.88109004E-5	-2.88109004E-5	-3.10058594E-1	0.00000000E+0	0.00000000E+0
-3.12500000E-1	-2.90093994E-5	-2.90093994E-5	-3.12500000E-1	0.00000000E+0	0.00000000E+0
-3.14941406E-1	-2.92499008E-5	-2.92499008E-5	-3.14941406E-1	0.00000000E+0	0.00000000E+0
-3.17382812E-1	-2.94751007E-5	-2.94751007E-5	-3.17382812E-1	0.00000000E+0	0.00000000E+0
-3.19824219E-1	-2.96965009E-5	-2.96965009E-5	-3.19824219E-1	0.00000000E+0	0.00000000E+0
-3.22265625E-1	-2.99217008E-5	-2.99217008E-5	-3.22265625E-1	0.00000000E+0	0.00000000E+0
-3.24707031E-1	-3.01545006E-5	-3.01545006E-5	-3.24707031E-1	0.00000000E+0	0.00000000E+0
-3.27148437E-1	-3.03605993E-5	-3.03605993E-5	-3.27148437E-1	0.00000000E+0	0.00000000E+0
-3.29589844E-1	-3.05743997E-5	-3.05743997E-5	-3.29589844E-1	0.00000000E+0	0.00000000E+0
-3.32031250E-1	-3.08109993E-5	-3.08109993E-5	-3.32031250E-1	0.00000000E+0	0.00000000E+0
-3.34472656E-1	-3.10323994E-5	-3.10323994E-5	-3.34472656E-1	0.00000000E+0	0.00000000E+0
-3.36914062E-1	-3.12384982E-5	-3.12384982E-5	-3.36914062E-1	0.00000000E+0	0.00000000E+0
-3.39355469E-1	-3.14790013E-5	-3.14790013E-5	-3.39355469E-1	0.00000000E+0	0.00000000E+0
-3.41796875E-1	-3.16928017E-5	-3.16928017E-5	-3.41796875E-1	0.00000000E+0	0.00000000E+0
-3.44238281E-1	-3.19102983E-5	-3.19102983E-5	-3.44238281E-1	0.00000000E+0	0.00000000E+0
-3.46679687E-1	-3.21240987E-5	-3.21240987E-5	-3.46679687E-1	0.00000000E+0	0.00000000E+0
-3.49121094E-1	-3.23683998E-5	-3.23683998E-5	-3.49121094E-1	0.00000000E+0	0.00000000E+0
-3.51562500E-1	-3.25668989E-5	-3.25668989E-5	-3.51562500E-1	0.00000000E+0	0.00000000E+0
-3.54003906E-1	-3.28112001E-5	-3.28112001E-5	-3.54003906E-1	0.00000000E+0	0.00000000E+0
-3.56445312E-1	-3.30248986E-5	-3.30248986E-5	-3.56445312E-1	0.00000000E+0	0.00000000E+0
-3.58886719E-1	-3.32501004E-5	-3.32501004E-5	-3.58886719E-1	0.00000000E+0	0.00000000E+0
-3.61328125E-1	-3.34524011E-5	-3.34524011E-5	-3.61328125E-1	0.00000000E+0	0.00000000E+0
-3.63769531E-1	-3.36853009E-5	-3.36853009E-5	-3.63769531E-1	0.00000000E+0	0.00000000E+0
-3.66210937E-1	-3.38799000E-5	-3.38799000E-5	-3.66210937E-1	0.00000000E+0	0.00000000E+0
-3.68652344E-1	-3.41242012E-5	-3.41242012E-5	-3.68652344E-1	0.00000000E+0	0.00000000E+0
-3.71093750E-1	-3.43073989E-5	-3.43073989E-5	-3.71093750E-1	0.00000000E+0	0.00000000E+0
-3.73535156E-1	-3.45287990E-5	-3.45287990E-5	-3.73535156E-1	0.00000000E+0	0.00000000E+0
-3.75976562E-1	-3.47349014E-5	-3.47349014E-5	-3.75976562E-1	0.00000000E+0	0.00000000E+0
-3.78417969E-1	-3.49067013E-5	-3.49067013E-5	-3.78417969E-1	0.00000000E+0	0.00000000E+0
-3.80859375E-1	-3.51013987E-5	-3.51013987E-5	-3.80859375E-1	0.00000000E+0	0.00000000E+0
-3.83300781E-1	-3.52540010E-5	-3.52540010E-5	-3.83300781E-1	0.00000000E+0	0.00000000E+0
-3.85742187E-1	-3.54449003E-5	-3.54449003E-5	-3.85742187E-1	0.00000000E+0	0.00000000E+0
-3.88183594E-1	-3.55898992E-5	-3.55898992E-5	-3.88183594E-1	0.00000000E+0	0.00000000E+0
-3.90625000E-1	-3.57731988E-5	-3.57731988E-5	-3.90625000E-1	0.00000000E+0	0.00000000E+0
-3.93066406E-1	-3.59564001E-5	-3.59564001E-5	-3.93066406E-1	0.00000000E+0	0.00000000E+0
-3.95507812E-1	-3.61167004E-5	-3.61167004E-5	-3.95507812E-1	0.00000000E+0	0.00000000E+0
-3.97949219E-1	-3.63305007E-5	-3.63305007E-5	-3.97949219E-1	0.00000000E+0	0.00000000E+0
-4.00390625E-1	-3.65136984E-5	-3.65136984E-5	-4.00390625E-1	0.00000000E+0	0.00000000E+0
-4.02832031E-1	-3.67274006E-5	-3.67274006E-5	-4.02832031E-1	0.00000000E+0	0.00000000E+0
-4.05273437E-1	-3.69105983E-5	-3.69105983E-5	-4.05273437E-1	0.00000000E+0	0.00000000E+0
-4.07714844E-1	-3.71548995E-5	-3.71548995E-5	-4.07714844E-1	0.00000000E+0	0.00000000E+0
-4.10156250E-1	-3.73381008E-5	-3.73381008E-5	-4.10156250E-1	0.00000000E+0	0.00000000E+0
-4.12597656E-1	-3.75823984E-5	-3.75823984E-5	-4.12597656E-1	0.00000000E+0	0.00000000E+0
-4.15039062E-1	-3.77961987E-5	-3.77961987E-5	-4.15039062E-1	0.00000000E+0	0.00000000E+0
-4.17480469E-1	-3.80175989E-5	-3.80175989E-5	-4.17480469E-1	0.00000000E+0	0.00000000E+0
-4.19921875E-1	-3.82237013E-5	-3.82237013E-5	-4.19921875E-1	0.00000000E+0	0.00000000E+0
-4.22363281E-1	-3.84373998E-5	-3.84373998E-5	-4.22363281E-1	0.00000000E+0	0.00000000E+0
-4.24804687E-1	-3.86436004E-5	-3.86436004E-5	-4.24804687E-1	0.00000000E+0	0.00000000E+0
-4.27246094E-1	-3.88650005E-5	-3.88650005E-5	-4.27246094E-1	0.00000000E+0	0.00000000E+0
-4.29687500E-1	-3.90710993E-5	-3.90710993E-5	-4.29687500E-1	0.00000000E+0	0.00000000E+0
-4.32128906E-1	-3.92924994E-5	-3.92924994E-5	-4.32128906E-1	0.00000000E+0	0.00000000E+0
-4.34570312E-1	-3.95368006E-5	-3.95368006E-5	-4.34570312E-1	0.00000000E+0	0.00000000E+0
-4.37011719E-1	-3.97504991E-5	-3.97504991E-5	-4.37011719E-1	0.00000000E+0	0.00000000E+0
-4.39453125E-1	-3.99718992E-5	-3.99718992E-5	-4.39453125E-1	0.00000000E+0	0.00000000E+0
-4.41894531E-1	-4.01780017E-5	-4.01780017E-5	-4.41894531E-1	0.00000000E+0	0.00000000E+0
-4.44335937E-1	-4.03994018E-5	-4.03994018E-5	-4.44335937E-1	0.00000000E+0	0.00000000E+0
-4.46777344E-1	-4.06151012E-5	-4.06151012E-5	-4.46777344E-1	0.00000000E+0	0.00000000E+0
-4.49218750E-1	-4.08498017E-5	-4.08498017E-5	-4.49218750E-1	0.00000000E+0	0.00000000E+0
-4.51660156E-1	-4.10749999E-5	-4.10749999E-5	-4.51660156E-1	0.00000000E+0	0.00000000E+0
-4.54101562E-1	-4.12773006E-5	-4.12773006E-5	-4.54101562E-1	0.00000000E+0	0.00000000E+0
-4.56542969E-1	-4.14987007E-5	-4.14987007E-5	-4.56542969E-1	0.00000000E+0	0.00000000E+0
-4.58984375E-1	-4.17181982E-5	-4.17181982E-5	-4.58984375E-1	0.00000000E+0	0.00000000E+0
-4.61425781E-1	-4.19491007E-5	-4.19491007E-5	-4.61425781E-1	0.00000000E+0	0.00000000E+0
-4.63867187E-1	-4.21322984E-5	-4.21322984E-5	-4.63867187E-1	0.00000000E+0	0.00000000E+0
-4.66308594E-1	-4.23689999E-5	-4.23689999E-5	-4.66308594E-1	0.00000000E+0	0.00000000E+0
-4.68750000E-1	-4.25904000E-5	-4.25904000E-5	-4.68750000E-1	0.00000000E+0	0.00000000E+0
-4.71191406E-1	-4.28136991E-5	-4.28136991E-5	-4.71191406E-1	0.00000000E+0	0.00000000E+0
-4.73632812E-1	-4.30407999E-5	-4.30407999E-5	-4.73632812E-1	0.00000000E+0	0.00000000E+0
-4.76074219E-1	-4.32564011E-5	-4.32564011E-5	-4.76074219E-1	0.00000000E+0	0.00000000E+0
-4.78515625E-1	-4.34836002E-5	-4.34836002E-5	-4.78515625E-1	0.00000000E+0	0.00000000E+0
-4.80957031E-1	-4.36972987E-5	-4.36972987E-5	-4.80957031E-1	0.00000000E+0	0.00000000E+0
-4.83398437E-1	-4.39034011E-5	-4.39034011E-5	-4.83398437E-1	0.00000000E+0	0.00000000E+0
-4.85839844E-1	-4.41554002E-5	-4.41554002E-5	-4.85839844E-1	0.00000000E+0	0.00000000E+0
-4.88281250E-1	-4.43690988E-5	-4.43690988E-5	-4.88281250E-1	0.00000000E+0	0.00000000E+0
-4.90722656E-1	-4.46134000E-5	-4.46134000E-5	-4.90722656E-1	0.00000000E+0	0.00000000E+0
-4.93164062E-1	-4.47966013E-5	-4.47966013E-5	-4.93164062E-1	0.00000000E+0	0.00000000E+0
-4.90722656E-1	-4.46134000E-5	-4.46134000E-5	-4.90722656E-1	0.00000000E+0	0.00000000E+0
-4.88281250E-1	-4.43690988E-5	-4.43690988E-5	-4.88281250E-1	0.00000000E+0	0.00000000E+0
-4.85839844E-1	-4.41554002E-5	-4.41554002E-5	-4.85839844E-1	0.00000000E+0	0.00000000E+0
-4.83398437E-1	-4.39034011E-5	-4.39034011E-5	-4.83398437E-1	0.00000000E+0	0.00000000E+0
-4.80957031E-1	-4.37277995E-5	-4.37277995E-5	-4.80957031E-1	0.00000000E+0	0.00000000E+0
-4.78515625E-1	-4.34836002E-5	-4.34836002E-5	-4.78515625E-1	0.00000000E+0	0.00000000E+0
-4.76074219E-1	-4.32564011E-5	-4.32564011E-5	-4.76074219E-1	0.00000000E+0	0.00000000E+0
-4.73632812E-1	-4.30407999E-5	-4.30407999E-5	-4.73632812E-1	0.00000000E+0	0.00000000E+0
-4.71191406E-1	-4.28136991E-5	-4.28136991E-5	-4.71191406E-1	0.00000000E+0	0.00000000E+0
-4.68750000E-1	-4.25904000E-5	-4.25904000E-5	-4.68750000E-1	0.00000000E+0	0.00000000E+0
-4.66308594E-1	-4.23976016E-5	-4.23976016E-5	-4.66308594E-1	0.00000000E+0	0.00000000E+0
-4.63867187E-1	-4.21705008E-5	-4.21705008E-5	-4.63867187E-1	0.00000000E+0	0.00000000E+0
-4.61425781E-1	-4.19491007E-5	-4.19491007E-5	-4.61425781E-1	0.00000000E+0	0.00000000E+0
-4.58984375E-1	-4.17181982E-5	-4.17181982E-5	-4.58984375E-1	0.00000000E+0	0.00000000E+0
-4.56542969E-1	-4.14987007E-5	-4.14987007E-5	-4.56542969E-1	0.00000000E+0	0.00000000E+0
-4.54101562E-1	-4.12773006E-5	-4.12773006E-5	-4.54101562E-1	0.00000000E+0	0.00000000E+0
-4.51660156E-1	-4.10749999E-5	-4.10749999E-5	-4.51660156E-1	0.00000000E+0	0.00000000E+0
-4.49218750E-1	-4.08498017E-5	-4.08498017E-5	-4.49218750E-1	0.00000000E+0	0.00000000E+0
-4.46777344E-1	-4.06151012E-5	-4.06151012E-5	-4.46777344E-1	0.00000000E+0	0.00000000E+0
-4.44335937E-1	-4.04222992E-5	-4.04222992E-5	-4.44335937E-1	0.00000000E+0	0.00000000E+0
-4.41894531E-1	-4.01780017E-5	-4.01780017E-5	-4.41894531E-1	0.00000000E+0	0.00000000E+0
-4.39453125E-1	-3.99718992E-5	-3.99718992E-5	-4.39453125E-1	0.00000000E+0	0.00000000E+0
-4.37011719E-1	-3.97504991E-5	-3.97504991E-5	-4.37011719E-1	0.00000000E+0	0.00000000E+0
-4.34570312E-1	-3.95368006E-5	-3.95368006E-5	-4.34570312E-1	0.00000000E+0	0.00000000E+0
-4.32128906E-1	-3.93154005E-5	-3.93154005E-5	-4.32128906E-1	0.00000000E+0	0.00000000E+0
-4.29687500E-1	-3.91016001E-5	-3.91016001E-5	-4.29687500E-1	0.00000000E+0	0.00000000E+0
-4.27246094E-1	-3.88879016E-5	-3.88879016E-5	-4.27246094E-1	0.00000000E+0	0.00000000E+0
-4.24804687E-1	-3.86436004E-5	-3.86436004E-5	-4.24804687E-1	0.00000000E+0	0.00000000E+0
-4.22363281E-1	-3.84373998E-5	-3.84373998E-5	-4.22363281E-1	0.00000000E+0	0.00000000E+0
-4.19921875E-1	-3.82083999E-5	-3.82083999E-5	-4.19921875E-1	0.00000000E+0	0.00000000E+0
-4.17480469E-1	-3.80175989E-5	-3.80175989E-5	-4.17480469E-1	0.00000000E+0	0.00000000E+0
-4.15039062E-1	-3.77961987E-5	-3.77961987E-5	-4.15039062E-1	0.00000000E+0	0.00000000E+0
-4.12597656E-1	-3.75823984E-5	-3.75823984E-5	-4.12597656E-1	0.00000000E+0	0.00000000E+0
-4.10156250E-1	-3.73686999E-5	-3.73686999E-5	-4.10156250E-1	0.00000000E+0	0.00000000E+0
-4.07714844E-1	-3.71548995E-5	-3.71548995E-5	-4.07714844E-1	0.00000000E+0	0.00000000E+0
-4.05273437E-1	-3.69334994E-5	-3.69334994E-5	-4.05273437E-1	0.00000000E+0	0.00000000E+0
-4.02832031E-1	-3.67274006E-5	-3.67274006E-5	-4.02832031E-1	0.00000000E+0	0.00000000E+0
-4.00390625E-1	-3.65136984E-5	-3.65136984E-5	-4.00390625E-1	0.00000000E+0	0.00000000E+0
-3.97949219E-1	-3.63305007E-5	-3.63305007E-5	-3.97949219E-1	0.00000000E+0	0.00000000E+0
-3.95507812E-1	-3.61472012E-5	-3.61472012E-5	-3.95507812E-1	0.00000000E+0	0.00000000E+0
-3.93066406E-1	-3.59564001E-5	-3.59564001E-5	-3.93066406E-1	0.00000000E+0	0.00000000E+0
-3.90625000E-1	-3.57731988E-5	-3.57731988E-5	-3.90625000E-1	0.00000000E+0	0.00000000E+0
-3.88183594E-1	-3.56281016E-5	-3.56281016E-5	-3.88183594E-1	0.00000000E+0	0.00000000E+0
-3.85742187E-1	-3.54678014E-5	-3.54678014E-5	-3.85742187E-1	0.00000000E+0	0.00000000E+0
-3.83300781E-1	-3.52846000E-5	-3.52846000E-5	-3.83300781E-1	0.00000000E+0	0.00000000E+0
-3.80859375E-1	-3.51318995E-5	-3.51318995E-5	-3.80859375E-1	0.00000000E+0	0.00000000E+0
-3.78417969E-1	-3.49182010E-5	-3.49182010E-5	-3.78417969E-1	0.00000000E+0	0.00000000E+0
-3.75976562E-1	-3.47501991E-5	-3.47501991E-5	-3.75976562E-1	0.00000000E+0	0.00000000E+0
-3.73535156E-1	-3.45287990E-5	-3.45287990E-5	-3.73535156E-1	0.00000000E+0	0.00000000E+0
-3.71093750E-1	-3.43264983E-5	-3.43264983E-5	-3.71093750E-1	0.00000000E+0	0.00000000E+0
-3.68652344E-1	-3.41242012E-5	-3.41242012E-5	-3.68652344E-1	0.00000000E+0	0.00000000E+0
-3.66210937E-1	-3.39180988E-5	-3.39180988E-5	-3.66210937E-1	0.00000000E+0	0.00000000E+0
-3.63769531E-1	-3.36966987E-5	-3.36966987E-5	-3.63769531E-1	0.00000000E+0	0.00000000E+0
-3.61328125E-1	-3.34772012E-5	-3.34772012E-5	-3.61328125E-1	0.00000000E+0	0.00000000E+0
-3.58886719E-1	-3.32501004E-5	-3.32501004E-5	-3.58886719E-1	0.00000000E+0	0.00000000E+0
-3.56445312E-1	-3.30248986E-5	-3.30248986E-5	-3.56445312E-1	0.00000000E+0	0.00000000E+0
-3.54003906E-1	-3.28112001E-5	-3.28112001E-5	-3.54003906E-1	0.00000000E+0	0.00000000E+0
-3.51562500E-1	-3.25820984E-5	-3.25820984E-5	-3.51562500E-1	0.00000000E+0	0.00000000E+0
-3.49121094E-1	-3.23683998E-5	-3.23683998E-5	-3.49121094E-1	0.00000000E+0	0.00000000E+0
-3.46679687E-1	-3.21394000E-5	-3.21394000E-5	-3.46679687E-1	0.00000000E+0	0.00000000E+0
-3.44238281E-1	-3.19255996E-5	-3.19255996E-5	-3.44238281E-1	0.00000000E+0	0.00000000E+0
-3.41796875E-1	-3.17117992E-5	-3.17117992E-5	-3.41796875E-1	0.00000000E+0	0.00000000E+0
-3.39355469E-1	-3.14790013E-5	-3.14790013E-5	-3.39355469E-1	0.00000000E+0	0.00000000E+0
-3.36914062E-1	-3.12691009E-5	-3.12691009E-5	-3.36914062E-1	0.00000000E+0	0.00000000E+0
-3.34472656E-1	-3.10323994E-5	-3.10323994E-5	-3.34472656E-1	0.00000000E+0	0.00000000E+0
-3.32031250E-1	-3.08300987E-5	-3.08300987E-5	-3.32031250E-1	0.00000000E+0	0.00000000E+0
-3.29589844E-1	-3.05934991E-5	-3.05934991E-5	-3.29589844E-1	0.00000000E+0	0.00000000E+0
-3.27148437E-1	-3.03605993E-5	-3.03605993E-5	-3.27148437E-1	0.00000000E+0	0.00000000E+0
-3.24707031E-1	-3.01698001E-5	-3.01698001E-5	-3.24707031E-1	0.00000000E+0	0.00000000E+0
-3.22265625E-1	-2.99217008E-5	-2.99217008E-5	-3.22265625E-1	0.00000000E+0	0.00000000E+0
-3.19824219E-1	-2.97194001E-5	-2.97194001E-5	-3.19824219E-1	0.00000000E+0	0.00000000E+0
-3.17382812E-1	-2.94942001E-5	-2.94942001E-5	-3.17382812E-1	0.00000000E+0	0.00000000E+0
-3.14941406E-1	-2.92690002E-5	-2.92690002E-5	-3.14941406E-1	0.00000000E+0	0.00000000E+0
-3.12500000E-1	-2.90247008E-5	-2.90247008E-5	-3.12500000E-1	0.00000000E+0	0.00000000E+0
-3.10058594E-1	-2.88261999E-5	-2.88261999E-5	-3.10058594E-1	0.00000000E+0	0.00000000E+0
-3.07617187E-1	-2.85972001E-5	-2.85972001E-5	-3.07617187E-1	0.00000000E+0	0.00000000E+0
-3.05175781E-1	-2.83758000E-5	-2.83758000E-5	-3.05175781E-1	0.00000000E+0	0.00000000E+0
-3.02734375E-1	-2.81543998E-5	-2.81543998E-5	-3.02734375E-1	0.00000000E+0	0.00000000E+0
-3.00292969E-1	-2.79405995E-5	-2.79405995E-5	-3.00292969E-1	0.00000000E+0	0.00000000E+0
-2.97851562E-1	-2.77115996E-5	-2.77115996E-5	-2.97851562E-1	0.00000000E+0	0.00000000E+0
-2.95410156E-1	-2.74825998E-5	-2.74825998E-5	-2.95410156E-1	0.00000000E+0	0.00000000E+0
-2.92968750E-1	-2.72535999E-5	-2.72535999E-5	-2.92968750E-1	0.00000000E+0	0.00000000E+0
-2.90527344E-1	-2.70551009E-5	-2.70551009E-5	-2.90527344E-1	0.00000000E+0	0.00000000E+0
-2.88085937E-1	-2.68107997E-5	-2.68107997E-5	-2.88085937E-1	0.00000000E+0	0.00000000E+0
-2.85644531E-1	-2.65817998E-5	-2.65817998E-5	-2.85644531E-1	0.00000000E+0	0.00000000E+0
-2.83203125E-1	-2.63679995E-5	-2.63679995E-5	-2.83203125E-1	0.00000000E+0	0.00000000E+0
-2.80761719E-1	-2.61389996E-5	-2.61389996E-5	-2.80761719E-1	0.00000000E+0	0.00000000E+0
-2.78320312E-1	-2.59099997E-5	-2.59099997E-5	-2.78320312E-1	0.00000000E+0	0.00000000E+0
-2.75878906E-1	-2.57064003E-5	-2.57064003E-5	-2.75878906E-1	0.00000000E+0	0.00000000E+0
-2.73437500E-1	-2.54747993E-5	-2.54747993E-5	-2.73437500E-1	0.00000000E+0	0.00000000E+0
-2.70996094E-1	-2.52533991E-5	-2.52533991E-5	-2.70996094E-1	0.00000000E+0	0.00000000E+0
-2.68554687E-1	-2.50370995E-5	-2.50370995E-5	-2.68554687E-1	0.00000000E+0	0.00000000E+0
-2.66113281E-1	-2.48183005E-5	-2.48183005E-5	-2.66113281E-1	0.00000000E+0	0.00000000E+0
-2.63671875E-1	-2.45969004E-5	-2.45969004E-5	-2.63671875E-1	0.00000000E+0	0.00000000E+0
-2.61230469E-1	-2.43679006E-5	-2.43679006E-5	-2.61230469E-1	0.00000000E+0	0.00000000E+0
-2.58789062E-1	-2.41465004E-5	-2.41465004E-5	-2.58789062E-1	0.00000000E+0	0.00000000E+0
-2.56347656E-1	-2.39059991E-5	-2.39059991E-5	-2.56347656E-1	0.00000000E+0	0.00000000E+0
-2.53906250E-1	-2.36807991E-5	-2.36807991E-5	-2.53906250E-1	0.00000000E+0	0.00000000E+0
-2.51464844E-1	-2.34441995E-5	-2.34441995E-5	-2.51464844E-1	0.00000000E+0	0.00000000E+0
-2.49023437E-1	-2.32227994E-5	-2.32227994E-5	-2.49023437E-1	0.00000000E+0	0.00000000E+0
-2.46582031E-1	-2.30013993E-5	-2.30013993E-5	-2.46582031E-1	0.00000000E+0	0.00000000E+0
-2.44140625E-1	-2.27799992E-5	-2.27799992E-5	-2.44140625E-1	0.00000000E+0	0.00000000E+0
-2.41699219E-1	-2.25509993E-5	-2.25509993E-5	-2.41699219E-1	0.00000000E+0	0.00000000E+0
-2.39257812E-1	-2.23219995E-5	-2.23219995E-5	-2.39257812E-1	0.00000000E+0	0.00000000E+0
-2.36816406E-1	-2.21056998E-5	-2.21056998E-5	-2.36816406E-1	0.00000000E+0	0.00000000E+0
-2.34375000E-1	-2.18676996E-5	-2.18676996E-5	-2.34375000E-1	0.00000000E+0	0.00000000E+0
-2.31933594E-1	-2.16539993E-5	-2.16539993E-5	-2.31933594E-1	0.00000000E+0	0.00000000E+0
-2.29492187E-1	-2.14210995E-5	-2.14210995E-5	-2.29492187E-1	0.00000000E+0	0.00000000E+0
-2.27050781E-1	-2.11958995E-5	-2.11958995E-5	-2.27050781E-1	0.00000000E+0	0.00000000E+0
-2.24609375E-1	-2.09706996E-5	-2.09706996E-5	-2.24609375E-1	0.00000000E+0	0.00000000E+0
-2.22167969E-1	-2.07493995E-5	-2.07493995E-5	-2.22167969E-1	0.00000000E+0	0.00000000E+0
-2.19726562E-1	-2.05051001E-5	-2.05051001E-5	-2.19726562E-1	0.00000000E+0	0.00000000E+0
-2.17285156E-1	-2.02799001E-5	-2.02799001E-5	-2.17285156E-1	0.00000000E+0	0.00000000E+0
-2.14843750E-1	-2.00585000E-5	-2.00585000E-5	-2.14843750E-1	0.00000000E+0	0.00000000E+0
-2.12402344E-1	-1.98434009E-5	-1.98434009E-5	-2.12402344E-1	0.00000000E+0	0.00000000E+0
-2.09960937E-1	-1.96194997E-5	-1.96194997E-5	-2.09960937E-1	0.00000000E+0	0.00000000E+0
-2.07519531E-1	-1.93853994E-5	-1.93853994E-5	-2.07519531E-1	0.00000000E+0	0.00000000E+0
-2.05078125E-1	-1.91614999E-5	-1.91614999E-5	-2.05078125E-1	0.00000000E+0	0.00000000E+0
-2.02636719E-1	-1.89363000E-5	-1.89363000E-5	-2.02636719E-1	0.00000000E+0	0.00000000E+0
-2.00195312E-1	-1.87034002E-5	-1.87034002E-5	-2.00195312E-1	0.00000000E+0	0.00000000E+0
-1.97753906E-1	-1.84782002E-5	-1.84782002E-5	-1.97753906E-1	0.00000000E+0	0.00000000E+0
-1.95312500E-1	-1.82454005E-5	-1.82454005E-5	-1.95312500E-1	0.00000000E+0	0.00000000E+0
-1.92871094E-1	-1.80214993E-5	-1.80214993E-5	-1.92871094E-1	0.00000000E+0	0.00000000E+0
-1.90429687E-1	-1.77950005E-5	-1.77950005E-5	-1.90429687E-1	0.00000000E+0	0.00000000E+0
-1.87988281E-1	-1.75736004E-5	-1.75736004E-5	-1.87988281E-1	0.00000000E+0	0.00000000E+0
-1.85546875E-1	-1.73419994E-5	-1.73419994E-5	-1.85546875E-1	0.00000000E+0	0.00000000E+0
-1.83105469E-1	-1.71155007E-5	-1.71155007E-5	-1.83105469E-1	0.00000000E+0	0.00000000E+0
-1.80664062E-1	-1.68903007E-5	-1.68903007E-5	-1.80664062E-1	0.00000000E+0	0.00000000E+0
-1.78222656E-1	-1.66690006E-5	-1.66690006E-5	-1.78222656E-1	0.00000000E+0	0.00000000E+0
-1.75781250E-1	-1.64361009E-5	-1.64361009E-5	-1.75781250E-1	0.00000000E+0	0.00000000E+0
-1.73339844E-1	-1.62197994E-5	-1.62197994E-5	-1.73339844E-1	0.00000000E+0	0.00000000E+0
-1.70898437E-1	-1.59857009E-5	-1.59857009E-5	-1.70898437E-1	0.00000000E+0	0.00000000E+0
-1.68457031E-1	-1.57528993E-5	-1.57528993E-5	-1.68457031E-1	0.00000000E+0	0.00000000E+0
-1.66015625E-1	-1.55199996E-5	-1.55199996E-5	-1.66015625E-1	0.00000000E+0	0.00000000E+0
-1.63574219E-1	-1.53062992E-5	-1.53062992E-5	-1.63574219E-1	0.00000000E+0	0.00000000E+0
-1.61132812E-1	-1.50695996E-5	-1.50695996E-5	-1.61132812E-1	0.00000000E+0	0.00000000E+0
-1.58691406E-1	-1.48482004E-5	-1.48482004E-5	-1.58691406E-1	0.00000000E+0	0.00000000E+0
-1.56250000E-1	-1.46039001E-5	-1.46039001E-5	-1.56250000E-1	0.00000000E+0	0.00000000E+0
-1.53808594E-1	-1.43875995E-5	-1.43875995E-5	-1.53808594E-1	0.00000000E+0	0.00000000E+0
-1.51367187E-1	-1.41535002E-5	-1.41535002E-5	-1.51367187E-1	0.00000000E+0	0.00000000E+0
-1.48925781E-1	-1.39283002E-5	-1.39283002E-5	-1.48925781E-1	0.00000000E+0	0.00000000E+0
-1.46484375E-1	-1.37031002E-5	-1.37031002E-5	-1.46484375E-1	0.00000000E+0	0.00000000E+0
-1.44042969E-1	-1.34741003E-5	-1.34741003E-5	-1.44042969E-1	0.00000000E+0	0.00000000E+0
-1.41601562E-1	-1.32393998E-5	-1.32393998E-5	-1.41601562E-1	0.00000000E+0	0.00000000E+0
-1.39160156E-1	-1.30188000E-5	-1.30188000E-5	-1.39160156E-1	0.00000000E+0	0.00000000E+0
-1.36718750E-1	-1.27880003E-5	-1.27880003E-5	-1.36718750E-1	0.00000000E+0	0.00000000E+0
-1.34277344E-1	-1.25708002E-5	-1.25708002E-5	-1.34277344E-1	0.00000000E+0	0.00000000E+0
-1.31835937E-1	-1.23372001E-5	-1.23372001E-5	-1.31835937E-1	0.00000000E+0	0.00000000E+0
-1.29394531E-1	-1.21112998E-5	-1.21112998E-5	-1.29394531E-1	0.00000000E+0	0.00000000E+0
-1.26953125E-1	-1.18772004E-5	-1.18772004E-5	-1.26953125E-1	0.00000000E+0	0.00000000E+0
-1.24511719E-1	-1.16575002E-5	-1.16575002E-5	-1.24511719E-1	0.00000000E+0	0.00000000E+0
-1.22070312E-1	-1.14267004E-5	-1.14267004E-5	-1.22070312E-1	0.00000000E+0	0.00000000E+0
-1.19628906E-1	-1.12011003E-5	-1.12011003E-5	-1.19628906E-1	0.00000000E+0	0.00000000E+0
-1.17187500E-1	-1.09545999E-5	-1.09545999E-5	-1.17187500E-1	0.00000000E+0	0.00000000E+0
-1.14746094E-1	-1.07362002E-5	-1.07362002E-5	-1.14746094E-1	0.00000000E+0	0.00000000E+0
-1.12304687E-1	-1.05107001E-5	-1.05107001E-5	-1.12304687E-1	0.00000000E+0	0.00000000E+0
-1.09863281E-1	-1.02799004E-5	-1.02799004E-5	-1.09863281E-1	0.00000000E+0	0.00000000E+0
-1.07421875E-1	-1.00573998E-5	-1.00573998E-5	-1.07421875E-1	0.00000000E+0	0.00000000E+0
-1.04980469E-1	-9.83030986E-6	-9.83030986E-6	-1.04980469E-1	0.00000000E+0	0.00000000E+0
-1.02539062E-1	-9.59293993E-6	-9.59293993E-6	-1.02539062E-1	0.00000000E+0	0.00000000E+0
-1.00097656E-1	-9.37236018E-6	-9.37236018E-6	-1.00097656E-1	0.00000000E+0	0.00000000E+0
-9.76562500E-2	-9.14300017E-6	-9.14300017E-6	-9.76562500E-2	0.00000000E+0	0.00000000E+0
-9.52148438E-2	-8.91784020E-6	-8.91784020E-6	-9.52148438E-2	0.00000000E+0	0.00000000E+0
-9.27734375E-2	-8.68733969E-6	-8.68733969E-6	-9.27734375E-2	0.00000000E+0	0.00000000E+0
-9.03320313E-2	-8.46905004E-6	-8.46905004E-6	-9.03320313E-2	0.00000000E+0	0.00000000E+0
-8.78906250E-2	-8.23319988E-6	-8.23319988E-6	-8.78906250E-2	0.00000000E+0	0.00000000E+0
-8.54492188E-2	-8.00652015E-6	-8.00652015E-6	-8.54492188E-2	0.00000000E+0	0.00000000E+0
-8.30078125E-2	-7.77448986E-6	-7.77448986E-6	-8.30078125E-2	0.00000000E+0	0.00000000E+0
-8.05664063E-2	-7.54551002E-6	-7.54551002E-6	-8.05664063E-2	0.00000000E+0	0.00000000E+0
-7.81250000E-2	-7.31767977E-6	-7.31767977E-6	-7.81250000E-2	0.00000000E+0	0.00000000E+0
-7.56835938E-2	-7.09329015E-6	-7.09329015E-6	-7.56835938E-2	0.00000000E+0	0.00000000E+0
-7.32421875E-2	-6.86125986E-6	-6.86125986E-6	-7.32421875E-2	0.00000000E+0	0.00000000E+0
-7.08007813E-2	-6.63991023E-6	-6.63991023E-6	-7.08007813E-2	0.00000000E+0	0.00000000E+0
-6.83593750E-2	-6.40788994E-6	-6.40788994E-6	-6.83593750E-2	0.00000000E+0	0.00000000E+0
-6.59179688E-2	-6.18692002E-6	-6.18692002E-6	-6.59179688E-2	0.00000000E+0	0.00000000E+0
-6.34765625E-2	-5.95412985E-6	-5.95412985E-6	-6.34765625E-2	0.00000000E+0	0.00000000E+0
-6.10351563E-2	-5.72896988E-6	-5.72896988E-6	-6.10351563E-2	0.00000000E+0	0.00000000E+0
-5.85937500E-2	-5.49464994E-6	-5.49464994E-6	-5.85937500E-2	0.00000000E+0	0.00000000E+0
-5.61523438E-2	-5.27484008E-6	-5.27484008E-6	-5.61523438E-2	0.00000000E+0	0.00000000E+0
-5.37109375E-2	-5.04204991E-6	-5.04204991E-6	-5.37109375E-2	0.00000000E+0	0.00000000E+0
-5.12695313E-2	-4.81612005E-6	-4.81612005E-6	-5.12695313E-2	0.00000000E+0	0.00000000E+0
-4.88281250E-2	-4.58103978E-6	-4.58103978E-6	-4.88281250E-2	0.00000000E+0	0.00000000E+0
-4.63867188E-2	-4.35741003E-6	-4.35741003E-6	-4.63867188E-2	0.00000000E+0	0.00000000E+0
-4.39453125E-2	-4.12538020E-6	-4.12538020E-6	-4.39453125E-2	0.00000000E+0	0.00000000E+0
-4.15039063E-2	-3.89869001E-6	-3.89869001E-6	-4.15039063E-2	0.00000000E+0	0.00000000E+0
-3.90625000E-2	-3.66055997E-6	-3.66055997E-6	-3.90625000E-2	0.00000000E+0	0.00000000E+0
-3.66210938E-2	-3.44227010E-6	-3.44227010E-6	-3.66210938E-2	0.00000000E+0	0.00000000E+0
-3.41796875E-2	-3.21099992E-6	-3.21099992E-6	-3.41796875E-2	0.00000000E+0	0.00000000E+0
-3.17382813E-2	-2.98813006E-6	-2.98813006E-6	-3.17382813E-2	0.00000000E+0	0.00000000E+0
-2.92968750E-2	-2.75305001E-6	-2.75305001E-6	-2.92968750E-2	0.00000000E+0	0.00000000E+0
-2.68554688E-2	-2.53322992E-6	-2.53322992E-6	-2.68554688E-2	0.00000000E+0	0.00000000E+0
-2.44140625E-2	-2.30121009E-6	-2.30121009E-6	-2.44140625E-2	0.00000000E+0	0.00000000E+0
-2.19726563E-2	-2.07604990E-6	-2.07604990E-6	-2.19726563E-2	0.00000000E+0	0.00000000E+0
-1.95312500E-2	-1.84503995E-6	-1.84503995E-6	-1.95312500E-2	0.00000000E+0	0.00000000E+0
-1.70898438E-2	-1.62241997E-6	-1.62241997E-6	-1.70898438E-2	0.00000000E+0	0.00000000E+0
-1.46484375E-2	-1.39235999E-6	-1.39235999E-6	-1.46484375E-2	0.00000000E+0	0.00000000E+0
-1.22070313E-2	-1.16985996E-6	-1.16985996E-6	-1.22070313E-2	0.00000000E+0	0.00000000E+0
-9.76562500E-3	-9.38765027E-7	-9.38765027E-7	-9.76562500E-3	0.00000000E+0	0.00000000E+0
-7.32421875E-3	-7.16921988E-7	-7.16921988E-7	-7.32421875E-3	0.00000000E+0	0.00000000E+0
-4.88281250E-3	-4.87748025E-7	-4.87748025E-7	-4.88281250E-3	0.00000000E+0	0.00000000E+0
-2.44140625E-3	-2.66287998E-7	-2.66287998E-7	-2.44140625E-3	0.00000000E+0	0.00000000E+0
0.00000000E+0	-3.72417013E-8	-3.72417013E-8	0.00000000E+0	0.00000000E+0	0.00000000E+0
