Date: do 28 mrt 2013, Material: Au, Temp: 4.2 K
AO1 - module gain: 1.0E+0, R_out: 0.0
AO2 - module gain: 1.0E+2
MUX1 - ADC gain: 4, logarithmic amplifier: D:\LabVIEW Data\Lithographic MCBJ\MED24_070412.TXT, R_in: 0.000
MUX2 - ADC gain: 4, linear amplifier: 1.000000 x 1e10 V/A, R_in: 1.000
Breaking trace: 15 0
Axis position: -884.276423
Vbias (V)	<I> and Ii MUX1 (A)	Vbias (V)	<I> and Ii MUX2 (A)
@
0.00000000E+0	-5.03816988E-10	-5.03816988E-10	0.00000000E+0	0.00000000E+0	0.00000000E+0
2.44140625E-3	8.90729990E-10	8.90729990E-10	2.44140625E-3	0.00000000E+0	0.00000000E+0
4.88281250E-3	2.46720000E-9	2.46720000E-9	4.88281250E-3	0.00000000E+0	0.00000000E+0
7.32421875E-3	3.94584010E-9	3.94584010E-9	7.32421875E-3	0.00000000E+0	0.00000000E+0
9.76562500E-3	5.70200021E-9	5.70200021E-9	9.76562500E-3	0.00000000E+0	0.00000000E+0
1.22070313E-2	7.31730987E-9	7.31730987E-9	1.22070313E-2	0.00000000E+0	0.00000000E+0
1.46484375E-2	9.03702002E-9	9.03702002E-9	1.46484375E-2	0.00000000E+0	0.00000000E+0
1.70898438E-2	1.08456000E-8	1.08456000E-8	1.70898438E-2	0.00000000E+0	0.00000000E+0
1.95312500E-2	1.27349002E-8	1.27349002E-8	1.95312500E-2	0.00000000E+0	0.00000000E+0
2.19726563E-2	1.44617003E-8	1.44617003E-8	2.19726563E-2	0.00000000E+0	0.00000000E+0
2.44140625E-2	1.65833001E-8	1.65833001E-8	2.44140625E-2	0.00000000E+0	0.00000000E+0
2.68554688E-2	1.83111997E-8	1.83111997E-8	2.68554688E-2	0.00000000E+0	0.00000000E+0
2.92968750E-2	1.99549994E-8	1.99549994E-8	2.92968750E-2	0.00000000E+0	0.00000000E+0
3.17382813E-2	2.17925002E-8	2.17925002E-8	3.17382813E-2	0.00000000E+0	0.00000000E+0
3.41796875E-2	2.39843008E-8	2.39843008E-8	3.41796875E-2	0.00000000E+0	0.00000000E+0
3.66210938E-2	2.54102002E-8	2.54102002E-8	3.66210938E-2	0.00000000E+0	0.00000000E+0
3.90625000E-2	2.72947993E-8	2.72947993E-8	3.90625000E-2	0.00000000E+0	0.00000000E+0
4.15039063E-2	2.94356006E-8	2.94356006E-8	4.15039063E-2	0.00000000E+0	0.00000000E+0
4.39453125E-2	2.03525996E-8	2.03525996E-8	4.39453125E-2	0.00000000E+0	0.00000000E+0
4.63867188E-2	2.44736000E-8	2.44736000E-8	4.63867188E-2	0.00000000E+0	0.00000000E+0
4.88281250E-2	2.22487007E-8	2.22487007E-8	4.88281250E-2	0.00000000E+0	0.00000000E+0
5.12695313E-2	1.92745997E-8	1.92745997E-8	5.12695313E-2	0.00000000E+0	0.00000000E+0
5.37109375E-2	1.69884995E-8	1.69884995E-8	5.37109375E-2	0.00000000E+0	0.00000000E+0
5.61523438E-2	1.56429003E-8	1.56429003E-8	5.61523438E-2	0.00000000E+0	0.00000000E+0
5.85937500E-2	1.46514996E-8	1.46514996E-8	5.85937500E-2	0.00000000E+0	0.00000000E+0
6.10351563E-2	1.38309000E-8	1.38309000E-8	6.10351563E-2	0.00000000E+0	0.00000000E+0
6.34765625E-2	1.32422002E-8	1.32422002E-8	6.34765625E-2	0.00000000E+0	0.00000000E+0
6.59179688E-2	1.28137003E-8	1.28137003E-8	6.59179688E-2	0.00000000E+0	0.00000000E+0
6.83593750E-2	1.25903004E-8	1.25903004E-8	6.83593750E-2	0.00000000E+0	0.00000000E+0
7.08007813E-2	1.23717996E-8	1.23717996E-8	7.08007813E-2	0.00000000E+0	0.00000000E+0
7.32421875E-2	1.22256001E-8	1.22256001E-8	7.32421875E-2	0.00000000E+0	0.00000000E+0
7.56835938E-2	1.21893002E-8	1.21893002E-8	7.56835938E-2	0.00000000E+0	0.00000000E+0
7.81250000E-2	1.22256001E-8	1.22256001E-8	7.81250000E-2	0.00000000E+0	0.00000000E+0
8.05664063E-2	1.23095996E-8	1.23095996E-8	8.05664063E-2	0.00000000E+0	0.00000000E+0
8.30078125E-2	1.23756001E-8	1.23756001E-8	8.30078125E-2	0.00000000E+0	0.00000000E+0
8.54492188E-2	1.25542998E-8	1.25542998E-8	8.54492188E-2	0.00000000E+0	0.00000000E+0
8.78906250E-2	1.27766002E-8	1.27766002E-8	8.78906250E-2	0.00000000E+0	0.00000000E+0
9.03320313E-2	1.29963000E-8	1.29963000E-8	9.03320313E-2	0.00000000E+0	0.00000000E+0
9.27734375E-2	1.32995002E-8	1.32995002E-8	9.27734375E-2	0.00000000E+0	0.00000000E+0
9.52148438E-2	1.35939002E-8	1.35939002E-8	9.52148438E-2	0.00000000E+0	0.00000000E+0
9.76562500E-2	1.38920999E-8	1.38920999E-8	9.76562500E-2	0.00000000E+0	0.00000000E+0
1.00097656E-1	1.41902001E-8	1.41902001E-8	1.00097656E-1	0.00000000E+0	0.00000000E+0
1.02539062E-1	1.45724997E-8	1.45724997E-8	1.02539062E-1	0.00000000E+0	0.00000000E+0
1.04980469E-1	1.48707002E-8	1.48707002E-8	1.04980469E-1	0.00000000E+0	0.00000000E+0
1.07421875E-1	1.52950008E-8	1.52950008E-8	1.07421875E-1	0.00000000E+0	0.00000000E+0
1.09863281E-1	1.55663997E-8	1.55663997E-8	1.09863281E-1	0.00000000E+0	0.00000000E+0
1.12304687E-1	1.59283005E-8	1.59283005E-8	1.12304687E-1	0.00000000E+0	0.00000000E+0
1.14746094E-1	1.63080998E-8	1.63080998E-8	1.14746094E-1	0.00000000E+0	0.00000000E+0
1.17187500E-1	1.66547007E-8	1.66547007E-8	1.17187500E-1	0.00000000E+0	0.00000000E+0
1.19628906E-1	1.72236003E-8	1.72236003E-8	1.19628906E-1	0.00000000E+0	0.00000000E+0
1.22070312E-1	1.78524999E-8	1.78524999E-8	1.22070312E-1	0.00000000E+0	0.00000000E+0
1.24511719E-1	1.81735995E-8	1.81735995E-8	1.24511719E-1	0.00000000E+0	0.00000000E+0
1.26953125E-1	1.85100006E-8	1.85100006E-8	1.26953125E-1	0.00000000E+0	0.00000000E+0
1.29394531E-1	1.87851992E-8	1.87851992E-8	1.29394531E-1	0.00000000E+0	0.00000000E+0
1.31835937E-1	1.92592999E-8	1.92592999E-8	1.31835937E-1	0.00000000E+0	0.00000000E+0
1.34277344E-1	1.95880006E-8	1.95880006E-8	1.34277344E-1	0.00000000E+0	0.00000000E+0
1.36718750E-1	1.99664996E-8	1.99664996E-8	1.36718750E-1	0.00000000E+0	0.00000000E+0
1.39160156E-1	2.01206998E-8	2.01206998E-8	1.39160156E-1	0.00000000E+0	0.00000000E+0
1.41601562E-1	2.04443005E-8	2.04443005E-8	1.41601562E-1	0.00000000E+0	0.00000000E+0
1.44042969E-1	2.09464002E-8	2.09464002E-8	1.44042969E-1	0.00000000E+0	0.00000000E+0
1.46484375E-1	2.13617994E-8	2.13617994E-8	1.46484375E-1	0.00000000E+0	0.00000000E+0
1.48925781E-1	2.17212008E-8	2.17212008E-8	1.48925781E-1	0.00000000E+0	0.00000000E+0
1.51367187E-1	2.20576002E-8	2.20576002E-8	1.51367187E-1	0.00000000E+0	0.00000000E+0
1.53808594E-1	2.25315997E-8	2.25315997E-8	1.53808594E-1	0.00000000E+0	0.00000000E+0
1.56250000E-1	2.29827002E-8	2.29827002E-8	1.56250000E-1	0.00000000E+0	0.00000000E+0
1.58691406E-1	2.33037998E-8	2.33037998E-8	1.58691406E-1	0.00000000E+0	0.00000000E+0
1.61132812E-1	2.36783997E-8	2.36783997E-8	1.61132812E-1	0.00000000E+0	0.00000000E+0
1.63574219E-1	2.40644997E-8	2.40644997E-8	1.63574219E-1	0.00000000E+0	0.00000000E+0
1.66015625E-1	2.44315004E-8	2.44315004E-8	1.66015625E-1	0.00000000E+0	0.00000000E+0
1.68457031E-1	2.48864005E-8	2.48864005E-8	1.68457031E-1	0.00000000E+0	0.00000000E+0
1.70898437E-1	2.53146002E-8	2.53146002E-8	1.70898437E-1	0.00000000E+0	0.00000000E+0
1.73339844E-1	2.56356998E-8	2.56356998E-8	1.73339844E-1	0.00000000E+0	0.00000000E+0
1.75781250E-1	2.60217998E-8	2.60217998E-8	1.75781250E-1	0.00000000E+0	0.00000000E+0
1.78222656E-1	2.64078999E-8	2.64078999E-8	1.78222656E-1	0.00000000E+0	0.00000000E+0
1.80664062E-1	2.67824998E-8	2.67824998E-8	1.80664062E-1	0.00000000E+0	0.00000000E+0
1.83105469E-1	2.71228000E-8	2.71228000E-8	1.83105469E-1	0.00000000E+0	0.00000000E+0
1.85546875E-1	2.75699996E-8	2.75699996E-8	1.85546875E-1	0.00000000E+0	0.00000000E+0
1.87988281E-1	2.79217005E-8	2.79217005E-8	1.87988281E-1	0.00000000E+0	0.00000000E+0
1.90429687E-1	2.82313994E-8	2.82313994E-8	1.90429687E-1	0.00000000E+0	0.00000000E+0
1.92871094E-1	2.86098008E-8	2.86098008E-8	1.92871094E-1	0.00000000E+0	0.00000000E+0
1.95312500E-1	2.89462996E-8	2.89462996E-8	1.95312500E-1	0.00000000E+0	0.00000000E+0
1.97753906E-1	2.93132008E-8	2.93132008E-8	1.97753906E-1	0.00000000E+0	0.00000000E+0
2.00195312E-1	2.96191001E-8	2.96191001E-8	2.00195312E-1	0.00000000E+0	0.00000000E+0
2.02636719E-1	2.98942986E-8	2.98942986E-8	2.02636719E-1	0.00000000E+0	0.00000000E+0
2.05078125E-1	3.03109999E-8	3.03109999E-8	2.05078125E-1	0.00000000E+0	0.00000000E+0
2.07519531E-1	3.06167998E-8	3.06167998E-8	2.07519531E-1	0.00000000E+0	0.00000000E+0
2.09960937E-1	3.09876000E-8	3.09876000E-8	2.09960937E-1	0.00000000E+0	0.00000000E+0
2.12402344E-1	3.12246016E-8	3.12246016E-8	2.12402344E-1	0.00000000E+0	0.00000000E+0
2.14843750E-1	3.16718989E-8	3.16718989E-8	2.14843750E-1	0.00000000E+0	0.00000000E+0
2.17285156E-1	3.20312985E-8	3.20312985E-8	2.17285156E-1	0.00000000E+0	0.00000000E+0
2.19726562E-1	3.23982015E-8	3.23982015E-8	2.19726562E-1	0.00000000E+0	0.00000000E+0
2.22167969E-1	3.27767005E-8	3.27767005E-8	2.22167969E-1	0.00000000E+0	0.00000000E+0
2.24609375E-1	3.30825003E-8	3.30825003E-8	2.24609375E-1	0.00000000E+0	0.00000000E+0
2.27050781E-1	3.34915988E-8	3.34915988E-8	2.27050781E-1	0.00000000E+0	0.00000000E+0
2.29492187E-1	3.37782993E-8	3.37782993E-8	2.29492187E-1	0.00000000E+0	0.00000000E+0
2.31933594E-1	3.40916984E-8	3.40916984E-8	2.31933594E-1	0.00000000E+0	0.00000000E+0
2.34375000E-1	3.44893003E-8	3.44893003E-8	2.34375000E-1	0.00000000E+0	0.00000000E+0
2.36816406E-1	3.47454012E-8	3.47454012E-8	2.36816406E-1	0.00000000E+0	0.00000000E+0
2.39257812E-1	3.51163010E-8	3.51163010E-8	2.39257812E-1	0.00000000E+0	0.00000000E+0
2.41699219E-1	3.54756011E-8	3.54756011E-8	2.41699219E-1	0.00000000E+0	0.00000000E+0
2.44140625E-1	3.58655008E-8	3.58655008E-8	2.44140625E-1	0.00000000E+0	0.00000000E+0
2.46582031E-1	3.61713006E-8	3.61713006E-8	2.46582031E-1	0.00000000E+0	0.00000000E+0
2.49023437E-1	3.65766013E-8	3.65766013E-8	2.49023437E-1	0.00000000E+0	0.00000000E+0
2.51464844E-1	3.69436002E-8	3.69436002E-8	2.51464844E-1	0.00000000E+0	0.00000000E+0
2.53906250E-1	3.72417013E-8	3.72417013E-8	2.53906250E-1	0.00000000E+0	0.00000000E+0
2.56347656E-1	3.75170011E-8	3.75170011E-8	2.56347656E-1	0.00000000E+0	0.00000000E+0
2.58789062E-1	3.79450995E-8	3.79450995E-8	2.58789062E-1	0.00000000E+0	0.00000000E+0
2.61230469E-1	3.83733010E-8	3.83733010E-8	2.61230469E-1	0.00000000E+0	0.00000000E+0
2.63671875E-1	3.88091017E-8	3.88091017E-8	2.63671875E-1	0.00000000E+0	0.00000000E+0
2.66113281E-1	3.90842985E-8	3.90842985E-8	2.66113281E-1	0.00000000E+0	0.00000000E+0
2.68554687E-1	3.95066984E-8	3.95066984E-8	2.68554687E-1	0.00000000E+0	0.00000000E+0
2.70996094E-1	3.98182998E-8	3.98182998E-8	2.70996094E-1	0.00000000E+0	0.00000000E+0
2.73437500E-1	4.03687999E-8	4.03687999E-8	2.73437500E-1	0.00000000E+0	0.00000000E+0
2.75878906E-1	4.06134006E-8	4.06134006E-8	2.75878906E-1	0.00000000E+0	0.00000000E+0
2.78320312E-1	4.09498000E-8	4.09498000E-8	2.78320312E-1	0.00000000E+0	0.00000000E+0
2.80761719E-1	4.12901002E-8	4.12901002E-8	2.80761719E-1	0.00000000E+0	0.00000000E+0
2.83203125E-1	4.16761985E-8	4.16761985E-8	2.83203125E-1	0.00000000E+0	0.00000000E+0
2.85644531E-1	4.22343014E-8	4.22343014E-8	2.85644531E-1	0.00000000E+0	0.00000000E+0
2.88085937E-1	4.25401012E-8	4.25401012E-8	2.88085937E-1	0.00000000E+0	0.00000000E+0
2.90527344E-1	4.29645013E-8	4.29645013E-8	2.90527344E-1	0.00000000E+0	0.00000000E+0
2.92968750E-1	4.32512017E-8	4.32512017E-8	2.92968750E-1	0.00000000E+0	0.00000000E+0
2.95410156E-1	4.37098997E-8	4.37098997E-8	2.95410156E-1	0.00000000E+0	0.00000000E+0
2.97851562E-1	4.41075017E-8	4.41075017E-8	2.97851562E-1	0.00000000E+0	0.00000000E+0
3.00292969E-1	4.44974013E-8	4.44974013E-8	3.00292969E-1	0.00000000E+0	0.00000000E+0
3.02734375E-1	4.48892017E-8	4.48892017E-8	3.02734375E-1	0.00000000E+0	0.00000000E+0
3.05175781E-1	4.53002009E-8	4.53002009E-8	3.05175781E-1	0.00000000E+0	0.00000000E+0
3.07617187E-1	4.56977993E-8	4.56977993E-8	3.07617187E-1	0.00000000E+0	0.00000000E+0
3.10058594E-1	4.60341987E-8	4.60341987E-8	3.10058594E-1	0.00000000E+0	0.00000000E+0
3.12500000E-1	4.63973002E-8	4.63973002E-8	3.12500000E-1	0.00000000E+0	0.00000000E+0
3.14941406E-1	4.69593004E-8	4.69593004E-8	3.14941406E-1	0.00000000E+0	0.00000000E+0
3.17382812E-1	4.72536001E-8	4.72536001E-8	3.17382812E-1	0.00000000E+0	0.00000000E+0
3.19824219E-1	4.76493014E-8	4.76493014E-8	3.19824219E-1	0.00000000E+0	0.00000000E+0
3.22265625E-1	4.81214002E-8	4.81214002E-8	3.22265625E-1	0.00000000E+0	0.00000000E+0
3.24707031E-1	4.85343001E-8	4.85343001E-8	3.24707031E-1	0.00000000E+0	0.00000000E+0
3.27148437E-1	4.89166005E-8	4.89166005E-8	3.27148437E-1	0.00000000E+0	0.00000000E+0
3.29589844E-1	4.92224004E-8	4.92224004E-8	3.29589844E-1	0.00000000E+0	0.00000000E+0
3.32031250E-1	4.96353003E-8	4.96353003E-8	3.32031250E-1	0.00000000E+0	0.00000000E+0
3.34472656E-1	5.00557995E-8	5.00557995E-8	3.34472656E-1	0.00000000E+0	0.00000000E+0
3.36914062E-1	5.03845001E-8	5.03845001E-8	3.36914062E-1	0.00000000E+0	0.00000000E+0
3.39355469E-1	5.08049993E-8	5.08049993E-8	3.39355469E-1	0.00000000E+0	0.00000000E+0
3.41796875E-1	5.12178993E-8	5.12178993E-8	3.41796875E-1	0.00000000E+0	0.00000000E+0
3.44238281E-1	5.15849017E-8	5.15849017E-8	3.44238281E-1	0.00000000E+0	0.00000000E+0
3.46679687E-1	5.20895007E-8	5.20895007E-8	3.46679687E-1	0.00000000E+0	0.00000000E+0
3.49121094E-1	5.25099999E-8	5.25099999E-8	3.49121094E-1	0.00000000E+0	0.00000000E+0
3.51562500E-1	5.27087991E-8	5.27087991E-8	3.51562500E-1	0.00000000E+0	0.00000000E+0
3.54003906E-1	5.31751994E-8	5.31751994E-8	3.54003906E-1	0.00000000E+0	0.00000000E+0
3.56445312E-1	5.47271988E-8	5.47271988E-8	3.56445312E-1	0.00000000E+0	0.00000000E+0
3.58886719E-1	5.77318993E-8	5.77318993E-8	3.58886719E-1	0.00000000E+0	0.00000000E+0
3.61328125E-1	5.81753987E-8	5.81753987E-8	3.61328125E-1	0.00000000E+0	0.00000000E+0
3.63769531E-1	5.84659006E-8	5.84659006E-8	3.63769531E-1	0.00000000E+0	0.00000000E+0
3.66210937E-1	5.89094000E-8	5.89094000E-8	3.66210937E-1	0.00000000E+0	0.00000000E+0
3.68652344E-1	5.92916010E-8	5.92916010E-8	3.68652344E-1	0.00000000E+0	0.00000000E+0
3.71093750E-1	5.97427032E-8	5.97427032E-8	3.71093750E-1	0.00000000E+0	0.00000000E+0
3.73535156E-1	6.00791026E-8	6.00791026E-8	3.73535156E-1	0.00000000E+0	0.00000000E+0
3.75976562E-1	6.04844033E-8	6.04844033E-8	3.75976562E-1	0.00000000E+0	0.00000000E+0
3.78417969E-1	6.09202004E-8	6.09202004E-8	3.78417969E-1	0.00000000E+0	0.00000000E+0
3.80859375E-1	6.13520967E-8	6.13520967E-8	3.80859375E-1	0.00000000E+0	0.00000000E+0
3.83300781E-1	6.16618010E-8	6.16618010E-8	3.83300781E-1	0.00000000E+0	0.00000000E+0
3.85742187E-1	6.21854994E-8	6.21854994E-8	3.85742187E-1	0.00000000E+0	0.00000000E+0
3.88183594E-1	6.24722034E-8	6.24722034E-8	3.88183594E-1	0.00000000E+0	0.00000000E+0
3.90625000E-1	6.28927026E-8	6.28927026E-8	3.90625000E-1	0.00000000E+0	0.00000000E+0
3.93066406E-1	6.30914982E-8	6.30914982E-8	3.93066406E-1	0.00000000E+0	0.00000000E+0
3.95507812E-1	6.35387991E-8	6.35387991E-8	3.95507812E-1	0.00000000E+0	0.00000000E+0
3.97949219E-1	6.39287023E-8	6.39287023E-8	3.97949219E-1	0.00000000E+0	0.00000000E+0
4.00390625E-1	6.42039026E-8	6.42039026E-8	4.00390625E-1	0.00000000E+0	0.00000000E+0
4.02832031E-1	6.44676987E-8	6.44676987E-8	4.02832031E-1	0.00000000E+0	0.00000000E+0
4.05273437E-1	6.47849987E-8	6.47849987E-8	4.05273437E-1	0.00000000E+0	0.00000000E+0
4.07714844E-1	6.51100009E-8	6.51100009E-8	4.07714844E-1	0.00000000E+0	0.00000000E+0
4.10156250E-1	6.56604016E-8	6.56604016E-8	4.10156250E-1	0.00000000E+0	0.00000000E+0
4.12597656E-1	6.59204034E-8	6.59204034E-8	4.12597656E-1	0.00000000E+0	0.00000000E+0
4.15039062E-1	6.63829027E-8	6.63829027E-8	4.15039062E-1	0.00000000E+0	0.00000000E+0
4.17480469E-1	6.67996005E-8	6.67996005E-8	4.17480469E-1	0.00000000E+0	0.00000000E+0
4.19921875E-1	6.70901983E-8	6.70901983E-8	4.19921875E-1	0.00000000E+0	0.00000000E+0
4.22363281E-1	6.75489034E-8	6.75489034E-8	4.22363281E-1	0.00000000E+0	0.00000000E+0
4.24804687E-1	6.78815013E-8	6.78815013E-8	4.24804687E-1	0.00000000E+0	0.00000000E+0
4.27246094E-1	6.84051997E-8	6.84051997E-8	4.27246094E-1	0.00000000E+0	0.00000000E+0
4.29687500E-1	6.89097988E-8	6.89097988E-8	4.29687500E-1	0.00000000E+0	0.00000000E+0
4.32128906E-1	6.92615032E-8	6.92615032E-8	4.32128906E-1	0.00000000E+0	0.00000000E+0
4.34570312E-1	6.95979026E-8	6.95979026E-8	4.34570312E-1	0.00000000E+0	0.00000000E+0
4.37011719E-1	7.00489977E-8	7.00489977E-8	4.37011719E-1	0.00000000E+0	0.00000000E+0
4.39453125E-1	7.05573981E-8	7.05573981E-8	4.39453125E-1	0.00000000E+0	0.00000000E+0
4.41894531E-1	7.09244006E-8	7.09244006E-8	4.41894531E-1	0.00000000E+0	0.00000000E+0
4.44335937E-1	7.13640986E-8	7.13640986E-8	4.44335937E-1	0.00000000E+0	0.00000000E+0
4.46777344E-1	7.18227966E-8	7.18227966E-8	4.46777344E-1	0.00000000E+0	0.00000000E+0
4.49218750E-1	7.21476994E-8	7.21476994E-8	4.49218750E-1	0.00000000E+0	0.00000000E+0
4.51660156E-1	7.25147018E-8	7.25147018E-8	4.51660156E-1	0.00000000E+0	0.00000000E+0
4.54101562E-1	7.30002014E-8	7.30002014E-8	4.54101562E-1	0.00000000E+0	0.00000000E+0
4.56542969E-1	7.34321972E-8	7.34321972E-8	4.56542969E-1	0.00000000E+0	0.00000000E+0
4.58984375E-1	7.37877031E-8	7.37877031E-8	4.58984375E-1	0.00000000E+0	0.00000000E+0
4.61425781E-1	7.42464010E-8	7.42464010E-8	4.61425781E-1	0.00000000E+0	0.00000000E+0
4.63867187E-1	7.46058006E-8	7.46058006E-8	4.63867187E-1	0.00000000E+0	0.00000000E+0
4.66308594E-1	7.50262998E-8	7.50262998E-8	4.66308594E-1	0.00000000E+0	0.00000000E+0
4.68750000E-1	7.55308989E-8	7.55308989E-8	4.68750000E-1	0.00000000E+0	0.00000000E+0
4.71191406E-1	7.57526024E-8	7.57526024E-8	4.71191406E-1	0.00000000E+0	0.00000000E+0
4.73632812E-1	7.61616974E-8	7.61616974E-8	4.73632812E-1	0.00000000E+0	0.00000000E+0
4.76074219E-1	7.66547998E-8	7.66547998E-8	4.76074219E-1	0.00000000E+0	0.00000000E+0
4.78515625E-1	7.70830013E-8	7.70830013E-8	4.78515625E-1	0.00000000E+0	0.00000000E+0
4.80957031E-1	7.75148976E-8	7.75148976E-8	4.80957031E-1	0.00000000E+0	0.00000000E+0
4.83398437E-1	7.80424969E-8	7.80424969E-8	4.83398437E-1	0.00000000E+0	0.00000000E+0
4.85839844E-1	7.84056979E-8	7.84056979E-8	4.85839844E-1	0.00000000E+0	0.00000000E+0
4.88281250E-1	7.88988004E-8	7.88988004E-8	4.88281250E-1	0.00000000E+0	0.00000000E+0
4.90722656E-1	7.92874033E-8	7.92874033E-8	4.90722656E-1	0.00000000E+0	0.00000000E+0
4.93164062E-1	7.97322031E-8	7.97322031E-8	4.93164062E-1	0.00000000E+0	0.00000000E+0
4.90722656E-1	7.91320005E-8	7.91320005E-8	4.90722656E-1	0.00000000E+0	0.00000000E+0
4.88281250E-1	7.87037990E-8	7.87037990E-8	4.88281250E-1	0.00000000E+0	0.00000000E+0
4.85839844E-1	7.82298031E-8	7.82298031E-8	4.85839844E-1	0.00000000E+0	0.00000000E+0
4.83398437E-1	7.78246019E-8	7.78246019E-8	4.83398437E-1	0.00000000E+0	0.00000000E+0
4.80957031E-1	7.75148976E-8	7.75148976E-8	4.80957031E-1	0.00000000E+0	0.00000000E+0
4.78515625E-1	7.68689006E-8	7.68689006E-8	4.78515625E-1	0.00000000E+0	0.00000000E+0
4.76074219E-1	7.65630972E-8	7.65630972E-8	4.76074219E-1	0.00000000E+0	0.00000000E+0
4.73632812E-1	7.60201999E-8	7.60201999E-8	4.73632812E-1	0.00000000E+0	0.00000000E+0
4.71191406E-1	7.57028999E-8	7.57028999E-8	4.71191406E-1	0.00000000E+0	0.00000000E+0
4.68750000E-1	7.52938973E-8	7.52938973E-8	4.68750000E-1	0.00000000E+0	0.00000000E+0
4.66308594E-1	7.49690017E-8	7.49690017E-8	4.66308594E-1	0.00000000E+0	0.00000000E+0
4.63867187E-1	7.42961035E-8	7.42961035E-8	4.63867187E-1	0.00000000E+0	0.00000000E+0
4.61425781E-1	7.38335970E-8	7.38335970E-8	4.61425781E-1	0.00000000E+0	0.00000000E+0
4.58984375E-1	7.34934034E-8	7.34934034E-8	4.58984375E-1	0.00000000E+0	0.00000000E+0
4.56542969E-1	7.32180965E-8	7.32180965E-8	4.56542969E-1	0.00000000E+0	0.00000000E+0
4.54101562E-1	6.89595012E-8	6.89595012E-8	4.54101562E-1	0.00000000E+0	0.00000000E+0
4.51660156E-1	6.74419027E-8	6.74419027E-8	4.51660156E-1	0.00000000E+0	0.00000000E+0
4.49218750E-1	6.72278020E-8	6.72278020E-8	4.49218750E-1	0.00000000E+0	0.00000000E+0
4.46777344E-1	6.67078979E-8	6.67078979E-8	4.46777344E-1	0.00000000E+0	0.00000000E+0
4.44335937E-1	7.10696995E-8	7.10696995E-8	4.44335937E-1	0.00000000E+0	0.00000000E+0
4.41894531E-1	7.06148029E-8	7.06148029E-8	4.41894531E-1	0.00000000E+0	0.00000000E+0
4.39453125E-1	7.02325025E-8	7.02325025E-8	4.39453125E-1	0.00000000E+0	0.00000000E+0
4.37011719E-1	6.97852016E-8	6.97852016E-8	4.37011719E-1	0.00000000E+0	0.00000000E+0
4.34570312E-1	6.94488023E-8	6.94488023E-8	4.34570312E-1	0.00000000E+0	0.00000000E+0
4.32128906E-1	6.91048001E-8	6.91048001E-8	4.32128906E-1	0.00000000E+0	0.00000000E+0
4.29687500E-1	6.87034003E-8	6.87034003E-8	4.29687500E-1	0.00000000E+0	0.00000000E+0
4.27246094E-1	6.84051997E-8	6.84051997E-8	4.27246094E-1	0.00000000E+0	0.00000000E+0
4.24804687E-1	6.81069992E-8	6.81069992E-8	4.24804687E-1	0.00000000E+0	0.00000000E+0
4.22363281E-1	6.74419027E-8	6.74419027E-8	4.22363281E-1	0.00000000E+0	0.00000000E+0
4.19921875E-1	6.71283971E-8	6.71283971E-8	4.19921875E-1	0.00000000E+0	0.00000000E+0
4.17480469E-1	6.67498981E-8	6.67498981E-8	4.17480469E-1	0.00000000E+0	0.00000000E+0
4.15039062E-1	6.65741027E-8	6.65741027E-8	4.15039062E-1	0.00000000E+0	0.00000000E+0
4.12597656E-1	6.60045032E-8	6.60045032E-8	4.12597656E-1	0.00000000E+0	0.00000000E+0
4.10156250E-1	6.57521966E-8	6.57521966E-8	4.10156250E-1	0.00000000E+0	0.00000000E+0
4.07714844E-1	6.51520011E-8	6.51520011E-8	4.07714844E-1	0.00000000E+0	0.00000000E+0
4.05273437E-1	6.48499991E-8	6.48499991E-8	4.05273437E-1	0.00000000E+0	0.00000000E+0
4.02832031E-1	6.44676987E-8	6.44676987E-8	4.02832031E-1	0.00000000E+0	0.00000000E+0
4.00390625E-1	6.42039026E-8	6.42039026E-8	4.00390625E-1	0.00000000E+0	0.00000000E+0
3.97949219E-1	6.36726014E-8	6.36726014E-8	3.97949219E-1	0.00000000E+0	0.00000000E+0
3.95507812E-1	6.31833004E-8	6.31833004E-8	3.95507812E-1	0.00000000E+0	0.00000000E+0
3.93066406E-1	6.27857020E-8	6.27857020E-8	3.93066406E-1	0.00000000E+0	0.00000000E+0
3.90625000E-1	6.24722034E-8	6.24722034E-8	3.90625000E-1	0.00000000E+0	0.00000000E+0
3.88183594E-1	6.19982004E-8	6.19982004E-8	3.88183594E-1	0.00000000E+0	0.00000000E+0
3.85742187E-1	6.17497022E-8	6.17497022E-8	3.85742187E-1	0.00000000E+0	0.00000000E+0
3.83300781E-1	6.13520967E-8	6.13520967E-8	3.83300781E-1	0.00000000E+0	0.00000000E+0
3.80859375E-1	6.09202004E-8	6.09202004E-8	3.80859375E-1	0.00000000E+0	0.00000000E+0
3.78417969E-1	6.04844033E-8	6.04844033E-8	3.78417969E-1	0.00000000E+0	0.00000000E+0
3.75976562E-1	6.00791026E-8	6.00791026E-8	3.75976562E-1	0.00000000E+0	0.00000000E+0
3.73535156E-1	5.96662986E-8	5.96662986E-8	3.73535156E-1	0.00000000E+0	0.00000000E+0
3.71093750E-1	5.93872009E-8	5.93872009E-8	3.71093750E-1	0.00000000E+0	0.00000000E+0
3.68652344E-1	5.90699010E-8	5.90699010E-8	3.68652344E-1	0.00000000E+0	0.00000000E+0
3.66210937E-1	5.85805999E-8	5.85805999E-8	3.66210937E-1	0.00000000E+0	0.00000000E+0
3.63769531E-1	5.81525015E-8	5.81525015E-8	3.63769531E-1	0.00000000E+0	0.00000000E+0
3.61328125E-1	5.78504995E-8	5.78504995E-8	3.61328125E-1	0.00000000E+0	0.00000000E+0
3.58886719E-1	5.73419996E-8	5.73419996E-8	3.58886719E-1	0.00000000E+0	0.00000000E+0
3.56445312E-1	5.69330005E-8	5.69330005E-8	3.56445312E-1	0.00000000E+0	0.00000000E+0
3.54003906E-1	5.66157006E-8	5.66157006E-8	3.54003906E-1	0.00000000E+0	0.00000000E+0
3.51562500E-1	5.61874991E-8	5.61874991E-8	3.51562500E-1	0.00000000E+0	0.00000000E+0
3.49121094E-1	5.56675985E-8	5.56675985E-8	3.49121094E-1	0.00000000E+0	0.00000000E+0
3.46679687E-1	5.52318014E-8	5.52318014E-8	3.46679687E-1	0.00000000E+0	0.00000000E+0
3.44238281E-1	5.48647989E-8	5.48647989E-8	3.44238281E-1	0.00000000E+0	0.00000000E+0
3.41796875E-1	5.45589991E-8	5.45589991E-8	3.41796875E-1	0.00000000E+0	0.00000000E+0
3.39355469E-1	5.41423013E-8	5.41423013E-8	3.39355469E-1	0.00000000E+0	0.00000000E+0
3.36914062E-1	5.36110001E-8	5.36110001E-8	3.36914062E-1	0.00000000E+0	0.00000000E+0
3.34472656E-1	5.32668984E-8	5.32668984E-8	3.34472656E-1	0.00000000E+0	0.00000000E+0
3.32031250E-1	5.28998996E-8	5.28998996E-8	3.32031250E-1	0.00000000E+0	0.00000000E+0
3.29589844E-1	5.24259001E-8	5.24259001E-8	3.29589844E-1	0.00000000E+0	0.00000000E+0
3.27148437E-1	5.19825001E-8	5.19825001E-8	3.27148437E-1	0.00000000E+0	0.00000000E+0
3.24707031E-1	5.16155012E-8	5.16155012E-8	3.24707031E-1	0.00000000E+0	0.00000000E+0
3.22265625E-1	5.12484988E-8	5.12484988E-8	3.22265625E-1	0.00000000E+0	0.00000000E+0
3.19824219E-1	5.07668005E-8	5.07668005E-8	3.19824219E-1	0.00000000E+0	0.00000000E+0
3.17382812E-1	5.03845001E-8	5.03845001E-8	3.17382812E-1	0.00000000E+0	0.00000000E+0
3.14941406E-1	5.01781017E-8	5.01781017E-8	3.14941406E-1	0.00000000E+0	0.00000000E+0
3.12500000E-1	4.95893993E-8	4.95893993E-8	3.12500000E-1	0.00000000E+0	0.00000000E+0
3.10058594E-1	4.91153997E-8	4.91153997E-8	3.10058594E-1	0.00000000E+0	0.00000000E+0
3.07617187E-1	4.87330993E-8	4.87330993E-8	3.07617187E-1	0.00000000E+0	0.00000000E+0
3.05175781E-1	4.82514011E-8	4.82514011E-8	3.05175781E-1	0.00000000E+0	0.00000000E+0
3.02734375E-1	4.78615014E-8	4.78615014E-8	3.02734375E-1	0.00000000E+0	0.00000000E+0
3.00292969E-1	4.74868003E-8	4.74868003E-8	3.00292969E-1	0.00000000E+0	0.00000000E+0
2.97851562E-1	4.70586983E-8	4.70586983E-8	2.97851562E-1	0.00000000E+0	0.00000000E+0
2.95410156E-1	4.65616985E-8	4.65616985E-8	2.95410156E-1	0.00000000E+0	0.00000000E+0
2.92968750E-1	4.61565008E-8	4.61565008E-8	2.92968750E-1	0.00000000E+0	0.00000000E+0
2.90527344E-1	4.57588989E-8	4.57588989E-8	2.90527344E-1	0.00000000E+0	0.00000000E+0
2.88085937E-1	4.53995987E-8	4.53995987E-8	2.88085937E-1	0.00000000E+0	0.00000000E+0
2.85644531E-1	4.49866988E-8	4.49866988E-8	2.85644531E-1	0.00000000E+0	0.00000000E+0
2.83203125E-1	4.46196999E-8	4.46196999E-8	2.83203125E-1	0.00000000E+0	0.00000000E+0
2.80761719E-1	4.41916015E-8	4.41916015E-8	2.80761719E-1	0.00000000E+0	0.00000000E+0
2.78320312E-1	4.38016983E-8	4.38016983E-8	2.78320312E-1	0.00000000E+0	0.00000000E+0
2.75878906E-1	4.32090985E-8	4.32090985E-8	2.75878906E-1	0.00000000E+0	0.00000000E+0
2.73437500E-1	4.28841993E-8	4.28841993E-8	2.73437500E-1	0.00000000E+0	0.00000000E+0
2.70996094E-1	4.24177991E-8	4.24177991E-8	2.70996094E-1	0.00000000E+0	0.00000000E+0
2.68554687E-1	4.20432009E-8	4.20432009E-8	2.68554687E-1	0.00000000E+0	0.00000000E+0
2.66113281E-1	4.16531982E-8	4.16531982E-8	2.66113281E-1	0.00000000E+0	0.00000000E+0
2.63671875E-1	4.12901002E-8	4.12901002E-8	2.63671875E-1	0.00000000E+0	0.00000000E+0
2.61230469E-1	4.08657002E-8	4.08657002E-8	2.61230469E-1	0.00000000E+0	0.00000000E+0
2.58789062E-1	4.04988008E-8	4.04988008E-8	2.58789062E-1	0.00000000E+0	0.00000000E+0
2.56347656E-1	4.01852986E-8	4.01852986E-8	2.56347656E-1	0.00000000E+0	0.00000000E+0
2.53906250E-1	3.97877002E-8	3.97877002E-8	2.53906250E-1	0.00000000E+0	0.00000000E+0
2.51464844E-1	3.94513009E-8	3.94513009E-8	2.51464844E-1	0.00000000E+0	0.00000000E+0
2.49023437E-1	3.90536989E-8	3.90536989E-8	2.49023437E-1	0.00000000E+0	0.00000000E+0
2.46582031E-1	3.85950010E-8	3.85950010E-8	2.46582031E-1	0.00000000E+0	0.00000000E+0
2.44140625E-1	3.82509988E-8	3.82509988E-8	2.44140625E-1	0.00000000E+0	0.00000000E+0
2.41699219E-1	3.78839999E-8	3.78839999E-8	2.41699219E-1	0.00000000E+0	0.00000000E+0
2.39257812E-1	3.74329012E-8	3.74329012E-8	2.39257812E-1	0.00000000E+0	0.00000000E+0
2.36816406E-1	3.71499986E-8	3.71499986E-8	2.36816406E-1	0.00000000E+0	0.00000000E+0
2.34375000E-1	3.68020991E-8	3.68020991E-8	2.34375000E-1	0.00000000E+0	0.00000000E+0
2.31933594E-1	3.64466004E-8	3.64466004E-8	2.31933594E-1	0.00000000E+0	0.00000000E+0
2.29492187E-1	3.60948995E-8	3.60948995E-8	2.29492187E-1	0.00000000E+0	0.00000000E+0
2.27050781E-1	3.57431986E-8	3.57431986E-8	2.27050781E-1	0.00000000E+0	0.00000000E+0
2.24609375E-1	3.54067993E-8	3.54067993E-8	2.24609375E-1	0.00000000E+0	0.00000000E+0
2.22167969E-1	3.49481013E-8	3.49481013E-8	2.22167969E-1	0.00000000E+0	0.00000000E+0
2.19726562E-1	3.46001983E-8	3.46001983E-8	2.19726562E-1	0.00000000E+0	0.00000000E+0
2.17285156E-1	3.42676003E-8	3.42676003E-8	2.17285156E-1	0.00000000E+0	0.00000000E+0
2.14843750E-1	3.38165016E-8	3.38165016E-8	2.14843750E-1	0.00000000E+0	0.00000000E+0
2.12402344E-1	3.35107018E-8	3.35107018E-8	2.12402344E-1	0.00000000E+0	0.00000000E+0
2.09960937E-1	3.31512986E-8	3.31512986E-8	2.09960937E-1	0.00000000E+0	0.00000000E+0
2.07519531E-1	3.28073000E-8	3.28073000E-8	2.07519531E-1	0.00000000E+0	0.00000000E+0
2.05078125E-1	3.23790985E-8	3.23790985E-8	2.05078125E-1	0.00000000E+0	0.00000000E+0
2.02636719E-1	3.20120996E-8	3.20120996E-8	2.02636719E-1	0.00000000E+0	0.00000000E+0
2.00195312E-1	3.16031006E-8	3.16031006E-8	2.00195312E-1	0.00000000E+0	0.00000000E+0
1.97753906E-1	3.12782014E-8	3.12782014E-8	1.97753906E-1	0.00000000E+0	0.00000000E+0
1.95312500E-1	3.08653014E-8	3.08653014E-8	1.95312500E-1	0.00000000E+0	0.00000000E+0
1.92871094E-1	3.04754018E-8	3.04754018E-8	1.92871094E-1	0.00000000E+0	0.00000000E+0
1.90429687E-1	3.01237009E-8	3.01237009E-8	1.90429687E-1	0.00000000E+0	0.00000000E+0
1.87988281E-1	2.97184997E-8	2.97184997E-8	1.87988281E-1	0.00000000E+0	0.00000000E+0
1.85546875E-1	2.93132008E-8	2.93132008E-8	1.85546875E-1	0.00000000E+0	0.00000000E+0
1.83105469E-1	2.89309998E-8	2.89309998E-8	1.83105469E-1	0.00000000E+0	0.00000000E+0
1.80664062E-1	2.84722006E-8	2.84722006E-8	1.80664062E-1	0.00000000E+0	0.00000000E+0
1.78222656E-1	2.81664008E-8	2.81664008E-8	1.78222656E-1	0.00000000E+0	0.00000000E+0
1.75781250E-1	2.76923995E-8	2.76923995E-8	1.75781250E-1	0.00000000E+0	0.00000000E+0
1.73339844E-1	2.72947993E-8	2.72947993E-8	1.73339844E-1	0.00000000E+0	0.00000000E+0
1.70898437E-1	2.69699001E-8	2.69699001E-8	1.70898437E-1	0.00000000E+0	0.00000000E+0
1.68457031E-1	2.65111009E-8	2.65111009E-8	1.68457031E-1	0.00000000E+0	0.00000000E+0
1.66015625E-1	2.60943995E-8	2.60943995E-8	1.66015625E-1	0.00000000E+0	0.00000000E+0
1.63574219E-1	2.56356998E-8	2.56356998E-8	1.63574219E-1	0.00000000E+0	0.00000000E+0
1.61132812E-1	2.52458001E-8	2.52458001E-8	1.61132812E-1	0.00000000E+0	0.00000000E+0
1.58691406E-1	2.48252991E-8	2.48252991E-8	1.58691406E-1	0.00000000E+0	0.00000000E+0
1.56250000E-1	2.43474005E-8	2.43474005E-8	1.56250000E-1	0.00000000E+0	0.00000000E+0
1.53808594E-1	2.39001992E-8	2.39001992E-8	1.53808594E-1	0.00000000E+0	0.00000000E+0
1.51367187E-1	2.35332003E-8	2.35332003E-8	1.51367187E-1	0.00000000E+0	0.00000000E+0
1.48925781E-1	2.31776003E-8	2.31776003E-8	1.48925781E-1	0.00000000E+0	0.00000000E+0
1.46484375E-1	2.27304007E-8	2.27304007E-8	1.46484375E-1	0.00000000E+0	0.00000000E+0
1.44042969E-1	2.23404992E-8	2.23404992E-8	1.44042969E-1	0.00000000E+0	0.00000000E+0
1.41601562E-1	2.19352003E-8	2.19352003E-8	1.41601562E-1	0.00000000E+0	0.00000000E+0
1.39160156E-1	2.15261995E-8	2.15261995E-8	1.39160156E-1	0.00000000E+0	0.00000000E+0
1.36718750E-1	2.12318003E-8	2.12318003E-8	1.36718750E-1	0.00000000E+0	0.00000000E+0
1.34277344E-1	2.10636006E-8	2.10636006E-8	1.34277344E-1	0.00000000E+0	0.00000000E+0
1.31835937E-1	2.04023003E-8	2.04023003E-8	1.31835937E-1	0.00000000E+0	0.00000000E+0
1.29394531E-1	1.87010993E-8	1.87010993E-8	1.29394531E-1	0.00000000E+0	0.00000000E+0
1.26953125E-1	1.83877003E-8	1.83877003E-8	1.26953125E-1	0.00000000E+0	0.00000000E+0
1.24511719E-1	1.80359994E-8	1.80359994E-8	1.24511719E-1	0.00000000E+0	0.00000000E+0
1.22070312E-1	1.77097998E-8	1.77097998E-8	1.22070312E-1	0.00000000E+0	0.00000000E+0
1.19628906E-1	1.74039005E-8	1.74039005E-8	1.19628906E-1	0.00000000E+0	0.00000000E+0
1.17187500E-1	1.70725993E-8	1.70725993E-8	1.17187500E-1	0.00000000E+0	0.00000000E+0
1.14746094E-1	1.67056005E-8	1.67056005E-8	1.14746094E-1	0.00000000E+0	0.00000000E+0
1.12304687E-1	1.63768998E-8	1.63768998E-8	1.12304687E-1	0.00000000E+0	0.00000000E+0
1.09863281E-1	1.60558002E-8	1.60558002E-8	1.09863281E-1	0.00000000E+0	0.00000000E+0
1.07421875E-1	1.57040994E-8	1.57040994E-8	1.07421875E-1	0.00000000E+0	0.00000000E+0
1.04980469E-1	1.52643995E-8	1.52643995E-8	1.04980469E-1	0.00000000E+0	0.00000000E+0
1.02539062E-1	1.48897996E-8	1.48897996E-8	1.02539062E-1	0.00000000E+0	0.00000000E+0
1.00097656E-1	1.45209000E-8	1.45209000E-8	1.00097656E-1	0.00000000E+0	0.00000000E+0
9.76562500E-2	1.41519996E-8	1.41519996E-8	9.76562500E-2	0.00000000E+0	0.00000000E+0
9.52148438E-2	1.38002996E-8	1.38002996E-8	9.52148438E-2	0.00000000E+0	0.00000000E+0
9.27734375E-2	1.34715998E-8	1.34715998E-8	9.27734375E-2	0.00000000E+0	0.00000000E+0
9.03320313E-2	1.31581004E-8	1.31581004E-8	9.03320313E-2	0.00000000E+0	0.00000000E+0
8.78906250E-2	1.28354003E-8	1.28354003E-8	8.78906250E-2	0.00000000E+0	0.00000000E+0
8.54492188E-2	1.25964004E-8	1.25964004E-8	8.54492188E-2	0.00000000E+0	0.00000000E+0
8.30078125E-2	1.23844002E-8	1.23844002E-8	8.30078125E-2	0.00000000E+0	0.00000000E+0
8.05664063E-2	1.21983996E-8	1.21983996E-8	8.05664063E-2	0.00000000E+0	0.00000000E+0
7.81250000E-2	1.20796999E-8	1.20796999E-8	7.81250000E-2	0.00000000E+0	0.00000000E+0
7.56835938E-2	1.20427996E-8	1.20427996E-8	7.56835938E-2	0.00000000E+0	0.00000000E+0
7.32421875E-2	1.19540999E-8	1.19540999E-8	7.32421875E-2	0.00000000E+0	0.00000000E+0
7.08007813E-2	1.20152004E-8	1.20152004E-8	7.08007813E-2	0.00000000E+0	0.00000000E+0
6.83593750E-2	1.21222001E-8	1.21222001E-8	6.83593750E-2	0.00000000E+0	0.00000000E+0
6.59179688E-2	1.23146000E-8	1.23146000E-8	6.59179688E-2	0.00000000E+0	0.00000000E+0
6.34765625E-2	1.25261996E-8	1.25261996E-8	6.34765625E-2	0.00000000E+0	0.00000000E+0
6.10351563E-2	1.29091999E-8	1.29091999E-8	6.10351563E-2	0.00000000E+0	0.00000000E+0
5.85937500E-2	1.36142999E-8	1.36142999E-8	5.85937500E-2	0.00000000E+0	0.00000000E+0
5.61523438E-2	1.42590002E-8	1.42590002E-8	5.61523438E-2	0.00000000E+0	0.00000000E+0
5.37109375E-2	1.53677000E-8	1.53677000E-8	5.37109375E-2	0.00000000E+0	0.00000000E+0
5.12695313E-2	1.72765002E-8	1.72765002E-8	5.12695313E-2	0.00000000E+0	0.00000000E+0
4.88281250E-2	1.98504999E-8	1.98504999E-8	4.88281250E-2	0.00000000E+0	0.00000000E+0
4.63867188E-2	2.30055992E-8	2.30055992E-8	4.63867188E-2	0.00000000E+0	0.00000000E+0
4.39453125E-2	2.36555007E-8	2.36555007E-8	4.39453125E-2	0.00000000E+0	0.00000000E+0
4.15039063E-2	2.89309998E-8	2.89309998E-8	4.15039063E-2	0.00000000E+0	0.00000000E+0
3.90625000E-2	2.78605992E-8	2.78605992E-8	3.90625000E-2	0.00000000E+0	0.00000000E+0
3.66210938E-2	2.52955008E-8	2.52955008E-8	3.66210938E-2	0.00000000E+0	0.00000000E+0
3.41796875E-2	2.31050006E-8	2.31050006E-8	3.41796875E-2	0.00000000E+0	0.00000000E+0
3.17382813E-2	2.12013003E-8	2.12013003E-8	3.17382813E-2	0.00000000E+0	0.00000000E+0
2.92968750E-2	1.94427994E-8	1.94427994E-8	2.92968750E-2	0.00000000E+0	0.00000000E+0
2.68554688E-2	1.75467001E-8	1.75467001E-8	2.68554688E-2	0.00000000E+0	0.00000000E+0
2.44140625E-2	1.57473998E-8	1.57473998E-8	2.44140625E-2	0.00000000E+0	0.00000000E+0
2.19726563E-2	1.39915004E-8	1.39915004E-8	2.19726563E-2	0.00000000E+0	0.00000000E+0
1.95312500E-2	1.27693003E-8	1.27693003E-8	1.95312500E-2	0.00000000E+0	0.00000000E+0
1.70898438E-2	1.07984004E-8	1.07984004E-8	1.70898438E-2	0.00000000E+0	0.00000000E+0
1.46484375E-2	9.02448960E-9	9.02448960E-9	1.46484375E-2	0.00000000E+0	0.00000000E+0
1.22070313E-2	7.24442017E-9	7.24442017E-9	1.22070313E-2	0.00000000E+0	0.00000000E+0
9.76562500E-3	5.62114000E-9	5.62114000E-9	9.76562500E-3	0.00000000E+0	0.00000000E+0
7.32421875E-3	3.94584010E-9	3.94584010E-9	7.32421875E-3	0.00000000E+0	0.00000000E+0
4.88281250E-3	2.39241005E-9	2.39241005E-9	4.88281250E-3	0.00000000E+0	0.00000000E+0
2.44140625E-3	8.45095993E-10	8.45095993E-10	2.44140625E-3	0.00000000E+0	0.00000000E+0
0.00000000E+0	-4.19087987E-10	-4.19087987E-10	0.00000000E+0	0.00000000E+0	0.00000000E+0
-2.44140625E-3	-2.03176009E-9	-2.03176009E-9	-2.44140625E-3	0.00000000E+0	0.00000000E+0
-4.88281250E-3	-3.57152996E-9	-3.57152996E-9	-4.88281250E-3	0.00000000E+0	0.00000000E+0
-7.32421875E-3	-5.32617017E-9	-5.32617017E-9	-7.32421875E-3	0.00000000E+0	0.00000000E+0
-9.76562500E-3	-6.97070979E-9	-6.97070979E-9	-9.76562500E-3	0.00000000E+0	0.00000000E+0
-1.22070313E-2	-8.41025027E-9	-8.41025027E-9	-1.22070313E-2	0.00000000E+0	0.00000000E+0
-1.46484375E-2	-1.03130997E-8	-1.03130997E-8	-1.46484375E-2	0.00000000E+0	0.00000000E+0
-1.70898438E-2	-1.20383001E-8	-1.20383001E-8	-1.70898438E-2	0.00000000E+0	0.00000000E+0
-1.95312500E-2	-1.38385001E-8	-1.38385001E-8	-1.95312500E-2	0.00000000E+0	0.00000000E+0
-2.19726563E-2	-1.56352993E-8	-1.56352993E-8	-2.19726563E-2	0.00000000E+0	0.00000000E+0
-2.44140625E-2	-1.74281993E-8	-1.74281993E-8	-2.44140625E-2	0.00000000E+0	0.00000000E+0
-2.68554688E-2	-1.92745997E-8	-1.92745997E-8	-2.68554688E-2	0.00000000E+0	0.00000000E+0
-2.92968750E-2	-2.10865991E-8	-2.10865991E-8	-2.92968750E-2	0.00000000E+0	0.00000000E+0
-3.17382813E-2	-2.33114008E-8	-2.33114008E-8	-3.17382813E-2	0.00000000E+0	0.00000000E+0
-3.41796875E-2	-2.51845993E-8	-2.51845993E-8	-3.41796875E-2	0.00000000E+0	0.00000000E+0
-3.66210938E-2	-2.69584000E-8	-2.69584000E-8	-3.66210938E-2	0.00000000E+0	0.00000000E+0
-3.90625000E-2	-2.90073991E-8	-2.90073991E-8	-3.90625000E-2	0.00000000E+0	0.00000000E+0
-4.15039063E-2	-3.18133999E-8	-3.18133999E-8	-4.15039063E-2	0.00000000E+0	0.00000000E+0
-4.39453125E-2	-2.51539998E-8	-2.51539998E-8	-4.39453125E-2	0.00000000E+0	0.00000000E+0
-4.63867188E-2	-2.37777993E-8	-2.37777993E-8	-4.63867188E-2	0.00000000E+0	0.00000000E+0
-4.88281250E-2	-2.06583994E-8	-2.06583994E-8	-4.88281250E-2	0.00000000E+0	0.00000000E+0
-5.12695313E-2	-1.82552000E-8	-1.82552000E-8	-5.12695313E-2	0.00000000E+0	0.00000000E+0
-5.37109375E-2	-1.65094001E-8	-1.65094001E-8	-5.37109375E-2	0.00000000E+0	0.00000000E+0
-5.61523438E-2	-1.52785002E-8	-1.52785002E-8	-5.61523438E-2	0.00000000E+0	0.00000000E+0
-5.85937500E-2	-1.44502001E-8	-1.44502001E-8	-5.85937500E-2	0.00000000E+0	0.00000000E+0
-6.10351563E-2	-1.37468001E-8	-1.37468001E-8	-6.10351563E-2	0.00000000E+0	0.00000000E+0
-6.34765625E-2	-1.32881004E-8	-1.32881004E-8	-6.34765625E-2	0.00000000E+0	0.00000000E+0
-6.59179688E-2	-1.29308999E-8	-1.29308999E-8	-6.59179688E-2	0.00000000E+0	0.00000000E+0
-6.83593750E-2	-1.26778001E-8	-1.26778001E-8	-6.83593750E-2	0.00000000E+0	0.00000000E+0
-7.08007813E-2	-1.25705997E-8	-1.25705997E-8	-7.08007813E-2	0.00000000E+0	0.00000000E+0
-7.32421875E-2	-1.24927997E-8	-1.24927997E-8	-7.32421875E-2	0.00000000E+0	0.00000000E+0
-7.56835938E-2	-1.25376003E-8	-1.25376003E-8	-7.56835938E-2	0.00000000E+0	0.00000000E+0
-7.81250000E-2	-1.26354998E-8	-1.26354998E-8	-7.81250000E-2	0.00000000E+0	0.00000000E+0
-8.05664063E-2	-1.27774999E-8	-1.27774999E-8	-8.05664063E-2	0.00000000E+0	0.00000000E+0
-8.30078125E-2	-1.31046001E-8	-1.31046001E-8	-8.30078125E-2	0.00000000E+0	0.00000000E+0
-8.54492188E-2	-1.33746996E-8	-1.33746996E-8	-8.54492188E-2	0.00000000E+0	0.00000000E+0
-8.78906250E-2	-1.36856002E-8	-1.36856002E-8	-8.78906250E-2	0.00000000E+0	0.00000000E+0
-9.03320313E-2	-1.40832004E-8	-1.40832004E-8	-9.03320313E-2	0.00000000E+0	0.00000000E+0
-9.27734375E-2	-1.44502001E-8	-1.44502001E-8	-9.27734375E-2	0.00000000E+0	0.00000000E+0
-9.52148438E-2	-1.48707002E-8	-1.48707002E-8	-9.52148438E-2	0.00000000E+0	0.00000000E+0
-9.76562500E-2	-1.52785002E-8	-1.52785002E-8	-9.76562500E-2	0.00000000E+0	0.00000000E+0
-1.00097656E-1	-1.57984008E-8	-1.57984008E-8	-1.00097656E-1	0.00000000E+0	0.00000000E+0
-1.02539062E-1	-1.68406995E-8	-1.68406995E-8	-1.02539062E-1	0.00000000E+0	0.00000000E+0
-1.04980469E-1	-1.73707999E-8	-1.73707999E-8	-1.04980469E-1	0.00000000E+0	0.00000000E+0
-1.07421875E-1	-1.73962995E-8	-1.73962995E-8	-1.07421875E-1	0.00000000E+0	0.00000000E+0
-1.09863281E-1	-1.77708994E-8	-1.77708994E-8	-1.09863281E-1	0.00000000E+0	0.00000000E+0
-1.12304687E-1	-1.86196001E-8	-1.86196001E-8	-1.12304687E-1	0.00000000E+0	0.00000000E+0
-1.14746094E-1	-1.90477003E-8	-1.90477003E-8	-1.14746094E-1	0.00000000E+0	0.00000000E+0
-1.17187500E-1	-1.94223997E-8	-1.94223997E-8	-1.17187500E-1	0.00000000E+0	0.00000000E+0
-1.19628906E-1	-1.99117007E-8	-1.99117007E-8	-1.19628906E-1	0.00000000E+0	0.00000000E+0
-1.22070312E-1	-2.03525996E-8	-2.03525996E-8	-1.22070312E-1	0.00000000E+0	0.00000000E+0
-1.24511719E-1	-2.07349000E-8	-2.07349000E-8	-1.24511719E-1	0.00000000E+0	0.00000000E+0
-1.26953125E-1	-2.10712994E-8	-2.10712994E-8	-1.26953125E-1	0.00000000E+0	0.00000000E+0
-1.29394531E-1	-2.14993996E-8	-2.14993996E-8	-1.29394531E-1	0.00000000E+0	0.00000000E+0
-1.31835937E-1	-2.19122995E-8	-2.19122995E-8	-1.31835937E-1	0.00000000E+0	0.00000000E+0
-1.34277344E-1	-2.24627996E-8	-2.24627996E-8	-1.34277344E-1	0.00000000E+0	0.00000000E+0
-1.36718750E-1	-2.27685995E-8	-2.27685995E-8	-1.36718750E-1	0.00000000E+0	0.00000000E+0
-1.39160156E-1	-2.32272992E-8	-2.32272992E-8	-1.39160156E-1	0.00000000E+0	0.00000000E+0
-1.41601562E-1	-2.37586999E-8	-2.37586999E-8	-1.41601562E-1	0.00000000E+0	0.00000000E+0
-1.44042969E-1	-2.41295002E-8	-2.41295002E-8	-1.44042969E-1	0.00000000E+0	0.00000000E+0
-1.46484375E-1	-2.45539002E-8	-2.45539002E-8	-1.46484375E-1	0.00000000E+0	0.00000000E+0
-1.48925781E-1	-2.50776004E-8	-2.50776004E-8	-1.48925781E-1	0.00000000E+0	0.00000000E+0
-1.51367187E-1	-2.54407002E-8	-2.54407002E-8	-1.51367187E-1	0.00000000E+0	0.00000000E+0
-1.53808594E-1	-2.60217998E-8	-2.60217998E-8	-1.53808594E-1	0.00000000E+0	0.00000000E+0
-1.56250000E-1	-2.64691007E-8	-2.64691007E-8	-1.56250000E-1	0.00000000E+0	0.00000000E+0
-1.58691406E-1	-2.70922005E-8	-2.70922005E-8	-1.58691406E-1	0.00000000E+0	0.00000000E+0
-1.61132812E-1	-2.74095004E-8	-2.74095004E-8	-1.61132812E-1	0.00000000E+0	0.00000000E+0
-1.63574219E-1	-2.79370003E-8	-2.79370003E-8	-1.63574219E-1	0.00000000E+0	0.00000000E+0
-1.66015625E-1	-2.83039991E-8	-2.83039991E-8	-1.66015625E-1	0.00000000E+0	0.00000000E+0
-1.68457031E-1	-2.87628001E-8	-2.87628001E-8	-1.68457031E-1	0.00000000E+0	0.00000000E+0
-1.70898437E-1	-2.92330000E-8	-2.92330000E-8	-1.70898437E-1	0.00000000E+0	0.00000000E+0
-1.73339844E-1	-2.96496001E-8	-2.96496001E-8	-1.73339844E-1	0.00000000E+0	0.00000000E+0
-1.75781250E-1	-3.01809990E-8	-3.01809990E-8	-1.75781250E-1	0.00000000E+0	0.00000000E+0
-1.78222656E-1	-3.05480015E-8	-3.05480015E-8	-1.78222656E-1	0.00000000E+0	0.00000000E+0
-1.80664062E-1	-3.11100017E-8	-3.11100017E-8	-1.80664062E-1	0.00000000E+0	0.00000000E+0
-1.83105469E-1	-3.15075006E-8	-3.15075006E-8	-1.83105469E-1	0.00000000E+0	0.00000000E+0
-1.85546875E-1	-3.19968017E-8	-3.19968017E-8	-1.85546875E-1	0.00000000E+0	0.00000000E+0
-1.87988281E-1	-3.23753007E-8	-3.23753007E-8	-1.87988281E-1	0.00000000E+0	0.00000000E+0
-1.90429687E-1	-3.28302008E-8	-3.28302008E-8	-1.90429687E-1	0.00000000E+0	0.00000000E+0
-1.92871094E-1	-3.33194983E-8	-3.33194983E-8	-1.92871094E-1	0.00000000E+0	0.00000000E+0
-1.95312500E-1	-3.36711992E-8	-3.36711992E-8	-1.95312500E-1	0.00000000E+0	0.00000000E+0
-1.97753906E-1	-3.40534996E-8	-3.40534996E-8	-1.97753906E-1	0.00000000E+0	0.00000000E+0
-2.00195312E-1	-3.43898989E-8	-3.43898989E-8	-2.00195312E-1	0.00000000E+0	0.00000000E+0
-2.02636719E-1	-3.48792000E-8	-3.48792000E-8	-2.02636719E-1	0.00000000E+0	0.00000000E+0
-2.05078125E-1	-3.53189016E-8	-3.53189016E-8	-2.05078125E-1	0.00000000E+0	0.00000000E+0
-2.07519531E-1	-3.56896983E-8	-3.56896983E-8	-2.07519531E-1	0.00000000E+0	0.00000000E+0
-2.09960937E-1	-3.62019001E-8	-3.62019001E-8	-2.09960937E-1	0.00000000E+0	0.00000000E+0
-2.12402344E-1	-3.66301016E-8	-3.66301016E-8	-2.12402344E-1	0.00000000E+0	0.00000000E+0
-2.14843750E-1	-3.69665010E-8	-3.69665010E-8	-2.14843750E-1	0.00000000E+0	0.00000000E+0
-2.17285156E-1	-3.74251989E-8	-3.74251989E-8	-2.17285156E-1	0.00000000E+0	0.00000000E+0
-2.19726562E-1	-3.78228009E-8	-3.78228009E-8	-2.19726562E-1	0.00000000E+0	0.00000000E+0
-2.22167969E-1	-3.82433001E-8	-3.82433001E-8	-2.22167969E-1	0.00000000E+0	0.00000000E+0
-2.24609375E-1	-3.86485013E-8	-3.86485013E-8	-2.24609375E-1	0.00000000E+0	0.00000000E+0
-2.27050781E-1	-3.91091994E-8	-3.91091994E-8	-2.27050781E-1	0.00000000E+0	0.00000000E+0
-2.29492187E-1	-3.95354007E-8	-3.95354007E-8	-2.29492187E-1	0.00000000E+0	0.00000000E+0
-2.31933594E-1	-3.98564985E-8	-3.98564985E-8	-2.31933594E-1	0.00000000E+0	0.00000000E+0
-2.34375000E-1	-4.02387990E-8	-4.02387990E-8	-2.34375000E-1	0.00000000E+0	0.00000000E+0
-2.36816406E-1	-4.06784011E-8	-4.06784011E-8	-2.36816406E-1	0.00000000E+0	0.00000000E+0
-2.39257812E-1	-4.10798009E-8	-4.10798009E-8	-2.39257812E-1	0.00000000E+0	0.00000000E+0
-2.41699219E-1	-4.14927008E-8	-4.14927008E-8	-2.41699219E-1	0.00000000E+0	0.00000000E+0
-2.44140625E-1	-4.18366994E-8	-4.18366994E-8	-2.44140625E-1	0.00000000E+0	0.00000000E+0
-2.46582031E-1	-4.21960991E-8	-4.21960991E-8	-2.46582031E-1	0.00000000E+0	0.00000000E+0
-2.49023437E-1	-4.26242011E-8	-4.26242011E-8	-2.49023437E-1	0.00000000E+0	0.00000000E+0
-2.51464844E-1	-4.30523990E-8	-4.30523990E-8	-2.51464844E-1	0.00000000E+0	0.00000000E+0
-2.53906250E-1	-4.34194014E-8	-4.34194014E-8	-2.53906250E-1	0.00000000E+0	0.00000000E+0
-2.56347656E-1	-4.38780994E-8	-4.38780994E-8	-2.56347656E-1	0.00000000E+0	0.00000000E+0
-2.58789062E-1	-4.42336017E-8	-4.42336017E-8	-2.58789062E-1	0.00000000E+0	0.00000000E+0
-2.61230469E-1	-4.45891999E-8	-4.45891999E-8	-2.61230469E-1	0.00000000E+0	0.00000000E+0
-2.63671875E-1	-4.49255992E-8	-4.49255992E-8	-2.63671875E-1	0.00000000E+0	0.00000000E+0
-2.66113281E-1	-4.54608013E-8	-4.54608013E-8	-2.66113281E-1	0.00000000E+0	0.00000000E+0
-2.68554687E-1	-4.57512996E-8	-4.57512996E-8	-2.68554687E-1	0.00000000E+0	0.00000000E+0
-2.70996094E-1	-4.60685996E-8	-4.60685996E-8	-2.70996094E-1	0.00000000E+0	0.00000000E+0
-2.73437500E-1	-4.63934988E-8	-4.63934988E-8	-2.73437500E-1	0.00000000E+0	0.00000000E+0
-2.75878906E-1	-4.68026009E-8	-4.68026009E-8	-2.75878906E-1	0.00000000E+0	0.00000000E+0
-2.78320312E-1	-4.71580996E-8	-4.71580996E-8	-2.78320312E-1	0.00000000E+0	0.00000000E+0
-2.80761719E-1	-4.74944990E-8	-4.74944990E-8	-2.80761719E-1	0.00000000E+0	0.00000000E+0
-2.83203125E-1	-4.78806008E-8	-4.78806008E-8	-2.83203125E-1	0.00000000E+0	0.00000000E+0
-2.85644531E-1	-4.82781992E-8	-4.82781992E-8	-2.85644531E-1	0.00000000E+0	0.00000000E+0
-2.88085937E-1	-4.86030984E-8	-4.86030984E-8	-2.88085937E-1	0.00000000E+0	0.00000000E+0
-2.90527344E-1	-4.89395013E-8	-4.89395013E-8	-2.90527344E-1	0.00000000E+0	0.00000000E+0
-2.92968750E-1	-4.93676993E-8	-4.93676993E-8	-2.92968750E-1	0.00000000E+0	0.00000000E+0
-2.95410156E-1	-4.96428996E-8	-4.96428996E-8	-2.95410156E-1	0.00000000E+0	0.00000000E+0
-2.97851562E-1	-5.01781017E-8	-5.01781017E-8	-2.97851562E-1	0.00000000E+0	0.00000000E+0
-3.00292969E-1	-5.05297990E-8	-5.05297990E-8	-3.00292969E-1	0.00000000E+0	0.00000000E+0
-3.02734375E-1	-5.09579010E-8	-5.09579010E-8	-3.02734375E-1	0.00000000E+0	0.00000000E+0
-3.05175781E-1	-5.13095983E-8	-5.13095983E-8	-3.05175781E-1	0.00000000E+0	0.00000000E+0
-3.07617187E-1	-5.17607006E-8	-5.17607006E-8	-3.07617187E-1	0.00000000E+0	0.00000000E+0
-3.10058594E-1	-5.21276995E-8	-5.21276995E-8	-3.10058594E-1	0.00000000E+0	0.00000000E+0
-3.12500000E-1	-5.24564996E-8	-5.24564996E-8	-3.12500000E-1	0.00000000E+0	0.00000000E+0
-3.14941406E-1	-5.28234985E-8	-5.28234985E-8	-3.14941406E-1	0.00000000E+0	0.00000000E+0
-3.17382812E-1	-5.32440012E-8	-5.32440012E-8	-3.17382812E-1	0.00000000E+0	0.00000000E+0
-3.19824219E-1	-5.36263016E-8	-5.36263016E-8	-3.19824219E-1	0.00000000E+0	0.00000000E+0
-3.22265625E-1	-5.39549987E-8	-5.39549987E-8	-3.22265625E-1	0.00000000E+0	0.00000000E+0
-3.24707031E-1	-5.44022996E-8	-5.44022996E-8	-3.24707031E-1	0.00000000E+0	0.00000000E+0
-3.27148437E-1	-5.46278009E-8	-5.46278009E-8	-3.27148437E-1	0.00000000E+0	0.00000000E+0
-3.29589844E-1	-5.50942012E-8	-5.50942012E-8	-3.29589844E-1	0.00000000E+0	0.00000000E+0
-3.32031250E-1	-5.52470993E-8	-5.52470993E-8	-3.32031250E-1	0.00000000E+0	0.00000000E+0
-3.34472656E-1	-5.57975994E-8	-5.57975994E-8	-3.34472656E-1	0.00000000E+0	0.00000000E+0
-3.36914062E-1	-5.61339988E-8	-5.61339988E-8	-3.36914062E-1	0.00000000E+0	0.00000000E+0
-3.39355469E-1	-5.64092986E-8	-5.64092986E-8	-3.39355469E-1	0.00000000E+0	0.00000000E+0
-3.41796875E-1	-5.66538993E-8	-5.66538993E-8	-3.41796875E-1	0.00000000E+0	0.00000000E+0
-3.44238281E-1	-5.71508991E-8	-5.71508991E-8	-3.44238281E-1	0.00000000E+0	0.00000000E+0
-3.46679687E-1	-5.75179016E-8	-5.75179016E-8	-3.46679687E-1	0.00000000E+0	0.00000000E+0
-3.49121094E-1	-5.78389994E-8	-5.78389994E-8	-3.49121094E-1	0.00000000E+0	0.00000000E+0
-3.51562500E-1	-5.81525015E-8	-5.81525015E-8	-3.51562500E-1	0.00000000E+0	0.00000000E+0
-3.54003906E-1	-5.84583013E-8	-5.84583013E-8	-3.54003906E-1	0.00000000E+0	0.00000000E+0
-3.56445312E-1	-5.88558997E-8	-5.88558997E-8	-3.56445312E-1	0.00000000E+0	0.00000000E+0
-3.58886719E-1	-5.91807989E-8	-5.91807989E-8	-3.58886719E-1	0.00000000E+0	0.00000000E+0
-3.61328125E-1	-5.94750986E-8	-5.94750986E-8	-3.61328125E-1	0.00000000E+0	0.00000000E+0
-3.63769531E-1	-5.98880021E-8	-5.98880021E-8	-3.63769531E-1	0.00000000E+0	0.00000000E+0
-3.66210937E-1	-6.02167987E-8	-6.02167987E-8	-3.66210937E-1	0.00000000E+0	0.00000000E+0
-3.68652344E-1	-6.06067019E-8	-6.06067019E-8	-3.68652344E-1	0.00000000E+0	0.00000000E+0
-3.71093750E-1	-6.09240018E-8	-6.09240018E-8	-3.71093750E-1	0.00000000E+0	0.00000000E+0
-3.73535156E-1	-6.12488975E-8	-6.12488975E-8	-3.73535156E-1	0.00000000E+0	0.00000000E+0
-3.75976562E-1	-6.16388007E-8	-6.16388007E-8	-3.75976562E-1	0.00000000E+0	0.00000000E+0
-3.78417969E-1	-6.20058032E-8	-6.20058032E-8	-3.78417969E-1	0.00000000E+0	0.00000000E+0
-3.80859375E-1	-6.23498977E-8	-6.23498977E-8	-3.80859375E-1	0.00000000E+0	0.00000000E+0
-3.83300781E-1	-6.26059986E-8	-6.26059986E-8	-3.83300781E-1	0.00000000E+0	0.00000000E+0
-3.85742187E-1	-6.29461994E-8	-6.29461994E-8	-3.85742187E-1	0.00000000E+0	0.00000000E+0
-3.88183594E-1	-6.34125996E-8	-6.34125996E-8	-3.88183594E-1	0.00000000E+0	0.00000000E+0
-3.90625000E-1	-6.35503028E-8	-6.35503028E-8	-3.90625000E-1	0.00000000E+0	0.00000000E+0
-3.93066406E-1	-6.38867022E-8	-6.38867022E-8	-3.93066406E-1	0.00000000E+0	0.00000000E+0
-3.95507812E-1	-6.42842011E-8	-6.42842011E-8	-3.95507812E-1	0.00000000E+0	0.00000000E+0
-3.97949219E-1	-6.44563016E-8	-6.44563016E-8	-3.97949219E-1	0.00000000E+0	0.00000000E+0
-4.00390625E-1	-6.48728999E-8	-6.48728999E-8	-4.00390625E-1	0.00000000E+0	0.00000000E+0
-4.02832031E-1	-6.51291003E-8	-6.51291003E-8	-4.02832031E-1	0.00000000E+0	0.00000000E+0
-4.05273437E-1	-6.54464003E-8	-6.54464003E-8	-4.05273437E-1	0.00000000E+0	0.00000000E+0
-4.07714844E-1	-6.58516015E-8	-6.58516015E-8	-4.07714844E-1	0.00000000E+0	0.00000000E+0
-4.10156250E-1	-6.58975026E-8	-6.58975026E-8	-4.10156250E-1	0.00000000E+0	0.00000000E+0
-4.12597656E-1	-6.63714985E-8	-6.63714985E-8	-4.12597656E-1	0.00000000E+0	0.00000000E+0
-4.15039062E-1	-6.67385009E-8	-6.67385009E-8	-4.15039062E-1	0.00000000E+0	0.00000000E+0
-4.17480469E-1	-6.71246028E-8	-6.71246028E-8	-4.17480469E-1	0.00000000E+0	0.00000000E+0
-4.19921875E-1	-6.73271998E-8	-6.73271998E-8	-4.19921875E-1	0.00000000E+0	0.00000000E+0
-4.22363281E-1	-6.77667984E-8	-6.77667984E-8	-4.22363281E-1	0.00000000E+0	0.00000000E+0
-4.24804687E-1	-7.16621997E-8	-7.16621997E-8	-4.24804687E-1	0.00000000E+0	0.00000000E+0
-4.27246094E-1	-7.32296002E-8	-7.32296002E-8	-4.27246094E-1	0.00000000E+0	0.00000000E+0
-4.29687500E-1	-7.34741974E-8	-7.34741974E-8	-4.29687500E-1	0.00000000E+0	0.00000000E+0
-4.32128906E-1	-7.38871009E-8	-7.38871009E-8	-4.32128906E-1	0.00000000E+0	0.00000000E+0
-4.34570312E-1	-7.40323998E-8	-7.40323998E-8	-4.34570312E-1	0.00000000E+0	0.00000000E+0
-4.37011719E-1	-7.33366008E-8	-7.33366008E-8	-4.37011719E-1	0.00000000E+0	0.00000000E+0
-4.39453125E-1	-6.94373981E-8	-6.94373981E-8	-4.39453125E-1	0.00000000E+0	0.00000000E+0
-4.41894531E-1	-6.98273013E-8	-6.98273013E-8	-4.41894531E-1	0.00000000E+0	0.00000000E+0
-4.44335937E-1	-7.02325025E-8	-7.02325025E-8	-4.44335937E-1	0.00000000E+0	0.00000000E+0
-4.46777344E-1	-7.04350995E-8	-7.04350995E-8	-4.46777344E-1	0.00000000E+0	0.00000000E+0
-4.49218750E-1	-7.07753003E-8	-7.07753003E-8	-4.49218750E-1	0.00000000E+0	0.00000000E+0
-4.51660156E-1	-7.10199970E-8	-7.10199970E-8	-4.51660156E-1	0.00000000E+0	0.00000000E+0
-4.54101562E-1	-7.11269976E-8	-7.11269976E-8	-4.54101562E-1	0.00000000E+0	0.00000000E+0
-4.56542969E-1	-7.15092980E-8	-7.15092980E-8	-4.56542969E-1	0.00000000E+0	0.00000000E+0
-4.58984375E-1	-7.18686977E-8	-7.18686977E-8	-4.58984375E-1	0.00000000E+0	0.00000000E+0
-4.61425781E-1	-7.19718969E-8	-7.19718969E-8	-4.61425781E-1	0.00000000E+0	0.00000000E+0
-4.63867187E-1	-7.24306020E-8	-7.24306020E-8	-4.63867187E-1	0.00000000E+0	0.00000000E+0
-4.66308594E-1	-7.25185032E-8	-7.25185032E-8	-4.66308594E-1	0.00000000E+0	0.00000000E+0
-4.68750000E-1	-7.28702005E-8	-7.28702005E-8	-4.68750000E-1	0.00000000E+0	0.00000000E+0
-4.71191406E-1	-7.30919965E-8	-7.30919965E-8	-4.71191406E-1	0.00000000E+0	0.00000000E+0
-4.73632812E-1	-7.34741974E-8	-7.34741974E-8	-4.73632812E-1	0.00000000E+0	0.00000000E+0
-4.76074219E-1	-7.36271986E-8	-7.36271986E-8	-4.76074219E-1	0.00000000E+0	0.00000000E+0
-4.78515625E-1	-7.37761994E-8	-7.37761994E-8	-4.78515625E-1	0.00000000E+0	0.00000000E+0
-4.80957031E-1	-7.41928972E-8	-7.41928972E-8	-4.80957031E-1	0.00000000E+0	0.00000000E+0
-4.83398437E-1	-7.43457989E-8	-7.43457989E-8	-4.83398437E-1	0.00000000E+0	0.00000000E+0
-4.85839844E-1	-7.45064028E-8	-7.45064028E-8	-4.85839844E-1	0.00000000E+0	0.00000000E+0
-4.88281250E-1	-7.48733981E-8	-7.48733981E-8	-4.88281250E-1	0.00000000E+0	0.00000000E+0
-4.90722656E-1	-7.50683995E-8	-7.50683995E-8	-4.90722656E-1	0.00000000E+0	0.00000000E+0
-4.93164062E-1	-7.54392033E-8	-7.54392033E-8	-4.93164062E-1	0.00000000E+0	0.00000000E+0
-4.90722656E-1	-7.51601021E-8	-7.51601021E-8	-4.90722656E-1	0.00000000E+0	0.00000000E+0
-4.88281250E-1	-7.47624966E-8	-7.47624966E-8	-4.88281250E-1	0.00000000E+0	0.00000000E+0
-4.85839844E-1	-7.45598996E-8	-7.45598996E-8	-4.85839844E-1	0.00000000E+0	0.00000000E+0
-4.83398437E-1	-7.42961035E-8	-7.42961035E-8	-4.83398437E-1	0.00000000E+0	0.00000000E+0
-4.80957031E-1	-7.40858965E-8	-7.40858965E-8	-4.80957031E-1	0.00000000E+0	0.00000000E+0
-4.78515625E-1	-7.39330019E-8	-7.39330019E-8	-4.78515625E-1	0.00000000E+0	0.00000000E+0
-4.76074219E-1	-7.37189012E-8	-7.37189012E-8	-4.76074219E-1	0.00000000E+0	0.00000000E+0
-4.73632812E-1	-7.35812975E-8	-7.35812975E-8	-4.73632812E-1	0.00000000E+0	0.00000000E+0
-4.71191406E-1	-7.33366008E-8	-7.33366008E-8	-4.71191406E-1	0.00000000E+0	0.00000000E+0
-4.68750000E-1	-7.31339966E-8	-7.31339966E-8	-4.68750000E-1	0.00000000E+0	0.00000000E+0
-4.66308594E-1	-7.30423011E-8	-7.30423011E-8	-4.66308594E-1	0.00000000E+0	0.00000000E+0
-4.63867187E-1	-7.26256033E-8	-7.26256033E-8	-4.63867187E-1	0.00000000E+0	0.00000000E+0
-4.61425781E-1	-7.24306020E-8	-7.24306020E-8	-4.61425781E-1	0.00000000E+0	0.00000000E+0
-4.58984375E-1	-7.20635995E-8	-7.20635995E-8	-4.58984375E-1	0.00000000E+0	0.00000000E+0
-4.56542969E-1	-7.16621997E-8	-7.16621997E-8	-4.56542969E-1	0.00000000E+0	0.00000000E+0
-4.54101562E-1	-7.15092980E-8	-7.15092980E-8	-4.54101562E-1	0.00000000E+0	0.00000000E+0
-4.51660156E-1	-7.11728987E-8	-7.11728987E-8	-4.51660156E-1	0.00000000E+0	0.00000000E+0
-4.49218750E-1	-7.08824004E-8	-7.08824004E-8	-4.49218750E-1	0.00000000E+0	0.00000000E+0
-4.46777344E-1	-7.05269017E-8	-7.05269017E-8	-4.46777344E-1	0.00000000E+0	0.00000000E+0
-4.44335937E-1	-7.02325025E-8	-7.02325025E-8	-4.44335937E-1	0.00000000E+0	0.00000000E+0
-4.41894531E-1	-7.00260969E-8	-7.00260969E-8	-4.41894531E-1	0.00000000E+0	0.00000000E+0
-4.39453125E-1	-6.96820024E-8	-6.96820024E-8	-4.39453125E-1	0.00000000E+0	0.00000000E+0
-4.37011719E-1	-6.95368030E-8	-6.95368030E-8	-4.37011719E-1	0.00000000E+0	0.00000000E+0
-4.34570312E-1	-6.91811977E-8	-6.91811977E-8	-4.34570312E-1	0.00000000E+0	0.00000000E+0
-4.32128906E-1	-6.89479975E-8	-6.89479975E-8	-4.32128906E-1	0.00000000E+0	0.00000000E+0
-4.29687500E-1	-6.86231019E-8	-6.86231019E-8	-4.29687500E-1	0.00000000E+0	0.00000000E+0
-4.27246094E-1	-6.85390020E-8	-6.85390020E-8	-4.27246094E-1	0.00000000E+0	0.00000000E+0
-4.24804687E-1	-6.81835033E-8	-6.81835033E-8	-4.24804687E-1	0.00000000E+0	0.00000000E+0
-4.22363281E-1	-6.78624019E-8	-6.78624019E-8	-4.22363281E-1	0.00000000E+0	0.00000000E+0
-4.19921875E-1	-6.76176981E-8	-6.76176981E-8	-4.19921875E-1	0.00000000E+0	0.00000000E+0
-4.17480469E-1	-6.72965967E-8	-6.72965967E-8	-4.17480469E-1	0.00000000E+0	0.00000000E+0
-4.15039062E-1	-6.70289992E-8	-6.70289992E-8	-4.15039062E-1	0.00000000E+0	0.00000000E+0
-4.12597656E-1	-6.68760975E-8	-6.68760975E-8	-4.12597656E-1	0.00000000E+0	0.00000000E+0
-4.10156250E-1	-6.62339019E-8	-6.62339019E-8	-4.10156250E-1	0.00000000E+0	0.00000000E+0
-4.07714844E-1	-6.61420998E-8	-6.61420998E-8	-4.07714844E-1	0.00000000E+0	0.00000000E+0
-4.05273437E-1	-6.57713031E-8	-6.57713031E-8	-4.05273437E-1	0.00000000E+0	0.00000000E+0
-4.02832031E-1	-6.54464003E-8	-6.54464003E-8	-4.02832031E-1	0.00000000E+0	0.00000000E+0
-4.00390625E-1	-6.49952980E-8	-6.49952980E-8	-4.00390625E-1	0.00000000E+0	0.00000000E+0
-3.97949219E-1	-6.47238991E-8	-6.47238991E-8	-3.97949219E-1	0.00000000E+0	0.00000000E+0
-3.95507812E-1	-6.42535980E-8	-6.42535980E-8	-3.95507812E-1	0.00000000E+0	0.00000000E+0
-3.93066406E-1	-6.37949000E-8	-6.37949000E-8	-3.93066406E-1	0.00000000E+0	0.00000000E+0
-3.90625000E-1	-6.35807993E-8	-6.35807993E-8	-3.90625000E-1	0.00000000E+0	0.00000000E+0
-3.88183594E-1	-6.34585007E-8	-6.34585007E-8	-3.88183594E-1	0.00000000E+0	0.00000000E+0
-3.85742187E-1	-6.30839025E-8	-6.30839025E-8	-3.85742187E-1	0.00000000E+0	0.00000000E+0
-3.83300781E-1	-6.28391987E-8	-6.28391987E-8	-3.83300781E-1	0.00000000E+0	0.00000000E+0
-3.80859375E-1	-6.23918979E-8	-6.23918979E-8	-3.80859375E-1	0.00000000E+0	0.00000000E+0
-3.78417969E-1	-6.20441014E-8	-6.20441014E-8	-3.78417969E-1	0.00000000E+0	0.00000000E+0
-3.75976562E-1	-6.16923970E-8	-6.16923970E-8	-3.75976562E-1	0.00000000E+0	0.00000000E+0
-3.73535156E-1	-6.13942035E-8	-6.13942035E-8	-3.73535156E-1	0.00000000E+0	0.00000000E+0
-3.71093750E-1	-6.11113009E-8	-6.11113009E-8	-3.71093750E-1	0.00000000E+0	0.00000000E+0
-3.68652344E-1	-6.07290005E-8	-6.07290005E-8	-3.68652344E-1	0.00000000E+0	0.00000000E+0
-3.66210937E-1	-6.03467001E-8	-6.03467001E-8	-3.66210937E-1	0.00000000E+0	0.00000000E+0
-3.63769531E-1	-6.01326988E-8	-6.01326988E-8	-3.63769531E-1	0.00000000E+0	0.00000000E+0
-3.61328125E-1	-5.96280998E-8	-5.96280998E-8	-3.61328125E-1	0.00000000E+0	0.00000000E+0
-3.58886719E-1	-5.93031011E-8	-5.93031011E-8	-3.58886719E-1	0.00000000E+0	0.00000000E+0
-3.56445312E-1	-5.90585003E-8	-5.90585003E-8	-3.56445312E-1	0.00000000E+0	0.00000000E+0
-3.54003906E-1	-5.86265010E-8	-5.86265010E-8	-3.54003906E-1	0.00000000E+0	0.00000000E+0
-3.51562500E-1	-5.82022004E-8	-5.82022004E-8	-3.51562500E-1	0.00000000E+0	0.00000000E+0
-3.49121094E-1	-5.78389994E-8	-5.78389994E-8	-3.49121094E-1	0.00000000E+0	0.00000000E+0
-3.46679687E-1	-5.77127999E-8	-5.77127999E-8	-3.46679687E-1	0.00000000E+0	0.00000000E+0
-3.44238281E-1	-5.72847014E-8	-5.72847014E-8	-3.44238281E-1	0.00000000E+0	0.00000000E+0
-3.41796875E-1	-5.69596992E-8	-5.69596992E-8	-3.41796875E-1	0.00000000E+0	0.00000000E+0
-3.39355469E-1	-5.66042004E-8	-5.66042004E-8	-3.39355469E-1	0.00000000E+0	0.00000000E+0
-3.36914062E-1	-5.62334002E-8	-5.62334002E-8	-3.36914062E-1	0.00000000E+0	0.00000000E+0
-3.34472656E-1	-5.57975994E-8	-5.57975994E-8	-3.34472656E-1	0.00000000E+0	0.00000000E+0
-3.32031250E-1	-5.53695010E-8	-5.53695010E-8	-3.32031250E-1	0.00000000E+0	0.00000000E+0
-3.29589844E-1	-5.50636017E-8	-5.50636017E-8	-3.29589844E-1	0.00000000E+0	0.00000000E+0
-3.27148437E-1	-5.47501990E-8	-5.47501990E-8	-3.27148437E-1	0.00000000E+0	0.00000000E+0
-3.24707031E-1	-5.44022996E-8	-5.44022996E-8	-3.24707031E-1	0.00000000E+0	0.00000000E+0
-3.22265625E-1	-5.39932010E-8	-5.39932010E-8	-3.22265625E-1	0.00000000E+0	0.00000000E+0
-3.19824219E-1	-5.36568017E-8	-5.36568017E-8	-3.19824219E-1	0.00000000E+0	0.00000000E+0
-3.17382812E-1	-5.32440012E-8	-5.32440012E-8	-3.17382812E-1	0.00000000E+0	0.00000000E+0
-3.14941406E-1	-5.29764002E-8	-5.29764002E-8	-3.14941406E-1	0.00000000E+0	0.00000000E+0
-3.12500000E-1	-5.26170005E-8	-5.26170005E-8	-3.12500000E-1	0.00000000E+0	0.00000000E+0
-3.10058594E-1	-5.21276995E-8	-5.21276995E-8	-3.10058594E-1	0.00000000E+0	0.00000000E+0
-3.07617187E-1	-5.18448005E-8	-5.18448005E-8	-3.07617187E-1	0.00000000E+0	0.00000000E+0
-3.05175781E-1	-5.13554994E-8	-5.13554994E-8	-3.05175781E-1	0.00000000E+0	0.00000000E+0
-3.02734375E-1	-5.09809013E-8	-5.09809013E-8	-3.02734375E-1	0.00000000E+0	0.00000000E+0
-3.00292969E-1	-5.06673992E-8	-5.06673992E-8	-3.00292969E-1	0.00000000E+0	0.00000000E+0
-2.97851562E-1	-5.02850988E-8	-5.02850988E-8	-2.97851562E-1	0.00000000E+0	0.00000000E+0
-2.95410156E-1	-4.99640009E-8	-4.99640009E-8	-2.95410156E-1	0.00000000E+0	0.00000000E+0
-2.92968750E-1	-4.95128987E-8	-4.95128987E-8	-2.92968750E-1	0.00000000E+0	0.00000000E+0
-2.90527344E-1	-4.91842016E-8	-4.91842016E-8	-2.90527344E-1	0.00000000E+0	0.00000000E+0
-2.88085937E-1	-4.87980998E-8	-4.87980998E-8	-2.88085937E-1	0.00000000E+0	0.00000000E+0
-2.85644531E-1	-4.83584017E-8	-4.83584017E-8	-2.85644531E-1	0.00000000E+0	0.00000000E+0
-2.83203125E-1	-4.80755986E-8	-4.80755986E-8	-2.83203125E-1	0.00000000E+0	0.00000000E+0
-2.80761719E-1	-4.77774016E-8	-4.77774016E-8	-2.80761719E-1	0.00000000E+0	0.00000000E+0
-2.78320312E-1	-4.72803983E-8	-4.72803983E-8	-2.78320312E-1	0.00000000E+0	0.00000000E+0
-2.75878906E-1	-4.69133994E-8	-4.69133994E-8	-2.75878906E-1	0.00000000E+0	0.00000000E+0
-2.73437500E-1	-4.65005989E-8	-4.65005989E-8	-2.73437500E-1	0.00000000E+0	0.00000000E+0
-2.70996094E-1	-4.61105998E-8	-4.61105998E-8	-2.70996094E-1	0.00000000E+0	0.00000000E+0
-2.68554687E-1	-4.57207001E-8	-4.57207001E-8	-2.68554687E-1	0.00000000E+0	0.00000000E+0
-2.66113281E-1	-4.53843008E-8	-4.53843008E-8	-2.66113281E-1	0.00000000E+0	0.00000000E+0
-2.63671875E-1	-4.49790996E-8	-4.49790996E-8	-2.63671875E-1	0.00000000E+0	0.00000000E+0
-2.61230469E-1	-4.47726016E-8	-4.47726016E-8	-2.61230469E-1	0.00000000E+0	0.00000000E+0
-2.58789062E-1	-4.42126016E-8	-4.42126016E-8	-2.58789062E-1	0.00000000E+0	0.00000000E+0
-2.56347656E-1	-4.38780994E-8	-4.38780994E-8	-2.56347656E-1	0.00000000E+0	0.00000000E+0
-2.53906250E-1	-4.35111005E-8	-4.35111005E-8	-2.53906250E-1	0.00000000E+0	0.00000000E+0
-2.51464844E-1	-4.30829985E-8	-4.30829985E-8	-2.51464844E-1	0.00000000E+0	0.00000000E+0
-2.49023437E-1	-4.26854001E-8	-4.26854001E-8	-2.49023437E-1	0.00000000E+0	0.00000000E+0
-2.46582031E-1	-4.22649009E-8	-4.22649009E-8	-2.46582031E-1	0.00000000E+0	0.00000000E+0
-2.44140625E-1	-4.18672990E-8	-4.18672990E-8	-2.44140625E-1	0.00000000E+0	0.00000000E+0
-2.41699219E-1	-4.15308996E-8	-4.15308996E-8	-2.41699219E-1	0.00000000E+0	0.00000000E+0
-2.39257812E-1	-4.10644994E-8	-4.10644994E-8	-2.39257812E-1	0.00000000E+0	0.00000000E+0
-2.36816406E-1	-4.06498017E-8	-4.06498017E-8	-2.36816406E-1	0.00000000E+0	0.00000000E+0
-2.34375000E-1	-4.02693985E-8	-4.02693985E-8	-2.34375000E-1	0.00000000E+0	0.00000000E+0
-2.31933594E-1	-3.98718001E-8	-3.98718001E-8	-2.31933594E-1	0.00000000E+0	0.00000000E+0
-2.29492187E-1	-3.94665989E-8	-3.94665989E-8	-2.29492187E-1	0.00000000E+0	0.00000000E+0
-2.27050781E-1	-3.90384010E-8	-3.90384010E-8	-2.27050781E-1	0.00000000E+0	0.00000000E+0
-2.24609375E-1	-3.86791008E-8	-3.86791008E-8	-2.24609375E-1	0.00000000E+0	0.00000000E+0
-2.22167969E-1	-3.83427015E-8	-3.83427015E-8	-2.22167969E-1	0.00000000E+0	0.00000000E+0
-2.19726562E-1	-3.78534004E-8	-3.78534004E-8	-2.19726562E-1	0.00000000E+0	0.00000000E+0
-2.17285156E-1	-3.75781006E-8	-3.75781006E-8	-2.17285156E-1	0.00000000E+0	0.00000000E+0
-2.14843750E-1	-3.71193991E-8	-3.71193991E-8	-2.14843750E-1	0.00000000E+0	0.00000000E+0
-2.12402344E-1	-3.66301016E-8	-3.66301016E-8	-2.12402344E-1	0.00000000E+0	0.00000000E+0
-2.09960937E-1	-3.62975001E-8	-3.62975001E-8	-2.09960937E-1	0.00000000E+0	0.00000000E+0
-2.07519531E-1	-3.58579015E-8	-3.58579015E-8	-2.07519531E-1	0.00000000E+0	0.00000000E+0
-2.05078125E-1	-3.55291014E-8	-3.55291014E-8	-2.05078125E-1	0.00000000E+0	0.00000000E+0
-2.02636719E-1	-3.51239002E-8	-3.51239002E-8	-2.02636719E-1	0.00000000E+0	0.00000000E+0
-2.00195312E-1	-3.45428006E-8	-3.45428006E-8	-2.00195312E-1	0.00000000E+0	0.00000000E+0
-1.97753906E-1	-3.41146986E-8	-3.41146986E-8	-1.97753906E-1	0.00000000E+0	0.00000000E+0
-1.95312500E-1	-3.37782993E-8	-3.37782993E-8	-1.95312500E-1	0.00000000E+0	0.00000000E+0
-1.92871094E-1	-3.34418999E-8	-3.34418999E-8	-1.92871094E-1	0.00000000E+0	0.00000000E+0
-1.90429687E-1	-3.29639995E-8	-3.29639995E-8	-1.90429687E-1	0.00000000E+0	0.00000000E+0
-1.87988281E-1	-3.25856000E-8	-3.25856000E-8	-1.87988281E-1	0.00000000E+0	0.00000000E+0
-1.85546875E-1	-3.20656994E-8	-3.20656994E-8	-1.85546875E-1	0.00000000E+0	0.00000000E+0
-1.83105469E-1	-3.16909983E-8	-3.16909983E-8	-1.83105469E-1	0.00000000E+0	0.00000000E+0
-1.80664062E-1	-3.12323003E-8	-3.12323003E-8	-1.80664062E-1	0.00000000E+0	0.00000000E+0
-1.78222656E-1	-3.07888008E-8	-3.07888008E-8	-1.78222656E-1	0.00000000E+0	0.00000000E+0
-1.75781250E-1	-3.03989012E-8	-3.03989012E-8	-1.75781250E-1	0.00000000E+0	0.00000000E+0
-1.73339844E-1	-2.98942986E-8	-2.98942986E-8	-1.73339844E-1	0.00000000E+0	0.00000000E+0
-1.70898437E-1	-2.93515008E-8	-2.93515008E-8	-1.70898437E-1	0.00000000E+0	0.00000000E+0
-1.68457031E-1	-2.88851005E-8	-2.88851005E-8	-1.68457031E-1	0.00000000E+0	0.00000000E+0
-1.66015625E-1	-2.83957995E-8	-2.83957995E-8	-1.66015625E-1	0.00000000E+0	0.00000000E+0
-1.63574219E-1	-2.79981993E-8	-2.79981993E-8	-1.63574219E-1	0.00000000E+0	0.00000000E+0
-1.61132812E-1	-2.75509002E-8	-2.75509002E-8	-1.61132812E-1	0.00000000E+0	0.00000000E+0
-1.58691406E-1	-2.70807003E-8	-2.70807003E-8	-1.58691406E-1	0.00000000E+0	0.00000000E+0
-1.56250000E-1	-2.66143001E-8	-2.66143001E-8	-1.56250000E-1	0.00000000E+0	0.00000000E+0
-1.53808594E-1	-2.61633009E-8	-2.61633009E-8	-1.53808594E-1	0.00000000E+0	0.00000000E+0
-1.51367187E-1	-2.56356998E-8	-2.56356998E-8	-1.51367187E-1	0.00000000E+0	0.00000000E+0
-1.48925781E-1	-2.51387000E-8	-2.51387000E-8	-1.48925781E-1	0.00000000E+0	0.00000000E+0
-1.46484375E-1	-2.45882994E-8	-2.45882994E-8	-1.46484375E-1	0.00000000E+0	0.00000000E+0
-1.44042969E-1	-2.42213005E-8	-2.42213005E-8	-1.44042969E-1	0.00000000E+0	0.00000000E+0
-1.41601562E-1	-2.37281004E-8	-2.37281004E-8	-1.41601562E-1	0.00000000E+0	0.00000000E+0
-1.39160156E-1	-2.32502995E-8	-2.32502995E-8	-1.39160156E-1	0.00000000E+0	0.00000000E+0
-1.36718750E-1	-2.28220998E-8	-2.28220998E-8	-1.36718750E-1	0.00000000E+0	0.00000000E+0
-1.34277344E-1	-2.25238992E-8	-2.25238992E-8	-1.34277344E-1	0.00000000E+0	0.00000000E+0
-1.31835937E-1	-2.20498997E-8	-2.20498997E-8	-1.31835937E-1	0.00000000E+0	0.00000000E+0
-1.29394531E-1	-2.16982006E-8	-2.16982006E-8	-1.29394531E-1	0.00000000E+0	0.00000000E+0
-1.26953125E-1	-2.11477005E-8	-2.11477005E-8	-1.26953125E-1	0.00000000E+0	0.00000000E+0
-1.24511719E-1	-2.07654995E-8	-2.07654995E-8	-1.24511719E-1	0.00000000E+0	0.00000000E+0
-1.22070312E-1	-2.03104999E-8	-2.03104999E-8	-1.22070312E-1	0.00000000E+0	0.00000000E+0
-1.19628906E-1	-2.00162003E-8	-2.00162003E-8	-1.19628906E-1	0.00000000E+0	0.00000000E+0
-1.17187500E-1	-1.94772003E-8	-1.94772003E-8	-1.17187500E-1	0.00000000E+0	0.00000000E+0
-1.14746094E-1	-1.90145997E-8	-1.90145997E-8	-1.14746094E-1	0.00000000E+0	0.00000000E+0
-1.12304687E-1	-1.86196001E-8	-1.86196001E-8	-1.12304687E-1	0.00000000E+0	0.00000000E+0
-1.09863281E-1	-1.81990991E-8	-1.81990991E-8	-1.09863281E-1	0.00000000E+0	0.00000000E+0
-1.07421875E-1	-1.77301995E-8	-1.77301995E-8	-1.07421875E-1	0.00000000E+0	0.00000000E+0
-1.04980469E-1	-1.73096009E-8	-1.73096009E-8	-1.04980469E-1	0.00000000E+0	0.00000000E+0
-1.02539062E-1	-1.68165002E-8	-1.68165002E-8	-1.02539062E-1	0.00000000E+0	0.00000000E+0
-1.00097656E-1	-1.63386993E-8	-1.63386993E-8	-1.00097656E-1	0.00000000E+0	0.00000000E+0
-9.76562500E-2	-1.57575997E-8	-1.57575997E-8	-9.76562500E-2	0.00000000E+0	0.00000000E+0
-9.52148438E-2	-1.53243001E-8	-1.53243001E-8	-9.52148438E-2	0.00000000E+0	0.00000000E+0
-9.27734375E-2	-1.48707002E-8	-1.48707002E-8	-9.27734375E-2	0.00000000E+0	0.00000000E+0
-9.03320313E-2	-1.44043000E-8	-1.44043000E-8	-9.03320313E-2	0.00000000E+0	0.00000000E+0
-8.78906250E-2	-1.40066998E-8	-1.40066998E-8	-8.78906250E-2	0.00000000E+0	0.00000000E+0
-8.54492188E-2	-1.36627003E-8	-1.36627003E-8	-8.54492188E-2	0.00000000E+0	0.00000000E+0
-8.30078125E-2	-1.32881004E-8	-1.32881004E-8	-8.30078125E-2	0.00000000E+0	0.00000000E+0
-8.05664063E-2	-1.29398003E-8	-1.29398003E-8	-8.05664063E-2	0.00000000E+0	0.00000000E+0
-7.81250000E-2	-1.26778001E-8	-1.26778001E-8	-7.81250000E-2	0.00000000E+0	0.00000000E+0
-7.56835938E-2	-1.25113999E-8	-1.25113999E-8	-7.56835938E-2	0.00000000E+0	0.00000000E+0
-7.32421875E-2	-1.23874999E-8	-1.23874999E-8	-7.32421875E-2	0.00000000E+0	0.00000000E+0
-7.08007813E-2	-1.22998998E-8	-1.22998998E-8	-7.08007813E-2	0.00000000E+0	0.00000000E+0
-6.83593750E-2	-1.23783996E-8	-1.23783996E-8	-6.83593750E-2	0.00000000E+0	0.00000000E+0
-6.59179688E-2	-1.24666997E-8	-1.24666997E-8	-6.59179688E-2	0.00000000E+0	0.00000000E+0
-6.34765625E-2	-1.27381998E-8	-1.27381998E-8	-6.34765625E-2	0.00000000E+0	0.00000000E+0
-6.10351563E-2	-1.30586999E-8	-1.30586999E-8	-6.10351563E-2	0.00000000E+0	0.00000000E+0
-5.85937500E-2	-1.35378002E-8	-1.35378002E-8	-5.85937500E-2	0.00000000E+0	0.00000000E+0
-5.61523438E-2	-1.42973002E-8	-1.42973002E-8	-5.61523438E-2	0.00000000E+0	0.00000000E+0
-5.37109375E-2	-1.51866999E-8	-1.51866999E-8	-5.37109375E-2	0.00000000E+0	0.00000000E+0
-5.12695313E-2	-1.64494995E-8	-1.64494995E-8	-5.12695313E-2	0.00000000E+0	0.00000000E+0
-4.88281250E-2	-1.87215008E-8	-1.87215008E-8	-4.88281250E-2	0.00000000E+0	0.00000000E+0
-4.63867188E-2	-2.17593996E-8	-2.17593996E-8	-4.63867188E-2	0.00000000E+0	0.00000000E+0
-4.39453125E-2	-2.47258996E-8	-2.47258996E-8	-4.39453125E-2	0.00000000E+0	0.00000000E+0
-4.15039063E-2	-1.83494002E-8	-1.83494002E-8	-4.15039063E-2	0.00000000E+0	0.00000000E+0
-3.90625000E-2	-3.00777998E-8	-3.00777998E-8	-3.90625000E-2	0.00000000E+0	0.00000000E+0
-3.66210938E-2	-2.81510992E-8	-2.81510992E-8	-3.66210938E-2	0.00000000E+0	0.00000000E+0
-3.41796875E-2	-2.59186006E-8	-2.59186006E-8	-3.41796875E-2	0.00000000E+0	0.00000000E+0
-3.17382813E-2	-2.40071998E-8	-2.40071998E-8	-3.17382813E-2	0.00000000E+0	0.00000000E+0
-2.92968750E-2	-2.19314007E-8	-2.19314007E-8	-2.92968750E-2	0.00000000E+0	0.00000000E+0
-2.68554688E-2	-1.99651993E-8	-1.99651993E-8	-2.68554688E-2	0.00000000E+0	0.00000000E+0
-2.44140625E-2	-1.79976993E-8	-1.79976993E-8	-2.44140625E-2	0.00000000E+0	0.00000000E+0
-2.19726563E-2	-1.60940008E-8	-1.60940008E-8	-2.19726563E-2	0.00000000E+0	0.00000000E+0
-1.95312500E-2	-1.42361003E-8	-1.42361003E-8	-1.95312500E-2	0.00000000E+0	0.00000000E+0
-1.70898438E-2	-1.25113999E-8	-1.25113999E-8	-1.70898438E-2	0.00000000E+0	0.00000000E+0
-1.46484375E-2	-1.06578000E-8	-1.06578000E-8	-1.46484375E-2	0.00000000E+0	0.00000000E+0
-1.22070313E-2	-8.90907970E-9	-8.90907970E-9	-1.22070313E-2	0.00000000E+0	0.00000000E+0
-9.76562500E-3	-7.06865011E-9	-7.06865011E-9	-9.76562500E-3	0.00000000E+0	0.00000000E+0
-7.32421875E-3	-5.45220002E-9	-5.45220002E-9	-7.32421875E-3	0.00000000E+0	0.00000000E+0
-4.88281250E-3	-3.56620999E-9	-3.56620999E-9	-4.88281250E-3	0.00000000E+0	0.00000000E+0
-2.44140625E-3	-2.05529993E-9	-2.05529993E-9	-2.44140625E-3	0.00000000E+0	0.00000000E+0
0.00000000E+0	-2.43155995E-10	-2.43155995E-10	0.00000000E+0	0.00000000E+0	0.00000000E+0
