Date: do 28 mrt 2013, Material: Au, Temp: 4.2 K
AO1 - module gain: 1.0E+0, R_out: 0.0
AO2 - module gain: 1.0E+2
MUX1 - ADC gain: 4, logarithmic amplifier: D:\LabVIEW Data\Lithographic MCBJ\MED24_070412.TXT, R_in: 0.000
MUX2 - ADC gain: 4, linear amplifier: 1.000000 x 1e10 V/A, R_in: 1.000
Breaking trace: 15 0
Axis position: -885.434959
Vbias (V)	<I> and Ii MUX1 (A)	Vbias (V)	<I> and Ii MUX2 (A)
@
0.00000000E+0	2.06844004E-12	2.06844004E-12	0.00000000E+0	0.00000000E+0	0.00000000E+0
2.44140625E-3	2.09677997E-10	2.09677997E-10	2.44140625E-3	0.00000000E+0	0.00000000E+0
4.88281250E-3	5.22011989E-10	5.22011989E-10	4.88281250E-3	0.00000000E+0	0.00000000E+0
7.32421875E-3	9.59294977E-10	9.59294977E-10	7.32421875E-3	0.00000000E+0	0.00000000E+0
9.76562500E-3	1.43574996E-9	1.43574996E-9	9.76562500E-3	0.00000000E+0	0.00000000E+0
1.22070313E-2	1.88446991E-9	1.88446991E-9	1.22070313E-2	0.00000000E+0	0.00000000E+0
1.46484375E-2	2.28914998E-9	2.28914998E-9	1.46484375E-2	0.00000000E+0	0.00000000E+0
1.70898438E-2	2.07048001E-9	2.07048001E-9	1.70898438E-2	0.00000000E+0	0.00000000E+0
1.95312500E-2	2.46606002E-9	2.46606002E-9	1.95312500E-2	0.00000000E+0	0.00000000E+0
2.19726563E-2	2.76899992E-9	2.76899992E-9	2.19726563E-2	0.00000000E+0	0.00000000E+0
2.44140625E-2	3.08447001E-9	3.08447001E-9	2.44140625E-2	0.00000000E+0	0.00000000E+0
2.68554688E-2	3.43182993E-9	3.43182993E-9	2.68554688E-2	0.00000000E+0	0.00000000E+0
2.92968750E-2	3.81752985E-9	3.81752985E-9	2.92968750E-2	0.00000000E+0	0.00000000E+0
3.17382813E-2	4.18045021E-9	4.18045021E-9	3.17382813E-2	0.00000000E+0	0.00000000E+0
3.41796875E-2	4.57526017E-9	4.57526017E-9	3.41796875E-2	0.00000000E+0	0.00000000E+0
3.66210938E-2	4.92167018E-9	4.92167018E-9	3.66210938E-2	0.00000000E+0	0.00000000E+0
3.90625000E-2	5.31478017E-9	5.31478017E-9	3.90625000E-2	0.00000000E+0	0.00000000E+0
4.15039063E-2	5.64733016E-9	5.64733016E-9	4.15039063E-2	0.00000000E+0	0.00000000E+0
4.39453125E-2	5.98405991E-9	5.98405991E-9	4.39453125E-2	0.00000000E+0	0.00000000E+0
4.63867188E-2	6.21828988E-9	6.21828988E-9	4.63867188E-2	0.00000000E+0	0.00000000E+0
4.88281250E-2	5.53799984E-9	5.53799984E-9	4.88281250E-2	0.00000000E+0	0.00000000E+0
5.12695313E-2	6.81544021E-9	6.81544021E-9	5.12695313E-2	0.00000000E+0	0.00000000E+0
5.37109375E-2	6.80102019E-9	6.80102019E-9	5.37109375E-2	0.00000000E+0	0.00000000E+0
5.61523438E-2	6.66359012E-9	6.66359012E-9	5.61523438E-2	0.00000000E+0	0.00000000E+0
5.85937500E-2	6.41683018E-9	6.41683018E-9	5.85937500E-2	0.00000000E+0	0.00000000E+0
6.10351563E-2	6.08618000E-9	6.08618000E-9	6.10351563E-2	0.00000000E+0	0.00000000E+0
6.34765625E-2	5.84245985E-9	5.84245985E-9	6.34765625E-2	0.00000000E+0	0.00000000E+0
6.59179688E-2	5.63517988E-9	5.63517988E-9	6.59179688E-2	0.00000000E+0	0.00000000E+0
6.83593750E-2	5.46320988E-9	5.46320988E-9	6.83593750E-2	0.00000000E+0	0.00000000E+0
7.08007813E-2	5.30718003E-9	5.30718003E-9	7.08007813E-2	0.00000000E+0	0.00000000E+0
7.32421875E-2	5.22366994E-9	5.22366994E-9	7.32421875E-2	0.00000000E+0	0.00000000E+0
7.56835938E-2	5.10598008E-9	5.10598008E-9	7.56835938E-2	0.00000000E+0	0.00000000E+0
7.81250000E-2	5.04828002E-9	5.04828002E-9	7.81250000E-2	0.00000000E+0	0.00000000E+0
8.05664063E-2	4.97691000E-9	4.97691000E-9	8.05664063E-2	0.00000000E+0	0.00000000E+0
8.30078125E-2	4.92167018E-9	4.92167018E-9	8.30078125E-2	0.00000000E+0	0.00000000E+0
8.54492188E-2	4.90401986E-9	4.90401986E-9	8.54492188E-2	0.00000000E+0	0.00000000E+0
8.78906250E-2	4.83795981E-9	4.83795981E-9	8.78906250E-2	0.00000000E+0	0.00000000E+0
9.03320313E-2	4.78936979E-9	4.78936979E-9	9.03320313E-2	0.00000000E+0	0.00000000E+0
9.27734375E-2	4.79468998E-9	4.79468998E-9	9.27734375E-2	0.00000000E+0	0.00000000E+0
9.52148438E-2	4.73281014E-9	4.73281014E-9	9.52148438E-2	0.00000000E+0	0.00000000E+0
9.76562500E-2	4.72179984E-9	4.72179984E-9	9.76562500E-2	0.00000000E+0	0.00000000E+0
1.00097656E-1	4.72179984E-9	4.72179984E-9	1.00097656E-1	0.00000000E+0	0.00000000E+0
1.02539062E-1	4.83795981E-9	4.83795981E-9	1.02539062E-1	0.00000000E+0	0.00000000E+0
1.04980469E-1	4.87441021E-9	4.87441021E-9	1.04980469E-1	0.00000000E+0	0.00000000E+0
1.07421875E-1	4.81366991E-9	4.81366991E-9	1.07421875E-1	0.00000000E+0	0.00000000E+0
1.09863281E-1	4.81897988E-9	4.81897988E-9	1.09863281E-1	0.00000000E+0	0.00000000E+0
1.12304687E-1	4.77038986E-9	4.77038986E-9	1.12304687E-1	0.00000000E+0	0.00000000E+0
1.14746094E-1	4.79847984E-9	4.79847984E-9	1.14746094E-1	0.00000000E+0	0.00000000E+0
1.17187500E-1	4.80304019E-9	4.80304019E-9	1.17187500E-1	0.00000000E+0	0.00000000E+0
1.19628906E-1	4.79847984E-9	4.79847984E-9	1.19628906E-1	0.00000000E+0	0.00000000E+0
1.22070312E-1	4.82202012E-9	4.82202012E-9	1.22070312E-1	0.00000000E+0	0.00000000E+0
1.24511719E-1	4.84403984E-9	4.84403984E-9	1.24511719E-1	0.00000000E+0	0.00000000E+0
1.26953125E-1	4.88447016E-9	4.88447016E-9	1.26953125E-1	0.00000000E+0	0.00000000E+0
1.29394531E-1	4.97158981E-9	4.97158981E-9	1.29394531E-1	0.00000000E+0	0.00000000E+0
1.31835937E-1	4.97994979E-9	4.97994979E-9	1.31835937E-1	0.00000000E+0	0.00000000E+0
1.34277344E-1	5.04409980E-9	5.04409980E-9	1.34277344E-1	0.00000000E+0	0.00000000E+0
1.36718750E-1	5.11812992E-9	5.11812992E-9	1.36718750E-1	0.00000000E+0	0.00000000E+0
1.39160156E-1	5.17355980E-9	5.17355980E-9	1.39160156E-1	0.00000000E+0	0.00000000E+0
1.41601562E-1	5.23050003E-9	5.23050003E-9	1.41601562E-1	0.00000000E+0	0.00000000E+0
1.44042969E-1	5.31781019E-9	5.31781019E-9	1.44042969E-1	0.00000000E+0	0.00000000E+0
1.46484375E-1	5.38841993E-9	5.38841993E-9	1.46484375E-1	0.00000000E+0	0.00000000E+0
1.48925781E-1	5.47878010E-9	5.47878010E-9	1.48925781E-1	0.00000000E+0	0.00000000E+0
1.51367187E-1	5.55621993E-9	5.55621993E-9	1.51367187E-1	0.00000000E+0	0.00000000E+0
1.53808594E-1	5.63822011E-9	5.63822011E-9	1.53808594E-1	0.00000000E+0	0.00000000E+0
1.56250000E-1	5.74299985E-9	5.74299985E-9	1.56250000E-1	0.00000000E+0	0.00000000E+0
1.58691406E-1	5.83828008E-9	5.83828008E-9	1.58691406E-1	0.00000000E+0	0.00000000E+0
1.61132812E-1	5.91838001E-9	5.91838001E-9	1.61132812E-1	0.00000000E+0	0.00000000E+0
1.63574219E-1	6.02125994E-9	6.02125994E-9	1.63574219E-1	0.00000000E+0	0.00000000E+0
1.66015625E-1	6.11237017E-9	6.11237017E-9	1.66015625E-1	0.00000000E+0	0.00000000E+0
1.68457031E-1	6.18525986E-9	6.18525986E-9	1.68457031E-1	0.00000000E+0	0.00000000E+0
1.70898437E-1	6.27409014E-9	6.27409014E-9	1.70898437E-1	0.00000000E+0	0.00000000E+0
1.73339844E-1	6.34508002E-9	6.34508002E-9	1.73339844E-1	0.00000000E+0	0.00000000E+0
1.75781250E-1	6.42593978E-9	6.42593978E-9	1.75781250E-1	0.00000000E+0	0.00000000E+0
1.78222656E-1	6.48934018E-9	6.48934018E-9	1.78222656E-1	0.00000000E+0	0.00000000E+0
1.80664062E-1	6.57361987E-9	6.57361987E-9	1.80664062E-1	0.00000000E+0	0.00000000E+0
1.83105469E-1	6.65751987E-9	6.65751987E-9	1.83105469E-1	0.00000000E+0	0.00000000E+0
1.85546875E-1	6.75736000E-9	6.75736000E-9	1.85546875E-1	0.00000000E+0	0.00000000E+0
1.87988281E-1	6.84884993E-9	6.84884993E-9	1.87988281E-1	0.00000000E+0	0.00000000E+0
1.90429687E-1	6.97678004E-9	6.97678004E-9	1.90429687E-1	0.00000000E+0	0.00000000E+0
1.92871094E-1	7.03068981E-9	7.03068981E-9	1.92871094E-1	0.00000000E+0	0.00000000E+0
1.95312500E-1	7.01056990E-9	7.01056990E-9	1.95312500E-1	0.00000000E+0	0.00000000E+0
1.97753906E-1	7.11685999E-9	7.11685999E-9	1.97753906E-1	0.00000000E+0	0.00000000E+0
2.00195312E-1	7.22012006E-9	7.22012006E-9	2.00195312E-1	0.00000000E+0	0.00000000E+0
2.02636719E-1	7.33894989E-9	7.33894989E-9	2.02636719E-1	0.00000000E+0	0.00000000E+0
2.05078125E-1	7.42170991E-9	7.42170991E-9	2.05078125E-1	0.00000000E+0	0.00000000E+0
2.07519531E-1	7.55077956E-9	7.55077956E-9	2.07519531E-1	0.00000000E+0	0.00000000E+0
2.09960937E-1	7.63468044E-9	7.63468044E-9	2.09960937E-1	0.00000000E+0	0.00000000E+0
2.12402344E-1	7.72009034E-9	7.72009034E-9	2.12402344E-1	0.00000000E+0	0.00000000E+0
2.14843750E-1	7.83018006E-9	7.83018006E-9	2.14843750E-1	0.00000000E+0	0.00000000E+0
2.17285156E-1	7.93343968E-9	7.93343968E-9	2.17285156E-1	0.00000000E+0	0.00000000E+0
2.19726562E-1	7.97215982E-9	7.97215982E-9	2.19726562E-1	0.00000000E+0	0.00000000E+0
2.22167969E-1	8.06821010E-9	8.06821010E-9	2.22167969E-1	0.00000000E+0	0.00000000E+0
2.24609375E-1	8.19690005E-9	8.19690005E-9	2.24609375E-1	0.00000000E+0	0.00000000E+0
2.27050781E-1	8.24397972E-9	8.24397972E-9	2.27050781E-1	0.00000000E+0	0.00000000E+0
2.29492187E-1	8.36925018E-9	8.36925018E-9	2.29492187E-1	0.00000000E+0	0.00000000E+0
2.31933594E-1	8.46339976E-9	8.46339976E-9	2.31933594E-1	0.00000000E+0	0.00000000E+0
2.34375000E-1	8.54995985E-9	8.54995985E-9	2.34375000E-1	0.00000000E+0	0.00000000E+0
2.36816406E-1	8.61145999E-9	8.61145999E-9	2.36816406E-1	0.00000000E+0	0.00000000E+0
2.39257812E-1	8.67852012E-9	8.67852012E-9	2.39257812E-1	0.00000000E+0	0.00000000E+0
2.41699219E-1	8.73672956E-9	8.73672956E-9	2.41699219E-1	0.00000000E+0	0.00000000E+0
2.44140625E-1	8.91034979E-9	8.91034979E-9	2.44140625E-1	0.00000000E+0	0.00000000E+0
2.46582031E-1	8.97438035E-9	8.97438035E-9	2.46582031E-1	0.00000000E+0	0.00000000E+0
2.49023437E-1	9.02448960E-9	9.02448960E-9	2.49023437E-1	0.00000000E+0	0.00000000E+0
2.51464844E-1	9.13003007E-9	9.13003007E-9	2.51464844E-1	0.00000000E+0	0.00000000E+0
2.53906250E-1	9.24164034E-9	9.24164034E-9	2.53906250E-1	0.00000000E+0	0.00000000E+0
2.56347656E-1	9.28895982E-9	9.28895982E-9	2.56347656E-1	0.00000000E+0	0.00000000E+0
2.58789062E-1	9.41513001E-9	9.41513001E-9	2.58789062E-1	0.00000000E+0	0.00000000E+0
2.61230469E-1	9.50396029E-9	9.50396029E-9	2.61230469E-1	0.00000000E+0	0.00000000E+0
2.63671875E-1	9.60683977E-9	9.60683977E-9	2.63671875E-1	0.00000000E+0	0.00000000E+0
2.66113281E-1	9.70744019E-9	9.70744019E-9	2.66113281E-1	0.00000000E+0	0.00000000E+0
2.68554687E-1	9.79285009E-9	9.79285009E-9	2.68554687E-1	0.00000000E+0	0.00000000E+0
2.70996094E-1	9.89814009E-9	9.89814009E-9	2.70996094E-1	0.00000000E+0	0.00000000E+0
2.73437500E-1	9.97014027E-9	9.97014027E-9	2.73437500E-1	0.00000000E+0	0.00000000E+0
2.75878906E-1	1.00413997E-8	1.00413997E-8	2.75878906E-1	0.00000000E+0	0.00000000E+0
2.78320312E-1	1.02064002E-8	1.02064002E-8	2.78320312E-1	0.00000000E+0	0.00000000E+0
2.80761719E-1	1.02654996E-8	1.02654996E-8	2.80761719E-1	0.00000000E+0	0.00000000E+0
2.83203125E-1	1.03557003E-8	1.03557003E-8	2.83203125E-1	0.00000000E+0	0.00000000E+0
2.85644531E-1	1.04850004E-8	1.04850004E-8	2.85644531E-1	0.00000000E+0	0.00000000E+0
2.88085937E-1	1.05201998E-8	1.05201998E-8	2.88085937E-1	0.00000000E+0	0.00000000E+0
2.90527344E-1	1.06469997E-8	1.06469997E-8	2.90527344E-1	0.00000000E+0	0.00000000E+0
2.92968750E-1	1.07562999E-8	1.07562999E-8	2.92968750E-1	0.00000000E+0	0.00000000E+0
2.95410156E-1	1.08745004E-8	1.08745004E-8	2.95410156E-1	0.00000000E+0	0.00000000E+0
2.97851562E-1	1.09764997E-8	1.09764997E-8	2.97851562E-1	0.00000000E+0	0.00000000E+0
3.00292969E-1	1.10389999E-8	1.10389999E-8	3.00292969E-1	0.00000000E+0	0.00000000E+0
3.02734375E-1	1.11059002E-8	1.11059002E-8	3.02734375E-1	0.00000000E+0	0.00000000E+0
3.05175781E-1	1.12405001E-8	1.12405001E-8	3.05175781E-1	0.00000000E+0	0.00000000E+0
3.07617187E-1	1.13454997E-8	1.13454997E-8	3.07617187E-1	0.00000000E+0	0.00000000E+0
3.10058594E-1	1.14769003E-8	1.14769003E-8	3.10058594E-1	0.00000000E+0	0.00000000E+0
3.12500000E-1	1.15940999E-8	1.15940999E-8	3.12500000E-1	0.00000000E+0	0.00000000E+0
3.14941406E-1	1.17166001E-8	1.17166001E-8	3.14941406E-1	0.00000000E+0	0.00000000E+0
3.17382812E-1	1.17618999E-8	1.17618999E-8	3.17382812E-1	0.00000000E+0	0.00000000E+0
3.19824219E-1	1.18779999E-8	1.18779999E-8	3.19824219E-1	0.00000000E+0	0.00000000E+0
3.22265625E-1	1.20152004E-8	1.20152004E-8	3.22265625E-1	0.00000000E+0	0.00000000E+0
3.24707031E-1	1.21298998E-8	1.21298998E-8	3.24707031E-1	0.00000000E+0	0.00000000E+0
3.27148437E-1	1.22505996E-8	1.22505996E-8	3.27148437E-1	0.00000000E+0	0.00000000E+0
3.29589844E-1	1.23146000E-8	1.23146000E-8	3.29589844E-1	0.00000000E+0	0.00000000E+0
3.32031250E-1	1.23844002E-8	1.23844002E-8	3.32031250E-1	0.00000000E+0	0.00000000E+0
3.34472656E-1	1.24620998E-8	1.24620998E-8	3.34472656E-1	0.00000000E+0	0.00000000E+0
3.36914062E-1	1.25795996E-8	1.25795996E-8	3.36914062E-1	0.00000000E+0	0.00000000E+0
3.39355469E-1	1.26812001E-8	1.26812001E-8	3.39355469E-1	0.00000000E+0	0.00000000E+0
3.41796875E-1	1.28137003E-8	1.28137003E-8	3.41796875E-1	0.00000000E+0	0.00000000E+0
3.44238281E-1	1.28942999E-8	1.28942999E-8	3.44238281E-1	0.00000000E+0	0.00000000E+0
3.46679687E-1	1.30390001E-8	1.30390001E-8	3.46679687E-1	0.00000000E+0	0.00000000E+0
3.49121094E-1	1.31478997E-8	1.31478997E-8	3.49121094E-1	0.00000000E+0	0.00000000E+0
3.51562500E-1	1.32803999E-8	1.32803999E-8	3.51562500E-1	0.00000000E+0	0.00000000E+0
3.54003906E-1	1.33912996E-8	1.33912996E-8	3.54003906E-1	0.00000000E+0	0.00000000E+0
3.56445312E-1	1.34314000E-8	1.34314000E-8	3.56445312E-1	0.00000000E+0	0.00000000E+0
3.58886719E-1	1.35122997E-8	1.35122997E-8	3.58886719E-1	0.00000000E+0	0.00000000E+0
3.61328125E-1	1.36473997E-8	1.36473997E-8	3.61328125E-1	0.00000000E+0	0.00000000E+0
3.63769531E-1	1.37161997E-8	1.37161997E-8	3.63769531E-1	0.00000000E+0	0.00000000E+0
3.66210937E-1	1.38080001E-8	1.38080001E-8	3.66210937E-1	0.00000000E+0	0.00000000E+0
3.68652344E-1	1.39112002E-8	1.39112002E-8	3.68652344E-1	0.00000000E+0	0.00000000E+0
3.71093750E-1	1.39915004E-8	1.39915004E-8	3.71093750E-1	0.00000000E+0	0.00000000E+0
3.73535156E-1	1.41061003E-8	1.41061003E-8	3.73535156E-1	0.00000000E+0	0.00000000E+0
3.75976562E-1	1.41673002E-8	1.41673002E-8	3.75976562E-1	0.00000000E+0	0.00000000E+0
3.78417969E-1	1.42717997E-8	1.42717997E-8	3.78417969E-1	0.00000000E+0	0.00000000E+0
3.80859375E-1	1.44100003E-8	1.44100003E-8	3.80859375E-1	0.00000000E+0	0.00000000E+0
3.83300781E-1	1.44349004E-8	1.44349004E-8	3.83300781E-1	0.00000000E+0	0.00000000E+0
3.85742187E-1	1.45305004E-8	1.45305004E-8	3.85742187E-1	0.00000000E+0	0.00000000E+0
3.88183594E-1	1.46388004E-8	1.46388004E-8	3.88183594E-1	0.00000000E+0	0.00000000E+0
3.90625000E-1	1.47368997E-8	1.47368997E-8	3.90625000E-1	0.00000000E+0	0.00000000E+0
3.93066406E-1	1.48400998E-8	1.48400998E-8	3.93066406E-1	0.00000000E+0	0.00000000E+0
3.95507812E-1	1.48897996E-8	1.48897996E-8	3.95507812E-1	0.00000000E+0	0.00000000E+0
3.97949219E-1	1.49572994E-8	1.49572994E-8	3.97949219E-1	0.00000000E+0	0.00000000E+0
4.00390625E-1	1.50822004E-8	1.50822004E-8	4.00390625E-1	0.00000000E+0	0.00000000E+0
4.02832031E-1	1.51740007E-8	1.51740007E-8	4.02832031E-1	0.00000000E+0	0.00000000E+0
4.05273437E-1	1.59921001E-8	1.59921001E-8	4.05273437E-1	0.00000000E+0	0.00000000E+0
4.07714844E-1	1.53269006E-8	1.53269006E-8	4.07714844E-1	0.00000000E+0	0.00000000E+0
4.10156250E-1	1.54134998E-8	1.54134998E-8	4.10156250E-1	0.00000000E+0	0.00000000E+0
4.12597656E-1	1.55186992E-8	1.55186992E-8	4.12597656E-1	0.00000000E+0	0.00000000E+0
4.15039062E-1	1.56429003E-8	1.56429003E-8	4.15039062E-1	0.00000000E+0	0.00000000E+0
4.17480469E-1	1.57040994E-8	1.57040994E-8	4.17480469E-1	0.00000000E+0	0.00000000E+0
4.19921875E-1	1.58161999E-8	1.58161999E-8	4.19921875E-1	0.00000000E+0	0.00000000E+0
4.22363281E-1	1.58723008E-8	1.58723008E-8	4.22363281E-1	0.00000000E+0	0.00000000E+0
4.24804687E-1	1.60175002E-8	1.60175002E-8	4.24804687E-1	0.00000000E+0	0.00000000E+0
4.27246094E-1	1.60328000E-8	1.60328000E-8	4.27246094E-1	0.00000000E+0	0.00000000E+0
4.29687500E-1	1.61436997E-8	1.61436997E-8	4.29687500E-1	0.00000000E+0	0.00000000E+0
4.32128906E-1	1.62545994E-8	1.62545994E-8	4.32128906E-1	0.00000000E+0	0.00000000E+0
4.34570312E-1	1.64176992E-8	1.64176992E-8	4.34570312E-1	0.00000000E+0	0.00000000E+0
4.37011719E-1	1.66215006E-8	1.66215006E-8	4.37011719E-1	0.00000000E+0	0.00000000E+0
4.39453125E-1	1.73300005E-8	1.73300005E-8	4.39453125E-1	0.00000000E+0	0.00000000E+0
4.41894531E-1	1.69145995E-8	1.69145995E-8	4.41894531E-1	0.00000000E+0	0.00000000E+0
4.44335937E-1	1.70827992E-8	1.70827992E-8	4.44335937E-1	0.00000000E+0	0.00000000E+0
4.46777344E-1	1.68382002E-8	1.68382002E-8	4.46777344E-1	0.00000000E+0	0.00000000E+0
4.49218750E-1	1.69273999E-8	1.69273999E-8	4.49218750E-1	0.00000000E+0	0.00000000E+0
4.51660156E-1	1.70419998E-8	1.70419998E-8	4.51660156E-1	0.00000000E+0	0.00000000E+0
4.54101562E-1	1.71490999E-8	1.71490999E-8	4.54101562E-1	0.00000000E+0	0.00000000E+0
4.56542969E-1	1.72331998E-8	1.72331998E-8	4.56542969E-1	0.00000000E+0	0.00000000E+0
4.58984375E-1	1.73300005E-8	1.73300005E-8	4.58984375E-1	0.00000000E+0	0.00000000E+0
4.61425781E-1	1.74166992E-8	1.74166992E-8	4.61425781E-1	0.00000000E+0	0.00000000E+0
4.63867187E-1	1.75236998E-8	1.75236998E-8	4.63867187E-1	0.00000000E+0	0.00000000E+0
4.66308594E-1	1.75924999E-8	1.75924999E-8	4.66308594E-1	0.00000000E+0	0.00000000E+0
4.68750000E-1	1.76969994E-8	1.76969994E-8	4.68750000E-1	0.00000000E+0	0.00000000E+0
4.71191406E-1	1.78066006E-8	1.78066006E-8	4.71191406E-1	0.00000000E+0	0.00000000E+0
4.73632812E-1	1.79416997E-8	1.79416997E-8	4.73632812E-1	0.00000000E+0	0.00000000E+0
4.76074219E-1	1.80359994E-8	1.80359994E-8	4.76074219E-1	0.00000000E+0	0.00000000E+0
4.78515625E-1	1.81124005E-8	1.81124005E-8	4.78515625E-1	0.00000000E+0	0.00000000E+0
4.80957031E-1	1.82348003E-8	1.82348003E-8	4.80957031E-1	0.00000000E+0	0.00000000E+0
4.83398437E-1	1.82653004E-8	1.82653004E-8	4.83398437E-1	0.00000000E+0	0.00000000E+0
4.85839844E-1	1.83673006E-8	1.83673006E-8	4.85839844E-1	0.00000000E+0	0.00000000E+0
4.88281250E-1	1.85202005E-8	1.85202005E-8	4.88281250E-1	0.00000000E+0	0.00000000E+0
4.90722656E-1	1.86220994E-8	1.86220994E-8	4.90722656E-1	0.00000000E+0	0.00000000E+0
4.93164062E-1	1.87010993E-8	1.87010993E-8	4.93164062E-1	0.00000000E+0	0.00000000E+0
4.90722656E-1	1.87240996E-8	1.87240996E-8	4.90722656E-1	0.00000000E+0	0.00000000E+0
4.88281250E-1	1.86220994E-8	1.86220994E-8	4.88281250E-1	0.00000000E+0	0.00000000E+0
4.85839844E-1	1.84793993E-8	1.84793993E-8	4.85839844E-1	0.00000000E+0	0.00000000E+0
4.83398437E-1	1.89687004E-8	1.89687004E-8	4.83398437E-1	0.00000000E+0	0.00000000E+0
4.80957031E-1	1.92592999E-8	1.92592999E-8	4.80957031E-1	0.00000000E+0	0.00000000E+0
4.78515625E-1	1.81633997E-8	1.81633997E-8	4.78515625E-1	0.00000000E+0	0.00000000E+0
4.76074219E-1	1.89687004E-8	1.89687004E-8	4.76074219E-1	0.00000000E+0	0.00000000E+0
4.73632812E-1	1.88565998E-8	1.88565998E-8	4.73632812E-1	0.00000000E+0	0.00000000E+0
4.71191406E-1	1.82348003E-8	1.82348003E-8	4.71191406E-1	0.00000000E+0	0.00000000E+0
4.68750000E-1	1.77453998E-8	1.77453998E-8	4.68750000E-1	0.00000000E+0	0.00000000E+0
4.66308594E-1	1.76230994E-8	1.76230994E-8	4.66308594E-1	0.00000000E+0	0.00000000E+0
4.63867187E-1	1.75314003E-8	1.75314003E-8	4.63867187E-1	0.00000000E+0	0.00000000E+0
4.61425781E-1	1.74269008E-8	1.74269008E-8	4.61425781E-1	0.00000000E+0	0.00000000E+0
4.58984375E-1	1.73172996E-8	1.73172996E-8	4.58984375E-1	0.00000000E+0	0.00000000E+0
4.56542969E-1	1.72044992E-8	1.72044992E-8	4.56542969E-1	0.00000000E+0	0.00000000E+0
4.54101562E-1	1.71185004E-8	1.71185004E-8	4.54101562E-1	0.00000000E+0	0.00000000E+0
4.51660156E-1	1.69999996E-8	1.69999996E-8	4.51660156E-1	0.00000000E+0	0.00000000E+0
4.49218750E-1	1.68890999E-8	1.68890999E-8	4.49218750E-1	0.00000000E+0	0.00000000E+0
4.46777344E-1	1.67871992E-8	1.67871992E-8	4.46777344E-1	0.00000000E+0	0.00000000E+0
4.44335937E-1	1.67184009E-8	1.67184009E-8	4.44335937E-1	0.00000000E+0	0.00000000E+0
4.41894531E-1	1.65961005E-8	1.65961005E-8	4.41894531E-1	0.00000000E+0	0.00000000E+0
4.39453125E-1	1.64782001E-8	1.64782001E-8	4.39453125E-1	0.00000000E+0	0.00000000E+0
4.37011719E-1	1.63386993E-8	1.63386993E-8	4.37011719E-1	0.00000000E+0	0.00000000E+0
4.34570312E-1	1.62545994E-8	1.62545994E-8	4.34570312E-1	0.00000000E+0	0.00000000E+0
4.32128906E-1	1.61436997E-8	1.61436997E-8	4.32128906E-1	0.00000000E+0	0.00000000E+0
4.29687500E-1	1.60558002E-8	1.60558002E-8	4.29687500E-1	0.00000000E+0	0.00000000E+0
4.27246094E-1	1.59792997E-8	1.59792997E-8	4.27246094E-1	0.00000000E+0	0.00000000E+0
4.24804687E-1	1.58723008E-8	1.58723008E-8	4.24804687E-1	0.00000000E+0	0.00000000E+0
4.22363281E-1	1.57843001E-8	1.57843001E-8	4.22363281E-1	0.00000000E+0	0.00000000E+0
4.19921875E-1	1.56836997E-8	1.56836997E-8	4.19921875E-1	0.00000000E+0	0.00000000E+0
4.17480469E-1	1.56123008E-8	1.56123008E-8	4.17480469E-1	0.00000000E+0	0.00000000E+0
4.15039062E-1	1.54900004E-8	1.54900004E-8	4.15039062E-1	0.00000000E+0	0.00000000E+0
4.12597656E-1	1.61436997E-8	1.61436997E-8	4.12597656E-1	0.00000000E+0	0.00000000E+0
4.10156250E-1	1.53269006E-8	1.53269006E-8	4.10156250E-1	0.00000000E+0	0.00000000E+0
4.07714844E-1	1.52046002E-8	1.52046002E-8	4.07714844E-1	0.00000000E+0	0.00000000E+0
4.05273437E-1	1.51535993E-8	1.51535993E-8	4.05273437E-1	0.00000000E+0	0.00000000E+0
4.02832031E-1	1.50293005E-8	1.50293005E-8	4.02832031E-1	0.00000000E+0	0.00000000E+0
4.00390625E-1	1.49572994E-8	1.49572994E-8	4.00390625E-1	0.00000000E+0	0.00000000E+0
3.97949219E-1	1.48400998E-8	1.48400998E-8	3.97949219E-1	0.00000000E+0	0.00000000E+0
3.95507812E-1	1.47790002E-8	1.47790002E-8	3.95507812E-1	0.00000000E+0	0.00000000E+0
3.93066406E-1	1.46719001E-8	1.46719001E-8	3.93066406E-1	0.00000000E+0	0.00000000E+0
3.90625000E-1	1.45495997E-8	1.45495997E-8	3.90625000E-1	0.00000000E+0	0.00000000E+0
3.88183594E-1	1.45036996E-8	1.45036996E-8	3.88183594E-1	0.00000000E+0	0.00000000E+0
3.85742187E-1	1.43909000E-8	1.43909000E-8	3.85742187E-1	0.00000000E+0	0.00000000E+0
3.83300781E-1	1.42973002E-8	1.42973002E-8	3.83300781E-1	0.00000000E+0	0.00000000E+0
3.80859375E-1	1.41902001E-8	1.41902001E-8	3.80859375E-1	0.00000000E+0	0.00000000E+0
3.78417969E-1	1.40907996E-8	1.40907996E-8	3.78417969E-1	0.00000000E+0	0.00000000E+0
3.75976562E-1	1.40219996E-8	1.40219996E-8	3.75976562E-1	0.00000000E+0	0.00000000E+0
3.73535156E-1	1.39507002E-8	1.39507002E-8	3.73535156E-1	0.00000000E+0	0.00000000E+0
3.71093750E-1	1.38717002E-8	1.38717002E-8	3.71093750E-1	0.00000000E+0	0.00000000E+0
3.68652344E-1	1.37570000E-8	1.37570000E-8	3.68652344E-1	0.00000000E+0	0.00000000E+0
3.66210937E-1	1.36244998E-8	1.36244998E-8	3.66210937E-1	0.00000000E+0	0.00000000E+0
3.63769531E-1	1.35517997E-8	1.35517997E-8	3.63769531E-1	0.00000000E+0	0.00000000E+0
3.61328125E-1	1.34715998E-8	1.34715998E-8	3.61328125E-1	0.00000000E+0	0.00000000E+0
3.58886719E-1	1.33798004E-8	1.33798004E-8	3.58886719E-1	0.00000000E+0	0.00000000E+0
3.56445312E-1	1.33090996E-8	1.33090996E-8	3.56445312E-1	0.00000000E+0	0.00000000E+0
3.54003906E-1	1.32078002E-8	1.32078002E-8	3.54003906E-1	0.00000000E+0	0.00000000E+0
3.51562500E-1	1.31275000E-8	1.31275000E-8	3.51562500E-1	0.00000000E+0	0.00000000E+0
3.49121094E-1	1.29488003E-8	1.29488003E-8	3.49121094E-1	0.00000000E+0	0.00000000E+0
3.46679687E-1	1.28610003E-8	1.28610003E-8	3.46679687E-1	0.00000000E+0	0.00000000E+0
3.44238281E-1	1.27959998E-8	1.27959998E-8	3.44238281E-1	0.00000000E+0	0.00000000E+0
3.41796875E-1	1.27112001E-8	1.27112001E-8	3.41796875E-1	0.00000000E+0	0.00000000E+0
3.39355469E-1	1.26176998E-8	1.26176998E-8	3.39355469E-1	0.00000000E+0	0.00000000E+0
3.36914062E-1	1.25371997E-8	1.25371997E-8	3.36914062E-1	0.00000000E+0	0.00000000E+0
3.34472656E-1	1.24371002E-8	1.24371002E-8	3.34472656E-1	0.00000000E+0	0.00000000E+0
3.32031250E-1	1.23095996E-8	1.23095996E-8	3.32031250E-1	0.00000000E+0	0.00000000E+0
3.29589844E-1	1.22773001E-8	1.22773001E-8	3.29589844E-1	0.00000000E+0	0.00000000E+0
3.27148437E-1	1.21222001E-8	1.21222001E-8	3.27148437E-1	0.00000000E+0	0.00000000E+0
3.24707031E-1	1.20246000E-8	1.20246000E-8	3.24707031E-1	0.00000000E+0	0.00000000E+0
3.22265625E-1	1.19469998E-8	1.19469998E-8	3.22265625E-1	0.00000000E+0	0.00000000E+0
3.19824219E-1	1.18613999E-8	1.18613999E-8	3.19824219E-1	0.00000000E+0	0.00000000E+0
3.17382812E-1	1.17737002E-8	1.17737002E-8	3.17382812E-1	0.00000000E+0	0.00000000E+0
3.14941406E-1	1.16252004E-8	1.16252004E-8	3.14941406E-1	0.00000000E+0	0.00000000E+0
3.12500000E-1	1.20508004E-8	1.20508004E-8	3.12500000E-1	0.00000000E+0	0.00000000E+0
3.10058594E-1	1.16432002E-8	1.16432002E-8	3.10058594E-1	0.00000000E+0	0.00000000E+0
3.07617187E-1	1.13705001E-8	1.13705001E-8	3.07617187E-1	0.00000000E+0	0.00000000E+0
3.05175781E-1	1.12462999E-8	1.12462999E-8	3.05175781E-1	0.00000000E+0	0.00000000E+0
3.02734375E-1	1.14518004E-8	1.14518004E-8	3.02734375E-1	0.00000000E+0	0.00000000E+0
3.00292969E-1	1.15940999E-8	1.15940999E-8	3.00292969E-1	0.00000000E+0	0.00000000E+0
2.97851562E-1	1.14769003E-8	1.14769003E-8	2.97851562E-1	0.00000000E+0	0.00000000E+0
2.95410156E-1	1.08745004E-8	1.08745004E-8	2.95410156E-1	0.00000000E+0	0.00000000E+0
2.92968750E-1	1.07984004E-8	1.07984004E-8	2.92968750E-1	0.00000000E+0	0.00000000E+0
2.90527344E-1	1.06469997E-8	1.06469997E-8	2.90527344E-1	0.00000000E+0	0.00000000E+0
2.88085937E-1	1.06635003E-8	1.06635003E-8	2.88085937E-1	0.00000000E+0	0.00000000E+0
2.85644531E-1	1.06464002E-8	1.06464002E-8	2.85644531E-1	0.00000000E+0	0.00000000E+0
2.83203125E-1	1.03949001E-8	1.03949001E-8	2.83203125E-1	0.00000000E+0	0.00000000E+0
2.80761719E-1	1.03006004E-8	1.03006004E-8	2.80761719E-1	0.00000000E+0	0.00000000E+0
2.78320312E-1	1.01784998E-8	1.01784998E-8	2.78320312E-1	0.00000000E+0	0.00000000E+0
2.75878906E-1	1.00923998E-8	1.00923998E-8	2.75878906E-1	0.00000000E+0	0.00000000E+0
2.73437500E-1	9.99895988E-9	9.99895988E-9	2.73437500E-1	0.00000000E+0	0.00000000E+0
2.70996094E-1	9.88433957E-9	9.88433957E-9	2.70996094E-1	0.00000000E+0	0.00000000E+0
2.68554687E-1	9.84145032E-9	9.84145032E-9	2.68554687E-1	0.00000000E+0	0.00000000E+0
2.66113281E-1	9.68782032E-9	9.68782032E-9	2.66113281E-1	0.00000000E+0	0.00000000E+0
2.63671875E-1	9.59316981E-9	9.59316981E-9	2.63671875E-1	0.00000000E+0	0.00000000E+0
2.61230469E-1	9.49142986E-9	9.49142986E-9	2.61230469E-1	0.00000000E+0	0.00000000E+0
2.58789062E-1	9.40335987E-9	9.40335987E-9	2.58789062E-1	0.00000000E+0	0.00000000E+0
2.56347656E-1	9.32237043E-9	9.32237043E-9	2.56347656E-1	0.00000000E+0	0.00000000E+0
2.53906250E-1	9.21658039E-9	9.21658039E-9	2.53906250E-1	0.00000000E+0	0.00000000E+0
2.51464844E-1	9.10991016E-9	9.10991016E-9	2.51464844E-1	0.00000000E+0	0.00000000E+0
2.49023437E-1	8.98234997E-9	8.98234997E-9	2.49023437E-1	0.00000000E+0	0.00000000E+0
2.46582031E-1	8.85934970E-9	8.85934970E-9	2.46582031E-1	0.00000000E+0	0.00000000E+0
2.44140625E-1	8.82898021E-9	8.82898021E-9	2.44140625E-1	0.00000000E+0	0.00000000E+0
2.41699219E-1	8.68547989E-9	8.68547989E-9	2.41699219E-1	0.00000000E+0	0.00000000E+0
2.39257812E-1	8.62208971E-9	8.62208971E-9	2.39257812E-1	0.00000000E+0	0.00000000E+0
2.36816406E-1	8.50705995E-9	8.50705995E-9	2.36816406E-1	0.00000000E+0	0.00000000E+0
2.34375000E-1	8.38177971E-9	8.38177971E-9	2.34375000E-1	0.00000000E+0	0.00000000E+0
2.31933594E-1	8.35103009E-9	8.35103009E-9	2.31933594E-1	0.00000000E+0	0.00000000E+0
2.29492187E-1	8.20184010E-9	8.20184010E-9	2.29492187E-1	0.00000000E+0	0.00000000E+0
2.27050781E-1	8.13161005E-9	8.13161005E-9	2.27050781E-1	0.00000000E+0	0.00000000E+0
2.24609375E-1	8.05643996E-9	8.05643996E-9	2.24609375E-1	0.00000000E+0	0.00000000E+0
2.22167969E-1	7.95165978E-9	7.95165978E-9	2.22167969E-1	0.00000000E+0	0.00000000E+0
2.19726562E-1	7.87041987E-9	7.87041987E-9	2.19726562E-1	0.00000000E+0	0.00000000E+0
2.17285156E-1	7.70755992E-9	7.70755992E-9	2.17285156E-1	0.00000000E+0	0.00000000E+0
2.14843750E-1	7.69731034E-9	7.69731034E-9	2.14843750E-1	0.00000000E+0	0.00000000E+0
2.12402344E-1	7.61152030E-9	7.61152030E-9	2.12402344E-1	0.00000000E+0	0.00000000E+0
2.09960937E-1	7.51889040E-9	7.51889040E-9	2.09960937E-1	0.00000000E+0	0.00000000E+0
2.07519531E-1	7.40689998E-9	7.40689998E-9	2.07519531E-1	0.00000000E+0	0.00000000E+0
2.05078125E-1	7.25960003E-9	7.25960003E-9	2.05078125E-1	0.00000000E+0	0.00000000E+0
2.02636719E-1	7.14724013E-9	7.14724013E-9	2.02636719E-1	0.00000000E+0	0.00000000E+0
2.00195312E-1	7.06220016E-9	7.06220016E-9	2.00195312E-1	0.00000000E+0	0.00000000E+0
1.97753906E-1	6.99651981E-9	6.99651981E-9	1.97753906E-1	0.00000000E+0	0.00000000E+0
1.95312500E-1	6.87313984E-9	6.87313984E-9	1.95312500E-1	0.00000000E+0	0.00000000E+0
1.92871094E-1	6.73610012E-9	6.73610012E-9	1.92871094E-1	0.00000000E+0	0.00000000E+0
1.90429687E-1	6.68788980E-9	6.68788980E-9	1.90429687E-1	0.00000000E+0	0.00000000E+0
1.87988281E-1	6.60095001E-9	6.60095001E-9	1.87988281E-1	0.00000000E+0	0.00000000E+0
1.85546875E-1	6.43011999E-9	6.43011999E-9	1.85546875E-1	0.00000000E+0	0.00000000E+0
1.83105469E-1	6.33672981E-9	6.33672981E-9	1.83105469E-1	0.00000000E+0	0.00000000E+0
1.80664062E-1	6.26081009E-9	6.26081009E-9	1.80664062E-1	0.00000000E+0	0.00000000E+0
1.78222656E-1	6.19475005E-9	6.19475005E-9	1.78222656E-1	0.00000000E+0	0.00000000E+0
1.75781250E-1	6.12946005E-9	6.12946005E-9	1.75781250E-1	0.00000000E+0	0.00000000E+0
1.73339844E-1	6.06187989E-9	6.06187989E-9	1.73339844E-1	0.00000000E+0	0.00000000E+0
1.70898437E-1	5.99621020E-9	5.99621020E-9	1.70898437E-1	0.00000000E+0	0.00000000E+0
1.68457031E-1	5.93963989E-9	5.93963989E-9	1.68457031E-1	0.00000000E+0	0.00000000E+0
1.66015625E-1	5.85461013E-9	5.85461013E-9	1.66015625E-1	0.00000000E+0	0.00000000E+0
1.63574219E-1	5.80828985E-9	5.80828985E-9	1.63574219E-1	0.00000000E+0	0.00000000E+0
1.61132812E-1	5.70617020E-9	5.70617020E-9	1.61132812E-1	0.00000000E+0	0.00000000E+0
1.58691406E-1	5.65795988E-9	5.65795988E-9	1.58691406E-1	0.00000000E+0	0.00000000E+0
1.56250000E-1	5.55621993E-9	5.55621993E-9	1.56250000E-1	0.00000000E+0	0.00000000E+0
1.53808594E-1	5.50876988E-9	5.50876988E-9	1.53808594E-1	0.00000000E+0	0.00000000E+0
1.51367187E-1	5.42069012E-9	5.42069012E-9	1.51367187E-1	0.00000000E+0	0.00000000E+0
1.48925781E-1	5.34893996E-9	5.34893996E-9	1.48925781E-1	0.00000000E+0	0.00000000E+0
1.46484375E-1	5.32579003E-9	5.32579003E-9	1.46484375E-1	0.00000000E+0	0.00000000E+0
1.44042969E-1	5.26086996E-9	5.26086996E-9	1.44042969E-1	0.00000000E+0	0.00000000E+0
1.41601562E-1	5.19499999E-9	5.19499999E-9	1.41601562E-1	0.00000000E+0	0.00000000E+0
1.39160156E-1	5.13256015E-9	5.13256015E-9	1.39160156E-1	0.00000000E+0	0.00000000E+0
1.36718750E-1	5.06573983E-9	5.06573983E-9	1.36718750E-1	0.00000000E+0	0.00000000E+0
1.34277344E-1	4.97158981E-9	4.97158981E-9	1.34277344E-1	0.00000000E+0	0.00000000E+0
1.31835937E-1	4.96779995E-9	4.96779995E-9	1.31835937E-1	0.00000000E+0	0.00000000E+0
1.29394531E-1	4.90706009E-9	4.90706009E-9	1.29394531E-1	0.00000000E+0	0.00000000E+0
1.26953125E-1	4.84708007E-9	4.84708007E-9	1.26953125E-1	0.00000000E+0	0.00000000E+0
1.24511719E-1	4.82202012E-9	4.82202012E-9	1.24511719E-1	0.00000000E+0	0.00000000E+0
1.22070312E-1	4.79165019E-9	4.79165019E-9	1.22070312E-1	0.00000000E+0	0.00000000E+0
1.19628906E-1	4.73907003E-9	4.73907003E-9	1.19628906E-1	0.00000000E+0	0.00000000E+0
1.17187500E-1	4.74988981E-9	4.74988981E-9	1.17187500E-1	0.00000000E+0	0.00000000E+0
1.14746094E-1	4.69067007E-9	4.69067007E-9	1.14746094E-1	0.00000000E+0	0.00000000E+0
1.12304687E-1	4.69883021E-9	4.69883021E-9	1.12304687E-1	0.00000000E+0	0.00000000E+0
1.09863281E-1	4.70623007E-9	4.70623007E-9	1.09863281E-1	0.00000000E+0	0.00000000E+0
1.07421875E-1	4.72484007E-9	4.72484007E-9	1.07421875E-1	0.00000000E+0	0.00000000E+0
1.04980469E-1	4.74988981E-9	4.74988981E-9	1.04980469E-1	0.00000000E+0	0.00000000E+0
1.02539062E-1	4.79165019E-9	4.79165019E-9	1.02539062E-1	0.00000000E+0	0.00000000E+0
1.00097656E-1	4.78936979E-9	4.78936979E-9	1.00097656E-1	0.00000000E+0	0.00000000E+0
9.76562500E-2	4.81594986E-9	4.81594986E-9	9.76562500E-2	0.00000000E+0	0.00000000E+0
9.52148438E-2	4.79468998E-9	4.79468998E-9	9.52148438E-2	0.00000000E+0	0.00000000E+0
9.27734375E-2	4.84024021E-9	4.84024021E-9	9.27734375E-2	0.00000000E+0	0.00000000E+0
9.03320313E-2	4.87441021E-9	4.87441021E-9	9.03320313E-2	0.00000000E+0	0.00000000E+0
8.78906250E-2	4.85619012E-9	4.85619012E-9	8.78906250E-2	0.00000000E+0	0.00000000E+0
8.54492188E-2	4.87669016E-9	4.87669016E-9	8.54492188E-2	0.00000000E+0	0.00000000E+0
8.30078125E-2	4.92414021E-9	4.92414021E-9	8.30078125E-2	0.00000000E+0	0.00000000E+0
8.05664063E-2	4.94274000E-9	4.94274000E-9	8.05664063E-2	0.00000000E+0	0.00000000E+0
7.81250000E-2	4.99285013E-9	4.99285013E-9	7.81250000E-2	0.00000000E+0	0.00000000E+0
7.56835938E-2	5.02930009E-9	5.02930009E-9	7.56835938E-2	0.00000000E+0	0.00000000E+0
7.32421875E-2	5.09914999E-9	5.09914999E-9	7.32421875E-2	0.00000000E+0	0.00000000E+0
7.08007813E-2	5.20544008E-9	5.20544008E-9	7.08007813E-2	0.00000000E+0	0.00000000E+0
6.83593750E-2	5.29654987E-9	5.29654987E-9	6.83593750E-2	0.00000000E+0	0.00000000E+0
6.59179688E-2	5.38235012E-9	5.38235012E-9	6.59179688E-2	0.00000000E+0	0.00000000E+0
6.34765625E-2	5.51673995E-9	5.51673995E-9	6.34765625E-2	0.00000000E+0	0.00000000E+0
6.10351563E-2	5.73996006E-9	5.73996006E-9	6.10351563E-2	0.00000000E+0	0.00000000E+0
5.85937500E-2	5.95330985E-9	5.95330985E-9	5.85937500E-2	0.00000000E+0	0.00000000E+0
5.61523438E-2	6.20728002E-9	6.20728002E-9	5.61523438E-2	0.00000000E+0	0.00000000E+0
5.37109375E-2	6.49882992E-9	6.49882992E-9	5.37109375E-2	0.00000000E+0	0.00000000E+0
5.12695313E-2	6.61689992E-9	6.61689992E-9	5.12695313E-2	0.00000000E+0	0.00000000E+0
4.88281250E-2	6.58803989E-9	6.58803989E-9	4.88281250E-2	0.00000000E+0	0.00000000E+0
4.63867188E-2	5.31478017E-9	5.31478017E-9	4.63867188E-2	0.00000000E+0	0.00000000E+0
4.39453125E-2	6.23347018E-9	6.23347018E-9	4.39453125E-2	0.00000000E+0	0.00000000E+0
4.15039063E-2	5.71034997E-9	5.71034997E-9	4.15039063E-2	0.00000000E+0	0.00000000E+0
3.90625000E-2	5.41575984E-9	5.41575984E-9	3.90625000E-2	0.00000000E+0	0.00000000E+0
3.66210938E-2	5.07978992E-9	5.07978992E-9	3.66210938E-2	0.00000000E+0	0.00000000E+0
3.41796875E-2	4.71648010E-9	4.71648010E-9	3.41796875E-2	0.00000000E+0	0.00000000E+0
3.17382813E-2	4.34748992E-9	4.34748992E-9	3.17382813E-2	0.00000000E+0	0.00000000E+0
2.92968750E-2	3.95078015E-9	3.95078015E-9	2.92968750E-2	0.00000000E+0	0.00000000E+0
2.68554688E-2	3.54420004E-9	3.54420004E-9	2.68554688E-2	0.00000000E+0	0.00000000E+0
2.44140625E-2	3.06738990E-9	3.06738990E-9	2.44140625E-2	0.00000000E+0	0.00000000E+0
2.19726563E-2	2.67181011E-9	2.67181011E-9	2.19726563E-2	0.00000000E+0	0.00000000E+0
1.95312500E-2	2.36696995E-9	2.36696995E-9	1.95312500E-2	0.00000000E+0	0.00000000E+0
1.70898438E-2	2.05758011E-9	2.05758011E-9	1.70898438E-2	0.00000000E+0	0.00000000E+0
1.46484375E-2	1.79741000E-9	1.79741000E-9	1.46484375E-2	0.00000000E+0	0.00000000E+0
1.22070313E-2	1.47421997E-9	1.47421997E-9	1.22070313E-2	0.00000000E+0	0.00000000E+0
9.76562500E-3	1.06878995E-9	1.06878995E-9	9.76562500E-3	0.00000000E+0	0.00000000E+0
7.32421875E-3	6.52630006E-10	6.52630006E-10	7.32421875E-3	0.00000000E+0	0.00000000E+0
4.88281250E-3	3.04673009E-10	3.04673009E-10	4.88281250E-3	0.00000000E+0	0.00000000E+0
2.44140625E-3	4.97956988E-11	4.97956988E-11	2.44140625E-3	0.00000000E+0	0.00000000E+0
0.00000000E+0	-1.26481006E-10	-1.26481006E-10	0.00000000E+0	0.00000000E+0	0.00000000E+0
-2.44140625E-3	-3.36006001E-10	-3.36006001E-10	-2.44140625E-3	0.00000000E+0	0.00000000E+0
-4.88281250E-3	-6.44567011E-10	-6.44567011E-10	-4.88281250E-3	0.00000000E+0	0.00000000E+0
-7.32421875E-3	-1.01094000E-9	-1.01094000E-9	-7.32421875E-3	0.00000000E+0	0.00000000E+0
-9.76562500E-3	-1.41391998E-9	-1.41391998E-9	-9.76562500E-3	0.00000000E+0	0.00000000E+0
-1.22070313E-2	-1.79184001E-9	-1.79184001E-9	-1.22070313E-2	0.00000000E+0	0.00000000E+0
-1.46484375E-2	-2.14754992E-9	-2.14754992E-9	-1.46484375E-2	0.00000000E+0	0.00000000E+0
-1.70898438E-2	-2.47631005E-9	-2.47631005E-9	-1.70898438E-2	0.00000000E+0	0.00000000E+0
-1.95312500E-2	-2.79861001E-9	-2.79861001E-9	-1.95312500E-2	0.00000000E+0	0.00000000E+0
-2.19726563E-2	-3.05865000E-9	-3.05865000E-9	-2.19726563E-2	0.00000000E+0	0.00000000E+0
-2.44140625E-2	-3.35590000E-9	-3.35590000E-9	-2.44140625E-2	0.00000000E+0	0.00000000E+0
-2.68554688E-2	-3.83879017E-9	-3.83879017E-9	-2.68554688E-2	0.00000000E+0	0.00000000E+0
-2.92968750E-2	-4.20702984E-9	-4.20702984E-9	-2.92968750E-2	0.00000000E+0	0.00000000E+0
-3.17382813E-2	-4.61702010E-9	-4.61702010E-9	-3.17382813E-2	0.00000000E+0	0.00000000E+0
-3.41796875E-2	-5.02169994E-9	-5.02169994E-9	-3.41796875E-2	0.00000000E+0	0.00000000E+0
-3.66210938E-2	-5.45220002E-9	-5.45220002E-9	-3.66210938E-2	0.00000000E+0	0.00000000E+0
-3.90625000E-2	-5.85233018E-9	-5.85233018E-9	-3.90625000E-2	0.00000000E+0	0.00000000E+0
-4.15039063E-2	-6.26726004E-9	-6.26726004E-9	-4.15039063E-2	0.00000000E+0	0.00000000E+0
-4.39453125E-2	-6.79000989E-9	-6.79000989E-9	-4.39453125E-2	0.00000000E+0	0.00000000E+0
-4.63867188E-2	-6.11199003E-9	-6.11199003E-9	-4.63867188E-2	0.00000000E+0	0.00000000E+0
-4.88281250E-2	-7.43006012E-9	-7.43006012E-9	-4.88281250E-2	0.00000000E+0	0.00000000E+0
-5.12695313E-2	-7.45056017E-9	-7.45056017E-9	-5.12695313E-2	0.00000000E+0	0.00000000E+0
-5.37109375E-2	-7.22998994E-9	-7.22998994E-9	-5.37109375E-2	0.00000000E+0	0.00000000E+0
-5.61523438E-2	-6.87579993E-9	-6.87579993E-9	-5.61523438E-2	0.00000000E+0	0.00000000E+0
-5.85937500E-2	-6.56641008E-9	-6.56641008E-9	-5.85937500E-2	0.00000000E+0	0.00000000E+0
-6.10351563E-2	-6.21525009E-9	-6.21525009E-9	-6.10351563E-2	0.00000000E+0	0.00000000E+0
-6.34765625E-2	-5.96602989E-9	-5.96602989E-9	-6.34765625E-2	0.00000000E+0	0.00000000E+0
-6.59179688E-2	-5.73085002E-9	-5.73085002E-9	-6.59179688E-2	0.00000000E+0	0.00000000E+0
-6.83593750E-2	-5.52052981E-9	-5.52052981E-9	-6.83593750E-2	0.00000000E+0	0.00000000E+0
-7.08007813E-2	-5.36413003E-9	-5.36413003E-9	-7.08007813E-2	0.00000000E+0	0.00000000E+0
-7.32421875E-2	-5.22214982E-9	-5.22214982E-9	-7.32421875E-2	0.00000000E+0	0.00000000E+0
-7.56835938E-2	-5.18949994E-9	-5.18949994E-9	-7.56835938E-2	0.00000000E+0	0.00000000E+0
-7.81250000E-2	-5.09459008E-9	-5.09459008E-9	-7.81250000E-2	0.00000000E+0	0.00000000E+0
-8.05664063E-2	-5.02169994E-9	-5.02169994E-9	-8.05664063E-2	0.00000000E+0	0.00000000E+0
-8.30078125E-2	-4.98221997E-9	-4.98221997E-9	-8.30078125E-2	0.00000000E+0	0.00000000E+0
-8.54492188E-2	-4.95413000E-9	-4.95413000E-9	-8.54492188E-2	0.00000000E+0	0.00000000E+0
-8.78906250E-2	-4.94577979E-9	-4.94577979E-9	-8.78906250E-2	0.00000000E+0	0.00000000E+0
-9.03320313E-2	-4.89719021E-9	-4.89719021E-9	-9.03320313E-2	0.00000000E+0	0.00000000E+0
-9.27734375E-2	-4.92148011E-9	-4.92148011E-9	-9.27734375E-2	0.00000000E+0	0.00000000E+0
-9.52148438E-2	-4.91237007E-9	-4.91237007E-9	-9.52148438E-2	0.00000000E+0	0.00000000E+0
-9.76562500E-2	-4.92148011E-9	-4.92148011E-9	-9.76562500E-2	0.00000000E+0	0.00000000E+0
-1.00097656E-1	-4.95413000E-9	-4.95413000E-9	-1.00097656E-1	0.00000000E+0	0.00000000E+0
-1.02539062E-1	-4.91768981E-9	-4.91768981E-9	-1.02539062E-1	0.00000000E+0	0.00000000E+0
-1.04980469E-1	-4.98221997E-9	-4.98221997E-9	-1.04980469E-1	0.00000000E+0	0.00000000E+0
-1.07421875E-1	-4.99741004E-9	-4.99741004E-9	-1.07421875E-1	0.00000000E+0	0.00000000E+0
-1.09863281E-1	-5.07636999E-9	-5.07636999E-9	-1.09863281E-1	0.00000000E+0	0.00000000E+0
-1.12304687E-1	-5.08017006E-9	-5.08017006E-9	-1.12304687E-1	0.00000000E+0	0.00000000E+0
-1.14746094E-1	-5.19254018E-9	-5.19254018E-9	-1.14746094E-1	0.00000000E+0	0.00000000E+0
-1.17187500E-1	-5.25745003E-9	-5.25745003E-9	-1.17187500E-1	0.00000000E+0	0.00000000E+0
-1.19628906E-1	-5.33034017E-9	-5.33034017E-9	-1.19628906E-1	0.00000000E+0	0.00000000E+0
-1.22070312E-1	-5.42335021E-9	-5.42335021E-9	-1.22070312E-1	0.00000000E+0	0.00000000E+0
-1.24511719E-1	-5.51142021E-9	-5.51142021E-9	-1.24511719E-1	0.00000000E+0	0.00000000E+0
-1.26953125E-1	-5.59494007E-9	-5.59494007E-9	-1.26953125E-1	0.00000000E+0	0.00000000E+0
-1.29394531E-1	-5.67125014E-9	-5.67125014E-9	-1.29394531E-1	0.00000000E+0	0.00000000E+0
-1.31835937E-1	-5.75513992E-9	-5.75513992E-9	-1.31835937E-1	0.00000000E+0	0.00000000E+0
-1.34277344E-1	-5.88421978E-9	-5.88421978E-9	-1.34277344E-1	0.00000000E+0	0.00000000E+0
-1.36718750E-1	-5.96924998E-9	-5.96924998E-9	-1.36718750E-1	0.00000000E+0	0.00000000E+0
-1.39160156E-1	-6.05733019E-9	-6.05733019E-9	-1.39160156E-1	0.00000000E+0	0.00000000E+0
-1.41601562E-1	-6.14996010E-9	-6.14996010E-9	-1.41601562E-1	0.00000000E+0	0.00000000E+0
-1.44042969E-1	-6.27637009E-9	-6.27637009E-9	-1.44042969E-1	0.00000000E+0	0.00000000E+0
-1.46484375E-1	-6.36519992E-9	-6.36519992E-9	-1.46484375E-1	0.00000000E+0	0.00000000E+0
-1.48925781E-1	-6.48098997E-9	-6.48098997E-9	-1.48925781E-1	0.00000000E+0	0.00000000E+0
-1.51367187E-1	-6.57969013E-9	-6.57969013E-9	-1.51367187E-1	0.00000000E+0	0.00000000E+0
-1.53808594E-1	-6.68674982E-9	-6.68674982E-9	-1.53808594E-1	0.00000000E+0	0.00000000E+0
-1.56250000E-1	-6.79759982E-9	-6.79759982E-9	-1.56250000E-1	0.00000000E+0	0.00000000E+0
-1.58691406E-1	-6.91263002E-9	-6.91263002E-9	-1.58691406E-1	0.00000000E+0	0.00000000E+0
-1.61132812E-1	-7.04093983E-9	-7.04093983E-9	-1.61132812E-1	0.00000000E+0	0.00000000E+0
-1.63574219E-1	-7.13394988E-9	-7.13394988E-9	-1.63574219E-1	0.00000000E+0	0.00000000E+0
-1.66015625E-1	-7.21898008E-9	-7.21898008E-9	-1.66015625E-1	0.00000000E+0	0.00000000E+0
-1.68457031E-1	-7.30782013E-9	-7.30782013E-9	-1.68457031E-1	0.00000000E+0	0.00000000E+0
-1.70898437E-1	-7.40956008E-9	-7.40956008E-9	-1.70898437E-1	0.00000000E+0	0.00000000E+0
-1.73339844E-1	-7.50750040E-9	-7.50750040E-9	-1.73339844E-1	0.00000000E+0	0.00000000E+0
-1.75781250E-1	-7.58266960E-9	-7.58266960E-9	-1.75781250E-1	0.00000000E+0	0.00000000E+0
-1.78222656E-1	-7.67984965E-9	-7.67984965E-9	-1.78222656E-1	0.00000000E+0	0.00000000E+0
-1.80664062E-1	-7.77019959E-9	-7.77019959E-9	-1.80664062E-1	0.00000000E+0	0.00000000E+0
-1.83105469E-1	-7.85903964E-9	-7.85903964E-9	-1.83105469E-1	0.00000000E+0	0.00000000E+0
-1.85546875E-1	-7.94179034E-9	-7.94179034E-9	-1.85546875E-1	0.00000000E+0	0.00000000E+0
-1.87988281E-1	-8.08909029E-9	-8.08909029E-9	-1.87988281E-1	0.00000000E+0	0.00000000E+0
-1.90429687E-1	-8.15489010E-9	-8.15489010E-9	-1.90429687E-1	0.00000000E+0	0.00000000E+0
-1.92871094E-1	-8.30396019E-9	-8.30396019E-9	-1.92871094E-1	0.00000000E+0	0.00000000E+0
-1.95312500E-1	-8.37570990E-9	-8.37570990E-9	-1.95312500E-1	0.00000000E+0	0.00000000E+0
-1.97753906E-1	-8.50060022E-9	-8.50060022E-9	-1.97753906E-1	0.00000000E+0	0.00000000E+0
-2.00195312E-1	-8.58601990E-9	-8.58601990E-9	-2.00195312E-1	0.00000000E+0	0.00000000E+0
-2.02636719E-1	-8.68257022E-9	-8.68257022E-9	-2.02636719E-1	0.00000000E+0	0.00000000E+0
-2.05078125E-1	-8.78115003E-9	-8.78115003E-9	-2.05078125E-1	0.00000000E+0	0.00000000E+0
-2.07519531E-1	-8.89768970E-9	-8.89768970E-9	-2.07519531E-1	0.00000000E+0	0.00000000E+0
-2.09960937E-1	-8.96678998E-9	-8.96678998E-9	-2.09960937E-1	0.00000000E+0	0.00000000E+0
-2.12402344E-1	-9.13116960E-9	-9.13116960E-9	-2.12402344E-1	0.00000000E+0	0.00000000E+0
-2.14843750E-1	-9.21050969E-9	-9.21050969E-9	-2.14843750E-1	0.00000000E+0	0.00000000E+0
-2.17285156E-1	-9.35286959E-9	-9.35286959E-9	-2.17285156E-1	0.00000000E+0	0.00000000E+0
-2.19726562E-1	-9.47965972E-9	-9.47965972E-9	-2.19726562E-1	0.00000000E+0	0.00000000E+0
-2.22167969E-1	-9.60721991E-9	-9.60721991E-9	-2.22167969E-1	0.00000000E+0	0.00000000E+0
-2.24609375E-1	-9.68694014E-9	-9.68694014E-9	-2.24609375E-1	0.00000000E+0	0.00000000E+0
-2.27050781E-1	-9.79019976E-9	-9.79019976E-9	-2.27050781E-1	0.00000000E+0	0.00000000E+0
-2.29492187E-1	-9.88649962E-9	-9.88649962E-9	-2.29492187E-1	0.00000000E+0	0.00000000E+0
-2.31933594E-1	-1.00057003E-8	-1.00057003E-8	-2.31933594E-1	0.00000000E+0	0.00000000E+0
-2.34375000E-1	-1.00966000E-8	-1.00966000E-8	-2.34375000E-1	0.00000000E+0	0.00000000E+0
-2.36816406E-1	-1.01930002E-8	-1.01930002E-8	-2.36816406E-1	0.00000000E+0	0.00000000E+0
-2.39257812E-1	-1.03152002E-8	-1.03152002E-8	-2.39257812E-1	0.00000000E+0	0.00000000E+0
-2.41699219E-1	-1.04242002E-8	-1.04242002E-8	-2.41699219E-1	0.00000000E+0	0.00000000E+0
-2.44140625E-1	-1.05576996E-8	-1.05576996E-8	-2.44140625E-1	0.00000000E+0	0.00000000E+0
-2.46582031E-1	-1.06542002E-8	-1.06542002E-8	-2.46582031E-1	0.00000000E+0	0.00000000E+0
-2.49023437E-1	-1.07986002E-8	-1.07986002E-8	-2.49023437E-1	0.00000000E+0	0.00000000E+0
-2.51464844E-1	-1.08986002E-8	-1.08986002E-8	-2.51464844E-1	0.00000000E+0	0.00000000E+0
-2.53906250E-1	-1.10384004E-8	-1.10384004E-8	-2.53906250E-1	0.00000000E+0	0.00000000E+0
-2.56347656E-1	-1.11681997E-8	-1.11681997E-8	-2.56347656E-1	0.00000000E+0	0.00000000E+0
-2.58789062E-1	-1.12274998E-8	-1.12274998E-8	-2.58789062E-1	0.00000000E+0	0.00000000E+0
-2.61230469E-1	-1.13513998E-8	-1.13513998E-8	-2.61230469E-1	0.00000000E+0	0.00000000E+0
-2.63671875E-1	-1.14579004E-8	-1.14579004E-8	-2.63671875E-1	0.00000000E+0	0.00000000E+0
-2.66113281E-1	-1.15552998E-8	-1.15552998E-8	-2.66113281E-1	0.00000000E+0	0.00000000E+0
-2.68554687E-1	-1.16508998E-8	-1.16508998E-8	-2.68554687E-1	0.00000000E+0	0.00000000E+0
-2.70996094E-1	-1.17615997E-8	-1.17615997E-8	-2.70996094E-1	0.00000000E+0	0.00000000E+0
-2.73437500E-1	-1.18432002E-8	-1.18432002E-8	-2.73437500E-1	0.00000000E+0	0.00000000E+0
-2.75878906E-1	-1.19793002E-8	-1.19793002E-8	-2.75878906E-1	0.00000000E+0	0.00000000E+0
-2.78320312E-1	-1.21149002E-8	-1.21149002E-8	-2.78320312E-1	0.00000000E+0	0.00000000E+0
-2.80761719E-1	-1.22352004E-8	-1.22352004E-8	-2.80761719E-1	0.00000000E+0	0.00000000E+0
-2.83203125E-1	-1.23178996E-8	-1.23178996E-8	-2.83203125E-1	0.00000000E+0	0.00000000E+0
-2.85644531E-1	-1.24220003E-8	-1.24220003E-8	-2.85644531E-1	0.00000000E+0	0.00000000E+0
-2.88085937E-1	-1.25113999E-8	-1.25113999E-8	-2.88085937E-1	0.00000000E+0	0.00000000E+0
-2.90527344E-1	-1.26183997E-8	-1.26183997E-8	-2.90527344E-1	0.00000000E+0	0.00000000E+0
-2.92968750E-1	-1.26951001E-8	-1.26951001E-8	-2.92968750E-1	0.00000000E+0	0.00000000E+0
-2.95410156E-1	-1.28371997E-8	-1.28371997E-8	-2.95410156E-1	0.00000000E+0	0.00000000E+0
-2.97851562E-1	-1.29395001E-8	-1.29395001E-8	-2.97851562E-1	0.00000000E+0	0.00000000E+0
-3.00292969E-1	-1.30739997E-8	-1.30739997E-8	-3.00292969E-1	0.00000000E+0	0.00000000E+0
-3.02734375E-1	-1.31810003E-8	-1.31810003E-8	-3.02734375E-1	0.00000000E+0	0.00000000E+0
-3.05175781E-1	-1.33185996E-8	-1.33185996E-8	-3.05175781E-1	0.00000000E+0	0.00000000E+0
-3.07617187E-1	-1.34332998E-8	-1.34332998E-8	-3.07617187E-1	0.00000000E+0	0.00000000E+0
-3.10058594E-1	-1.35173996E-8	-1.35173996E-8	-3.10058594E-1	0.00000000E+0	0.00000000E+0
-3.12500000E-1	-1.36092000E-8	-1.36092000E-8	-3.12500000E-1	0.00000000E+0	0.00000000E+0
-3.14941406E-1	-1.37212997E-8	-1.37212997E-8	-3.14941406E-1	0.00000000E+0	0.00000000E+0
-3.17382812E-1	-1.38131000E-8	-1.38131000E-8	-3.17382812E-1	0.00000000E+0	0.00000000E+0
-3.19824219E-1	-1.39302996E-8	-1.39302996E-8	-3.19824219E-1	0.00000000E+0	0.00000000E+0
-3.22265625E-1	-1.40144003E-8	-1.40144003E-8	-3.22265625E-1	0.00000000E+0	0.00000000E+0
-3.24707031E-1	-1.41087000E-8	-1.41087000E-8	-3.24707031E-1	0.00000000E+0	0.00000000E+0
-3.27148437E-1	-1.42054999E-8	-1.42054999E-8	-3.27148437E-1	0.00000000E+0	0.00000000E+0
-3.29589844E-1	-1.43176999E-8	-1.43176999E-8	-3.29589844E-1	0.00000000E+0	0.00000000E+0
-3.32031250E-1	-1.44043000E-8	-1.44043000E-8	-3.32031250E-1	0.00000000E+0	0.00000000E+0
-3.34472656E-1	-1.45132999E-8	-1.45132999E-8	-3.34472656E-1	0.00000000E+0	0.00000000E+0
-3.36914062E-1	-1.45419001E-8	-1.45419001E-8	-3.36914062E-1	0.00000000E+0	0.00000000E+0
-3.39355469E-1	-1.46546997E-8	-1.46546997E-8	-3.39355469E-1	0.00000000E+0	0.00000000E+0
-3.41796875E-1	-1.47560000E-8	-1.47560000E-8	-3.41796875E-1	0.00000000E+0	0.00000000E+0
-3.44238281E-1	-1.48478003E-8	-1.48478003E-8	-3.44238281E-1	0.00000000E+0	0.00000000E+0
-3.46679687E-1	-1.48993999E-8	-1.48993999E-8	-3.46679687E-1	0.00000000E+0	0.00000000E+0
-3.49121094E-1	-1.49816000E-8	-1.49816000E-8	-3.49121094E-1	0.00000000E+0	0.00000000E+0
-3.51562500E-1	-1.50796993E-8	-1.50796993E-8	-3.51562500E-1	0.00000000E+0	0.00000000E+0
-3.54003906E-1	-1.53116009E-8	-1.53116009E-8	-3.54003906E-1	0.00000000E+0	0.00000000E+0
-3.56445312E-1	-1.52377009E-8	-1.52377009E-8	-3.56445312E-1	0.00000000E+0	0.00000000E+0
-3.58886719E-1	-1.53599995E-8	-1.53599995E-8	-3.58886719E-1	0.00000000E+0	0.00000000E+0
-3.61328125E-1	-1.54134998E-8	-1.54134998E-8	-3.61328125E-1	0.00000000E+0	0.00000000E+0
-3.63769531E-1	-1.55128994E-8	-1.55128994E-8	-3.63769531E-1	0.00000000E+0	0.00000000E+0
-3.66210937E-1	-1.56352993E-8	-1.56352993E-8	-3.66210937E-1	0.00000000E+0	0.00000000E+0
-3.68652344E-1	-1.57385003E-8	-1.57385003E-8	-3.68652344E-1	0.00000000E+0	0.00000000E+0
-3.71093750E-1	-1.57881992E-8	-1.57881992E-8	-3.71093750E-1	0.00000000E+0	0.00000000E+0
-3.73535156E-1	-1.58951998E-8	-1.58951998E-8	-3.73535156E-1	0.00000000E+0	0.00000000E+0
-3.75976562E-1	-1.59812004E-8	-1.59812004E-8	-3.75976562E-1	0.00000000E+0	0.00000000E+0
-3.78417969E-1	-1.60711000E-8	-1.60711000E-8	-3.78417969E-1	0.00000000E+0	0.00000000E+0
-3.80859375E-1	-1.61195004E-8	-1.61195004E-8	-3.80859375E-1	0.00000000E+0	0.00000000E+0
-3.83300781E-1	-1.62775002E-8	-1.62775002E-8	-3.83300781E-1	0.00000000E+0	0.00000000E+0
-3.85742187E-1	-1.63062008E-8	-1.63062008E-8	-3.85742187E-1	0.00000000E+0	0.00000000E+0
-3.88183594E-1	-1.63768998E-8	-1.63768998E-8	-3.88183594E-1	0.00000000E+0	0.00000000E+0
-3.90625000E-1	-1.64379994E-8	-1.64379994E-8	-3.90625000E-1	0.00000000E+0	0.00000000E+0
-3.93066406E-1	-1.65297998E-8	-1.65297998E-8	-3.93066406E-1	0.00000000E+0	0.00000000E+0
-3.95507812E-1	-1.66368004E-8	-1.66368004E-8	-3.95507812E-1	0.00000000E+0	0.00000000E+0
-3.97949219E-1	-1.74166992E-8	-1.74166992E-8	-3.97949219E-1	0.00000000E+0	0.00000000E+0
-4.00390625E-1	-1.67948002E-8	-1.67948002E-8	-4.00390625E-1	0.00000000E+0	0.00000000E+0
-4.02832031E-1	-1.68662009E-8	-1.68662009E-8	-4.02832031E-1	0.00000000E+0	0.00000000E+0
-4.05273437E-1	-1.69172001E-8	-1.69172001E-8	-4.05273437E-1	0.00000000E+0	0.00000000E+0
-4.07714844E-1	-1.76002004E-8	-1.76002004E-8	-4.07714844E-1	0.00000000E+0	0.00000000E+0
-4.10156250E-1	-1.70904997E-8	-1.70904997E-8	-4.10156250E-1	0.00000000E+0	0.00000000E+0
-4.12597656E-1	-1.71835008E-8	-1.71835008E-8	-4.12597656E-1	0.00000000E+0	0.00000000E+0
-4.15039062E-1	-1.72739991E-8	-1.72739991E-8	-4.15039062E-1	0.00000000E+0	0.00000000E+0
-4.17480469E-1	-1.73096009E-8	-1.73096009E-8	-4.17480469E-1	0.00000000E+0	0.00000000E+0
-4.19921875E-1	-1.74064994E-8	-1.74064994E-8	-4.19921875E-1	0.00000000E+0	0.00000000E+0
-4.22363281E-1	-1.75185999E-8	-1.75185999E-8	-4.22363281E-1	0.00000000E+0	0.00000000E+0
-4.24804687E-1	-1.75542993E-8	-1.75542993E-8	-4.24804687E-1	0.00000000E+0	0.00000000E+0
-4.27246094E-1	-1.78856006E-8	-1.78856006E-8	-4.27246094E-1	0.00000000E+0	0.00000000E+0
-4.29687500E-1	-1.77046999E-8	-1.77046999E-8	-4.29687500E-1	0.00000000E+0	0.00000000E+0
-4.32128906E-1	-1.77708994E-8	-1.77708994E-8	-4.32128906E-1	0.00000000E+0	0.00000000E+0
-4.34570312E-1	-1.78193993E-8	-1.78193993E-8	-4.34570312E-1	0.00000000E+0	0.00000000E+0
-4.37011719E-1	-1.79175004E-8	-1.79175004E-8	-4.37011719E-1	0.00000000E+0	0.00000000E+0
-4.39453125E-1	-1.79175004E-8	-1.79175004E-8	-4.39453125E-1	0.00000000E+0	0.00000000E+0
-4.41894531E-1	-1.80283006E-8	-1.80283006E-8	-4.41894531E-1	0.00000000E+0	0.00000000E+0
-4.44335937E-1	-1.81200992E-8	-1.81200992E-8	-4.44335937E-1	0.00000000E+0	0.00000000E+0
-4.46777344E-1	-1.81863005E-8	-1.81863005E-8	-4.46777344E-1	0.00000000E+0	0.00000000E+0
-4.49218750E-1	-1.82552000E-8	-1.82552000E-8	-4.49218750E-1	0.00000000E+0	0.00000000E+0
-4.51660156E-1	-1.82806001E-8	-1.82806001E-8	-4.51660156E-1	0.00000000E+0	0.00000000E+0
-4.54101562E-1	-1.86196001E-8	-1.86196001E-8	-4.54101562E-1	0.00000000E+0	0.00000000E+0
-4.56542969E-1	-1.84310007E-8	-1.84310007E-8	-4.56542969E-1	0.00000000E+0	0.00000000E+0
-4.58984375E-1	-1.84870999E-8	-1.84870999E-8	-4.58984375E-1	0.00000000E+0	0.00000000E+0
-4.61425781E-1	-1.87470004E-8	-1.87470004E-8	-4.61425781E-1	0.00000000E+0	0.00000000E+0
-4.63867187E-1	-1.86297999E-8	-1.86297999E-8	-4.63867187E-1	0.00000000E+0	0.00000000E+0
-4.66308594E-1	-1.86884002E-8	-1.86884002E-8	-4.66308594E-1	0.00000000E+0	0.00000000E+0
-4.68750000E-1	-1.88541005E-8	-1.88541005E-8	-4.68750000E-1	0.00000000E+0	0.00000000E+0
-4.71191406E-1	-1.88388007E-8	-1.88388007E-8	-4.71191406E-1	0.00000000E+0	0.00000000E+0
-4.73632812E-1	-1.91407992E-8	-1.91407992E-8	-4.73632812E-1	0.00000000E+0	0.00000000E+0
-4.76074219E-1	-1.89610994E-8	-1.89610994E-8	-4.76074219E-1	0.00000000E+0	0.00000000E+0
-4.78515625E-1	-1.90145997E-8	-1.90145997E-8	-4.78515625E-1	0.00000000E+0	0.00000000E+0
-4.80957031E-1	-1.90681000E-8	-1.90681000E-8	-4.80957031E-1	0.00000000E+0	0.00000000E+0
-4.83398437E-1	-1.91407992E-8	-1.91407992E-8	-4.83398437E-1	0.00000000E+0	0.00000000E+0
-4.85839844E-1	-1.91776994E-8	-1.91776994E-8	-4.85839844E-1	0.00000000E+0	0.00000000E+0
-4.88281250E-1	-1.92209999E-8	-1.92209999E-8	-4.88281250E-1	0.00000000E+0	0.00000000E+0
-4.90722656E-1	-1.93281000E-8	-1.93281000E-8	-4.90722656E-1	0.00000000E+0	0.00000000E+0
-4.93164062E-1	-1.93433998E-8	-1.93433998E-8	-4.93164062E-1	0.00000000E+0	0.00000000E+0
-4.90722656E-1	-1.93586995E-8	-1.93586995E-8	-4.90722656E-1	0.00000000E+0	0.00000000E+0
-4.88281250E-1	-1.92999998E-8	-1.92999998E-8	-4.88281250E-1	0.00000000E+0	0.00000000E+0
-4.85839844E-1	-1.92057996E-8	-1.92057996E-8	-4.85839844E-1	0.00000000E+0	0.00000000E+0
-4.83398437E-1	-1.91521998E-8	-1.91521998E-8	-4.83398437E-1	0.00000000E+0	0.00000000E+0
-4.80957031E-1	-1.91293008E-8	-1.91293008E-8	-4.80957031E-1	0.00000000E+0	0.00000000E+0
-4.78515625E-1	-1.90579001E-8	-1.90579001E-8	-4.78515625E-1	0.00000000E+0	0.00000000E+0
-4.76074219E-1	-1.93854000E-8	-1.93854000E-8	-4.76074219E-1	0.00000000E+0	0.00000000E+0
-4.73632812E-1	-1.89331004E-8	-1.89331004E-8	-4.73632812E-1	0.00000000E+0	0.00000000E+0
-4.71191406E-1	-1.98020995E-8	-1.98020995E-8	-4.71191406E-1	0.00000000E+0	0.00000000E+0
-4.68750000E-1	-1.91139993E-8	-1.91139993E-8	-4.68750000E-1	0.00000000E+0	0.00000000E+0
-4.66308594E-1	-1.87112992E-8	-1.87112992E-8	-4.66308594E-1	0.00000000E+0	0.00000000E+0
-4.63867187E-1	-1.86399998E-8	-1.86399998E-8	-4.63867187E-1	0.00000000E+0	0.00000000E+0
-4.61425781E-1	-1.86094002E-8	-1.86094002E-8	-4.61425781E-1	0.00000000E+0	0.00000000E+0
-4.58984375E-1	-1.85481994E-8	-1.85481994E-8	-4.58984375E-1	0.00000000E+0	0.00000000E+0
-4.56542969E-1	-1.84718001E-8	-1.84718001E-8	-4.56542969E-1	0.00000000E+0	0.00000000E+0
-4.54101562E-1	-1.83341999E-8	-1.83341999E-8	-4.54101562E-1	0.00000000E+0	0.00000000E+0
-4.51660156E-1	-1.85583993E-8	-1.85583993E-8	-4.51660156E-1	0.00000000E+0	0.00000000E+0
-4.49218750E-1	-1.91521998E-8	-1.91521998E-8	-4.49218750E-1	0.00000000E+0	0.00000000E+0
-4.46777344E-1	-1.81303008E-8	-1.81303008E-8	-4.46777344E-1	0.00000000E+0	0.00000000E+0
-4.44335937E-1	-1.80589002E-8	-1.80589002E-8	-4.44335937E-1	0.00000000E+0	0.00000000E+0
-4.41894531E-1	-1.79773991E-8	-1.79773991E-8	-4.41894531E-1	0.00000000E+0	0.00000000E+0
-4.39453125E-1	-1.79060002E-8	-1.79060002E-8	-4.39453125E-1	0.00000000E+0	0.00000000E+0
-4.37011719E-1	-1.78193993E-8	-1.78193993E-8	-4.37011719E-1	0.00000000E+0	0.00000000E+0
-4.34570312E-1	-1.77582002E-8	-1.77582002E-8	-4.34570312E-1	0.00000000E+0	0.00000000E+0
-4.32128906E-1	-1.80792998E-8	-1.80792998E-8	-4.32128906E-1	0.00000000E+0	0.00000000E+0
-4.29687500E-1	-1.77708994E-8	-1.77708994E-8	-4.29687500E-1	0.00000000E+0	0.00000000E+0
-4.27246094E-1	-1.75287997E-8	-1.75287997E-8	-4.27246094E-1	0.00000000E+0	0.00000000E+0
-4.24804687E-1	-1.74650996E-8	-1.74650996E-8	-4.24804687E-1	0.00000000E+0	0.00000000E+0
-4.22363281E-1	-1.73860997E-8	-1.73860997E-8	-4.22363281E-1	0.00000000E+0	0.00000000E+0
-4.19921875E-1	-1.73096009E-8	-1.73096009E-8	-4.19921875E-1	0.00000000E+0	0.00000000E+0
-4.17480469E-1	-1.72739991E-8	-1.72739991E-8	-4.17480469E-1	0.00000000E+0	0.00000000E+0
-4.15039062E-1	-1.71515993E-8	-1.71515993E-8	-4.15039062E-1	0.00000000E+0	0.00000000E+0
-4.12597656E-1	-1.70802998E-8	-1.70802998E-8	-4.12597656E-1	0.00000000E+0	0.00000000E+0
-4.10156250E-1	-1.70037993E-8	-1.70037993E-8	-4.10156250E-1	0.00000000E+0	0.00000000E+0
-4.07714844E-1	-1.69388006E-8	-1.69388006E-8	-4.07714844E-1	0.00000000E+0	0.00000000E+0
-4.05273437E-1	-1.70446004E-8	-1.70446004E-8	-4.05273437E-1	0.00000000E+0	0.00000000E+0
-4.02832031E-1	-1.75696009E-8	-1.75696009E-8	-4.02832031E-1	0.00000000E+0	0.00000000E+0
-4.00390625E-1	-1.66368004E-8	-1.66368004E-8	-4.00390625E-1	0.00000000E+0	0.00000000E+0
-3.97949219E-1	-1.65833001E-8	-1.65833001E-8	-3.97949219E-1	0.00000000E+0	0.00000000E+0
-3.95507812E-1	-1.64992002E-8	-1.64992002E-8	-3.95507812E-1	0.00000000E+0	0.00000000E+0
-3.93066406E-1	-1.63921996E-8	-1.63921996E-8	-3.93066406E-1	0.00000000E+0	0.00000000E+0
-3.90625000E-1	-1.62870002E-8	-1.62870002E-8	-3.90625000E-1	0.00000000E+0	0.00000000E+0
-3.88183594E-1	-1.62290998E-8	-1.62290998E-8	-3.88183594E-1	0.00000000E+0	0.00000000E+0
-3.85742187E-1	-1.63921996E-8	-1.63921996E-8	-3.85742187E-1	0.00000000E+0	0.00000000E+0
-3.83300781E-1	-1.68534999E-8	-1.68534999E-8	-3.83300781E-1	0.00000000E+0	0.00000000E+0
-3.80859375E-1	-1.59717004E-8	-1.59717004E-8	-3.80859375E-1	0.00000000E+0	0.00000000E+0
-3.78417969E-1	-1.58876006E-8	-1.58876006E-8	-3.78417969E-1	0.00000000E+0	0.00000000E+0
-3.75976562E-1	-1.57984008E-8	-1.57984008E-8	-3.75976562E-1	0.00000000E+0	0.00000000E+0
-3.73535156E-1	-1.57079008E-8	-1.57079008E-8	-3.73535156E-1	0.00000000E+0	0.00000000E+0
-3.71093750E-1	-1.56148996E-8	-1.56148996E-8	-3.71093750E-1	0.00000000E+0	0.00000000E+0
-3.68652344E-1	-1.55435007E-8	-1.55435007E-8	-3.68652344E-1	0.00000000E+0	0.00000000E+0
-3.66210937E-1	-1.54708992E-8	-1.54708992E-8	-3.66210937E-1	0.00000000E+0	0.00000000E+0
-3.63769531E-1	-1.53696007E-8	-1.53696007E-8	-3.63769531E-1	0.00000000E+0	0.00000000E+0
-3.61328125E-1	-1.52581006E-8	-1.52581006E-8	-3.61328125E-1	0.00000000E+0	0.00000000E+0
-3.58886719E-1	-1.52070996E-8	-1.52070996E-8	-3.58886719E-1	0.00000000E+0	0.00000000E+0
-3.56445312E-1	-1.51077000E-8	-1.51077000E-8	-3.56445312E-1	0.00000000E+0	0.00000000E+0
-3.54003906E-1	-1.50464992E-8	-1.50464992E-8	-3.54003906E-1	0.00000000E+0	0.00000000E+0
-3.51562500E-1	-1.49599000E-8	-1.49599000E-8	-3.51562500E-1	0.00000000E+0	0.00000000E+0
-3.49121094E-1	-1.48592001E-8	-1.48592001E-8	-3.49121094E-1	0.00000000E+0	0.00000000E+0
-3.46679687E-1	-1.47636996E-8	-1.47636996E-8	-3.46679687E-1	0.00000000E+0	0.00000000E+0
-3.44238281E-1	-1.46795998E-8	-1.46795998E-8	-3.44238281E-1	0.00000000E+0	0.00000000E+0
-3.41796875E-1	-1.45929002E-8	-1.45929002E-8	-3.41796875E-1	0.00000000E+0	0.00000000E+0
-3.39355469E-1	-1.45227999E-8	-1.45227999E-8	-3.39355469E-1	0.00000000E+0	0.00000000E+0
-3.36914062E-1	-1.44195997E-8	-1.44195997E-8	-3.36914062E-1	0.00000000E+0	0.00000000E+0
-3.34472656E-1	-1.49930006E-8	-1.49930006E-8	-3.34472656E-1	0.00000000E+0	0.00000000E+0
-3.32031250E-1	-1.42876999E-8	-1.42876999E-8	-3.32031250E-1	0.00000000E+0	0.00000000E+0
-3.29589844E-1	-1.41978997E-8	-1.41978997E-8	-3.29589844E-1	0.00000000E+0	0.00000000E+0
-3.27148437E-1	-1.41087000E-8	-1.41087000E-8	-3.27148437E-1	0.00000000E+0	0.00000000E+0
-3.24707031E-1	-1.40066998E-8	-1.40066998E-8	-3.24707031E-1	0.00000000E+0	0.00000000E+0
-3.22265625E-1	-1.39207001E-8	-1.39207001E-8	-3.22265625E-1	0.00000000E+0	0.00000000E+0
-3.19824219E-1	-1.38385001E-8	-1.38385001E-8	-3.19824219E-1	0.00000000E+0	0.00000000E+0
-3.17382812E-1	-1.37468001E-8	-1.37468001E-8	-3.17382812E-1	0.00000000E+0	0.00000000E+0
-3.14941406E-1	-1.36627003E-8	-1.36627003E-8	-3.14941406E-1	0.00000000E+0	0.00000000E+0
-3.12500000E-1	-1.35251002E-8	-1.35251002E-8	-3.12500000E-1	0.00000000E+0	0.00000000E+0
-3.10058594E-1	-1.34512002E-8	-1.34512002E-8	-3.10058594E-1	0.00000000E+0	0.00000000E+0
-3.07617187E-1	-1.33185996E-8	-1.33185996E-8	-3.07617187E-1	0.00000000E+0	0.00000000E+0
-3.05175781E-1	-1.32688998E-8	-1.32688998E-8	-3.05175781E-1	0.00000000E+0	0.00000000E+0
-3.02734375E-1	-1.31581004E-8	-1.31581004E-8	-3.02734375E-1	0.00000000E+0	0.00000000E+0
-3.00292969E-1	-1.30663000E-8	-1.30663000E-8	-3.00292969E-1	0.00000000E+0	0.00000000E+0
-2.97851562E-1	-1.29130999E-8	-1.29130999E-8	-2.97851562E-1	0.00000000E+0	0.00000000E+0
-2.95410156E-1	-1.28112996E-8	-1.28112996E-8	-2.95410156E-1	0.00000000E+0	0.00000000E+0
-2.92968750E-1	-1.26951001E-8	-1.26951001E-8	-2.92968750E-1	0.00000000E+0	0.00000000E+0
-2.90527344E-1	-1.26354998E-8	-1.26354998E-8	-2.90527344E-1	0.00000000E+0	0.00000000E+0
-2.88085937E-1	-1.25291999E-8	-1.25291999E-8	-2.88085937E-1	0.00000000E+0	0.00000000E+0
-2.85644531E-1	-1.24485000E-8	-1.24485000E-8	-2.85644531E-1	0.00000000E+0	0.00000000E+0
-2.83203125E-1	-1.23607000E-8	-1.23607000E-8	-2.83203125E-1	0.00000000E+0	0.00000000E+0
-2.80761719E-1	-1.22352004E-8	-1.22352004E-8	-2.80761719E-1	0.00000000E+0	0.00000000E+0
-2.78320312E-1	-1.21508004E-8	-1.21508004E-8	-2.78320312E-1	0.00000000E+0	0.00000000E+0
-2.75878906E-1	-1.20471997E-8	-1.20471997E-8	-2.75878906E-1	0.00000000E+0	0.00000000E+0
-2.73437500E-1	-1.19469004E-8	-1.19469004E-8	-2.73437500E-1	0.00000000E+0	0.00000000E+0
-2.70996094E-1	-1.18271002E-8	-1.18271002E-8	-2.70996094E-1	0.00000000E+0	0.00000000E+0
-2.68554687E-1	-1.17354997E-8	-1.17354997E-8	-2.68554687E-1	0.00000000E+0	0.00000000E+0
-2.66113281E-1	-1.16508998E-8	-1.16508998E-8	-2.66113281E-1	0.00000000E+0	0.00000000E+0
-2.63671875E-1	-1.15401999E-8	-1.15401999E-8	-2.63671875E-1	0.00000000E+0	0.00000000E+0
-2.61230469E-1	-1.14713998E-8	-1.14713998E-8	-2.61230469E-1	0.00000000E+0	0.00000000E+0
-2.58789062E-1	-1.13466996E-8	-1.13466996E-8	-2.58789062E-1	0.00000000E+0	0.00000000E+0
-2.56347656E-1	-1.12498997E-8	-1.12498997E-8	-2.56347656E-1	0.00000000E+0	0.00000000E+0
-2.53906250E-1	-1.11061000E-8	-1.11061000E-8	-2.53906250E-1	0.00000000E+0	0.00000000E+0
-2.51464844E-1	-1.10398002E-8	-1.10398002E-8	-2.51464844E-1	0.00000000E+0	0.00000000E+0
-2.49023437E-1	-1.09217000E-8	-1.09217000E-8	-2.49023437E-1	0.00000000E+0	0.00000000E+0
-2.46582031E-1	-1.07891998E-8	-1.07891998E-8	-2.46582031E-1	0.00000000E+0	0.00000000E+0
-2.44140625E-1	-1.06837996E-8	-1.06837996E-8	-2.44140625E-1	0.00000000E+0	0.00000000E+0
-2.41699219E-1	-1.05711004E-8	-1.05711004E-8	-2.41699219E-1	0.00000000E+0	0.00000000E+0
-2.39257812E-1	-1.04242002E-8	-1.04242002E-8	-2.39257812E-1	0.00000000E+0	0.00000000E+0
-2.36816406E-1	-1.03130997E-8	-1.03130997E-8	-2.36816406E-1	0.00000000E+0	0.00000000E+0
-2.34375000E-1	-1.01850999E-8	-1.01850999E-8	-2.34375000E-1	0.00000000E+0	0.00000000E+0
-2.31933594E-1	-1.00572999E-8	-1.00572999E-8	-2.31933594E-1	0.00000000E+0	0.00000000E+0
-2.29492187E-1	-9.94281013E-9	-9.94281013E-9	-2.29492187E-1	0.00000000E+0	0.00000000E+0
-2.27050781E-1	-9.83879023E-9	-9.83879023E-9	-2.27050781E-1	0.00000000E+0	0.00000000E+0
-2.24609375E-1	-9.71389014E-9	-9.71389014E-9	-2.24609375E-1	0.00000000E+0	0.00000000E+0
-2.22167969E-1	-9.62239977E-9	-9.62239977E-9	-2.22167969E-1	0.00000000E+0	0.00000000E+0
-2.19726562E-1	-9.48574019E-9	-9.48574019E-9	-2.19726562E-1	0.00000000E+0	0.00000000E+0
-2.17285156E-1	-9.37374978E-9	-9.37374978E-9	-2.17285156E-1	0.00000000E+0	0.00000000E+0
-2.14843750E-1	-9.22910992E-9	-9.22910992E-9	-2.14843750E-1	0.00000000E+0	0.00000000E+0
-2.12402344E-1	-9.16494969E-9	-9.16494969E-9	-2.12402344E-1	0.00000000E+0	0.00000000E+0
-2.09960937E-1	-8.95463970E-9	-8.95463970E-9	-2.09960937E-1	0.00000000E+0	0.00000000E+0
-2.07519531E-1	-8.85896956E-9	-8.85896956E-9	-2.07519531E-1	0.00000000E+0	0.00000000E+0
-2.05078125E-1	-8.71470984E-9	-8.71470984E-9	-2.05078125E-1	0.00000000E+0	0.00000000E+0
-2.02636719E-1	-8.54919957E-9	-8.54919957E-9	-2.02636719E-1	0.00000000E+0	0.00000000E+0
-2.00195312E-1	-8.44365999E-9	-8.44365999E-9	-2.00195312E-1	0.00000000E+0	0.00000000E+0
-1.97753906E-1	-8.38824032E-9	-8.38824032E-9	-1.97753906E-1	0.00000000E+0	0.00000000E+0
-1.95312500E-1	-8.19462986E-9	-8.19462986E-9	-1.95312500E-1	0.00000000E+0	0.00000000E+0
-1.92871094E-1	-8.08909029E-9	-8.08909029E-9	-1.92871094E-1	0.00000000E+0	0.00000000E+0
-1.90429687E-1	-8.01467959E-9	-8.01467959E-9	-1.90429687E-1	0.00000000E+0	0.00000000E+0
-1.87988281E-1	-7.87612020E-9	-7.87612020E-9	-1.87988281E-1	0.00000000E+0	0.00000000E+0
-1.85546875E-1	-7.80246978E-9	-7.80246978E-9	-1.85546875E-1	0.00000000E+0	0.00000000E+0
-1.83105469E-1	-7.70060016E-9	-7.70060016E-9	-1.83105469E-1	0.00000000E+0	0.00000000E+0
-1.80664062E-1	-7.62442998E-9	-7.62442998E-9	-1.80664062E-1	0.00000000E+0	0.00000000E+0
-1.78222656E-1	-7.50295026E-9	-7.50295026E-9	-1.78222656E-1	0.00000000E+0	0.00000000E+0
-1.75781250E-1	-7.41411021E-9	-7.41411021E-9	-1.75781250E-1	0.00000000E+0	0.00000000E+0
-1.73339844E-1	-7.32755989E-9	-7.32755989E-9	-1.73339844E-1	0.00000000E+0	0.00000000E+0
-1.70898437E-1	-7.23948013E-9	-7.23948013E-9	-1.70898437E-1	0.00000000E+0	0.00000000E+0
-1.68457031E-1	-7.15406978E-9	-7.15406978E-9	-1.68457031E-1	0.00000000E+0	0.00000000E+0
-1.66015625E-1	-7.06865011E-9	-7.06865011E-9	-1.66015625E-1	0.00000000E+0	0.00000000E+0
-1.63574219E-1	-6.96311986E-9	-6.96311986E-9	-1.63574219E-1	0.00000000E+0	0.00000000E+0
-1.61132812E-1	-6.89819979E-9	-6.89819979E-9	-1.61132812E-1	0.00000000E+0	0.00000000E+0
-1.58691406E-1	-6.76988998E-9	-6.76988998E-9	-1.58691406E-1	0.00000000E+0	0.00000000E+0
-1.56250000E-1	-6.69129996E-9	-6.69129996E-9	-1.56250000E-1	0.00000000E+0	0.00000000E+0
-1.53808594E-1	-6.57666011E-9	-6.57666011E-9	-1.53808594E-1	0.00000000E+0	0.00000000E+0
-1.51367187E-1	-6.48554987E-9	-6.48554987E-9	-1.51367187E-1	0.00000000E+0	0.00000000E+0
-1.48925781E-1	-6.37772990E-9	-6.37772990E-9	-1.48925781E-1	0.00000000E+0	0.00000000E+0
-1.46484375E-1	-6.29270014E-9	-6.29270014E-9	-1.46484375E-1	0.00000000E+0	0.00000000E+0
-1.44042969E-1	-6.18944007E-9	-6.18944007E-9	-1.44042969E-1	0.00000000E+0	0.00000000E+0
-1.41601562E-1	-6.10021988E-9	-6.10021988E-9	-1.41601562E-1	0.00000000E+0	0.00000000E+0
-1.39160156E-1	-5.98710015E-9	-5.98710015E-9	-1.39160156E-1	0.00000000E+0	0.00000000E+0
-1.36718750E-1	-5.90774984E-9	-5.90774984E-9	-1.36718750E-1	0.00000000E+0	0.00000000E+0
-1.34277344E-1	-5.80374016E-9	-5.80374016E-9	-1.34277344E-1	0.00000000E+0	0.00000000E+0
-1.31835937E-1	-5.71870018E-9	-5.71870018E-9	-1.31835937E-1	0.00000000E+0	0.00000000E+0
-1.29394531E-1	-5.65112979E-9	-5.65112979E-9	-1.29394531E-1	0.00000000E+0	0.00000000E+0
-1.26953125E-1	-5.54368995E-9	-5.54368995E-9	-1.26953125E-1	0.00000000E+0	0.00000000E+0
-1.24511719E-1	-5.47612000E-9	-5.47612000E-9	-1.24511719E-1	0.00000000E+0	0.00000000E+0
-1.22070312E-1	-5.38386979E-9	-5.38386979E-9	-1.22070312E-1	0.00000000E+0	0.00000000E+0
-1.19628906E-1	-5.30907984E-9	-5.30907984E-9	-1.19628906E-1	0.00000000E+0	0.00000000E+0
-1.17187500E-1	-5.21380006E-9	-5.21380006E-9	-1.17187500E-1	0.00000000E+0	0.00000000E+0
-1.14746094E-1	-5.16140997E-9	-5.16140997E-9	-1.14746094E-1	0.00000000E+0	0.00000000E+0
-1.12304687E-1	-5.08737985E-9	-5.08737985E-9	-1.12304687E-1	0.00000000E+0	0.00000000E+0
-1.09863281E-1	-5.01372988E-9	-5.01372988E-9	-1.09863281E-1	0.00000000E+0	0.00000000E+0
-1.07421875E-1	-4.95185004E-9	-4.95185004E-9	-1.07421875E-1	0.00000000E+0	0.00000000E+0
-1.04980469E-1	-4.89339014E-9	-4.89339014E-9	-1.04980469E-1	0.00000000E+0	0.00000000E+0
-1.02539062E-1	-4.84858997E-9	-4.84858997E-9	-1.02539062E-1	0.00000000E+0	0.00000000E+0
-1.00097656E-1	-4.81822005E-9	-4.81822005E-9	-1.00097656E-1	0.00000000E+0	0.00000000E+0
-9.76562500E-2	-4.76356021E-9	-4.76356021E-9	-9.76562500E-2	0.00000000E+0	0.00000000E+0
-9.52148438E-2	-4.74229989E-9	-4.74229989E-9	-9.52148438E-2	0.00000000E+0	0.00000000E+0
-9.27734375E-2	-4.74534012E-9	-4.74534012E-9	-9.27734375E-2	0.00000000E+0	0.00000000E+0
-9.03320313E-2	-4.78785012E-9	-4.78785012E-9	-9.03320313E-2	0.00000000E+0	0.00000000E+0
-8.78906250E-2	-4.76356021E-9	-4.76356021E-9	-8.78906250E-2	0.00000000E+0	0.00000000E+0
-8.54492188E-2	-4.79393014E-9	-4.79393014E-9	-8.54492188E-2	0.00000000E+0	0.00000000E+0
-8.30078125E-2	-4.78405981E-9	-4.78405981E-9	-8.30078125E-2	0.00000000E+0	0.00000000E+0
-8.05664063E-2	-4.82050000E-9	-4.82050000E-9	-8.05664063E-2	0.00000000E+0	0.00000000E+0
-7.81250000E-2	-4.89111018E-9	-4.89111018E-9	-7.81250000E-2	0.00000000E+0	0.00000000E+0
-7.56835938E-2	-4.96096009E-9	-4.96096009E-9	-7.56835938E-2	0.00000000E+0	0.00000000E+0
-7.32421875E-2	-5.03156983E-9	-5.03156983E-9	-7.32421875E-2	0.00000000E+0	0.00000000E+0
-7.08007813E-2	-5.07030018E-9	-5.07030018E-9	-7.08007813E-2	0.00000000E+0	0.00000000E+0
-6.83593750E-2	-5.25023980E-9	-5.25023980E-9	-6.83593750E-2	0.00000000E+0	0.00000000E+0
-6.59179688E-2	-5.39222000E-9	-5.39222000E-9	-6.59179688E-2	0.00000000E+0	0.00000000E+0
-6.34765625E-2	-5.56305002E-9	-5.56305002E-9	-6.34765625E-2	0.00000000E+0	0.00000000E+0
-6.10351563E-2	-5.76274006E-9	-5.76274006E-9	-6.10351563E-2	0.00000000E+0	0.00000000E+0
-5.85937500E-2	-5.98177996E-9	-5.98177996E-9	-5.85937500E-2	0.00000000E+0	0.00000000E+0
-5.61523438E-2	-6.25473007E-9	-6.25473007E-9	-5.61523438E-2	0.00000000E+0	0.00000000E+0
-5.37109375E-2	-6.56641008E-9	-6.56641008E-9	-5.37109375E-2	0.00000000E+0	0.00000000E+0
-5.12695313E-2	-6.87048995E-9	-6.87048995E-9	-5.12695313E-2	0.00000000E+0	0.00000000E+0
-4.88281250E-2	-7.05915992E-9	-7.05915992E-9	-4.88281250E-2	0.00000000E+0	0.00000000E+0
-4.63867188E-2	-6.99197011E-9	-6.99197011E-9	-4.63867188E-2	0.00000000E+0	0.00000000E+0
-4.39453125E-2	-5.96280003E-9	-5.96280003E-9	-4.39453125E-2	0.00000000E+0	0.00000000E+0
-4.15039063E-2	-6.48098997E-9	-6.48098997E-9	-4.15039063E-2	0.00000000E+0	0.00000000E+0
-3.90625000E-2	-5.98710015E-9	-5.98710015E-9	-3.90625000E-2	0.00000000E+0	0.00000000E+0
-3.66210938E-2	-5.64088021E-9	-5.64088021E-9	-3.66210938E-2	0.00000000E+0	0.00000000E+0
-3.41796875E-2	-5.25745003E-9	-5.25745003E-9	-3.41796875E-2	0.00000000E+0	0.00000000E+0
-3.17382813E-2	-4.85163021E-9	-4.85163021E-9	-3.17382813E-2	0.00000000E+0	0.00000000E+0
-2.92968750E-2	-4.42872983E-9	-4.42872983E-9	-2.92968750E-2	0.00000000E+0	0.00000000E+0
-2.68554688E-2	-3.99671007E-9	-3.99671007E-9	-2.68554688E-2	0.00000000E+0	0.00000000E+0
-2.44140625E-2	-3.56848995E-9	-3.56848995E-9	-2.44140625E-2	0.00000000E+0	0.00000000E+0
-2.19726563E-2	-3.15621995E-9	-3.15621995E-9	-2.19726563E-2	0.00000000E+0	0.00000000E+0
-1.95312500E-2	-2.75989009E-9	-2.75989009E-9	-1.95312500E-2	0.00000000E+0	0.00000000E+0
-1.70898438E-2	-2.44782994E-9	-2.44782994E-9	-1.70898438E-2	0.00000000E+0	0.00000000E+0
-1.46484375E-2	-2.14754992E-9	-2.14754992E-9	-1.46484375E-2	0.00000000E+0	0.00000000E+0
-1.22070313E-2	-1.84157001E-9	-1.84157001E-9	-1.22070313E-2	0.00000000E+0	0.00000000E+0
-9.76562500E-3	-1.48510004E-9	-1.48510004E-9	-9.76562500E-3	0.00000000E+0	0.00000000E+0
-7.32421875E-3	-1.05689002E-9	-1.05689002E-9	-7.32421875E-3	0.00000000E+0	0.00000000E+0
-4.88281250E-3	-5.86210025E-10	-5.86210025E-10	-4.88281250E-3	0.00000000E+0	0.00000000E+0
-2.44140625E-3	-2.45836990E-10	-2.45836990E-10	-2.44140625E-3	0.00000000E+0	0.00000000E+0
0.00000000E+0	3.23289008E-12	3.23289008E-12	0.00000000E+0	0.00000000E+0	0.00000000E+0
