Date: do 28 mrt 2013, Material: Au, Temp: 4.2 K
AO1 - module gain: 1.0E+0, R_out: 0.0
AO2 - module gain: 1.0E+2
MUX1 - ADC gain: 4, logarithmic amplifier: D:\LabVIEW Data\Lithographic MCBJ\MED24_070412.TXT, R_in: 0.000
MUX2 - ADC gain: 4, linear amplifier: 1.000000 x 1e10 V/A, R_in: 1.000
Breaking trace: 15 0
Axis position: -885.683604
Vbias (V)	<I> and Ii MUX1 (A)	Vbias (V)	<I> and Ii MUX2 (A)
@
0.00000000E+0	1.05720002E-10	1.05720002E-10	0.00000000E+0	0.00000000E+0	0.00000000E+0
2.44140625E-3	1.01506997E-10	1.01506997E-10	2.44140625E-3	0.00000000E+0	0.00000000E+0
4.88281250E-3	2.58452010E-10	2.58452010E-10	4.88281250E-3	0.00000000E+0	0.00000000E+0
7.32421875E-3	4.55975008E-10	4.55975008E-10	7.32421875E-3	0.00000000E+0	0.00000000E+0
9.76562500E-3	7.08438974E-10	7.08438974E-10	9.76562500E-3	0.00000000E+0	0.00000000E+0
1.22070313E-2	9.88151005E-10	9.88151005E-10	1.22070313E-2	0.00000000E+0	0.00000000E+0
1.46484375E-2	1.28291000E-9	1.28291000E-9	1.46484375E-2	0.00000000E+0	0.00000000E+0
1.70898438E-2	1.57343005E-9	1.57343005E-9	1.70898438E-2	0.00000000E+0	0.00000000E+0
1.95312500E-2	1.84878002E-9	1.84878002E-9	1.95312500E-2	0.00000000E+0	0.00000000E+0
2.19726563E-2	2.09098006E-9	2.09098006E-9	2.19726563E-2	0.00000000E+0	0.00000000E+0
2.44140625E-2	2.33115993E-9	2.33115993E-9	2.44140625E-2	0.00000000E+0	0.00000000E+0
2.68554688E-2	2.55146992E-9	2.55146992E-9	2.68554688E-2	0.00000000E+0	0.00000000E+0
2.92968750E-2	2.78418000E-9	2.78418000E-9	2.92968750E-2	0.00000000E+0	0.00000000E+0
3.17382813E-2	3.01879011E-9	3.01879011E-9	3.17382813E-2	0.00000000E+0	0.00000000E+0
3.41796875E-2	3.24960991E-9	3.24960991E-9	3.41796875E-2	0.00000000E+0	0.00000000E+0
3.66210938E-2	3.51761997E-9	3.51761997E-9	3.66210938E-2	0.00000000E+0	0.00000000E+0
3.90625000E-2	3.77121001E-9	3.77121001E-9	3.90625000E-2	0.00000000E+0	0.00000000E+0
4.15039063E-2	4.03694989E-9	4.03694989E-9	4.15039063E-2	0.00000000E+0	0.00000000E+0
4.39453125E-2	4.26625002E-9	4.26625002E-9	4.39453125E-2	0.00000000E+0	0.00000000E+0
4.63867188E-2	4.38773018E-9	4.38773018E-9	4.63867188E-2	0.00000000E+0	0.00000000E+0
4.88281250E-2	4.74685002E-9	4.74685002E-9	4.88281250E-2	0.00000000E+0	0.00000000E+0
5.12695313E-2	5.30034994E-9	5.30034994E-9	5.12695313E-2	0.00000000E+0	0.00000000E+0
5.37109375E-2	5.43550005E-9	5.43550005E-9	5.37109375E-2	0.00000000E+0	0.00000000E+0
5.61523438E-2	5.43928991E-9	5.43928991E-9	5.61523438E-2	0.00000000E+0	0.00000000E+0
5.85937500E-2	5.37476019E-9	5.37476019E-9	5.85937500E-2	0.00000000E+0	0.00000000E+0
6.10351563E-2	5.28895994E-9	5.28895994E-9	6.10351563E-2	0.00000000E+0	0.00000000E+0
6.34765625E-2	5.18721999E-9	5.18721999E-9	6.34765625E-2	0.00000000E+0	0.00000000E+0
6.59179688E-2	5.03536990E-9	5.03536990E-9	6.59179688E-2	0.00000000E+0	0.00000000E+0
6.83593750E-2	4.92831997E-9	4.92831997E-9	6.83593750E-2	0.00000000E+0	0.00000000E+0
7.08007813E-2	4.85086993E-9	4.85086993E-9	7.08007813E-2	0.00000000E+0	0.00000000E+0
7.32421875E-2	4.77038986E-9	4.77038986E-9	7.32421875E-2	0.00000000E+0	0.00000000E+0
7.56835938E-2	4.68003991E-9	4.68003991E-9	7.56835938E-2	0.00000000E+0	0.00000000E+0
7.81250000E-2	4.56084015E-9	4.56084015E-9	7.81250000E-2	0.00000000E+0	0.00000000E+0
8.05664063E-2	4.55096982E-9	4.55096982E-9	8.05664063E-2	0.00000000E+0	0.00000000E+0
8.30078125E-2	4.46061987E-9	4.46061987E-9	8.30078125E-2	0.00000000E+0	0.00000000E+0
8.54492188E-2	4.40822978E-9	4.40822978E-9	8.54492188E-2	0.00000000E+0	0.00000000E+0
8.78906250E-2	4.36874981E-9	4.36874981E-9	8.78906250E-2	0.00000000E+0	0.00000000E+0
9.03320313E-2	4.34140990E-9	4.34140990E-9	9.03320313E-2	0.00000000E+0	0.00000000E+0
9.27734375E-2	4.26852020E-9	4.26852020E-9	9.27734375E-2	0.00000000E+0	0.00000000E+0
9.52148438E-2	4.26435021E-9	4.26435021E-9	9.52148438E-2	0.00000000E+0	0.00000000E+0
9.76562500E-2	4.19791002E-9	4.19791002E-9	9.76562500E-2	0.00000000E+0	0.00000000E+0
1.00097656E-1	4.17665014E-9	4.17665014E-9	1.00097656E-1	0.00000000E+0	0.00000000E+0
1.02539062E-1	4.13509005E-9	4.13509005E-9	1.02539062E-1	0.00000000E+0	0.00000000E+0
1.04980469E-1	4.08858014E-9	4.08858014E-9	1.04980469E-1	0.00000000E+0	0.00000000E+0
1.07421875E-1	4.04302991E-9	4.04302991E-9	1.07421875E-1	0.00000000E+0	0.00000000E+0
1.09863281E-1	4.01569000E-9	4.01569000E-9	1.09863281E-1	0.00000000E+0	0.00000000E+0
1.12304687E-1	4.00962019E-9	4.00962019E-9	1.12304687E-1	0.00000000E+0	0.00000000E+0
1.14746094E-1	3.92534005E-9	3.92534005E-9	1.14746094E-1	0.00000000E+0	0.00000000E+0
1.17187500E-1	3.92155020E-9	3.92155020E-9	1.17187500E-1	0.00000000E+0	0.00000000E+0
1.19628906E-1	3.91850996E-9	3.91850996E-9	1.19628906E-1	0.00000000E+0	0.00000000E+0
1.22070312E-1	3.95078015E-9	3.95078015E-9	1.22070312E-1	0.00000000E+0	0.00000000E+0
1.24511719E-1	3.93065980E-9	3.93065980E-9	1.24511719E-1	0.00000000E+0	0.00000000E+0
1.26953125E-1	3.90105015E-9	3.90105015E-9	1.26953125E-1	0.00000000E+0	0.00000000E+0
1.29394531E-1	3.92155020E-9	3.92155020E-9	1.29394531E-1	0.00000000E+0	0.00000000E+0
1.31835937E-1	3.95078015E-9	3.95078015E-9	1.31835937E-1	0.00000000E+0	0.00000000E+0
1.34277344E-1	3.93976984E-9	3.93976984E-9	1.34277344E-1	0.00000000E+0	0.00000000E+0
1.36718750E-1	3.98153022E-9	3.98153022E-9	1.36718750E-1	0.00000000E+0	0.00000000E+0
1.39160156E-1	4.00582012E-9	4.00582012E-9	1.39160156E-1	0.00000000E+0	0.00000000E+0
1.41601562E-1	4.04549017E-9	4.04549017E-9	1.41601562E-1	0.00000000E+0	0.00000000E+0
1.44042969E-1	4.04549017E-9	4.04549017E-9	1.44042969E-1	0.00000000E+0	0.00000000E+0
1.46484375E-1	4.11590984E-9	4.11590984E-9	1.46484375E-1	0.00000000E+0	0.00000000E+0
1.48925781E-1	4.13015000E-9	4.13015000E-9	1.48925781E-1	0.00000000E+0	0.00000000E+0
1.51367187E-1	4.20094981E-9	4.20094981E-9	1.51367187E-1	0.00000000E+0	0.00000000E+0
1.53808594E-1	4.22903979E-9	4.22903979E-9	1.53808594E-1	0.00000000E+0	0.00000000E+0
1.56250000E-1	4.30192992E-9	4.30192992E-9	1.56250000E-1	0.00000000E+0	0.00000000E+0
1.58691406E-1	4.34445013E-9	4.34445013E-9	1.58691406E-1	0.00000000E+0	0.00000000E+0
1.61132812E-1	4.43252013E-9	4.43252013E-9	1.61132812E-1	0.00000000E+0	0.00000000E+0
1.63574219E-1	4.47694015E-9	4.47694015E-9	1.63574219E-1	0.00000000E+0	0.00000000E+0
1.66015625E-1	4.56501015E-9	4.56501015E-9	1.66015625E-1	0.00000000E+0	0.00000000E+0
1.68457031E-1	4.61549998E-9	4.61549998E-9	1.68457031E-1	0.00000000E+0	0.00000000E+0
1.70898437E-1	4.69636019E-9	4.69636019E-9	1.70898437E-1	0.00000000E+0	0.00000000E+0
1.73339844E-1	4.74988981E-9	4.74988981E-9	1.73339844E-1	0.00000000E+0	0.00000000E+0
1.75781250E-1	4.85086993E-9	4.85086993E-9	1.75781250E-1	0.00000000E+0	0.00000000E+0
1.78222656E-1	4.90401986E-9	4.90401986E-9	1.78222656E-1	0.00000000E+0	0.00000000E+0
1.80664062E-1	4.99893016E-9	4.99893016E-9	1.80664062E-1	0.00000000E+0	0.00000000E+0
1.83105469E-1	5.06270004E-9	5.06270004E-9	1.83105469E-1	0.00000000E+0	0.00000000E+0
1.85546875E-1	5.15077980E-9	5.15077980E-9	1.85546875E-1	0.00000000E+0	0.00000000E+0
1.87988281E-1	5.20544008E-9	5.20544008E-9	1.87988281E-1	0.00000000E+0	0.00000000E+0
1.90429687E-1	5.27225996E-9	5.27225996E-9	1.90429687E-1	0.00000000E+0	0.00000000E+0
1.92871094E-1	5.32579003E-9	5.32579003E-9	1.92871094E-1	0.00000000E+0	0.00000000E+0
1.95312500E-1	5.41044010E-9	5.41044010E-9	1.95312500E-1	0.00000000E+0	0.00000000E+0
1.97753906E-1	5.45600010E-9	5.45600010E-9	1.97753906E-1	0.00000000E+0	0.00000000E+0
2.00195312E-1	5.52888979E-9	5.52888979E-9	2.00195312E-1	0.00000000E+0	0.00000000E+0
2.02636719E-1	5.58430990E-9	5.58430990E-9	2.02636719E-1	0.00000000E+0	0.00000000E+0
2.05078125E-1	5.65036995E-9	5.65036995E-9	2.05078125E-1	0.00000000E+0	0.00000000E+0
2.07519531E-1	5.70200021E-9	5.70200021E-9	2.07519531E-1	0.00000000E+0	0.00000000E+0
2.09960937E-1	5.78892978E-9	5.78892978E-9	2.09960937E-1	0.00000000E+0	0.00000000E+0
2.12402344E-1	5.83828008E-9	5.83828008E-9	2.12402344E-1	0.00000000E+0	0.00000000E+0
2.14843750E-1	5.93357008E-9	5.93357008E-9	2.14843750E-1	0.00000000E+0	0.00000000E+0
2.17285156E-1	5.98405991E-9	5.98405991E-9	2.17285156E-1	0.00000000E+0	0.00000000E+0
2.19726562E-1	6.08123996E-9	6.08123996E-9	2.19726562E-1	0.00000000E+0	0.00000000E+0
2.22167969E-1	6.14540019E-9	6.14540019E-9	2.22167969E-1	0.00000000E+0	0.00000000E+0
2.24609375E-1	6.23347018E-9	6.23347018E-9	2.24609375E-1	0.00000000E+0	0.00000000E+0
2.27050781E-1	6.29042018E-9	6.29042018E-9	2.27050781E-1	0.00000000E+0	0.00000000E+0
2.29492187E-1	6.36216990E-9	6.36216990E-9	2.29492187E-1	0.00000000E+0	0.00000000E+0
2.31933594E-1	6.43011999E-9	6.43011999E-9	2.31933594E-1	0.00000000E+0	0.00000000E+0
2.34375000E-1	6.49882992E-9	6.49882992E-9	2.34375000E-1	0.00000000E+0	0.00000000E+0
2.36816406E-1	6.56867982E-9	6.56867982E-9	2.36816406E-1	0.00000000E+0	0.00000000E+0
2.39257812E-1	6.63625999E-9	6.63625999E-9	2.39257812E-1	0.00000000E+0	0.00000000E+0
2.41699219E-1	6.68788980E-9	6.68788980E-9	2.41699219E-1	0.00000000E+0	0.00000000E+0
2.44140625E-1	6.76191014E-9	6.76191014E-9	2.44140625E-1	0.00000000E+0	0.00000000E+0
2.46582031E-1	6.78925005E-9	6.78925005E-9	2.46582031E-1	0.00000000E+0	0.00000000E+0
2.49023437E-1	6.85795998E-9	6.85795998E-9	2.49023437E-1	0.00000000E+0	0.00000000E+0
2.51464844E-1	6.91604018E-9	6.91604018E-9	2.51464844E-1	0.00000000E+0	0.00000000E+0
2.53906250E-1	7.00184000E-9	7.00184000E-9	2.53906250E-1	0.00000000E+0	0.00000000E+0
2.56347656E-1	7.05612013E-9	7.05612013E-9	2.56347656E-1	0.00000000E+0	0.00000000E+0
2.58789062E-1	7.14191994E-9	7.14191994E-9	2.58789062E-1	0.00000000E+0	0.00000000E+0
2.61230469E-1	7.20759985E-9	7.20759985E-9	2.61230469E-1	0.00000000E+0	0.00000000E+0
2.63671875E-1	7.27479010E-9	7.27479010E-9	2.63671875E-1	0.00000000E+0	0.00000000E+0
2.66113281E-1	7.33894989E-9	7.33894989E-9	2.66113281E-1	0.00000000E+0	0.00000000E+0
2.68554687E-1	7.43309014E-9	7.43309014E-9	2.68554687E-1	0.00000000E+0	0.00000000E+0
2.70996094E-1	7.47979012E-9	7.47979012E-9	2.70996094E-1	0.00000000E+0	0.00000000E+0
2.73437500E-1	7.56141016E-9	7.56141016E-9	2.73437500E-1	0.00000000E+0	0.00000000E+0
2.75878906E-1	7.62215002E-9	7.62215002E-9	2.75878906E-1	0.00000000E+0	0.00000000E+0
2.78320312E-1	7.69731034E-9	7.69731034E-9	2.78320312E-1	0.00000000E+0	0.00000000E+0
2.80761719E-1	7.75995002E-9	7.75995002E-9	2.80761719E-1	0.00000000E+0	0.00000000E+0
2.83203125E-1	7.82524978E-9	7.82524978E-9	2.83203125E-1	0.00000000E+0	0.00000000E+0
2.85644531E-1	7.89091992E-9	7.89091992E-9	2.85644531E-1	0.00000000E+0	0.00000000E+0
2.88085937E-1	7.96077959E-9	7.96077959E-9	2.88085937E-1	0.00000000E+0	0.00000000E+0
2.90527344E-1	8.03517963E-9	8.03517963E-9	2.90527344E-1	0.00000000E+0	0.00000000E+0
2.92968750E-1	8.10389000E-9	8.10389000E-9	2.92968750E-1	0.00000000E+0	0.00000000E+0
2.95410156E-1	8.16122014E-9	8.16122014E-9	2.95410156E-1	0.00000000E+0	0.00000000E+0
2.97851562E-1	8.25042967E-9	8.25042967E-9	2.97851562E-1	0.00000000E+0	0.00000000E+0
3.00292969E-1	8.32597991E-9	8.32597991E-9	3.00292969E-1	0.00000000E+0	0.00000000E+0
3.02734375E-1	8.38709990E-9	8.38709990E-9	3.02734375E-1	0.00000000E+0	0.00000000E+0
3.05175781E-1	8.45847037E-9	8.45847037E-9	3.05175781E-1	0.00000000E+0	0.00000000E+0
3.07617187E-1	8.54995985E-9	8.54995985E-9	3.07617187E-1	0.00000000E+0	0.00000000E+0
3.10058594E-1	8.62208971E-9	8.62208971E-9	3.10058594E-1	0.00000000E+0	0.00000000E+0
3.12500000E-1	8.69156036E-9	8.69156036E-9	3.12500000E-1	0.00000000E+0	0.00000000E+0
3.14941406E-1	8.76520012E-9	8.76520012E-9	3.14941406E-1	0.00000000E+0	0.00000000E+0
3.17382812E-1	8.84150975E-9	8.84150975E-9	3.17382812E-1	0.00000000E+0	0.00000000E+0
3.19824219E-1	8.93034002E-9	8.93034002E-9	3.19824219E-1	0.00000000E+0	0.00000000E+0
3.22265625E-1	8.99450026E-9	8.99450026E-9	3.22265625E-1	0.00000000E+0	0.00000000E+0
3.24707031E-1	9.23594001E-9	9.23594001E-9	3.24707031E-1	0.00000000E+0	0.00000000E+0
3.27148437E-1	9.13875997E-9	9.13875997E-9	3.27148437E-1	0.00000000E+0	0.00000000E+0
3.29589844E-1	9.20443011E-9	9.20443011E-9	3.29589844E-1	0.00000000E+0	0.00000000E+0
3.32031250E-1	9.28895982E-9	9.28895982E-9	3.32031250E-1	0.00000000E+0	0.00000000E+0
3.34472656E-1	9.36261024E-9	9.36261024E-9	3.34472656E-1	0.00000000E+0	0.00000000E+0
3.36914062E-1	9.42309963E-9	9.42309963E-9	3.36914062E-1	0.00000000E+0	0.00000000E+0
3.39355469E-1	9.50396029E-9	9.50396029E-9	3.39355469E-1	0.00000000E+0	0.00000000E+0
3.41796875E-1	9.56127977E-9	9.56127977E-9	3.41796875E-1	0.00000000E+0	0.00000000E+0
3.44238281E-1	9.63620028E-9	9.63620028E-9	3.44238281E-1	0.00000000E+0	0.00000000E+0
3.46679687E-1	9.71389014E-9	9.71389014E-9	3.46679687E-1	0.00000000E+0	0.00000000E+0
3.49121094E-1	9.77805037E-9	9.77805037E-9	3.49121094E-1	0.00000000E+0	0.00000000E+0
3.51562500E-1	9.85510962E-9	9.85510962E-9	3.51562500E-1	0.00000000E+0	0.00000000E+0
3.54003906E-1	9.93938976E-9	9.93938976E-9	3.54003906E-1	0.00000000E+0	0.00000000E+0
3.56445312E-1	9.99139971E-9	9.99139971E-9	3.56445312E-1	0.00000000E+0	0.00000000E+0
3.58886719E-1	1.00694999E-8	1.00694999E-8	3.58886719E-1	0.00000000E+0	0.00000000E+0
3.61328125E-1	1.01454001E-8	1.01454001E-8	3.61328125E-1	0.00000000E+0	0.00000000E+0
3.63769531E-1	1.02439000E-8	1.02439000E-8	3.63769531E-1	0.00000000E+0	0.00000000E+0
3.66210937E-1	1.03133004E-8	1.03133004E-8	3.66210937E-1	0.00000000E+0	0.00000000E+0
3.68652344E-1	1.03866000E-8	1.03866000E-8	3.68652344E-1	0.00000000E+0	0.00000000E+0
3.71093750E-1	1.04374998E-8	1.04374998E-8	3.71093750E-1	0.00000000E+0	0.00000000E+0
3.73535156E-1	1.05508002E-8	1.05508002E-8	3.73535156E-1	0.00000000E+0	0.00000000E+0
3.75976562E-1	1.06120002E-8	1.06120002E-8	3.75976562E-1	0.00000000E+0	0.00000000E+0
3.78417969E-1	1.06689999E-8	1.06689999E-8	3.78417969E-1	0.00000000E+0	0.00000000E+0
3.80859375E-1	1.07247002E-8	1.07247002E-8	3.80859375E-1	0.00000000E+0	0.00000000E+0
3.83300781E-1	1.08278000E-8	1.08278000E-8	3.83300781E-1	0.00000000E+0	0.00000000E+0
3.85742187E-1	1.08923004E-8	1.08923004E-8	3.85742187E-1	0.00000000E+0	0.00000000E+0
3.88183594E-1	1.09459002E-8	1.09459002E-8	3.88183594E-1	0.00000000E+0	0.00000000E+0
3.90625000E-1	1.10084004E-8	1.10084004E-8	3.90625000E-1	0.00000000E+0	0.00000000E+0
3.93066406E-1	1.10900000E-8	1.10900000E-8	3.93066406E-1	0.00000000E+0	0.00000000E+0
3.95507812E-1	1.11917000E-8	1.11917000E-8	3.95507812E-1	0.00000000E+0	0.00000000E+0
3.97949219E-1	1.12405001E-8	1.12405001E-8	3.97949219E-1	0.00000000E+0	0.00000000E+0
4.00390625E-1	1.13139000E-8	1.13139000E-8	4.00390625E-1	0.00000000E+0	0.00000000E+0
4.02832031E-1	1.13929000E-8	1.13929000E-8	4.02832031E-1	0.00000000E+0	0.00000000E+0
4.05273437E-1	1.14518004E-8	1.14518004E-8	4.05273437E-1	0.00000000E+0	0.00000000E+0
4.07714844E-1	1.15254997E-8	1.15254997E-8	4.07714844E-1	0.00000000E+0	0.00000000E+0
4.10156250E-1	1.16191998E-8	1.16191998E-8	4.10156250E-1	0.00000000E+0	0.00000000E+0
4.12597656E-1	1.16666996E-8	1.16666996E-8	4.12597656E-1	0.00000000E+0	0.00000000E+0
4.15039062E-1	1.17649002E-8	1.17649002E-8	4.15039062E-1	0.00000000E+0	0.00000000E+0
4.17480469E-1	1.18185000E-8	1.18185000E-8	4.17480469E-1	0.00000000E+0	0.00000000E+0
4.19921875E-1	1.19117001E-8	1.19117001E-8	4.19921875E-1	0.00000000E+0	0.00000000E+0
4.22363281E-1	1.19939001E-8	1.19939001E-8	4.22363281E-1	0.00000000E+0	0.00000000E+0
4.24804687E-1	1.20759003E-8	1.20759003E-8	4.24804687E-1	0.00000000E+0	0.00000000E+0
4.27246094E-1	1.21405002E-8	1.21405002E-8	4.27246094E-1	0.00000000E+0	0.00000000E+0
4.29687500E-1	1.21983996E-8	1.21983996E-8	4.29687500E-1	0.00000000E+0	0.00000000E+0
4.32128906E-1	1.22773001E-8	1.22773001E-8	4.32128906E-1	0.00000000E+0	0.00000000E+0
4.34570312E-1	1.23449997E-8	1.23449997E-8	4.34570312E-1	0.00000000E+0	0.00000000E+0
4.37011719E-1	1.24110002E-8	1.24110002E-8	4.37011719E-1	0.00000000E+0	0.00000000E+0
4.39453125E-1	1.24890001E-8	1.24890001E-8	4.39453125E-1	0.00000000E+0	0.00000000E+0
4.41894531E-1	1.25795996E-8	1.25795996E-8	4.41894531E-1	0.00000000E+0	0.00000000E+0
4.44335937E-1	1.26812001E-8	1.26812001E-8	4.44335937E-1	0.00000000E+0	0.00000000E+0
4.46777344E-1	1.27408004E-8	1.27408004E-8	4.46777344E-1	0.00000000E+0	0.00000000E+0
4.49218750E-1	1.28620998E-8	1.28620998E-8	4.49218750E-1	0.00000000E+0	0.00000000E+0
4.51660156E-1	1.29144997E-8	1.29144997E-8	4.51660156E-1	0.00000000E+0	0.00000000E+0
4.54101562E-1	1.29536000E-8	1.29536000E-8	4.54101562E-1	0.00000000E+0	0.00000000E+0
4.56542969E-1	1.31122002E-8	1.31122002E-8	4.56542969E-1	0.00000000E+0	0.00000000E+0
4.58984375E-1	1.31963001E-8	1.31963001E-8	4.58984375E-1	0.00000000E+0	0.00000000E+0
4.61425781E-1	1.32803999E-8	1.32803999E-8	4.61425781E-1	0.00000000E+0	0.00000000E+0
4.63867187E-1	1.33695996E-8	1.33695996E-8	4.63867187E-1	0.00000000E+0	0.00000000E+0
4.66308594E-1	1.34122997E-8	1.34122997E-8	4.66308594E-1	0.00000000E+0	0.00000000E+0
4.68750000E-1	1.35122997E-8	1.35122997E-8	4.68750000E-1	0.00000000E+0	0.00000000E+0
4.71191406E-1	1.35709000E-8	1.35709000E-8	4.71191406E-1	0.00000000E+0	0.00000000E+0
4.73632812E-1	1.36600997E-8	1.36600997E-8	4.73632812E-1	0.00000000E+0	0.00000000E+0
4.76074219E-1	1.37366003E-8	1.37366003E-8	4.76074219E-1	0.00000000E+0	0.00000000E+0
4.78515625E-1	1.38309000E-8	1.38309000E-8	4.78515625E-1	0.00000000E+0	0.00000000E+0
4.80957031E-1	1.39207001E-8	1.39207001E-8	4.80957031E-1	0.00000000E+0	0.00000000E+0
4.83398437E-1	1.38193998E-8	1.38193998E-8	4.83398437E-1	0.00000000E+0	0.00000000E+0
4.85839844E-1	1.38819001E-8	1.38819001E-8	4.85839844E-1	0.00000000E+0	0.00000000E+0
4.88281250E-1	1.39812997E-8	1.39812997E-8	4.88281250E-1	0.00000000E+0	0.00000000E+0
4.90722656E-1	1.40410998E-8	1.40410998E-8	4.90722656E-1	0.00000000E+0	0.00000000E+0
4.93164062E-1	1.41061003E-8	1.41061003E-8	4.93164062E-1	0.00000000E+0	0.00000000E+0
4.90722656E-1	1.39302996E-8	1.39302996E-8	4.90722656E-1	0.00000000E+0	0.00000000E+0
4.88281250E-1	1.39812997E-8	1.39812997E-8	4.88281250E-1	0.00000000E+0	0.00000000E+0
4.85839844E-1	1.39207001E-8	1.39207001E-8	4.85839844E-1	0.00000000E+0	0.00000000E+0
4.83398437E-1	1.38615004E-8	1.38615004E-8	4.83398437E-1	0.00000000E+0	0.00000000E+0
4.80957031E-1	1.37773997E-8	1.37773997E-8	4.80957031E-1	0.00000000E+0	0.00000000E+0
4.78515625E-1	1.37059999E-8	1.37059999E-8	4.78515625E-1	0.00000000E+0	0.00000000E+0
4.76074219E-1	1.36398004E-8	1.36398004E-8	4.76074219E-1	0.00000000E+0	0.00000000E+0
4.73632812E-1	1.35422997E-8	1.35422997E-8	4.73632812E-1	0.00000000E+0	0.00000000E+0
4.71191406E-1	1.34792000E-8	1.34792000E-8	4.71191406E-1	0.00000000E+0	0.00000000E+0
4.68750000E-1	1.33912996E-8	1.33912996E-8	4.68750000E-1	0.00000000E+0	0.00000000E+0
4.66308594E-1	1.32995002E-8	1.32995002E-8	4.66308594E-1	0.00000000E+0	0.00000000E+0
4.63867187E-1	1.32422002E-8	1.32422002E-8	4.63867187E-1	0.00000000E+0	0.00000000E+0
4.61425781E-1	1.31676003E-8	1.31676003E-8	4.61425781E-1	0.00000000E+0	0.00000000E+0
4.58984375E-1	1.30893003E-8	1.30893003E-8	4.58984375E-1	0.00000000E+0	0.00000000E+0
4.56542969E-1	1.29407001E-8	1.29407001E-8	4.56542969E-1	0.00000000E+0	0.00000000E+0
4.54101562E-1	1.28942999E-8	1.28942999E-8	4.54101562E-1	0.00000000E+0	0.00000000E+0
4.51660156E-1	1.28259998E-8	1.28259998E-8	4.51660156E-1	0.00000000E+0	0.00000000E+0
4.49218750E-1	1.27252999E-8	1.27252999E-8	4.49218750E-1	0.00000000E+0	0.00000000E+0
4.46777344E-1	1.26251001E-8	1.26251001E-8	4.46777344E-1	0.00000000E+0	0.00000000E+0
4.44335937E-1	1.25627997E-8	1.25627997E-8	4.44335937E-1	0.00000000E+0	0.00000000E+0
4.41894531E-1	1.25105002E-8	1.25105002E-8	4.41894531E-1	0.00000000E+0	0.00000000E+0
4.39453125E-1	1.24464004E-8	1.24464004E-8	4.39453125E-1	0.00000000E+0	0.00000000E+0
4.37011719E-1	1.23374999E-8	1.23374999E-8	4.37011719E-1	0.00000000E+0	0.00000000E+0
4.34570312E-1	1.22839996E-8	1.22839996E-8	4.34570312E-1	0.00000000E+0	0.00000000E+0
4.32128906E-1	1.22256001E-8	1.22256001E-8	4.32128906E-1	0.00000000E+0	0.00000000E+0
4.29687500E-1	1.21559003E-8	1.21559003E-8	4.29687500E-1	0.00000000E+0	0.00000000E+0
4.27246094E-1	1.20585000E-8	1.20585000E-8	4.27246094E-1	0.00000000E+0	0.00000000E+0
4.24804687E-1	1.19939001E-8	1.19939001E-8	4.24804687E-1	0.00000000E+0	0.00000000E+0
4.22363281E-1	1.19357004E-8	1.19357004E-8	4.22363281E-1	0.00000000E+0	0.00000000E+0
4.19921875E-1	1.18613999E-8	1.18613999E-8	4.19921875E-1	0.00000000E+0	0.00000000E+0
4.17480469E-1	1.18018999E-8	1.18018999E-8	4.17480469E-1	0.00000000E+0	0.00000000E+0
4.15039062E-1	1.17166001E-8	1.17166001E-8	4.15039062E-1	0.00000000E+0	0.00000000E+0
4.12597656E-1	1.16491998E-8	1.16491998E-8	4.12597656E-1	0.00000000E+0	0.00000000E+0
4.10156250E-1	1.15849002E-8	1.15849002E-8	4.10156250E-1	0.00000000E+0	0.00000000E+0
4.07714844E-1	1.15176002E-8	1.15176002E-8	4.07714844E-1	0.00000000E+0	0.00000000E+0
4.05273437E-1	1.14618999E-8	1.14618999E-8	4.05273437E-1	0.00000000E+0	0.00000000E+0
4.02832031E-1	1.14010996E-8	1.14010996E-8	4.02832031E-1	0.00000000E+0	0.00000000E+0
4.00390625E-1	1.13288001E-8	1.13288001E-8	4.00390625E-1	0.00000000E+0	0.00000000E+0
3.97949219E-1	1.12742002E-8	1.12742002E-8	3.97949219E-1	0.00000000E+0	0.00000000E+0
3.95507812E-1	1.11917000E-8	1.11917000E-8	3.95507812E-1	0.00000000E+0	0.00000000E+0
3.93066406E-1	1.11193001E-8	1.11193001E-8	3.93066406E-1	0.00000000E+0	0.00000000E+0
3.90625000E-1	1.14017000E-8	1.14017000E-8	3.90625000E-1	0.00000000E+0	0.00000000E+0
3.88183594E-1	1.12081002E-8	1.12081002E-8	3.88183594E-1	0.00000000E+0	0.00000000E+0
3.85742187E-1	1.09222000E-8	1.09222000E-8	3.85742187E-1	0.00000000E+0	0.00000000E+0
3.83300781E-1	1.08606999E-8	1.08606999E-8	3.83300781E-1	0.00000000E+0	0.00000000E+0
3.80859375E-1	1.07889999E-8	1.07889999E-8	3.80859375E-1	0.00000000E+0	0.00000000E+0
3.78417969E-1	1.07169003E-8	1.07169003E-8	3.78417969E-1	0.00000000E+0	0.00000000E+0
3.75976562E-1	1.06391997E-8	1.06391997E-8	3.75976562E-1	0.00000000E+0	0.00000000E+0
3.73535156E-1	1.05886002E-8	1.05886002E-8	3.73535156E-1	0.00000000E+0	0.00000000E+0
3.71093750E-1	1.05281996E-8	1.05281996E-8	3.71093750E-1	0.00000000E+0	0.00000000E+0
3.68652344E-1	1.04374998E-8	1.04374998E-8	3.68652344E-1	0.00000000E+0	0.00000000E+0
3.66210937E-1	1.04028999E-8	1.04028999E-8	3.66210937E-1	0.00000000E+0	0.00000000E+0
3.63769531E-1	1.02803002E-8	1.02803002E-8	3.63769531E-1	0.00000000E+0	0.00000000E+0
3.61328125E-1	1.02301998E-8	1.02301998E-8	3.61328125E-1	0.00000000E+0	0.00000000E+0
3.58886719E-1	1.01288000E-8	1.01288000E-8	3.58886719E-1	0.00000000E+0	0.00000000E+0
3.56445312E-1	1.00764002E-8	1.00764002E-8	3.56445312E-1	0.00000000E+0	0.00000000E+0
3.54003906E-1	9.99860994E-9	9.99860994E-9	3.54003906E-1	0.00000000E+0	0.00000000E+0
3.51562500E-1	9.92571980E-9	9.92571980E-9	3.51562500E-1	0.00000000E+0	0.00000000E+0
3.49121094E-1	9.86308990E-9	9.86308990E-9	3.49121094E-1	0.00000000E+0	0.00000000E+0
3.46679687E-1	9.77197967E-9	9.77197967E-9	3.46679687E-1	0.00000000E+0	0.00000000E+0
3.44238281E-1	9.68049019E-9	9.68049019E-9	3.44238281E-1	0.00000000E+0	0.00000000E+0
3.41796875E-1	9.61443014E-9	9.61443014E-9	3.41796875E-1	0.00000000E+0	0.00000000E+0
3.39355469E-1	9.51725010E-9	9.51725010E-9	3.39355469E-1	0.00000000E+0	0.00000000E+0
3.36914062E-1	9.46979029E-9	9.46979029E-9	3.36914062E-1	0.00000000E+0	0.00000000E+0
3.34472656E-1	9.38247968E-9	9.38247968E-9	3.34472656E-1	0.00000000E+0	0.00000000E+0
3.32031250E-1	9.28895982E-9	9.28895982E-9	3.32031250E-1	0.00000000E+0	0.00000000E+0
3.29589844E-1	9.22303034E-9	9.22303034E-9	3.29589844E-1	0.00000000E+0	0.00000000E+0
3.27148437E-1	9.14976983E-9	9.14976983E-9	3.27148437E-1	0.00000000E+0	0.00000000E+0
3.24707031E-1	9.07004960E-9	9.07004960E-9	3.24707031E-1	0.00000000E+0	0.00000000E+0
3.22265625E-1	8.98234997E-9	8.98234997E-9	3.22265625E-1	0.00000000E+0	0.00000000E+0
3.19824219E-1	8.91818974E-9	8.91818974E-9	3.19824219E-1	0.00000000E+0	0.00000000E+0
3.17382812E-1	8.82898021E-9	8.82898021E-9	3.17382812E-1	0.00000000E+0	0.00000000E+0
3.14941406E-1	8.72990036E-9	8.72990036E-9	3.14941406E-1	0.00000000E+0	0.00000000E+0
3.12500000E-1	8.67068017E-9	8.67068017E-9	3.12500000E-1	0.00000000E+0	0.00000000E+0
3.10058594E-1	8.56779980E-9	8.56779980E-9	3.10058594E-1	0.00000000E+0	0.00000000E+0
3.07617187E-1	8.50022985E-9	8.50022985E-9	3.07617187E-1	0.00000000E+0	0.00000000E+0
3.05175781E-1	8.40417957E-9	8.40417957E-9	3.05175781E-1	0.00000000E+0	0.00000000E+0
3.02734375E-1	8.33849967E-9	8.33849967E-9	3.02734375E-1	0.00000000E+0	0.00000000E+0
3.00292969E-1	8.26334023E-9	8.26334023E-9	3.00292969E-1	0.00000000E+0	0.00000000E+0
2.97851562E-1	8.16755019E-9	8.16755019E-9	2.97851562E-1	0.00000000E+0	0.00000000E+0
2.95410156E-1	8.08528977E-9	8.08528977E-9	2.95410156E-1	0.00000000E+0	0.00000000E+0
2.92968750E-1	7.98810973E-9	7.98810973E-9	2.92968750E-1	0.00000000E+0	0.00000000E+0
2.90527344E-1	7.90914978E-9	7.90914978E-9	2.90527344E-1	0.00000000E+0	0.00000000E+0
2.88085937E-1	7.84879006E-9	7.84879006E-9	2.88085937E-1	0.00000000E+0	0.00000000E+0
2.85644531E-1	7.79412002E-9	7.79412002E-9	2.85644531E-1	0.00000000E+0	0.00000000E+0
2.83203125E-1	7.70187025E-9	7.70187025E-9	2.83203125E-1	0.00000000E+0	0.00000000E+0
2.80761719E-1	7.61152030E-9	7.61152030E-9	2.80761719E-1	0.00000000E+0	0.00000000E+0
2.78320312E-1	7.54014984E-9	7.54014984E-9	2.78320312E-1	0.00000000E+0	0.00000000E+0
2.75878906E-1	7.46384021E-9	7.46384021E-9	2.75878906E-1	0.00000000E+0	0.00000000E+0
2.73437500E-1	7.39475015E-9	7.39475015E-9	2.73437500E-1	0.00000000E+0	0.00000000E+0
2.70996094E-1	7.32375982E-9	7.32375982E-9	2.70996094E-1	0.00000000E+0	0.00000000E+0
2.68554687E-1	7.27479010E-9	7.27479010E-9	2.68554687E-1	0.00000000E+0	0.00000000E+0
2.66113281E-1	7.16660020E-9	7.16660020E-9	2.66113281E-1	0.00000000E+0	0.00000000E+0
2.63671875E-1	7.12255988E-9	7.12255988E-9	2.63671875E-1	0.00000000E+0	0.00000000E+0
2.61230469E-1	7.03487002E-9	7.03487002E-9	2.61230469E-1	0.00000000E+0	0.00000000E+0
2.58789062E-1	6.97222990E-9	6.97222990E-9	2.58789062E-1	0.00000000E+0	0.00000000E+0
2.56347656E-1	6.90238000E-9	6.90238000E-9	2.56347656E-1	0.00000000E+0	0.00000000E+0
2.53906250E-1	6.82948986E-9	6.82948986E-9	2.53906250E-1	0.00000000E+0	0.00000000E+0
2.51464844E-1	6.73990019E-9	6.73990019E-9	2.51464844E-1	0.00000000E+0	0.00000000E+0
2.49023437E-1	6.67878020E-9	6.67878020E-9	2.49023437E-1	0.00000000E+0	0.00000000E+0
2.46582031E-1	6.62525013E-9	6.62525013E-9	2.46582031E-1	0.00000000E+0	0.00000000E+0
2.44140625E-1	6.57361987E-9	6.57361987E-9	2.44140625E-1	0.00000000E+0	0.00000000E+0
2.41699219E-1	6.51401999E-9	6.51401999E-9	2.41699219E-1	0.00000000E+0	0.00000000E+0
2.39257812E-1	6.44834008E-9	6.44834008E-9	2.39257812E-1	0.00000000E+0	0.00000000E+0
2.36816406E-1	6.38152997E-9	6.38152997E-9	2.36816406E-1	0.00000000E+0	0.00000000E+0
2.34375000E-1	6.32571995E-9	6.32571995E-9	2.34375000E-1	0.00000000E+0	0.00000000E+0
2.31933594E-1	6.26081009E-9	6.26081009E-9	2.31933594E-1	0.00000000E+0	0.00000000E+0
2.29492187E-1	6.20728002E-9	6.20728002E-9	2.29492187E-1	0.00000000E+0	0.00000000E+0
2.27050781E-1	6.15793017E-9	6.15793017E-9	2.27050781E-1	0.00000000E+0	0.00000000E+0
2.24609375E-1	6.10743989E-9	6.10743989E-9	2.24609375E-1	0.00000000E+0	0.00000000E+0
2.22167969E-1	6.02125994E-9	6.02125994E-9	2.22167969E-1	0.00000000E+0	0.00000000E+0
2.19726562E-1	5.97191008E-9	5.97191008E-9	2.19726562E-1	0.00000000E+0	0.00000000E+0
2.17285156E-1	5.89787996E-9	5.89787996E-9	2.17285156E-1	0.00000000E+0	0.00000000E+0
2.14843750E-1	5.82727022E-9	5.82727022E-9	2.14843750E-1	0.00000000E+0	0.00000000E+0
2.12402344E-1	5.75969983E-9	5.75969983E-9	2.12402344E-1	0.00000000E+0	0.00000000E+0
2.09960937E-1	5.70200021E-9	5.70200021E-9	2.09960937E-1	0.00000000E+0	0.00000000E+0
2.07519531E-1	5.63517988E-9	5.63517988E-9	2.07519531E-1	0.00000000E+0	0.00000000E+0
2.05078125E-1	5.57254021E-9	5.57254021E-9	2.05078125E-1	0.00000000E+0	0.00000000E+0
2.02636719E-1	5.52888979E-9	5.52888979E-9	2.02636719E-1	0.00000000E+0	0.00000000E+0
2.00195312E-1	5.47117995E-9	5.47117995E-9	2.00195312E-1	0.00000000E+0	0.00000000E+0
1.97753906E-1	5.41272005E-9	5.41272005E-9	1.97753906E-1	0.00000000E+0	0.00000000E+0
1.95312500E-1	5.34893996E-9	5.34893996E-9	1.95312500E-1	0.00000000E+0	0.00000000E+0
1.92871094E-1	5.30262989E-9	5.30262989E-9	1.92871094E-1	0.00000000E+0	0.00000000E+0
1.90429687E-1	5.24720001E-9	5.24720001E-9	1.90429687E-1	0.00000000E+0	0.00000000E+0
1.87988281E-1	5.18418020E-9	5.18418020E-9	1.87988281E-1	0.00000000E+0	0.00000000E+0
1.85546875E-1	5.13028020E-9	5.13028020E-9	1.85546875E-1	0.00000000E+0	0.00000000E+0
1.83105469E-1	5.07484987E-9	5.07484987E-9	1.83105469E-1	0.00000000E+0	0.00000000E+0
1.80664062E-1	5.00499997E-9	5.00499997E-9	1.80664062E-1	0.00000000E+0	0.00000000E+0
1.78222656E-1	4.94274000E-9	4.94274000E-9	1.78222656E-1	0.00000000E+0	0.00000000E+0
1.75781250E-1	4.86758012E-9	4.86758012E-9	1.75781250E-1	0.00000000E+0	0.00000000E+0
1.73339844E-1	4.80986984E-9	4.80986984E-9	1.73339844E-1	0.00000000E+0	0.00000000E+0
1.70898437E-1	4.72484007E-9	4.72484007E-9	1.70898437E-1	0.00000000E+0	0.00000000E+0
1.68457031E-1	4.67397010E-9	4.67397010E-9	1.68457031E-1	0.00000000E+0	0.00000000E+0
1.66015625E-1	4.59044980E-9	4.59044980E-9	1.66015625E-1	0.00000000E+0	0.00000000E+0
1.63574219E-1	4.52667015E-9	4.52667015E-9	1.63574219E-1	0.00000000E+0	0.00000000E+0
1.61132812E-1	4.46744997E-9	4.46744997E-9	1.61132812E-1	0.00000000E+0	0.00000000E+0
1.58691406E-1	4.42949011E-9	4.42949011E-9	1.58691406E-1	0.00000000E+0	0.00000000E+0
1.56250000E-1	4.36571002E-9	4.36571002E-9	1.56250000E-1	0.00000000E+0	0.00000000E+0
1.53808594E-1	4.27155999E-9	4.27155999E-9	1.53808594E-1	0.00000000E+0	0.00000000E+0
1.51367187E-1	4.21310009E-9	4.21310009E-9	1.51367187E-1	0.00000000E+0	0.00000000E+0
1.48925781E-1	4.14932000E-9	4.14932000E-9	1.48925781E-1	0.00000000E+0	0.00000000E+0
1.46484375E-1	4.11970991E-9	4.11970991E-9	1.46484375E-1	0.00000000E+0	0.00000000E+0
1.44042969E-1	4.05213996E-9	4.05213996E-9	1.44042969E-1	0.00000000E+0	0.00000000E+0
1.41601562E-1	4.01416989E-9	4.01416989E-9	1.41601562E-1	0.00000000E+0	0.00000000E+0
1.39160156E-1	3.95078015E-9	3.95078015E-9	1.39160156E-1	0.00000000E+0	0.00000000E+0
1.36718750E-1	3.95078015E-9	3.95078015E-9	1.36718750E-1	0.00000000E+0	0.00000000E+0
1.34277344E-1	3.91319022E-9	3.91319022E-9	1.34277344E-1	0.00000000E+0	0.00000000E+0
1.31835937E-1	3.90787980E-9	3.90787980E-9	1.31835937E-1	0.00000000E+0	0.00000000E+0
1.29394531E-1	3.87750987E-9	3.87750987E-9	1.29394531E-1	0.00000000E+0	0.00000000E+0
1.26953125E-1	3.87068022E-9	3.87068022E-9	1.26953125E-1	0.00000000E+0	0.00000000E+0
1.24511719E-1	3.84561982E-9	3.84561982E-9	1.24511719E-1	0.00000000E+0	0.00000000E+0
1.22070312E-1	3.83955001E-9	3.83955001E-9	1.22070312E-1	0.00000000E+0	0.00000000E+0
1.19628906E-1	3.83460996E-9	3.83460996E-9	1.19628906E-1	0.00000000E+0	0.00000000E+0
1.17187500E-1	3.89117982E-9	3.89117982E-9	1.17187500E-1	0.00000000E+0	0.00000000E+0
1.14746094E-1	3.82929999E-9	3.82929999E-9	1.14746094E-1	0.00000000E+0	0.00000000E+0
1.12304687E-1	3.95078015E-9	3.95078015E-9	1.12304687E-1	0.00000000E+0	0.00000000E+0
1.09863281E-1	3.88889987E-9	3.88889987E-9	1.09863281E-1	0.00000000E+0	0.00000000E+0
1.07421875E-1	3.96709998E-9	3.96709998E-9	1.07421875E-1	0.00000000E+0	0.00000000E+0
1.04980469E-1	3.95798994E-9	3.95798994E-9	1.04980469E-1	0.00000000E+0	0.00000000E+0
1.02539062E-1	4.03088007E-9	4.03088007E-9	1.02539062E-1	0.00000000E+0	0.00000000E+0
1.00097656E-1	4.03694989E-9	4.03694989E-9	1.00097656E-1	0.00000000E+0	0.00000000E+0
9.76562500E-2	4.09769019E-9	4.09769019E-9	9.76562500E-2	0.00000000E+0	0.00000000E+0
9.52148438E-2	4.07339984E-9	4.07339984E-9	9.52148438E-2	0.00000000E+0	0.00000000E+0
9.27734375E-2	4.16146984E-9	4.16146984E-9	9.27734375E-2	0.00000000E+0	0.00000000E+0
9.03320313E-2	4.14020995E-9	4.14020995E-9	9.03320313E-2	0.00000000E+0	0.00000000E+0
8.78906250E-2	4.19488000E-9	4.19488000E-9	8.78906250E-2	0.00000000E+0	0.00000000E+0
8.54492188E-2	4.20702984E-9	4.20702984E-9	8.54492188E-2	0.00000000E+0	0.00000000E+0
8.30078125E-2	4.32015002E-9	4.32015002E-9	8.30078125E-2	0.00000000E+0	0.00000000E+0
8.05664063E-2	4.30800995E-9	4.30800995E-9	8.05664063E-2	0.00000000E+0	0.00000000E+0
7.81250000E-2	4.39304015E-9	4.39304015E-9	7.81250000E-2	0.00000000E+0	0.00000000E+0
7.56835938E-2	4.39912018E-9	4.39912018E-9	7.56835938E-2	0.00000000E+0	0.00000000E+0
7.32421875E-2	4.51073001E-9	4.51073001E-9	7.32421875E-2	0.00000000E+0	0.00000000E+0
7.08007813E-2	4.58324001E-9	4.58324001E-9	7.08007813E-2	0.00000000E+0	0.00000000E+0
6.83593750E-2	4.66864991E-9	4.66864991E-9	6.83593750E-2	0.00000000E+0	0.00000000E+0
6.59179688E-2	4.73584993E-9	4.73584993E-9	6.59179688E-2	0.00000000E+0	0.00000000E+0
6.34765625E-2	4.86036011E-9	4.86036011E-9	6.34765625E-2	0.00000000E+0	0.00000000E+0
6.10351563E-2	4.95337016E-9	4.95337016E-9	6.10351563E-2	0.00000000E+0	0.00000000E+0
5.85937500E-2	5.06270004E-9	5.06270004E-9	5.85937500E-2	0.00000000E+0	0.00000000E+0
5.61523438E-2	5.16671994E-9	5.16671994E-9	5.61523438E-2	0.00000000E+0	0.00000000E+0
5.37109375E-2	5.18721999E-9	5.18721999E-9	5.37109375E-2	0.00000000E+0	0.00000000E+0
5.12695313E-2	5.13635001E-9	5.13635001E-9	5.12695313E-2	0.00000000E+0	0.00000000E+0
4.88281250E-2	5.00499997E-9	5.00499997E-9	4.88281250E-2	0.00000000E+0	0.00000000E+0
4.63867188E-2	4.37177983E-9	4.37177983E-9	4.63867188E-2	0.00000000E+0	0.00000000E+0
4.39453125E-2	4.13717016E-9	4.13717016E-9	4.39453125E-2	0.00000000E+0	0.00000000E+0
4.15039063E-2	3.79095022E-9	3.79095022E-9	4.15039063E-2	0.00000000E+0	0.00000000E+0
3.90625000E-2	3.57987995E-9	3.57987995E-9	3.90625000E-2	0.00000000E+0	0.00000000E+0
3.66210938E-2	3.31528005E-9	3.31528005E-9	3.66210938E-2	0.00000000E+0	0.00000000E+0
3.41796875E-2	3.07421999E-9	3.07421999E-9	3.41796875E-2	0.00000000E+0	0.00000000E+0
3.17382813E-2	2.80847989E-9	2.80847989E-9	3.17382813E-2	0.00000000E+0	0.00000000E+0
2.92968750E-2	2.58980992E-9	2.58980992E-9	2.92968750E-2	0.00000000E+0	0.00000000E+0
2.68554688E-2	2.35671993E-9	2.35671993E-9	2.68554688E-2	0.00000000E+0	0.00000000E+0
2.44140625E-2	2.15247997E-9	2.15247997E-9	2.44140625E-2	0.00000000E+0	0.00000000E+0
2.19726563E-2	1.96874006E-9	1.96874006E-9	2.19726563E-2	0.00000000E+0	0.00000000E+0
1.95312500E-2	1.76298998E-9	1.76298998E-9	1.95312500E-2	0.00000000E+0	0.00000000E+0
1.70898438E-2	1.53419999E-9	1.53419999E-9	1.70898438E-2	0.00000000E+0	0.00000000E+0
1.46484375E-2	1.27890998E-9	1.27890998E-9	1.46484375E-2	0.00000000E+0	0.00000000E+0
1.22070313E-2	9.28778998E-10	9.28778998E-10	1.22070313E-2	0.00000000E+0	0.00000000E+0
9.76562500E-3	6.63431976E-10	6.63431976E-10	9.76562500E-3	0.00000000E+0	0.00000000E+0
7.32421875E-3	3.72663012E-10	3.72663012E-10	7.32421875E-3	0.00000000E+0	0.00000000E+0
4.88281250E-3	1.71737999E-10	1.71737999E-10	4.88281250E-3	0.00000000E+0	0.00000000E+0
2.44140625E-3	2.39529993E-11	2.39529993E-11	2.44140625E-3	0.00000000E+0	0.00000000E+0
0.00000000E+0	-1.02656002E-10	-1.02656002E-10	0.00000000E+0	0.00000000E+0	0.00000000E+0
-2.44140625E-3	-2.26561006E-10	-2.26561006E-10	-2.44140625E-3	0.00000000E+0	0.00000000E+0
-4.88281250E-3	-4.28318991E-10	-4.28318991E-10	-4.88281250E-3	0.00000000E+0	0.00000000E+0
-7.32421875E-3	-6.68640976E-10	-6.68640976E-10	-7.32421875E-3	0.00000000E+0	0.00000000E+0
-9.76562500E-3	-9.30948985E-10	-9.30948985E-10	-9.76562500E-3	0.00000000E+0	0.00000000E+0
-1.22070313E-2	-1.23580002E-9	-1.23580002E-9	-1.22070313E-2	0.00000000E+0	0.00000000E+0
-1.46484375E-2	-1.51680002E-9	-1.51680002E-9	-1.46484375E-2	0.00000000E+0	0.00000000E+0
-1.70898438E-2	-1.80171000E-9	-1.80171000E-9	-1.70898438E-2	0.00000000E+0	0.00000000E+0
-1.95312500E-2	-2.04972994E-9	-2.04972994E-9	-1.95312500E-2	0.00000000E+0	0.00000000E+0
-2.19726563E-2	-2.31041009E-9	-2.31041009E-9	-2.19726563E-2	0.00000000E+0	0.00000000E+0
-2.44140625E-2	-2.55336996E-9	-2.55336996E-9	-2.44140625E-2	0.00000000E+0	0.00000000E+0
-2.68554688E-2	-2.78798007E-9	-2.78798007E-9	-2.68554688E-2	0.00000000E+0	0.00000000E+0
-2.92968750E-2	-3.02182990E-9	-3.02182990E-9	-2.92968750E-2	0.00000000E+0	0.00000000E+0
-3.17382813E-2	-3.27390004E-9	-3.27390004E-9	-3.17382813E-2	0.00000000E+0	0.00000000E+0
-3.41796875E-2	-3.53963991E-9	-3.53963991E-9	-3.41796875E-2	0.00000000E+0	0.00000000E+0
-3.66210938E-2	-3.82018994E-9	-3.82018994E-9	-3.66210938E-2	0.00000000E+0	0.00000000E+0
-3.90625000E-2	-4.08781986E-9	-4.08781986E-9	-3.90625000E-2	0.00000000E+0	0.00000000E+0
-4.15039063E-2	-4.35584013E-9	-4.35584013E-9	-4.15039063E-2	0.00000000E+0	0.00000000E+0
-4.39453125E-2	-4.52439020E-9	-4.52439020E-9	-4.39453125E-2	0.00000000E+0	0.00000000E+0
-4.63867188E-2	-4.97918995E-9	-4.97918995E-9	-4.63867188E-2	0.00000000E+0	0.00000000E+0
-4.88281250E-2	-5.01372988E-9	-5.01372988E-9	-4.88281250E-2	0.00000000E+0	0.00000000E+0
-5.12695313E-2	-5.66706992E-9	-5.66706992E-9	-5.12695313E-2	0.00000000E+0	0.00000000E+0
-5.37109375E-2	-5.59114000E-9	-5.59114000E-9	-5.37109375E-2	0.00000000E+0	0.00000000E+0
-5.61523438E-2	-5.33830979E-9	-5.33830979E-9	-5.61523438E-2	0.00000000E+0	0.00000000E+0
-5.85937500E-2	-5.11584997E-9	-5.11584997E-9	-5.85937500E-2	0.00000000E+0	0.00000000E+0
-6.10351563E-2	-4.85694995E-9	-4.85694995E-9	-6.10351563E-2	0.00000000E+0	0.00000000E+0
-6.34765625E-2	-4.62005989E-9	-4.62005989E-9	-6.34765625E-2	0.00000000E+0	0.00000000E+0
-6.59179688E-2	-4.47428006E-9	-4.47428006E-9	-6.59179688E-2	0.00000000E+0	0.00000000E+0
-6.83593750E-2	-4.31939018E-9	-4.31939018E-9	-6.83593750E-2	0.00000000E+0	0.00000000E+0
-7.08007813E-2	-4.21916990E-9	-4.21916990E-9	-7.08007813E-2	0.00000000E+0	0.00000000E+0
-7.32421875E-2	-4.12198986E-9	-4.12198986E-9	-7.32421875E-2	0.00000000E+0	0.00000000E+0
-7.56835938E-2	-4.04227007E-9	-4.04227007E-9	-7.56835938E-2	0.00000000E+0	0.00000000E+0
-7.81250000E-2	-4.00962019E-9	-4.00962019E-9	-7.81250000E-2	0.00000000E+0	0.00000000E+0
-8.05664063E-2	-3.97924982E-9	-3.97924982E-9	-8.05664063E-2	0.00000000E+0	0.00000000E+0
-8.30078125E-2	-3.92381994E-9	-3.92381994E-9	-8.30078125E-2	0.00000000E+0	0.00000000E+0
-8.54492188E-2	-3.92003008E-9	-3.92003008E-9	-8.54492188E-2	0.00000000E+0	0.00000000E+0
-8.78906250E-2	-3.88738020E-9	-3.88738020E-9	-8.78906250E-2	0.00000000E+0	0.00000000E+0
-9.03320313E-2	-3.86611987E-9	-3.86611987E-9	-9.03320313E-2	0.00000000E+0	0.00000000E+0
-9.27734375E-2	-3.89041999E-9	-3.89041999E-9	-9.27734375E-2	0.00000000E+0	0.00000000E+0
-9.52148438E-2	-3.86611987E-9	-3.86611987E-9	-9.52148438E-2	0.00000000E+0	0.00000000E+0
-9.76562500E-2	-3.88738020E-9	-3.88738020E-9	-9.76562500E-2	0.00000000E+0	0.00000000E+0
-1.00097656E-1	-3.89041999E-9	-3.89041999E-9	-1.00097656E-1	0.00000000E+0	0.00000000E+0
-1.02539062E-1	-3.92003008E-9	-3.92003008E-9	-1.02539062E-1	0.00000000E+0	0.00000000E+0
-1.04980469E-1	-3.92003008E-9	-3.92003008E-9	-1.04980469E-1	0.00000000E+0	0.00000000E+0
-1.07421875E-1	-3.92989996E-9	-3.92989996E-9	-1.07421875E-1	0.00000000E+0	0.00000000E+0
-1.09863281E-1	-3.95115984E-9	-3.95115984E-9	-1.09863281E-1	0.00000000E+0	0.00000000E+0
-1.12304687E-1	-3.95723010E-9	-3.95723010E-9	-1.12304687E-1	0.00000000E+0	0.00000000E+0
-1.14746094E-1	-3.95912991E-9	-3.95912991E-9	-1.14746094E-1	0.00000000E+0	0.00000000E+0
-1.17187500E-1	-4.04910017E-9	-4.04910017E-9	-1.17187500E-1	0.00000000E+0	0.00000000E+0
-1.19628906E-1	-4.06655998E-9	-4.06655998E-9	-1.19628906E-1	0.00000000E+0	0.00000000E+0
-1.22070312E-1	-4.09692991E-9	-4.09692991E-9	-1.22070312E-1	0.00000000E+0	0.00000000E+0
-1.24511719E-1	-4.17590007E-9	-4.17590007E-9	-1.24511719E-1	0.00000000E+0	0.00000000E+0
-1.26953125E-1	-4.21119983E-9	-4.21119983E-9	-1.26953125E-1	0.00000000E+0	0.00000000E+0
-1.29394531E-1	-4.25675983E-9	-4.25675983E-9	-1.29394531E-1	0.00000000E+0	0.00000000E+0
-1.31835937E-1	-4.34065006E-9	-4.34065006E-9	-1.31835937E-1	0.00000000E+0	0.00000000E+0
-1.34277344E-1	-4.40671011E-9	-4.40671011E-9	-1.34277344E-1	0.00000000E+0	0.00000000E+0
-1.36718750E-1	-4.30951985E-9	-4.30951985E-9	-1.36718750E-1	0.00000000E+0	0.00000000E+0
-1.39160156E-1	-4.34673009E-9	-4.34673009E-9	-1.39160156E-1	0.00000000E+0	0.00000000E+0
-1.41601562E-1	-4.41961978E-9	-4.41961978E-9	-1.41601562E-1	0.00000000E+0	0.00000000E+0
-1.44042969E-1	-4.65347005E-9	-4.65347005E-9	-1.44042969E-1	0.00000000E+0	0.00000000E+0
-1.46484375E-1	-4.73318984E-9	-4.73318984E-9	-1.46484375E-1	0.00000000E+0	0.00000000E+0
-1.48925781E-1	-4.79999995E-9	-4.79999995E-9	-1.48925781E-1	0.00000000E+0	0.00000000E+0
-1.51367187E-1	-4.89111018E-9	-4.89111018E-9	-1.51367187E-1	0.00000000E+0	0.00000000E+0
-1.53808594E-1	-4.97007990E-9	-4.97007990E-9	-1.53808594E-1	0.00000000E+0	0.00000000E+0
-1.56250000E-1	-5.05511011E-9	-5.05511011E-9	-1.56250000E-1	0.00000000E+0	0.00000000E+0
-1.58691406E-1	-5.14090992E-9	-5.14090992E-9	-1.58691406E-1	0.00000000E+0	0.00000000E+0
-1.61132812E-1	-5.23202015E-9	-5.23202015E-9	-1.61132812E-1	0.00000000E+0	0.00000000E+0
-1.63574219E-1	-5.32389022E-9	-5.32389022E-9	-1.63574219E-1	0.00000000E+0	0.00000000E+0
-1.66015625E-1	-5.40816014E-9	-5.40816014E-9	-1.66015625E-1	0.00000000E+0	0.00000000E+0
-1.68457031E-1	-5.49509993E-9	-5.49509993E-9	-1.68457031E-1	0.00000000E+0	0.00000000E+0
-1.70898437E-1	-5.59114000E-9	-5.59114000E-9	-1.70898437E-1	0.00000000E+0	0.00000000E+0
-1.73339844E-1	-5.67922021E-9	-5.67922021E-9	-1.73339844E-1	0.00000000E+0	0.00000000E+0
-1.75781250E-1	-5.76274006E-9	-5.76274006E-9	-1.75781250E-1	0.00000000E+0	0.00000000E+0
-1.78222656E-1	-5.85461013E-9	-5.85461013E-9	-1.78222656E-1	0.00000000E+0	0.00000000E+0
-1.80664062E-1	-5.93280980E-9	-5.93280980E-9	-1.80664062E-1	0.00000000E+0	0.00000000E+0
-1.83105469E-1	-6.02353989E-9	-6.02353989E-9	-1.83105469E-1	0.00000000E+0	0.00000000E+0
-1.85546875E-1	-6.09073014E-9	-6.09073014E-9	-1.85546875E-1	0.00000000E+0	0.00000000E+0
-1.87988281E-1	-6.16666007E-9	-6.16666007E-9	-1.87988281E-1	0.00000000E+0	0.00000000E+0
-1.90429687E-1	-6.24106988E-9	-6.24106988E-9	-1.90429687E-1	0.00000000E+0	0.00000000E+0
-1.92871094E-1	-6.32382013E-9	-6.32382013E-9	-1.92871094E-1	0.00000000E+0	0.00000000E+0
-1.95312500E-1	-6.38645981E-9	-6.38645981E-9	-1.95312500E-1	0.00000000E+0	0.00000000E+0
-1.97753906E-1	-6.45137987E-9	-6.45137987E-9	-1.97753906E-1	0.00000000E+0	0.00000000E+0
-2.00195312E-1	-6.52957999E-9	-6.52957999E-9	-2.00195312E-1	0.00000000E+0	0.00000000E+0
-2.02636719E-1	-6.61766020E-9	-6.61766020E-9	-2.02636719E-1	0.00000000E+0	0.00000000E+0
-2.05078125E-1	-6.69129996E-9	-6.69129996E-9	-2.05078125E-1	0.00000000E+0	0.00000000E+0
-2.07519531E-1	-6.77938017E-9	-6.77938017E-9	-2.07519531E-1	0.00000000E+0	0.00000000E+0
-2.09960937E-1	-6.85568002E-9	-6.85568002E-9	-2.09960937E-1	0.00000000E+0	0.00000000E+0
-2.12402344E-1	-6.95475988E-9	-6.95475988E-9	-2.12402344E-1	0.00000000E+0	0.00000000E+0
-2.14843750E-1	-7.01095004E-9	-7.01095004E-9	-2.14843750E-1	0.00000000E+0	0.00000000E+0
-2.17285156E-1	-7.11572978E-9	-7.11572978E-9	-2.17285156E-1	0.00000000E+0	0.00000000E+0
-2.19726562E-1	-7.18139992E-9	-7.18139992E-9	-2.19726562E-1	0.00000000E+0	0.00000000E+0
-2.22167969E-1	-7.19355020E-9	-7.19355020E-9	-2.22167969E-1	0.00000000E+0	0.00000000E+0
-2.24609375E-1	-7.32147987E-9	-7.32147987E-9	-2.24609375E-1	0.00000000E+0	0.00000000E+0
-2.27050781E-1	-7.38830019E-9	-7.38830019E-9	-2.27050781E-1	0.00000000E+0	0.00000000E+0
-2.29492187E-1	-7.48017026E-9	-7.48017026E-9	-2.29492187E-1	0.00000000E+0	0.00000000E+0
-2.31933594E-1	-7.55457030E-9	-7.55457030E-9	-2.31933594E-1	0.00000000E+0	0.00000000E+0
-2.34375000E-1	-7.61418040E-9	-7.61418040E-9	-2.34375000E-1	0.00000000E+0	0.00000000E+0
-2.36816406E-1	-7.68890018E-9	-7.68890018E-9	-2.36816406E-1	0.00000000E+0	0.00000000E+0
-2.39257812E-1	-7.78805020E-9	-7.78805020E-9	-2.39257812E-1	0.00000000E+0	0.00000000E+0
-2.41699219E-1	-7.88104959E-9	-7.88104959E-9	-2.41699219E-1	0.00000000E+0	0.00000000E+0
-2.44140625E-1	-7.95849964E-9	-7.95849964E-9	-2.44140625E-1	0.00000000E+0	0.00000000E+0
-2.46582031E-1	-8.04391043E-9	-8.04391043E-9	-2.46582031E-1	0.00000000E+0	0.00000000E+0
-2.49023437E-1	-8.11237033E-9	-8.11237033E-9	-2.49023437E-1	0.00000000E+0	0.00000000E+0
-2.51464844E-1	-8.19918000E-9	-8.19918000E-9	-2.51464844E-1	0.00000000E+0	0.00000000E+0
-2.53906250E-1	-8.26219981E-9	-8.26219981E-9	-2.53906250E-1	0.00000000E+0	0.00000000E+0
-2.56347656E-1	-8.34571967E-9	-8.34571967E-9	-2.56347656E-1	0.00000000E+0	0.00000000E+0
-2.58789062E-1	-8.41025027E-9	-8.41025027E-9	-2.58789062E-1	0.00000000E+0	0.00000000E+0
-2.61230469E-1	-8.48111981E-9	-8.48111981E-9	-2.61230469E-1	0.00000000E+0	0.00000000E+0
-2.63671875E-1	-8.56172022E-9	-8.56172022E-9	-2.63671875E-1	0.00000000E+0	0.00000000E+0
-2.66113281E-1	-8.61942961E-9	-8.61942961E-9	-2.66113281E-1	0.00000000E+0	0.00000000E+0
-2.68554687E-1	-8.69610961E-9	-8.69610961E-9	-2.68554687E-1	0.00000000E+0	0.00000000E+0
-2.70996094E-1	-8.79330031E-9	-8.79330031E-9	-2.70996094E-1	0.00000000E+0	0.00000000E+0
-2.73437500E-1	-8.85289975E-9	-8.85289975E-9	-2.73437500E-1	0.00000000E+0	0.00000000E+0
-2.75878906E-1	-8.93465035E-9	-8.93465035E-9	-2.75878906E-1	0.00000000E+0	0.00000000E+0
-2.78320312E-1	-9.00399044E-9	-9.00399044E-9	-2.78320312E-1	0.00000000E+0	0.00000000E+0
-2.80761719E-1	-9.08725983E-9	-9.08725983E-9	-2.80761719E-1	0.00000000E+0	0.00000000E+0
-2.83203125E-1	-9.15280030E-9	-9.15280030E-9	-2.83203125E-1	0.00000000E+0	0.00000000E+0
-2.85644531E-1	-9.22340959E-9	-9.22340959E-9	-2.85644531E-1	0.00000000E+0	0.00000000E+0
-2.88085937E-1	-9.29591959E-9	-9.29591959E-9	-2.88085937E-1	0.00000000E+0	0.00000000E+0
-2.90527344E-1	-9.39918010E-9	-9.39918010E-9	-2.90527344E-1	0.00000000E+0	0.00000000E+0
-2.92968750E-1	-9.45651024E-9	-9.45651024E-9	-2.92968750E-1	0.00000000E+0	0.00000000E+0
-2.95410156E-1	-9.53876000E-9	-9.53876000E-9	-2.95410156E-1	0.00000000E+0	0.00000000E+0
-2.97851562E-1	-9.63493019E-9	-9.63493019E-9	-2.97851562E-1	0.00000000E+0	0.00000000E+0
-3.00292969E-1	-9.72945990E-9	-9.72945990E-9	-3.00292969E-1	0.00000000E+0	0.00000000E+0
-3.02734375E-1	-9.76894032E-9	-9.76894032E-9	-3.02734375E-1	0.00000000E+0	0.00000000E+0
-3.05175781E-1	-9.83879023E-9	-9.83879023E-9	-3.05175781E-1	0.00000000E+0	0.00000000E+0
-3.07617187E-1	-9.91408022E-9	-9.91408022E-9	-3.07617187E-1	0.00000000E+0	0.00000000E+0
-3.10058594E-1	-9.99937022E-9	-9.99937022E-9	-3.10058594E-1	0.00000000E+0	0.00000000E+0
-3.12500000E-1	-1.00691997E-8	-1.00691997E-8	-3.12500000E-1	0.00000000E+0	0.00000000E+0
-3.14941406E-1	-1.01310000E-8	-1.01310000E-8	-3.14941406E-1	0.00000000E+0	0.00000000E+0
-3.17382812E-1	-1.01974997E-8	-1.01974997E-8	-3.17382812E-1	0.00000000E+0	0.00000000E+0
-3.19824219E-1	-1.02764997E-8	-1.02764997E-8	-3.19824219E-1	0.00000000E+0	0.00000000E+0
-3.22265625E-1	-1.03727000E-8	-1.03727000E-8	-3.22265625E-1	0.00000000E+0	0.00000000E+0
-3.24707031E-1	-1.04320996E-8	-1.04320996E-8	-3.24707031E-1	0.00000000E+0	0.00000000E+0
-3.27148437E-1	-1.04962004E-8	-1.04962004E-8	-3.27148437E-1	0.00000000E+0	0.00000000E+0
-3.29589844E-1	-1.05576996E-8	-1.05576996E-8	-3.29589844E-1	0.00000000E+0	0.00000000E+0
-3.32031250E-1	-1.06156000E-8	-1.06156000E-8	-3.32031250E-1	0.00000000E+0	0.00000000E+0
-3.34472656E-1	-1.06837996E-8	-1.06837996E-8	-3.34472656E-1	0.00000000E+0	0.00000000E+0
-3.36914062E-1	-1.07689004E-8	-1.07689004E-8	-3.36914062E-1	0.00000000E+0	0.00000000E+0
-3.39355469E-1	-1.08364002E-8	-1.08364002E-8	-3.39355469E-1	0.00000000E+0	0.00000000E+0
-3.41796875E-1	-1.08930003E-8	-1.08930003E-8	-3.41796875E-1	0.00000000E+0	0.00000000E+0
-3.44238281E-1	-1.09605001E-8	-1.09605001E-8	-3.44238281E-1	0.00000000E+0	0.00000000E+0
-3.46679687E-1	-1.10398002E-8	-1.10398002E-8	-3.46679687E-1	0.00000000E+0	0.00000000E+0
-3.49121094E-1	-1.10764997E-8	-1.10764997E-8	-3.49121094E-1	0.00000000E+0	0.00000000E+0
-3.51562500E-1	-1.11405001E-8	-1.11405001E-8	-3.51562500E-1	0.00000000E+0	0.00000000E+0
-3.54003906E-1	-1.11940999E-8	-1.11940999E-8	-3.54003906E-1	0.00000000E+0	0.00000000E+0
-3.56445312E-1	-1.12857004E-8	-1.12857004E-8	-3.56445312E-1	0.00000000E+0	0.00000000E+0
-3.58886719E-1	-1.13388996E-8	-1.13388996E-8	-3.58886719E-1	0.00000000E+0	0.00000000E+0
-3.61328125E-1	-1.14198997E-8	-1.14198997E-8	-3.61328125E-1	0.00000000E+0	0.00000000E+0
-3.63769531E-1	-1.14579004E-8	-1.14579004E-8	-3.63769531E-1	0.00000000E+0	0.00000000E+0
-3.66210937E-1	-1.15401999E-8	-1.15401999E-8	-3.66210937E-1	0.00000000E+0	0.00000000E+0
-3.68652344E-1	-1.16193997E-8	-1.16193997E-8	-3.68652344E-1	0.00000000E+0	0.00000000E+0
-3.71093750E-1	-1.16864003E-8	-1.16864003E-8	-3.71093750E-1	0.00000000E+0	0.00000000E+0
-3.73535156E-1	-1.17615997E-8	-1.17615997E-8	-3.73535156E-1	0.00000000E+0	0.00000000E+0
-3.75976562E-1	-1.18291004E-8	-1.18291004E-8	-3.75976562E-1	0.00000000E+0	0.00000000E+0
-3.78417969E-1	-1.18876002E-8	-1.18876002E-8	-3.78417969E-1	0.00000000E+0	0.00000000E+0
-3.80859375E-1	-1.19927002E-8	-1.19927002E-8	-3.80859375E-1	0.00000000E+0	0.00000000E+0
-3.83300781E-1	-1.20463000E-8	-1.20463000E-8	-3.83300781E-1	0.00000000E+0	0.00000000E+0
-3.85742187E-1	-1.21393997E-8	-1.21393997E-8	-3.85742187E-1	0.00000000E+0	0.00000000E+0
-3.88183594E-1	-1.21778996E-8	-1.21778996E-8	-3.88183594E-1	0.00000000E+0	0.00000000E+0
-3.90625000E-1	-1.22479999E-8	-1.22479999E-8	-3.90625000E-1	0.00000000E+0	0.00000000E+0
-3.93066406E-1	-1.23178996E-8	-1.23178996E-8	-3.93066406E-1	0.00000000E+0	0.00000000E+0
-3.95507812E-1	-1.23874999E-8	-1.23874999E-8	-3.95507812E-1	0.00000000E+0	0.00000000E+0
-3.97949219E-1	-1.24395996E-8	-1.24395996E-8	-3.97949219E-1	0.00000000E+0	0.00000000E+0
-4.00390625E-1	-1.24927997E-8	-1.24927997E-8	-4.00390625E-1	0.00000000E+0	0.00000000E+0
-4.02832031E-1	-1.25988002E-8	-1.25988002E-8	-4.02832031E-1	0.00000000E+0	0.00000000E+0
-4.05273437E-1	-1.26522002E-8	-1.26522002E-8	-4.05273437E-1	0.00000000E+0	0.00000000E+0
-4.07714844E-1	-1.29681004E-8	-1.29681004E-8	-4.07714844E-1	0.00000000E+0	0.00000000E+0
-4.10156250E-1	-1.27730999E-8	-1.27730999E-8	-4.10156250E-1	0.00000000E+0	0.00000000E+0
-4.12597656E-1	-1.28290996E-8	-1.28290996E-8	-4.12597656E-1	0.00000000E+0	0.00000000E+0
-4.15039062E-1	-1.28949003E-8	-1.28949003E-8	-4.15039062E-1	0.00000000E+0	0.00000000E+0
-4.17480469E-1	-1.29681004E-8	-1.29681004E-8	-4.17480469E-1	0.00000000E+0	0.00000000E+0
-4.19921875E-1	-1.30586999E-8	-1.30586999E-8	-4.19921875E-1	0.00000000E+0	0.00000000E+0
-4.22363281E-1	-1.31427997E-8	-1.31427997E-8	-4.22363281E-1	0.00000000E+0	0.00000000E+0
-4.24804687E-1	-1.31810003E-8	-1.31810003E-8	-4.24804687E-1	0.00000000E+0	0.00000000E+0
-4.27246094E-1	-1.32473001E-8	-1.32473001E-8	-4.27246094E-1	0.00000000E+0	0.00000000E+0
-4.29687500E-1	-1.32881004E-8	-1.32881004E-8	-4.29687500E-1	0.00000000E+0	0.00000000E+0
-4.32128906E-1	-1.33746996E-8	-1.33746996E-8	-4.32128906E-1	0.00000000E+0	0.00000000E+0
-4.34570312E-1	-1.34103999E-8	-1.34103999E-8	-4.34570312E-1	0.00000000E+0	0.00000000E+0
-4.37011719E-1	-1.34817002E-8	-1.34817002E-8	-4.37011719E-1	0.00000000E+0	0.00000000E+0
-4.39453125E-1	-1.35173996E-8	-1.35173996E-8	-4.39453125E-1	0.00000000E+0	0.00000000E+0
-4.41894531E-1	-1.35837004E-8	-1.35837004E-8	-4.41894531E-1	0.00000000E+0	0.00000000E+0
-4.44335937E-1	-1.36398004E-8	-1.36398004E-8	-4.44335937E-1	0.00000000E+0	0.00000000E+0
-4.46777344E-1	-1.36856002E-8	-1.36856002E-8	-4.46777344E-1	0.00000000E+0	0.00000000E+0
-4.49218750E-1	-1.37341001E-8	-1.37341001E-8	-4.49218750E-1	0.00000000E+0	0.00000000E+0
-4.51660156E-1	-1.38131000E-8	-1.38131000E-8	-4.51660156E-1	0.00000000E+0	0.00000000E+0
-4.54101562E-1	-1.38690996E-8	-1.38690996E-8	-4.54101562E-1	0.00000000E+0	0.00000000E+0
-4.56542969E-1	-1.39015999E-8	-1.39015999E-8	-4.56542969E-1	0.00000000E+0	0.00000000E+0
-4.58984375E-1	-1.39609000E-8	-1.39609000E-8	-4.58984375E-1	0.00000000E+0	0.00000000E+0
-4.61425781E-1	-1.40066998E-8	-1.40066998E-8	-4.61425781E-1	0.00000000E+0	0.00000000E+0
-4.63867187E-1	-1.40627998E-8	-1.40627998E-8	-4.63867187E-1	0.00000000E+0	0.00000000E+0
-4.66308594E-1	-1.41087000E-8	-1.41087000E-8	-4.66308594E-1	0.00000000E+0	0.00000000E+0
-4.68750000E-1	-1.41648000E-8	-1.41648000E-8	-4.68750000E-1	0.00000000E+0	0.00000000E+0
-4.71191406E-1	-1.41978997E-8	-1.41978997E-8	-4.71191406E-1	0.00000000E+0	0.00000000E+0
-4.73632812E-1	-1.42476004E-8	-1.42476004E-8	-4.73632812E-1	0.00000000E+0	0.00000000E+0
-4.76074219E-1	-1.43075001E-8	-1.43075001E-8	-4.76074219E-1	0.00000000E+0	0.00000000E+0
-4.78515625E-1	-1.43278998E-8	-1.43278998E-8	-4.78515625E-1	0.00000000E+0	0.00000000E+0
-4.80957031E-1	-1.43966998E-8	-1.43966998E-8	-4.80957031E-1	0.00000000E+0	0.00000000E+0
-4.83398437E-1	-1.44297996E-8	-1.44297996E-8	-4.83398437E-1	0.00000000E+0	0.00000000E+0
-4.85839844E-1	-1.44807997E-8	-1.44807997E-8	-4.85839844E-1	0.00000000E+0	0.00000000E+0
-4.88281250E-1	-1.45227999E-8	-1.45227999E-8	-4.88281250E-1	0.00000000E+0	0.00000000E+0
-4.90722656E-1	-1.45521000E-8	-1.45521000E-8	-4.90722656E-1	0.00000000E+0	0.00000000E+0
-4.93164062E-1	-1.46146002E-8	-1.46146002E-8	-4.93164062E-1	0.00000000E+0	0.00000000E+0
-4.90722656E-1	-1.44807997E-8	-1.44807997E-8	-4.90722656E-1	0.00000000E+0	0.00000000E+0
-4.88281250E-1	-1.44297996E-8	-1.44297996E-8	-4.88281250E-1	0.00000000E+0	0.00000000E+0
-4.85839844E-1	-1.44043000E-8	-1.44043000E-8	-4.85839844E-1	0.00000000E+0	0.00000000E+0
-4.83398437E-1	-1.43380996E-8	-1.43380996E-8	-4.83398437E-1	0.00000000E+0	0.00000000E+0
-4.80957031E-1	-1.43278998E-8	-1.43278998E-8	-4.80957031E-1	0.00000000E+0	0.00000000E+0
-4.78515625E-1	-1.42685996E-8	-1.42685996E-8	-4.78515625E-1	0.00000000E+0	0.00000000E+0
-4.76074219E-1	-1.42156997E-8	-1.42156997E-8	-4.76074219E-1	0.00000000E+0	0.00000000E+0
-4.73632812E-1	-1.41546002E-8	-1.41546002E-8	-4.73632812E-1	0.00000000E+0	0.00000000E+0
-4.71191406E-1	-1.41214000E-8	-1.41214000E-8	-4.71191406E-1	0.00000000E+0	0.00000000E+0
-4.68750000E-1	-1.40832004E-8	-1.40832004E-8	-4.68750000E-1	0.00000000E+0	0.00000000E+0
-4.66308594E-1	-1.40526000E-8	-1.40526000E-8	-4.66308594E-1	0.00000000E+0	0.00000000E+0
-4.63867187E-1	-1.39710998E-8	-1.39710998E-8	-4.63867187E-1	0.00000000E+0	0.00000000E+0
-4.61425781E-1	-1.39302996E-8	-1.39302996E-8	-4.61425781E-1	0.00000000E+0	0.00000000E+0
-4.58984375E-1	-1.38920999E-8	-1.38920999E-8	-4.58984375E-1	0.00000000E+0	0.00000000E+0
-4.56542969E-1	-1.38385001E-8	-1.38385001E-8	-4.56542969E-1	0.00000000E+0	0.00000000E+0
-4.54101562E-1	-1.37927003E-8	-1.37927003E-8	-4.54101562E-1	0.00000000E+0	0.00000000E+0
-4.51660156E-1	-1.37212997E-8	-1.37212997E-8	-4.51660156E-1	0.00000000E+0	0.00000000E+0
-4.49218750E-1	-1.36932998E-8	-1.36932998E-8	-4.49218750E-1	0.00000000E+0	0.00000000E+0
-4.46777344E-1	-1.36549998E-8	-1.36549998E-8	-4.46777344E-1	0.00000000E+0	0.00000000E+0
-4.44335937E-1	-1.35939002E-8	-1.35939002E-8	-4.44335937E-1	0.00000000E+0	0.00000000E+0
-4.41894531E-1	-1.35173996E-8	-1.35173996E-8	-4.41894531E-1	0.00000000E+0	0.00000000E+0
-4.39453125E-1	-1.35020999E-8	-1.35020999E-8	-4.39453125E-1	0.00000000E+0	0.00000000E+0
-4.37011719E-1	-1.34180000E-8	-1.34180000E-8	-4.37011719E-1	0.00000000E+0	0.00000000E+0
-4.34570312E-1	-1.33951001E-8	-1.33951001E-8	-4.34570312E-1	0.00000000E+0	0.00000000E+0
-4.32128906E-1	-1.33288003E-8	-1.33288003E-8	-4.32128906E-1	0.00000000E+0	0.00000000E+0
-4.29687500E-1	-1.32881004E-8	-1.32881004E-8	-4.29687500E-1	0.00000000E+0	0.00000000E+0
-4.27246094E-1	-1.31886999E-8	-1.31886999E-8	-4.27246094E-1	0.00000000E+0	0.00000000E+0
-4.24804687E-1	-1.31656996E-8	-1.31656996E-8	-4.24804687E-1	0.00000000E+0	0.00000000E+0
-4.22363281E-1	-1.31173001E-8	-1.31173001E-8	-4.22363281E-1	0.00000000E+0	0.00000000E+0
-4.19921875E-1	-1.30510003E-8	-1.30510003E-8	-4.19921875E-1	0.00000000E+0	0.00000000E+0
-4.17480469E-1	-1.29130999E-8	-1.29130999E-8	-4.17480469E-1	0.00000000E+0	0.00000000E+0
-4.15039062E-1	-1.29042999E-8	-1.29042999E-8	-4.15039062E-1	0.00000000E+0	0.00000000E+0
-4.12597656E-1	-1.28354998E-8	-1.28354998E-8	-4.12597656E-1	0.00000000E+0	0.00000000E+0
-4.10156250E-1	-1.27500996E-8	-1.27500996E-8	-4.10156250E-1	0.00000000E+0	0.00000000E+0
-4.07714844E-1	-1.26951001E-8	-1.26951001E-8	-4.07714844E-1	0.00000000E+0	0.00000000E+0
-4.05273437E-1	-1.26354998E-8	-1.26354998E-8	-4.05273437E-1	0.00000000E+0	0.00000000E+0
-4.02832031E-1	-1.26317001E-8	-1.26317001E-8	-4.02832031E-1	0.00000000E+0	0.00000000E+0
-4.00390625E-1	-1.25113999E-8	-1.25113999E-8	-4.00390625E-1	0.00000000E+0	0.00000000E+0
-3.97949219E-1	-1.24666997E-8	-1.24666997E-8	-3.97949219E-1	0.00000000E+0	0.00000000E+0
-3.95507812E-1	-1.23971002E-8	-1.23971002E-8	-3.95507812E-1	0.00000000E+0	0.00000000E+0
-3.93066406E-1	-1.23656001E-8	-1.23656001E-8	-3.93066406E-1	0.00000000E+0	0.00000000E+0
-3.90625000E-1	-1.22957999E-8	-1.22957999E-8	-3.90625000E-1	0.00000000E+0	0.00000000E+0
-3.88183594E-1	-1.22352004E-8	-1.22352004E-8	-3.88183594E-1	0.00000000E+0	0.00000000E+0
-3.85742187E-1	-1.21412000E-8	-1.21412000E-8	-3.85742187E-1	0.00000000E+0	0.00000000E+0
-3.83300781E-1	-1.21076003E-8	-1.21076003E-8	-3.83300781E-1	0.00000000E+0	0.00000000E+0
-3.80859375E-1	-1.20222996E-8	-1.20222996E-8	-3.80859375E-1	0.00000000E+0	0.00000000E+0
-3.78417969E-1	-1.19522001E-8	-1.19522001E-8	-3.78417969E-1	0.00000000E+0	0.00000000E+0
-3.75976562E-1	-1.19276002E-8	-1.19276002E-8	-3.75976562E-1	0.00000000E+0	0.00000000E+0
-3.73535156E-1	-1.18432002E-8	-1.18432002E-8	-3.73535156E-1	0.00000000E+0	0.00000000E+0
-3.71093750E-1	-1.18049002E-8	-1.18049002E-8	-3.71093750E-1	0.00000000E+0	0.00000000E+0
-3.68652344E-1	-1.17181003E-8	-1.17181003E-8	-3.68652344E-1	0.00000000E+0	0.00000000E+0
-3.66210937E-1	-1.16451000E-8	-1.16451000E-8	-3.66210937E-1	0.00000000E+0	0.00000000E+0
-3.63769531E-1	-1.15951000E-8	-1.15951000E-8	-3.63769531E-1	0.00000000E+0	0.00000000E+0
-3.61328125E-1	-1.15330998E-8	-1.15330998E-8	-3.61328125E-1	0.00000000E+0	0.00000000E+0
-3.58886719E-1	-1.14579004E-8	-1.14579004E-8	-3.58886719E-1	0.00000000E+0	0.00000000E+0
-3.56445312E-1	-1.13786998E-8	-1.13786998E-8	-3.56445312E-1	0.00000000E+0	0.00000000E+0
-3.54003906E-1	-1.13237997E-8	-1.13237997E-8	-3.54003906E-1	0.00000000E+0	0.00000000E+0
-3.51562500E-1	-1.12761001E-8	-1.12761001E-8	-3.51562500E-1	0.00000000E+0	0.00000000E+0
-3.49121094E-1	-1.11940999E-8	-1.11940999E-8	-3.49121094E-1	0.00000000E+0	0.00000000E+0
-3.46679687E-1	-1.11325997E-8	-1.11325997E-8	-3.46679687E-1	0.00000000E+0	0.00000000E+0
-3.44238281E-1	-1.10323004E-8	-1.10323004E-8	-3.44238281E-1	0.00000000E+0	0.00000000E+0
-3.41796875E-1	-1.09754996E-8	-1.09754996E-8	-3.41796875E-1	0.00000000E+0	0.00000000E+0
-3.39355469E-1	-1.08986002E-8	-1.08986002E-8	-3.39355469E-1	0.00000000E+0	0.00000000E+0
-3.36914062E-1	-1.08278000E-8	-1.08278000E-8	-3.36914062E-1	0.00000000E+0	0.00000000E+0
-3.34472656E-1	-1.07689004E-8	-1.07689004E-8	-3.34472656E-1	0.00000000E+0	0.00000000E+0
-3.32031250E-1	-1.07059002E-8	-1.07059002E-8	-3.32031250E-1	0.00000000E+0	0.00000000E+0
-3.29589844E-1	-1.11681997E-8	-1.11681997E-8	-3.29589844E-1	0.00000000E+0	0.00000000E+0
-3.27148437E-1	-1.05200000E-8	-1.05200000E-8	-3.27148437E-1	0.00000000E+0	0.00000000E+0
-3.24707031E-1	-1.04762004E-8	-1.04762004E-8	-3.24707031E-1	0.00000000E+0	0.00000000E+0
-3.22265625E-1	-1.04374003E-8	-1.04374003E-8	-3.22265625E-1	0.00000000E+0	0.00000000E+0
-3.19824219E-1	-1.03152002E-8	-1.03152002E-8	-3.19824219E-1	0.00000000E+0	0.00000000E+0
-3.17382812E-1	-1.02415996E-8	-1.02415996E-8	-3.17382812E-1	0.00000000E+0	0.00000000E+0
-3.14941406E-1	-1.01850999E-8	-1.01850999E-8	-3.14941406E-1	0.00000000E+0	0.00000000E+0
-3.12500000E-1	-1.00994999E-8	-1.00994999E-8	-3.12500000E-1	0.00000000E+0	0.00000000E+0
-3.10058594E-1	-9.99937022E-9	-9.99937022E-9	-3.10058594E-1	0.00000000E+0	0.00000000E+0
-3.07617187E-1	-9.91408022E-9	-9.91408022E-9	-3.07617187E-1	0.00000000E+0	0.00000000E+0
-3.05175781E-1	-9.84524018E-9	-9.84524018E-9	-3.05175781E-1	0.00000000E+0	0.00000000E+0
-3.02734375E-1	-9.74197967E-9	-9.74197967E-9	-3.02734375E-1	0.00000000E+0	0.00000000E+0
-3.00292969E-1	-9.68694014E-9	-9.68694014E-9	-3.00292969E-1	0.00000000E+0	0.00000000E+0
-2.97851562E-1	-9.58760005E-9	-9.58760005E-9	-2.97851562E-1	0.00000000E+0	0.00000000E+0
-2.95410156E-1	-9.51307033E-9	-9.51307033E-9	-2.95410156E-1	0.00000000E+0	0.00000000E+0
-2.92968750E-1	-9.40563982E-9	-9.40563982E-9	-2.92968750E-1	0.00000000E+0	0.00000000E+0
-2.90527344E-1	-9.33844024E-9	-9.33844024E-9	-2.90527344E-1	0.00000000E+0	0.00000000E+0
-2.88085937E-1	-9.25377996E-9	-9.25377996E-9	-2.88085937E-1	0.00000000E+0	0.00000000E+0
-2.85644531E-1	-9.18469034E-9	-9.18469034E-9	-2.85644531E-1	0.00000000E+0	0.00000000E+0
-2.83203125E-1	-9.08725983E-9	-9.08725983E-9	-2.83203125E-1	0.00000000E+0	0.00000000E+0
-2.80761719E-1	-9.04346997E-9	-9.04346997E-9	-2.80761719E-1	0.00000000E+0	0.00000000E+0
-2.78320312E-1	-8.92274965E-9	-8.92274965E-9	-2.78320312E-1	0.00000000E+0	0.00000000E+0
-2.75878906E-1	-8.85896956E-9	-8.85896956E-9	-2.75878906E-1	0.00000000E+0	0.00000000E+0
-2.73437500E-1	-8.77508022E-9	-8.77508022E-9	-2.73437500E-1	0.00000000E+0	0.00000000E+0
-2.70996094E-1	-8.71964989E-9	-8.71964989E-9	-2.70996094E-1	0.00000000E+0	0.00000000E+0
-2.68554687E-1	-8.61942961E-9	-8.61942961E-9	-2.68554687E-1	0.00000000E+0	0.00000000E+0
-2.66113281E-1	-8.54160032E-9	-8.54160032E-9	-2.66113281E-1	0.00000000E+0	0.00000000E+0
-2.63671875E-1	-8.43226999E-9	-8.43226999E-9	-2.63671875E-1	0.00000000E+0	0.00000000E+0
-2.61230469E-1	-8.38824032E-9	-8.38824032E-9	-2.61230469E-1	0.00000000E+0	0.00000000E+0
-2.58789062E-1	-8.30396019E-9	-8.30396019E-9	-2.58789062E-1	0.00000000E+0	0.00000000E+0
-2.56347656E-1	-8.22196000E-9	-8.22196000E-9	-2.56347656E-1	0.00000000E+0	0.00000000E+0
-2.53906250E-1	-8.12477019E-9	-8.12477019E-9	-2.53906250E-1	0.00000000E+0	0.00000000E+0
-2.51464844E-1	-8.04391043E-9	-8.04391043E-9	-2.51464844E-1	0.00000000E+0	0.00000000E+0
-2.49023437E-1	-7.95849964E-9	-7.95849964E-9	-2.49023437E-1	0.00000000E+0	0.00000000E+0
-2.46582031E-1	-7.89053978E-9	-7.89053978E-9	-2.46582031E-1	0.00000000E+0	0.00000000E+0
-2.44140625E-1	-7.80891973E-9	-7.80891973E-9	-2.44140625E-1	0.00000000E+0	0.00000000E+0
-2.41699219E-1	-7.73072006E-9	-7.73072006E-9	-2.41699219E-1	0.00000000E+0	0.00000000E+0
-2.39257812E-1	-7.64720021E-9	-7.64720021E-9	-2.39257812E-1	0.00000000E+0	0.00000000E+0
-2.36816406E-1	-7.57127960E-9	-7.57127960E-9	-2.36816406E-1	0.00000000E+0	0.00000000E+0
-2.34375000E-1	-7.46157003E-9	-7.46157003E-9	-2.34375000E-1	0.00000000E+0	0.00000000E+0
-2.31933594E-1	-7.39931005E-9	-7.39931005E-9	-2.31933594E-1	0.00000000E+0	0.00000000E+0
-2.29492187E-1	-7.29718996E-9	-7.29718996E-9	-2.29492187E-1	0.00000000E+0	0.00000000E+0
-2.27050781E-1	-7.25162996E-9	-7.25162996E-9	-2.27050781E-1	0.00000000E+0	0.00000000E+0
-2.24609375E-1	-7.17570980E-9	-7.17570980E-9	-2.24609375E-1	0.00000000E+0	0.00000000E+0
-2.22167969E-1	-7.08990999E-9	-7.08990999E-9	-2.22167969E-1	0.00000000E+0	0.00000000E+0
-2.19726562E-1	-7.00336011E-9	-7.00336011E-9	-2.19726562E-1	0.00000000E+0	0.00000000E+0
-2.17285156E-1	-6.94983004E-9	-6.94983004E-9	-2.17285156E-1	0.00000000E+0	0.00000000E+0
-2.14843750E-1	-6.88909019E-9	-6.88909019E-9	-2.14843750E-1	0.00000000E+0	0.00000000E+0
-2.12402344E-1	-6.81012979E-9	-6.81012979E-9	-2.12402344E-1	0.00000000E+0	0.00000000E+0
-2.09960937E-1	-6.71560008E-9	-6.71560008E-9	-2.09960937E-1	0.00000000E+0	0.00000000E+0
-2.07519531E-1	-6.65486022E-9	-6.65486022E-9	-2.07519531E-1	0.00000000E+0	0.00000000E+0
-2.05078125E-1	-6.57172006E-9	-6.57172006E-9	-2.05078125E-1	0.00000000E+0	0.00000000E+0
-2.02636719E-1	-6.50679999E-9	-6.50679999E-9	-2.02636719E-1	0.00000000E+0	0.00000000E+0
-2.00195312E-1	-6.43164011E-9	-6.43164011E-9	-2.00195312E-1	0.00000000E+0	0.00000000E+0
-1.97753906E-1	-6.28054986E-9	-6.28054986E-9	-1.97753906E-1	0.00000000E+0	0.00000000E+0
-1.95312500E-1	-6.30369978E-9	-6.30369978E-9	-1.95312500E-1	0.00000000E+0	0.00000000E+0
-1.92871094E-1	-6.21525009E-9	-6.21525009E-9	-1.92871094E-1	0.00000000E+0	0.00000000E+0
-1.90429687E-1	-6.16343021E-9	-6.16343021E-9	-1.90429687E-1	0.00000000E+0	0.00000000E+0
-1.87988281E-1	-6.08314021E-9	-6.08314021E-9	-1.87988281E-1	0.00000000E+0	0.00000000E+0
-1.85546875E-1	-6.02923000E-9	-6.02923000E-9	-1.85546875E-1	0.00000000E+0	0.00000000E+0
-1.83105469E-1	-5.95179017E-9	-5.95179017E-9	-1.83105469E-1	0.00000000E+0	0.00000000E+0
-1.80664062E-1	-5.91154992E-9	-5.91154992E-9	-1.80664062E-1	0.00000000E+0	0.00000000E+0
-1.78222656E-1	-5.83523985E-9	-5.83523985E-9	-1.78222656E-1	0.00000000E+0	0.00000000E+0
-1.75781250E-1	-5.76729020E-9	-5.76729020E-9	-1.75781250E-1	0.00000000E+0	0.00000000E+0
-1.73339844E-1	-5.68339020E-9	-5.68339020E-9	-1.73339844E-1	0.00000000E+0	0.00000000E+0
-1.70898437E-1	-5.62378988E-9	-5.62378988E-9	-1.70898437E-1	0.00000000E+0	0.00000000E+0
-1.68457031E-1	-5.56077007E-9	-5.56077007E-9	-1.68457031E-1	0.00000000E+0	0.00000000E+0
-1.66015625E-1	-5.48256995E-9	-5.48256995E-9	-1.66015625E-1	0.00000000E+0	0.00000000E+0
-1.63574219E-1	-5.40436984E-9	-5.40436984E-9	-1.63574219E-1	0.00000000E+0	0.00000000E+0
-1.61132812E-1	-5.28061017E-9	-5.28061017E-9	-1.61132812E-1	0.00000000E+0	0.00000000E+0
-1.58691406E-1	-5.20013010E-9	-5.20013010E-9	-1.58691406E-1	0.00000000E+0	0.00000000E+0
-1.56250000E-1	-5.10445997E-9	-5.10445997E-9	-1.56250000E-1	0.00000000E+0	0.00000000E+0
-1.53808594E-1	-5.03384978E-9	-5.03384978E-9	-1.53808594E-1	0.00000000E+0	0.00000000E+0
-1.51367187E-1	-4.92451990E-9	-4.92451990E-9	-1.51367187E-1	0.00000000E+0	0.00000000E+0
-1.48925781E-1	-4.87212981E-9	-4.87212981E-9	-1.48925781E-1	0.00000000E+0	0.00000000E+0
-1.46484375E-1	-4.74760986E-9	-4.74760986E-9	-1.46484375E-1	0.00000000E+0	0.00000000E+0
-1.44042969E-1	-4.71497019E-9	-4.71497019E-9	-1.44042969E-1	0.00000000E+0	0.00000000E+0
-1.41601562E-1	-4.60107996E-9	-4.60107996E-9	-1.41601562E-1	0.00000000E+0	0.00000000E+0
-1.39160156E-1	-4.55779992E-9	-4.55779992E-9	-1.39160156E-1	0.00000000E+0	0.00000000E+0
-1.36718750E-1	-4.44694992E-9	-4.44694992E-9	-1.36718750E-1	0.00000000E+0	0.00000000E+0
-1.34277344E-1	-4.40518999E-9	-4.40518999E-9	-1.34277344E-1	0.00000000E+0	0.00000000E+0
-1.31835937E-1	-4.31331992E-9	-4.31331992E-9	-1.31835937E-1	0.00000000E+0	0.00000000E+0
-1.29394531E-1	-4.28333014E-9	-4.28333014E-9	-1.29394531E-1	0.00000000E+0	0.00000000E+0
-1.26953125E-1	-4.18727986E-9	-4.18727986E-9	-1.26953125E-1	0.00000000E+0	0.00000000E+0
-1.24511719E-1	-4.14628021E-9	-4.14628021E-9	-1.24511719E-1	0.00000000E+0	0.00000000E+0
-1.22070312E-1	-4.06655998E-9	-4.06655998E-9	-1.22070312E-1	0.00000000E+0	0.00000000E+0
-1.19628906E-1	-4.04227007E-9	-4.04227007E-9	-1.19628906E-1	0.00000000E+0	0.00000000E+0
-1.17187500E-1	-3.96103017E-9	-3.96103017E-9	-1.17187500E-1	0.00000000E+0	0.00000000E+0
-1.14746094E-1	-3.94565003E-9	-3.94565003E-9	-1.14746094E-1	0.00000000E+0	0.00000000E+0
-1.12304687E-1	-3.86916010E-9	-3.86916010E-9	-1.12304687E-1	0.00000000E+0	0.00000000E+0
-1.09863281E-1	-3.85549015E-9	-3.85549015E-9	-1.09863281E-1	0.00000000E+0	0.00000000E+0
-1.07421875E-1	-3.79018994E-9	-3.79018994E-9	-1.07421875E-1	0.00000000E+0	0.00000000E+0
-1.04980469E-1	-3.80234022E-9	-3.80234022E-9	-1.04980469E-1	0.00000000E+0	0.00000000E+0
-1.02539062E-1	-3.77273013E-9	-3.77273013E-9	-1.02539062E-1	0.00000000E+0	0.00000000E+0
-1.00097656E-1	-3.72794018E-9	-3.72794018E-9	-1.00097656E-1	0.00000000E+0	0.00000000E+0
-9.76562500E-2	-3.71275011E-9	-3.71275011E-9	-9.76562500E-2	0.00000000E+0	0.00000000E+0
-9.52148438E-2	-3.70819997E-9	-3.70819997E-9	-9.52148438E-2	0.00000000E+0	0.00000000E+0
-9.27734375E-2	-3.67933994E-9	-3.67933994E-9	-9.27734375E-2	0.00000000E+0	0.00000000E+0
-9.03320313E-2	-3.64631991E-9	-3.64631991E-9	-9.03320313E-2	0.00000000E+0	0.00000000E+0
-8.78906250E-2	-3.68997011E-9	-3.68997011E-9	-8.78906250E-2	0.00000000E+0	0.00000000E+0
-8.54492188E-2	-3.72110009E-9	-3.72110009E-9	-8.54492188E-2	0.00000000E+0	0.00000000E+0
-8.30078125E-2	-3.72945008E-9	-3.72945008E-9	-8.30078125E-2	0.00000000E+0	0.00000000E+0
-8.05664063E-2	-3.74995013E-9	-3.74995013E-9	-8.05664063E-2	0.00000000E+0	0.00000000E+0
-7.81250000E-2	-3.79018994E-9	-3.79018994E-9	-7.81250000E-2	0.00000000E+0	0.00000000E+0
-7.56835938E-2	-3.82968013E-9	-3.82968013E-9	-7.56835938E-2	0.00000000E+0	0.00000000E+0
-7.32421875E-2	-3.88738020E-9	-3.88738020E-9	-7.32421875E-2	0.00000000E+0	0.00000000E+0
-7.08007813E-2	-3.92381994E-9	-3.92381994E-9	-7.08007813E-2	0.00000000E+0	0.00000000E+0
-6.83593750E-2	-4.04530009E-9	-4.04530009E-9	-6.83593750E-2	0.00000000E+0	0.00000000E+0
-6.59179688E-2	-4.12503010E-9	-4.12503010E-9	-6.59179688E-2	0.00000000E+0	0.00000000E+0
-6.34765625E-2	-4.27403002E-9	-4.27403002E-9	-6.34765625E-2	0.00000000E+0	0.00000000E+0
-6.10351563E-2	-4.36190994E-9	-4.36190994E-9	-6.10351563E-2	0.00000000E+0	0.00000000E+0
-5.85937500E-2	-4.60486982E-9	-4.60486982E-9	-5.85937500E-2	0.00000000E+0	0.00000000E+0
-5.61523438E-2	-4.82050000E-9	-4.82050000E-9	-5.61523438E-2	0.00000000E+0	0.00000000E+0
-5.37109375E-2	-5.09231013E-9	-5.09231013E-9	-5.37109375E-2	0.00000000E+0	0.00000000E+0
-5.12695313E-2	-5.28289013E-9	-5.28289013E-9	-5.12695313E-2	0.00000000E+0	0.00000000E+0
-4.88281250E-2	-5.33528022E-9	-5.33528022E-9	-4.88281250E-2	0.00000000E+0	0.00000000E+0
-4.63867188E-2	-5.15760989E-9	-5.15760989E-9	-4.63867188E-2	0.00000000E+0	0.00000000E+0
-4.39453125E-2	-4.56424987E-9	-4.56424987E-9	-4.39453125E-2	0.00000000E+0	0.00000000E+0
-4.15039063E-2	-4.15159995E-9	-4.15159995E-9	-4.15039063E-2	0.00000000E+0	0.00000000E+0
-3.90625000E-2	-3.82435994E-9	-3.82435994E-9	-3.90625000E-2	0.00000000E+0	0.00000000E+0
-3.66210938E-2	-3.53014995E-9	-3.53014995E-9	-3.66210938E-2	0.00000000E+0	0.00000000E+0
-3.41796875E-2	-3.25188010E-9	-3.25188010E-9	-3.41796875E-2	0.00000000E+0	0.00000000E+0
-3.17382813E-2	-2.99069991E-9	-2.99069991E-9	-3.17382813E-2	0.00000000E+0	0.00000000E+0
-2.92968750E-2	-2.71661005E-9	-2.71661005E-9	-2.92968750E-2	0.00000000E+0	0.00000000E+0
-2.68554688E-2	-2.51945997E-9	-2.51945997E-9	-2.68554688E-2	0.00000000E+0	0.00000000E+0
-2.44140625E-2	-2.29977992E-9	-2.29977992E-9	-2.44140625E-2	0.00000000E+0	0.00000000E+0
-2.19726563E-2	-2.11984008E-9	-2.11984008E-9	-2.19726563E-2	0.00000000E+0	0.00000000E+0
-1.95312500E-2	-1.90521998E-9	-1.90521998E-9	-1.95312500E-2	0.00000000E+0	0.00000000E+0
-1.70898438E-2	-1.69464998E-9	-1.69464998E-9	-1.70898438E-2	0.00000000E+0	0.00000000E+0
-1.46484375E-2	-1.44409995E-9	-1.44409995E-9	-1.46484375E-2	0.00000000E+0	0.00000000E+0
-1.22070313E-2	-1.13112997E-9	-1.13112997E-9	-1.22070313E-2	0.00000000E+0	0.00000000E+0
-9.76562500E-3	-8.29788016E-10	-8.29788016E-10	-9.76562500E-3	0.00000000E+0	0.00000000E+0
-7.32421875E-3	-5.44152001E-10	-5.44152001E-10	-7.32421875E-3	0.00000000E+0	0.00000000E+0
-4.88281250E-3	-3.06512010E-10	-3.06512010E-10	-4.88281250E-3	0.00000000E+0	0.00000000E+0
-2.44140625E-3	-1.30157995E-10	-1.30157995E-10	-2.44140625E-3	0.00000000E+0	0.00000000E+0
0.00000000E+0	2.68131004E-12	2.68131004E-12	0.00000000E+0	0.00000000E+0	0.00000000E+0
