Date: do 28 mrt 2013, Material: Au, Temp: 4.2 K
AO1 - module gain: 1.0E+0, R_out: 0.0
AO2 - module gain: 1.0E+2
MUX1 - ADC gain: 4, logarithmic amplifier: D:\LabVIEW Data\Lithographic MCBJ\MED24_070412.TXT, R_in: 0.000
MUX2 - ADC gain: 4, linear amplifier: 1.000000 x 1e10 V/A, R_in: 1.000
Breaking trace: 15 0
Axis position: -883.025407
Vbias (V)	<I> and Ii MUX1 (A)	Vbias (V)	<I> and Ii MUX2 (A)
@
0.00000000E+0	-3.00284997E-9	-3.00284997E-9	0.00000000E+0	0.00000000E+0	0.00000000E+0
2.44140625E-3	8.27473023E-9	8.27473023E-9	2.44140625E-3	0.00000000E+0	0.00000000E+0
4.88281250E-3	2.31356001E-8	2.31356001E-8	4.88281250E-3	0.00000000E+0	0.00000000E+0
7.32421875E-3	3.82509988E-8	3.82509988E-8	7.32421875E-3	0.00000000E+0	0.00000000E+0
9.76562500E-3	5.55988002E-8	5.55988002E-8	9.76562500E-3	0.00000000E+0	0.00000000E+0
1.22070313E-2	6.97354992E-8	6.97354992E-8	1.22070313E-2	0.00000000E+0	0.00000000E+0
1.46484375E-2	8.66360992E-8	8.66360992E-8	1.46484375E-2	0.00000000E+0	0.00000000E+0
1.70898438E-2	1.06202997E-7	1.06202997E-7	1.70898438E-2	0.00000000E+0	0.00000000E+0
1.95312500E-2	1.22173006E-7	1.22173006E-7	1.95312500E-2	0.00000000E+0	0.00000000E+0
2.19726563E-2	1.36332005E-7	1.36332005E-7	2.19726563E-2	0.00000000E+0	0.00000000E+0
2.44140625E-2	1.57084003E-7	1.57084003E-7	2.44140625E-2	0.00000000E+0	0.00000000E+0
2.68554688E-2	1.72167006E-7	1.72167006E-7	2.68554688E-2	0.00000000E+0	0.00000000E+0
2.92968750E-2	1.94579997E-7	1.94579997E-7	2.92968750E-2	0.00000000E+0	0.00000000E+0
3.17382813E-2	2.08822001E-7	2.08822001E-7	3.17382813E-2	0.00000000E+0	0.00000000E+0
3.41796875E-2	2.33603004E-7	2.33603004E-7	3.41796875E-2	0.00000000E+0	0.00000000E+0
3.66210938E-2	2.57046992E-7	2.57046992E-7	3.66210938E-2	0.00000000E+0	0.00000000E+0
3.90625000E-2	2.76521007E-7	2.76521007E-7	3.90625000E-2	0.00000000E+0	0.00000000E+0
4.15039063E-2	2.72702010E-7	2.72702010E-7	4.15039063E-2	0.00000000E+0	0.00000000E+0
4.39453125E-2	1.84805003E-7	1.84805003E-7	4.39453125E-2	0.00000000E+0	0.00000000E+0
4.63867188E-2	3.54373988E-8	3.54373988E-8	4.63867188E-2	0.00000000E+0	0.00000000E+0
4.88281250E-2	6.94185998E-9	6.94185998E-9	4.88281250E-2	0.00000000E+0	0.00000000E+0
5.12695313E-2	4.31103997E-9	4.31103997E-9	5.12695313E-2	0.00000000E+0	0.00000000E+0
5.37109375E-2	6.57778987E-9	6.57778987E-9	5.37109375E-2	0.00000000E+0	0.00000000E+0
5.61523438E-2	6.17993976E-8	6.17993976E-8	5.61523438E-2	0.00000000E+0	0.00000000E+0
5.85937500E-2	5.83970987E-8	5.83970987E-8	5.85937500E-2	0.00000000E+0	0.00000000E+0
6.10351563E-2	5.80989017E-8	5.80989017E-8	6.10351563E-2	0.00000000E+0	0.00000000E+0
6.34765625E-2	5.94599001E-8	5.94599001E-8	6.34765625E-2	0.00000000E+0	0.00000000E+0
6.59179688E-2	6.19217033E-8	6.19217033E-8	6.59179688E-2	0.00000000E+0	0.00000000E+0
6.83593750E-2	6.48499991E-8	6.48499991E-8	6.83593750E-2	0.00000000E+0	0.00000000E+0
7.08007813E-2	6.74419027E-8	6.74419027E-8	7.08007813E-2	0.00000000E+0	0.00000000E+0
7.32421875E-2	6.92003965E-8	6.92003965E-8	7.32421875E-2	0.00000000E+0	0.00000000E+0
7.56835938E-2	7.28166967E-8	7.28166967E-8	7.56835938E-2	0.00000000E+0	0.00000000E+0
7.81250000E-2	7.71746969E-8	7.71746969E-8	7.81250000E-2	0.00000000E+0	0.00000000E+0
8.05664063E-2	7.94454991E-8	7.94454991E-8	8.05664063E-2	0.00000000E+0	0.00000000E+0
8.30078125E-2	8.32070981E-8	8.32070981E-8	8.30078125E-2	0.00000000E+0	0.00000000E+0
8.54492188E-2	8.60168967E-8	8.60168967E-8	8.54492188E-2	0.00000000E+0	0.00000000E+0
8.78906250E-2	8.81232012E-8	8.81232012E-8	8.78906250E-2	0.00000000E+0	0.00000000E+0
9.03320313E-2	9.11700013E-8	9.11700013E-8	9.03320313E-2	0.00000000E+0	0.00000000E+0
9.27734375E-2	9.41556024E-8	9.41556024E-8	9.27734375E-2	0.00000000E+0	0.00000000E+0
9.52148438E-2	9.63308011E-8	9.63308011E-8	9.52148438E-2	0.00000000E+0	0.00000000E+0
9.76562500E-2	9.86627029E-8	9.86627029E-8	9.76562500E-2	0.00000000E+0	0.00000000E+0
1.00097656E-1	1.01147997E-7	1.01147997E-7	1.00097656E-1	0.00000000E+0	0.00000000E+0
1.02539062E-1	1.03387997E-7	1.03387997E-7	1.02539062E-1	0.00000000E+0	0.00000000E+0
1.04980469E-1	1.05326002E-7	1.05326002E-7	1.04980469E-1	0.00000000E+0	0.00000000E+0
1.07421875E-1	1.07744000E-7	1.07744000E-7	1.07421875E-1	0.00000000E+0	0.00000000E+0
1.09863281E-1	1.09980000E-7	1.09980000E-7	1.09863281E-1	0.00000000E+0	0.00000000E+0
1.12304687E-1	1.11664001E-7	1.11664001E-7	1.12304687E-1	0.00000000E+0	0.00000000E+0
1.14746094E-1	1.14187003E-7	1.14187003E-7	1.14746094E-1	0.00000000E+0	0.00000000E+0
1.17187500E-1	1.16646000E-7	1.16646000E-7	1.17187500E-1	0.00000000E+0	0.00000000E+0
1.19628906E-1	1.18625003E-7	1.18625003E-7	1.19628906E-1	0.00000000E+0	0.00000000E+0
1.22070312E-1	1.21099006E-7	1.21099006E-7	1.22070312E-1	0.00000000E+0	0.00000000E+0
1.24511719E-1	1.24018996E-7	1.24018996E-7	1.24511719E-1	0.00000000E+0	0.00000000E+0
1.26953125E-1	1.25574999E-7	1.25574999E-7	1.26953125E-1	0.00000000E+0	0.00000000E+0
1.29394531E-1	1.27334999E-7	1.27334999E-7	1.29394531E-1	0.00000000E+0	0.00000000E+0
1.31835937E-1	1.29476007E-7	1.29476007E-7	1.31835937E-1	0.00000000E+0	0.00000000E+0
1.34277344E-1	1.31959993E-7	1.31959993E-7	1.34277344E-1	0.00000000E+0	0.00000000E+0
1.36718750E-1	1.33257998E-7	1.33257998E-7	1.36718750E-1	0.00000000E+0	0.00000000E+0
1.39160156E-1	1.36159997E-7	1.36159997E-7	1.39160156E-1	0.00000000E+0	0.00000000E+0
1.41601562E-1	1.38578002E-7	1.38578002E-7	1.41601562E-1	0.00000000E+0	0.00000000E+0
1.44042969E-1	1.40092993E-7	1.40092993E-7	1.44042969E-1	0.00000000E+0	0.00000000E+0
1.46484375E-1	1.42727998E-7	1.42727998E-7	1.46484375E-1	0.00000000E+0	0.00000000E+0
1.48925781E-1	1.44885007E-7	1.44885007E-7	1.48925781E-1	0.00000000E+0	0.00000000E+0
1.51367187E-1	1.47232996E-7	1.47232996E-7	1.51367187E-1	0.00000000E+0	0.00000000E+0
1.53808594E-1	1.50020995E-7	1.50020995E-7	1.53808594E-1	0.00000000E+0	0.00000000E+0
1.56250000E-1	1.53342995E-7	1.53342995E-7	1.56250000E-1	0.00000000E+0	0.00000000E+0
1.58691406E-1	1.54831994E-7	1.54831994E-7	1.58691406E-1	0.00000000E+0	0.00000000E+0
1.61132812E-1	1.56778995E-7	1.56778995E-7	1.61132812E-1	0.00000000E+0	0.00000000E+0
1.63574219E-1	1.59018995E-7	1.59018995E-7	1.63574219E-1	0.00000000E+0	0.00000000E+0
1.66015625E-1	1.61169993E-7	1.61169993E-7	1.66015625E-1	0.00000000E+0	0.00000000E+0
1.68457031E-1	1.63601001E-7	1.63601001E-7	1.68457031E-1	0.00000000E+0	0.00000000E+0
1.70898437E-1	1.65865998E-7	1.65865998E-7	1.70898437E-1	0.00000000E+0	0.00000000E+0
1.73339844E-1	1.68208004E-7	1.68208004E-7	1.73339844E-1	0.00000000E+0	0.00000000E+0
1.75781250E-1	1.71161005E-7	1.71161005E-7	1.75781250E-1	0.00000000E+0	0.00000000E+0
1.78222656E-1	1.73147001E-7	1.73147001E-7	1.78222656E-1	0.00000000E+0	0.00000000E+0
1.80664062E-1	1.75335998E-7	1.75335998E-7	1.80664062E-1	0.00000000E+0	0.00000000E+0
1.83105469E-1	1.78237997E-7	1.78237997E-7	1.83105469E-1	0.00000000E+0	0.00000000E+0
1.85546875E-1	1.80146998E-7	1.80146998E-7	1.85546875E-1	0.00000000E+0	0.00000000E+0
1.87988281E-1	1.83175999E-7	1.83175999E-7	1.87988281E-1	0.00000000E+0	0.00000000E+0
1.90429687E-1	1.85288997E-7	1.85288997E-7	1.90429687E-1	0.00000000E+0	0.00000000E+0
1.92871094E-1	1.88369000E-7	1.88369000E-7	1.92871094E-1	0.00000000E+0	0.00000000E+0
1.95312500E-1	1.89158001E-7	1.89158001E-7	1.95312500E-1	0.00000000E+0	0.00000000E+0
1.97753906E-1	1.91715998E-7	1.91715998E-7	1.97753906E-1	0.00000000E+0	0.00000000E+0
2.00195312E-1	1.93995007E-7	1.93995007E-7	2.00195312E-1	0.00000000E+0	0.00000000E+0
2.02636719E-1	1.96235007E-7	1.96235007E-7	2.02636719E-1	0.00000000E+0	0.00000000E+0
2.05078125E-1	1.98066999E-7	1.98066999E-7	2.05078125E-1	0.00000000E+0	0.00000000E+0
2.07519531E-1	2.00892998E-7	2.00892998E-7	2.07519531E-1	0.00000000E+0	0.00000000E+0
2.09960937E-1	2.02929002E-7	2.02929002E-7	2.09960937E-1	0.00000000E+0	0.00000000E+0
2.12402344E-1	2.05372999E-7	2.05372999E-7	2.12402344E-1	0.00000000E+0	0.00000000E+0
2.14843750E-1	2.08453002E-7	2.08453002E-7	2.14843750E-1	0.00000000E+0	0.00000000E+0
2.17285156E-1	2.10311001E-7	2.10311001E-7	2.17285156E-1	0.00000000E+0	0.00000000E+0
2.19726562E-1	2.14485993E-7	2.14485993E-7	2.19726562E-1	0.00000000E+0	0.00000000E+0
2.22167969E-1	2.15046001E-7	2.15046001E-7	2.22167969E-1	0.00000000E+0	0.00000000E+0
2.24609375E-1	2.17337004E-7	2.17337004E-7	2.24609375E-1	0.00000000E+0	0.00000000E+0
2.27050781E-1	2.20085994E-7	2.20085994E-7	2.27050781E-1	0.00000000E+0	0.00000000E+0
2.29492187E-1	2.22072003E-7	2.22072003E-7	2.29492187E-1	0.00000000E+0	0.00000000E+0
2.31933594E-1	2.24668000E-7	2.24668000E-7	2.31933594E-1	0.00000000E+0	0.00000000E+0
2.34375000E-1	2.27111997E-7	2.27111997E-7	2.34375000E-1	0.00000000E+0	0.00000000E+0
2.36816406E-1	2.28689998E-7	2.28689998E-7	2.36816406E-1	0.00000000E+0	0.00000000E+0
2.39257812E-1	2.31922996E-7	2.31922996E-7	2.39257812E-1	0.00000000E+0	0.00000000E+0
2.41699219E-1	2.33985006E-7	2.33985006E-7	2.41699219E-1	0.00000000E+0	0.00000000E+0
2.44140625E-1	2.35995998E-7	2.35995998E-7	2.44140625E-1	0.00000000E+0	0.00000000E+0
2.46582031E-1	2.38108996E-7	2.38108996E-7	2.46582031E-1	0.00000000E+0	0.00000000E+0
2.49023437E-1	2.41010014E-7	2.41010014E-7	2.49023437E-1	0.00000000E+0	0.00000000E+0
2.51464844E-1	2.43225003E-7	2.43225003E-7	2.51464844E-1	0.00000000E+0	0.00000000E+0
2.53906250E-1	2.44675988E-7	2.44675988E-7	2.53906250E-1	0.00000000E+0	0.00000000E+0
2.56347656E-1	2.47807009E-7	2.47807009E-7	2.56347656E-1	0.00000000E+0	0.00000000E+0
2.58789062E-1	2.50480014E-7	2.50480014E-7	2.58789062E-1	0.00000000E+0	0.00000000E+0
2.61230469E-1	2.52694008E-7	2.52694008E-7	2.61230469E-1	0.00000000E+0	0.00000000E+0
2.63671875E-1	2.57046992E-7	2.57046992E-7	2.63671875E-1	0.00000000E+0	0.00000000E+0
2.66113281E-1	2.57200014E-7	2.57200014E-7	2.66113281E-1	0.00000000E+0	0.00000000E+0
2.68554687E-1	2.59834991E-7	2.59834991E-7	2.68554687E-1	0.00000000E+0	0.00000000E+0
2.70996094E-1	2.61628998E-7	2.61628998E-7	2.70996094E-1	0.00000000E+0	0.00000000E+0
2.73437500E-1	2.63919986E-7	2.63919986E-7	2.73437500E-1	0.00000000E+0	0.00000000E+0
2.75878906E-1	2.66554991E-7	2.66554991E-7	2.75878906E-1	0.00000000E+0	0.00000000E+0
2.78320312E-1	2.69113002E-7	2.69113002E-7	2.78320312E-1	0.00000000E+0	0.00000000E+0
2.80761719E-1	2.70831009E-7	2.70831009E-7	2.80761719E-1	0.00000000E+0	0.00000000E+0
2.83203125E-1	2.73619008E-7	2.73619008E-7	2.83203125E-1	0.00000000E+0	0.00000000E+0
2.85644531E-1	2.75909997E-7	2.75909997E-7	2.85644531E-1	0.00000000E+0	0.00000000E+0
2.88085937E-1	2.78659002E-7	2.78659002E-7	2.88085937E-1	0.00000000E+0	0.00000000E+0
2.90527344E-1	2.81408006E-7	2.81408006E-7	2.90527344E-1	0.00000000E+0	0.00000000E+0
2.92968750E-1	2.83851989E-7	2.83851989E-7	2.92968750E-1	0.00000000E+0	0.00000000E+0
2.95410156E-1	2.86791987E-7	2.86791987E-7	2.95410156E-1	0.00000000E+0	0.00000000E+0
2.97851562E-1	2.90114002E-7	2.90114002E-7	2.97851562E-1	0.00000000E+0	0.00000000E+0
3.00292969E-1	2.92099003E-7	2.92099003E-7	3.00292969E-1	0.00000000E+0	0.00000000E+0
3.02734375E-1	2.94543014E-7	2.94543014E-7	3.02734375E-1	0.00000000E+0	0.00000000E+0
3.05175781E-1	2.98360987E-7	2.98360987E-7	3.05175781E-1	0.00000000E+0	0.00000000E+0
3.07617187E-1	3.00347011E-7	3.00347011E-7	3.07617187E-1	0.00000000E+0	0.00000000E+0
3.10058594E-1	3.02370012E-7	3.02370012E-7	3.10058594E-1	0.00000000E+0	0.00000000E+0
3.12500000E-1	3.05539999E-7	3.05539999E-7	3.12500000E-1	0.00000000E+0	0.00000000E+0
3.14941406E-1	3.07372005E-7	3.07372005E-7	3.14941406E-1	0.00000000E+0	0.00000000E+0
3.17382812E-1	3.09815988E-7	3.09815988E-7	3.17382812E-1	0.00000000E+0	0.00000000E+0
3.19824219E-1	3.13328997E-7	3.13328997E-7	3.19824219E-1	0.00000000E+0	0.00000000E+0
3.22265625E-1	3.15582014E-7	3.15582014E-7	3.22265625E-1	0.00000000E+0	0.00000000E+0
3.24707031E-1	3.17987002E-7	3.17987002E-7	3.24707031E-1	0.00000000E+0	0.00000000E+0
3.27148437E-1	3.20660007E-7	3.20660007E-7	3.27148437E-1	0.00000000E+0	0.00000000E+0
3.29589844E-1	3.24364009E-7	3.24364009E-7	3.29589844E-1	0.00000000E+0	0.00000000E+0
3.32031250E-1	3.26157988E-7	3.26157988E-7	3.32031250E-1	0.00000000E+0	0.00000000E+0
3.34472656E-1	3.28321988E-7	3.28321988E-7	3.34472656E-1	0.00000000E+0	0.00000000E+0
3.36914062E-1	3.31046010E-7	3.31046010E-7	3.36914062E-1	0.00000000E+0	0.00000000E+0
3.39355469E-1	3.32496995E-7	3.32496995E-7	3.39355469E-1	0.00000000E+0	0.00000000E+0
3.41796875E-1	3.36086003E-7	3.36086003E-7	3.41796875E-1	0.00000000E+0	0.00000000E+0
3.44238281E-1	3.38529986E-7	3.38529986E-7	3.44238281E-1	0.00000000E+0	0.00000000E+0
3.46679687E-1	3.40821003E-7	3.40821003E-7	3.46679687E-1	0.00000000E+0	0.00000000E+0
3.49121094E-1	3.43417014E-7	3.43417014E-7	3.49121094E-1	0.00000000E+0	0.00000000E+0
3.51562500E-1	3.46357012E-7	3.46357012E-7	3.51562500E-1	0.00000000E+0	0.00000000E+0
3.54003906E-1	3.48533007E-7	3.48533007E-7	3.54003906E-1	0.00000000E+0	0.00000000E+0
3.56445312E-1	3.50060986E-7	3.50060986E-7	3.56445312E-1	0.00000000E+0	0.00000000E+0
3.58886719E-1	3.54871986E-7	3.54871986E-7	3.58886719E-1	0.00000000E+0	0.00000000E+0
3.61328125E-1	3.55711990E-7	3.55711990E-7	3.61328125E-1	0.00000000E+0	0.00000000E+0
3.63769531E-1	3.57391997E-7	3.57391997E-7	3.63769531E-1	0.00000000E+0	0.00000000E+0
3.66210937E-1	3.61133999E-7	3.61133999E-7	3.66210937E-1	0.00000000E+0	0.00000000E+0
3.68652344E-1	3.63654010E-7	3.63654010E-7	3.68652344E-1	0.00000000E+0	0.00000000E+0
3.71093750E-1	3.64876001E-7	3.64876001E-7	3.71093750E-1	0.00000000E+0	0.00000000E+0
3.73535156E-1	3.67510012E-7	3.67510012E-7	3.73535156E-1	0.00000000E+0	0.00000000E+0
3.75976562E-1	3.69229014E-7	3.69229014E-7	3.75976562E-1	0.00000000E+0	0.00000000E+0
3.78417969E-1	3.70679999E-7	3.70679999E-7	3.78417969E-1	0.00000000E+0	0.00000000E+0
3.80859375E-1	3.73429003E-7	3.73429003E-7	3.80859375E-1	0.00000000E+0	0.00000000E+0
3.83300781E-1	3.76483001E-7	3.76483001E-7	3.83300781E-1	0.00000000E+0	0.00000000E+0
3.85742187E-1	3.78506996E-7	3.78506996E-7	3.85742187E-1	0.00000000E+0	0.00000000E+0
3.88183594E-1	3.80760014E-7	3.80760014E-7	3.88183594E-1	0.00000000E+0	0.00000000E+0
3.90625000E-1	3.83203997E-7	3.83203997E-7	3.90625000E-1	0.00000000E+0	0.00000000E+0
3.93066406E-1	3.85341991E-7	3.85341991E-7	3.93066406E-1	0.00000000E+0	0.00000000E+0
3.95507812E-1	3.88473012E-7	3.88473012E-7	3.95507812E-1	0.00000000E+0	0.00000000E+0
3.97949219E-1	3.91527010E-7	3.91527010E-7	3.97949219E-1	0.00000000E+0	0.00000000E+0
4.00390625E-1	3.92214986E-7	3.92214986E-7	4.00390625E-1	0.00000000E+0	0.00000000E+0
4.02832031E-1	3.94887991E-7	3.94887991E-7	4.02832031E-1	0.00000000E+0	0.00000000E+0
4.05273437E-1	3.97636995E-7	3.97636995E-7	4.05273437E-1	0.00000000E+0	0.00000000E+0
4.07714844E-1	4.01530997E-7	4.01530997E-7	4.07714844E-1	0.00000000E+0	0.00000000E+0
4.10156250E-1	4.03135004E-7	4.03135004E-7	4.10156250E-1	0.00000000E+0	0.00000000E+0
4.12597656E-1	4.05808009E-7	4.05808009E-7	4.12597656E-1	0.00000000E+0	0.00000000E+0
4.15039062E-1	4.08327992E-7	4.08327992E-7	4.15039062E-1	0.00000000E+0	0.00000000E+0
4.17480469E-1	4.10465987E-7	4.10465987E-7	4.17480469E-1	0.00000000E+0	0.00000000E+0
4.19921875E-1	4.12528010E-7	4.12528010E-7	4.19921875E-1	0.00000000E+0	0.00000000E+0
4.22363281E-1	4.14971993E-7	4.14971993E-7	4.22363281E-1	0.00000000E+0	0.00000000E+0
4.24804687E-1	4.18408007E-7	4.18408007E-7	4.24804687E-1	0.00000000E+0	0.00000000E+0
4.27246094E-1	4.19094988E-7	4.19094988E-7	4.27246094E-1	0.00000000E+0	0.00000000E+0
4.29687500E-1	4.23296001E-7	4.23296001E-7	4.29687500E-1	0.00000000E+0	0.00000000E+0
4.32128906E-1	4.24880000E-7	4.24880000E-7	4.32128906E-1	0.00000000E+0	0.00000000E+0
4.34570312E-1	4.26655987E-7	4.26655987E-7	4.34570312E-1	0.00000000E+0	0.00000000E+0
4.37011719E-1	4.29480991E-7	4.29480991E-7	4.37011719E-1	0.00000000E+0	0.00000000E+0
4.39453125E-1	4.31389992E-7	4.31389992E-7	4.39453125E-1	0.00000000E+0	0.00000000E+0
4.41894531E-1	4.34598007E-7	4.34598007E-7	4.41894531E-1	0.00000000E+0	0.00000000E+0
4.44335937E-1	4.36068007E-7	4.36068007E-7	4.44335937E-1	0.00000000E+0	0.00000000E+0
4.46777344E-1	4.41928989E-7	4.41928989E-7	4.46777344E-1	0.00000000E+0	0.00000000E+0
4.49218750E-1	4.47007011E-7	4.47007011E-7	4.49218750E-1	0.00000000E+0	0.00000000E+0
4.51660156E-1	4.49947009E-7	4.49947009E-7	4.51660156E-1	0.00000000E+0	0.00000000E+0
4.54101562E-1	4.51704011E-7	4.51704011E-7	4.54101562E-1	0.00000000E+0	0.00000000E+0
4.56542969E-1	4.54606010E-7	4.54606010E-7	4.56542969E-1	0.00000000E+0	0.00000000E+0
4.58984375E-1	4.57584008E-7	4.57584008E-7	4.58984375E-1	0.00000000E+0	0.00000000E+0
4.61425781E-1	4.59722003E-7	4.59722003E-7	4.61425781E-1	0.00000000E+0	0.00000000E+0
4.63867187E-1	4.62298999E-7	4.62298999E-7	4.63867187E-1	0.00000000E+0	0.00000000E+0
4.66308594E-1	4.64990990E-7	4.64990990E-7	4.66308594E-1	0.00000000E+0	0.00000000E+0
4.68750000E-1	4.67224993E-7	4.67224993E-7	4.68750000E-1	0.00000000E+0	0.00000000E+0
4.71191406E-1	4.70680988E-7	4.70680988E-7	4.71191406E-1	0.00000000E+0	0.00000000E+0
4.73632812E-1	4.73850008E-7	4.73850008E-7	4.73632812E-1	0.00000000E+0	0.00000000E+0
4.76074219E-1	4.75452993E-7	4.75452993E-7	4.76074219E-1	0.00000000E+0	0.00000000E+0
4.78515625E-1	4.78126026E-7	4.78126026E-7	4.78515625E-1	0.00000000E+0	0.00000000E+0
4.80957031E-1	4.81181019E-7	4.81181019E-7	4.80957031E-1	0.00000000E+0	0.00000000E+0
4.83398437E-1	4.83930023E-7	4.83930023E-7	4.83398437E-1	0.00000000E+0	0.00000000E+0
4.85839844E-1	4.84234988E-7	4.84234988E-7	4.85839844E-1	0.00000000E+0	0.00000000E+0
4.88281250E-1	4.86068018E-7	4.86068018E-7	4.88281250E-1	0.00000000E+0	0.00000000E+0
4.90722656E-1	4.89123011E-7	4.89123011E-7	4.90722656E-1	0.00000000E+0	0.00000000E+0
4.93164062E-1	4.89427975E-7	4.89427975E-7	4.93164062E-1	0.00000000E+0	0.00000000E+0
4.90722656E-1	4.86679028E-7	4.86679028E-7	4.90722656E-1	0.00000000E+0	0.00000000E+0
4.88281250E-1	4.82898997E-7	4.82898997E-7	4.88281250E-1	0.00000000E+0	0.00000000E+0
4.85839844E-1	4.80531980E-7	4.80531980E-7	4.85839844E-1	0.00000000E+0	0.00000000E+0
4.83398437E-1	4.76904006E-7	4.76904006E-7	4.83398437E-1	0.00000000E+0	0.00000000E+0
4.80957031E-1	4.74460990E-7	4.74460990E-7	4.80957031E-1	0.00000000E+0	0.00000000E+0
4.78515625E-1	4.72322000E-7	4.72322000E-7	4.78515625E-1	0.00000000E+0	0.00000000E+0
4.76074219E-1	4.70432013E-7	4.70432013E-7	4.76074219E-1	0.00000000E+0	0.00000000E+0
4.73632812E-1	4.65830993E-7	4.65830993E-7	4.73632812E-1	0.00000000E+0	0.00000000E+0
4.71191406E-1	4.63998987E-7	4.63998987E-7	4.71191406E-1	0.00000000E+0	0.00000000E+0
4.68750000E-1	4.61555004E-7	4.61555004E-7	4.68750000E-1	0.00000000E+0	0.00000000E+0
4.66308594E-1	4.62776995E-7	4.62776995E-7	4.66308594E-1	0.00000000E+0	0.00000000E+0
4.63867187E-1	4.58805999E-7	4.58805999E-7	4.63867187E-1	0.00000000E+0	0.00000000E+0
4.61425781E-1	4.57277991E-7	4.57277991E-7	4.61425781E-1	0.00000000E+0	0.00000000E+0
4.58984375E-1	4.56361988E-7	4.56361988E-7	4.58984375E-1	0.00000000E+0	0.00000000E+0
4.56542969E-1	4.53383990E-7	4.53383990E-7	4.56542969E-1	0.00000000E+0	0.00000000E+0
4.54101562E-1	4.49260000E-7	4.49260000E-7	4.54101562E-1	0.00000000E+0	0.00000000E+0
4.51660156E-1	4.46586995E-7	4.46586995E-7	4.51660156E-1	0.00000000E+0	0.00000000E+0
4.49218750E-1	4.44067012E-7	4.44067012E-7	4.49218750E-1	0.00000000E+0	0.00000000E+0
4.46777344E-1	4.40478004E-7	4.40478004E-7	4.46777344E-1	0.00000000E+0	0.00000000E+0
4.44335937E-1	4.38033993E-7	4.38033993E-7	4.44335937E-1	0.00000000E+0	0.00000000E+0
4.41894531E-1	4.36315986E-7	4.36315986E-7	4.41894531E-1	0.00000000E+0	0.00000000E+0
4.39453125E-1	4.33834003E-7	4.33834003E-7	4.39453125E-1	0.00000000E+0	0.00000000E+0
4.37011719E-1	4.31828994E-7	4.31828994E-7	4.37011719E-1	0.00000000E+0	0.00000000E+0
4.34570312E-1	4.27647990E-7	4.27647990E-7	4.34570312E-1	0.00000000E+0	0.00000000E+0
4.32128906E-1	4.25433996E-7	4.25433996E-7	4.32128906E-1	0.00000000E+0	0.00000000E+0
4.29687500E-1	4.22684991E-7	4.22684991E-7	4.29687500E-1	0.00000000E+0	0.00000000E+0
4.27246094E-1	4.21081012E-7	4.21081012E-7	4.27246094E-1	0.00000000E+0	0.00000000E+0
4.24804687E-1	4.20546002E-7	4.20546002E-7	4.24804687E-1	0.00000000E+0	0.00000000E+0
4.22363281E-1	4.18561001E-7	4.18561001E-7	4.22363281E-1	0.00000000E+0	0.00000000E+0
4.19921875E-1	4.13521008E-7	4.13521008E-7	4.19921875E-1	0.00000000E+0	0.00000000E+0
4.17480469E-1	4.11305990E-7	4.11305990E-7	4.17480469E-1	0.00000000E+0	0.00000000E+0
4.15039062E-1	4.08327992E-7	4.08327992E-7	4.15039062E-1	0.00000000E+0	0.00000000E+0
4.12597656E-1	4.06418991E-7	4.06418991E-7	4.12597656E-1	0.00000000E+0	0.00000000E+0
4.10156250E-1	4.04661989E-7	4.04661989E-7	4.10156250E-1	0.00000000E+0	0.00000000E+0
4.07714844E-1	4.01913013E-7	4.01913013E-7	4.07714844E-1	0.00000000E+0	0.00000000E+0
4.05273437E-1	3.99164009E-7	3.99164009E-7	4.05273437E-1	0.00000000E+0	0.00000000E+0
4.02832031E-1	3.97026014E-7	3.97026014E-7	4.02832031E-1	0.00000000E+0	0.00000000E+0
4.00390625E-1	3.94887991E-7	3.94887991E-7	4.00390625E-1	0.00000000E+0	0.00000000E+0
3.97949219E-1	3.92977995E-7	3.92977995E-7	3.97949219E-1	0.00000000E+0	0.00000000E+0
3.95507812E-1	3.90420013E-7	3.90420013E-7	3.95507812E-1	0.00000000E+0	0.00000000E+0
3.93066406E-1	3.86869004E-7	3.86869004E-7	3.93066406E-1	0.00000000E+0	0.00000000E+0
3.90625000E-1	3.85036003E-7	3.85036003E-7	3.90625000E-1	0.00000000E+0	0.00000000E+0
3.88183594E-1	3.83814012E-7	3.83814012E-7	3.88183594E-1	0.00000000E+0	0.00000000E+0
3.85742187E-1	3.81370995E-7	3.81370995E-7	3.85742187E-1	0.00000000E+0	0.00000000E+0
3.83300781E-1	3.79613994E-7	3.79613994E-7	3.83300781E-1	0.00000000E+0	0.00000000E+0
3.80859375E-1	3.76788989E-7	3.76788989E-7	3.80859375E-1	0.00000000E+0	0.00000000E+0
3.78417969E-1	3.75031988E-7	3.75031988E-7	3.78417969E-1	0.00000000E+0	0.00000000E+0
3.75976562E-1	3.72207012E-7	3.72207012E-7	3.75976562E-1	0.00000000E+0	0.00000000E+0
3.73535156E-1	3.69229014E-7	3.69229014E-7	3.73535156E-1	0.00000000E+0	0.00000000E+0
3.71093750E-1	3.67510012E-7	3.67510012E-7	3.71093750E-1	0.00000000E+0	0.00000000E+0
3.68652344E-1	3.64570013E-7	3.64570013E-7	3.68652344E-1	0.00000000E+0	0.00000000E+0
3.66210937E-1	3.61515987E-7	3.61515987E-7	3.66210937E-1	0.00000000E+0	0.00000000E+0
3.63769531E-1	3.58765988E-7	3.58765988E-7	3.63769531E-1	0.00000000E+0	0.00000000E+0
3.61328125E-1	3.57391997E-7	3.57391997E-7	3.61328125E-1	0.00000000E+0	0.00000000E+0
3.58886719E-1	3.56323000E-7	3.56323000E-7	3.58886719E-1	0.00000000E+0	0.00000000E+0
3.56445312E-1	3.55292002E-7	3.55292002E-7	3.56445312E-1	0.00000000E+0	0.00000000E+0
3.54003906E-1	3.49602999E-7	3.49602999E-7	3.54003906E-1	0.00000000E+0	0.00000000E+0
3.51562500E-1	3.48381008E-7	3.48381008E-7	3.51562500E-1	0.00000000E+0	0.00000000E+0
3.49121094E-1	3.45020993E-7	3.45020993E-7	3.49121094E-1	0.00000000E+0	0.00000000E+0
3.46679687E-1	3.42577010E-7	3.42577010E-7	3.46679687E-1	0.00000000E+0	0.00000000E+0
3.44238281E-1	3.41049997E-7	3.41049997E-7	3.44238281E-1	0.00000000E+0	0.00000000E+0
3.41796875E-1	3.36850007E-7	3.36850007E-7	3.41796875E-1	0.00000000E+0	0.00000000E+0
3.39355469E-1	3.34864012E-7	3.34864012E-7	3.39355469E-1	0.00000000E+0	0.00000000E+0
3.36914062E-1	3.33565993E-7	3.33565993E-7	3.36914062E-1	0.00000000E+0	0.00000000E+0
3.34472656E-1	3.30854988E-7	3.30854988E-7	3.34472656E-1	0.00000000E+0	0.00000000E+0
3.32031250E-1	3.27609001E-7	3.27609001E-7	3.32031250E-1	0.00000000E+0	0.00000000E+0
3.29589844E-1	3.25471007E-7	3.25471007E-7	3.29589844E-1	0.00000000E+0	0.00000000E+0
3.27148437E-1	3.22110992E-7	3.22110992E-7	3.27148437E-1	0.00000000E+0	0.00000000E+0
3.24707031E-1	3.20277991E-7	3.20277991E-7	3.24707031E-1	0.00000000E+0	0.00000000E+0
3.22265625E-1	3.17375992E-7	3.17375992E-7	3.22265625E-1	0.00000000E+0	0.00000000E+0
3.19824219E-1	3.15390992E-7	3.15390992E-7	3.19824219E-1	0.00000000E+0	0.00000000E+0
3.17382812E-1	3.13023008E-7	3.13023008E-7	3.17382812E-1	0.00000000E+0	0.00000000E+0
3.14941406E-1	3.10045010E-7	3.10045010E-7	3.14941406E-1	0.00000000E+0	0.00000000E+0
3.12500000E-1	3.06837990E-7	3.06837990E-7	3.12500000E-1	0.00000000E+0	0.00000000E+0
3.10058594E-1	3.04775995E-7	3.04775995E-7	3.10058594E-1	0.00000000E+0	0.00000000E+0
3.07617187E-1	3.01147992E-7	3.01147992E-7	3.07617187E-1	0.00000000E+0	0.00000000E+0
3.05175781E-1	2.98971997E-7	2.98971997E-7	3.05175781E-1	0.00000000E+0	0.00000000E+0
3.02734375E-1	2.95765005E-7	2.95765005E-7	3.02734375E-1	0.00000000E+0	0.00000000E+0
3.00292969E-1	2.93473988E-7	2.93473988E-7	3.00292969E-1	0.00000000E+0	0.00000000E+0
2.97851562E-1	2.89654992E-7	2.89654992E-7	2.97851562E-1	0.00000000E+0	0.00000000E+0
2.95410156E-1	2.88128007E-7	2.88128007E-7	2.95410156E-1	0.00000000E+0	0.00000000E+0
2.92968750E-1	2.85303003E-7	2.85303003E-7	2.92968750E-1	0.00000000E+0	0.00000000E+0
2.90527344E-1	2.84081011E-7	2.84081011E-7	2.90527344E-1	0.00000000E+0	0.00000000E+0
2.88085937E-1	2.80644002E-7	2.80644002E-7	2.88085937E-1	0.00000000E+0	0.00000000E+0
2.85644531E-1	2.77742004E-7	2.77742004E-7	2.85644531E-1	0.00000000E+0	0.00000000E+0
2.83203125E-1	2.75604009E-7	2.75604009E-7	2.83203125E-1	0.00000000E+0	0.00000000E+0
2.80761719E-1	2.72550011E-7	2.72550011E-7	2.80761719E-1	0.00000000E+0	0.00000000E+0
2.78320312E-1	2.71022003E-7	2.71022003E-7	2.78320312E-1	0.00000000E+0	0.00000000E+0
2.75878906E-1	2.68387993E-7	2.68387993E-7	2.75878906E-1	0.00000000E+0	0.00000000E+0
2.73437500E-1	2.66363998E-7	2.66363998E-7	2.73437500E-1	0.00000000E+0	0.00000000E+0
2.70996094E-1	2.63614993E-7	2.63614993E-7	2.70996094E-1	0.00000000E+0	0.00000000E+0
2.68554687E-1	2.60788994E-7	2.60788994E-7	2.68554687E-1	0.00000000E+0	0.00000000E+0
2.66113281E-1	2.58115989E-7	2.58115989E-7	2.66113281E-1	0.00000000E+0	0.00000000E+0
2.63671875E-1	2.55367013E-7	2.55367013E-7	2.63671875E-1	0.00000000E+0	0.00000000E+0
2.61230469E-1	2.52542009E-7	2.52542009E-7	2.61230469E-1	0.00000000E+0	0.00000000E+0
2.58789062E-1	2.51090995E-7	2.51090995E-7	2.58789062E-1	0.00000000E+0	0.00000000E+0
2.56347656E-1	2.48341991E-7	2.48341991E-7	2.56347656E-1	0.00000000E+0	0.00000000E+0
2.53906250E-1	2.46584989E-7	2.46584989E-7	2.53906250E-1	0.00000000E+0	0.00000000E+0
2.51464844E-1	2.45898008E-7	2.45898008E-7	2.51464844E-1	0.00000000E+0	0.00000000E+0
2.49023437E-1	2.41773989E-7	2.41773989E-7	2.49023437E-1	0.00000000E+0	0.00000000E+0
2.46582031E-1	2.39178007E-7	2.39178007E-7	2.46582031E-1	0.00000000E+0	0.00000000E+0
2.44140625E-1	2.36809996E-7	2.36809996E-7	2.44140625E-1	0.00000000E+0	0.00000000E+0
2.41699219E-1	2.33985006E-7	2.33985006E-7	2.41699219E-1	0.00000000E+0	0.00000000E+0
2.39257812E-1	2.31540994E-7	2.31540994E-7	2.39257812E-1	0.00000000E+0	0.00000000E+0
2.36816406E-1	2.32076005E-7	2.32076005E-7	2.36816406E-1	0.00000000E+0	0.00000000E+0
2.34375000E-1	2.27111997E-7	2.27111997E-7	2.34375000E-1	0.00000000E+0	0.00000000E+0
2.31933594E-1	2.25278995E-7	2.25278995E-7	2.31933594E-1	0.00000000E+0	0.00000000E+0
2.29492187E-1	2.22580994E-7	2.22580994E-7	2.29492187E-1	0.00000000E+0	0.00000000E+0
2.27050781E-1	2.20543996E-7	2.20543996E-7	2.27050781E-1	0.00000000E+0	0.00000000E+0
2.24609375E-1	2.18227996E-7	2.18227996E-7	2.24609375E-1	0.00000000E+0	0.00000000E+0
2.22167969E-1	2.15848004E-7	2.15848004E-7	2.22167969E-1	0.00000000E+0	0.00000000E+0
2.19726562E-1	2.13595001E-7	2.13595001E-7	2.19726562E-1	0.00000000E+0	0.00000000E+0
2.17285156E-1	2.12092999E-7	2.12092999E-7	2.17285156E-1	0.00000000E+0	0.00000000E+0
2.14843750E-1	2.10870994E-7	2.10870994E-7	2.14843750E-1	0.00000000E+0	0.00000000E+0
2.12402344E-1	2.06951000E-7	2.06951000E-7	2.12402344E-1	0.00000000E+0	0.00000000E+0
2.09960937E-1	2.04252999E-7	2.04252999E-7	2.09960937E-1	0.00000000E+0	0.00000000E+0
2.07519531E-1	2.01809002E-7	2.01809002E-7	2.07519531E-1	0.00000000E+0	0.00000000E+0
2.05078125E-1	2.00892998E-7	2.00892998E-7	2.05078125E-1	0.00000000E+0	0.00000000E+0
2.02636719E-1	1.97519995E-7	1.97519995E-7	2.02636719E-1	0.00000000E+0	0.00000000E+0
2.00195312E-1	1.95089001E-7	1.95089001E-7	2.00195312E-1	0.00000000E+0	0.00000000E+0
1.97753906E-1	1.93180000E-7	1.93180000E-7	1.97753906E-1	0.00000000E+0	0.00000000E+0
1.95312500E-1	1.91118005E-7	1.91118005E-7	1.95312500E-1	0.00000000E+0	0.00000000E+0
1.92871094E-1	1.89030999E-7	1.89030999E-7	1.92871094E-1	0.00000000E+0	0.00000000E+0
1.90429687E-1	1.87859996E-7	1.87859996E-7	1.90429687E-1	0.00000000E+0	0.00000000E+0
1.87988281E-1	1.83984000E-7	1.83984000E-7	1.87988281E-1	0.00000000E+0	0.00000000E+0
1.85546875E-1	1.80949002E-7	1.80949002E-7	1.85546875E-1	0.00000000E+0	0.00000000E+0
1.83105469E-1	1.79256006E-7	1.79256006E-7	1.83105469E-1	0.00000000E+0	0.00000000E+0
1.80664062E-1	1.76940006E-7	1.76940006E-7	1.80664062E-1	0.00000000E+0	0.00000000E+0
1.78222656E-1	1.74369006E-7	1.74369006E-7	1.78222656E-1	0.00000000E+0	0.00000000E+0
1.75781250E-1	1.72167006E-7	1.72167006E-7	1.75781250E-1	0.00000000E+0	0.00000000E+0
1.73339844E-1	1.69722995E-7	1.69722995E-7	1.73339844E-1	0.00000000E+0	0.00000000E+0
1.70898437E-1	1.67699000E-7	1.67699000E-7	1.70898437E-1	0.00000000E+0	0.00000000E+0
1.68457031E-1	1.64415994E-7	1.64415994E-7	1.68457031E-1	0.00000000E+0	0.00000000E+0
1.66015625E-1	1.62391999E-7	1.62391999E-7	1.66015625E-1	0.00000000E+0	0.00000000E+0
1.63574219E-1	1.60241001E-7	1.60241001E-7	1.63574219E-1	0.00000000E+0	0.00000000E+0
1.61132812E-1	1.57694998E-7	1.57694998E-7	1.61132812E-1	0.00000000E+0	0.00000000E+0
1.58691406E-1	1.55658995E-7	1.55658995E-7	1.58691406E-1	0.00000000E+0	0.00000000E+0
1.56250000E-1	1.52910005E-7	1.52910005E-7	1.56250000E-1	0.00000000E+0	0.00000000E+0
1.53808594E-1	1.50746004E-7	1.50746004E-7	1.53808594E-1	0.00000000E+0	0.00000000E+0
1.51367187E-1	1.47690997E-7	1.47690997E-7	1.51367187E-1	0.00000000E+0	0.00000000E+0
1.48925781E-1	1.45897005E-7	1.45897005E-7	1.48925781E-1	0.00000000E+0	0.00000000E+0
1.46484375E-1	1.43465996E-7	1.43465996E-7	1.46484375E-1	0.00000000E+0	0.00000000E+0
1.44042969E-1	1.41200005E-7	1.41200005E-7	1.44042969E-1	0.00000000E+0	0.00000000E+0
1.41601562E-1	1.39215004E-7	1.39215004E-7	1.41601562E-1	0.00000000E+0	0.00000000E+0
1.39160156E-1	1.36771007E-7	1.36771007E-7	1.39160156E-1	0.00000000E+0	0.00000000E+0
1.36718750E-1	1.34556998E-7	1.34556998E-7	1.36718750E-1	0.00000000E+0	0.00000000E+0
1.34277344E-1	1.32265995E-7	1.32265995E-7	1.34277344E-1	0.00000000E+0	0.00000000E+0
1.31835937E-1	1.30662002E-7	1.30662002E-7	1.31835937E-1	0.00000000E+0	0.00000000E+0
1.29394531E-1	1.28249994E-7	1.28249994E-7	1.29394531E-1	0.00000000E+0	0.00000000E+0
1.26953125E-1	1.26106997E-7	1.26106997E-7	1.26953125E-1	0.00000000E+0	0.00000000E+0
1.24511719E-1	1.24018996E-7	1.24018996E-7	1.24511719E-1	0.00000000E+0	0.00000000E+0
1.22070312E-1	1.21442994E-7	1.21442994E-7	1.22070312E-1	0.00000000E+0	0.00000000E+0
1.19628906E-1	1.19218001E-7	1.19218001E-7	1.19628906E-1	0.00000000E+0	0.00000000E+0
1.17187500E-1	1.15753998E-7	1.15753998E-7	1.17187500E-1	0.00000000E+0	0.00000000E+0
1.14746094E-1	1.14461997E-7	1.14461997E-7	1.14746094E-1	0.00000000E+0	0.00000000E+0
1.12304687E-1	1.12400997E-7	1.12400997E-7	1.12304687E-1	0.00000000E+0	0.00000000E+0
1.09863281E-1	1.10963001E-7	1.10963001E-7	1.09863281E-1	0.00000000E+0	0.00000000E+0
1.07421875E-1	1.08320002E-7	1.08320002E-7	1.07421875E-1	0.00000000E+0	0.00000000E+0
1.04980469E-1	1.06107002E-7	1.06107002E-7	1.04980469E-1	0.00000000E+0	0.00000000E+0
1.02539062E-1	1.02979001E-7	1.02979001E-7	1.02539062E-1	0.00000000E+0	0.00000000E+0
1.00097656E-1	1.02225997E-7	1.02225997E-7	1.00097656E-1	0.00000000E+0	0.00000000E+0
9.76562500E-2	9.90130999E-8	9.90130999E-8	9.76562500E-2	0.00000000E+0	0.00000000E+0
9.52148438E-2	9.65103979E-8	9.65103979E-8	9.52148438E-2	0.00000000E+0	0.00000000E+0
9.27734375E-2	9.47672021E-8	9.47672021E-8	9.27734375E-2	0.00000000E+0	0.00000000E+0
9.03320313E-2	9.24621020E-8	9.24621020E-8	9.03320313E-2	0.00000000E+0	0.00000000E+0
8.78906250E-2	8.98129002E-8	8.98129002E-8	8.78906250E-2	0.00000000E+0	0.00000000E+0
8.54492188E-2	8.70452013E-8	8.70452013E-8	8.54492188E-2	0.00000000E+0	0.00000000E+0
8.30078125E-2	8.43105994E-8	8.43105994E-8	8.30078125E-2	0.00000000E+0	0.00000000E+0
8.05664063E-2	8.09057994E-8	8.09057994E-8	8.05664063E-2	0.00000000E+0	0.00000000E+0
7.81250000E-2	7.77864031E-8	7.77864031E-8	7.81250000E-2	0.00000000E+0	0.00000000E+0
7.56835938E-2	7.42005994E-8	7.42005994E-8	7.56835938E-2	0.00000000E+0	0.00000000E+0
7.32421875E-2	7.04657026E-8	7.04657026E-8	7.32421875E-2	0.00000000E+0	0.00000000E+0
7.08007813E-2	6.70901983E-8	6.70901983E-8	7.08007813E-2	0.00000000E+0	0.00000000E+0
6.83593750E-2	6.42460023E-8	6.42460023E-8	6.83593750E-2	0.00000000E+0	0.00000000E+0
6.59179688E-2	6.14858990E-8	6.14858990E-8	6.59179688E-2	0.00000000E+0	0.00000000E+0
6.34765625E-2	5.85194009E-8	5.85194009E-8	6.34765625E-2	0.00000000E+0	0.00000000E+0
6.10351563E-2	5.59542990E-8	5.59542990E-8	6.10351563E-2	0.00000000E+0	0.00000000E+0
5.85937500E-2	5.26762989E-8	5.26762989E-8	5.85937500E-2	0.00000000E+0	0.00000000E+0
5.61523438E-2	5.39779990E-8	5.39779990E-8	5.61523438E-2	0.00000000E+0	0.00000000E+0
5.37109375E-2	6.01708976E-8	6.01708976E-8	5.37109375E-2	0.00000000E+0	0.00000000E+0
5.12695313E-2	7.13014980E-9	7.13014980E-9	5.12695313E-2	0.00000000E+0	0.00000000E+0
4.88281250E-2	6.03150996E-9	6.03150996E-9	4.88281250E-2	0.00000000E+0	0.00000000E+0
4.63867188E-2	1.80512991E-8	1.80512991E-8	4.63867188E-2	0.00000000E+0	0.00000000E+0
4.39453125E-2	1.51153003E-7	1.51153003E-7	4.39453125E-2	0.00000000E+0	0.00000000E+0
4.15039063E-2	1.73147001E-7	1.73147001E-7	4.15039063E-2	0.00000000E+0	0.00000000E+0
3.90625000E-2	2.38338004E-7	2.38338004E-7	3.90625000E-2	0.00000000E+0	0.00000000E+0
3.66210938E-2	2.38566997E-7	2.38566997E-7	3.66210938E-2	0.00000000E+0	0.00000000E+0
3.41796875E-2	2.28792004E-7	2.28792004E-7	3.41796875E-2	0.00000000E+0	0.00000000E+0
3.17382813E-2	2.12092999E-7	2.12092999E-7	3.17382813E-2	0.00000000E+0	0.00000000E+0
2.92968750E-2	1.94121995E-7	1.94121995E-7	2.92968750E-2	0.00000000E+0	0.00000000E+0
2.68554688E-2	1.75029996E-7	1.75029996E-7	2.68554688E-2	0.00000000E+0	0.00000000E+0
2.44140625E-2	1.57618999E-7	1.57618999E-7	2.44140625E-2	0.00000000E+0	0.00000000E+0
2.19726563E-2	1.39386998E-7	1.39386998E-7	2.19726563E-2	0.00000000E+0	0.00000000E+0
1.95312500E-2	1.22257006E-7	1.22257006E-7	1.95312500E-2	0.00000000E+0	0.00000000E+0
1.70898438E-2	1.04401003E-7	1.04401003E-7	1.70898438E-2	0.00000000E+0	0.00000000E+0
1.46484375E-2	8.77180000E-8	8.77180000E-8	1.46484375E-2	0.00000000E+0	0.00000000E+0
1.22070313E-2	7.06798033E-8	7.06798033E-8	1.22070313E-2	0.00000000E+0	0.00000000E+0
9.76562500E-3	5.48647989E-8	5.48647989E-8	9.76562500E-3	0.00000000E+0	0.00000000E+0
7.32421875E-3	3.88397012E-8	3.88397012E-8	7.32421875E-3	0.00000000E+0	0.00000000E+0
4.88281250E-3	2.37471998E-8	2.37471998E-8	4.88281250E-3	0.00000000E+0	0.00000000E+0
2.44140625E-3	8.71623040E-9	8.71623040E-9	2.44140625E-3	0.00000000E+0	0.00000000E+0
0.00000000E+0	-1.72376002E-9	-1.72376002E-9	0.00000000E+0	0.00000000E+0	0.00000000E+0
-2.44140625E-3	-1.91904999E-8	-1.91904999E-8	-2.44140625E-3	0.00000000E+0	0.00000000E+0
-4.88281250E-3	-3.48295011E-8	-3.48295011E-8	-4.88281250E-3	0.00000000E+0	0.00000000E+0
-7.32421875E-3	-5.11720017E-8	-5.11720017E-8	-7.32421875E-3	0.00000000E+0	0.00000000E+0
-9.76562500E-3	-6.71666029E-8	-6.71666029E-8	-9.76562500E-3	0.00000000E+0	0.00000000E+0
-1.22070313E-2	-8.39984011E-8	-8.39984011E-8	-1.22070313E-2	0.00000000E+0	0.00000000E+0
-1.46484375E-2	-1.00241003E-7	-1.00241003E-7	-1.46484375E-2	0.00000000E+0	0.00000000E+0
-1.70898438E-2	-1.17486998E-7	-1.17486998E-7	-1.70898438E-2	0.00000000E+0	0.00000000E+0
-1.95312500E-2	-1.33946003E-7	-1.33946003E-7	-1.95312500E-2	0.00000000E+0	0.00000000E+0
-2.19726563E-2	-1.51432999E-7	-1.51432999E-7	-2.19726563E-2	0.00000000E+0	0.00000000E+0
-2.44140625E-2	-1.68691997E-7	-1.68691997E-7	-2.44140625E-2	0.00000000E+0	0.00000000E+0
-2.68554688E-2	-1.87121998E-7	-1.87121998E-7	-2.68554688E-2	0.00000000E+0	0.00000000E+0
-2.92968750E-2	-2.04838997E-7	-2.04838997E-7	-2.92968750E-2	0.00000000E+0	0.00000000E+0
-3.17382813E-2	-2.23523003E-7	-2.23523003E-7	-3.17382813E-2	0.00000000E+0	0.00000000E+0
-3.41796875E-2	-2.42156005E-7	-2.42156005E-7	-3.41796875E-2	0.00000000E+0	0.00000000E+0
-3.66210938E-2	-2.58955993E-7	-2.58955993E-7	-3.66210938E-2	0.00000000E+0	0.00000000E+0
-3.90625000E-2	-2.64149008E-7	-2.64149008E-7	-3.90625000E-2	0.00000000E+0	0.00000000E+0
-4.15039063E-2	-1.86102994E-7	-1.86102994E-7	-4.15039063E-2	0.00000000E+0	0.00000000E+0
-4.39453125E-2	-1.33487006E-7	-1.33487006E-7	-4.39453125E-2	0.00000000E+0	0.00000000E+0
-4.63867188E-2	-1.42361003E-8	-1.42361003E-8	-4.63867188E-2	0.00000000E+0	0.00000000E+0
-4.88281250E-2	-4.60791005E-9	-4.60791005E-9	-4.88281250E-2	0.00000000E+0	0.00000000E+0
-5.12695313E-2	-4.07036005E-9	-4.07036005E-9	-5.12695313E-2	0.00000000E+0	0.00000000E+0
-5.37109375E-2	-5.84276982E-8	-5.84276982E-8	-5.37109375E-2	0.00000000E+0	0.00000000E+0
-5.61523438E-2	-5.64092986E-8	-5.64092986E-8	-5.61523438E-2	0.00000000E+0	0.00000000E+0
-5.85937500E-2	-5.76631010E-8	-5.76631010E-8	-5.85937500E-2	0.00000000E+0	0.00000000E+0
-6.10351563E-2	-5.92305014E-8	-5.92305014E-8	-6.10351563E-2	0.00000000E+0	0.00000000E+0
-6.34765625E-2	-6.19675973E-8	-6.19675973E-8	-6.34765625E-2	0.00000000E+0	0.00000000E+0
-6.59179688E-2	-6.58975026E-8	-6.58975026E-8	-6.59179688E-2	0.00000000E+0	0.00000000E+0
-6.83593750E-2	-6.88563020E-8	-6.88563020E-8	-6.83593750E-2	0.00000000E+0	0.00000000E+0
-7.08007813E-2	-7.25759008E-8	-7.25759008E-8	-7.08007813E-2	0.00000000E+0	0.00000000E+0
-7.32421875E-2	-7.56990985E-8	-7.56990985E-8	-7.32421875E-2	0.00000000E+0	0.00000000E+0
-7.56835938E-2	-7.87497001E-8	-7.87497001E-8	-7.56835938E-2	0.00000000E+0	0.00000000E+0
-7.81250000E-2	-8.18462027E-8	-8.18462027E-8	-7.81250000E-2	0.00000000E+0	0.00000000E+0
-8.05664063E-2	-8.61774012E-8	-8.61774012E-8	-8.05664063E-2	0.00000000E+0	0.00000000E+0
-8.30078125E-2	-9.06883031E-8	-9.06883031E-8	-8.30078125E-2	0.00000000E+0	0.00000000E+0
-8.54492188E-2	-9.39300975E-8	-9.39300975E-8	-8.54492188E-2	0.00000000E+0	0.00000000E+0
-8.78906250E-2	-9.66251008E-8	-9.66251008E-8	-8.78906250E-2	0.00000000E+0	0.00000000E+0
-9.03320313E-2	-1.00314999E-7	-1.00314999E-7	-9.03320313E-2	0.00000000E+0	0.00000000E+0
-9.27734375E-2	-1.03616998E-7	-1.03616998E-7	-9.27734375E-2	0.00000000E+0	0.00000000E+0
-9.52148438E-2	-1.06599003E-7	-1.06599003E-7	-9.52148438E-2	0.00000000E+0	0.00000000E+0
-9.76562500E-2	-1.10252998E-7	-1.10252998E-7	-9.76562500E-2	0.00000000E+0	0.00000000E+0
-1.00097656E-1	-1.13304999E-7	-1.13304999E-7	-1.00097656E-1	0.00000000E+0	0.00000000E+0
-1.02539062E-1	-1.15650003E-7	-1.15650003E-7	-1.02539062E-1	0.00000000E+0	0.00000000E+0
-1.04980469E-1	-1.18300001E-7	-1.18300001E-7	-1.04980469E-1	0.00000000E+0	0.00000000E+0
-1.07421875E-1	-1.21802003E-7	-1.21802003E-7	-1.07421875E-1	0.00000000E+0	0.00000000E+0
-1.09863281E-1	-1.23766995E-7	-1.23766995E-7	-1.09863281E-1	0.00000000E+0	0.00000000E+0
-1.12304687E-1	-1.26638994E-7	-1.26638994E-7	-1.12304687E-1	0.00000000E+0	0.00000000E+0
-1.14746094E-1	-1.30169994E-7	-1.30169994E-7	-1.14746094E-1	0.00000000E+0	0.00000000E+0
-1.17187500E-1	-1.32571003E-7	-1.32571003E-7	-1.17187500E-1	0.00000000E+0	0.00000000E+0
-1.19628906E-1	-1.35701995E-7	-1.35701995E-7	-1.19628906E-1	0.00000000E+0	0.00000000E+0
-1.22070312E-1	-1.38146007E-7	-1.38146007E-7	-1.22070312E-1	0.00000000E+0	0.00000000E+0
-1.24511719E-1	-1.40588995E-7	-1.40588995E-7	-1.24511719E-1	0.00000000E+0	0.00000000E+0
-1.26953125E-1	-1.43338994E-7	-1.43338994E-7	-1.26953125E-1	0.00000000E+0	0.00000000E+0
-1.29394531E-1	-1.46266004E-7	-1.46266004E-7	-1.29394531E-1	0.00000000E+0	0.00000000E+0
-1.31835937E-1	-1.48837003E-7	-1.48837003E-7	-1.31835937E-1	0.00000000E+0	0.00000000E+0
-1.34277344E-1	-1.51509994E-7	-1.51509994E-7	-1.34277344E-1	0.00000000E+0	0.00000000E+0
-1.36718750E-1	-1.55072996E-7	-1.55072996E-7	-1.36718750E-1	0.00000000E+0	0.00000000E+0
-1.39160156E-1	-1.57122997E-7	-1.57122997E-7	-1.39160156E-1	0.00000000E+0	0.00000000E+0
-1.41601562E-1	-1.59910002E-7	-1.59910002E-7	-1.41601562E-1	0.00000000E+0	0.00000000E+0
-1.44042969E-1	-1.62583007E-7	-1.62583007E-7	-1.44042969E-1	0.00000000E+0	0.00000000E+0
-1.46484375E-1	-1.65230006E-7	-1.65230006E-7	-1.46484375E-1	0.00000000E+0	0.00000000E+0
-1.48925781E-1	-1.68488000E-7	-1.68488000E-7	-1.48925781E-1	0.00000000E+0	0.00000000E+0
-1.51367187E-1	-1.70524999E-7	-1.70524999E-7	-1.51367187E-1	0.00000000E+0	0.00000000E+0
-1.53808594E-1	-1.73274003E-7	-1.73274003E-7	-1.53808594E-1	0.00000000E+0	0.00000000E+0
-1.56250000E-1	-1.76124999E-7	-1.76124999E-7	-1.56250000E-1	0.00000000E+0	0.00000000E+0
-1.58691406E-1	-1.78771998E-7	-1.78771998E-7	-1.58691406E-1	0.00000000E+0	0.00000000E+0
-1.61132812E-1	-1.82031002E-7	-1.82031002E-7	-1.61132812E-1	0.00000000E+0	0.00000000E+0
-1.63574219E-1	-1.84678001E-7	-1.84678001E-7	-1.63574219E-1	0.00000000E+0	0.00000000E+0
-1.66015625E-1	-1.87222994E-7	-1.87222994E-7	-1.66015625E-1	0.00000000E+0	0.00000000E+0
-1.68457031E-1	-1.91601998E-7	-1.91601998E-7	-1.68457031E-1	0.00000000E+0	0.00000000E+0
-1.70898437E-1	-1.93548999E-7	-1.93548999E-7	-1.70898437E-1	0.00000000E+0	0.00000000E+0
-1.73339844E-1	-1.96285995E-7	-1.96285995E-7	-1.73339844E-1	0.00000000E+0	0.00000000E+0
-1.75781250E-1	-1.99086003E-7	-1.99086003E-7	-1.75781250E-1	0.00000000E+0	0.00000000E+0
-1.78222656E-1	-2.01936999E-7	-2.01936999E-7	-1.78222656E-1	0.00000000E+0	0.00000000E+0
-1.80664062E-1	-2.04737006E-7	-2.04737006E-7	-1.80664062E-1	0.00000000E+0	0.00000000E+0
-1.83105469E-1	-2.07485996E-7	-2.07485996E-7	-1.83105469E-1	0.00000000E+0	0.00000000E+0
-1.85546875E-1	-2.10539994E-7	-2.10539994E-7	-1.85546875E-1	0.00000000E+0	0.00000000E+0
-1.87988281E-1	-2.12372996E-7	-2.12372996E-7	-1.87988281E-1	0.00000000E+0	0.00000000E+0
-1.90429687E-1	-2.15122000E-7	-2.15122000E-7	-1.90429687E-1	0.00000000E+0	0.00000000E+0
-1.92871094E-1	-2.18176993E-7	-2.18176993E-7	-1.92871094E-1	0.00000000E+0	0.00000000E+0
-1.95312500E-1	-2.20735004E-7	-2.20735004E-7	-1.95312500E-1	0.00000000E+0	0.00000000E+0
-1.97753906E-1	-2.23064006E-7	-2.23064006E-7	-1.97753906E-1	0.00000000E+0	0.00000000E+0
-2.00195312E-1	-2.26233993E-7	-2.26233993E-7	-2.00195312E-1	0.00000000E+0	0.00000000E+0
-2.02636719E-1	-2.29020998E-7	-2.29020998E-7	-2.02636719E-1	0.00000000E+0	0.00000000E+0
-2.05078125E-1	-2.31540994E-7	-2.31540994E-7	-2.05078125E-1	0.00000000E+0	0.00000000E+0
-2.07519531E-1	-2.35016003E-7	-2.35016003E-7	-2.07519531E-1	0.00000000E+0	0.00000000E+0
-2.09960937E-1	-2.37536000E-7	-2.37536000E-7	-2.09960937E-1	0.00000000E+0	0.00000000E+0
-2.12402344E-1	-2.40628992E-7	-2.40628992E-7	-2.12402344E-1	0.00000000E+0	0.00000000E+0
-2.14843750E-1	-2.43072009E-7	-2.43072009E-7	-2.14843750E-1	0.00000000E+0	0.00000000E+0
-2.17285156E-1	-2.45783013E-7	-2.45783013E-7	-2.17285156E-1	0.00000000E+0	0.00000000E+0
-2.19726562E-1	-2.48112002E-7	-2.48112002E-7	-2.19726562E-1	0.00000000E+0	0.00000000E+0
-2.22167969E-1	-2.50862001E-7	-2.50862001E-7	-2.22167969E-1	0.00000000E+0	0.00000000E+0
-2.24609375E-1	-2.53725005E-7	-2.53725005E-7	-2.24609375E-1	0.00000000E+0	0.00000000E+0
-2.27050781E-1	-2.56168988E-7	-2.56168988E-7	-2.27050781E-1	0.00000000E+0	0.00000000E+0
-2.29492187E-1	-2.58803993E-7	-2.58803993E-7	-2.29492187E-1	0.00000000E+0	0.00000000E+0
-2.31933594E-1	-2.61705992E-7	-2.61705992E-7	-2.31933594E-1	0.00000000E+0	0.00000000E+0
-2.34375000E-1	-2.64302003E-7	-2.64302003E-7	-2.34375000E-1	0.00000000E+0	0.00000000E+0
-2.36816406E-1	-2.67661989E-7	-2.67661989E-7	-2.36816406E-1	0.00000000E+0	0.00000000E+0
-2.39257812E-1	-2.70029005E-7	-2.70029005E-7	-2.39257812E-1	0.00000000E+0	0.00000000E+0
-2.41699219E-1	-2.72358989E-7	-2.72358989E-7	-2.41699219E-1	0.00000000E+0	0.00000000E+0
-2.44140625E-1	-2.75107993E-7	-2.75107993E-7	-2.44140625E-1	0.00000000E+0	0.00000000E+0
-2.46582031E-1	-2.77742004E-7	-2.77742004E-7	-2.46582031E-1	0.00000000E+0	0.00000000E+0
-2.49023437E-1	-2.80185986E-7	-2.80185986E-7	-2.49023437E-1	0.00000000E+0	0.00000000E+0
-2.51464844E-1	-2.83851989E-7	-2.83851989E-7	-2.51464844E-1	0.00000000E+0	0.00000000E+0
-2.53906250E-1	-2.85531996E-7	-2.85531996E-7	-2.53906250E-1	0.00000000E+0	0.00000000E+0
-2.56347656E-1	-2.89159004E-7	-2.89159004E-7	-2.56347656E-1	0.00000000E+0	0.00000000E+0
-2.58789062E-1	-2.91182999E-7	-2.91182999E-7	-2.58789062E-1	0.00000000E+0	0.00000000E+0
-2.61230469E-1	-2.94465991E-7	-2.94465991E-7	-2.61230469E-1	0.00000000E+0	0.00000000E+0
-2.63671875E-1	-2.96681009E-7	-2.96681009E-7	-2.63671875E-1	0.00000000E+0	0.00000000E+0
-2.66113281E-1	-2.97521012E-7	-2.97521012E-7	-2.66113281E-1	0.00000000E+0	0.00000000E+0
-2.68554687E-1	-3.00347011E-7	-3.00347011E-7	-2.68554687E-1	0.00000000E+0	0.00000000E+0
-2.70996094E-1	-3.01988990E-7	-3.01988990E-7	-2.70996094E-1	0.00000000E+0	0.00000000E+0
-2.73437500E-1	-3.05158011E-7	-3.05158011E-7	-2.73437500E-1	0.00000000E+0	0.00000000E+0
-2.75878906E-1	-3.07753993E-7	-3.07753993E-7	-2.75878906E-1	0.00000000E+0	0.00000000E+0
-2.78320312E-1	-3.09739988E-7	-3.09739988E-7	-2.78320312E-1	0.00000000E+0	0.00000000E+0
-2.80761719E-1	-3.12488993E-7	-3.12488993E-7	-2.80761719E-1	0.00000000E+0	0.00000000E+0
-2.83203125E-1	-3.16230995E-7	-3.16230995E-7	-2.83203125E-1	0.00000000E+0	0.00000000E+0
-2.85644531E-1	-3.17070999E-7	-3.17070999E-7	-2.85644531E-1	0.00000000E+0	0.00000000E+0
-2.88085937E-1	-3.19284993E-7	-3.19284993E-7	-2.88085937E-1	0.00000000E+0	0.00000000E+0
-2.90527344E-1	-3.22569008E-7	-3.22569008E-7	-2.90527344E-1	0.00000000E+0	0.00000000E+0
-2.92968750E-1	-3.24478009E-7	-3.24478009E-7	-2.92968750E-1	0.00000000E+0	0.00000000E+0
-2.95410156E-1	-3.27837995E-7	-3.27837995E-7	-2.95410156E-1	0.00000000E+0	0.00000000E+0
-2.97851562E-1	-3.29059986E-7	-3.29059986E-7	-2.97851562E-1	0.00000000E+0	0.00000000E+0
-3.00292969E-1	-3.31962013E-7	-3.31962013E-7	-3.00292969E-1	0.00000000E+0	0.00000000E+0
-3.02734375E-1	-3.35398994E-7	-3.35398994E-7	-3.02734375E-1	0.00000000E+0	0.00000000E+0
-3.05175781E-1	-3.37842010E-7	-3.37842010E-7	-3.05175781E-1	0.00000000E+0	0.00000000E+0
-3.07617187E-1	-3.39942005E-7	-3.39942005E-7	-3.07617187E-1	0.00000000E+0	0.00000000E+0
-3.10058594E-1	-3.42730004E-7	-3.42730004E-7	-3.10058594E-1	0.00000000E+0	0.00000000E+0
-3.12500000E-1	-3.44332989E-7	-3.44332989E-7	-3.12500000E-1	0.00000000E+0	0.00000000E+0
-3.14941406E-1	-3.46241990E-7	-3.46241990E-7	-3.14941406E-1	0.00000000E+0	0.00000000E+0
-3.17382812E-1	-3.48914995E-7	-3.48914995E-7	-3.17382812E-1	0.00000000E+0	0.00000000E+0
-3.19824219E-1	-3.51893988E-7	-3.51893988E-7	-3.19824219E-1	0.00000000E+0	0.00000000E+0
-3.22265625E-1	-3.54794992E-7	-3.54794992E-7	-3.22265625E-1	0.00000000E+0	0.00000000E+0
-3.24707031E-1	-3.57239003E-7	-3.57239003E-7	-3.24707031E-1	0.00000000E+0	0.00000000E+0
-3.27148437E-1	-3.60103002E-7	-3.60103002E-7	-3.27148437E-1	0.00000000E+0	0.00000000E+0
-3.29589844E-1	-3.62126997E-7	-3.62126997E-7	-3.29589844E-1	0.00000000E+0	0.00000000E+0
-3.32031250E-1	-3.64264992E-7	-3.64264992E-7	-3.32031250E-1	0.00000000E+0	0.00000000E+0
-3.34472656E-1	-3.66709003E-7	-3.66709003E-7	-3.34472656E-1	0.00000000E+0	0.00000000E+0
-3.36914062E-1	-3.68846997E-7	-3.68846997E-7	-3.36914062E-1	0.00000000E+0	0.00000000E+0
-3.39355469E-1	-3.71900995E-7	-3.71900995E-7	-3.39355469E-1	0.00000000E+0	0.00000000E+0
-3.41796875E-1	-3.72817993E-7	-3.72817993E-7	-3.41796875E-1	0.00000000E+0	0.00000000E+0
-3.44238281E-1	-3.76178008E-7	-3.76178008E-7	-3.44238281E-1	0.00000000E+0	0.00000000E+0
-3.46679687E-1	-3.78087009E-7	-3.78087009E-7	-3.46679687E-1	0.00000000E+0	0.00000000E+0
-3.49121094E-1	-3.80453997E-7	-3.80453997E-7	-3.49121094E-1	0.00000000E+0	0.00000000E+0
-3.51562500E-1	-3.84120000E-7	-3.84120000E-7	-3.51562500E-1	0.00000000E+0	0.00000000E+0
-3.54003906E-1	-3.85036003E-7	-3.85036003E-7	-3.54003906E-1	0.00000000E+0	0.00000000E+0
-3.56445312E-1	-3.88395989E-7	-3.88395989E-7	-3.56445312E-1	0.00000000E+0	0.00000000E+0
-3.58886719E-1	-3.89847003E-7	-3.89847003E-7	-3.58886719E-1	0.00000000E+0	0.00000000E+0
-3.61328125E-1	-3.93092989E-7	-3.93092989E-7	-3.61328125E-1	0.00000000E+0	0.00000000E+0
-3.63769531E-1	-3.94506003E-7	-3.94506003E-7	-3.63769531E-1	0.00000000E+0	0.00000000E+0
-3.66210937E-1	-3.96948991E-7	-3.96948991E-7	-3.66210937E-1	0.00000000E+0	0.00000000E+0
-3.68652344E-1	-3.98781992E-7	-3.98781992E-7	-3.68652344E-1	0.00000000E+0	0.00000000E+0
-3.71093750E-1	-4.00614994E-7	-4.00614994E-7	-3.71093750E-1	0.00000000E+0	0.00000000E+0
-3.73535156E-1	-4.03059005E-7	-4.03059005E-7	-3.73535156E-1	0.00000000E+0	0.00000000E+0
-3.75976562E-1	-4.08251992E-7	-4.08251992E-7	-3.75976562E-1	0.00000000E+0	0.00000000E+0
-3.78417969E-1	-4.07641011E-7	-4.07641011E-7	-3.78417969E-1	0.00000000E+0	0.00000000E+0
-3.80859375E-1	-4.09167995E-7	-4.09167995E-7	-3.80859375E-1	0.00000000E+0	0.00000000E+0
-3.83300781E-1	-4.12528010E-7	-4.12528010E-7	-3.83300781E-1	0.00000000E+0	0.00000000E+0
-3.85742187E-1	-4.19629998E-7	-4.19629998E-7	-3.85742187E-1	0.00000000E+0	0.00000000E+0
-3.88183594E-1	-4.20775990E-7	-4.20775990E-7	-3.88183594E-1	0.00000000E+0	0.00000000E+0
-3.90625000E-1	-4.19018988E-7	-4.19018988E-7	-3.90625000E-1	0.00000000E+0	0.00000000E+0
-3.93066406E-1	-4.22074010E-7	-4.22074010E-7	-3.93066406E-1	0.00000000E+0	0.00000000E+0
-3.95507812E-1	-4.23296001E-7	-4.23296001E-7	-3.95507812E-1	0.00000000E+0	0.00000000E+0
-3.97949219E-1	-4.25128007E-7	-4.25128007E-7	-3.97949219E-1	0.00000000E+0	0.00000000E+0
-4.00390625E-1	-4.28107001E-7	-4.28107001E-7	-4.00390625E-1	0.00000000E+0	0.00000000E+0
-4.02832031E-1	-4.29442991E-7	-4.29442991E-7	-4.02832031E-1	0.00000000E+0	0.00000000E+0
-4.05273437E-1	-4.32077996E-7	-4.32077996E-7	-4.05273437E-1	0.00000000E+0	0.00000000E+0
-4.07714844E-1	-4.33910003E-7	-4.33910003E-7	-4.07714844E-1	0.00000000E+0	0.00000000E+0
-4.10156250E-1	-4.36430014E-7	-4.36430014E-7	-4.10156250E-1	0.00000000E+0	0.00000000E+0
-4.12597656E-1	-4.37347012E-7	-4.37347012E-7	-4.12597656E-1	0.00000000E+0	0.00000000E+0
-4.15039062E-1	-4.40688012E-7	-4.40688012E-7	-4.15039062E-1	0.00000000E+0	0.00000000E+0
-4.17480469E-1	-4.42539999E-7	-4.42539999E-7	-4.17480469E-1	0.00000000E+0	0.00000000E+0
-4.19921875E-1	-4.44296006E-7	-4.44296006E-7	-4.19921875E-1	0.00000000E+0	0.00000000E+0
-4.22363281E-1	-4.46205007E-7	-4.46205007E-7	-4.22363281E-1	0.00000000E+0	0.00000000E+0
-4.24804687E-1	-4.53842006E-7	-4.53842006E-7	-4.24804687E-1	0.00000000E+0	0.00000000E+0
-4.27246094E-1	-4.54758009E-7	-4.54758009E-7	-4.27246094E-1	0.00000000E+0	0.00000000E+0
-4.29687500E-1	-4.57622008E-7	-4.57622008E-7	-4.29687500E-1	0.00000000E+0	0.00000000E+0
-4.32128906E-1	-4.61611990E-7	-4.61611990E-7	-4.32128906E-1	0.00000000E+0	0.00000000E+0
-4.34570312E-1	-4.60027991E-7	-4.60027991E-7	-4.34570312E-1	0.00000000E+0	0.00000000E+0
-4.37011719E-1	-4.61611990E-7	-4.61611990E-7	-4.37011719E-1	0.00000000E+0	0.00000000E+0
-4.39453125E-1	-4.63005989E-7	-4.63005989E-7	-4.39453125E-1	0.00000000E+0	0.00000000E+0
-4.41894531E-1	-4.65526000E-7	-4.65526000E-7	-4.41894531E-1	0.00000000E+0	0.00000000E+0
-4.44335937E-1	-4.66670997E-7	-4.66670997E-7	-4.44335937E-1	0.00000000E+0	0.00000000E+0
-4.46777344E-1	-4.71864013E-7	-4.71864013E-7	-4.46777344E-1	0.00000000E+0	0.00000000E+0
-4.49218750E-1	-4.74307996E-7	-4.74307996E-7	-4.49218750E-1	0.00000000E+0	0.00000000E+0
-4.51660156E-1	-4.72398995E-7	-4.72398995E-7	-4.51660156E-1	0.00000000E+0	0.00000000E+0
-4.54101562E-1	-4.79729977E-7	-4.79729977E-7	-4.54101562E-1	0.00000000E+0	0.00000000E+0
-4.56542969E-1	-4.80416986E-7	-4.80416986E-7	-4.56542969E-1	0.00000000E+0	0.00000000E+0
-4.58984375E-1	-4.83854024E-7	-4.83854024E-7	-4.58984375E-1	0.00000000E+0	0.00000000E+0
-4.61425781E-1	-4.82250016E-7	-4.82250016E-7	-4.61425781E-1	0.00000000E+0	0.00000000E+0
-4.63867187E-1	-4.82554981E-7	-4.82554981E-7	-4.63867187E-1	0.00000000E+0	0.00000000E+0
-4.66308594E-1	-4.83471979E-7	-4.83471979E-7	-4.66308594E-1	0.00000000E+0	0.00000000E+0
-4.68750000E-1	-4.86296983E-7	-4.86296983E-7	-4.68750000E-1	0.00000000E+0	0.00000000E+0
-4.71191406E-1	-4.88665023E-7	-4.88665023E-7	-4.71191406E-1	0.00000000E+0	0.00000000E+0
-4.73632812E-1	-4.90803018E-7	-4.90803018E-7	-4.73632812E-1	0.00000000E+0	0.00000000E+0
-4.76074219E-1	-4.91490027E-7	-4.91490027E-7	-4.76074219E-1	0.00000000E+0	0.00000000E+0
-4.78515625E-1	-4.92711990E-7	-4.92711990E-7	-4.78515625E-1	0.00000000E+0	0.00000000E+0
-4.80957031E-1	-4.93934010E-7	-4.93934010E-7	-4.80957031E-1	0.00000000E+0	0.00000000E+0
-4.83398437E-1	-4.94467997E-7	-4.94467997E-7	-4.83398437E-1	0.00000000E+0	0.00000000E+0
-4.85839844E-1	-4.96225027E-7	-4.96225027E-7	-4.85839844E-1	0.00000000E+0	0.00000000E+0
-4.88281250E-1	-5.00577983E-7	-5.00577983E-7	-4.88281250E-1	0.00000000E+0	0.00000000E+0
-4.90722656E-1	-5.07679999E-7	-5.07679999E-7	-4.90722656E-1	0.00000000E+0	0.00000000E+0
-4.93164062E-1	-5.08824996E-7	-5.08824996E-7	-4.93164062E-1	0.00000000E+0	0.00000000E+0
-4.90722656E-1	-5.02333990E-7	-5.02333990E-7	-4.90722656E-1	0.00000000E+0	0.00000000E+0
-4.88281250E-1	-4.99202997E-7	-4.99202997E-7	-4.88281250E-1	0.00000000E+0	0.00000000E+0
-4.85839844E-1	-4.98134000E-7	-4.98134000E-7	-4.85839844E-1	0.00000000E+0	0.00000000E+0
-4.83398437E-1	-4.96225027E-7	-4.96225027E-7	-4.83398437E-1	0.00000000E+0	0.00000000E+0
-4.80957031E-1	-4.95079007E-7	-4.95079007E-7	-4.80957031E-1	0.00000000E+0	0.00000000E+0
-4.78515625E-1	-4.92024981E-7	-4.92024981E-7	-4.78515625E-1	0.00000000E+0	0.00000000E+0
-4.76074219E-1	-4.91185006E-7	-4.91185006E-7	-4.76074219E-1	0.00000000E+0	0.00000000E+0
-4.73632812E-1	-4.88358978E-7	-4.88358978E-7	-4.73632812E-1	0.00000000E+0	0.00000000E+0
-4.71191406E-1	-4.92711990E-7	-4.92711990E-7	-4.71191406E-1	0.00000000E+0	0.00000000E+0
-4.68750000E-1	-4.92024981E-7	-4.92024981E-7	-4.68750000E-1	0.00000000E+0	0.00000000E+0
-4.66308594E-1	-4.90192008E-7	-4.90192008E-7	-4.66308594E-1	0.00000000E+0	0.00000000E+0
-4.63867187E-1	-4.84579004E-7	-4.84579004E-7	-4.63867187E-1	0.00000000E+0	0.00000000E+0
-4.61425781E-1	-4.82937025E-7	-4.82937025E-7	-4.61425781E-1	0.00000000E+0	0.00000000E+0
-4.58984375E-1	-4.80416986E-7	-4.80416986E-7	-4.58984375E-1	0.00000000E+0	0.00000000E+0
-4.56542969E-1	-4.77667982E-7	-4.77667982E-7	-4.56542969E-1	0.00000000E+0	0.00000000E+0
-4.54101562E-1	-4.77363017E-7	-4.77363017E-7	-4.54101562E-1	0.00000000E+0	0.00000000E+0
-4.51660156E-1	-4.74002007E-7	-4.74002007E-7	-4.51660156E-1	0.00000000E+0	0.00000000E+0
-4.49218750E-1	-4.74307996E-7	-4.74307996E-7	-4.49218750E-1	0.00000000E+0	0.00000000E+0
-4.46777344E-1	-4.64990990E-7	-4.64990990E-7	-4.46777344E-1	0.00000000E+0	0.00000000E+0
-4.44335937E-1	-4.63005989E-7	-4.63005989E-7	-4.44335937E-1	0.00000000E+0	0.00000000E+0
-4.41894531E-1	-4.61611990E-7	-4.61611990E-7	-4.41894531E-1	0.00000000E+0	0.00000000E+0
-4.39453125E-1	-4.60295013E-7	-4.60295013E-7	-4.39453125E-1	0.00000000E+0	0.00000000E+0
-4.37011719E-1	-4.59092007E-7	-4.59092007E-7	-4.37011719E-1	0.00000000E+0	0.00000000E+0
-4.34570312E-1	-4.63005989E-7	-4.63005989E-7	-4.34570312E-1	0.00000000E+0	0.00000000E+0
-4.32128906E-1	-4.61288010E-7	-4.61288010E-7	-4.32128906E-1	0.00000000E+0	0.00000000E+0
-4.29687500E-1	-4.57622008E-7	-4.57622008E-7	-4.29687500E-1	0.00000000E+0	0.00000000E+0
-4.27246094E-1	-4.55292991E-7	-4.55292991E-7	-4.27246094E-1	0.00000000E+0	0.00000000E+0
-4.24804687E-1	-4.47426999E-7	-4.47426999E-7	-4.24804687E-1	0.00000000E+0	0.00000000E+0
-4.22363281E-1	-4.44677994E-7	-4.44677994E-7	-4.22363281E-1	0.00000000E+0	0.00000000E+0
-4.19921875E-1	-4.42539999E-7	-4.42539999E-7	-4.19921875E-1	0.00000000E+0	0.00000000E+0
-4.17480469E-1	-4.38873997E-7	-4.38873997E-7	-4.17480469E-1	0.00000000E+0	0.00000000E+0
-4.15039062E-1	-4.36964996E-7	-4.36964996E-7	-4.15039062E-1	0.00000000E+0	0.00000000E+0
-4.12597656E-1	-4.34521013E-7	-4.34521013E-7	-4.12597656E-1	0.00000000E+0	0.00000000E+0
-4.10156250E-1	-4.32689006E-7	-4.32689006E-7	-4.10156250E-1	0.00000000E+0	0.00000000E+0
-4.07714844E-1	-4.32077996E-7	-4.32077996E-7	-4.07714844E-1	0.00000000E+0	0.00000000E+0
-4.05273437E-1	-4.29442991E-7	-4.29442991E-7	-4.05273437E-1	0.00000000E+0	0.00000000E+0
-4.02832031E-1	-4.27190002E-7	-4.27190002E-7	-4.02832031E-1	0.00000000E+0	0.00000000E+0
-4.00390625E-1	-4.24746986E-7	-4.24746986E-7	-4.00390625E-1	0.00000000E+0	0.00000000E+0
-3.97949219E-1	-4.23524995E-7	-4.23524995E-7	-3.97949219E-1	0.00000000E+0	0.00000000E+0
-3.95507812E-1	-4.21005012E-7	-4.21005012E-7	-3.95507812E-1	0.00000000E+0	0.00000000E+0
-3.93066406E-1	-4.18408007E-7	-4.18408007E-7	-3.93066406E-1	0.00000000E+0	0.00000000E+0
-3.90625000E-1	-4.15963996E-7	-4.15963996E-7	-3.90625000E-1	0.00000000E+0	0.00000000E+0
-3.88183594E-1	-4.14742999E-7	-4.14742999E-7	-3.88183594E-1	0.00000000E+0	0.00000000E+0
-3.85742187E-1	-4.11229991E-7	-4.11229991E-7	-3.85742187E-1	0.00000000E+0	0.00000000E+0
-3.83300781E-1	-4.09472989E-7	-4.09472989E-7	-3.83300781E-1	0.00000000E+0	0.00000000E+0
-3.80859375E-1	-4.07030001E-7	-4.07030001E-7	-3.80859375E-1	0.00000000E+0	0.00000000E+0
-3.78417969E-1	-4.03059005E-7	-4.03059005E-7	-3.78417969E-1	0.00000000E+0	0.00000000E+0
-3.75976562E-1	-4.00614994E-7	-4.00614994E-7	-3.75976562E-1	0.00000000E+0	0.00000000E+0
-3.73535156E-1	-3.99202008E-7	-3.99202008E-7	-3.73535156E-1	0.00000000E+0	0.00000000E+0
-3.71093750E-1	-3.97560001E-7	-3.97560001E-7	-3.71093750E-1	0.00000000E+0	0.00000000E+0
-3.68652344E-1	-3.95117013E-7	-3.95117013E-7	-3.68652344E-1	0.00000000E+0	0.00000000E+0
-3.66210937E-1	-3.93284012E-7	-3.93284012E-7	-3.66210937E-1	0.00000000E+0	0.00000000E+0
-3.63769531E-1	-3.91604004E-7	-3.91604004E-7	-3.63769531E-1	0.00000000E+0	0.00000000E+0
-3.61328125E-1	-3.89006999E-7	-3.89006999E-7	-3.61328125E-1	0.00000000E+0	0.00000000E+0
-3.58886719E-1	-3.86793005E-7	-3.86793005E-7	-3.58886719E-1	0.00000000E+0	0.00000000E+0
-3.56445312E-1	-3.84731010E-7	-3.84731010E-7	-3.56445312E-1	0.00000000E+0	0.00000000E+0
-3.54003906E-1	-3.80760014E-7	-3.80760014E-7	-3.54003906E-1	0.00000000E+0	0.00000000E+0
-3.51562500E-1	-3.78316003E-7	-3.78316003E-7	-3.51562500E-1	0.00000000E+0	0.00000000E+0
-3.49121094E-1	-3.77399999E-7	-3.77399999E-7	-3.49121094E-1	0.00000000E+0	0.00000000E+0
-3.46679687E-1	-3.75261010E-7	-3.75261010E-7	-3.46679687E-1	0.00000000E+0	0.00000000E+0
-3.44238281E-1	-3.73122987E-7	-3.73122987E-7	-3.44238281E-1	0.00000000E+0	0.00000000E+0
-3.41796875E-1	-3.69151991E-7	-3.69151991E-7	-3.41796875E-1	0.00000000E+0	0.00000000E+0
-3.39355469E-1	-3.67013996E-7	-3.67013996E-7	-3.39355469E-1	0.00000000E+0	0.00000000E+0
-3.36914062E-1	-3.66020998E-7	-3.66020998E-7	-3.36914062E-1	0.00000000E+0	0.00000000E+0
-3.34472656E-1	-3.63578010E-7	-3.63578010E-7	-3.34472656E-1	0.00000000E+0	0.00000000E+0
-3.32031250E-1	-3.60905005E-7	-3.60905005E-7	-3.32031250E-1	0.00000000E+0	0.00000000E+0
-3.29589844E-1	-3.57965007E-7	-3.57965007E-7	-3.29589844E-1	0.00000000E+0	0.00000000E+0
-3.27148437E-1	-3.55711990E-7	-3.55711990E-7	-3.27148437E-1	0.00000000E+0	0.00000000E+0
-3.24707031E-1	-3.53192007E-7	-3.53192007E-7	-3.24707031E-1	0.00000000E+0	0.00000000E+0
-3.22265625E-1	-3.52275009E-7	-3.52275009E-7	-3.22265625E-1	0.00000000E+0	0.00000000E+0
-3.19824219E-1	-3.48495007E-7	-3.48495007E-7	-3.19824219E-1	0.00000000E+0	0.00000000E+0
-3.17382812E-1	-3.45708003E-7	-3.45708003E-7	-3.17382812E-1	0.00000000E+0	0.00000000E+0
-3.14941406E-1	-3.43608008E-7	-3.43608008E-7	-3.14941406E-1	0.00000000E+0	0.00000000E+0
-3.12500000E-1	-3.39942005E-7	-3.39942005E-7	-3.12500000E-1	0.00000000E+0	0.00000000E+0
-3.10058594E-1	-3.37842010E-7	-3.37842010E-7	-3.10058594E-1	0.00000000E+0	0.00000000E+0
-3.07617187E-1	-3.35779987E-7	-3.35779987E-7	-3.07617187E-1	0.00000000E+0	0.00000000E+0
-3.05175781E-1	-3.32839988E-7	-3.32839988E-7	-3.05175781E-1	0.00000000E+0	0.00000000E+0
-3.02734375E-1	-3.31198009E-7	-3.31198009E-7	-3.02734375E-1	0.00000000E+0	0.00000000E+0
-3.00292969E-1	-3.29670996E-7	-3.29670996E-7	-3.00292969E-1	0.00000000E+0	0.00000000E+0
-2.97851562E-1	-3.26921992E-7	-3.26921992E-7	-2.97851562E-1	0.00000000E+0	0.00000000E+0
-2.95410156E-1	-3.24783997E-7	-3.24783997E-7	-2.95410156E-1	0.00000000E+0	0.00000000E+0
-2.92968750E-1	-3.21729004E-7	-3.21729004E-7	-2.92968750E-1	0.00000000E+0	0.00000000E+0
-2.90527344E-1	-3.19093999E-7	-3.19093999E-7	-2.90527344E-1	0.00000000E+0	0.00000000E+0
-2.88085937E-1	-3.16459989E-7	-3.16459989E-7	-2.88085937E-1	0.00000000E+0	0.00000000E+0
-2.85644531E-1	-3.13711013E-7	-3.13711013E-7	-2.85644531E-1	0.00000000E+0	0.00000000E+0
-2.83203125E-1	-3.11724989E-7	-3.11724989E-7	-2.83203125E-1	0.00000000E+0	0.00000000E+0
-2.80761719E-1	-3.09624994E-7	-3.09624994E-7	-2.80761719E-1	0.00000000E+0	0.00000000E+0
-2.78320312E-1	-3.06684996E-7	-3.06684996E-7	-2.78320312E-1	0.00000000E+0	0.00000000E+0
-2.75878906E-1	-3.04241013E-7	-3.04241013E-7	-2.75878906E-1	0.00000000E+0	0.00000000E+0
-2.73437500E-1	-3.02178989E-7	-3.02178989E-7	-2.73437500E-1	0.00000000E+0	0.00000000E+0
-2.70996094E-1	-3.00347011E-7	-3.00347011E-7	-2.70996094E-1	0.00000000E+0	0.00000000E+0
-2.68554687E-1	-2.97521012E-7	-2.97521012E-7	-2.68554687E-1	0.00000000E+0	0.00000000E+0
-2.66113281E-1	-2.95765005E-7	-2.95765005E-7	-2.66113281E-1	0.00000000E+0	0.00000000E+0
-2.63671875E-1	-2.92786012E-7	-2.92786012E-7	-2.63671875E-1	0.00000000E+0	0.00000000E+0
-2.61230469E-1	-2.90190002E-7	-2.90190002E-7	-2.61230469E-1	0.00000000E+0	0.00000000E+0
-2.58789062E-1	-2.87823013E-7	-2.87823013E-7	-2.58789062E-1	0.00000000E+0	0.00000000E+0
-2.56347656E-1	-2.84920986E-7	-2.84920986E-7	-2.56347656E-1	0.00000000E+0	0.00000000E+0
-2.53906250E-1	-2.82629998E-7	-2.82629998E-7	-2.53906250E-1	0.00000000E+0	0.00000000E+0
-2.51464844E-1	-2.80415009E-7	-2.80415009E-7	-2.51464844E-1	0.00000000E+0	0.00000000E+0
-2.49023437E-1	-2.77590004E-7	-2.77590004E-7	-2.49023437E-1	0.00000000E+0	0.00000000E+0
-2.46582031E-1	-2.75107993E-7	-2.75107993E-7	-2.46582031E-1	0.00000000E+0	0.00000000E+0
-2.44140625E-1	-2.72779005E-7	-2.72779005E-7	-2.44140625E-1	0.00000000E+0	0.00000000E+0
-2.41699219E-1	-2.69915006E-7	-2.69915006E-7	-2.41699219E-1	0.00000000E+0	0.00000000E+0
-2.39257812E-1	-2.67508995E-7	-2.67508995E-7	-2.39257812E-1	0.00000000E+0	0.00000000E+0
-2.36816406E-1	-2.64913012E-7	-2.64913012E-7	-2.36816406E-1	0.00000000E+0	0.00000000E+0
-2.34375000E-1	-2.62214996E-7	-2.62214996E-7	-2.34375000E-1	0.00000000E+0	0.00000000E+0
-2.31933594E-1	-2.58955993E-7	-2.58955993E-7	-2.31933594E-1	0.00000000E+0	0.00000000E+0
-2.29492187E-1	-2.56589004E-7	-2.56589004E-7	-2.29492187E-1	0.00000000E+0	0.00000000E+0
-2.27050781E-1	-2.54030994E-7	-2.54030994E-7	-2.27050781E-1	0.00000000E+0	0.00000000E+0
-2.24609375E-1	-2.51014001E-7	-2.51014001E-7	-2.24609375E-1	0.00000000E+0	0.00000000E+0
-2.22167969E-1	-2.48417990E-7	-2.48417990E-7	-2.22167969E-1	0.00000000E+0	0.00000000E+0
-2.19726562E-1	-2.46584989E-7	-2.46584989E-7	-2.19726562E-1	0.00000000E+0	0.00000000E+0
-2.17285156E-1	-2.43682990E-7	-2.43682990E-7	-2.17285156E-1	0.00000000E+0	0.00000000E+0
-2.14843750E-1	-2.40780992E-7	-2.40780992E-7	-2.14843750E-1	0.00000000E+0	0.00000000E+0
-2.12402344E-1	-2.37840993E-7	-2.37840993E-7	-2.12402344E-1	0.00000000E+0	0.00000000E+0
-2.09960937E-1	-2.34289999E-7	-2.34289999E-7	-2.09960937E-1	0.00000000E+0	0.00000000E+0
-2.07519531E-1	-2.32342998E-7	-2.32342998E-7	-2.07519531E-1	0.00000000E+0	0.00000000E+0
-2.05078125E-1	-2.29899001E-7	-2.29899001E-7	-2.05078125E-1	0.00000000E+0	0.00000000E+0
-2.02636719E-1	-2.27645998E-7	-2.27645998E-7	-2.02636719E-1	0.00000000E+0	0.00000000E+0
-2.00195312E-1	-2.24896993E-7	-2.24896993E-7	-2.00195312E-1	0.00000000E+0	0.00000000E+0
-1.97753906E-1	-2.21536993E-7	-2.21536993E-7	-1.97753906E-1	0.00000000E+0	0.00000000E+0
-1.95312500E-1	-2.19552007E-7	-2.19552007E-7	-1.95312500E-1	0.00000000E+0	0.00000000E+0
-1.92871094E-1	-2.15656996E-7	-2.15656996E-7	-1.92871094E-1	0.00000000E+0	0.00000000E+0
-1.90429687E-1	-2.13212999E-7	-2.13212999E-7	-1.90429687E-1	0.00000000E+0	0.00000000E+0
-1.87988281E-1	-2.10235001E-7	-2.10235001E-7	-1.87988281E-1	0.00000000E+0	0.00000000E+0
-1.85546875E-1	-2.07791004E-7	-2.07791004E-7	-1.85546875E-1	0.00000000E+0	0.00000000E+0
-1.83105469E-1	-2.05768004E-7	-2.05768004E-7	-1.83105469E-1	0.00000000E+0	0.00000000E+0
-1.80664062E-1	-2.01809002E-7	-2.01809002E-7	-1.80664062E-1	0.00000000E+0	0.00000000E+0
-1.78222656E-1	-1.98932995E-7	-1.98932995E-7	-1.78222656E-1	0.00000000E+0	0.00000000E+0
-1.75781250E-1	-1.96157998E-7	-1.96157998E-7	-1.75781250E-1	0.00000000E+0	0.00000000E+0
-1.73339844E-1	-1.93282006E-7	-1.93282006E-7	-1.73339844E-1	0.00000000E+0	0.00000000E+0
-1.70898437E-1	-1.91601998E-7	-1.91601998E-7	-1.70898437E-1	0.00000000E+0	0.00000000E+0
-1.68457031E-1	-1.88342995E-7	-1.88342995E-7	-1.68457031E-1	0.00000000E+0	0.00000000E+0
-1.66015625E-1	-1.85364996E-7	-1.85364996E-7	-1.66015625E-1	0.00000000E+0	0.00000000E+0
-1.63574219E-1	-1.82947005E-7	-1.82947005E-7	-1.63574219E-1	0.00000000E+0	0.00000000E+0
-1.61132812E-1	-1.80350995E-7	-1.80350995E-7	-1.61132812E-1	0.00000000E+0	0.00000000E+0
-1.58691406E-1	-1.77754004E-7	-1.77754004E-7	-1.58691406E-1	0.00000000E+0	0.00000000E+0
-1.56250000E-1	-1.74114007E-7	-1.74114007E-7	-1.56250000E-1	0.00000000E+0	0.00000000E+0
-1.53808594E-1	-1.72051998E-7	-1.72051998E-7	-1.53808594E-1	0.00000000E+0	0.00000000E+0
-1.51367187E-1	-1.68691997E-7	-1.68691997E-7	-1.51367187E-1	0.00000000E+0	0.00000000E+0
-1.48925781E-1	-1.66057006E-7	-1.66057006E-7	-1.48925781E-1	0.00000000E+0	0.00000000E+0
-1.46484375E-1	-1.63652004E-7	-1.63652004E-7	-1.46484375E-1	0.00000000E+0	0.00000000E+0
-1.44042969E-1	-1.60674006E-7	-1.60674006E-7	-1.44042969E-1	0.00000000E+0	0.00000000E+0
-1.41601562E-1	-1.58229994E-7	-1.58229994E-7	-1.41601562E-1	0.00000000E+0	0.00000000E+0
-1.39160156E-1	-1.55175002E-7	-1.55175002E-7	-1.39160156E-1	0.00000000E+0	0.00000000E+0
-1.36718750E-1	-1.52222000E-7	-1.52222000E-7	-1.36718750E-1	0.00000000E+0	0.00000000E+0
-1.34277344E-1	-1.51153003E-7	-1.51153003E-7	-1.34277344E-1	0.00000000E+0	0.00000000E+0
-1.31835937E-1	-1.48582004E-7	-1.48582004E-7	-1.31835937E-1	0.00000000E+0	0.00000000E+0
-1.29394531E-1	-1.44484005E-7	-1.44484005E-7	-1.29394531E-1	0.00000000E+0	0.00000000E+0
-1.26953125E-1	-1.41708995E-7	-1.41708995E-7	-1.26953125E-1	0.00000000E+0	0.00000000E+0
-1.24511719E-1	-1.39061996E-7	-1.39061996E-7	-1.24511719E-1	0.00000000E+0	0.00000000E+0
-1.22070312E-1	-1.36541999E-7	-1.36541999E-7	-1.22070312E-1	0.00000000E+0	0.00000000E+0
-1.19628906E-1	-1.33155993E-7	-1.33155993E-7	-1.19628906E-1	0.00000000E+0	0.00000000E+0
-1.17187500E-1	-1.30508994E-7	-1.30508994E-7	-1.17187500E-1	0.00000000E+0	0.00000000E+0
-1.14746094E-1	-1.27578005E-7	-1.27578005E-7	-1.14746094E-1	0.00000000E+0	0.00000000E+0
-1.12304687E-1	-1.25377994E-7	-1.25377994E-7	-1.12304687E-1	0.00000000E+0	0.00000000E+0
-1.09863281E-1	-1.22220001E-7	-1.22220001E-7	-1.09863281E-1	0.00000000E+0	0.00000000E+0
-1.07421875E-1	-1.19301006E-7	-1.19301006E-7	-1.07421875E-1	0.00000000E+0	0.00000000E+0
-1.04980469E-1	-1.16919999E-7	-1.16919999E-7	-1.04980469E-1	0.00000000E+0	0.00000000E+0
-1.02539062E-1	-1.15189003E-7	-1.15189003E-7	-1.02539062E-1	0.00000000E+0	0.00000000E+0
-1.00097656E-1	-1.12575002E-7	-1.12575002E-7	-1.00097656E-1	0.00000000E+0	0.00000000E+0
-9.76562500E-2	-1.09936003E-7	-1.09936003E-7	-9.76562500E-2	0.00000000E+0	0.00000000E+0
-9.52148438E-2	-1.05940998E-7	-1.05940998E-7	-9.52148438E-2	0.00000000E+0	0.00000000E+0
-9.27734375E-2	-1.02294003E-7	-1.02294003E-7	-9.27734375E-2	0.00000000E+0	0.00000000E+0
-9.03320313E-2	-9.96043994E-8	-9.96043994E-8	-9.03320313E-2	0.00000000E+0	0.00000000E+0
-8.78906250E-2	-9.67526006E-8	-9.67526006E-8	-8.78906250E-2	0.00000000E+0	0.00000000E+0
-8.54492188E-2	-9.37504012E-8	-9.37504012E-8	-8.54492188E-2	0.00000000E+0	0.00000000E+0
-8.30078125E-2	-9.08411977E-8	-9.08411977E-8	-8.30078125E-2	0.00000000E+0	0.00000000E+0
-8.05664063E-2	-8.72209966E-8	-8.72209966E-8	-8.05664063E-2	0.00000000E+0	0.00000000E+0
-7.81250000E-2	-8.34618987E-8	-8.34618987E-8	-7.81250000E-2	0.00000000E+0	0.00000000E+0
-7.56835938E-2	-8.00265028E-8	-8.00265028E-8	-7.56835938E-2	0.00000000E+0	0.00000000E+0
-7.32421875E-2	-7.63872023E-8	-7.63872023E-8	-7.32421875E-2	0.00000000E+0	0.00000000E+0
-7.08007813E-2	-7.28282004E-8	-7.28282004E-8	-7.08007813E-2	0.00000000E+0	0.00000000E+0
-6.83593750E-2	-6.99764016E-8	-6.99764016E-8	-6.83593750E-2	0.00000000E+0	0.00000000E+0
-6.59179688E-2	-6.71246028E-8	-6.71246028E-8	-6.59179688E-2	0.00000000E+0	0.00000000E+0
-6.34765625E-2	-6.37642970E-8	-6.37642970E-8	-6.34765625E-2	0.00000000E+0	0.00000000E+0
-6.10351563E-2	-6.06983974E-8	-6.06983974E-8	-6.10351563E-2	0.00000000E+0	0.00000000E+0
-5.85937500E-2	-5.76631010E-8	-5.76631010E-8	-5.85937500E-2	0.00000000E+0	0.00000000E+0
-5.61523438E-2	-5.35956985E-8	-5.35956985E-8	-5.61523438E-2	0.00000000E+0	0.00000000E+0
-5.37109375E-2	-5.66042004E-8	-5.66042004E-8	-5.37109375E-2	0.00000000E+0	0.00000000E+0
-5.12695313E-2	-6.50793979E-8	-6.50793979E-8	-5.12695313E-2	0.00000000E+0	0.00000000E+0
-4.88281250E-2	-4.44391013E-9	-4.44391013E-9	-4.88281250E-2	0.00000000E+0	0.00000000E+0
-4.63867188E-2	-5.28289013E-9	-5.28289013E-9	-4.63867188E-2	0.00000000E+0	0.00000000E+0
-4.39453125E-2	-3.08881987E-8	-3.08881987E-8	-4.39453125E-2	0.00000000E+0	0.00000000E+0
-4.15039063E-2	-1.67647997E-7	-1.67647997E-7	-4.15039063E-2	0.00000000E+0	0.00000000E+0
-3.90625000E-2	-2.27341005E-7	-2.27341005E-7	-3.90625000E-2	0.00000000E+0	0.00000000E+0
-3.66210938E-2	-2.40780992E-7	-2.40780992E-7	-3.66210938E-2	0.00000000E+0	0.00000000E+0
-3.41796875E-2	-2.28562996E-7	-2.28562996E-7	-3.41796875E-2	0.00000000E+0	0.00000000E+0
-3.17382813E-2	-2.13595001E-7	-2.13595001E-7	-3.17382813E-2	0.00000000E+0	0.00000000E+0
-2.92968750E-2	-1.95344001E-7	-1.95344001E-7	-2.92968750E-2	0.00000000E+0	0.00000000E+0
-2.68554688E-2	-1.77550007E-7	-1.77550007E-7	-2.68554688E-2	0.00000000E+0	0.00000000E+0
-2.44140625E-2	-1.59642994E-7	-1.59642994E-7	-2.44140625E-2	0.00000000E+0	0.00000000E+0
-2.19726563E-2	-1.42828995E-7	-1.42828995E-7	-2.19726563E-2	0.00000000E+0	0.00000000E+0
-1.95312500E-2	-1.25629001E-7	-1.25629001E-7	-1.95312500E-2	0.00000000E+0	0.00000000E+0
-1.70898438E-2	-1.10494000E-7	-1.10494000E-7	-1.70898438E-2	0.00000000E+0	0.00000000E+0
-1.46484375E-2	-9.43963983E-8	-9.43963983E-8	-1.46484375E-2	0.00000000E+0	0.00000000E+0
-1.22070313E-2	-7.90899009E-8	-7.90899009E-8	-1.22070313E-2	0.00000000E+0	0.00000000E+0
-9.76562500E-3	-6.30839025E-8	-6.30839025E-8	-9.76562500E-3	0.00000000E+0	0.00000000E+0
-7.32421875E-3	-4.81444005E-8	-4.81444005E-8	-7.32421875E-3	0.00000000E+0	0.00000000E+0
-4.88281250E-3	-3.27996013E-8	-3.27996013E-8	-4.88281250E-3	0.00000000E+0	0.00000000E+0
-2.44140625E-3	-1.81405007E-8	-1.81405007E-8	-2.44140625E-3	0.00000000E+0	0.00000000E+0
0.00000000E+0	-2.95728997E-9	-2.95728997E-9	0.00000000E+0	0.00000000E+0	0.00000000E+0
