Date: do 28 mrt 2013, Material: Au, Temp: 4.2 K
AO1 - module gain: 1.0E+0, R_out: 0.0
AO2 - module gain: 1.0E+2
MUX1 - ADC gain: 4, logarithmic amplifier: D:\LabVIEW Data\Lithographic MCBJ\MED24_070412.TXT, R_in: 0.000
MUX2 - ADC gain: 4, linear amplifier: 1.000000 x 1e10 V/A, R_in: 1.000
Breaking trace: 15 0
Axis position: -886.445122
Vbias (V)	<I> and Ii MUX1 (A)	Vbias (V)	<I> and Ii MUX2 (A)
@
0.00000000E+0	1.68998995E-10	1.68998995E-10	0.00000000E+0	0.00000000E+0	0.00000000E+0
2.44140625E-3	-1.04077996E-11	-1.04077996E-11	2.44140625E-3	0.00000000E+0	0.00000000E+0
4.88281250E-3	-1.94458998E-11	-1.94458998E-11	4.88281250E-3	0.00000000E+0	0.00000000E+0
7.32421875E-3	-5.20939021E-12	-5.20939021E-12	7.32421875E-3	0.00000000E+0	0.00000000E+0
9.76562500E-3	-8.88661020E-12	-8.88661020E-12	9.76562500E-3	0.00000000E+0	0.00000000E+0
1.22070313E-2	6.24360980E-12	6.24360980E-12	1.22070313E-2	0.00000000E+0	0.00000000E+0
1.46484375E-2	3.04903000E-12	3.04903000E-12	1.46484375E-2	0.00000000E+0	0.00000000E+0
1.70898438E-2	1.84735994E-11	1.84735994E-11	1.70898438E-2	0.00000000E+0	0.00000000E+0
1.95312500E-2	1.56664993E-11	1.56664993E-11	1.95312500E-2	0.00000000E+0	0.00000000E+0
2.19726563E-2	3.42951986E-11	3.42951986E-11	2.19726563E-2	0.00000000E+0	0.00000000E+0
2.44140625E-2	3.25039995E-11	3.25039995E-11	2.44140625E-2	0.00000000E+0	0.00000000E+0
2.68554688E-2	4.77782987E-11	4.77782987E-11	2.68554688E-2	0.00000000E+0	0.00000000E+0
2.92968750E-2	4.70378007E-11	4.70378007E-11	2.92968750E-2	0.00000000E+0	0.00000000E+0
3.17382813E-2	6.38916975E-11	6.38916975E-11	3.17382813E-2	0.00000000E+0	0.00000000E+0
3.41796875E-2	6.44279005E-11	6.44279005E-11	3.41796875E-2	0.00000000E+0	0.00000000E+0
3.66210938E-2	7.99411995E-11	7.99411995E-11	3.66210938E-2	0.00000000E+0	0.00000000E+0
3.90625000E-2	7.88304005E-11	7.88304005E-11	3.90625000E-2	0.00000000E+0	0.00000000E+0
4.15039063E-2	9.94841015E-11	9.94841015E-11	4.15039063E-2	0.00000000E+0	0.00000000E+0
4.39453125E-2	1.00280999E-10	1.00280999E-10	4.39453125E-2	0.00000000E+0	0.00000000E+0
4.63867188E-2	1.17900995E-10	1.17900995E-10	4.63867188E-2	0.00000000E+0	0.00000000E+0
4.88281250E-2	1.19784002E-10	1.19784002E-10	4.88281250E-2	0.00000000E+0	0.00000000E+0
5.12695313E-2	1.38661999E-10	1.38661999E-10	5.12695313E-2	0.00000000E+0	0.00000000E+0
5.37109375E-2	1.42261994E-10	1.42261994E-10	5.37109375E-2	0.00000000E+0	0.00000000E+0
5.61523438E-2	1.59881997E-10	1.59881997E-10	5.61523438E-2	0.00000000E+0	0.00000000E+0
5.85937500E-2	1.65168004E-10	1.65168004E-10	5.85937500E-2	0.00000000E+0	0.00000000E+0
6.10351563E-2	1.87845003E-10	1.87845003E-10	6.10351563E-2	0.00000000E+0	0.00000000E+0
6.34765625E-2	1.93857999E-10	1.93857999E-10	6.34765625E-2	0.00000000E+0	0.00000000E+0
6.59179688E-2	2.16744997E-10	2.16744997E-10	6.59179688E-2	0.00000000E+0	0.00000000E+0
6.83593750E-2	2.26838007E-10	2.26838007E-10	6.83593750E-2	0.00000000E+0	0.00000000E+0
7.08007813E-2	2.50013010E-10	2.50013010E-10	7.08007813E-2	0.00000000E+0	0.00000000E+0
7.32421875E-2	2.60048011E-10	2.60048011E-10	7.32421875E-2	0.00000000E+0	0.00000000E+0
7.56835938E-2	2.83835011E-10	2.83835011E-10	7.56835938E-2	0.00000000E+0	0.00000000E+0
7.81250000E-2	2.98543995E-10	2.98543995E-10	7.81250000E-2	0.00000000E+0	0.00000000E+0
8.05664063E-2	3.34474004E-10	3.34474004E-10	8.05664063E-2	0.00000000E+0	0.00000000E+0
8.30078125E-2	3.69560993E-10	3.69560993E-10	8.30078125E-2	0.00000000E+0	0.00000000E+0
8.54492188E-2	4.65781025E-10	4.65781025E-10	8.54492188E-2	0.00000000E+0	0.00000000E+0
8.78906250E-2	1.46612000E-9	1.46612000E-9	8.78906250E-2	0.00000000E+0	0.00000000E+0
9.03320313E-2	1.58658997E-9	1.58658997E-9	9.03320313E-2	0.00000000E+0	0.00000000E+0
9.27734375E-2	1.59215996E-9	1.59215996E-9	9.27734375E-2	0.00000000E+0	0.00000000E+0
9.52148438E-2	1.59266000E-9	1.59266000E-9	9.52148438E-2	0.00000000E+0	0.00000000E+0
9.76562500E-2	1.57089997E-9	1.57089997E-9	9.76562500E-2	0.00000000E+0	0.00000000E+0
1.00097656E-1	1.56880997E-9	1.56880997E-9	1.00097656E-1	0.00000000E+0	0.00000000E+0
1.02539062E-1	1.54659996E-9	1.54659996E-9	1.02539062E-1	0.00000000E+0	0.00000000E+0
1.04980469E-1	1.55040003E-9	1.55040003E-9	1.04980469E-1	0.00000000E+0	0.00000000E+0
1.07421875E-1	1.52381996E-9	1.52381996E-9	1.07421875E-1	0.00000000E+0	0.00000000E+0
1.09863281E-1	1.51850998E-9	1.51850998E-9	1.09863281E-1	0.00000000E+0	0.00000000E+0
1.12304687E-1	1.50711998E-9	1.50711998E-9	1.12304687E-1	0.00000000E+0	0.00000000E+0
1.14746094E-1	1.49750001E-9	1.49750001E-9	1.14746094E-1	0.00000000E+0	0.00000000E+0
1.17187500E-1	1.48510004E-9	1.48510004E-9	1.17187500E-1	0.00000000E+0	0.00000000E+0
1.19628906E-1	1.49420998E-9	1.49420998E-9	1.19628906E-1	0.00000000E+0	0.00000000E+0
1.22070312E-1	1.49231005E-9	1.49231005E-9	1.22070312E-1	0.00000000E+0	0.00000000E+0
1.24511719E-1	1.48738000E-9	1.48738000E-9	1.24511719E-1	0.00000000E+0	0.00000000E+0
1.26953125E-1	1.48029000E-9	1.48029000E-9	1.26953125E-1	0.00000000E+0	0.00000000E+0
1.29394531E-1	1.48738000E-9	1.48738000E-9	1.29394531E-1	0.00000000E+0	0.00000000E+0
1.31835937E-1	1.48129997E-9	1.48129997E-9	1.31835937E-1	0.00000000E+0	0.00000000E+0
1.34277344E-1	1.49136004E-9	1.49136004E-9	1.34277344E-1	0.00000000E+0	0.00000000E+0
1.36718750E-1	1.48333001E-9	1.48333001E-9	1.36718750E-1	0.00000000E+0	0.00000000E+0
1.39160156E-1	1.49750001E-9	1.49750001E-9	1.39160156E-1	0.00000000E+0	0.00000000E+0
1.41601562E-1	1.48232004E-9	1.48232004E-9	1.41601562E-1	0.00000000E+0	0.00000000E+0
1.44042969E-1	1.49850998E-9	1.49850998E-9	1.44042969E-1	0.00000000E+0	0.00000000E+0
1.46484375E-1	1.48940005E-9	1.48940005E-9	1.46484375E-1	0.00000000E+0	0.00000000E+0
1.48925781E-1	1.51066004E-9	1.51066004E-9	1.48925781E-1	0.00000000E+0	0.00000000E+0
1.51367187E-1	1.49325996E-9	1.49325996E-9	1.51367187E-1	0.00000000E+0	0.00000000E+0
1.53808594E-1	1.51850998E-9	1.51850998E-9	1.53808594E-1	0.00000000E+0	0.00000000E+0
1.56250000E-1	1.50964996E-9	1.50964996E-9	1.56250000E-1	0.00000000E+0	0.00000000E+0
1.58691406E-1	1.53179003E-9	1.53179003E-9	1.58691406E-1	0.00000000E+0	0.00000000E+0
1.61132812E-1	1.52585000E-9	1.52585000E-9	1.61132812E-1	0.00000000E+0	0.00000000E+0
1.63574219E-1	1.54166002E-9	1.54166002E-9	1.63574219E-1	0.00000000E+0	0.00000000E+0
1.66015625E-1	1.53976998E-9	1.53976998E-9	1.66015625E-1	0.00000000E+0	0.00000000E+0
1.68457031E-1	1.55723001E-9	1.55723001E-9	1.68457031E-1	0.00000000E+0	0.00000000E+0
1.70898437E-1	1.55368995E-9	1.55368995E-9	1.70898437E-1	0.00000000E+0	0.00000000E+0
1.73339844E-1	1.57343005E-9	1.57343005E-9	1.73339844E-1	0.00000000E+0	0.00000000E+0
1.75781250E-1	1.56937996E-9	1.56937996E-9	1.75781250E-1	0.00000000E+0	0.00000000E+0
1.78222656E-1	1.58658997E-9	1.58658997E-9	1.78222656E-1	0.00000000E+0	0.00000000E+0
1.80664062E-1	1.59266000E-9	1.59266000E-9	1.80664062E-1	0.00000000E+0	0.00000000E+0
1.83105469E-1	1.61189995E-9	1.61189995E-9	1.83105469E-1	0.00000000E+0	0.00000000E+0
1.85546875E-1	1.60278002E-9	1.60278002E-9	1.85546875E-1	0.00000000E+0	0.00000000E+0
1.87988281E-1	1.62100999E-9	1.62100999E-9	1.87988281E-1	0.00000000E+0	0.00000000E+0
1.90429687E-1	1.62025005E-9	1.62025005E-9	1.90429687E-1	0.00000000E+0	0.00000000E+0
1.92871094E-1	1.63087999E-9	1.63087999E-9	1.92871094E-1	0.00000000E+0	0.00000000E+0
1.95312500E-1	1.63314995E-9	1.63314995E-9	1.95312500E-1	0.00000000E+0	0.00000000E+0
1.97753906E-1	1.65543002E-9	1.65543002E-9	1.97753906E-1	0.00000000E+0	0.00000000E+0
2.00195312E-1	1.65061997E-9	1.65061997E-9	2.00195312E-1	0.00000000E+0	0.00000000E+0
2.02636719E-1	1.66960001E-9	1.66960001E-9	2.02636719E-1	0.00000000E+0	0.00000000E+0
2.05078125E-1	1.66833003E-9	1.66833003E-9	2.05078125E-1	0.00000000E+0	0.00000000E+0
2.07519531E-1	1.67870995E-9	1.67870995E-9	2.07519531E-1	0.00000000E+0	0.00000000E+0
2.09960937E-1	1.68554004E-9	1.68554004E-9	2.09960937E-1	0.00000000E+0	0.00000000E+0
2.12402344E-1	1.69997005E-9	1.69997005E-9	2.12402344E-1	0.00000000E+0	0.00000000E+0
2.14843750E-1	1.70225001E-9	1.70225001E-9	2.14843750E-1	0.00000000E+0	0.00000000E+0
2.17285156E-1	1.72046999E-9	1.72046999E-9	2.17285156E-1	0.00000000E+0	0.00000000E+0
2.19726562E-1	1.72426995E-9	1.72426995E-9	2.19726562E-1	0.00000000E+0	0.00000000E+0
2.22167969E-1	1.74046000E-9	1.74046000E-9	2.22167969E-1	0.00000000E+0	0.00000000E+0
2.24609375E-1	1.74324999E-9	1.74324999E-9	2.24609375E-1	0.00000000E+0	0.00000000E+0
2.27050781E-1	1.75880999E-9	1.75880999E-9	2.27050781E-1	0.00000000E+0	0.00000000E+0
2.29492187E-1	1.77096005E-9	1.77096005E-9	2.29492187E-1	0.00000000E+0	0.00000000E+0
2.31933594E-1	1.78045001E-9	1.78045001E-9	2.31933594E-1	0.00000000E+0	0.00000000E+0
2.34375000E-1	1.78424997E-9	1.78424997E-9	2.34375000E-1	0.00000000E+0	0.00000000E+0
2.36816406E-1	1.80398996E-9	1.80398996E-9	2.36816406E-1	0.00000000E+0	0.00000000E+0
2.39257812E-1	1.81158000E-9	1.81158000E-9	2.39257812E-1	0.00000000E+0	0.00000000E+0
2.41699219E-1	1.82297000E-9	1.82297000E-9	2.41699219E-1	0.00000000E+0	0.00000000E+0
2.44140625E-1	1.83986004E-9	1.83986004E-9	2.44140625E-1	0.00000000E+0	0.00000000E+0
2.46582031E-1	1.85409998E-9	1.85409998E-9	2.46582031E-1	0.00000000E+0	0.00000000E+0
2.49023437E-1	1.86017002E-9	1.86017002E-9	2.49023437E-1	0.00000000E+0	0.00000000E+0
2.51464844E-1	1.88295002E-9	1.88295002E-9	2.51464844E-1	0.00000000E+0	0.00000000E+0
2.53906250E-1	1.89053995E-9	1.89053995E-9	2.53906250E-1	0.00000000E+0	0.00000000E+0
2.56347656E-1	1.91155003E-9	1.91155003E-9	2.56347656E-1	0.00000000E+0	0.00000000E+0
2.58789062E-1	1.92470995E-9	1.92470995E-9	2.58789062E-1	0.00000000E+0	0.00000000E+0
2.61230469E-1	1.94900007E-9	1.94900007E-9	2.61230469E-1	0.00000000E+0	0.00000000E+0
2.63671875E-1	1.96343009E-9	1.96343009E-9	2.63671875E-1	0.00000000E+0	0.00000000E+0
2.66113281E-1	1.97431005E-9	1.97431005E-9	2.66113281E-1	0.00000000E+0	0.00000000E+0
2.68554687E-1	1.99658001E-9	1.99658001E-9	2.68554687E-1	0.00000000E+0	0.00000000E+0
2.70996094E-1	2.00519001E-9	2.00519001E-9	2.70996094E-1	0.00000000E+0	0.00000000E+0
2.73437500E-1	2.02341011E-9	2.02341011E-9	2.73437500E-1	0.00000000E+0	0.00000000E+0
2.75878906E-1	2.03632000E-9	2.03632000E-9	2.75878906E-1	0.00000000E+0	0.00000000E+0
2.78320312E-1	2.05605999E-9	2.05605999E-9	2.78320312E-1	0.00000000E+0	0.00000000E+0
2.80761719E-1	2.07048001E-9	2.07048001E-9	2.80761719E-1	0.00000000E+0	0.00000000E+0
2.83203125E-1	2.08985007E-9	2.08985007E-9	2.83203125E-1	0.00000000E+0	0.00000000E+0
2.85644531E-1	2.10516005E-9	2.10516005E-9	2.85644531E-1	0.00000000E+0	0.00000000E+0
2.88085937E-1	2.12590989E-9	2.12590989E-9	2.88085937E-1	0.00000000E+0	0.00000000E+0
2.90527344E-1	2.13197993E-9	2.13197993E-9	2.90527344E-1	0.00000000E+0	0.00000000E+0
2.92968750E-1	2.15779994E-9	2.15779994E-9	2.92968750E-1	0.00000000E+0	0.00000000E+0
2.95410156E-1	2.17071006E-9	2.17071006E-9	2.95410156E-1	0.00000000E+0	0.00000000E+0
2.97851562E-1	2.19803997E-9	2.19803997E-9	2.97851562E-1	0.00000000E+0	0.00000000E+0
3.00292969E-1	2.20891994E-9	2.20891994E-9	3.00292969E-1	0.00000000E+0	0.00000000E+0
3.02734375E-1	2.23447993E-9	2.23447993E-9	3.02734375E-1	0.00000000E+0	0.00000000E+0
3.05175781E-1	2.24472996E-9	2.24472996E-9	3.05175781E-1	0.00000000E+0	0.00000000E+0
3.07617187E-1	2.26789010E-9	2.26789010E-9	3.07617187E-1	0.00000000E+0	0.00000000E+0
3.10058594E-1	2.27699992E-9	2.27699992E-9	3.10058594E-1	0.00000000E+0	0.00000000E+0
3.12500000E-1	2.30812991E-9	2.30812991E-9	3.12500000E-1	0.00000000E+0	0.00000000E+0
3.14941406E-1	2.36203990E-9	2.36203990E-9	3.14941406E-1	0.00000000E+0	0.00000000E+0
3.17382812E-1	2.33622011E-9	2.33622011E-9	3.17382812E-1	0.00000000E+0	0.00000000E+0
3.19824219E-1	2.34836994E-9	2.34836994E-9	3.19824219E-1	0.00000000E+0	0.00000000E+0
3.22265625E-1	2.37114994E-9	2.37114994E-9	3.22265625E-1	0.00000000E+0	0.00000000E+0
3.24707031E-1	2.37645992E-9	2.37645992E-9	3.24707031E-1	0.00000000E+0	0.00000000E+0
3.27148437E-1	2.40076004E-9	2.40076004E-9	3.27148437E-1	0.00000000E+0	0.00000000E+0
3.29589844E-1	2.40608000E-9	2.40608000E-9	3.29589844E-1	0.00000000E+0	0.00000000E+0
3.32031250E-1	2.43112996E-9	2.43112996E-9	3.32031250E-1	0.00000000E+0	0.00000000E+0
3.34472656E-1	2.43112996E-9	2.43112996E-9	3.34472656E-1	0.00000000E+0	0.00000000E+0
3.36914062E-1	2.46415999E-9	2.46415999E-9	3.36914062E-1	0.00000000E+0	0.00000000E+0
3.39355469E-1	2.46832998E-9	2.46832998E-9	3.39355469E-1	0.00000000E+0	0.00000000E+0
3.41796875E-1	2.48806997E-9	2.48806997E-9	3.41796875E-1	0.00000000E+0	0.00000000E+0
3.44238281E-1	2.49642995E-9	2.49642995E-9	3.44238281E-1	0.00000000E+0	0.00000000E+0
3.46679687E-1	2.51996002E-9	2.51996002E-9	3.46679687E-1	0.00000000E+0	0.00000000E+0
3.49121094E-1	2.52755994E-9	2.52755994E-9	3.49121094E-1	0.00000000E+0	0.00000000E+0
3.51562500E-1	2.54539989E-9	2.54539989E-9	3.51562500E-1	0.00000000E+0	0.00000000E+0
3.54003906E-1	2.55793009E-9	2.55793009E-9	3.54003906E-1	0.00000000E+0	0.00000000E+0
3.56445312E-1	2.58095989E-9	2.58095989E-9	3.56445312E-1	0.00000000E+0	0.00000000E+0
3.58886719E-1	2.58830002E-9	2.58830002E-9	3.58886719E-1	0.00000000E+0	0.00000000E+0
3.61328125E-1	2.61411004E-9	2.61411004E-9	3.61328125E-1	0.00000000E+0	0.00000000E+0
3.63769531E-1	2.63612998E-9	2.63612998E-9	3.63769531E-1	0.00000000E+0	0.00000000E+0
3.66210937E-1	2.63385003E-9	2.63385003E-9	3.66210937E-1	0.00000000E+0	0.00000000E+0
3.68652344E-1	2.64371991E-9	2.64371991E-9	3.68652344E-1	0.00000000E+0	0.00000000E+0
3.71093750E-1	2.66156008E-9	2.66156008E-9	3.71093750E-1	0.00000000E+0	0.00000000E+0
3.73535156E-1	2.67637001E-9	2.67637001E-9	3.73535156E-1	0.00000000E+0	0.00000000E+0
3.75976562E-1	2.69687006E-9	2.69687006E-9	3.75976562E-1	0.00000000E+0	0.00000000E+0
3.78417969E-1	2.70598011E-9	2.70598011E-9	3.78417969E-1	0.00000000E+0	0.00000000E+0
3.80859375E-1	2.72116996E-9	2.72116996E-9	3.80859375E-1	0.00000000E+0	0.00000000E+0
3.83300781E-1	2.74546008E-9	2.74546008E-9	3.83300781E-1	0.00000000E+0	0.00000000E+0
3.85742187E-1	2.76291989E-9	2.76291989E-9	3.85742187E-1	0.00000000E+0	0.00000000E+0
3.88183594E-1	2.77659007E-9	2.77659007E-9	3.88183594E-1	0.00000000E+0	0.00000000E+0
3.90625000E-1	2.83050006E-9	2.83050006E-9	3.90625000E-1	0.00000000E+0	0.00000000E+0
3.93066406E-1	2.83885004E-9	2.83885004E-9	3.93066406E-1	0.00000000E+0	0.00000000E+0
3.95507812E-1	2.83050006E-9	2.83050006E-9	3.95507812E-1	0.00000000E+0	0.00000000E+0
3.97949219E-1	2.83581003E-9	2.83581003E-9	3.97949219E-1	0.00000000E+0	0.00000000E+0
4.00390625E-1	2.88440005E-9	2.88440005E-9	4.00390625E-1	0.00000000E+0	0.00000000E+0
4.02832031E-1	2.93147995E-9	2.93147995E-9	4.02832031E-1	0.00000000E+0	0.00000000E+0
4.05273437E-1	2.97855007E-9	2.97855007E-9	4.05273437E-1	0.00000000E+0	0.00000000E+0
4.07714844E-1	3.01633007E-9	3.01633007E-9	4.07714844E-1	0.00000000E+0	0.00000000E+0
4.10156250E-1	3.09054005E-9	3.09054005E-9	4.10156250E-1	0.00000000E+0	0.00000000E+0
4.12597656E-1	3.07231995E-9	3.07231995E-9	4.12597656E-1	0.00000000E+0	0.00000000E+0
4.15039062E-1	3.10307002E-9	3.10307002E-9	4.15039062E-1	0.00000000E+0	0.00000000E+0
4.17480469E-1	3.15317994E-9	3.15317994E-9	4.17480469E-1	0.00000000E+0	0.00000000E+0
4.19921875E-1	3.17140003E-9	3.17140003E-9	4.19921875E-1	0.00000000E+0	0.00000000E+0
4.22363281E-1	3.18961990E-9	3.18961990E-9	4.22363281E-1	0.00000000E+0	0.00000000E+0
4.24804687E-1	3.21619997E-9	3.21619997E-9	4.24804687E-1	0.00000000E+0	0.00000000E+0
4.27246094E-1	3.23328009E-9	3.23328009E-9	4.27246094E-1	0.00000000E+0	0.00000000E+0
4.29687500E-1	3.27087002E-9	3.27087002E-9	4.29687500E-1	0.00000000E+0	0.00000000E+0
4.32128906E-1	3.27390004E-9	3.27390004E-9	4.32128906E-1	0.00000000E+0	0.00000000E+0
4.34570312E-1	3.30312999E-9	3.30312999E-9	4.34570312E-1	0.00000000E+0	0.00000000E+0
4.37011719E-1	3.31338001E-9	3.31338001E-9	4.37011719E-1	0.00000000E+0	0.00000000E+0
4.39453125E-1	3.35096995E-9	3.35096995E-9	4.39453125E-1	0.00000000E+0	0.00000000E+0
4.41894531E-1	3.35894002E-9	3.35894002E-9	4.41894531E-1	0.00000000E+0	0.00000000E+0
4.44335937E-1	3.38816997E-9	3.38816997E-9	4.44335937E-1	0.00000000E+0	0.00000000E+0
4.46777344E-1	3.38019990E-9	3.38019990E-9	4.46777344E-1	0.00000000E+0	0.00000000E+0
4.49218750E-1	3.35285999E-9	3.35285999E-9	4.49218750E-1	0.00000000E+0	0.00000000E+0
4.51660156E-1	3.36577011E-9	3.36577011E-9	4.51660156E-1	0.00000000E+0	0.00000000E+0
4.54101562E-1	3.42082007E-9	3.42082007E-9	4.54101562E-1	0.00000000E+0	0.00000000E+0
4.56542969E-1	3.42082007E-9	3.42082007E-9	4.56542969E-1	0.00000000E+0	0.00000000E+0
4.58984375E-1	3.44093998E-9	3.44093998E-9	4.58984375E-1	0.00000000E+0	0.00000000E+0
4.61425781E-1	3.44624995E-9	3.44624995E-9	4.61425781E-1	0.00000000E+0	0.00000000E+0
4.63867187E-1	3.50015994E-9	3.50015994E-9	4.63867187E-1	0.00000000E+0	0.00000000E+0
4.66308594E-1	3.50243989E-9	3.50243989E-9	4.66308594E-1	0.00000000E+0	0.00000000E+0
4.68750000E-1	3.54039997E-9	3.54039997E-9	4.68750000E-1	0.00000000E+0	0.00000000E+0
4.71191406E-1	3.55766994E-9	3.55766994E-9	4.71191406E-1	0.00000000E+0	0.00000000E+0
4.73632812E-1	3.57456997E-9	3.57456997E-9	4.73632812E-1	0.00000000E+0	0.00000000E+0
4.76074219E-1	3.58861008E-9	3.58861008E-9	4.76074219E-1	0.00000000E+0	0.00000000E+0
4.78515625E-1	3.62315999E-9	3.62315999E-9	4.78515625E-1	0.00000000E+0	0.00000000E+0
4.80957031E-1	3.65124997E-9	3.65124997E-9	4.80957031E-1	0.00000000E+0	0.00000000E+0
4.83398437E-1	3.68237996E-9	3.68237996E-9	4.83398437E-1	0.00000000E+0	0.00000000E+0
4.85839844E-1	3.68997011E-9	3.68997011E-9	4.85839844E-1	0.00000000E+0	0.00000000E+0
4.88281250E-1	3.72642006E-9	3.72642006E-9	4.88281250E-1	0.00000000E+0	0.00000000E+0
4.90722656E-1	3.73097020E-9	3.73097020E-9	4.90722656E-1	0.00000000E+0	0.00000000E+0
4.93164062E-1	3.77576992E-9	3.77576992E-9	4.93164062E-1	0.00000000E+0	0.00000000E+0
4.90722656E-1	3.78715992E-9	3.78715992E-9	4.90722656E-1	0.00000000E+0	0.00000000E+0
4.88281250E-1	3.80310006E-9	3.80310006E-9	4.88281250E-1	0.00000000E+0	0.00000000E+0
4.85839844E-1	3.70895004E-9	3.70895004E-9	4.85839844E-1	0.00000000E+0	0.00000000E+0
4.83398437E-1	3.71275011E-9	3.71275011E-9	4.83398437E-1	0.00000000E+0	0.00000000E+0
4.80957031E-1	3.68237996E-9	3.68237996E-9	4.80957031E-1	0.00000000E+0	0.00000000E+0
4.78515625E-1	3.68390007E-9	3.68390007E-9	4.78515625E-1	0.00000000E+0	0.00000000E+0
4.76074219E-1	3.62846997E-9	3.62846997E-9	4.76074219E-1	0.00000000E+0	0.00000000E+0
4.73632812E-1	3.63834007E-9	3.63834007E-9	4.73632812E-1	0.00000000E+0	0.00000000E+0
4.71191406E-1	3.57038998E-9	3.57038998E-9	4.71191406E-1	0.00000000E+0	0.00000000E+0
4.68750000E-1	3.57987995E-9	3.57987995E-9	4.68750000E-1	0.00000000E+0	0.00000000E+0
4.66308594E-1	3.51154994E-9	3.51154994E-9	4.66308594E-1	0.00000000E+0	0.00000000E+0
4.63867187E-1	3.53281004E-9	3.53281004E-9	4.63867187E-1	0.00000000E+0	0.00000000E+0
4.61425781E-1	3.27884009E-9	3.27884009E-9	4.61425781E-1	0.00000000E+0	0.00000000E+0
4.58984375E-1	3.33161010E-9	3.33161010E-9	4.58984375E-1	0.00000000E+0	0.00000000E+0
4.56542969E-1	3.30312999E-9	3.30312999E-9	4.56542969E-1	0.00000000E+0	0.00000000E+0
4.54101562E-1	3.41968009E-9	3.41968009E-9	4.54101562E-1	0.00000000E+0	0.00000000E+0
4.51660156E-1	3.36805006E-9	3.36805006E-9	4.51660156E-1	0.00000000E+0	0.00000000E+0
4.49218750E-1	3.37109007E-9	3.37109007E-9	4.49218750E-1	0.00000000E+0	0.00000000E+0
4.46777344E-1	3.28301009E-9	3.28301009E-9	4.46777344E-1	0.00000000E+0	0.00000000E+0
4.44335937E-1	3.27694005E-9	3.27694005E-9	4.44335937E-1	0.00000000E+0	0.00000000E+0
4.41894531E-1	3.19873994E-9	3.19873994E-9	4.41894531E-1	0.00000000E+0	0.00000000E+0
4.39453125E-1	3.22227001E-9	3.22227001E-9	4.39453125E-1	0.00000000E+0	0.00000000E+0
4.37011719E-1	3.18961990E-9	3.18961990E-9	4.37011719E-1	0.00000000E+0	0.00000000E+0
4.34570312E-1	3.19114002E-9	3.19114002E-9	4.34570312E-1	0.00000000E+0	0.00000000E+0
4.32128906E-1	3.15013993E-9	3.15013993E-9	4.32128906E-1	0.00000000E+0	0.00000000E+0
4.29687500E-1	3.11673998E-9	3.11673998E-9	4.29687500E-1	0.00000000E+0	0.00000000E+0
4.27246094E-1	3.08256998E-9	3.08256998E-9	4.27246094E-1	0.00000000E+0	0.00000000E+0
4.24804687E-1	3.08864001E-9	3.08864001E-9	4.24804687E-1	0.00000000E+0	0.00000000E+0
4.22363281E-1	3.07421999E-9	3.07421999E-9	4.22363281E-1	0.00000000E+0	0.00000000E+0
4.19921875E-1	3.04081005E-9	3.04081005E-9	4.19921875E-1	0.00000000E+0	0.00000000E+0
4.17480469E-1	2.99449998E-9	2.99449998E-9	4.17480469E-1	0.00000000E+0	0.00000000E+0
4.15039062E-1	3.01386005E-9	3.01386005E-9	4.15039062E-1	0.00000000E+0	0.00000000E+0
4.12597656E-1	2.98006997E-9	2.98006997E-9	4.12597656E-1	0.00000000E+0	0.00000000E+0
4.10156250E-1	2.93792990E-9	2.93792990E-9	4.10156250E-1	0.00000000E+0	0.00000000E+0
4.07714844E-1	2.92085001E-9	2.92085001E-9	4.07714844E-1	0.00000000E+0	0.00000000E+0
4.05273437E-1	2.93147995E-9	2.93147995E-9	4.05273437E-1	0.00000000E+0	0.00000000E+0
4.02832031E-1	2.89237989E-9	2.89237989E-9	4.02832031E-1	0.00000000E+0	0.00000000E+0
4.00390625E-1	2.89237989E-9	2.89237989E-9	4.00390625E-1	0.00000000E+0	0.00000000E+0
3.97949219E-1	2.87719004E-9	2.87719004E-9	3.97949219E-1	0.00000000E+0	0.00000000E+0
3.95507812E-1	2.84643997E-9	2.84643997E-9	3.95507812E-1	0.00000000E+0	0.00000000E+0
3.93066406E-1	2.82062995E-9	2.82062995E-9	3.93066406E-1	0.00000000E+0	0.00000000E+0
3.90625000E-1	2.83581003E-9	2.83581003E-9	3.90625000E-1	0.00000000E+0	0.00000000E+0
3.88183594E-1	2.78569989E-9	2.78569989E-9	3.88183594E-1	0.00000000E+0	0.00000000E+0
3.85742187E-1	2.76291989E-9	2.76291989E-9	3.85742187E-1	0.00000000E+0	0.00000000E+0
3.83300781E-1	2.73521006E-9	2.73521006E-9	3.83300781E-1	0.00000000E+0	0.00000000E+0
3.80859375E-1	2.72533995E-9	2.72533995E-9	3.80859375E-1	0.00000000E+0	0.00000000E+0
3.78417969E-1	2.69306999E-9	2.69306999E-9	3.78417969E-1	0.00000000E+0	0.00000000E+0
3.75976562E-1	2.68699996E-9	2.68699996E-9	3.75976562E-1	0.00000000E+0	0.00000000E+0
3.73535156E-1	2.65359001E-9	2.65359001E-9	3.73535156E-1	0.00000000E+0	0.00000000E+0
3.71093750E-1	2.64067990E-9	2.64067990E-9	3.71093750E-1	0.00000000E+0	0.00000000E+0
3.68652344E-1	2.59702992E-9	2.59702992E-9	3.68652344E-1	0.00000000E+0	0.00000000E+0
3.66210937E-1	2.59209010E-9	2.59209010E-9	3.66210937E-1	0.00000000E+0	0.00000000E+0
3.63769531E-1	2.56779997E-9	2.56779997E-9	3.63769531E-1	0.00000000E+0	0.00000000E+0
3.61328125E-1	2.55640997E-9	2.55640997E-9	3.61328125E-1	0.00000000E+0	0.00000000E+0
3.58886719E-1	2.53058996E-9	2.53058996E-9	3.58886719E-1	0.00000000E+0	0.00000000E+0
3.56445312E-1	2.51337995E-9	2.51337995E-9	3.56445312E-1	0.00000000E+0	0.00000000E+0
3.54003906E-1	2.47554999E-9	2.47554999E-9	3.54003906E-1	0.00000000E+0	0.00000000E+0
3.51562500E-1	2.47744003E-9	2.47744003E-9	3.51562500E-1	0.00000000E+0	0.00000000E+0
3.49121094E-1	2.43910003E-9	2.43910003E-9	3.49121094E-1	0.00000000E+0	0.00000000E+0
3.46679687E-1	2.36696995E-9	2.36696995E-9	3.46679687E-1	0.00000000E+0	0.00000000E+0
3.44238281E-1	2.34458009E-9	2.34458009E-9	3.44238281E-1	0.00000000E+0	0.00000000E+0
3.41796875E-1	2.33470998E-9	2.33470998E-9	3.41796875E-1	0.00000000E+0	0.00000000E+0
3.39355469E-1	2.30434005E-9	2.30434005E-9	3.39355469E-1	0.00000000E+0	0.00000000E+0
3.36914062E-1	2.34836994E-9	2.34836994E-9	3.36914062E-1	0.00000000E+0	0.00000000E+0
3.34472656E-1	2.32255992E-9	2.32255992E-9	3.34472656E-1	0.00000000E+0	0.00000000E+0
3.32031250E-1	2.31647990E-9	2.31647990E-9	3.32031250E-1	0.00000000E+0	0.00000000E+0
3.29589844E-1	2.29598007E-9	2.29598007E-9	3.29589844E-1	0.00000000E+0	0.00000000E+0
3.27148437E-1	2.28662000E-9	2.28662000E-9	3.27148437E-1	0.00000000E+0	0.00000000E+0
3.24707031E-1	2.26485009E-9	2.26485009E-9	3.24707031E-1	0.00000000E+0	0.00000000E+0
3.22265625E-1	2.26282992E-9	2.26282992E-9	3.22265625E-1	0.00000000E+0	0.00000000E+0
3.19824219E-1	2.23676011E-9	2.23676011E-9	3.19824219E-1	0.00000000E+0	0.00000000E+0
3.17382812E-1	2.23194996E-9	2.23194996E-9	3.17382812E-1	0.00000000E+0	0.00000000E+0
3.14941406E-1	2.19006990E-9	2.19006990E-9	3.14941406E-1	0.00000000E+0	0.00000000E+0
3.12500000E-1	2.13844009E-9	2.13844009E-9	3.12500000E-1	0.00000000E+0	0.00000000E+0
3.10058594E-1	2.12894991E-9	2.12894991E-9	3.10058594E-1	0.00000000E+0	0.00000000E+0
3.07617187E-1	2.11173989E-9	2.11173989E-9	3.07617187E-1	0.00000000E+0	0.00000000E+0
3.05175781E-1	2.09831996E-9	2.09831996E-9	3.05175781E-1	0.00000000E+0	0.00000000E+0
3.02734375E-1	2.08085993E-9	2.08085993E-9	3.02734375E-1	0.00000000E+0	0.00000000E+0
3.00292969E-1	2.07124007E-9	2.07124007E-9	3.00292969E-1	0.00000000E+0	0.00000000E+0
2.97851562E-1	2.05100004E-9	2.05100004E-9	2.97851562E-1	0.00000000E+0	0.00000000E+0
2.95410156E-1	2.04847006E-9	2.04847006E-9	2.95410156E-1	0.00000000E+0	0.00000000E+0
2.92968750E-1	2.02188999E-9	2.02188999E-9	2.92968750E-1	0.00000000E+0	0.00000000E+0
2.90527344E-1	2.01885997E-9	2.01885997E-9	2.90527344E-1	0.00000000E+0	0.00000000E+0
2.88085937E-1	1.98962002E-9	1.98962002E-9	2.88085937E-1	0.00000000E+0	0.00000000E+0
2.85644531E-1	1.98659000E-9	1.98659000E-9	2.85644531E-1	0.00000000E+0	0.00000000E+0
2.83203125E-1	1.96596006E-9	1.96596006E-9	2.83203125E-1	0.00000000E+0	0.00000000E+0
2.80761719E-1	1.95659999E-9	1.95659999E-9	2.80761719E-1	0.00000000E+0	0.00000000E+0
2.78320312E-1	1.93912997E-9	1.93912997E-9	2.78320312E-1	0.00000000E+0	0.00000000E+0
2.75878906E-1	1.92964000E-9	1.92964000E-9	2.75878906E-1	0.00000000E+0	0.00000000E+0
2.73437500E-1	1.90117011E-9	1.90117011E-9	2.73437500E-1	0.00000000E+0	0.00000000E+0
2.70996094E-1	1.90952010E-9	1.90952010E-9	2.70996094E-1	0.00000000E+0	0.00000000E+0
2.68554687E-1	1.88346005E-9	1.88346005E-9	2.68554687E-1	0.00000000E+0	0.00000000E+0
2.66113281E-1	1.87687998E-9	1.87687998E-9	2.66113281E-1	0.00000000E+0	0.00000000E+0
2.63671875E-1	1.85535998E-9	1.85535998E-9	2.63671875E-1	0.00000000E+0	0.00000000E+0
2.61230469E-1	1.85105997E-9	1.85105997E-9	2.61230469E-1	0.00000000E+0	0.00000000E+0
2.58789062E-1	1.82372994E-9	1.82372994E-9	2.58789062E-1	0.00000000E+0	0.00000000E+0
2.56347656E-1	1.82495996E-9	1.82495996E-9	2.56347656E-1	0.00000000E+0	0.00000000E+0
2.53906250E-1	1.80740001E-9	1.80740001E-9	2.53906250E-1	0.00000000E+0	0.00000000E+0
2.51464844E-1	1.79943005E-9	1.79943005E-9	2.51464844E-1	0.00000000E+0	0.00000000E+0
2.49023437E-1	1.78272996E-9	1.78272996E-9	2.49023437E-1	0.00000000E+0	0.00000000E+0
2.46582031E-1	1.77665005E-9	1.77665005E-9	2.46582031E-1	0.00000000E+0	0.00000000E+0
2.44140625E-1	1.75690995E-9	1.75690995E-9	2.44140625E-1	0.00000000E+0	0.00000000E+0
2.41699219E-1	1.75463999E-9	1.75463999E-9	2.41699219E-1	0.00000000E+0	0.00000000E+0
2.39257812E-1	1.73945003E-9	1.73945003E-9	2.39257812E-1	0.00000000E+0	0.00000000E+0
2.36816406E-1	1.72881998E-9	1.72881998E-9	2.36816406E-1	0.00000000E+0	0.00000000E+0
2.34375000E-1	1.71212000E-9	1.71212000E-9	2.34375000E-1	0.00000000E+0	0.00000000E+0
2.31933594E-1	1.70755998E-9	1.70755998E-9	2.31933594E-1	0.00000000E+0	0.00000000E+0
2.29492187E-1	1.69313996E-9	1.69313996E-9	2.29492187E-1	0.00000000E+0	0.00000000E+0
2.27050781E-1	1.68629999E-9	1.68629999E-9	2.27050781E-1	0.00000000E+0	0.00000000E+0
2.24609375E-1	1.68073000E-9	1.68073000E-9	2.24609375E-1	0.00000000E+0	0.00000000E+0
2.22167969E-1	1.66833003E-9	1.66833003E-9	2.22167969E-1	0.00000000E+0	0.00000000E+0
2.19726562E-1	1.65896996E-9	1.65896996E-9	2.19726562E-1	0.00000000E+0	0.00000000E+0
2.17285156E-1	1.64834002E-9	1.64834002E-9	2.17285156E-1	0.00000000E+0	0.00000000E+0
2.14843750E-1	1.63999003E-9	1.63999003E-9	2.14843750E-1	0.00000000E+0	0.00000000E+0
2.12402344E-1	1.62860003E-9	1.62860003E-9	2.12402344E-1	0.00000000E+0	0.00000000E+0
2.09960937E-1	1.61796998E-9	1.61796998E-9	2.09960937E-1	0.00000000E+0	0.00000000E+0
2.07519531E-1	1.61378999E-9	1.61378999E-9	2.07519531E-1	0.00000000E+0	0.00000000E+0
2.05078125E-1	1.61038005E-9	1.61038005E-9	2.05078125E-1	0.00000000E+0	0.00000000E+0
2.02636719E-1	1.59670999E-9	1.59670999E-9	2.02636719E-1	0.00000000E+0	0.00000000E+0
2.00195312E-1	1.59266000E-9	1.59266000E-9	2.00195312E-1	0.00000000E+0	0.00000000E+0
1.97753906E-1	1.58039004E-9	1.58039004E-9	1.97753906E-1	0.00000000E+0	0.00000000E+0
1.95312500E-1	1.58153002E-9	1.58153002E-9	1.95312500E-1	0.00000000E+0	0.00000000E+0
1.92871094E-1	1.56272995E-9	1.56272995E-9	1.92871094E-1	0.00000000E+0	0.00000000E+0
1.90429687E-1	1.56880997E-9	1.56880997E-9	1.90429687E-1	0.00000000E+0	0.00000000E+0
1.87988281E-1	1.55115998E-9	1.55115998E-9	1.87988281E-1	0.00000000E+0	0.00000000E+0
1.85546875E-1	1.55913005E-9	1.55913005E-9	1.85546875E-1	0.00000000E+0	0.00000000E+0
1.83105469E-1	1.53545998E-9	1.53545998E-9	1.83105469E-1	0.00000000E+0	0.00000000E+0
1.80664062E-1	1.53419999E-9	1.53419999E-9	1.80664062E-1	0.00000000E+0	0.00000000E+0
1.78222656E-1	1.51471002E-9	1.51471002E-9	1.78222656E-1	0.00000000E+0	0.00000000E+0
1.75781250E-1	1.52079005E-9	1.52079005E-9	1.75781250E-1	0.00000000E+0	0.00000000E+0
1.73339844E-1	1.50964996E-9	1.50964996E-9	1.73339844E-1	0.00000000E+0	0.00000000E+0
1.70898437E-1	1.50559998E-9	1.50559998E-9	1.70898437E-1	0.00000000E+0	0.00000000E+0
1.68457031E-1	1.49325996E-9	1.49325996E-9	1.68457031E-1	0.00000000E+0	0.00000000E+0
1.66015625E-1	1.49231005E-9	1.49231005E-9	1.66015625E-1	0.00000000E+0	0.00000000E+0
1.63574219E-1	1.47751000E-9	1.47751000E-9	1.63574219E-1	0.00000000E+0	0.00000000E+0
1.61132812E-1	1.47321000E-9	1.47321000E-9	1.61132812E-1	0.00000000E+0	0.00000000E+0
1.58691406E-1	1.45700996E-9	1.45700996E-9	1.58691406E-1	0.00000000E+0	0.00000000E+0
1.56250000E-1	1.46307999E-9	1.46307999E-9	1.56250000E-1	0.00000000E+0	0.00000000E+0
1.53808594E-1	1.44467005E-9	1.44467005E-9	1.53808594E-1	0.00000000E+0	0.00000000E+0
1.51367187E-1	1.44467005E-9	1.44467005E-9	1.51367187E-1	0.00000000E+0	0.00000000E+0
1.48925781E-1	1.42473999E-9	1.42473999E-9	1.48925781E-1	0.00000000E+0	0.00000000E+0
1.46484375E-1	1.43169998E-9	1.43169998E-9	1.46484375E-1	0.00000000E+0	0.00000000E+0
1.44042969E-1	1.42283996E-9	1.42283996E-9	1.44042969E-1	0.00000000E+0	0.00000000E+0
1.41601562E-1	1.42283996E-9	1.42283996E-9	1.41601562E-1	0.00000000E+0	0.00000000E+0
1.39160156E-1	1.42131995E-9	1.42131995E-9	1.39160156E-1	0.00000000E+0	0.00000000E+0
1.36718750E-1	1.41321999E-9	1.41321999E-9	1.36718750E-1	0.00000000E+0	0.00000000E+0
1.34277344E-1	1.40842005E-9	1.40842005E-9	1.34277344E-1	0.00000000E+0	0.00000000E+0
1.31835937E-1	1.40005996E-9	1.40005996E-9	1.31835937E-1	0.00000000E+0	0.00000000E+0
1.29394531E-1	1.39513001E-9	1.39513001E-9	1.29394531E-1	0.00000000E+0	0.00000000E+0
1.26953125E-1	1.39095002E-9	1.39095002E-9	1.26953125E-1	0.00000000E+0	0.00000000E+0
1.24511719E-1	1.39855005E-9	1.39855005E-9	1.24511719E-1	0.00000000E+0	0.00000000E+0
1.22070312E-1	1.39018996E-9	1.39018996E-9	1.22070312E-1	0.00000000E+0	0.00000000E+0
1.19628906E-1	1.39703005E-9	1.39703005E-9	1.19628906E-1	0.00000000E+0	0.00000000E+0
1.17187500E-1	1.38397005E-9	1.38397005E-9	1.17187500E-1	0.00000000E+0	0.00000000E+0
1.14746094E-1	1.39018996E-9	1.39018996E-9	1.14746094E-1	0.00000000E+0	0.00000000E+0
1.12304687E-1	1.38564005E-9	1.38564005E-9	1.12304687E-1	0.00000000E+0	0.00000000E+0
1.09863281E-1	1.39778999E-9	1.39778999E-9	1.09863281E-1	0.00000000E+0	0.00000000E+0
1.07421875E-1	1.39018996E-9	1.39018996E-9	1.07421875E-1	0.00000000E+0	0.00000000E+0
1.04980469E-1	1.39703005E-9	1.39703005E-9	1.04980469E-1	0.00000000E+0	0.00000000E+0
1.02539062E-1	1.39778999E-9	1.39778999E-9	1.02539062E-1	0.00000000E+0	0.00000000E+0
1.00097656E-1	1.41848000E-9	1.41848000E-9	1.00097656E-1	0.00000000E+0	0.00000000E+0
9.76562500E-2	1.40157996E-9	1.40157996E-9	9.76562500E-2	0.00000000E+0	0.00000000E+0
9.52148438E-2	1.41600998E-9	1.41600998E-9	9.52148438E-2	0.00000000E+0	0.00000000E+0
9.27734375E-2	1.40917000E-9	1.40917000E-9	9.27734375E-2	0.00000000E+0	0.00000000E+0
9.03320313E-2	1.42208001E-9	1.42208001E-9	9.03320313E-2	0.00000000E+0	0.00000000E+0
8.78906250E-2	1.42208001E-9	1.42208001E-9	8.78906250E-2	0.00000000E+0	0.00000000E+0
8.54492188E-2	1.41942003E-9	1.41942003E-9	8.54492188E-2	0.00000000E+0	0.00000000E+0
8.30078125E-2	1.38917999E-9	1.38917999E-9	8.30078125E-2	0.00000000E+0	0.00000000E+0
8.05664063E-2	1.37577005E-9	1.37577005E-9	8.05664063E-2	0.00000000E+0	0.00000000E+0
7.81250000E-2	1.31931999E-9	1.31931999E-9	7.81250000E-2	0.00000000E+0	0.00000000E+0
7.56835938E-2	1.26730004E-9	1.26730004E-9	7.56835938E-2	0.00000000E+0	0.00000000E+0
7.32421875E-2	1.11841003E-9	1.11841003E-9	7.32421875E-2	0.00000000E+0	0.00000000E+0
7.08007813E-2	6.41827980E-10	6.41827980E-10	7.08007813E-2	0.00000000E+0	0.00000000E+0
6.83593750E-2	2.65525990E-10	2.65525990E-10	6.83593750E-2	0.00000000E+0	0.00000000E+0
6.59179688E-2	2.09985002E-10	2.09985002E-10	6.59179688E-2	0.00000000E+0	0.00000000E+0
6.34765625E-2	1.79877002E-10	1.79877002E-10	6.34765625E-2	0.00000000E+0	0.00000000E+0
6.10351563E-2	1.60839994E-10	1.60839994E-10	6.10351563E-2	0.00000000E+0	0.00000000E+0
5.85937500E-2	1.43153003E-10	1.43153003E-10	5.85937500E-2	0.00000000E+0	0.00000000E+0
5.61523438E-2	1.29277006E-10	1.29277006E-10	5.61523438E-2	0.00000000E+0	0.00000000E+0
5.37109375E-2	1.15448998E-10	1.15448998E-10	5.37109375E-2	0.00000000E+0	0.00000000E+0
5.12695313E-2	1.04820000E-10	1.04820000E-10	5.12695313E-2	0.00000000E+0	0.00000000E+0
4.88281250E-2	9.36465003E-11	9.36465003E-11	4.88281250E-2	0.00000000E+0	0.00000000E+0
4.63867188E-2	8.69816025E-11	8.69816025E-11	4.63867188E-2	0.00000000E+0	0.00000000E+0
4.39453125E-2	7.77578973E-11	7.77578973E-11	4.39453125E-2	0.00000000E+0	0.00000000E+0
4.15039063E-2	7.16073034E-11	7.16073034E-11	4.15039063E-2	0.00000000E+0	0.00000000E+0
3.90625000E-2	6.25784008E-11	6.25784008E-11	3.90625000E-2	0.00000000E+0	0.00000000E+0
3.66210938E-2	6.09549980E-11	6.09549980E-11	3.66210938E-2	0.00000000E+0	0.00000000E+0
3.41796875E-2	5.12512012E-11	5.12512012E-11	3.41796875E-2	0.00000000E+0	0.00000000E+0
3.17382813E-2	4.27477012E-11	4.27477012E-11	3.17382813E-2	0.00000000E+0	0.00000000E+0
2.92968750E-2	3.52910999E-11	3.52910999E-11	2.92968750E-2	0.00000000E+0	0.00000000E+0
2.68554688E-2	3.12690984E-11	3.12690984E-11	2.68554688E-2	0.00000000E+0	0.00000000E+0
2.44140625E-2	2.52425997E-11	2.52425997E-11	2.44140625E-2	0.00000000E+0	0.00000000E+0
2.19726563E-2	1.83094997E-11	1.83094997E-11	2.19726563E-2	0.00000000E+0	0.00000000E+0
1.95312500E-2	1.10316999E-11	1.10316999E-11	1.95312500E-2	0.00000000E+0	0.00000000E+0
1.70898438E-2	6.24360980E-12	6.24360980E-12	1.70898438E-2	0.00000000E+0	0.00000000E+0
1.46484375E-2	1.64709002E-12	1.64709002E-12	1.46484375E-2	0.00000000E+0	0.00000000E+0
1.22070313E-2	-3.65168009E-12	-3.65168009E-12	1.22070313E-2	0.00000000E+0	0.00000000E+0
9.76562500E-3	-8.88661020E-12	-8.88661020E-12	9.76562500E-3	0.00000000E+0	0.00000000E+0
7.32421875E-3	-1.04077996E-11	-1.04077996E-11	7.32421875E-3	0.00000000E+0	0.00000000E+0
4.88281250E-3	-1.32533004E-11	-1.32533004E-11	4.88281250E-3	0.00000000E+0	0.00000000E+0
2.44140625E-3	-1.69305004E-11	-1.69305004E-11	2.44140625E-3	0.00000000E+0	0.00000000E+0
0.00000000E+0	-1.92671001E-11	-1.92671001E-11	0.00000000E+0	0.00000000E+0	0.00000000E+0
-2.44140625E-3	-1.48620994E-11	-1.48620994E-11	-2.44140625E-3	0.00000000E+0	0.00000000E+0
-4.88281250E-3	-1.89224001E-11	-1.89224001E-11	-4.88281250E-3	0.00000000E+0	0.00000000E+0
-7.32421875E-3	-2.65066007E-11	-2.65066007E-11	-7.32421875E-3	0.00000000E+0	0.00000000E+0
-9.76562500E-3	-2.92358013E-11	-2.92358013E-11	-9.76562500E-3	0.00000000E+0	0.00000000E+0
-1.22070313E-2	-3.37078004E-11	-3.37078004E-11	-1.22070313E-2	0.00000000E+0	0.00000000E+0
-1.46484375E-2	-3.90193988E-11	-3.90193988E-11	-1.46484375E-2	0.00000000E+0	0.00000000E+0
-1.70898438E-2	-4.87231991E-11	-4.87231991E-11	-1.70898438E-2	0.00000000E+0	0.00000000E+0
-1.95312500E-2	-5.48136016E-11	-5.48136016E-11	-1.95312500E-2	0.00000000E+0	0.00000000E+0
-2.19726563E-2	-6.08273015E-11	-6.08273015E-11	-2.19726563E-2	0.00000000E+0	0.00000000E+0
-2.44140625E-2	-6.73774023E-11	-6.73774023E-11	-2.44140625E-2	0.00000000E+0	0.00000000E+0
-2.68554688E-2	-7.87026971E-11	-7.87026971E-11	-2.68554688E-2	0.00000000E+0	0.00000000E+0
-2.92968750E-2	-8.49591023E-11	-8.49591023E-11	-2.92968750E-2	0.00000000E+0	0.00000000E+0
-3.17382813E-2	-9.44039014E-11	-9.44039014E-11	-3.17382813E-2	0.00000000E+0	0.00000000E+0
-3.41796875E-2	-1.02181000E-10	-1.02181000E-10	-3.41796875E-2	0.00000000E+0	0.00000000E+0
-3.66210938E-2	-1.12652998E-10	-1.12652998E-10	-3.66210938E-2	0.00000000E+0	0.00000000E+0
-3.90625000E-2	-1.20567001E-10	-1.20567001E-10	-3.90625000E-2	0.00000000E+0	0.00000000E+0
-4.15039063E-2	-1.28510994E-10	-1.28510994E-10	-4.15039063E-2	0.00000000E+0	0.00000000E+0
-4.39453125E-2	-1.33606001E-10	-1.33606001E-10	-4.39453125E-2	0.00000000E+0	0.00000000E+0
-4.63867188E-2	-1.49641993E-10	-1.49641993E-10	-4.63867188E-2	0.00000000E+0	0.00000000E+0
-4.88281250E-2	-1.56818003E-10	-1.56818003E-10	-4.88281250E-2	0.00000000E+0	0.00000000E+0
-5.12695313E-2	-1.70070999E-10	-1.70070999E-10	-5.12695313E-2	0.00000000E+0	0.00000000E+0
-5.37109375E-2	-1.80777004E-10	-1.80777004E-10	-5.37109375E-2	0.00000000E+0	0.00000000E+0
-5.61523438E-2	-1.96271999E-10	-1.96271999E-10	-5.61523438E-2	0.00000000E+0	0.00000000E+0
-5.85937500E-2	-2.07838996E-10	-2.07838996E-10	-5.85937500E-2	0.00000000E+0	0.00000000E+0
-6.10351563E-2	-2.24413002E-10	-2.24413002E-10	-6.10351563E-2	0.00000000E+0	0.00000000E+0
-6.34765625E-2	-2.40550996E-10	-2.40550996E-10	-6.34765625E-2	0.00000000E+0	0.00000000E+0
-6.59179688E-2	-2.69662986E-10	-2.69662986E-10	-6.59179688E-2	0.00000000E+0	0.00000000E+0
-6.83593750E-2	-2.98792990E-10	-2.98792990E-10	-6.83593750E-2	0.00000000E+0	0.00000000E+0
-7.08007813E-2	-3.37140010E-10	-3.37140010E-10	-7.08007813E-2	0.00000000E+0	0.00000000E+0
-7.32421875E-2	-3.67542996E-10	-3.67542996E-10	-7.32421875E-2	0.00000000E+0	0.00000000E+0
-7.56835938E-2	-4.21788993E-10	-4.21788993E-10	-7.56835938E-2	0.00000000E+0	0.00000000E+0
-7.81250000E-2	-5.15767984E-10	-5.15767984E-10	-7.81250000E-2	0.00000000E+0	0.00000000E+0
-8.05664063E-2	-1.56937996E-9	-1.56937996E-9	-8.05664063E-2	0.00000000E+0	0.00000000E+0
-8.30078125E-2	-1.53496005E-9	-1.53496005E-9	-8.30078125E-2	0.00000000E+0	0.00000000E+0
-8.54492188E-2	-1.47371004E-9	-1.47371004E-9	-8.54492188E-2	0.00000000E+0	0.00000000E+0
-8.78906250E-2	-1.45168999E-9	-1.45168999E-9	-8.78906250E-2	0.00000000E+0	0.00000000E+0
-9.03320313E-2	-1.41904999E-9	-1.41904999E-9	-9.03320313E-2	0.00000000E+0	0.00000000E+0
-9.27734375E-2	-1.40082002E-9	-1.40082002E-9	-9.27734375E-2	0.00000000E+0	0.00000000E+0
-9.52148438E-2	-1.38203005E-9	-1.38203005E-9	-9.52148438E-2	0.00000000E+0	0.00000000E+0
-9.76562500E-2	-1.37196998E-9	-1.37196998E-9	-9.76562500E-2	0.00000000E+0	0.00000000E+0
-1.00097656E-1	-1.37879996E-9	-1.37879996E-9	-1.00097656E-1	0.00000000E+0	0.00000000E+0
-1.02539062E-1	-1.37425005E-9	-1.37425005E-9	-1.02539062E-1	0.00000000E+0	0.00000000E+0
-1.04980469E-1	-1.36438005E-9	-1.36438005E-9	-1.04980469E-1	0.00000000E+0	0.00000000E+0
-1.07421875E-1	-1.36514000E-9	-1.36514000E-9	-1.07421875E-1	0.00000000E+0	0.00000000E+0
-1.09863281E-1	-1.36818001E-9	-1.36818001E-9	-1.09863281E-1	0.00000000E+0	0.00000000E+0
-1.12304687E-1	-1.37273004E-9	-1.37273004E-9	-1.12304687E-1	0.00000000E+0	0.00000000E+0
-1.14746094E-1	-1.37500999E-9	-1.37500999E-9	-1.14746094E-1	0.00000000E+0	0.00000000E+0
-1.17187500E-1	-1.37956002E-9	-1.37956002E-9	-1.17187500E-1	0.00000000E+0	0.00000000E+0
-1.19628906E-1	-1.38392997E-9	-1.38392997E-9	-1.19628906E-1	0.00000000E+0	0.00000000E+0
-1.22070312E-1	-1.39018996E-9	-1.39018996E-9	-1.22070312E-1	0.00000000E+0	0.00000000E+0
-1.24511719E-1	-1.39804002E-9	-1.39804002E-9	-1.24511719E-1	0.00000000E+0	0.00000000E+0
-1.26953125E-1	-1.40633005E-9	-1.40633005E-9	-1.26953125E-1	0.00000000E+0	0.00000000E+0
-1.29394531E-1	-1.41904999E-9	-1.41904999E-9	-1.29394531E-1	0.00000000E+0	0.00000000E+0
-1.31835937E-1	-1.42487000E-9	-1.42487000E-9	-1.31835937E-1	0.00000000E+0	0.00000000E+0
-1.34277344E-1	-1.44334000E-9	-1.44334000E-9	-1.34277344E-1	0.00000000E+0	0.00000000E+0
-1.36718750E-1	-1.44586998E-9	-1.44586998E-9	-1.36718750E-1	0.00000000E+0	0.00000000E+0
-1.39160156E-1	-1.45282997E-9	-1.45282997E-9	-1.39160156E-1	0.00000000E+0	0.00000000E+0
-1.41601562E-1	-1.46821000E-9	-1.46821000E-9	-1.41601562E-1	0.00000000E+0	0.00000000E+0
-1.44042969E-1	-1.47941004E-9	-1.47941004E-9	-1.44042969E-1	0.00000000E+0	0.00000000E+0
-1.46484375E-1	-1.49724999E-9	-1.49724999E-9	-1.46484375E-1	0.00000000E+0	0.00000000E+0
-1.48925781E-1	-1.50863999E-9	-1.50863999E-9	-1.48925781E-1	0.00000000E+0	0.00000000E+0
-1.51367187E-1	-1.51775004E-9	-1.51775004E-9	-1.51367187E-1	0.00000000E+0	0.00000000E+0
-1.53808594E-1	-1.53710999E-9	-1.53710999E-9	-1.53808594E-1	0.00000000E+0	0.00000000E+0
-1.56250000E-1	-1.54609003E-9	-1.54609003E-9	-1.56250000E-1	0.00000000E+0	0.00000000E+0
-1.58691406E-1	-1.55875002E-9	-1.55875002E-9	-1.58691406E-1	0.00000000E+0	0.00000000E+0
-1.61132812E-1	-1.56937996E-9	-1.56937996E-9	-1.61132812E-1	0.00000000E+0	0.00000000E+0
-1.63574219E-1	-1.58570002E-9	-1.58570002E-9	-1.63574219E-1	0.00000000E+0	0.00000000E+0
-1.66015625E-1	-1.59469005E-9	-1.59469005E-9	-1.66015625E-1	0.00000000E+0	0.00000000E+0
-1.68457031E-1	-1.61397995E-9	-1.61397995E-9	-1.68457031E-1	0.00000000E+0	0.00000000E+0
-1.70898437E-1	-1.62303004E-9	-1.62303004E-9	-1.70898437E-1	0.00000000E+0	0.00000000E+0
-1.73339844E-1	-1.64321001E-9	-1.64321001E-9	-1.73339844E-1	0.00000000E+0	0.00000000E+0
-1.75781250E-1	-1.65643999E-9	-1.65643999E-9	-1.75781250E-1	0.00000000E+0	0.00000000E+0
-1.78222656E-1	-1.67517000E-9	-1.67517000E-9	-1.78222656E-1	0.00000000E+0	0.00000000E+0
-1.80664062E-1	-1.68573000E-9	-1.68573000E-9	-1.80664062E-1	0.00000000E+0	0.00000000E+0
-1.83105469E-1	-1.70148995E-9	-1.70148995E-9	-1.83105469E-1	0.00000000E+0	0.00000000E+0
-1.85546875E-1	-1.71642001E-9	-1.71642001E-9	-1.85546875E-1	0.00000000E+0	0.00000000E+0
-1.87988281E-1	-1.73008996E-9	-1.73008996E-9	-1.87988281E-1	0.00000000E+0	0.00000000E+0
-1.90429687E-1	-1.74324999E-9	-1.74324999E-9	-1.90429687E-1	0.00000000E+0	0.00000000E+0
-1.92871094E-1	-1.75818005E-9	-1.75818005E-9	-1.92871094E-1	0.00000000E+0	0.00000000E+0
-1.95312500E-1	-1.77463000E-9	-1.77463000E-9	-1.95312500E-1	0.00000000E+0	0.00000000E+0
-1.97753906E-1	-1.78880000E-9	-1.78880000E-9	-1.97753906E-1	0.00000000E+0	0.00000000E+0
-2.00195312E-1	-1.80740001E-9	-1.80740001E-9	-2.00195312E-1	0.00000000E+0	0.00000000E+0
-2.02636719E-1	-1.82093995E-9	-1.82093995E-9	-2.02636719E-1	0.00000000E+0	0.00000000E+0
-2.05078125E-1	-1.83536997E-9	-1.83536997E-9	-2.05078125E-1	0.00000000E+0	0.00000000E+0
-2.07519531E-1	-1.85662996E-9	-1.85662996E-9	-2.07519531E-1	0.00000000E+0	0.00000000E+0
-2.09960937E-1	-1.87079996E-9	-1.87079996E-9	-2.09960937E-1	0.00000000E+0	0.00000000E+0
-2.12402344E-1	-1.88749993E-9	-1.88749993E-9	-2.12402344E-1	0.00000000E+0	0.00000000E+0
-2.14843750E-1	-1.90396010E-9	-1.90396010E-9	-2.14843750E-1	0.00000000E+0	0.00000000E+0
-2.17285156E-1	-1.91762006E-9	-1.91762006E-9	-2.17285156E-1	0.00000000E+0	0.00000000E+0
-2.19726562E-1	-1.93686001E-9	-1.93686001E-9	-2.19726562E-1	0.00000000E+0	0.00000000E+0
-2.22167969E-1	-1.95128003E-9	-1.95128003E-9	-2.22167969E-1	0.00000000E+0	0.00000000E+0
-2.24609375E-1	-1.97278993E-9	-1.97278993E-9	-2.24609375E-1	0.00000000E+0	0.00000000E+0
-2.27050781E-1	-1.98621009E-9	-1.98621009E-9	-2.27050781E-1	0.00000000E+0	0.00000000E+0
-2.29492187E-1	-2.00848005E-9	-2.00848005E-9	-2.29492187E-1	0.00000000E+0	0.00000000E+0
-2.31933594E-1	-2.01530992E-9	-2.01530992E-9	-2.31933594E-1	0.00000000E+0	0.00000000E+0
-2.34375000E-1	-2.04594008E-9	-2.04594008E-9	-2.34375000E-1	0.00000000E+0	0.00000000E+0
-2.36816406E-1	-2.05657003E-9	-2.05657003E-9	-2.36816406E-1	0.00000000E+0	0.00000000E+0
-2.39257812E-1	-2.08036011E-9	-2.08036011E-9	-2.39257812E-1	0.00000000E+0	0.00000000E+0
-2.41699219E-1	-2.09249995E-9	-2.09249995E-9	-2.41699219E-1	0.00000000E+0	0.00000000E+0
-2.44140625E-1	-2.11984008E-9	-2.11984008E-9	-2.44140625E-1	0.00000000E+0	0.00000000E+0
-2.46582031E-1	-2.13426010E-9	-2.13426010E-9	-2.46582031E-1	0.00000000E+0	0.00000000E+0
-2.49023437E-1	-2.15247997E-9	-2.15247997E-9	-2.49023437E-1	0.00000000E+0	0.00000000E+0
-2.51464844E-1	-2.17071006E-9	-2.17071006E-9	-2.51464844E-1	0.00000000E+0	0.00000000E+0
-2.53906250E-1	-2.18817009E-9	-2.18817009E-9	-2.53906250E-1	0.00000000E+0	0.00000000E+0
-2.56347656E-1	-2.20905005E-9	-2.20905005E-9	-2.56347656E-1	0.00000000E+0	0.00000000E+0
-2.58789062E-1	-2.23144991E-9	-2.23144991E-9	-2.58789062E-1	0.00000000E+0	0.00000000E+0
-2.61230469E-1	-2.24410002E-9	-2.24410002E-9	-2.61230469E-1	0.00000000E+0	0.00000000E+0
-2.63671875E-1	-2.26409003E-9	-2.26409003E-9	-2.63671875E-1	0.00000000E+0	0.00000000E+0
-2.66113281E-1	-2.27775998E-9	-2.27775998E-9	-2.66113281E-1	0.00000000E+0	0.00000000E+0
-2.68554687E-1	-2.29826003E-9	-2.29826003E-9	-2.68554687E-1	0.00000000E+0	0.00000000E+0
-2.70996094E-1	-2.31345010E-9	-2.31345010E-9	-2.70996094E-1	0.00000000E+0	0.00000000E+0
-2.73437500E-1	-2.33166997E-9	-2.33166997E-9	-2.73437500E-1	0.00000000E+0	0.00000000E+0
-2.75878906E-1	-2.34608999E-9	-2.34608999E-9	-2.75878906E-1	0.00000000E+0	0.00000000E+0
-2.78320312E-1	-2.37570008E-9	-2.37570008E-9	-2.78320312E-1	0.00000000E+0	0.00000000E+0
-2.80761719E-1	-2.38330000E-9	-2.38330000E-9	-2.80761719E-1	0.00000000E+0	0.00000000E+0
-2.83203125E-1	-2.39999998E-9	-2.39999998E-9	-2.83203125E-1	0.00000000E+0	0.00000000E+0
-2.85644531E-1	-2.41973996E-9	-2.41973996E-9	-2.85644531E-1	0.00000000E+0	0.00000000E+0
-2.88085937E-1	-2.44100007E-9	-2.44100007E-9	-2.88085937E-1	0.00000000E+0	0.00000000E+0
-2.90527344E-1	-2.45390996E-9	-2.45390996E-9	-2.90527344E-1	0.00000000E+0	0.00000000E+0
-2.92968750E-1	-2.47213006E-9	-2.47213006E-9	-2.92968750E-1	0.00000000E+0	0.00000000E+0
-2.95410156E-1	-2.49263010E-9	-2.49263010E-9	-2.95410156E-1	0.00000000E+0	0.00000000E+0
-2.97851562E-1	-2.50667997E-9	-2.50667997E-9	-2.97851562E-1	0.00000000E+0	0.00000000E+0
-3.00292969E-1	-2.52604004E-9	-2.52604004E-9	-3.00292969E-1	0.00000000E+0	0.00000000E+0
-3.02734375E-1	-2.53970001E-9	-2.53970001E-9	-3.02734375E-1	0.00000000E+0	0.00000000E+0
-3.05175781E-1	-2.55943999E-9	-2.55943999E-9	-3.05175781E-1	0.00000000E+0	0.00000000E+0
-3.07617187E-1	-2.57045008E-9	-2.57045008E-9	-3.07617187E-1	0.00000000E+0	0.00000000E+0
-3.10058594E-1	-2.58830002E-9	-2.58830002E-9	-3.10058594E-1	0.00000000E+0	0.00000000E+0
-3.12500000E-1	-2.60423993E-9	-2.60423993E-9	-3.12500000E-1	0.00000000E+0	0.00000000E+0
-3.14941406E-1	-2.61905009E-9	-2.61905009E-9	-3.14941406E-1	0.00000000E+0	0.00000000E+0
-3.17382812E-1	-2.65055000E-9	-2.65055000E-9	-3.17382812E-1	0.00000000E+0	0.00000000E+0
-3.19824219E-1	-2.67029998E-9	-2.67029998E-9	-3.19824219E-1	0.00000000E+0	0.00000000E+0
-3.22265625E-1	-2.68017009E-9	-2.68017009E-9	-3.22265625E-1	0.00000000E+0	0.00000000E+0
-3.24707031E-1	-2.69611000E-9	-2.69611000E-9	-3.24707031E-1	0.00000000E+0	0.00000000E+0
-3.27148437E-1	-2.71280998E-9	-2.71280998E-9	-3.27148437E-1	0.00000000E+0	0.00000000E+0
-3.29589844E-1	-2.72876011E-9	-2.72876011E-9	-3.29589844E-1	0.00000000E+0	0.00000000E+0
-3.32031250E-1	-2.73862999E-9	-2.73862999E-9	-3.32031250E-1	0.00000000E+0	0.00000000E+0
-3.34472656E-1	-2.76178991E-9	-2.76178991E-9	-3.34472656E-1	0.00000000E+0	0.00000000E+0
-3.36914062E-1	-2.76178991E-9	-2.76178991E-9	-3.36914062E-1	0.00000000E+0	0.00000000E+0
-3.39355469E-1	-2.78798007E-9	-2.78798007E-9	-3.39355469E-1	0.00000000E+0	0.00000000E+0
-3.41796875E-1	-2.84567991E-9	-2.84567991E-9	-3.41796875E-1	0.00000000E+0	0.00000000E+0
-3.44238281E-1	-2.81758994E-9	-2.81758994E-9	-3.44238281E-1	0.00000000E+0	0.00000000E+0
-3.46679687E-1	-2.82365997E-9	-2.82365997E-9	-3.46679687E-1	0.00000000E+0	0.00000000E+0
-3.49121094E-1	-2.83581003E-9	-2.83581003E-9	-3.49121094E-1	0.00000000E+0	0.00000000E+0
-3.51562500E-1	-2.84871993E-9	-2.84871993E-9	-3.51562500E-1	0.00000000E+0	0.00000000E+0
-3.54003906E-1	-2.86770008E-9	-2.86770008E-9	-3.54003906E-1	0.00000000E+0	0.00000000E+0
-3.56445312E-1	-2.87833002E-9	-2.87833002E-9	-3.56445312E-1	0.00000000E+0	0.00000000E+0
-3.58886719E-1	-2.90262991E-9	-2.90262991E-9	-3.58886719E-1	0.00000000E+0	0.00000000E+0
-3.61328125E-1	-2.90869995E-9	-2.90869995E-9	-3.61328125E-1	0.00000000E+0	0.00000000E+0
-3.63769531E-1	-2.93300007E-9	-2.93300007E-9	-3.63769531E-1	0.00000000E+0	0.00000000E+0
-3.66210937E-1	-2.93717006E-9	-2.93717006E-9	-3.66210937E-1	0.00000000E+0	0.00000000E+0
-3.68652344E-1	-2.95956992E-9	-2.95956992E-9	-3.68652344E-1	0.00000000E+0	0.00000000E+0
-3.71093750E-1	-2.97362002E-9	-2.97362002E-9	-3.71093750E-1	0.00000000E+0	0.00000000E+0
-3.73535156E-1	-2.99069991E-9	-2.99069991E-9	-3.73535156E-1	0.00000000E+0	0.00000000E+0
-3.75976562E-1	-2.99980996E-9	-2.99980996E-9	-3.75976562E-1	0.00000000E+0	0.00000000E+0
-3.78417969E-1	-3.02714009E-9	-3.02714009E-9	-3.78417969E-1	0.00000000E+0	0.00000000E+0
-3.80859375E-1	-3.02865999E-9	-3.02865999E-9	-3.80859375E-1	0.00000000E+0	0.00000000E+0
-3.83300781E-1	-3.05448000E-9	-3.05448000E-9	-3.83300781E-1	0.00000000E+0	0.00000000E+0
-3.85742187E-1	-3.05865000E-9	-3.05865000E-9	-3.85742187E-1	0.00000000E+0	0.00000000E+0
-3.88183594E-1	-3.09015991E-9	-3.09015991E-9	-3.88183594E-1	0.00000000E+0	0.00000000E+0
-3.90625000E-1	-3.09015991E-9	-3.09015991E-9	-3.90625000E-1	0.00000000E+0	0.00000000E+0
-3.93066406E-1	-3.11673998E-9	-3.11673998E-9	-3.93066406E-1	0.00000000E+0	0.00000000E+0
-3.95507812E-1	-3.11673998E-9	-3.11673998E-9	-3.95507812E-1	0.00000000E+0	0.00000000E+0
-3.97949219E-1	-3.14064996E-9	-3.14064996E-9	-3.97949219E-1	0.00000000E+0	0.00000000E+0
-4.00390625E-1	-3.15166004E-9	-3.15166004E-9	-4.00390625E-1	0.00000000E+0	0.00000000E+0
-4.02832031E-1	-3.17899995E-9	-3.17899995E-9	-4.02832031E-1	0.00000000E+0	0.00000000E+0
-4.05273437E-1	-3.18202997E-9	-3.18202997E-9	-4.05273437E-1	0.00000000E+0	0.00000000E+0
-4.07714844E-1	-3.20176996E-9	-3.20176996E-9	-4.07714844E-1	0.00000000E+0	0.00000000E+0
-4.10156250E-1	-3.21657989E-9	-3.21657989E-9	-4.10156250E-1	0.00000000E+0	0.00000000E+0
-4.12597656E-1	-3.23746008E-9	-3.23746008E-9	-4.12597656E-1	0.00000000E+0	0.00000000E+0
-4.15039062E-1	-3.23746008E-9	-3.23746008E-9	-4.15039062E-1	0.00000000E+0	0.00000000E+0
-4.17480469E-1	-3.27010996E-9	-3.27010996E-9	-4.17480469E-1	0.00000000E+0	0.00000000E+0
-4.19921875E-1	-3.37526007E-9	-3.37526007E-9	-4.19921875E-1	0.00000000E+0	0.00000000E+0
-4.22363281E-1	-3.40146000E-9	-3.40146000E-9	-4.22363281E-1	0.00000000E+0	0.00000000E+0
-4.24804687E-1	-3.42082007E-9	-3.42082007E-9	-4.24804687E-1	0.00000000E+0	0.00000000E+0
-4.27246094E-1	-3.44397999E-9	-3.44397999E-9	-4.27246094E-1	0.00000000E+0	0.00000000E+0
-4.29687500E-1	-3.44624995E-9	-3.44624995E-9	-4.29687500E-1	0.00000000E+0	0.00000000E+0
-4.32128906E-1	-3.47055007E-9	-3.47055007E-9	-4.32128906E-1	0.00000000E+0	0.00000000E+0
-4.34570312E-1	-3.46447004E-9	-3.46447004E-9	-4.34570312E-1	0.00000000E+0	0.00000000E+0
-4.37011719E-1	-3.49636009E-9	-3.49636009E-9	-4.37011719E-1	0.00000000E+0	0.00000000E+0
-4.39453125E-1	-3.50813001E-9	-3.50813001E-9	-4.39453125E-1	0.00000000E+0	0.00000000E+0
-4.41894531E-1	-3.51685991E-9	-3.51685991E-9	-4.41894531E-1	0.00000000E+0	0.00000000E+0
-4.44335937E-1	-3.53128993E-9	-3.53128993E-9	-4.44335937E-1	0.00000000E+0	0.00000000E+0
-4.46777344E-1	-3.55937990E-9	-3.55937990E-9	-4.46777344E-1	0.00000000E+0	0.00000000E+0
-4.49218750E-1	-3.56620999E-9	-3.56620999E-9	-4.49218750E-1	0.00000000E+0	0.00000000E+0
-4.51660156E-1	-3.57987995E-9	-3.57987995E-9	-4.51660156E-1	0.00000000E+0	0.00000000E+0
-4.54101562E-1	-3.58368002E-9	-3.58368002E-9	-4.54101562E-1	0.00000000E+0	0.00000000E+0
-4.56542969E-1	-3.60608010E-9	-3.60608010E-9	-4.56542969E-1	0.00000000E+0	0.00000000E+0
-4.58984375E-1	-3.61935992E-9	-3.61935992E-9	-4.58984375E-1	0.00000000E+0	0.00000000E+0
-4.61425781E-1	-3.63378994E-9	-3.63378994E-9	-4.61425781E-1	0.00000000E+0	0.00000000E+0
-4.63867187E-1	-3.63909991E-9	-3.63909991E-9	-4.63867187E-1	0.00000000E+0	0.00000000E+0
-4.66308594E-1	-3.66340003E-9	-3.66340003E-9	-4.66308594E-1	0.00000000E+0	0.00000000E+0
-4.68750000E-1	-3.65959996E-9	-3.65959996E-9	-4.68750000E-1	0.00000000E+0	0.00000000E+0
-4.71191406E-1	-3.66758002E-9	-3.66758002E-9	-4.71191406E-1	0.00000000E+0	0.00000000E+0
-4.73632812E-1	-3.66567998E-9	-3.66567998E-9	-4.73632812E-1	0.00000000E+0	0.00000000E+0
-4.76074219E-1	-3.68390007E-9	-3.68390007E-9	-4.76074219E-1	0.00000000E+0	0.00000000E+0
-4.78515625E-1	-3.70515996E-9	-3.70515996E-9	-4.78515625E-1	0.00000000E+0	0.00000000E+0
-4.80957031E-1	-3.71731002E-9	-3.71731002E-9	-4.80957031E-1	0.00000000E+0	0.00000000E+0
-4.83398437E-1	-3.71731002E-9	-3.71731002E-9	-4.83398437E-1	0.00000000E+0	0.00000000E+0
-4.85839844E-1	-3.74767994E-9	-3.74767994E-9	-4.85839844E-1	0.00000000E+0	0.00000000E+0
-4.88281250E-1	-3.76665987E-9	-3.76665987E-9	-4.88281250E-1	0.00000000E+0	0.00000000E+0
-4.90722656E-1	-3.77121001E-9	-3.77121001E-9	-4.90722656E-1	0.00000000E+0	0.00000000E+0
-4.93164062E-1	-3.78715992E-9	-3.78715992E-9	-4.93164062E-1	0.00000000E+0	0.00000000E+0
-4.90722656E-1	-3.82018994E-9	-3.82018994E-9	-4.90722656E-1	0.00000000E+0	0.00000000E+0
-4.88281250E-1	-3.76057985E-9	-3.76057985E-9	-4.88281250E-1	0.00000000E+0	0.00000000E+0
-4.85839844E-1	-3.78184017E-9	-3.78184017E-9	-4.85839844E-1	0.00000000E+0	0.00000000E+0
-4.83398437E-1	-3.73856990E-9	-3.73856990E-9	-4.83398437E-1	0.00000000E+0	0.00000000E+0
-4.80957031E-1	-3.73248987E-9	-3.73248987E-9	-4.80957031E-1	0.00000000E+0	0.00000000E+0
-4.78515625E-1	-3.69300990E-9	-3.69300990E-9	-4.78515625E-1	0.00000000E+0	0.00000000E+0
-4.76074219E-1	-3.68997011E-9	-3.68997011E-9	-4.76074219E-1	0.00000000E+0	0.00000000E+0
-4.73632812E-1	-3.64745989E-9	-3.64745989E-9	-4.73632812E-1	0.00000000E+0	0.00000000E+0
-4.71191406E-1	-3.64631991E-9	-3.64631991E-9	-4.71191406E-1	0.00000000E+0	0.00000000E+0
-4.68750000E-1	-3.61707997E-9	-3.61707997E-9	-4.68750000E-1	0.00000000E+0	0.00000000E+0
-4.66308594E-1	-3.64138009E-9	-3.64138009E-9	-4.66308594E-1	0.00000000E+0	0.00000000E+0
-4.63867187E-1	-3.59583008E-9	-3.59583008E-9	-4.63867187E-1	0.00000000E+0	0.00000000E+0
-4.61425781E-1	-3.58975005E-9	-3.58975005E-9	-4.61425781E-1	0.00000000E+0	0.00000000E+0
-4.58984375E-1	-3.55559004E-9	-3.55559004E-9	-4.58984375E-1	0.00000000E+0	0.00000000E+0
-4.56542969E-1	-3.57456997E-9	-3.57456997E-9	-4.56542969E-1	0.00000000E+0	0.00000000E+0
-4.54101562E-1	-3.53128993E-9	-3.53128993E-9	-4.54101562E-1	0.00000000E+0	0.00000000E+0
-4.51660156E-1	-3.53812002E-9	-3.53812002E-9	-4.51660156E-1	0.00000000E+0	0.00000000E+0
-4.49218750E-1	-3.52103990E-9	-3.52103990E-9	-4.49218750E-1	0.00000000E+0	0.00000000E+0
-4.46777344E-1	-3.51685991E-9	-3.51685991E-9	-4.46777344E-1	0.00000000E+0	0.00000000E+0
-4.44335937E-1	-3.48269991E-9	-3.48269991E-9	-4.44335937E-1	0.00000000E+0	0.00000000E+0
-4.41894531E-1	-3.48269991E-9	-3.48269991E-9	-4.41894531E-1	0.00000000E+0	0.00000000E+0
-4.39453125E-1	-3.44624995E-9	-3.44624995E-9	-4.39453125E-1	0.00000000E+0	0.00000000E+0
-4.37011719E-1	-3.44397999E-9	-3.44397999E-9	-4.37011719E-1	0.00000000E+0	0.00000000E+0
-4.34570312E-1	-3.41285000E-9	-3.41285000E-9	-4.34570312E-1	0.00000000E+0	0.00000000E+0
-4.32128906E-1	-3.40297990E-9	-3.40297990E-9	-4.32128906E-1	0.00000000E+0	0.00000000E+0
-4.29687500E-1	-3.38322992E-9	-3.38322992E-9	-4.29687500E-1	0.00000000E+0	0.00000000E+0
-4.27246094E-1	-3.37336004E-9	-3.37336004E-9	-4.27246094E-1	0.00000000E+0	0.00000000E+0
-4.24804687E-1	-3.34374994E-9	-3.34374994E-9	-4.24804687E-1	0.00000000E+0	0.00000000E+0
-4.22363281E-1	-3.34584005E-9	-3.34584005E-9	-4.22363281E-1	0.00000000E+0	0.00000000E+0
-4.19921875E-1	-3.31869998E-9	-3.31869998E-9	-4.19921875E-1	0.00000000E+0	0.00000000E+0
-4.17480469E-1	-3.30047989E-9	-3.30047989E-9	-4.17480469E-1	0.00000000E+0	0.00000000E+0
-4.15039062E-1	-3.26098992E-9	-3.26098992E-9	-4.15039062E-1	0.00000000E+0	0.00000000E+0
-4.12597656E-1	-3.25188010E-9	-3.25188010E-9	-4.12597656E-1	0.00000000E+0	0.00000000E+0
-4.10156250E-1	-3.23442007E-9	-3.23442007E-9	-4.10156250E-1	0.00000000E+0	0.00000000E+0
-4.07714844E-1	-3.21657989E-9	-3.21657989E-9	-4.07714844E-1	0.00000000E+0	0.00000000E+0
-4.05273437E-1	-3.19114002E-9	-3.19114002E-9	-4.05273437E-1	0.00000000E+0	0.00000000E+0
-4.02832031E-1	-3.17595994E-9	-3.17595994E-9	-4.02832031E-1	0.00000000E+0	0.00000000E+0
-4.00390625E-1	-3.15774007E-9	-3.15774007E-9	-4.00390625E-1	0.00000000E+0	0.00000000E+0
-3.97949219E-1	-3.13857007E-9	-3.13857007E-9	-3.97949219E-1	0.00000000E+0	0.00000000E+0
-3.95507812E-1	-3.12053006E-9	-3.12053006E-9	-3.95507812E-1	0.00000000E+0	0.00000000E+0
-3.93066406E-1	-3.09926995E-9	-3.09926995E-9	-3.93066406E-1	0.00000000E+0	0.00000000E+0
-3.90625000E-1	-3.08105008E-9	-3.08105008E-9	-3.90625000E-1	0.00000000E+0	0.00000000E+0
-3.88183594E-1	-3.06813996E-9	-3.06813996E-9	-3.88183594E-1	0.00000000E+0	0.00000000E+0
-3.85742187E-1	-3.05865000E-9	-3.05865000E-9	-3.85742187E-1	0.00000000E+0	0.00000000E+0
-3.83300781E-1	-3.03928993E-9	-3.03928993E-9	-3.83300781E-1	0.00000000E+0	0.00000000E+0
-3.80859375E-1	-3.00815994E-9	-3.00815994E-9	-3.80859375E-1	0.00000000E+0	0.00000000E+0
-3.78417969E-1	-3.00284997E-9	-3.00284997E-9	-3.78417969E-1	0.00000000E+0	0.00000000E+0
-3.75976562E-1	-2.97552005E-9	-2.97552005E-9	-3.75976562E-1	0.00000000E+0	0.00000000E+0
-3.73535156E-1	-2.95274005E-9	-2.95274005E-9	-3.73535156E-1	0.00000000E+0	0.00000000E+0
-3.71093750E-1	-2.93414004E-9	-2.93414004E-9	-3.71093750E-1	0.00000000E+0	0.00000000E+0
-3.68652344E-1	-2.92806002E-9	-2.92806002E-9	-3.68652344E-1	0.00000000E+0	0.00000000E+0
-3.66210937E-1	-2.89502999E-9	-2.89502999E-9	-3.66210937E-1	0.00000000E+0	0.00000000E+0
-3.63769531E-1	-2.88516011E-9	-2.88516011E-9	-3.63769531E-1	0.00000000E+0	0.00000000E+0
-3.61328125E-1	-2.84871993E-9	-2.84871993E-9	-3.61328125E-1	0.00000000E+0	0.00000000E+0
-3.58886719E-1	-2.85100010E-9	-2.85100010E-9	-3.58886719E-1	0.00000000E+0	0.00000000E+0
-3.56445312E-1	-2.80847989E-9	-2.80847989E-9	-3.56445312E-1	0.00000000E+0	0.00000000E+0
-3.54003906E-1	-2.81454993E-9	-2.81454993E-9	-3.54003906E-1	0.00000000E+0	0.00000000E+0
-3.51562500E-1	-2.77203993E-9	-2.77203993E-9	-3.51562500E-1	0.00000000E+0	0.00000000E+0
-3.49121094E-1	-2.78418000E-9	-2.78418000E-9	-3.49121094E-1	0.00000000E+0	0.00000000E+0
-3.46679687E-1	-2.73558998E-9	-2.73558998E-9	-3.46679687E-1	0.00000000E+0	0.00000000E+0
-3.44238281E-1	-2.74470002E-9	-2.74470002E-9	-3.44238281E-1	0.00000000E+0	0.00000000E+0
-3.41796875E-1	-2.70636002E-9	-2.70636002E-9	-3.41796875E-1	0.00000000E+0	0.00000000E+0
-3.39355469E-1	-2.72040990E-9	-2.72040990E-9	-3.39355469E-1	0.00000000E+0	0.00000000E+0
-3.36914062E-1	-2.63347011E-9	-2.63347011E-9	-3.36914062E-1	0.00000000E+0	0.00000000E+0
-3.34472656E-1	-2.60576005E-9	-2.60576005E-9	-3.34472656E-1	0.00000000E+0	0.00000000E+0
-3.32031250E-1	-2.56248001E-9	-2.56248001E-9	-3.32031250E-1	0.00000000E+0	0.00000000E+0
-3.29589844E-1	-2.57310995E-9	-2.57310995E-9	-3.29589844E-1	0.00000000E+0	0.00000000E+0
-3.27148437E-1	-2.53970001E-9	-2.53970001E-9	-3.27148437E-1	0.00000000E+0	0.00000000E+0
-3.24707031E-1	-2.54121990E-9	-2.54121990E-9	-3.24707031E-1	0.00000000E+0	0.00000000E+0
-3.22265625E-1	-2.50402010E-9	-2.50402010E-9	-3.22265625E-1	0.00000000E+0	0.00000000E+0
-3.19824219E-1	-2.51693000E-9	-2.51693000E-9	-3.19824219E-1	0.00000000E+0	0.00000000E+0
-3.17382812E-1	-2.48124010E-9	-2.48124010E-9	-3.17382812E-1	0.00000000E+0	0.00000000E+0
-3.14941406E-1	-2.48352006E-9	-2.48352006E-9	-3.14941406E-1	0.00000000E+0	0.00000000E+0
-3.12500000E-1	-2.45200993E-9	-2.45200993E-9	-3.12500000E-1	0.00000000E+0	0.00000000E+0
-3.10058594E-1	-2.45200993E-9	-2.45200993E-9	-3.10058594E-1	0.00000000E+0	0.00000000E+0
-3.07617187E-1	-2.42164000E-9	-2.42164000E-9	-3.07617187E-1	0.00000000E+0	0.00000000E+0
-3.05175781E-1	-2.42164000E-9	-2.42164000E-9	-3.05175781E-1	0.00000000E+0	0.00000000E+0
-3.02734375E-1	-2.39545006E-9	-2.39545006E-9	-3.02734375E-1	0.00000000E+0	0.00000000E+0
-3.00292969E-1	-2.38860998E-9	-2.38860998E-9	-3.00292969E-1	0.00000000E+0	0.00000000E+0
-2.97851562E-1	-2.36620989E-9	-2.36620989E-9	-2.97851562E-1	0.00000000E+0	0.00000000E+0
-2.95410156E-1	-2.36052000E-9	-2.36052000E-9	-2.95410156E-1	0.00000000E+0	0.00000000E+0
-2.92968750E-1	-2.34103004E-9	-2.34103004E-9	-2.92968750E-1	0.00000000E+0	0.00000000E+0
-2.90527344E-1	-2.32786990E-9	-2.32786990E-9	-2.90527344E-1	0.00000000E+0	0.00000000E+0
-2.88085937E-1	-2.31459008E-9	-2.31459008E-9	-2.88085937E-1	0.00000000E+0	0.00000000E+0
-2.85644531E-1	-2.29826003E-9	-2.29826003E-9	-2.85644531E-1	0.00000000E+0	0.00000000E+0
-2.83203125E-1	-2.28763009E-9	-2.28763009E-9	-2.83203125E-1	0.00000000E+0	0.00000000E+0
-2.80761719E-1	-2.27093011E-9	-2.27093011E-9	-2.80761719E-1	0.00000000E+0	0.00000000E+0
-2.78320312E-1	-2.25347008E-9	-2.25347008E-9	-2.78320312E-1	0.00000000E+0	0.00000000E+0
-2.75878906E-1	-2.24055996E-9	-2.24055996E-9	-2.75878906E-1	0.00000000E+0	0.00000000E+0
-2.73437500E-1	-2.23030994E-9	-2.23030994E-9	-2.73437500E-1	0.00000000E+0	0.00000000E+0
-2.70996094E-1	-2.20487006E-9	-2.20487006E-9	-2.70996094E-1	0.00000000E+0	0.00000000E+0
-2.68554687E-1	-2.19652008E-9	-2.19652008E-9	-2.68554687E-1	0.00000000E+0	0.00000000E+0
-2.66113281E-1	-2.18057994E-9	-2.18057994E-9	-2.66113281E-1	0.00000000E+0	0.00000000E+0
-2.63671875E-1	-2.17071006E-9	-2.17071006E-9	-2.63671875E-1	0.00000000E+0	0.00000000E+0
-2.61230469E-1	-2.14489004E-9	-2.14489004E-9	-2.61230469E-1	0.00000000E+0	0.00000000E+0
-2.58789062E-1	-2.13526996E-9	-2.13526996E-9	-2.58789062E-1	0.00000000E+0	0.00000000E+0
-2.56347656E-1	-2.11680007E-9	-2.11680007E-9	-2.56347656E-1	0.00000000E+0	0.00000000E+0
-2.53906250E-1	-2.11123008E-9	-2.11123008E-9	-2.53906250E-1	0.00000000E+0	0.00000000E+0
-2.51464844E-1	-2.08693995E-9	-2.08693995E-9	-2.51464844E-1	0.00000000E+0	0.00000000E+0
-2.49023437E-1	-2.07022999E-9	-2.07022999E-9	-2.49023437E-1	0.00000000E+0	0.00000000E+0
-2.46582031E-1	-2.05225992E-9	-2.05225992E-9	-2.46582031E-1	0.00000000E+0	0.00000000E+0
-2.44140625E-1	-2.03833994E-9	-2.03833994E-9	-2.44140625E-1	0.00000000E+0	0.00000000E+0
-2.41699219E-1	-2.02379002E-9	-2.02379002E-9	-2.41699219E-1	0.00000000E+0	0.00000000E+0
-2.39257812E-1	-2.00948991E-9	-2.00948991E-9	-2.39257812E-1	0.00000000E+0	0.00000000E+0
-2.36816406E-1	-1.98849004E-9	-1.98849004E-9	-2.36816406E-1	0.00000000E+0	0.00000000E+0
-2.34375000E-1	-1.96621008E-9	-1.96621008E-9	-2.34375000E-1	0.00000000E+0	0.00000000E+0
-2.31933594E-1	-1.94444993E-9	-1.94444993E-9	-2.31933594E-1	0.00000000E+0	0.00000000E+0
-2.29492187E-1	-1.92825000E-9	-1.92825000E-9	-2.29492187E-1	0.00000000E+0	0.00000000E+0
-2.27050781E-1	-1.91660998E-9	-1.91660998E-9	-2.27050781E-1	0.00000000E+0	0.00000000E+0
-2.24609375E-1	-1.90396010E-9	-1.90396010E-9	-2.24609375E-1	0.00000000E+0	0.00000000E+0
-2.22167969E-1	-1.88599003E-9	-1.88599003E-9	-2.22167969E-1	0.00000000E+0	0.00000000E+0
-2.19726562E-1	-1.87800997E-9	-1.87800997E-9	-2.19726562E-1	0.00000000E+0	0.00000000E+0
-2.17285156E-1	-1.85788995E-9	-1.85788995E-9	-2.17285156E-1	0.00000000E+0	0.00000000E+0
-2.14843750E-1	-1.84523996E-9	-1.84523996E-9	-2.14843750E-1	0.00000000E+0	0.00000000E+0
-2.12402344E-1	-1.82827997E-9	-1.82827997E-9	-2.12402344E-1	0.00000000E+0	0.00000000E+0
-2.09960937E-1	-1.81840998E-9	-1.81840998E-9	-2.09960937E-1	0.00000000E+0	0.00000000E+0
-2.07519531E-1	-1.79537996E-9	-1.79537996E-9	-2.07519531E-1	0.00000000E+0	0.00000000E+0
-2.05078125E-1	-1.78449999E-9	-1.78449999E-9	-2.05078125E-1	0.00000000E+0	0.00000000E+0
-2.02636719E-1	-1.76754000E-9	-1.76754000E-9	-2.02636719E-1	0.00000000E+0	0.00000000E+0
-2.00195312E-1	-1.76071002E-9	-1.76071002E-9	-2.00195312E-1	0.00000000E+0	0.00000000E+0
-1.97753906E-1	-1.74324999E-9	-1.74324999E-9	-1.97753906E-1	0.00000000E+0	0.00000000E+0
-1.95312500E-1	-1.73414005E-9	-1.73414005E-9	-1.95312500E-1	0.00000000E+0	0.00000000E+0
-1.92871094E-1	-1.71414005E-9	-1.71414005E-9	-1.92871094E-1	0.00000000E+0	0.00000000E+0
-1.90429687E-1	-1.70426995E-9	-1.70426995E-9	-1.90429687E-1	0.00000000E+0	0.00000000E+0
-1.87988281E-1	-1.68668002E-9	-1.68668002E-9	-1.87988281E-1	0.00000000E+0	0.00000000E+0
-1.85546875E-1	-1.67947001E-9	-1.67947001E-9	-1.85546875E-1	0.00000000E+0	0.00000000E+0
-1.83105469E-1	-1.65744996E-9	-1.65744996E-9	-1.83105469E-1	0.00000000E+0	0.00000000E+0
-1.80664062E-1	-1.64834002E-9	-1.64834002E-9	-1.80664062E-1	0.00000000E+0	0.00000000E+0
-1.78222656E-1	-1.63391001E-9	-1.63391001E-9	-1.78222656E-1	0.00000000E+0	0.00000000E+0
-1.75781250E-1	-1.62201996E-9	-1.62201996E-9	-1.75781250E-1	0.00000000E+0	0.00000000E+0
-1.73339844E-1	-1.60278002E-9	-1.60278002E-9	-1.73339844E-1	0.00000000E+0	0.00000000E+0
-1.70898437E-1	-1.59469005E-9	-1.59469005E-9	-1.70898437E-1	0.00000000E+0	0.00000000E+0
-1.68457031E-1	-1.57563995E-9	-1.57563995E-9	-1.68457031E-1	0.00000000E+0	0.00000000E+0
-1.66015625E-1	-1.56653002E-9	-1.56653002E-9	-1.66015625E-1	0.00000000E+0	0.00000000E+0
-1.63574219E-1	-1.54609003E-9	-1.54609003E-9	-1.63574219E-1	0.00000000E+0	0.00000000E+0
-1.61132812E-1	-1.53901003E-9	-1.53901003E-9	-1.61132812E-1	0.00000000E+0	0.00000000E+0
-1.58691406E-1	-1.52229995E-9	-1.52229995E-9	-1.58691406E-1	0.00000000E+0	0.00000000E+0
-1.56250000E-1	-1.50275004E-9	-1.50275004E-9	-1.56250000E-1	0.00000000E+0	0.00000000E+0
-1.53808594E-1	-1.49446000E-9	-1.49446000E-9	-1.53808594E-1	0.00000000E+0	0.00000000E+0
-1.51367187E-1	-1.47599000E-9	-1.47599000E-9	-1.51367187E-1	0.00000000E+0	0.00000000E+0
-1.48925781E-1	-1.47142998E-9	-1.47142998E-9	-1.48925781E-1	0.00000000E+0	0.00000000E+0
-1.46484375E-1	-1.45473000E-9	-1.45473000E-9	-1.46484375E-1	0.00000000E+0	0.00000000E+0
-1.44042969E-1	-1.43651002E-9	-1.43651002E-9	-1.44042969E-1	0.00000000E+0	0.00000000E+0
-1.41601562E-1	-1.41980006E-9	-1.41980006E-9	-1.41601562E-1	0.00000000E+0	0.00000000E+0
-1.39160156E-1	-1.40727996E-9	-1.40727996E-9	-1.39160156E-1	0.00000000E+0	0.00000000E+0
-1.36718750E-1	-1.39322998E-9	-1.39322998E-9	-1.36718750E-1	0.00000000E+0	0.00000000E+0
-1.34277344E-1	-1.38943002E-9	-1.38943002E-9	-1.34277344E-1	0.00000000E+0	0.00000000E+0
-1.31835937E-1	-1.36514000E-9	-1.36514000E-9	-1.31835937E-1	0.00000000E+0	0.00000000E+0
-1.29394531E-1	-1.35261002E-9	-1.35261002E-9	-1.29394531E-1	0.00000000E+0	0.00000000E+0
-1.26953125E-1	-1.33730005E-9	-1.33730005E-9	-1.26953125E-1	0.00000000E+0	0.00000000E+0
-1.24511719E-1	-1.33476996E-9	-1.33476996E-9	-1.24511719E-1	0.00000000E+0	0.00000000E+0
-1.22070312E-1	-1.31522004E-9	-1.31522004E-9	-1.22070312E-1	0.00000000E+0	0.00000000E+0
-1.19628906E-1	-1.31275002E-9	-1.31275002E-9	-1.19628906E-1	0.00000000E+0	0.00000000E+0
-1.17187500E-1	-1.28944999E-9	-1.28944999E-9	-1.17187500E-1	0.00000000E+0	0.00000000E+0
-1.14746094E-1	-1.30220001E-9	-1.30220001E-9	-1.14746094E-1	0.00000000E+0	0.00000000E+0
-1.12304687E-1	-1.27584998E-9	-1.27584998E-9	-1.12304687E-1	0.00000000E+0	0.00000000E+0
-1.09863281E-1	-1.28518995E-9	-1.28518995E-9	-1.09863281E-1	0.00000000E+0	0.00000000E+0
-1.07421875E-1	-1.25074995E-9	-1.25074995E-9	-1.07421875E-1	0.00000000E+0	0.00000000E+0
-1.04980469E-1	-1.26572997E-9	-1.26572997E-9	-1.04980469E-1	0.00000000E+0	0.00000000E+0
-1.02539062E-1	-1.24518995E-9	-1.24518995E-9	-1.02539062E-1	0.00000000E+0	0.00000000E+0
-1.00097656E-1	-1.25346999E-9	-1.25346999E-9	-1.00097656E-1	0.00000000E+0	0.00000000E+0
-9.76562500E-2	-1.22788002E-9	-1.22788002E-9	-9.76562500E-2	0.00000000E+0	0.00000000E+0
-9.52148438E-2	-1.25010002E-9	-1.25010002E-9	-9.52148438E-2	0.00000000E+0	0.00000000E+0
-9.27734375E-2	-1.22788002E-9	-1.22788002E-9	-9.27734375E-2	0.00000000E+0	0.00000000E+0
-9.03320313E-2	-1.24802002E-9	-1.24802002E-9	-9.03320313E-2	0.00000000E+0	0.00000000E+0
-8.78906250E-2	-1.23285004E-9	-1.23285004E-9	-8.78906250E-2	0.00000000E+0	0.00000000E+0
-8.54492188E-2	-1.26846000E-9	-1.26846000E-9	-8.54492188E-2	0.00000000E+0	0.00000000E+0
-8.30078125E-2	-1.26942001E-9	-1.26942001E-9	-8.30078125E-2	0.00000000E+0	0.00000000E+0
-8.05664063E-2	-1.28789002E-9	-1.28789002E-9	-8.05664063E-2	0.00000000E+0	0.00000000E+0
-7.81250000E-2	-1.27845001E-9	-1.27845001E-9	-7.81250000E-2	0.00000000E+0	0.00000000E+0
-7.56835938E-2	-1.33097000E-9	-1.33097000E-9	-7.56835938E-2	0.00000000E+0	0.00000000E+0
-7.32421875E-2	-1.33476996E-9	-1.33476996E-9	-7.32421875E-2	0.00000000E+0	0.00000000E+0
-7.08007813E-2	-1.34995004E-9	-1.34995004E-9	-7.08007813E-2	0.00000000E+0	0.00000000E+0
-6.83593750E-2	-1.32095002E-9	-1.32095002E-9	-6.83593750E-2	0.00000000E+0	0.00000000E+0
-6.59179688E-2	-1.29610001E-9	-1.29610001E-9	-6.59179688E-2	0.00000000E+0	0.00000000E+0
-6.34765625E-2	-5.69701009E-10	-5.69701009E-10	-6.34765625E-2	0.00000000E+0	0.00000000E+0
-6.10351563E-2	-2.60776012E-10	-2.60776012E-10	-6.10351563E-2	0.00000000E+0	0.00000000E+0
-5.85937500E-2	-2.09294998E-10	-2.09294998E-10	-5.85937500E-2	0.00000000E+0	0.00000000E+0
-5.61523438E-2	-1.82385995E-10	-1.82385995E-10	-5.61523438E-2	0.00000000E+0	0.00000000E+0
-5.37109375E-2	-1.62869995E-10	-1.62869995E-10	-5.37109375E-2	0.00000000E+0	0.00000000E+0
-5.12695313E-2	-1.44522005E-10	-1.44522005E-10	-5.12695313E-2	0.00000000E+0	0.00000000E+0
-4.88281250E-2	-1.33107997E-10	-1.33107997E-10	-4.88281250E-2	0.00000000E+0	0.00000000E+0
-4.63867188E-2	-1.20751006E-10	-1.20751006E-10	-4.63867188E-2	0.00000000E+0	0.00000000E+0
-4.39453125E-2	-1.15040998E-10	-1.15040998E-10	-4.39453125E-2	0.00000000E+0	0.00000000E+0
-4.15039063E-2	-1.05161997E-10	-1.05161997E-10	-4.15039063E-2	0.00000000E+0	0.00000000E+0
-3.90625000E-2	-1.02847002E-10	-1.02847002E-10	-3.90625000E-2	0.00000000E+0	0.00000000E+0
-3.66210938E-2	-8.57761986E-11	-8.57761986E-11	-3.66210938E-2	0.00000000E+0	0.00000000E+0
-3.41796875E-2	-8.32627994E-11	-8.32627994E-11	-3.41796875E-2	0.00000000E+0	0.00000000E+0
-3.17382813E-2	-7.22994997E-11	-7.22994997E-11	-3.17382813E-2	0.00000000E+0	0.00000000E+0
-2.92968750E-2	-7.39886971E-11	-7.39886971E-11	-2.92968750E-2	0.00000000E+0	0.00000000E+0
-2.68554688E-2	-5.92952007E-11	-5.92952007E-11	-2.68554688E-2	0.00000000E+0	0.00000000E+0
-2.44140625E-2	-5.94483976E-11	-5.94483976E-11	-2.44140625E-2	0.00000000E+0	0.00000000E+0
-2.19726563E-2	-4.84167012E-11	-4.84167012E-11	-2.19726563E-2	0.00000000E+0	0.00000000E+0
-1.95312500E-2	-4.89091996E-11	-4.89091996E-11	-1.95312500E-2	0.00000000E+0	0.00000000E+0
-1.70898438E-2	-3.31333017E-11	-3.31333017E-11	-1.70898438E-2	0.00000000E+0	0.00000000E+0
-1.46484375E-2	-3.57871996E-11	-3.57871996E-11	-1.46484375E-2	0.00000000E+0	0.00000000E+0
-1.22070313E-2	-2.68321997E-11	-2.68321997E-11	-1.22070313E-2	0.00000000E+0	0.00000000E+0
-9.76562500E-3	-2.92358013E-11	-2.92358013E-11	-9.76562500E-3	0.00000000E+0	0.00000000E+0
-7.32421875E-3	-1.67926003E-11	-1.67926003E-11	-7.32421875E-3	0.00000000E+0	0.00000000E+0
-4.88281250E-3	-2.08376007E-11	-2.08376007E-11	-4.88281250E-3	0.00000000E+0	0.00000000E+0
-2.44140625E-3	-1.17977000E-11	-1.17977000E-11	-2.44140625E-3	0.00000000E+0	0.00000000E+0
0.00000000E+0	-2.21070991E-11	-2.21070991E-11	0.00000000E+0	0.00000000E+0	0.00000000E+0
