Date: do 28 mrt 2013, Material: Au, Temp: 4.2 K
AO1 - module gain: 1.0E+0, R_out: 0.0
AO2 - module gain: 1.0E+2
MUX1 - ADC gain: 4, logarithmic amplifier: D:\LabVIEW Data\Lithographic MCBJ\MED24_070412.TXT, R_in: 0.000
MUX2 - ADC gain: 4, linear amplifier: 1.000000 x 1e10 V/A, R_in: 1.000
Breaking trace: 15 0
Axis position: -886.192751
Vbias (V)	<I> and Ii MUX1 (A)	Vbias (V)	<I> and Ii MUX2 (A)
@
0.00000000E+0	1.69075004E-10	1.69075004E-10	0.00000000E+0	0.00000000E+0	0.00000000E+0
2.44140625E-3	9.93359995E-12	9.93359995E-12	2.44140625E-3	0.00000000E+0	0.00000000E+0
4.88281250E-3	2.12972001E-11	2.12972001E-11	4.88281250E-3	0.00000000E+0	0.00000000E+0
7.32421875E-3	5.54340983E-11	5.54340983E-11	7.32421875E-3	0.00000000E+0	0.00000000E+0
9.76562500E-3	7.65167998E-11	7.65167998E-11	9.76562500E-3	0.00000000E+0	0.00000000E+0
1.22070313E-2	1.17039003E-10	1.17039003E-10	1.22070313E-2	0.00000000E+0	0.00000000E+0
1.46484375E-2	1.38815001E-10	1.38815001E-10	1.46484375E-2	0.00000000E+0	0.00000000E+0
1.70898438E-2	1.84779997E-10	1.84779997E-10	1.70898438E-2	0.00000000E+0	0.00000000E+0
1.95312500E-2	2.19815999E-10	2.19815999E-10	1.95312500E-2	0.00000000E+0	0.00000000E+0
2.19726563E-2	2.70275996E-10	2.70275996E-10	2.19726563E-2	0.00000000E+0	0.00000000E+0
2.44140625E-2	3.06536990E-10	3.06536990E-10	2.44140625E-2	0.00000000E+0	0.00000000E+0
2.68554688E-2	3.65730002E-10	3.65730002E-10	2.68554688E-2	0.00000000E+0	0.00000000E+0
2.92968750E-2	4.09129008E-10	4.09129008E-10	2.92968750E-2	0.00000000E+0	0.00000000E+0
3.17382813E-2	4.65321004E-10	4.65321004E-10	3.17382813E-2	0.00000000E+0	0.00000000E+0
3.41796875E-2	5.12511977E-10	5.12511977E-10	3.41796875E-2	0.00000000E+0	0.00000000E+0
3.66210938E-2	5.69049974E-10	5.69049974E-10	3.66210938E-2	0.00000000E+0	0.00000000E+0
3.90625000E-2	6.15168028E-10	6.15168028E-10	3.90625000E-2	0.00000000E+0	0.00000000E+0
4.15039063E-2	6.68028022E-10	6.68028022E-10	4.15039063E-2	0.00000000E+0	0.00000000E+0
4.39453125E-2	7.12002013E-10	7.12002013E-10	4.39453125E-2	0.00000000E+0	0.00000000E+0
4.63867188E-2	7.59576013E-10	7.59576013E-10	4.63867188E-2	0.00000000E+0	0.00000000E+0
4.88281250E-2	7.85546017E-10	7.85546017E-10	4.88281250E-2	0.00000000E+0	0.00000000E+0
5.12695313E-2	8.16189005E-10	8.16189005E-10	5.12695313E-2	0.00000000E+0	0.00000000E+0
5.37109375E-2	8.30056024E-10	8.30056024E-10	5.37109375E-2	0.00000000E+0	0.00000000E+0
5.61523438E-2	8.52195980E-10	8.52195980E-10	5.61523438E-2	0.00000000E+0	0.00000000E+0
5.85937500E-2	8.96897001E-10	8.96897001E-10	5.85937500E-2	0.00000000E+0	0.00000000E+0
6.10351563E-2	1.02512998E-9	1.02512998E-9	6.10351563E-2	0.00000000E+0	0.00000000E+0
6.34765625E-2	1.31760003E-9	1.31760003E-9	6.34765625E-2	0.00000000E+0	0.00000000E+0
6.59179688E-2	1.98659000E-9	1.98659000E-9	6.59179688E-2	0.00000000E+0	0.00000000E+0
6.83593750E-2	2.37835995E-9	2.37835995E-9	6.83593750E-2	0.00000000E+0	0.00000000E+0
7.08007813E-2	2.44214005E-9	2.44214005E-9	7.08007813E-2	0.00000000E+0	0.00000000E+0
7.32421875E-2	2.49034993E-9	2.49034993E-9	7.32421875E-2	0.00000000E+0	0.00000000E+0
7.56835938E-2	2.53058996E-9	2.53058996E-9	7.56835938E-2	0.00000000E+0	0.00000000E+0
7.81250000E-2	2.55032995E-9	2.55032995E-9	7.81250000E-2	0.00000000E+0	0.00000000E+0
8.05664063E-2	2.56779997E-9	2.56779997E-9	8.05664063E-2	0.00000000E+0	0.00000000E+0
8.30078125E-2	2.57994004E-9	2.57994004E-9	8.30078125E-2	0.00000000E+0	0.00000000E+0
8.54492188E-2	2.57691002E-9	2.57691002E-9	8.54492188E-2	0.00000000E+0	0.00000000E+0
8.78906250E-2	2.54539989E-9	2.54539989E-9	8.78906250E-2	0.00000000E+0	0.00000000E+0
9.03320313E-2	2.52907006E-9	2.52907006E-9	9.03320313E-2	0.00000000E+0	0.00000000E+0
9.27734375E-2	2.49983989E-9	2.49983989E-9	9.27734375E-2	0.00000000E+0	0.00000000E+0
9.52148438E-2	2.49187004E-9	2.49187004E-9	9.52148438E-2	0.00000000E+0	0.00000000E+0
9.76562500E-2	2.47554999E-9	2.47554999E-9	9.76562500E-2	0.00000000E+0	0.00000000E+0
1.00097656E-1	2.45731990E-9	2.45731990E-9	1.00097656E-1	0.00000000E+0	0.00000000E+0
1.02539062E-1	2.43112996E-9	2.43112996E-9	1.02539062E-1	0.00000000E+0	0.00000000E+0
1.04980469E-1	2.41746001E-9	2.41746001E-9	1.04980469E-1	0.00000000E+0	0.00000000E+0
1.07421875E-1	2.39241005E-9	2.39241005E-9	1.07421875E-1	0.00000000E+0	0.00000000E+0
1.09863281E-1	2.35671993E-9	2.35671993E-9	1.09863281E-1	0.00000000E+0	0.00000000E+0
1.12304687E-1	2.34268005E-9	2.34268005E-9	1.12304687E-1	0.00000000E+0	0.00000000E+0
1.14746094E-1	2.33470998E-9	2.33470998E-9	1.14746094E-1	0.00000000E+0	0.00000000E+0
1.17187500E-1	2.31496000E-9	2.31496000E-9	1.17187500E-1	0.00000000E+0	0.00000000E+0
1.19628906E-1	2.29977992E-9	2.29977992E-9	1.19628906E-1	0.00000000E+0	0.00000000E+0
1.22070312E-1	2.26978991E-9	2.26978991E-9	1.22070312E-1	0.00000000E+0	0.00000000E+0
1.24511719E-1	2.26789010E-9	2.26789010E-9	1.24511719E-1	0.00000000E+0	0.00000000E+0
1.26953125E-1	2.24472996E-9	2.24472996E-9	1.26953125E-1	0.00000000E+0	0.00000000E+0
1.29394531E-1	2.24283991E-9	2.24283991E-9	1.29394531E-1	0.00000000E+0	0.00000000E+0
1.31835937E-1	2.25750996E-9	2.25750996E-9	1.31835937E-1	0.00000000E+0	0.00000000E+0
1.34277344E-1	2.22119989E-9	2.22119989E-9	1.34277344E-1	0.00000000E+0	0.00000000E+0
1.36718750E-1	2.21930008E-9	2.21930008E-9	1.36718750E-1	0.00000000E+0	0.00000000E+0
1.39160156E-1	2.21777996E-9	2.21777996E-9	1.39160156E-1	0.00000000E+0	0.00000000E+0
1.41601562E-1	2.21499996E-9	2.21499996E-9	1.41601562E-1	0.00000000E+0	0.00000000E+0
1.44042969E-1	2.21373009E-9	2.21373009E-9	1.44042969E-1	0.00000000E+0	0.00000000E+0
1.46484375E-1	2.21499996E-9	2.21499996E-9	1.46484375E-1	0.00000000E+0	0.00000000E+0
1.48925781E-1	2.21626006E-9	2.21626006E-9	1.48925781E-1	0.00000000E+0	0.00000000E+0
1.51367187E-1	2.22119989E-9	2.22119989E-9	1.51367187E-1	0.00000000E+0	0.00000000E+0
1.53808594E-1	2.21777996E-9	2.21777996E-9	1.53808594E-1	0.00000000E+0	0.00000000E+0
1.56250000E-1	2.23322005E-9	2.23322005E-9	1.56250000E-1	0.00000000E+0	0.00000000E+0
1.58691406E-1	2.22119989E-9	2.22119989E-9	1.58691406E-1	0.00000000E+0	0.00000000E+0
1.61132812E-1	2.25497998E-9	2.25497998E-9	1.61132812E-1	0.00000000E+0	0.00000000E+0
1.63574219E-1	2.23929009E-9	2.23929009E-9	1.63574219E-1	0.00000000E+0	0.00000000E+0
1.66015625E-1	2.25878005E-9	2.25878005E-9	1.66015625E-1	0.00000000E+0	0.00000000E+0
1.68457031E-1	2.26282992E-9	2.26282992E-9	1.68457031E-1	0.00000000E+0	0.00000000E+0
1.70898437E-1	2.27548003E-9	2.27548003E-9	1.70898437E-1	0.00000000E+0	0.00000000E+0
1.73339844E-1	2.26978991E-9	2.26978991E-9	1.73339844E-1	0.00000000E+0	0.00000000E+0
1.75781250E-1	2.29712005E-9	2.29712005E-9	1.75781250E-1	0.00000000E+0	0.00000000E+0
1.78222656E-1	2.28914998E-9	2.28914998E-9	1.78222656E-1	0.00000000E+0	0.00000000E+0
1.80664062E-1	2.31800001E-9	2.31800001E-9	1.80664062E-1	0.00000000E+0	0.00000000E+0
1.83105469E-1	2.31800001E-9	2.31800001E-9	1.83105469E-1	0.00000000E+0	0.00000000E+0
1.85546875E-1	2.34458009E-9	2.34458009E-9	1.85546875E-1	0.00000000E+0	0.00000000E+0
1.87988281E-1	2.34078001E-9	2.34078001E-9	1.87988281E-1	0.00000000E+0	0.00000000E+0
1.90429687E-1	2.37216002E-9	2.37216002E-9	1.90429687E-1	0.00000000E+0	0.00000000E+0
1.92871094E-1	2.37114994E-9	2.37114994E-9	1.92871094E-1	0.00000000E+0	0.00000000E+0
1.95312500E-1	2.39923992E-9	2.39923992E-9	1.95312500E-1	0.00000000E+0	0.00000000E+0
1.97753906E-1	2.40266007E-9	2.40266007E-9	1.97753906E-1	0.00000000E+0	0.00000000E+0
2.00195312E-1	2.43493004E-9	2.43493004E-9	2.00195312E-1	0.00000000E+0	0.00000000E+0
2.02636719E-1	2.43112996E-9	2.43112996E-9	2.02636719E-1	0.00000000E+0	0.00000000E+0
2.05078125E-1	2.46720000E-9	2.46720000E-9	2.05078125E-1	0.00000000E+0	0.00000000E+0
2.07519531E-1	2.46415999E-9	2.46415999E-9	2.07519531E-1	0.00000000E+0	0.00000000E+0
2.09960937E-1	2.50579002E-9	2.50579002E-9	2.09960937E-1	0.00000000E+0	0.00000000E+0
2.12402344E-1	2.50680010E-9	2.50680010E-9	2.12402344E-1	0.00000000E+0	0.00000000E+0
2.14843750E-1	2.55032995E-9	2.55032995E-9	2.14843750E-1	0.00000000E+0	0.00000000E+0
2.17285156E-1	2.55032995E-9	2.55032995E-9	2.17285156E-1	0.00000000E+0	0.00000000E+0
2.19726562E-1	2.59209010E-9	2.59209010E-9	2.19726562E-1	0.00000000E+0	0.00000000E+0
2.22167969E-1	2.58980992E-9	2.58980992E-9	2.22167969E-1	0.00000000E+0	0.00000000E+0
2.24609375E-1	2.63612998E-9	2.63612998E-9	2.24609375E-1	0.00000000E+0	0.00000000E+0
2.27050781E-1	2.63385003E-9	2.63385003E-9	2.27050781E-1	0.00000000E+0	0.00000000E+0
2.29492187E-1	2.67637001E-9	2.67637001E-9	2.29492187E-1	0.00000000E+0	0.00000000E+0
2.31933594E-1	2.68117994E-9	2.68117994E-9	2.31933594E-1	0.00000000E+0	0.00000000E+0
2.34375000E-1	2.71926992E-9	2.71926992E-9	2.34375000E-1	0.00000000E+0	0.00000000E+0
2.36816406E-1	2.72343992E-9	2.72343992E-9	2.36816406E-1	0.00000000E+0	0.00000000E+0
2.39257812E-1	2.76595991E-9	2.76595991E-9	2.39257812E-1	0.00000000E+0	0.00000000E+0
2.41699219E-1	2.77659007E-9	2.77659007E-9	2.41699219E-1	0.00000000E+0	0.00000000E+0
2.44140625E-1	2.81607004E-9	2.81607004E-9	2.44140625E-1	0.00000000E+0	0.00000000E+0
2.46582031E-1	2.82669999E-9	2.82669999E-9	2.46582031E-1	0.00000000E+0	0.00000000E+0
2.49023437E-1	2.86770008E-9	2.86770008E-9	2.49023437E-1	0.00000000E+0	0.00000000E+0
2.51464844E-1	2.87225999E-9	2.87225999E-9	2.51464844E-1	0.00000000E+0	0.00000000E+0
2.53906250E-1	2.91173996E-9	2.91173996E-9	2.53906250E-1	0.00000000E+0	0.00000000E+0
2.56347656E-1	2.91933011E-9	2.91933011E-9	2.56347656E-1	0.00000000E+0	0.00000000E+0
2.58789062E-1	2.96223002E-9	2.96223002E-9	2.58789062E-1	0.00000000E+0	0.00000000E+0
2.61230469E-1	2.96640001E-9	2.96640001E-9	2.61230469E-1	0.00000000E+0	0.00000000E+0
2.63671875E-1	3.01879011E-9	3.01879011E-9	2.63671875E-1	0.00000000E+0	0.00000000E+0
2.66113281E-1	3.02107006E-9	3.02107006E-9	2.66113281E-1	0.00000000E+0	0.00000000E+0
2.68554687E-1	3.06587000E-9	3.06587000E-9	2.68554687E-1	0.00000000E+0	0.00000000E+0
2.70996094E-1	3.06587000E-9	3.06587000E-9	2.70996094E-1	0.00000000E+0	0.00000000E+0
2.73437500E-1	3.11369996E-9	3.11369996E-9	2.73437500E-1	0.00000000E+0	0.00000000E+0
2.75878906E-1	3.18961990E-9	3.18961990E-9	2.75878906E-1	0.00000000E+0	0.00000000E+0
2.78320312E-1	3.28073990E-9	3.28073990E-9	2.78320312E-1	0.00000000E+0	0.00000000E+0
2.80761719E-1	3.28984995E-9	3.28984995E-9	2.80761719E-1	0.00000000E+0	0.00000000E+0
2.83203125E-1	3.33957995E-9	3.33957995E-9	2.83203125E-1	0.00000000E+0	0.00000000E+0
2.85644531E-1	3.35096995E-9	3.35096995E-9	2.85644531E-1	0.00000000E+0	0.00000000E+0
2.88085937E-1	3.41968009E-9	3.41968009E-9	2.88085937E-1	0.00000000E+0	0.00000000E+0
2.90527344E-1	3.44093998E-9	3.44093998E-9	2.90527344E-1	0.00000000E+0	0.00000000E+0
2.92968750E-1	3.48535001E-9	3.48535001E-9	2.92968750E-1	0.00000000E+0	0.00000000E+0
2.95410156E-1	3.48801010E-9	3.48801010E-9	2.95410156E-1	0.00000000E+0	0.00000000E+0
2.97851562E-1	3.57987995E-9	3.57987995E-9	2.97851562E-1	0.00000000E+0	0.00000000E+0
3.00292969E-1	3.63531005E-9	3.63531005E-9	3.00292969E-1	0.00000000E+0	0.00000000E+0
3.02734375E-1	3.68237996E-9	3.68237996E-9	3.02734375E-1	0.00000000E+0	0.00000000E+0
3.05175781E-1	3.70895004E-9	3.70895004E-9	3.05175781E-1	0.00000000E+0	0.00000000E+0
3.07617187E-1	3.76057985E-9	3.76057985E-9	3.07617187E-1	0.00000000E+0	0.00000000E+0
3.10058594E-1	3.78184017E-9	3.78184017E-9	3.10058594E-1	0.00000000E+0	0.00000000E+0
3.12500000E-1	3.85644006E-9	3.85644006E-9	3.12500000E-1	0.00000000E+0	0.00000000E+0
3.14941406E-1	3.87370980E-9	3.87370980E-9	3.14941406E-1	0.00000000E+0	0.00000000E+0
3.17382812E-1	3.93976984E-9	3.93976984E-9	3.17382812E-1	0.00000000E+0	0.00000000E+0
3.19824219E-1	3.95798994E-9	3.95798994E-9	3.19824219E-1	0.00000000E+0	0.00000000E+0
3.22265625E-1	4.00962019E-9	4.00962019E-9	3.22265625E-1	0.00000000E+0	0.00000000E+0
3.24707031E-1	4.03088007E-9	4.03088007E-9	3.24707031E-1	0.00000000E+0	0.00000000E+0
3.27148437E-1	4.05897005E-9	4.05897005E-9	3.27148437E-1	0.00000000E+0	0.00000000E+0
3.29589844E-1	4.08327017E-9	4.08327017E-9	3.29589844E-1	0.00000000E+0	0.00000000E+0
3.32031250E-1	4.12729984E-9	4.12729984E-9	3.32031250E-1	0.00000000E+0	0.00000000E+0
3.34472656E-1	4.13717016E-9	4.13717016E-9	3.34472656E-1	0.00000000E+0	0.00000000E+0
3.36914062E-1	4.19791002E-9	4.19791002E-9	3.36914062E-1	0.00000000E+0	0.00000000E+0
3.39355469E-1	4.21916990E-9	4.21916990E-9	3.39355469E-1	0.00000000E+0	0.00000000E+0
3.41796875E-1	3.95646982E-9	3.95646982E-9	3.41796875E-1	0.00000000E+0	0.00000000E+0
3.44238281E-1	3.96709998E-9	3.96709998E-9	3.44238281E-1	0.00000000E+0	0.00000000E+0
3.46679687E-1	4.00582012E-9	4.00582012E-9	3.46679687E-1	0.00000000E+0	0.00000000E+0
3.49121094E-1	4.03999012E-9	4.03999012E-9	3.49121094E-1	0.00000000E+0	0.00000000E+0
3.51562500E-1	4.07642986E-9	4.07642986E-9	3.51562500E-1	0.00000000E+0	0.00000000E+0
3.54003906E-1	4.09352019E-9	4.09352019E-9	3.54003906E-1	0.00000000E+0	0.00000000E+0
3.56445312E-1	4.12729984E-9	4.12729984E-9	3.56445312E-1	0.00000000E+0	0.00000000E+0
3.58886719E-1	4.14020995E-9	4.14020995E-9	3.58886719E-1	0.00000000E+0	0.00000000E+0
3.61328125E-1	4.18045021E-9	4.18045021E-9	3.61328125E-1	0.00000000E+0	0.00000000E+0
3.63769531E-1	4.22903979E-9	4.22903979E-9	3.63769531E-1	0.00000000E+0	0.00000000E+0
3.66210937E-1	4.26852020E-9	4.26852020E-9	3.66210937E-1	0.00000000E+0	0.00000000E+0
3.68652344E-1	4.28370983E-9	4.28370983E-9	3.68652344E-1	0.00000000E+0	0.00000000E+0
3.71093750E-1	4.32698988E-9	4.32698988E-9	3.71093750E-1	0.00000000E+0	0.00000000E+0
3.73535156E-1	4.35356018E-9	4.35356018E-9	3.73535156E-1	0.00000000E+0	0.00000000E+0
3.75976562E-1	4.39001013E-9	4.39001013E-9	3.75976562E-1	0.00000000E+0	0.00000000E+0
3.78417969E-1	4.43860015E-9	4.43860015E-9	3.78417969E-1	0.00000000E+0	0.00000000E+0
3.80859375E-1	4.48605020E-9	4.48605020E-9	3.80859375E-1	0.00000000E+0	0.00000000E+0
3.83300781E-1	4.50540982E-9	4.50540982E-9	3.83300781E-1	0.00000000E+0	0.00000000E+0
3.85742187E-1	4.52970994E-9	4.52970994E-9	3.85742187E-1	0.00000000E+0	0.00000000E+0
3.88183594E-1	4.57526017E-9	4.57526017E-9	3.88183594E-1	0.00000000E+0	0.00000000E+0
3.90625000E-1	4.59044980E-9	4.59044980E-9	3.90625000E-1	0.00000000E+0	0.00000000E+0
3.93066406E-1	4.63675986E-9	4.63675986E-9	3.93066406E-1	0.00000000E+0	0.00000000E+0
3.95507812E-1	4.66864991E-9	4.66864991E-9	3.95507812E-1	0.00000000E+0	0.00000000E+0
3.97949219E-1	4.84403984E-9	4.84403984E-9	3.97949219E-1	0.00000000E+0	0.00000000E+0
4.00390625E-1	4.72484007E-9	4.72484007E-9	4.00390625E-1	0.00000000E+0	0.00000000E+0
4.02832031E-1	4.75899986E-9	4.75899986E-9	4.02832031E-1	0.00000000E+0	0.00000000E+0
4.05273437E-1	4.79165019E-9	4.79165019E-9	4.05273437E-1	0.00000000E+0	0.00000000E+0
4.07714844E-1	4.84024021E-9	4.84024021E-9	4.07714844E-1	0.00000000E+0	0.00000000E+0
4.10156250E-1	4.85619012E-9	4.85619012E-9	4.10156250E-1	0.00000000E+0	0.00000000E+0
4.12597656E-1	4.88447016E-9	4.88447016E-9	4.12597656E-1	0.00000000E+0	0.00000000E+0
4.15039062E-1	4.92831997E-9	4.92831997E-9	4.15039062E-1	0.00000000E+0	0.00000000E+0
4.17480469E-1	4.95565011E-9	4.95565011E-9	4.17480469E-1	0.00000000E+0	0.00000000E+0
4.19921875E-1	5.00196018E-9	5.00196018E-9	4.19921875E-1	0.00000000E+0	0.00000000E+0
4.22363281E-1	5.02930009E-9	5.02930009E-9	4.22363281E-1	0.00000000E+0	0.00000000E+0
4.24804687E-1	5.06953990E-9	5.06953990E-9	4.24804687E-1	0.00000000E+0	0.00000000E+0
4.27246094E-1	5.10218978E-9	5.10218978E-9	4.27246094E-1	0.00000000E+0	0.00000000E+0
4.29687500E-1	5.12648013E-9	5.12648013E-9	4.29687500E-1	0.00000000E+0	0.00000000E+0
4.32128906E-1	5.17887022E-9	5.17887022E-9	4.32128906E-1	0.00000000E+0	0.00000000E+0
4.34570312E-1	5.22063015E-9	5.22063015E-9	4.34570312E-1	0.00000000E+0	0.00000000E+0
4.37011719E-1	5.25175992E-9	5.25175992E-9	4.37011719E-1	0.00000000E+0	0.00000000E+0
4.39453125E-1	5.26922017E-9	5.26922017E-9	4.39453125E-1	0.00000000E+0	0.00000000E+0
4.41894531E-1	5.31478017E-9	5.31478017E-9	4.41894531E-1	0.00000000E+0	0.00000000E+0
4.44335937E-1	5.31781019E-9	5.31781019E-9	4.44335937E-1	0.00000000E+0	0.00000000E+0
4.46777344E-1	5.33376010E-9	5.33376010E-9	4.46777344E-1	0.00000000E+0	0.00000000E+0
4.49218750E-1	5.42069012E-9	5.42069012E-9	4.49218750E-1	0.00000000E+0	0.00000000E+0
4.51660156E-1	5.47117995E-9	5.47117995E-9	4.51660156E-1	0.00000000E+0	0.00000000E+0
4.54101562E-1	5.50876988E-9	5.50876988E-9	4.54101562E-1	0.00000000E+0	0.00000000E+0
4.56542969E-1	5.52888979E-9	5.52888979E-9	4.56542969E-1	0.00000000E+0	0.00000000E+0
4.58984375E-1	5.56457014E-9	5.56457014E-9	4.58984375E-1	0.00000000E+0	0.00000000E+0
4.61425781E-1	5.61088997E-9	5.61088997E-9	4.61425781E-1	0.00000000E+0	0.00000000E+0
4.63867187E-1	5.64733016E-9	5.64733016E-9	4.63867187E-1	0.00000000E+0	0.00000000E+0
4.66308594E-1	5.68187986E-9	5.68187986E-9	4.66308594E-1	0.00000000E+0	0.00000000E+0
4.68750000E-1	5.69592018E-9	5.69592018E-9	4.68750000E-1	0.00000000E+0	0.00000000E+0
4.71191406E-1	5.73388004E-9	5.73388004E-9	4.71191406E-1	0.00000000E+0	0.00000000E+0
4.73632812E-1	5.77563997E-9	5.77563997E-9	4.73632812E-1	0.00000000E+0	0.00000000E+0
4.76074219E-1	5.79614001E-9	5.79614001E-9	4.76074219E-1	0.00000000E+0	0.00000000E+0
4.78515625E-1	5.84245985E-9	5.84245985E-9	4.78515625E-1	0.00000000E+0	0.00000000E+0
4.80957031E-1	5.88459992E-9	5.88459992E-9	4.80957031E-1	0.00000000E+0	0.00000000E+0
4.83398437E-1	5.92332006E-9	5.92332006E-9	4.83398437E-1	0.00000000E+0	0.00000000E+0
4.85839844E-1	5.95785998E-9	5.95785998E-9	4.85839844E-1	0.00000000E+0	0.00000000E+0
4.88281250E-1	5.98405991E-9	5.98405991E-9	4.88281250E-1	0.00000000E+0	0.00000000E+0
4.90722656E-1	6.01633010E-9	6.01633010E-9	4.90722656E-1	0.00000000E+0	0.00000000E+0
4.93164062E-1	6.06492012E-9	6.06492012E-9	4.93164062E-1	0.00000000E+0	0.00000000E+0
4.90722656E-1	5.92901017E-9	5.92901017E-9	4.90722656E-1	0.00000000E+0	0.00000000E+0
4.88281250E-1	5.91231020E-9	5.91231020E-9	4.88281250E-1	0.00000000E+0	0.00000000E+0
4.85839844E-1	5.86826987E-9	5.86826987E-9	4.85839844E-1	0.00000000E+0	0.00000000E+0
4.83398437E-1	5.85042992E-9	5.85042992E-9	4.83398437E-1	0.00000000E+0	0.00000000E+0
4.80957031E-1	5.80828985E-9	5.80828985E-9	4.80957031E-1	0.00000000E+0	0.00000000E+0
4.78515625E-1	5.77563997E-9	5.77563997E-9	4.78515625E-1	0.00000000E+0	0.00000000E+0
4.76074219E-1	5.72932990E-9	5.72932990E-9	4.76074219E-1	0.00000000E+0	0.00000000E+0
4.73632812E-1	5.72324987E-9	5.72324987E-9	4.73632812E-1	0.00000000E+0	0.00000000E+0
4.71191406E-1	5.68681013E-9	5.68681013E-9	4.71191406E-1	0.00000000E+0	0.00000000E+0
4.68750000E-1	5.65795988E-9	5.65795988E-9	4.68750000E-1	0.00000000E+0	0.00000000E+0
4.66308594E-1	5.61316016E-9	5.61316016E-9	4.66308594E-1	0.00000000E+0	0.00000000E+0
4.63867187E-1	5.59266011E-9	5.59266011E-9	4.63867187E-1	0.00000000E+0	0.00000000E+0
4.61425781E-1	5.56002000E-9	5.56002000E-9	4.61425781E-1	0.00000000E+0	0.00000000E+0
4.58984375E-1	5.52585000E-9	5.52585000E-9	4.58984375E-1	0.00000000E+0	0.00000000E+0
4.56542969E-1	5.50154988E-9	5.50154988E-9	4.56542969E-1	0.00000000E+0	0.00000000E+0
4.54101562E-1	5.43550005E-9	5.43550005E-9	4.54101562E-1	0.00000000E+0	0.00000000E+0
4.51660156E-1	5.44764989E-9	5.44764989E-9	4.51660156E-1	0.00000000E+0	0.00000000E+0
4.49218750E-1	5.41044010E-9	5.41044010E-9	4.49218750E-1	0.00000000E+0	0.00000000E+0
4.46777344E-1	5.39297984E-9	5.39297984E-9	4.46777344E-1	0.00000000E+0	0.00000000E+0
4.44335937E-1	5.33376010E-9	5.33376010E-9	4.44335937E-1	0.00000000E+0	0.00000000E+0
4.41894531E-1	5.32084998E-9	5.32084998E-9	4.41894531E-1	0.00000000E+0	0.00000000E+0
4.39453125E-1	5.28440980E-9	5.28440980E-9	4.39453125E-1	0.00000000E+0	0.00000000E+0
4.37011719E-1	5.25783017E-9	5.25783017E-9	4.37011719E-1	0.00000000E+0	0.00000000E+0
4.34570312E-1	5.21644994E-9	5.21644994E-9	4.34570312E-1	0.00000000E+0	0.00000000E+0
4.32128906E-1	5.20544008E-9	5.20544008E-9	4.32128906E-1	0.00000000E+0	0.00000000E+0
4.29687500E-1	5.16899989E-9	5.16899989E-9	4.29687500E-1	0.00000000E+0	0.00000000E+0
4.27246094E-1	5.14393994E-9	5.14393994E-9	4.27246094E-1	0.00000000E+0	0.00000000E+0
4.24804687E-1	5.09914999E-9	5.09914999E-9	4.24804687E-1	0.00000000E+0	0.00000000E+0
4.22363281E-1	5.09914999E-9	5.09914999E-9	4.22363281E-1	0.00000000E+0	0.00000000E+0
4.19921875E-1	5.02322006E-9	5.02322006E-9	4.19921875E-1	0.00000000E+0	0.00000000E+0
4.17480469E-1	5.01563013E-9	5.01563013E-9	4.17480469E-1	0.00000000E+0	0.00000000E+0
4.15039062E-1	4.97387020E-9	4.97387020E-9	4.15039062E-1	0.00000000E+0	0.00000000E+0
4.12597656E-1	4.94596986E-9	4.94596986E-9	4.12597656E-1	0.00000000E+0	0.00000000E+0
4.10156250E-1	4.90706009E-9	4.90706009E-9	4.10156250E-1	0.00000000E+0	0.00000000E+0
4.07714844E-1	4.86758012E-9	4.86758012E-9	4.07714844E-1	0.00000000E+0	0.00000000E+0
4.05273437E-1	4.85314988E-9	4.85314988E-9	4.05273437E-1	0.00000000E+0	0.00000000E+0
4.02832031E-1	4.81366991E-9	4.81366991E-9	4.02832031E-1	0.00000000E+0	0.00000000E+0
4.00390625E-1	4.80683982E-9	4.80683982E-9	4.00390625E-1	0.00000000E+0	0.00000000E+0
3.97949219E-1	4.74229989E-9	4.74229989E-9	3.97949219E-1	0.00000000E+0	0.00000000E+0
3.95507812E-1	4.73584993E-9	4.73584993E-9	3.95507812E-1	0.00000000E+0	0.00000000E+0
3.93066406E-1	4.68308015E-9	4.68308015E-9	3.93066406E-1	0.00000000E+0	0.00000000E+0
3.90625000E-1	4.66864991E-9	4.66864991E-9	3.90625000E-1	0.00000000E+0	0.00000000E+0
3.88183594E-1	4.61246996E-9	4.61246996E-9	3.88183594E-1	0.00000000E+0	0.00000000E+0
3.85742187E-1	4.60715022E-9	4.60715022E-9	3.85742187E-1	0.00000000E+0	0.00000000E+0
3.83300781E-1	4.55476012E-9	4.55476012E-9	3.83300781E-1	0.00000000E+0	0.00000000E+0
3.80859375E-1	4.55096982E-9	4.55096982E-9	3.80859375E-1	0.00000000E+0	0.00000000E+0
3.78417969E-1	4.48889992E-9	4.48889992E-9	3.78417969E-1	0.00000000E+0	0.00000000E+0
3.75976562E-1	4.49175008E-9	4.49175008E-9	3.75976562E-1	0.00000000E+0	0.00000000E+0
3.73535156E-1	4.41733983E-9	4.41733983E-9	3.73535156E-1	0.00000000E+0	0.00000000E+0
3.71093750E-1	4.41202008E-9	4.41202008E-9	3.71093750E-1	0.00000000E+0	0.00000000E+0
3.68652344E-1	4.34445013E-9	4.34445013E-9	3.68652344E-1	0.00000000E+0	0.00000000E+0
3.66210937E-1	4.32242997E-9	4.32242997E-9	3.66210937E-1	0.00000000E+0	0.00000000E+0
3.63769531E-1	4.26435021E-9	4.26435021E-9	3.63769531E-1	0.00000000E+0	0.00000000E+0
3.61328125E-1	4.26852020E-9	4.26852020E-9	3.61328125E-1	0.00000000E+0	0.00000000E+0
3.58886719E-1	4.20399004E-9	4.20399004E-9	3.58886719E-1	0.00000000E+0	0.00000000E+0
3.56445312E-1	4.19488000E-9	4.19488000E-9	3.56445312E-1	0.00000000E+0	0.00000000E+0
3.54003906E-1	4.13300016E-9	4.13300016E-9	3.54003906E-1	0.00000000E+0	0.00000000E+0
3.51562500E-1	4.13300016E-9	4.13300016E-9	3.51562500E-1	0.00000000E+0	0.00000000E+0
3.49121094E-1	4.06731981E-9	4.06731981E-9	3.49121094E-1	0.00000000E+0	0.00000000E+0
3.46679687E-1	4.07642986E-9	4.07642986E-9	3.46679687E-1	0.00000000E+0	0.00000000E+0
3.44238281E-1	4.00582012E-9	4.00582012E-9	3.44238281E-1	0.00000000E+0	0.00000000E+0
3.41796875E-1	3.98912015E-9	3.98912015E-9	3.41796875E-1	0.00000000E+0	0.00000000E+0
3.39355469E-1	3.94831012E-9	3.94831012E-9	3.39355469E-1	0.00000000E+0	0.00000000E+0
3.36914062E-1	3.94279986E-9	3.94279986E-9	3.36914062E-1	0.00000000E+0	0.00000000E+0
3.34472656E-1	3.87561006E-9	3.87561006E-9	3.34472656E-1	0.00000000E+0	0.00000000E+0
3.32031250E-1	3.87750987E-9	3.87750987E-9	3.32031250E-1	0.00000000E+0	0.00000000E+0
3.29589844E-1	3.79816978E-9	3.79816978E-9	3.29589844E-1	0.00000000E+0	0.00000000E+0
3.27148437E-1	3.77121001E-9	3.77121001E-9	3.27148437E-1	0.00000000E+0	0.00000000E+0
3.24707031E-1	3.72414011E-9	3.72414011E-9	3.24707031E-1	0.00000000E+0	0.00000000E+0
3.22265625E-1	3.70592002E-9	3.70592002E-9	3.22265625E-1	0.00000000E+0	0.00000000E+0
3.19824219E-1	3.65845998E-9	3.65845998E-9	3.19824219E-1	0.00000000E+0	0.00000000E+0
3.17382812E-1	3.62696007E-9	3.62696007E-9	3.17382812E-1	0.00000000E+0	0.00000000E+0
3.14941406E-1	3.57038998E-9	3.57038998E-9	3.14941406E-1	0.00000000E+0	0.00000000E+0
3.12500000E-1	3.54192009E-9	3.54192009E-9	3.12500000E-1	0.00000000E+0	0.00000000E+0
3.10058594E-1	3.47737994E-9	3.47737994E-9	3.10058594E-1	0.00000000E+0	0.00000000E+0
3.07617187E-1	3.43485995E-9	3.43485995E-9	3.07617187E-1	0.00000000E+0	0.00000000E+0
3.05175781E-1	3.41588002E-9	3.41588002E-9	3.05175781E-1	0.00000000E+0	0.00000000E+0
3.02734375E-1	3.36121997E-9	3.36121997E-9	3.02734375E-1	0.00000000E+0	0.00000000E+0
3.00292969E-1	3.32249006E-9	3.32249006E-9	3.00292969E-1	0.00000000E+0	0.00000000E+0
2.97851562E-1	3.28301009E-9	3.28301009E-9	2.97851562E-1	0.00000000E+0	0.00000000E+0
2.95410156E-1	3.24656990E-9	3.24656990E-9	2.95410156E-1	0.00000000E+0	0.00000000E+0
2.92968750E-1	3.20898996E-9	3.20898996E-9	2.92968750E-1	0.00000000E+0	0.00000000E+0
2.90527344E-1	3.17367999E-9	3.17367999E-9	2.90527344E-1	0.00000000E+0	0.00000000E+0
2.88085937E-1	3.14609006E-9	3.14609006E-9	2.88085937E-1	0.00000000E+0	0.00000000E+0
2.85644531E-1	3.09926995E-9	3.09926995E-9	2.85644531E-1	0.00000000E+0	0.00000000E+0
2.83203125E-1	3.08864001E-9	3.08864001E-9	2.83203125E-1	0.00000000E+0	0.00000000E+0
2.80761719E-1	3.03853009E-9	3.03853009E-9	2.80761719E-1	0.00000000E+0	0.00000000E+0
2.78320312E-1	3.01221004E-9	3.01221004E-9	2.78320312E-1	0.00000000E+0	0.00000000E+0
2.75878906E-1	2.97248004E-9	2.97248004E-9	2.75878906E-1	0.00000000E+0	0.00000000E+0
2.73437500E-1	2.96223002E-9	2.96223002E-9	2.73437500E-1	0.00000000E+0	0.00000000E+0
2.70996094E-1	2.91780999E-9	2.91780999E-9	2.70996094E-1	0.00000000E+0	0.00000000E+0
2.68554687E-1	2.89352009E-9	2.89352009E-9	2.68554687E-1	0.00000000E+0	0.00000000E+0
2.66113281E-1	3.07612003E-9	3.07612003E-9	2.66113281E-1	0.00000000E+0	0.00000000E+0
2.63671875E-1	3.08447001E-9	3.08447001E-9	2.63671875E-1	0.00000000E+0	0.00000000E+0
2.61230469E-1	3.03853009E-9	3.03853009E-9	2.61230469E-1	0.00000000E+0	0.00000000E+0
2.58789062E-1	3.01993008E-9	3.01993008E-9	2.58789062E-1	0.00000000E+0	0.00000000E+0
2.56347656E-1	2.96944003E-9	2.96944003E-9	2.56347656E-1	0.00000000E+0	0.00000000E+0
2.53906250E-1	2.96032998E-9	2.96032998E-9	2.53906250E-1	0.00000000E+0	0.00000000E+0
2.51464844E-1	2.91553004E-9	2.91553004E-9	2.51464844E-1	0.00000000E+0	0.00000000E+0
2.49023437E-1	2.90034996E-9	2.90034996E-9	2.49023437E-1	0.00000000E+0	0.00000000E+0
2.46582031E-1	2.85263990E-9	2.85263990E-9	2.46582031E-1	0.00000000E+0	0.00000000E+0
2.44140625E-1	2.84075008E-9	2.84075008E-9	2.44140625E-1	0.00000000E+0	0.00000000E+0
2.41699219E-1	2.79519008E-9	2.79519008E-9	2.41699219E-1	0.00000000E+0	0.00000000E+0
2.39257812E-1	2.76899992E-9	2.76899992E-9	2.39257812E-1	0.00000000E+0	0.00000000E+0
2.36816406E-1	2.73521006E-9	2.73521006E-9	2.36816406E-1	0.00000000E+0	0.00000000E+0
2.34375000E-1	2.72837997E-9	2.72837997E-9	2.34375000E-1	0.00000000E+0	0.00000000E+0
2.31933594E-1	2.67484990E-9	2.67484990E-9	2.31933594E-1	0.00000000E+0	0.00000000E+0
2.29492187E-1	2.66156008E-9	2.66156008E-9	2.29492187E-1	0.00000000E+0	0.00000000E+0
2.27050781E-1	2.62132005E-9	2.62132005E-9	2.27050781E-1	0.00000000E+0	0.00000000E+0
2.24609375E-1	2.60195998E-9	2.60195998E-9	2.24609375E-1	0.00000000E+0	0.00000000E+0
2.22167969E-1	2.56438004E-9	2.56438004E-9	2.22167969E-1	0.00000000E+0	0.00000000E+0
2.19726562E-1	2.54654009E-9	2.54654009E-9	2.19726562E-1	0.00000000E+0	0.00000000E+0
2.17285156E-1	2.51212007E-9	2.51212007E-9	2.17285156E-1	0.00000000E+0	0.00000000E+0
2.14843750E-1	2.49034993E-9	2.49034993E-9	2.14843750E-1	0.00000000E+0	0.00000000E+0
2.12402344E-1	2.45921994E-9	2.45921994E-9	2.12402344E-1	0.00000000E+0	0.00000000E+0
2.09960937E-1	2.43607001E-9	2.43607001E-9	2.09960937E-1	0.00000000E+0	0.00000000E+0
2.07519531E-1	2.41215004E-9	2.41215004E-9	2.07519531E-1	0.00000000E+0	0.00000000E+0
2.05078125E-1	2.38025999E-9	2.38025999E-9	2.05078125E-1	0.00000000E+0	0.00000000E+0
2.02636719E-1	2.28534991E-9	2.28534991E-9	2.02636719E-1	0.00000000E+0	0.00000000E+0
2.00195312E-1	2.25750996E-9	2.25750996E-9	2.00195312E-1	0.00000000E+0	0.00000000E+0
1.97753906E-1	2.24967001E-9	2.24967001E-9	1.97753906E-1	0.00000000E+0	0.00000000E+0
1.95312500E-1	2.22689001E-9	2.22689001E-9	1.95312500E-1	0.00000000E+0	0.00000000E+0
1.92871094E-1	2.21930008E-9	2.21930008E-9	1.92871094E-1	0.00000000E+0	0.00000000E+0
1.90429687E-1	2.19272001E-9	2.19272001E-9	1.90429687E-1	0.00000000E+0	0.00000000E+0
1.87988281E-1	2.18335994E-9	2.18335994E-9	1.87988281E-1	0.00000000E+0	0.00000000E+0
1.85546875E-1	2.17221996E-9	2.17221996E-9	1.85546875E-1	0.00000000E+0	0.00000000E+0
1.83105469E-1	2.17678009E-9	2.17678009E-9	1.83105469E-1	0.00000000E+0	0.00000000E+0
1.80664062E-1	2.14336993E-9	2.14336993E-9	1.80664062E-1	0.00000000E+0	0.00000000E+0
1.78222656E-1	2.14148010E-9	2.14148010E-9	1.78222656E-1	0.00000000E+0	0.00000000E+0
1.75781250E-1	2.12970996E-9	2.12970996E-9	1.75781250E-1	0.00000000E+0	0.00000000E+0
1.73339844E-1	2.12819007E-9	2.12819007E-9	1.73339844E-1	0.00000000E+0	0.00000000E+0
1.70898437E-1	2.10616991E-9	2.10616991E-9	1.70898437E-1	0.00000000E+0	0.00000000E+0
1.68457031E-1	2.10920992E-9	2.10920992E-9	1.68457031E-1	0.00000000E+0	0.00000000E+0
1.66015625E-1	2.08617990E-9	2.08617990E-9	1.66015625E-1	0.00000000E+0	0.00000000E+0
1.63574219E-1	2.08744000E-9	2.08744000E-9	1.63574219E-1	0.00000000E+0	0.00000000E+0
1.61132812E-1	2.09831996E-9	2.09831996E-9	1.61132812E-1	0.00000000E+0	0.00000000E+0
1.58691406E-1	2.07199990E-9	2.07199990E-9	1.58691406E-1	0.00000000E+0	0.00000000E+0
1.56250000E-1	2.07048001E-9	2.07048001E-9	1.56250000E-1	0.00000000E+0	0.00000000E+0
1.53808594E-1	2.07048001E-9	2.07048001E-9	1.53808594E-1	0.00000000E+0	0.00000000E+0
1.51367187E-1	2.06554995E-9	2.06554995E-9	1.51367187E-1	0.00000000E+0	0.00000000E+0
1.48925781E-1	2.05758011E-9	2.05758011E-9	1.48925781E-1	0.00000000E+0	0.00000000E+0
1.46484375E-1	2.03632000E-9	2.03632000E-9	1.46484375E-1	0.00000000E+0	0.00000000E+0
1.44042969E-1	2.04492001E-9	2.04492001E-9	1.44042969E-1	0.00000000E+0	0.00000000E+0
1.41601562E-1	2.03251993E-9	2.03251993E-9	1.41601562E-1	0.00000000E+0	0.00000000E+0
1.39160156E-1	2.03884998E-9	2.03884998E-9	1.39160156E-1	0.00000000E+0	0.00000000E+0
1.36718750E-1	2.04239003E-9	2.04239003E-9	1.36718750E-1	0.00000000E+0	0.00000000E+0
1.34277344E-1	2.04492001E-9	2.04492001E-9	1.34277344E-1	0.00000000E+0	0.00000000E+0
1.31835937E-1	2.04365991E-9	2.04365991E-9	1.31835937E-1	0.00000000E+0	0.00000000E+0
1.29394531E-1	2.04847006E-9	2.04847006E-9	1.29394531E-1	0.00000000E+0	0.00000000E+0
1.26953125E-1	2.06060990E-9	2.06060990E-9	1.26953125E-1	0.00000000E+0	0.00000000E+0
1.24511719E-1	2.05758011E-9	2.05758011E-9	1.24511719E-1	0.00000000E+0	0.00000000E+0
1.22070312E-1	2.06554995E-9	2.06554995E-9	1.22070312E-1	0.00000000E+0	0.00000000E+0
1.19628906E-1	2.07048001E-9	2.07048001E-9	1.19628906E-1	0.00000000E+0	0.00000000E+0
1.17187500E-1	2.09706008E-9	2.09706008E-9	1.17187500E-1	0.00000000E+0	0.00000000E+0
1.14746094E-1	2.09098006E-9	2.09098006E-9	1.14746094E-1	0.00000000E+0	0.00000000E+0
1.12304687E-1	2.10769002E-9	2.10769002E-9	1.12304687E-1	0.00000000E+0	0.00000000E+0
1.09863281E-1	2.12465001E-9	2.12465001E-9	1.09863281E-1	0.00000000E+0	0.00000000E+0
1.07421875E-1	2.13958007E-9	2.13958007E-9	1.07421875E-1	0.00000000E+0	0.00000000E+0
1.04980469E-1	2.15551998E-9	2.15551998E-9	1.04980469E-1	0.00000000E+0	0.00000000E+0
1.02539062E-1	2.16665996E-9	2.16665996E-9	1.02539062E-1	0.00000000E+0	0.00000000E+0
1.00097656E-1	2.18335994E-9	2.18335994E-9	1.00097656E-1	0.00000000E+0	0.00000000E+0
9.76562500E-2	2.20891994E-9	2.20891994E-9	9.76562500E-2	0.00000000E+0	0.00000000E+0
9.52148438E-2	2.22422991E-9	2.22422991E-9	9.52148438E-2	0.00000000E+0	0.00000000E+0
9.27734375E-2	2.23929009E-9	2.23929009E-9	9.27734375E-2	0.00000000E+0	0.00000000E+0
9.03320313E-2	2.25347008E-9	2.25347008E-9	9.03320313E-2	0.00000000E+0	0.00000000E+0
8.78906250E-2	2.27168995E-9	2.27168995E-9	8.78906250E-2	0.00000000E+0	0.00000000E+0
8.54492188E-2	2.27282992E-9	2.27282992E-9	8.54492188E-2	0.00000000E+0	0.00000000E+0
8.30078125E-2	2.29598007E-9	2.29598007E-9	8.30078125E-2	0.00000000E+0	0.00000000E+0
8.05664063E-2	2.28117991E-9	2.28117991E-9	8.05664063E-2	0.00000000E+0	0.00000000E+0
7.81250000E-2	2.31800001E-9	2.31800001E-9	7.81250000E-2	0.00000000E+0	0.00000000E+0
7.56835938E-2	2.27282992E-9	2.27282992E-9	7.56835938E-2	0.00000000E+0	0.00000000E+0
7.32421875E-2	2.27548003E-9	2.27548003E-9	7.32421875E-2	0.00000000E+0	0.00000000E+0
7.08007813E-2	2.22119989E-9	2.22119989E-9	7.08007813E-2	0.00000000E+0	0.00000000E+0
6.83593750E-2	2.20487006E-9	2.20487006E-9	6.83593750E-2	0.00000000E+0	0.00000000E+0
6.59179688E-2	2.13350004E-9	2.13350004E-9	6.59179688E-2	0.00000000E+0	0.00000000E+0
6.34765625E-2	2.09706008E-9	2.09706008E-9	6.34765625E-2	0.00000000E+0	0.00000000E+0
6.10351563E-2	1.98962002E-9	1.98962002E-9	6.10351563E-2	0.00000000E+0	0.00000000E+0
5.85937500E-2	1.59822999E-9	1.59822999E-9	5.85937500E-2	0.00000000E+0	0.00000000E+0
5.61523438E-2	1.18988996E-9	1.18988996E-9	5.61523438E-2	0.00000000E+0	0.00000000E+0
5.37109375E-2	9.31638988E-10	9.31638988E-10	5.37109375E-2	0.00000000E+0	0.00000000E+0
5.12695313E-2	7.64056984E-10	7.64056984E-10	5.12695313E-2	0.00000000E+0	0.00000000E+0
4.88281250E-2	6.13176010E-10	6.13176010E-10	4.88281250E-2	0.00000000E+0	0.00000000E+0
4.63867188E-2	5.13432019E-10	5.13432019E-10	4.63867188E-2	0.00000000E+0	0.00000000E+0
4.39453125E-2	4.15143003E-10	4.15143003E-10	4.39453125E-2	0.00000000E+0	0.00000000E+0
4.15039063E-2	3.59524993E-10	3.59524993E-10	4.15039063E-2	0.00000000E+0	0.00000000E+0
3.90625000E-2	3.08350012E-10	3.08350012E-10	3.90625000E-2	0.00000000E+0	0.00000000E+0
3.66210938E-2	3.04825998E-10	3.04825998E-10	3.66210938E-2	0.00000000E+0	0.00000000E+0
3.41796875E-2	3.51864010E-10	3.51864010E-10	3.41796875E-2	0.00000000E+0	0.00000000E+0
3.17382813E-2	2.77860013E-10	2.77860013E-10	3.17382813E-2	0.00000000E+0	0.00000000E+0
2.92968750E-2	2.00407996E-10	2.00407996E-10	2.92968750E-2	0.00000000E+0	0.00000000E+0
2.68554688E-2	1.74093004E-10	1.74093004E-10	2.68554688E-2	0.00000000E+0	0.00000000E+0
2.44140625E-2	1.47548002E-10	1.47548002E-10	2.44140625E-2	0.00000000E+0	0.00000000E+0
2.19726563E-2	1.40525994E-10	1.40525994E-10	2.19726563E-2	0.00000000E+0	0.00000000E+0
1.95312500E-2	1.44459000E-10	1.44459000E-10	1.95312500E-2	0.00000000E+0	0.00000000E+0
1.70898438E-2	1.18131005E-10	1.18131005E-10	1.70898438E-2	0.00000000E+0	0.00000000E+0
1.46484375E-2	9.10877970E-11	9.10877970E-11	1.46484375E-2	0.00000000E+0	0.00000000E+0
1.22070313E-2	6.64006003E-11	6.64006003E-11	1.22070313E-2	0.00000000E+0	0.00000000E+0
9.76562500E-3	4.33604992E-11	4.33604992E-11	9.76562500E-3	0.00000000E+0	0.00000000E+0
7.32421875E-3	2.54646998E-11	2.54646998E-11	7.32421875E-3	0.00000000E+0	0.00000000E+0
4.88281250E-3	6.76709990E-12	6.76709990E-12	4.88281250E-3	0.00000000E+0	0.00000000E+0
2.44140625E-3	-1.19127000E-11	-1.19127000E-11	2.44140625E-3	0.00000000E+0	0.00000000E+0
0.00000000E+0	-2.99923003E-11	-2.99923003E-11	0.00000000E+0	0.00000000E+0	0.00000000E+0
-2.44140625E-3	-4.45862999E-11	-4.45862999E-11	-2.44140625E-3	0.00000000E+0	0.00000000E+0
-4.88281250E-3	-6.91010998E-11	-6.91010998E-11	-4.88281250E-3	0.00000000E+0	0.00000000E+0
-7.32421875E-3	-9.55310969E-11	-9.55310969E-11	-7.32421875E-3	0.00000000E+0	0.00000000E+0
-9.76562500E-3	-1.24244004E-10	-1.24244004E-10	-9.76562500E-3	0.00000000E+0	0.00000000E+0
-1.22070313E-2	-1.55055996E-10	-1.55055996E-10	-1.22070313E-2	0.00000000E+0	0.00000000E+0
-1.46484375E-2	-1.90755994E-10	-1.90755994E-10	-1.46484375E-2	0.00000000E+0	0.00000000E+0
-1.70898438E-2	-2.31281994E-10	-2.31281994E-10	-1.70898438E-2	0.00000000E+0	0.00000000E+0
-1.95312500E-2	-2.11133999E-10	-2.11133999E-10	-1.95312500E-2	0.00000000E+0	0.00000000E+0
-2.19726563E-2	-2.45020004E-10	-2.45020004E-10	-2.19726563E-2	0.00000000E+0	0.00000000E+0
-2.44140625E-2	-2.81919987E-10	-2.81919987E-10	-2.44140625E-2	0.00000000E+0	0.00000000E+0
-2.68554688E-2	-3.25549004E-10	-3.25549004E-10	-2.68554688E-2	0.00000000E+0	0.00000000E+0
-2.92968750E-2	-4.07864992E-10	-4.07864992E-10	-2.92968750E-2	0.00000000E+0	0.00000000E+0
-3.17382813E-2	-5.43845025E-10	-5.43845025E-10	-3.17382813E-2	0.00000000E+0	0.00000000E+0
-3.41796875E-2	-6.12154993E-10	-6.12154993E-10	-3.41796875E-2	0.00000000E+0	0.00000000E+0
-3.66210938E-2	-6.71935008E-10	-6.71935008E-10	-3.66210938E-2	0.00000000E+0	0.00000000E+0
-3.90625000E-2	-7.40768002E-10	-7.40768002E-10	-3.90625000E-2	0.00000000E+0	0.00000000E+0
-4.15039063E-2	-7.96066990E-10	-7.96066990E-10	-4.15039063E-2	0.00000000E+0	0.00000000E+0
-4.39453125E-2	-8.67899974E-10	-8.67899974E-10	-4.39453125E-2	0.00000000E+0	0.00000000E+0
-4.63867188E-2	-9.06357989E-10	-9.06357989E-10	-4.63867188E-2	0.00000000E+0	0.00000000E+0
-4.88281250E-2	-9.38151001E-10	-9.38151001E-10	-4.88281250E-2	0.00000000E+0	0.00000000E+0
-5.12695313E-2	-7.78854981E-10	-7.78854981E-10	-5.12695313E-2	0.00000000E+0	0.00000000E+0
-5.37109375E-2	-8.74334993E-10	-8.74334993E-10	-5.37109375E-2	0.00000000E+0	0.00000000E+0
-5.61523438E-2	-1.01606001E-9	-1.01606001E-9	-5.61523438E-2	0.00000000E+0	0.00000000E+0
-5.85937500E-2	-1.25010002E-9	-1.25010002E-9	-5.85937500E-2	0.00000000E+0	0.00000000E+0
-6.10351563E-2	-1.57317004E-9	-1.57317004E-9	-6.10351563E-2	0.00000000E+0	0.00000000E+0
-6.34765625E-2	-2.50402010E-9	-2.50402010E-9	-6.34765625E-2	0.00000000E+0	0.00000000E+0
-6.59179688E-2	-2.49263010E-9	-2.49263010E-9	-6.59179688E-2	0.00000000E+0	0.00000000E+0
-6.83593750E-2	-2.45390996E-9	-2.45390996E-9	-6.83593750E-2	0.00000000E+0	0.00000000E+0
-7.08007813E-2	-2.42354004E-9	-2.42354004E-9	-7.08007813E-2	0.00000000E+0	0.00000000E+0
-7.32421875E-2	-2.36963005E-9	-2.36963005E-9	-7.32421875E-2	0.00000000E+0	0.00000000E+0
-7.56835938E-2	-2.33319009E-9	-2.33319009E-9	-7.56835938E-2	0.00000000E+0	0.00000000E+0
-7.81250000E-2	-2.29522001E-9	-2.29522001E-9	-7.81250000E-2	0.00000000E+0	0.00000000E+0
-8.05664063E-2	-2.25460006E-9	-2.25460006E-9	-8.05664063E-2	0.00000000E+0	0.00000000E+0
-8.30078125E-2	-2.22765006E-9	-2.22765006E-9	-8.30078125E-2	0.00000000E+0	0.00000000E+0
-8.54492188E-2	-2.19652008E-9	-2.19652008E-9	-8.54492188E-2	0.00000000E+0	0.00000000E+0
-8.78906250E-2	-2.17855001E-9	-2.17855001E-9	-8.78906250E-2	0.00000000E+0	0.00000000E+0
-9.03320313E-2	-2.16235008E-9	-2.16235008E-9	-9.03320313E-2	0.00000000E+0	0.00000000E+0
-9.27734375E-2	-2.12995999E-9	-2.12995999E-9	-9.27734375E-2	0.00000000E+0	0.00000000E+0
-9.52148438E-2	-2.12465001E-9	-2.12465001E-9	-9.52148438E-2	0.00000000E+0	0.00000000E+0
-9.76562500E-2	-2.12337992E-9	-2.12337992E-9	-9.76562500E-2	0.00000000E+0	0.00000000E+0
-1.00097656E-1	-2.12743001E-9	-2.12743001E-9	-1.00097656E-1	0.00000000E+0	0.00000000E+0
-1.02539062E-1	-2.10996998E-9	-2.10996998E-9	-1.02539062E-1	0.00000000E+0	0.00000000E+0
-1.04980469E-1	-2.10338991E-9	-2.10338991E-9	-1.04980469E-1	0.00000000E+0	0.00000000E+0
-1.07421875E-1	-2.10616991E-9	-2.10616991E-9	-1.07421875E-1	0.00000000E+0	0.00000000E+0
-1.09863281E-1	-2.10338991E-9	-2.10338991E-9	-1.09863281E-1	0.00000000E+0	0.00000000E+0
-1.12304687E-1	-2.10616991E-9	-2.10616991E-9	-1.12304687E-1	0.00000000E+0	0.00000000E+0
-1.14746094E-1	-2.11882001E-9	-2.11882001E-9	-1.14746094E-1	0.00000000E+0	0.00000000E+0
-1.17187500E-1	-2.12337992E-9	-2.12337992E-9	-1.17187500E-1	0.00000000E+0	0.00000000E+0
-1.19628906E-1	-2.13197993E-9	-2.13197993E-9	-1.19628906E-1	0.00000000E+0	0.00000000E+0
-1.22070312E-1	-2.14033991E-9	-2.14033991E-9	-1.22070312E-1	0.00000000E+0	0.00000000E+0
-1.24511719E-1	-2.15146989E-9	-2.15146989E-9	-1.24511719E-1	0.00000000E+0	0.00000000E+0
-1.26953125E-1	-2.16539009E-9	-2.16539009E-9	-1.26953125E-1	0.00000000E+0	0.00000000E+0
-1.29394531E-1	-2.18284990E-9	-2.18284990E-9	-1.29394531E-1	0.00000000E+0	0.00000000E+0
-1.31835937E-1	-2.18284990E-9	-2.18284990E-9	-1.31835937E-1	0.00000000E+0	0.00000000E+0
-1.34277344E-1	-2.20601004E-9	-2.20601004E-9	-1.34277344E-1	0.00000000E+0	0.00000000E+0
-1.36718750E-1	-2.21499996E-9	-2.21499996E-9	-1.36718750E-1	0.00000000E+0	0.00000000E+0
-1.39160156E-1	-2.22765006E-9	-2.22765006E-9	-1.39160156E-1	0.00000000E+0	0.00000000E+0
-1.41601562E-1	-2.24169994E-9	-2.24169994E-9	-1.41601562E-1	0.00000000E+0	0.00000000E+0
-1.44042969E-1	-2.26560992E-9	-2.26560992E-9	-1.44042969E-1	0.00000000E+0	0.00000000E+0
-1.46484375E-1	-2.28307995E-9	-2.28307995E-9	-1.46484375E-1	0.00000000E+0	0.00000000E+0
-1.48925781E-1	-2.28610997E-9	-2.28610997E-9	-1.48925781E-1	0.00000000E+0	0.00000000E+0
-1.51367187E-1	-2.32408004E-9	-2.32408004E-9	-1.51367187E-1	0.00000000E+0	0.00000000E+0
-1.53808594E-1	-2.32976993E-9	-2.32976993E-9	-1.53808594E-1	0.00000000E+0	0.00000000E+0
-1.56250000E-1	-2.36432007E-9	-2.36432007E-9	-1.56250000E-1	0.00000000E+0	0.00000000E+0
-1.58691406E-1	-2.38330000E-9	-2.38330000E-9	-1.58691406E-1	0.00000000E+0	0.00000000E+0
-1.61132812E-1	-2.40152009E-9	-2.40152009E-9	-1.61132812E-1	0.00000000E+0	0.00000000E+0
-1.63574219E-1	-2.41973996E-9	-2.41973996E-9	-1.63574219E-1	0.00000000E+0	0.00000000E+0
-1.66015625E-1	-2.44782994E-9	-2.44782994E-9	-1.66015625E-1	0.00000000E+0	0.00000000E+0
-1.68457031E-1	-2.45921994E-9	-2.45921994E-9	-1.68457031E-1	0.00000000E+0	0.00000000E+0
-1.70898437E-1	-2.49263010E-9	-2.49263010E-9	-1.70898437E-1	0.00000000E+0	0.00000000E+0
-1.73339844E-1	-2.50554000E-9	-2.50554000E-9	-1.73339844E-1	0.00000000E+0	0.00000000E+0
-1.75781250E-1	-2.53629007E-9	-2.53629007E-9	-1.75781250E-1	0.00000000E+0	0.00000000E+0
-1.78222656E-1	-2.54881005E-9	-2.54881005E-9	-1.78222656E-1	0.00000000E+0	0.00000000E+0
-1.80664062E-1	-2.58298005E-9	-2.58298005E-9	-1.80664062E-1	0.00000000E+0	0.00000000E+0
-1.83105469E-1	-2.59778998E-9	-2.59778998E-9	-1.83105469E-1	0.00000000E+0	0.00000000E+0
-1.85546875E-1	-2.62930011E-9	-2.62930011E-9	-1.85546875E-1	0.00000000E+0	0.00000000E+0
-1.87988281E-1	-2.65663003E-9	-2.65663003E-9	-1.87988281E-1	0.00000000E+0	0.00000000E+0
-1.90429687E-1	-2.69155009E-9	-2.69155009E-9	-1.90429687E-1	0.00000000E+0	0.00000000E+0
-1.92871094E-1	-2.70332001E-9	-2.70332001E-9	-1.92871094E-1	0.00000000E+0	0.00000000E+0
-1.95312500E-1	-2.73254996E-9	-2.73254996E-9	-1.95312500E-1	0.00000000E+0	0.00000000E+0
-1.97753906E-1	-2.75584000E-9	-2.75584000E-9	-1.97753906E-1	0.00000000E+0	0.00000000E+0
-2.00195312E-1	-2.79216006E-9	-2.79216006E-9	-2.00195312E-1	0.00000000E+0	0.00000000E+0
-2.02636719E-1	-2.80544010E-9	-2.80544010E-9	-2.02636719E-1	0.00000000E+0	0.00000000E+0
-2.05078125E-1	-2.85100010E-9	-2.85100010E-9	-2.05078125E-1	0.00000000E+0	0.00000000E+0
-2.07519531E-1	-2.86921997E-9	-2.86921997E-9	-2.07519531E-1	0.00000000E+0	0.00000000E+0
-2.09960937E-1	-2.90415003E-9	-2.90415003E-9	-2.09960937E-1	0.00000000E+0	0.00000000E+0
-2.12402344E-1	-2.92085001E-9	-2.92085001E-9	-2.12402344E-1	0.00000000E+0	0.00000000E+0
-2.14843750E-1	-2.96488989E-9	-2.96488989E-9	-2.14843750E-1	0.00000000E+0	0.00000000E+0
-2.17285156E-1	-2.98463010E-9	-2.98463010E-9	-2.17285156E-1	0.00000000E+0	0.00000000E+0
-2.19726562E-1	-3.02031000E-9	-3.02031000E-9	-2.19726562E-1	0.00000000E+0	0.00000000E+0
-2.22167969E-1	-3.03777004E-9	-3.03777004E-9	-2.22167969E-1	0.00000000E+0	0.00000000E+0
-2.24609375E-1	-3.06510994E-9	-3.06510994E-9	-2.24609375E-1	0.00000000E+0	0.00000000E+0
-2.27050781E-1	-3.09623993E-9	-3.09623993E-9	-2.27050781E-1	0.00000000E+0	0.00000000E+0
-2.29492187E-1	-3.14064996E-9	-3.14064996E-9	-2.29492187E-1	0.00000000E+0	0.00000000E+0
-2.31933594E-1	-3.16228999E-9	-3.16228999E-9	-2.31933594E-1	0.00000000E+0	0.00000000E+0
-2.34375000E-1	-3.20176996E-9	-3.20176996E-9	-2.34375000E-1	0.00000000E+0	0.00000000E+0
-2.36816406E-1	-3.22340998E-9	-3.22340998E-9	-2.36816406E-1	0.00000000E+0	0.00000000E+0
-2.39257812E-1	-3.27200000E-9	-3.27200000E-9	-2.39257812E-1	0.00000000E+0	0.00000000E+0
-2.41699219E-1	-3.29136007E-9	-3.29136007E-9	-2.41699219E-1	0.00000000E+0	0.00000000E+0
-2.44140625E-1	-3.32477001E-9	-3.32477001E-9	-2.44140625E-1	0.00000000E+0	0.00000000E+0
-2.46582031E-1	-3.34792993E-9	-3.34792993E-9	-2.46582031E-1	0.00000000E+0	0.00000000E+0
-2.49023437E-1	-3.38436990E-9	-3.38436990E-9	-2.49023437E-1	0.00000000E+0	0.00000000E+0
-2.51464844E-1	-3.40904993E-9	-3.40904993E-9	-2.51464844E-1	0.00000000E+0	0.00000000E+0
-2.53906250E-1	-3.45005002E-9	-3.45005002E-9	-2.53906250E-1	0.00000000E+0	0.00000000E+0
-2.56347656E-1	-3.61481001E-9	-3.61481001E-9	-2.56347656E-1	0.00000000E+0	0.00000000E+0
-2.58789062E-1	-3.63909991E-9	-3.63909991E-9	-2.58789062E-1	0.00000000E+0	0.00000000E+0
-2.61230469E-1	-3.66567998E-9	-3.66567998E-9	-2.61230469E-1	0.00000000E+0	0.00000000E+0
-2.63671875E-1	-3.70021991E-9	-3.70021991E-9	-2.63671875E-1	0.00000000E+0	0.00000000E+0
-2.66113281E-1	-3.71275011E-9	-3.71275011E-9	-2.66113281E-1	0.00000000E+0	0.00000000E+0
-2.68554687E-1	-3.76057985E-9	-3.76057985E-9	-2.68554687E-1	0.00000000E+0	0.00000000E+0
-2.70996094E-1	-3.63378994E-9	-3.63378994E-9	-2.70996094E-1	0.00000000E+0	0.00000000E+0
-2.73437500E-1	-3.67933994E-9	-3.67933994E-9	-2.73437500E-1	0.00000000E+0	0.00000000E+0
-2.75878906E-1	-3.70021991E-9	-3.70021991E-9	-2.75878906E-1	0.00000000E+0	0.00000000E+0
-2.78320312E-1	-3.88130994E-9	-3.88130994E-9	-2.78320312E-1	0.00000000E+0	0.00000000E+0
-2.80761719E-1	-3.89497012E-9	-3.89497012E-9	-2.80761719E-1	0.00000000E+0	0.00000000E+0
-2.83203125E-1	-3.99063982E-9	-3.99063982E-9	-2.83203125E-1	0.00000000E+0	0.00000000E+0
-2.85644531E-1	-4.01265998E-9	-4.01265998E-9	-2.85644531E-1	0.00000000E+0	0.00000000E+0
-2.88085937E-1	-4.05630995E-9	-4.05630995E-9	-2.88085937E-1	0.00000000E+0	0.00000000E+0
-2.90527344E-1	-4.08553991E-9	-4.08553991E-9	-2.90527344E-1	0.00000000E+0	0.00000000E+0
-2.92968750E-1	-4.13717016E-9	-4.13717016E-9	-2.92968750E-1	0.00000000E+0	0.00000000E+0
-2.95410156E-1	-4.16146984E-9	-4.16146984E-9	-2.95410156E-1	0.00000000E+0	0.00000000E+0
-2.97851562E-1	-4.21366986E-9	-4.21366986E-9	-2.97851562E-1	0.00000000E+0	0.00000000E+0
-3.00292969E-1	-4.23966995E-9	-4.23966995E-9	-3.00292969E-1	0.00000000E+0	0.00000000E+0
-3.02734375E-1	-4.29130020E-9	-4.29130020E-9	-3.02734375E-1	0.00000000E+0	0.00000000E+0
-3.05175781E-1	-4.31939018E-9	-4.31939018E-9	-3.05175781E-1	0.00000000E+0	0.00000000E+0
-3.07617187E-1	-4.37101999E-9	-4.37101999E-9	-3.07617187E-1	0.00000000E+0	0.00000000E+0
-3.10058594E-1	-4.39835990E-9	-4.39835990E-9	-3.10058594E-1	0.00000000E+0	0.00000000E+0
-3.12500000E-1	-4.43783987E-9	-4.43783987E-9	-3.12500000E-1	0.00000000E+0	0.00000000E+0
-3.14941406E-1	-4.47428006E-9	-4.47428006E-9	-3.14941406E-1	0.00000000E+0	0.00000000E+0
-3.17382812E-1	-4.52439020E-9	-4.52439020E-9	-3.17382812E-1	0.00000000E+0	0.00000000E+0
-3.19824219E-1	-4.55173010E-9	-4.55173010E-9	-3.19824219E-1	0.00000000E+0	0.00000000E+0
-3.22265625E-1	-4.58360994E-9	-4.58360994E-9	-3.22265625E-1	0.00000000E+0	0.00000000E+0
-3.24707031E-1	-4.59576022E-9	-4.59576022E-9	-3.24707031E-1	0.00000000E+0	0.00000000E+0
-3.27148437E-1	-4.64739003E-9	-4.64739003E-9	-3.27148437E-1	0.00000000E+0	0.00000000E+0
-3.29589844E-1	-4.67206984E-9	-4.67206984E-9	-3.29589844E-1	0.00000000E+0	0.00000000E+0
-3.32031250E-1	-4.72256012E-9	-4.72256012E-9	-3.32031250E-1	0.00000000E+0	0.00000000E+0
-3.34472656E-1	-4.73926010E-9	-4.73926010E-9	-3.34472656E-1	0.00000000E+0	0.00000000E+0
-3.36914062E-1	-4.79621010E-9	-4.79621010E-9	-3.36914062E-1	0.00000000E+0	0.00000000E+0
-3.39355469E-1	-4.83264984E-9	-4.83264984E-9	-3.39355469E-1	0.00000000E+0	0.00000000E+0
-3.41796875E-1	-4.86378005E-9	-4.86378005E-9	-3.41796875E-1	0.00000000E+0	0.00000000E+0
-3.44238281E-1	-4.88123986E-9	-4.88123986E-9	-3.44238281E-1	0.00000000E+0	0.00000000E+0
-3.46679687E-1	-4.93438979E-9	-4.93438979E-9	-3.46679687E-1	0.00000000E+0	0.00000000E+0
-3.49121094E-1	-4.94121988E-9	-4.94121988E-9	-3.49121094E-1	0.00000000E+0	0.00000000E+0
-3.51562500E-1	-5.00727992E-9	-5.00727992E-9	-3.51562500E-1	0.00000000E+0	0.00000000E+0
-3.54003906E-1	-5.01372988E-9	-5.01372988E-9	-3.54003906E-1	0.00000000E+0	0.00000000E+0
-3.56445312E-1	-5.05511011E-9	-5.05511011E-9	-3.56445312E-1	0.00000000E+0	0.00000000E+0
-3.58886719E-1	-5.05814990E-9	-5.05814990E-9	-3.58886719E-1	0.00000000E+0	0.00000000E+0
-3.61328125E-1	-5.10445997E-9	-5.10445997E-9	-3.61328125E-1	0.00000000E+0	0.00000000E+0
-3.63769531E-1	-5.12876008E-9	-5.12876008E-9	-3.63769531E-1	0.00000000E+0	0.00000000E+0
-3.66210937E-1	-5.16824006E-9	-5.16824006E-9	-3.66210937E-1	0.00000000E+0	0.00000000E+0
-3.68652344E-1	-5.17735010E-9	-5.17735010E-9	-3.68652344E-1	0.00000000E+0	0.00000000E+0
-3.71093750E-1	-5.20619992E-9	-5.20619992E-9	-3.71093750E-1	0.00000000E+0	0.00000000E+0
-3.73535156E-1	-5.22594013E-9	-5.22594013E-9	-3.73535156E-1	0.00000000E+0	0.00000000E+0
-3.75976562E-1	-4.89339014E-9	-4.89339014E-9	-3.75976562E-1	0.00000000E+0	0.00000000E+0
-3.78417969E-1	-4.90021979E-9	-4.90021979E-9	-3.78417969E-1	0.00000000E+0	0.00000000E+0
-3.80859375E-1	-4.95793007E-9	-4.95793007E-9	-3.80859375E-1	0.00000000E+0	0.00000000E+0
-3.83300781E-1	-4.96096009E-9	-4.96096009E-9	-3.83300781E-1	0.00000000E+0	0.00000000E+0
-3.85742187E-1	-5.01372988E-9	-5.01372988E-9	-3.85742187E-1	0.00000000E+0	0.00000000E+0
-3.88183594E-1	-5.03156983E-9	-5.03156983E-9	-3.88183594E-1	0.00000000E+0	0.00000000E+0
-3.90625000E-1	-5.07636999E-9	-5.07636999E-9	-3.90625000E-1	0.00000000E+0	0.00000000E+0
-3.93066406E-1	-5.12876008E-9	-5.12876008E-9	-3.93066406E-1	0.00000000E+0	0.00000000E+0
-3.95507812E-1	-5.14393994E-9	-5.14393994E-9	-3.95507812E-1	0.00000000E+0	0.00000000E+0
-3.97949219E-1	-5.16824006E-9	-5.16824006E-9	-3.97949219E-1	0.00000000E+0	0.00000000E+0
-4.00390625E-1	-5.20999999E-9	-5.20999999E-9	-4.00390625E-1	0.00000000E+0	0.00000000E+0
-4.02832031E-1	-5.23202015E-9	-5.23202015E-9	-4.02832031E-1	0.00000000E+0	0.00000000E+0
-4.05273437E-1	-5.26845989E-9	-5.26845989E-9	-4.05273437E-1	0.00000000E+0	0.00000000E+0
-4.07714844E-1	-5.28667998E-9	-5.28667998E-9	-4.07714844E-1	0.00000000E+0	0.00000000E+0
-4.10156250E-1	-5.33528022E-9	-5.33528022E-9	-4.10156250E-1	0.00000000E+0	0.00000000E+0
-4.12597656E-1	-5.34135003E-9	-5.34135003E-9	-4.12597656E-1	0.00000000E+0	0.00000000E+0
-4.15039062E-1	-5.38994005E-9	-5.38994005E-9	-4.15039062E-1	0.00000000E+0	0.00000000E+0
-4.17480469E-1	-5.40057021E-9	-5.40057021E-9	-4.17480469E-1	0.00000000E+0	0.00000000E+0
-4.19921875E-1	-5.44081002E-9	-5.44081002E-9	-4.19921875E-1	0.00000000E+0	0.00000000E+0
-4.22363281E-1	-5.46511014E-9	-5.46511014E-9	-4.22363281E-1	0.00000000E+0	0.00000000E+0
-4.24804687E-1	-5.46511014E-9	-5.46511014E-9	-4.24804687E-1	0.00000000E+0	0.00000000E+0
-4.27246094E-1	-5.48940005E-9	-5.48940005E-9	-4.27246094E-1	0.00000000E+0	0.00000000E+0
-4.29687500E-1	-5.63366021E-9	-5.63366021E-9	-4.29687500E-1	0.00000000E+0	0.00000000E+0
-4.32128906E-1	-5.82727022E-9	-5.82727022E-9	-4.32128906E-1	0.00000000E+0	0.00000000E+0
-4.34570312E-1	-5.85992010E-9	-5.85992010E-9	-4.34570312E-1	0.00000000E+0	0.00000000E+0
-4.37011719E-1	-5.89940008E-9	-5.89940008E-9	-4.37011719E-1	0.00000000E+0	0.00000000E+0
-4.39453125E-1	-5.92521987E-9	-5.92521987E-9	-4.39453125E-1	0.00000000E+0	0.00000000E+0
-4.41894531E-1	-5.94648020E-9	-5.94648020E-9	-4.41894531E-1	0.00000000E+0	0.00000000E+0
-4.44335937E-1	-5.97685013E-9	-5.97685013E-9	-4.44335937E-1	0.00000000E+0	0.00000000E+0
-4.46777344E-1	-6.01139005E-9	-6.01139005E-9	-4.46777344E-1	0.00000000E+0	0.00000000E+0
-4.49218750E-1	-6.02353989E-9	-6.02353989E-9	-4.49218750E-1	0.00000000E+0	0.00000000E+0
-4.51660156E-1	-6.05276984E-9	-6.05276984E-9	-4.51660156E-1	0.00000000E+0	0.00000000E+0
-4.54101562E-1	-6.06492012E-9	-6.06492012E-9	-4.54101562E-1	0.00000000E+0	0.00000000E+0
-4.56542969E-1	-6.08314021E-9	-6.08314021E-9	-4.56542969E-1	0.00000000E+0	0.00000000E+0
-4.58984375E-1	-6.12071993E-9	-6.12071993E-9	-4.58984375E-1	0.00000000E+0	0.00000000E+0
-4.61425781E-1	-6.14996010E-9	-6.14996010E-9	-4.61425781E-1	0.00000000E+0	0.00000000E+0
-4.63867187E-1	-6.11199003E-9	-6.11199003E-9	-4.63867187E-1	0.00000000E+0	0.00000000E+0
-4.66308594E-1	-6.13401019E-9	-6.13401019E-9	-4.66308594E-1	0.00000000E+0	0.00000000E+0
-4.68750000E-1	-6.16021012E-9	-6.16021012E-9	-4.68750000E-1	0.00000000E+0	0.00000000E+0
-4.71191406E-1	-6.16666007E-9	-6.16666007E-9	-4.71191406E-1	0.00000000E+0	0.00000000E+0
-4.73632812E-1	-6.19361007E-9	-6.19361007E-9	-4.73632812E-1	0.00000000E+0	0.00000000E+0
-4.76074219E-1	-6.22816021E-9	-6.22816021E-9	-4.76074219E-1	0.00000000E+0	0.00000000E+0
-4.78515625E-1	-6.23803009E-9	-6.23803009E-9	-4.78515625E-1	0.00000000E+0	0.00000000E+0
-4.80957031E-1	-6.27220009E-9	-6.27220009E-9	-4.80957031E-1	0.00000000E+0	0.00000000E+0
-4.83398437E-1	-6.29801011E-9	-6.29801011E-9	-4.83398437E-1	0.00000000E+0	0.00000000E+0
-4.85839844E-1	-6.30863983E-9	-6.30863983E-9	-4.85839844E-1	0.00000000E+0	0.00000000E+0
-4.88281250E-1	-6.33901021E-9	-6.33901021E-9	-4.88281250E-1	0.00000000E+0	0.00000000E+0
-4.90722656E-1	-6.35608988E-9	-6.35608988E-9	-4.90722656E-1	0.00000000E+0	0.00000000E+0
-4.93164062E-1	-6.16666007E-9	-6.16666007E-9	-4.93164062E-1	0.00000000E+0	0.00000000E+0
-4.90722656E-1	-6.20158014E-9	-6.20158014E-9	-4.90722656E-1	0.00000000E+0	0.00000000E+0
-4.88281250E-1	-6.26726004E-9	-6.26726004E-9	-4.88281250E-1	0.00000000E+0	0.00000000E+0
-4.85839844E-1	-6.24600016E-9	-6.24600016E-9	-4.85839844E-1	0.00000000E+0	0.00000000E+0
-4.83398437E-1	-6.23270990E-9	-6.23270990E-9	-4.83398437E-1	0.00000000E+0	0.00000000E+0
-4.80957031E-1	-6.19855012E-9	-6.19855012E-9	-4.80957031E-1	0.00000000E+0	0.00000000E+0
-4.78515625E-1	-6.17577012E-9	-6.17577012E-9	-4.78515625E-1	0.00000000E+0	0.00000000E+0
-4.76074219E-1	-6.15450979E-9	-6.15450979E-9	-4.76074219E-1	0.00000000E+0	0.00000000E+0
-4.73632812E-1	-6.14616003E-9	-6.14616003E-9	-4.73632812E-1	0.00000000E+0	0.00000000E+0
-4.71191406E-1	-6.11654993E-9	-6.11654993E-9	-4.71191406E-1	0.00000000E+0	0.00000000E+0
-4.68750000E-1	-6.13932993E-9	-6.13932993E-9	-4.68750000E-1	0.00000000E+0	0.00000000E+0
-4.66308594E-1	-6.11654993E-9	-6.11654993E-9	-4.66308594E-1	0.00000000E+0	0.00000000E+0
-4.63867187E-1	-6.12641982E-9	-6.12641982E-9	-4.63867187E-1	0.00000000E+0	0.00000000E+0
-4.61425781E-1	-6.09529005E-9	-6.09529005E-9	-4.61425781E-1	0.00000000E+0	0.00000000E+0
-4.58984375E-1	-6.08542017E-9	-6.08542017E-9	-4.58984375E-1	0.00000000E+0	0.00000000E+0
-4.56542969E-1	-6.06492012E-9	-6.06492012E-9	-4.56542969E-1	0.00000000E+0	0.00000000E+0
-4.54101562E-1	-6.01936012E-9	-6.01936012E-9	-4.54101562E-1	0.00000000E+0	0.00000000E+0
-4.51660156E-1	-6.01633010E-9	-6.01633010E-9	-4.51660156E-1	0.00000000E+0	0.00000000E+0
-4.49218750E-1	-5.99202998E-9	-5.99202998E-9	-4.49218750E-1	0.00000000E+0	0.00000000E+0
-4.46777344E-1	-5.97685013E-9	-5.97685013E-9	-4.46777344E-1	0.00000000E+0	0.00000000E+0
-4.44335937E-1	-5.94154015E-9	-5.94154015E-9	-4.44335937E-1	0.00000000E+0	0.00000000E+0
-4.41894531E-1	-5.92824989E-9	-5.92824989E-9	-4.41894531E-1	0.00000000E+0	0.00000000E+0
-4.39453125E-1	-5.90774984E-9	-5.90774984E-9	-4.39453125E-1	0.00000000E+0	0.00000000E+0
-4.37011719E-1	-5.87054982E-9	-5.87054982E-9	-4.37011719E-1	0.00000000E+0	0.00000000E+0
-4.34570312E-1	-5.84170001E-9	-5.84170001E-9	-4.34570312E-1	0.00000000E+0	0.00000000E+0
-4.32128906E-1	-5.83942006E-9	-5.83942006E-9	-4.32128906E-1	0.00000000E+0	0.00000000E+0
-4.29687500E-1	-5.80600990E-9	-5.80600990E-9	-4.29687500E-1	0.00000000E+0	0.00000000E+0
-4.27246094E-1	-5.78664983E-9	-5.78664983E-9	-4.27246094E-1	0.00000000E+0	0.00000000E+0
-4.24804687E-1	-5.76274006E-9	-5.76274006E-9	-4.24804687E-1	0.00000000E+0	0.00000000E+0
-4.22363281E-1	-5.73502001E-9	-5.73502001E-9	-4.22363281E-1	0.00000000E+0	0.00000000E+0
-4.19921875E-1	-5.70048009E-9	-5.70048009E-9	-4.19921875E-1	0.00000000E+0	0.00000000E+0
-4.17480469E-1	-5.68339020E-9	-5.68339020E-9	-4.17480469E-1	0.00000000E+0	0.00000000E+0
-4.15039062E-1	-5.66403013E-9	-5.66403013E-9	-4.15039062E-1	0.00000000E+0	0.00000000E+0
-4.12597656E-1	-5.64088021E-9	-5.64088021E-9	-4.12597656E-1	0.00000000E+0	0.00000000E+0
-4.10156250E-1	-5.60556979E-9	-5.60556979E-9	-4.10156250E-1	0.00000000E+0	0.00000000E+0
-4.07714844E-1	-5.59114000E-9	-5.59114000E-9	-4.07714844E-1	0.00000000E+0	0.00000000E+0
-4.05273437E-1	-5.56799007E-9	-5.56799007E-9	-4.05273437E-1	0.00000000E+0	0.00000000E+0
-4.02832031E-1	-5.54368995E-9	-5.54368995E-9	-4.02832031E-1	0.00000000E+0	0.00000000E+0
-4.00390625E-1	-5.52471002E-9	-5.52471002E-9	-4.00390625E-1	0.00000000E+0	0.00000000E+0
-3.97949219E-1	-5.48712986E-9	-5.48712986E-9	-3.97949219E-1	0.00000000E+0	0.00000000E+0
-3.95507812E-1	-5.44081002E-9	-5.44081002E-9	-3.95507812E-1	0.00000000E+0	0.00000000E+0
-3.93066406E-1	-5.41424017E-9	-5.41424017E-9	-3.93066406E-1	0.00000000E+0	0.00000000E+0
-3.90625000E-1	-5.39222000E-9	-5.39222000E-9	-3.90625000E-1	0.00000000E+0	0.00000000E+0
-3.88183594E-1	-5.35577982E-9	-5.35577982E-9	-3.88183594E-1	0.00000000E+0	0.00000000E+0
-3.85742187E-1	-5.31857003E-9	-5.31857003E-9	-3.85742187E-1	0.00000000E+0	0.00000000E+0
-3.83300781E-1	-5.29731015E-9	-5.29731015E-9	-3.83300781E-1	0.00000000E+0	0.00000000E+0
-3.80859375E-1	-5.27642996E-9	-5.27642996E-9	-3.80859375E-1	0.00000000E+0	0.00000000E+0
-3.78417969E-1	-5.22214982E-9	-5.22214982E-9	-3.78417969E-1	0.00000000E+0	0.00000000E+0
-3.75976562E-1	-5.19557020E-9	-5.19557020E-9	-3.75976562E-1	0.00000000E+0	0.00000000E+0
-3.73535156E-1	-5.14090992E-9	-5.14090992E-9	-3.73535156E-1	0.00000000E+0	0.00000000E+0
-3.71093750E-1	-5.11965004E-9	-5.11965004E-9	-3.71093750E-1	0.00000000E+0	0.00000000E+0
-3.68652344E-1	-5.08737985E-9	-5.08737985E-9	-3.68652344E-1	0.00000000E+0	0.00000000E+0
-3.66210937E-1	-5.08243980E-9	-5.08243980E-9	-3.66210937E-1	0.00000000E+0	0.00000000E+0
-3.63769531E-1	-5.03156983E-9	-5.03156983E-9	-3.63769531E-1	0.00000000E+0	0.00000000E+0
-3.61328125E-1	-5.02169994E-9	-5.02169994E-9	-3.61328125E-1	0.00000000E+0	0.00000000E+0
-3.58886719E-1	-4.98221997E-9	-4.98221997E-9	-3.58886719E-1	0.00000000E+0	0.00000000E+0
-3.56445312E-1	-4.97310992E-9	-4.97310992E-9	-3.56445312E-1	0.00000000E+0	0.00000000E+0
-3.54003906E-1	-4.91009011E-9	-4.91009011E-9	-3.54003906E-1	0.00000000E+0	0.00000000E+0
-3.51562500E-1	-4.90478014E-9	-4.90478014E-9	-3.51562500E-1	0.00000000E+0	0.00000000E+0
-3.49121094E-1	-4.86073981E-9	-4.86073981E-9	-3.49121094E-1	0.00000000E+0	0.00000000E+0
-3.46679687E-1	-4.85467000E-9	-4.85467000E-9	-3.46679687E-1	0.00000000E+0	0.00000000E+0
-3.44238281E-1	-4.79393014E-9	-4.79393014E-9	-3.44238281E-1	0.00000000E+0	0.00000000E+0
-3.41796875E-1	-4.77874007E-9	-4.77874007E-9	-3.41796875E-1	0.00000000E+0	0.00000000E+0
-3.39355469E-1	-4.72028017E-9	-4.72028017E-9	-3.39355469E-1	0.00000000E+0	0.00000000E+0
-3.36914062E-1	-4.71117012E-9	-4.71117012E-9	-3.36914062E-1	0.00000000E+0	0.00000000E+0
-3.34472656E-1	-4.68820005E-9	-4.68820005E-9	-3.34472656E-1	0.00000000E+0	0.00000000E+0
-3.32031250E-1	-4.65650007E-9	-4.65650007E-9	-3.32031250E-1	0.00000000E+0	0.00000000E+0
-3.29589844E-1	-4.60486982E-9	-4.60486982E-9	-3.29589844E-1	0.00000000E+0	0.00000000E+0
-3.27148437E-1	-4.57677984E-9	-4.57677984E-9	-3.27148437E-1	0.00000000E+0	0.00000000E+0
-3.24707031E-1	-4.57449989E-9	-4.57449989E-9	-3.24707031E-1	0.00000000E+0	0.00000000E+0
-3.22265625E-1	-4.50389015E-9	-4.50389015E-9	-3.22265625E-1	0.00000000E+0	0.00000000E+0
-3.19824219E-1	-4.47428006E-9	-4.47428006E-9	-3.19824219E-1	0.00000000E+0	0.00000000E+0
-3.17382812E-1	-4.42872983E-9	-4.42872983E-9	-3.17382812E-1	0.00000000E+0	0.00000000E+0
-3.14941406E-1	-4.43480008E-9	-4.43480008E-9	-3.14941406E-1	0.00000000E+0	0.00000000E+0
-3.12500000E-1	-4.35279990E-9	-4.35279990E-9	-3.12500000E-1	0.00000000E+0	0.00000000E+0
-3.10058594E-1	-4.33267999E-9	-4.33267999E-9	-3.10058594E-1	0.00000000E+0	0.00000000E+0
-3.07617187E-1	-4.31331992E-9	-4.31331992E-9	-3.07617187E-1	0.00000000E+0	0.00000000E+0
-3.05175781E-1	-4.26700986E-9	-4.26700986E-9	-3.05175781E-1	0.00000000E+0	0.00000000E+0
-3.02734375E-1	-4.24877999E-9	-4.24877999E-9	-3.02734375E-1	0.00000000E+0	0.00000000E+0
-3.00292969E-1	-4.19791002E-9	-4.19791002E-9	-3.00292969E-1	0.00000000E+0	0.00000000E+0
-2.97851562E-1	-4.12350998E-9	-4.12350998E-9	-2.97851562E-1	0.00000000E+0	0.00000000E+0
-2.95410156E-1	-4.10072998E-9	-4.10072998E-9	-2.95410156E-1	0.00000000E+0	0.00000000E+0
-2.92968750E-1	-4.03011979E-9	-4.03011979E-9	-2.92968750E-1	0.00000000E+0	0.00000000E+0
-2.90527344E-1	-4.03391986E-9	-4.03391986E-9	-2.90527344E-1	0.00000000E+0	0.00000000E+0
-2.88085937E-1	-3.96709998E-9	-3.96709998E-9	-2.88085937E-1	0.00000000E+0	0.00000000E+0
-2.85644531E-1	-3.95115984E-9	-3.95115984E-9	-2.85644531E-1	0.00000000E+0	0.00000000E+0
-2.83203125E-1	-3.88738020E-9	-3.88738020E-9	-2.83203125E-1	0.00000000E+0	0.00000000E+0
-2.80761719E-1	-3.87675003E-9	-3.87675003E-9	-2.80761719E-1	0.00000000E+0	0.00000000E+0
-2.78320312E-1	-3.82435994E-9	-3.82435994E-9	-2.78320312E-1	0.00000000E+0	0.00000000E+0
-2.75878906E-1	-3.82207999E-9	-3.82207999E-9	-2.75878906E-1	0.00000000E+0	0.00000000E+0
-2.73437500E-1	-3.77121001E-9	-3.77121001E-9	-2.73437500E-1	0.00000000E+0	0.00000000E+0
-2.70996094E-1	-3.77804987E-9	-3.77804987E-9	-2.70996094E-1	0.00000000E+0	0.00000000E+0
-2.68554687E-1	-3.68390007E-9	-3.68390007E-9	-2.68554687E-1	0.00000000E+0	0.00000000E+0
-2.66113281E-1	-3.66340003E-9	-3.66340003E-9	-2.66113281E-1	0.00000000E+0	0.00000000E+0
-2.63671875E-1	-3.59886010E-9	-3.59886010E-9	-2.63671875E-1	0.00000000E+0	0.00000000E+0
-2.61230469E-1	-3.62392005E-9	-3.62392005E-9	-2.61230469E-1	0.00000000E+0	0.00000000E+0
-2.58789062E-1	-3.55937990E-9	-3.55937990E-9	-2.58789062E-1	0.00000000E+0	0.00000000E+0
-2.56347656E-1	-3.54723007E-9	-3.54723007E-9	-2.56347656E-1	0.00000000E+0	0.00000000E+0
-2.53906250E-1	-3.50092000E-9	-3.50092000E-9	-2.53906250E-1	0.00000000E+0	0.00000000E+0
-2.51464844E-1	-3.45005002E-9	-3.45005002E-9	-2.51464844E-1	0.00000000E+0	0.00000000E+0
-2.49023437E-1	-3.40676998E-9	-3.40676998E-9	-2.49023437E-1	0.00000000E+0	0.00000000E+0
-2.46582031E-1	-3.40904993E-9	-3.40904993E-9	-2.46582031E-1	0.00000000E+0	0.00000000E+0
-2.44140625E-1	-3.36121997E-9	-3.36121997E-9	-2.44140625E-1	0.00000000E+0	0.00000000E+0
-2.41699219E-1	-3.34374994E-9	-3.34374994E-9	-2.41699219E-1	0.00000000E+0	0.00000000E+0
-2.39257812E-1	-3.29136007E-9	-3.29136007E-9	-2.39257812E-1	0.00000000E+0	0.00000000E+0
-2.36816406E-1	-3.25567995E-9	-3.25567995E-9	-2.36816406E-1	0.00000000E+0	0.00000000E+0
-2.34375000E-1	-3.19722004E-9	-3.19722004E-9	-2.34375000E-1	0.00000000E+0	0.00000000E+0
-2.31933594E-1	-3.20025006E-9	-3.20025006E-9	-2.31933594E-1	0.00000000E+0	0.00000000E+0
-2.29492187E-1	-3.14863002E-9	-3.14863002E-9	-2.29492187E-1	0.00000000E+0	0.00000000E+0
-2.27050781E-1	-2.96640001E-9	-2.96640001E-9	-2.27050781E-1	0.00000000E+0	0.00000000E+0
-2.24609375E-1	-2.91629010E-9	-2.91629010E-9	-2.24609375E-1	0.00000000E+0	0.00000000E+0
-2.22167969E-1	-2.89655011E-9	-2.89655011E-9	-2.22167969E-1	0.00000000E+0	0.00000000E+0
-2.19726562E-1	-2.84720003E-9	-2.84720003E-9	-2.19726562E-1	0.00000000E+0	0.00000000E+0
-2.17285156E-1	-2.82783996E-9	-2.82783996E-9	-2.17285156E-1	0.00000000E+0	0.00000000E+0
-2.14843750E-1	-2.77506995E-9	-2.77506995E-9	-2.14843750E-1	0.00000000E+0	0.00000000E+0
-2.12402344E-1	-2.77203993E-9	-2.77203993E-9	-2.12402344E-1	0.00000000E+0	0.00000000E+0
-2.09960937E-1	-2.73065992E-9	-2.73065992E-9	-2.09960937E-1	0.00000000E+0	0.00000000E+0
-2.07519531E-1	-2.69155009E-9	-2.69155009E-9	-2.07519531E-1	0.00000000E+0	0.00000000E+0
-2.05078125E-1	-2.63840993E-9	-2.63840993E-9	-2.05078125E-1	0.00000000E+0	0.00000000E+0
-2.02636719E-1	-2.65055000E-9	-2.65055000E-9	-2.02636719E-1	0.00000000E+0	0.00000000E+0
-2.00195312E-1	-2.59588995E-9	-2.59588995E-9	-2.00195312E-1	0.00000000E+0	0.00000000E+0
-1.97753906E-1	-2.56096011E-9	-2.56096011E-9	-1.97753906E-1	0.00000000E+0	0.00000000E+0
-1.95312500E-1	-2.50781995E-9	-2.50781995E-9	-1.95312500E-1	0.00000000E+0	0.00000000E+0
-1.92871094E-1	-2.53970001E-9	-2.53970001E-9	-1.92871094E-1	0.00000000E+0	0.00000000E+0
-1.90429687E-1	-2.50059995E-9	-2.50059995E-9	-1.90429687E-1	0.00000000E+0	0.00000000E+0
-1.87988281E-1	-2.47213006E-9	-2.47213006E-9	-1.87988281E-1	0.00000000E+0	0.00000000E+0
-1.85546875E-1	-2.45504994E-9	-2.45504994E-9	-1.85546875E-1	0.00000000E+0	0.00000000E+0
-1.83105469E-1	-2.43720000E-9	-2.43720000E-9	-1.83105469E-1	0.00000000E+0	0.00000000E+0
-1.80664062E-1	-2.40341991E-9	-2.40341991E-9	-1.80664062E-1	0.00000000E+0	0.00000000E+0
-1.78222656E-1	-2.38178011E-9	-2.38178011E-9	-1.78222656E-1	0.00000000E+0	0.00000000E+0
-1.75781250E-1	-2.36318010E-9	-2.36318010E-9	-1.75781250E-1	0.00000000E+0	0.00000000E+0
-1.73339844E-1	-2.34608999E-9	-2.34608999E-9	-1.73339844E-1	0.00000000E+0	0.00000000E+0
-1.70898437E-1	-2.31762010E-9	-2.31762010E-9	-1.70898437E-1	0.00000000E+0	0.00000000E+0
-1.68457031E-1	-2.29332997E-9	-2.29332997E-9	-1.68457031E-1	0.00000000E+0	0.00000000E+0
-1.66015625E-1	-2.29332997E-9	-2.29332997E-9	-1.66015625E-1	0.00000000E+0	0.00000000E+0
-1.63574219E-1	-2.26106001E-9	-2.26106001E-9	-1.63574219E-1	0.00000000E+0	0.00000000E+0
-1.61132812E-1	-2.24815011E-9	-2.24815011E-9	-1.61132812E-1	0.00000000E+0	0.00000000E+0
-1.58691406E-1	-2.21816010E-9	-2.21816010E-9	-1.58691406E-1	0.00000000E+0	0.00000000E+0
-1.56250000E-1	-2.21499996E-9	-2.21499996E-9	-1.56250000E-1	0.00000000E+0	0.00000000E+0
-1.53808594E-1	-2.18817009E-9	-2.18817009E-9	-1.53808594E-1	0.00000000E+0	0.00000000E+0
-1.51367187E-1	-2.17602003E-9	-2.17602003E-9	-1.51367187E-1	0.00000000E+0	0.00000000E+0
-1.48925781E-1	-2.15628004E-9	-2.15628004E-9	-1.48925781E-1	0.00000000E+0	0.00000000E+0
-1.46484375E-1	-2.15247997E-9	-2.15247997E-9	-1.46484375E-1	0.00000000E+0	0.00000000E+0
-1.44042969E-1	-2.11882001E-9	-2.11882001E-9	-1.44042969E-1	0.00000000E+0	0.00000000E+0
-1.41601562E-1	-2.11527995E-9	-2.11527995E-9	-1.41601562E-1	0.00000000E+0	0.00000000E+0
-1.39160156E-1	-2.09098006E-9	-2.09098006E-9	-1.39160156E-1	0.00000000E+0	0.00000000E+0
-1.36718750E-1	-2.08453010E-9	-2.08453010E-9	-1.36718750E-1	0.00000000E+0	0.00000000E+0
-1.34277344E-1	-2.05529993E-9	-2.05529993E-9	-1.34277344E-1	0.00000000E+0	0.00000000E+0
-1.31835937E-1	-2.05529993E-9	-2.05529993E-9	-1.31835937E-1	0.00000000E+0	0.00000000E+0
-1.29394531E-1	-2.02777994E-9	-2.02777994E-9	-1.29394531E-1	0.00000000E+0	0.00000000E+0
-1.26953125E-1	-2.03480011E-9	-2.03480011E-9	-1.26953125E-1	0.00000000E+0	0.00000000E+0
-1.24511719E-1	-2.00848005E-9	-2.00848005E-9	-1.24511719E-1	0.00000000E+0	0.00000000E+0
-1.22070312E-1	-2.01809991E-9	-2.01809991E-9	-1.22070312E-1	0.00000000E+0	0.00000000E+0
-1.19628906E-1	-1.98974992E-9	-1.98974992E-9	-1.19628906E-1	0.00000000E+0	0.00000000E+0
-1.17187500E-1	-1.99835992E-9	-1.99835992E-9	-1.17187500E-1	0.00000000E+0	0.00000000E+0
-1.14746094E-1	-1.96267003E-9	-1.96267003E-9	-1.14746094E-1	0.00000000E+0	0.00000000E+0
-1.12304687E-1	-1.97406003E-9	-1.97406003E-9	-1.12304687E-1	0.00000000E+0	0.00000000E+0
-1.09863281E-1	-1.95128003E-9	-1.95128003E-9	-1.09863281E-1	0.00000000E+0	0.00000000E+0
-1.07421875E-1	-1.97406003E-9	-1.97406003E-9	-1.07421875E-1	0.00000000E+0	0.00000000E+0
-1.04980469E-1	-1.94165994E-9	-1.94165994E-9	-1.04980469E-1	0.00000000E+0	0.00000000E+0
-1.02539062E-1	-1.95710004E-9	-1.95710004E-9	-1.02539062E-1	0.00000000E+0	0.00000000E+0
-1.00097656E-1	-1.93686001E-9	-1.93686001E-9	-1.00097656E-1	0.00000000E+0	0.00000000E+0
-9.76562500E-2	-1.96722993E-9	-1.96722993E-9	-9.76562500E-2	0.00000000E+0	0.00000000E+0
-9.52148438E-2	-1.92584992E-9	-1.92584992E-9	-9.52148438E-2	0.00000000E+0	0.00000000E+0
-9.27734375E-2	-1.94900007E-9	-1.94900007E-9	-9.27734375E-2	0.00000000E+0	0.00000000E+0
-9.03320313E-2	-1.92698990E-9	-1.92698990E-9	-9.03320313E-2	0.00000000E+0	0.00000000E+0
-8.78906250E-2	-1.96418992E-9	-1.96418992E-9	-8.78906250E-2	0.00000000E+0	0.00000000E+0
-8.54492188E-2	-1.94597005E-9	-1.94597005E-9	-8.54492188E-2	0.00000000E+0	0.00000000E+0
-8.30078125E-2	-2.00366990E-9	-2.00366990E-9	-8.30078125E-2	0.00000000E+0	0.00000000E+0
-8.05664063E-2	-1.98849004E-9	-1.98849004E-9	-8.05664063E-2	0.00000000E+0	0.00000000E+0
-7.81250000E-2	-2.03708006E-9	-2.03708006E-9	-7.81250000E-2	0.00000000E+0	0.00000000E+0
-7.56835938E-2	-2.00848005E-9	-2.00848005E-9	-7.56835938E-2	0.00000000E+0	0.00000000E+0
-7.32421875E-2	-2.07732009E-9	-2.07732009E-9	-7.32421875E-2	0.00000000E+0	0.00000000E+0
-7.08007813E-2	-2.07478990E-9	-2.07478990E-9	-7.08007813E-2	0.00000000E+0	0.00000000E+0
-6.83593750E-2	-2.14033991E-9	-2.14033991E-9	-6.83593750E-2	0.00000000E+0	0.00000000E+0
-6.59179688E-2	-2.11882001E-9	-2.11882001E-9	-6.59179688E-2	0.00000000E+0	0.00000000E+0
-6.34765625E-2	-2.17753993E-9	-2.17753993E-9	-6.34765625E-2	0.00000000E+0	0.00000000E+0
-6.10351563E-2	-2.14565010E-9	-2.14565010E-9	-6.10351563E-2	0.00000000E+0	0.00000000E+0
-5.85937500E-2	-2.15742002E-9	-2.15742002E-9	-5.85937500E-2	0.00000000E+0	0.00000000E+0
-5.61523438E-2	-2.08453010E-9	-2.08453010E-9	-5.61523438E-2	0.00000000E+0	0.00000000E+0
-5.37109375E-2	-2.01658001E-9	-2.01658001E-9	-5.37109375E-2	0.00000000E+0	0.00000000E+0
-5.12695313E-2	-8.61120009E-10	-8.61120009E-10	-5.12695313E-2	0.00000000E+0	0.00000000E+0
-4.88281250E-2	-6.11337980E-10	-6.11337980E-10	-4.88281250E-2	0.00000000E+0	0.00000000E+0
-4.63867188E-2	-6.42556008E-10	-6.42556008E-10	-4.63867188E-2	0.00000000E+0	0.00000000E+0
-4.39453125E-2	-5.94407024E-10	-5.94407024E-10	-4.39453125E-2	0.00000000E+0	0.00000000E+0
-4.15039063E-2	-6.15111018E-10	-6.15111018E-10	-4.15039063E-2	0.00000000E+0	0.00000000E+0
-3.90625000E-2	-5.25038013E-10	-5.25038013E-10	-3.90625000E-2	0.00000000E+0	0.00000000E+0
-3.66210938E-2	-5.27528021E-10	-5.27528021E-10	-3.66210938E-2	0.00000000E+0	0.00000000E+0
-3.41796875E-2	-4.71067019E-10	-4.71067019E-10	-3.41796875E-2	0.00000000E+0	0.00000000E+0
-3.17382813E-2	-4.37282988E-10	-4.37282988E-10	-3.17382813E-2	0.00000000E+0	0.00000000E+0
-2.92968750E-2	-3.73008013E-10	-3.73008013E-10	-2.92968750E-2	0.00000000E+0	0.00000000E+0
-2.68554688E-2	-3.35648009E-10	-3.35648009E-10	-2.68554688E-2	0.00000000E+0	0.00000000E+0
-2.44140625E-2	-2.83758989E-10	-2.83758989E-10	-2.44140625E-2	0.00000000E+0	0.00000000E+0
-2.19726563E-2	-2.44228998E-10	-2.44228998E-10	-2.19726563E-2	0.00000000E+0	0.00000000E+0
-1.95312500E-2	-2.07838996E-10	-2.07838996E-10	-1.95312500E-2	0.00000000E+0	0.00000000E+0
-1.70898438E-2	-1.70198994E-10	-1.70198994E-10	-1.70898438E-2	0.00000000E+0	0.00000000E+0
-1.46484375E-2	-1.45097004E-10	-1.45097004E-10	-1.46484375E-2	0.00000000E+0	0.00000000E+0
-1.22070313E-2	-1.11236000E-10	-1.11236000E-10	-1.22070313E-2	0.00000000E+0	0.00000000E+0
-9.76562500E-3	-9.47650014E-11	-9.47650014E-11	-9.76562500E-3	0.00000000E+0	0.00000000E+0
-7.32421875E-3	-6.33937000E-11	-6.33937000E-11	-7.32421875E-3	0.00000000E+0	0.00000000E+0
-4.88281250E-3	-5.20710003E-11	-5.20710003E-11	-4.88281250E-3	0.00000000E+0	0.00000000E+0
-2.44140625E-3	-2.67363996E-11	-2.67363996E-11	-2.44140625E-3	0.00000000E+0	0.00000000E+0
0.00000000E+0	-2.02094001E-11	-2.02094001E-11	0.00000000E+0	0.00000000E+0	0.00000000E+0
