Date: do 28 mrt 2013, Material: Au, Temp: 4.2 K
AO1 - module gain: 1.0E+0, R_out: 0.0
AO2 - module gain: 1.0E+2
MUX1 - ADC gain: 4, logarithmic amplifier: D:\LabVIEW Data\Lithographic MCBJ\MED24_070412.TXT, R_in: 0.000
MUX2 - ADC gain: 4, linear amplifier: 1.000000 x 1e10 V/A, R_in: 1.000
Breaking trace: 15 0
Axis position: -885.928184
Vbias (V)	<I> and Ii MUX1 (A)	Vbias (V)	<I> and Ii MUX2 (A)
@
0.00000000E+0	1.43717996E-10	1.43717996E-10	0.00000000E+0	0.00000000E+0	0.00000000E+0
2.44140625E-3	5.54340983E-11	5.54340983E-11	2.44140625E-3	0.00000000E+0	0.00000000E+0
4.88281250E-3	1.24514996E-10	1.24514996E-10	4.88281250E-3	0.00000000E+0	0.00000000E+0
7.32421875E-3	2.22892996E-10	2.22892996E-10	7.32421875E-3	0.00000000E+0	0.00000000E+0
9.76562500E-3	3.34167000E-10	3.34167000E-10	9.76562500E-3	0.00000000E+0	0.00000000E+0
1.22070313E-2	4.65167987E-10	4.65167987E-10	1.22070313E-2	0.00000000E+0	0.00000000E+0
1.46484375E-2	6.13635975E-10	6.13635975E-10	1.46484375E-2	0.00000000E+0	0.00000000E+0
1.70898438E-2	7.69841024E-10	7.69841024E-10	1.70898438E-2	0.00000000E+0	0.00000000E+0
1.95312500E-2	9.44585965E-10	9.44585965E-10	1.95312500E-2	0.00000000E+0	0.00000000E+0
2.19726563E-2	1.11021004E-9	1.11021004E-9	2.19726563E-2	0.00000000E+0	0.00000000E+0
2.44140625E-2	1.30541000E-9	1.30541000E-9	2.44140625E-2	0.00000000E+0	0.00000000E+0
2.68554688E-2	1.46080004E-9	1.46080004E-9	2.68554688E-2	0.00000000E+0	0.00000000E+0
2.92968750E-2	1.63239999E-9	1.63239999E-9	2.92968750E-2	0.00000000E+0	0.00000000E+0
3.17382813E-2	1.76805004E-9	1.76805004E-9	3.17382813E-2	0.00000000E+0	0.00000000E+0
3.41796875E-2	1.92698990E-9	1.92698990E-9	3.41796875E-2	0.00000000E+0	0.00000000E+0
3.66210938E-2	2.05758011E-9	2.05758011E-9	3.66210938E-2	0.00000000E+0	0.00000000E+0
3.90625000E-2	2.21626006E-9	2.21626006E-9	3.90625000E-2	0.00000000E+0	0.00000000E+0
4.15039063E-2	2.31647990E-9	2.31647990E-9	4.15039063E-2	0.00000000E+0	0.00000000E+0
4.39453125E-2	2.42277998E-9	2.42277998E-9	4.39453125E-2	0.00000000E+0	0.00000000E+0
4.63867188E-2	2.47858001E-9	2.47858001E-9	4.63867188E-2	0.00000000E+0	0.00000000E+0
4.88281250E-2	2.58298005E-9	2.58298005E-9	4.88281250E-2	0.00000000E+0	0.00000000E+0
5.12695313E-2	2.71737011E-9	2.71737011E-9	5.12695313E-2	0.00000000E+0	0.00000000E+0
5.37109375E-2	2.69205991E-9	2.69205991E-9	5.37109375E-2	0.00000000E+0	0.00000000E+0
5.61523438E-2	3.53659990E-9	3.53659990E-9	5.61523438E-2	0.00000000E+0	0.00000000E+0
5.85937500E-2	3.63378994E-9	3.63378994E-9	5.85937500E-2	0.00000000E+0	0.00000000E+0
6.10351563E-2	3.71807007E-9	3.71807007E-9	6.10351563E-2	0.00000000E+0	0.00000000E+0
6.34765625E-2	3.74767994E-9	3.74767994E-9	6.34765625E-2	0.00000000E+0	0.00000000E+0
6.59179688E-2	3.77576992E-9	3.77576992E-9	6.59179688E-2	0.00000000E+0	0.00000000E+0
6.83593750E-2	3.75678999E-9	3.75678999E-9	6.83593750E-2	0.00000000E+0	0.00000000E+0
7.08007813E-2	3.75678999E-9	3.75678999E-9	7.08007813E-2	0.00000000E+0	0.00000000E+0
7.32421875E-2	3.70895004E-9	3.70895004E-9	7.32421875E-2	0.00000000E+0	0.00000000E+0
7.56835938E-2	3.70211994E-9	3.70211994E-9	7.56835938E-2	0.00000000E+0	0.00000000E+0
7.81250000E-2	3.62315999E-9	3.62315999E-9	7.81250000E-2	0.00000000E+0	0.00000000E+0
8.05664063E-2	3.59279007E-9	3.59279007E-9	8.05664063E-2	0.00000000E+0	0.00000000E+0
8.30078125E-2	3.53281004E-9	3.53281004E-9	8.30078125E-2	0.00000000E+0	0.00000000E+0
8.54492188E-2	3.50396001E-9	3.50396001E-9	8.54492188E-2	0.00000000E+0	0.00000000E+0
8.78906250E-2	3.45081008E-9	3.45081008E-9	8.78906250E-2	0.00000000E+0	0.00000000E+0
9.03320313E-2	3.41588002E-9	3.41588002E-9	9.03320313E-2	0.00000000E+0	0.00000000E+0
9.27734375E-2	3.39765993E-9	3.39765993E-9	9.27734375E-2	0.00000000E+0	0.00000000E+0
9.52148438E-2	3.37336004E-9	3.37336004E-9	9.52148438E-2	0.00000000E+0	0.00000000E+0
9.76562500E-2	3.34678996E-9	3.34678996E-9	9.76562500E-2	0.00000000E+0	0.00000000E+0
1.00097656E-1	3.27694005E-9	3.27694005E-9	1.00097656E-1	0.00000000E+0	0.00000000E+0
1.02539062E-1	3.26174998E-9	3.26174998E-9	1.02539062E-1	0.00000000E+0	0.00000000E+0
1.04980469E-1	3.23213989E-9	3.23213989E-9	1.04980469E-1	0.00000000E+0	0.00000000E+0
1.07421875E-1	3.21619997E-9	3.21619997E-9	1.07421875E-1	0.00000000E+0	0.00000000E+0
1.09863281E-1	3.16760995E-9	3.16760995E-9	1.09863281E-1	0.00000000E+0	0.00000000E+0
1.12304687E-1	3.16152993E-9	3.16152993E-9	1.12304687E-1	0.00000000E+0	0.00000000E+0
1.14746094E-1	3.09926995E-9	3.09926995E-9	1.14746094E-1	0.00000000E+0	0.00000000E+0
1.17187500E-1	3.08637005E-9	3.08637005E-9	1.17187500E-1	0.00000000E+0	0.00000000E+0
1.19628906E-1	3.07041992E-9	3.07041992E-9	1.19628906E-1	0.00000000E+0	0.00000000E+0
1.22070312E-1	3.05978998E-9	3.05978998E-9	1.22070312E-1	0.00000000E+0	0.00000000E+0
1.24511719E-1	3.07041992E-9	3.07041992E-9	1.24511719E-1	0.00000000E+0	0.00000000E+0
1.26953125E-1	3.05220005E-9	3.05220005E-9	1.26953125E-1	0.00000000E+0	0.00000000E+0
1.29394531E-1	3.03321990E-9	3.03321990E-9	1.29394531E-1	0.00000000E+0	0.00000000E+0
1.31835937E-1	3.02714009E-9	3.02714009E-9	1.31835937E-1	0.00000000E+0	0.00000000E+0
1.34277344E-1	3.02107006E-9	3.02107006E-9	1.34277344E-1	0.00000000E+0	0.00000000E+0
1.36718750E-1	2.97095992E-9	2.97095992E-9	1.36718750E-1	0.00000000E+0	0.00000000E+0
1.39160156E-1	2.97626990E-9	2.97626990E-9	1.39160156E-1	0.00000000E+0	0.00000000E+0
1.41601562E-1	2.96944003E-9	2.96944003E-9	1.41601562E-1	0.00000000E+0	0.00000000E+0
1.44042969E-1	2.96223002E-9	2.96223002E-9	1.44042969E-1	0.00000000E+0	0.00000000E+0
1.46484375E-1	2.97095992E-9	2.97095992E-9	1.46484375E-1	0.00000000E+0	0.00000000E+0
1.48925781E-1	2.97626990E-9	2.97626990E-9	1.48925781E-1	0.00000000E+0	0.00000000E+0
1.51367187E-1	2.98159009E-9	2.98159009E-9	1.51367187E-1	0.00000000E+0	0.00000000E+0
1.53808594E-1	3.00892000E-9	3.00892000E-9	1.53808594E-1	0.00000000E+0	0.00000000E+0
1.56250000E-1	3.02486991E-9	3.02486991E-9	1.56250000E-1	0.00000000E+0	0.00000000E+0
1.58691406E-1	3.04992009E-9	3.04992009E-9	1.58691406E-1	0.00000000E+0	0.00000000E+0
1.61132812E-1	3.05827008E-9	3.05827008E-9	1.61132812E-1	0.00000000E+0	0.00000000E+0
1.63574219E-1	3.08864001E-9	3.08864001E-9	1.63574219E-1	0.00000000E+0	0.00000000E+0
1.66015625E-1	3.11673998E-9	3.11673998E-9	1.66015625E-1	0.00000000E+0	0.00000000E+0
1.68457031E-1	3.14255000E-9	3.14255000E-9	1.68457031E-1	0.00000000E+0	0.00000000E+0
1.70898437E-1	3.17672000E-9	3.17672000E-9	1.70898437E-1	0.00000000E+0	0.00000000E+0
1.73339844E-1	3.20404991E-9	3.20404991E-9	1.73339844E-1	0.00000000E+0	0.00000000E+0
1.75781250E-1	3.23442007E-9	3.23442007E-9	1.75781250E-1	0.00000000E+0	0.00000000E+0
1.78222656E-1	3.26859007E-9	3.26859007E-9	1.78222656E-1	0.00000000E+0	0.00000000E+0
1.80664062E-1	3.31034999E-9	3.31034999E-9	1.80664062E-1	0.00000000E+0	0.00000000E+0
1.83105469E-1	3.34374994E-9	3.34374994E-9	1.83105469E-1	0.00000000E+0	0.00000000E+0
1.85546875E-1	3.38816997E-9	3.38816997E-9	1.85546875E-1	0.00000000E+0	0.00000000E+0
1.87988281E-1	3.42878992E-9	3.42878992E-9	1.87988281E-1	0.00000000E+0	0.00000000E+0
1.90429687E-1	3.46979001E-9	3.46979001E-9	1.90429687E-1	0.00000000E+0	0.00000000E+0
1.92871094E-1	3.61557007E-9	3.61557007E-9	1.92871094E-1	0.00000000E+0	0.00000000E+0
1.95312500E-1	3.66947006E-9	3.66947006E-9	1.95312500E-1	0.00000000E+0	0.00000000E+0
1.97753906E-1	3.72110009E-9	3.72110009E-9	1.97753906E-1	0.00000000E+0	0.00000000E+0
2.00195312E-1	3.76968989E-9	3.76968989E-9	2.00195312E-1	0.00000000E+0	0.00000000E+0
2.02636719E-1	3.81524989E-9	3.81524989E-9	2.02636719E-1	0.00000000E+0	0.00000000E+0
2.05078125E-1	3.86688015E-9	3.86688015E-9	2.05078125E-1	0.00000000E+0	0.00000000E+0
2.07519531E-1	3.91547017E-9	3.91547017E-9	2.07519531E-1	0.00000000E+0	0.00000000E+0
2.09960937E-1	3.95646982E-9	3.95646982E-9	2.09960937E-1	0.00000000E+0	0.00000000E+0
2.12402344E-1	4.00582012E-9	4.00582012E-9	2.12402344E-1	0.00000000E+0	0.00000000E+0
2.14843750E-1	4.04796019E-9	4.04796019E-9	2.14843750E-1	0.00000000E+0	0.00000000E+0
2.17285156E-1	4.09769019E-9	4.09769019E-9	2.17285156E-1	0.00000000E+0	0.00000000E+0
2.19726562E-1	4.13509005E-9	4.13509005E-9	2.19726562E-1	0.00000000E+0	0.00000000E+0
2.22167969E-1	4.18045021E-9	4.18045021E-9	2.22167969E-1	0.00000000E+0	0.00000000E+0
2.24609375E-1	4.23132018E-9	4.23132018E-9	2.24609375E-1	0.00000000E+0	0.00000000E+0
2.27050781E-1	4.27459979E-9	4.27459979E-9	2.27050781E-1	0.00000000E+0	0.00000000E+0
2.29492187E-1	4.35051994E-9	4.35051994E-9	2.29492187E-1	0.00000000E+0	0.00000000E+0
2.31933594E-1	4.41430004E-9	4.41430004E-9	2.31933594E-1	0.00000000E+0	0.00000000E+0
2.34375000E-1	4.46289006E-9	4.46289006E-9	2.34375000E-1	0.00000000E+0	0.00000000E+0
2.36816406E-1	4.51756010E-9	4.51756010E-9	2.36816406E-1	0.00000000E+0	0.00000000E+0
2.39257812E-1	4.56804994E-9	4.56804994E-9	2.39257812E-1	0.00000000E+0	0.00000000E+0
2.41699219E-1	4.62310012E-9	4.62310012E-9	2.41699219E-1	0.00000000E+0	0.00000000E+0
2.44140625E-1	4.68003991E-9	4.68003991E-9	2.44140625E-1	0.00000000E+0	0.00000000E+0
2.46582031E-1	4.72976991E-9	4.72976991E-9	2.46582031E-1	0.00000000E+0	0.00000000E+0
2.49023437E-1	4.77949991E-9	4.77949991E-9	2.49023437E-1	0.00000000E+0	0.00000000E+0
2.51464844E-1	4.84024021E-9	4.84024021E-9	2.51464844E-1	0.00000000E+0	0.00000000E+0
2.53906250E-1	4.89187002E-9	4.89187002E-9	2.53906250E-1	0.00000000E+0	0.00000000E+0
2.56347656E-1	4.96779995E-9	4.96779995E-9	2.56347656E-1	0.00000000E+0	0.00000000E+0
2.58789062E-1	5.02322006E-9	5.02322006E-9	2.58789062E-1	0.00000000E+0	0.00000000E+0
2.61230469E-1	5.06953990E-9	5.06953990E-9	2.61230469E-1	0.00000000E+0	0.00000000E+0
2.63671875E-1	5.11812992E-9	5.11812992E-9	2.63671875E-1	0.00000000E+0	0.00000000E+0
2.66113281E-1	5.16671994E-9	5.16671994E-9	2.66113281E-1	0.00000000E+0	0.00000000E+0
2.68554687E-1	5.18115018E-9	5.18115018E-9	2.68554687E-1	0.00000000E+0	0.00000000E+0
2.70996094E-1	4.91084995E-9	4.91084995E-9	2.70996094E-1	0.00000000E+0	0.00000000E+0
2.73437500E-1	4.95565011E-9	4.95565011E-9	2.73437500E-1	0.00000000E+0	0.00000000E+0
2.75878906E-1	5.02094988E-9	5.02094988E-9	2.75878906E-1	0.00000000E+0	0.00000000E+0
2.78320312E-1	5.06270004E-9	5.06270004E-9	2.78320312E-1	0.00000000E+0	0.00000000E+0
2.80761719E-1	5.10598008E-9	5.10598008E-9	2.80761719E-1	0.00000000E+0	0.00000000E+0
2.83203125E-1	5.14774001E-9	5.14774001E-9	2.83203125E-1	0.00000000E+0	0.00000000E+0
2.85644531E-1	5.21152010E-9	5.21152010E-9	2.85644531E-1	0.00000000E+0	0.00000000E+0
2.88085937E-1	5.24264987E-9	5.24264987E-9	2.88085937E-1	0.00000000E+0	0.00000000E+0
2.90527344E-1	5.31478017E-9	5.31478017E-9	2.90527344E-1	0.00000000E+0	0.00000000E+0
2.92968750E-1	5.34438982E-9	5.34438982E-9	2.92968750E-1	0.00000000E+0	0.00000000E+0
2.95410156E-1	5.35121991E-9	5.35121991E-9	2.95410156E-1	0.00000000E+0	0.00000000E+0
2.97851562E-1	5.43169998E-9	5.43169998E-9	2.97851562E-1	0.00000000E+0	0.00000000E+0
3.00292969E-1	5.49776003E-9	5.49776003E-9	3.00292969E-1	0.00000000E+0	0.00000000E+0
3.02734375E-1	5.56457014E-9	5.56457014E-9	3.02734375E-1	0.00000000E+0	0.00000000E+0
3.05175781E-1	5.61316016E-9	5.61316016E-9	3.05175781E-1	0.00000000E+0	0.00000000E+0
3.07617187E-1	5.69592018E-9	5.69592018E-9	3.07617187E-1	0.00000000E+0	0.00000000E+0
3.10058594E-1	5.74602987E-9	5.74602987E-9	3.10058594E-1	0.00000000E+0	0.00000000E+0
3.12500000E-1	5.79994008E-9	5.79994008E-9	3.12500000E-1	0.00000000E+0	0.00000000E+0
3.14941406E-1	5.85461013E-9	5.85461013E-9	3.14941406E-1	0.00000000E+0	0.00000000E+0
3.17382812E-1	5.89104987E-9	5.89104987E-9	3.17382812E-1	0.00000000E+0	0.00000000E+0
3.19824219E-1	5.96090022E-9	5.96090022E-9	3.19824219E-1	0.00000000E+0	0.00000000E+0
3.22265625E-1	6.00038019E-9	6.00038019E-9	3.22265625E-1	0.00000000E+0	0.00000000E+0
3.24707031E-1	6.04365979E-9	6.04365979E-9	3.24707031E-1	0.00000000E+0	0.00000000E+0
3.27148437E-1	6.09529005E-9	6.09529005E-9	3.27148437E-1	0.00000000E+0	0.00000000E+0
3.29589844E-1	6.12413986E-9	6.12413986E-9	3.29589844E-1	0.00000000E+0	0.00000000E+0
3.32031250E-1	6.19096019E-9	6.19096019E-9	3.32031250E-1	0.00000000E+0	0.00000000E+0
3.34472656E-1	6.23347018E-9	6.23347018E-9	3.34472656E-1	0.00000000E+0	0.00000000E+0
3.36914062E-1	6.30029007E-9	6.30029007E-9	3.36914062E-1	0.00000000E+0	0.00000000E+0
3.39355469E-1	6.34963992E-9	6.34963992E-9	3.39355469E-1	0.00000000E+0	0.00000000E+0
3.41796875E-1	6.38531983E-9	6.38531983E-9	3.41796875E-1	0.00000000E+0	0.00000000E+0
3.44238281E-1	6.44378995E-9	6.44378995E-9	3.44238281E-1	0.00000000E+0	0.00000000E+0
3.46679687E-1	6.48934018E-9	6.48934018E-9	3.46679687E-1	0.00000000E+0	0.00000000E+0
3.49121094E-1	6.54552990E-9	6.54552990E-9	3.49121094E-1	0.00000000E+0	0.00000000E+0
3.51562500E-1	6.58386989E-9	6.58386989E-9	3.51562500E-1	0.00000000E+0	0.00000000E+0
3.54003906E-1	6.61689992E-9	6.61689992E-9	3.54003906E-1	0.00000000E+0	0.00000000E+0
3.56445312E-1	6.67232003E-9	6.67232003E-9	3.56445312E-1	0.00000000E+0	0.00000000E+0
3.58886719E-1	6.71027989E-9	6.71027989E-9	3.58886719E-1	0.00000000E+0	0.00000000E+0
3.61328125E-1	6.76647005E-9	6.76647005E-9	3.61328125E-1	0.00000000E+0	0.00000000E+0
3.63769531E-1	6.82037982E-9	6.82037982E-9	3.63769531E-1	0.00000000E+0	0.00000000E+0
3.66210937E-1	6.84884993E-9	6.84884993E-9	3.66210937E-1	0.00000000E+0	0.00000000E+0
3.68652344E-1	6.90655000E-9	6.90655000E-9	3.68652344E-1	0.00000000E+0	0.00000000E+0
3.71093750E-1	6.95552016E-9	6.95552016E-9	3.71093750E-1	0.00000000E+0	0.00000000E+0
3.73535156E-1	6.99120983E-9	6.99120983E-9	3.73535156E-1	0.00000000E+0	0.00000000E+0
3.75976562E-1	7.05612013E-9	7.05612013E-9	3.75976562E-1	0.00000000E+0	0.00000000E+0
3.78417969E-1	7.09168013E-9	7.09168013E-9	3.78417969E-1	0.00000000E+0	0.00000000E+0
3.80859375E-1	7.14191994E-9	7.14191994E-9	3.80859375E-1	0.00000000E+0	0.00000000E+0
3.83300781E-1	7.16241999E-9	7.16241999E-9	3.83300781E-1	0.00000000E+0	0.00000000E+0
3.85742187E-1	7.22506011E-9	7.22506011E-9	3.85742187E-1	0.00000000E+0	0.00000000E+0
3.88183594E-1	7.25960003E-9	7.25960003E-9	3.88183594E-1	0.00000000E+0	0.00000000E+0
3.90625000E-1	7.30211980E-9	7.30211980E-9	3.90625000E-1	0.00000000E+0	0.00000000E+0
3.93066406E-1	7.36323980E-9	7.36323980E-9	3.93066406E-1	0.00000000E+0	0.00000000E+0
3.95507812E-1	7.37919015E-9	7.37919015E-9	3.95507812E-1	0.00000000E+0	0.00000000E+0
3.97949219E-1	7.43689021E-9	7.43689021E-9	3.97949219E-1	0.00000000E+0	0.00000000E+0
4.00390625E-1	7.47979012E-9	7.47979012E-9	4.00390625E-1	0.00000000E+0	0.00000000E+0
4.02832031E-1	7.52496021E-9	7.52496021E-9	4.02832031E-1	0.00000000E+0	0.00000000E+0
4.05273437E-1	7.55570984E-9	7.55570984E-9	4.05273437E-1	0.00000000E+0	0.00000000E+0
4.07714844E-1	7.60696039E-9	7.60696039E-9	4.07714844E-1	0.00000000E+0	0.00000000E+0
4.10156250E-1	7.63960983E-9	7.63960983E-9	4.10156250E-1	0.00000000E+0	0.00000000E+0
4.12597656E-1	7.66543007E-9	7.66543007E-9	4.12597656E-1	0.00000000E+0	0.00000000E+0
4.15039062E-1	7.74134978E-9	7.74134978E-9	4.15039062E-1	0.00000000E+0	0.00000000E+0
4.17480469E-1	7.77704035E-9	7.77704035E-9	4.17480469E-1	0.00000000E+0	0.00000000E+0
4.19921875E-1	7.83018006E-9	7.83018006E-9	4.19921875E-1	0.00000000E+0	0.00000000E+0
4.22363281E-1	7.87041987E-9	7.87041987E-9	4.22363281E-1	0.00000000E+0	0.00000000E+0
4.24804687E-1	7.92585020E-9	7.92585020E-9	4.24804687E-1	0.00000000E+0	0.00000000E+0
4.27246094E-1	7.97798982E-9	7.97798982E-9	4.27246094E-1	0.00000000E+0	0.00000000E+0
4.29687500E-1	7.99455968E-9	7.99455968E-9	4.29687500E-1	0.00000000E+0	0.00000000E+0
4.32128906E-1	8.04732991E-9	8.04732991E-9	4.32128906E-1	0.00000000E+0	0.00000000E+0
4.34570312E-1	8.07960010E-9	8.07960010E-9	4.34570312E-1	0.00000000E+0	0.00000000E+0
4.37011719E-1	8.13161005E-9	8.13161005E-9	4.37011719E-1	0.00000000E+0	0.00000000E+0
4.39453125E-1	8.16122014E-9	8.16122014E-9	4.39453125E-1	0.00000000E+0	0.00000000E+0
4.41894531E-1	8.22613000E-9	8.22613000E-9	4.41894531E-1	0.00000000E+0	0.00000000E+0
4.44335937E-1	8.26864976E-9	8.26864976E-9	4.44335937E-1	0.00000000E+0	0.00000000E+0
4.46777344E-1	8.32597991E-9	8.32597991E-9	4.46777344E-1	0.00000000E+0	0.00000000E+0
4.49218750E-1	8.38177971E-9	8.38177971E-9	4.49218750E-1	0.00000000E+0	0.00000000E+0
4.51660156E-1	8.42354009E-9	8.42354009E-9	4.51660156E-1	0.00000000E+0	0.00000000E+0
4.54101562E-1	8.46986037E-9	8.46986037E-9	4.54101562E-1	0.00000000E+0	0.00000000E+0
4.56542969E-1	8.50705995E-9	8.50705995E-9	4.56542969E-1	0.00000000E+0	0.00000000E+0
4.58984375E-1	8.57349036E-9	8.57349036E-9	4.58984375E-1	0.00000000E+0	0.00000000E+0
4.61425781E-1	8.62992966E-9	8.62992966E-9	4.61425781E-1	0.00000000E+0	0.00000000E+0
4.63867187E-1	8.69914984E-9	8.69914984E-9	4.63867187E-1	0.00000000E+0	0.00000000E+0
4.66308594E-1	8.74774031E-9	8.74774031E-9	4.66308594E-1	0.00000000E+0	0.00000000E+0
4.68750000E-1	8.79292017E-9	8.79292017E-9	4.68750000E-1	0.00000000E+0	0.00000000E+0
4.71191406E-1	8.84150975E-9	8.84150975E-9	4.71191406E-1	0.00000000E+0	0.00000000E+0
4.73632812E-1	8.87061002E-9	8.87061002E-9	4.73632812E-1	0.00000000E+0	0.00000000E+0
4.76074219E-1	8.93034002E-9	8.93034002E-9	4.76074219E-1	0.00000000E+0	0.00000000E+0
4.78515625E-1	8.98805030E-9	8.98805030E-9	4.78515625E-1	0.00000000E+0	0.00000000E+0
4.80957031E-1	9.04524011E-9	9.04524011E-9	4.80957031E-1	0.00000000E+0	0.00000000E+0
4.83398437E-1	9.10991016E-9	9.10991016E-9	4.83398437E-1	0.00000000E+0	0.00000000E+0
4.85839844E-1	9.14976983E-9	9.14976983E-9	4.85839844E-1	0.00000000E+0	0.00000000E+0
4.88281250E-1	9.22303034E-9	9.22303034E-9	4.88281250E-1	0.00000000E+0	0.00000000E+0
4.90722656E-1	9.26821020E-9	9.26821020E-9	4.90722656E-1	0.00000000E+0	0.00000000E+0
4.93164062E-1	9.31451982E-9	9.31451982E-9	4.93164062E-1	0.00000000E+0	0.00000000E+0
4.90722656E-1	9.32971034E-9	9.32971034E-9	4.90722656E-1	0.00000000E+0	0.00000000E+0
4.88281250E-1	9.27466015E-9	9.27466015E-9	4.88281250E-1	0.00000000E+0	0.00000000E+0
4.85839844E-1	9.21088983E-9	9.21088983E-9	4.85839844E-1	0.00000000E+0	0.00000000E+0
4.83398437E-1	9.16532983E-9	9.16532983E-9	4.83398437E-1	0.00000000E+0	0.00000000E+0
4.80957031E-1	9.10991016E-9	9.10991016E-9	4.80957031E-1	0.00000000E+0	0.00000000E+0
4.78515625E-1	9.04524011E-9	9.04524011E-9	4.78515625E-1	0.00000000E+0	0.00000000E+0
4.76074219E-1	8.98805030E-9	8.98805030E-9	4.76074219E-1	0.00000000E+0	0.00000000E+0
4.73632812E-1	8.92389007E-9	8.92389007E-9	4.73632812E-1	0.00000000E+0	0.00000000E+0
4.71191406E-1	8.85366003E-9	8.85366003E-9	4.71191406E-1	0.00000000E+0	0.00000000E+0
4.68750000E-1	8.80469031E-9	8.80469031E-9	4.68750000E-1	0.00000000E+0	0.00000000E+0
4.66308594E-1	8.73672956E-9	8.73672956E-9	4.66308594E-1	0.00000000E+0	0.00000000E+0
4.63867187E-1	8.69914984E-9	8.69914984E-9	4.63867187E-1	0.00000000E+0	0.00000000E+0
4.61425781E-1	8.63764971E-9	8.63764971E-9	4.61425781E-1	0.00000000E+0	0.00000000E+0
4.58984375E-1	8.58563975E-9	8.58563975E-9	4.58984375E-1	0.00000000E+0	0.00000000E+0
4.56542969E-1	8.50022985E-9	8.50022985E-9	4.56542969E-1	0.00000000E+0	0.00000000E+0
4.54101562E-1	8.88579965E-9	8.88579965E-9	4.54101562E-1	0.00000000E+0	0.00000000E+0
4.51660156E-1	8.43037018E-9	8.43037018E-9	4.51660156E-1	0.00000000E+0	0.00000000E+0
4.49218750E-1	8.35559000E-9	8.35559000E-9	4.49218750E-1	0.00000000E+0	0.00000000E+0
4.46777344E-1	8.41050962E-9	8.41050962E-9	4.46777344E-1	0.00000000E+0	0.00000000E+0
4.44335937E-1	8.23828028E-9	8.23828028E-9	4.44335937E-1	0.00000000E+0	0.00000000E+0
4.41894531E-1	8.18323986E-9	8.18323986E-9	4.41894531E-1	0.00000000E+0	0.00000000E+0
4.39453125E-1	8.14376033E-9	8.14376033E-9	4.39453125E-1	0.00000000E+0	0.00000000E+0
4.37011719E-1	8.07351963E-9	8.07351963E-9	4.37011719E-1	0.00000000E+0	0.00000000E+0
4.34570312E-1	8.03517963E-9	8.03517963E-9	4.34570312E-1	0.00000000E+0	0.00000000E+0
4.32128906E-1	7.98354982E-9	7.98354982E-9	4.32128906E-1	0.00000000E+0	0.00000000E+0
4.29687500E-1	7.93343968E-9	7.93343968E-9	4.29687500E-1	0.00000000E+0	0.00000000E+0
4.27246094E-1	7.84879006E-9	7.84879006E-9	4.27246094E-1	0.00000000E+0	0.00000000E+0
4.24804687E-1	7.82524978E-9	7.82524978E-9	4.24804687E-1	0.00000000E+0	0.00000000E+0
4.22363281E-1	7.76944020E-9	7.76944020E-9	4.22363281E-1	0.00000000E+0	0.00000000E+0
4.19921875E-1	7.73566011E-9	7.73566011E-9	4.19921875E-1	0.00000000E+0	0.00000000E+0
4.17480469E-1	7.68631025E-9	7.68631025E-9	4.17480469E-1	0.00000000E+0	0.00000000E+0
4.15039062E-1	7.61644969E-9	7.61644969E-9	4.15039062E-1	0.00000000E+0	0.00000000E+0
4.12597656E-1	7.57431984E-9	7.57431984E-9	4.12597656E-1	0.00000000E+0	0.00000000E+0
4.10156250E-1	7.53407026E-9	7.53407026E-9	4.10156250E-1	0.00000000E+0	0.00000000E+0
4.07714844E-1	7.47979012E-9	7.47979012E-9	4.07714844E-1	0.00000000E+0	0.00000000E+0
4.05273437E-1	7.42170991E-9	7.42170991E-9	4.05273437E-1	0.00000000E+0	0.00000000E+0
4.02832031E-1	7.36780015E-9	7.36780015E-9	4.02832031E-1	0.00000000E+0	0.00000000E+0
4.00390625E-1	7.32832017E-9	7.32832017E-9	4.00390625E-1	0.00000000E+0	0.00000000E+0
3.97949219E-1	7.28770022E-9	7.28770022E-9	3.97949219E-1	0.00000000E+0	0.00000000E+0
3.95507812E-1	7.24023996E-9	7.24023996E-9	3.95507812E-1	0.00000000E+0	0.00000000E+0
3.93066406E-1	7.20303994E-9	7.20303994E-9	3.93066406E-1	0.00000000E+0	0.00000000E+0
3.90625000E-1	7.15330994E-9	7.15330994E-9	3.90625000E-1	0.00000000E+0	0.00000000E+0
3.88183594E-1	7.11685999E-9	7.11685999E-9	3.88183594E-1	0.00000000E+0	0.00000000E+0
3.85742187E-1	7.02575020E-9	7.02575020E-9	3.85742187E-1	0.00000000E+0	0.00000000E+0
3.83300781E-1	7.01056990E-9	7.01056990E-9	3.83300781E-1	0.00000000E+0	0.00000000E+0
3.80859375E-1	6.98626978E-9	6.98626978E-9	3.80859375E-1	0.00000000E+0	0.00000000E+0
3.78417969E-1	6.92212021E-9	6.92212021E-9	3.78417969E-1	0.00000000E+0	0.00000000E+0
3.75976562E-1	6.87313984E-9	6.87313984E-9	3.75976562E-1	0.00000000E+0	0.00000000E+0
3.73535156E-1	6.78925005E-9	6.78925005E-9	3.73535156E-1	0.00000000E+0	0.00000000E+0
3.71093750E-1	6.80102019E-9	6.80102019E-9	3.71093750E-1	0.00000000E+0	0.00000000E+0
3.68652344E-1	6.75166012E-9	6.75166012E-9	3.68652344E-1	0.00000000E+0	0.00000000E+0
3.66210937E-1	6.71483980E-9	6.71483980E-9	3.66210937E-1	0.00000000E+0	0.00000000E+0
3.63769531E-1	6.67232003E-9	6.67232003E-9	3.63769531E-1	0.00000000E+0	0.00000000E+0
3.61328125E-1	6.60664989E-9	6.60664989E-9	3.61328125E-1	0.00000000E+0	0.00000000E+0
3.58886719E-1	6.55957022E-9	6.55957022E-9	3.58886719E-1	0.00000000E+0	0.00000000E+0
3.56445312E-1	6.52274990E-9	6.52274990E-9	3.56445312E-1	0.00000000E+0	0.00000000E+0
3.54003906E-1	6.48934018E-9	6.48934018E-9	3.54003906E-1	0.00000000E+0	0.00000000E+0
3.51562500E-1	6.43923004E-9	6.43923004E-9	3.51562500E-1	0.00000000E+0	0.00000000E+0
3.49121094E-1	6.38531983E-9	6.38531983E-9	3.49121094E-1	0.00000000E+0	0.00000000E+0
3.46679687E-1	6.34508002E-9	6.34508002E-9	3.46679687E-1	0.00000000E+0	0.00000000E+0
3.44238281E-1	6.29496988E-9	6.29496988E-9	3.44238281E-1	0.00000000E+0	0.00000000E+0
3.41796875E-1	6.26535979E-9	6.26535979E-9	3.41796875E-1	0.00000000E+0	0.00000000E+0
3.39355469E-1	6.21220986E-9	6.21220986E-9	3.39355469E-1	0.00000000E+0	0.00000000E+0
3.36914062E-1	6.15793017E-9	6.15793017E-9	3.36914062E-1	0.00000000E+0	0.00000000E+0
3.34472656E-1	6.12946005E-9	6.12946005E-9	3.34472656E-1	0.00000000E+0	0.00000000E+0
3.32031250E-1	6.07706996E-9	6.07706996E-9	3.32031250E-1	0.00000000E+0	0.00000000E+0
3.29589844E-1	6.03150996E-9	6.03150996E-9	3.29589844E-1	0.00000000E+0	0.00000000E+0
3.27148437E-1	5.97911987E-9	5.97911987E-9	3.27148437E-1	0.00000000E+0	0.00000000E+0
3.24707031E-1	5.93963989E-9	5.93963989E-9	3.24707031E-1	0.00000000E+0	0.00000000E+0
3.22265625E-1	5.88953020E-9	5.88953020E-9	3.22265625E-1	0.00000000E+0	0.00000000E+0
3.19824219E-1	5.86220006E-9	5.86220006E-9	3.19824219E-1	0.00000000E+0	0.00000000E+0
3.17382812E-1	5.79310999E-9	5.79310999E-9	3.17382812E-1	0.00000000E+0	0.00000000E+0
3.14941406E-1	5.75969983E-9	5.75969983E-9	3.14941406E-1	0.00000000E+0	0.00000000E+0
3.12500000E-1	5.70200021E-9	5.70200021E-9	3.12500000E-1	0.00000000E+0	0.00000000E+0
3.10058594E-1	5.67465985E-9	5.67465985E-9	3.10058594E-1	0.00000000E+0	0.00000000E+0
3.07617187E-1	5.61088997E-9	5.61088997E-9	3.07617187E-1	0.00000000E+0	0.00000000E+0
3.05175781E-1	5.58886981E-9	5.58886981E-9	3.05175781E-1	0.00000000E+0	0.00000000E+0
3.02734375E-1	5.50876988E-9	5.50876988E-9	3.02734375E-1	0.00000000E+0	0.00000000E+0
3.00292969E-1	5.46814993E-9	5.46814993E-9	3.00292969E-1	0.00000000E+0	0.00000000E+0
2.97851562E-1	5.40513012E-9	5.40513012E-9	2.97851562E-1	0.00000000E+0	0.00000000E+0
2.95410156E-1	5.37476019E-9	5.37476019E-9	2.95410156E-1	0.00000000E+0	0.00000000E+0
2.92968750E-1	5.30262989E-9	5.30262989E-9	2.92968750E-1	0.00000000E+0	0.00000000E+0
2.90527344E-1	5.28137001E-9	5.28137001E-9	2.90527344E-1	0.00000000E+0	0.00000000E+0
2.88085937E-1	5.24720001E-9	5.24720001E-9	2.88085937E-1	0.00000000E+0	0.00000000E+0
2.85644531E-1	5.19499999E-9	5.19499999E-9	2.85644531E-1	0.00000000E+0	0.00000000E+0
2.83203125E-1	5.14393994E-9	5.14393994E-9	2.83203125E-1	0.00000000E+0	0.00000000E+0
2.80761719E-1	5.11281018E-9	5.11281018E-9	2.80761719E-1	0.00000000E+0	0.00000000E+0
2.78320312E-1	5.06573983E-9	5.06573983E-9	2.78320312E-1	0.00000000E+0	0.00000000E+0
2.75878906E-1	5.02930009E-9	5.02930009E-9	2.75878906E-1	0.00000000E+0	0.00000000E+0
2.73437500E-1	4.97691000E-9	4.97691000E-9	2.73437500E-1	0.00000000E+0	0.00000000E+0
2.70996094E-1	4.93743002E-9	4.93743002E-9	2.70996094E-1	0.00000000E+0	0.00000000E+0
2.68554687E-1	4.90098007E-9	4.90098007E-9	2.68554687E-1	0.00000000E+0	0.00000000E+0
2.66113281E-1	4.84024021E-9	4.84024021E-9	2.66113281E-1	0.00000000E+0	0.00000000E+0
2.63671875E-1	4.82696016E-9	4.82696016E-9	2.63671875E-1	0.00000000E+0	0.00000000E+0
2.61230469E-1	4.74988981E-9	4.74988981E-9	2.61230469E-1	0.00000000E+0	0.00000000E+0
2.58789062E-1	4.71876005E-9	4.71876005E-9	2.58789062E-1	0.00000000E+0	0.00000000E+0
2.56347656E-1	4.63980010E-9	4.63980010E-9	2.56347656E-1	0.00000000E+0	0.00000000E+0
2.53906250E-1	4.61246996E-9	4.61246996E-9	2.53906250E-1	0.00000000E+0	0.00000000E+0
2.51464844E-1	4.53349980E-9	4.53349980E-9	2.51464844E-1	0.00000000E+0	0.00000000E+0
2.49023437E-1	4.50806992E-9	4.50806992E-9	2.49023437E-1	0.00000000E+0	0.00000000E+0
2.46582031E-1	4.44466997E-9	4.44466997E-9	2.46582031E-1	0.00000000E+0	0.00000000E+0
2.44140625E-1	4.41430004E-9	4.41430004E-9	2.44140625E-1	0.00000000E+0	0.00000000E+0
2.41699219E-1	4.33229985E-9	4.33229985E-9	2.41699219E-1	0.00000000E+0	0.00000000E+0
2.39257812E-1	4.32926006E-9	4.32926006E-9	2.39257812E-1	0.00000000E+0	0.00000000E+0
2.36816406E-1	4.23740021E-9	4.23740021E-9	2.36816406E-1	0.00000000E+0	0.00000000E+0
2.34375000E-1	4.22903979E-9	4.22903979E-9	2.34375000E-1	0.00000000E+0	0.00000000E+0
2.31933594E-1	4.15235979E-9	4.15235979E-9	2.31933594E-1	0.00000000E+0	0.00000000E+0
2.29492187E-1	4.14325019E-9	4.14325019E-9	2.29492187E-1	0.00000000E+0	0.00000000E+0
2.27050781E-1	4.06428979E-9	4.06428979E-9	2.27050781E-1	0.00000000E+0	0.00000000E+0
2.24609375E-1	4.05897005E-9	4.05897005E-9	2.24609375E-1	0.00000000E+0	0.00000000E+0
2.22167969E-1	3.98684019E-9	3.98684019E-9	2.22167969E-1	0.00000000E+0	0.00000000E+0
2.19726562E-1	3.96406019E-9	3.96406019E-9	2.19726562E-1	0.00000000E+0	0.00000000E+0
2.17285156E-1	3.89420984E-9	3.89420984E-9	2.17285156E-1	0.00000000E+0	0.00000000E+0
2.14843750E-1	3.87370980E-9	3.87370980E-9	2.14843750E-1	0.00000000E+0	0.00000000E+0
2.12402344E-1	3.79931020E-9	3.79931020E-9	2.12402344E-1	0.00000000E+0	0.00000000E+0
2.09960937E-1	3.77956999E-9	3.77956999E-9	2.09960937E-1	0.00000000E+0	0.00000000E+0
2.07519531E-1	3.71807007E-9	3.71807007E-9	2.07519531E-1	0.00000000E+0	0.00000000E+0
2.05078125E-1	3.67858011E-9	3.67858011E-9	2.05078125E-1	0.00000000E+0	0.00000000E+0
2.02636719E-1	3.62315999E-9	3.62315999E-9	2.02636719E-1	0.00000000E+0	0.00000000E+0
2.00195312E-1	3.57038998E-9	3.57038998E-9	2.00195312E-1	0.00000000E+0	0.00000000E+0
1.97753906E-1	3.51382989E-9	3.51382989E-9	1.97753906E-1	0.00000000E+0	0.00000000E+0
1.95312500E-1	3.47130991E-9	3.47130991E-9	1.95312500E-1	0.00000000E+0	0.00000000E+0
1.92871094E-1	3.40146000E-9	3.40146000E-9	1.92871094E-1	0.00000000E+0	0.00000000E+0
1.90429687E-1	3.35590000E-9	3.35590000E-9	1.90429687E-1	0.00000000E+0	0.00000000E+0
1.87988281E-1	3.31034999E-9	3.31034999E-9	1.87988281E-1	0.00000000E+0	0.00000000E+0
1.85546875E-1	3.27087002E-9	3.27087002E-9	1.85546875E-1	0.00000000E+0	0.00000000E+0
1.83105469E-1	3.22531002E-9	3.22531002E-9	1.83105469E-1	0.00000000E+0	0.00000000E+0
1.80664062E-1	3.19265991E-9	3.19265991E-9	1.80664062E-1	0.00000000E+0	0.00000000E+0
1.78222656E-1	3.13988990E-9	3.13988990E-9	1.78222656E-1	0.00000000E+0	0.00000000E+0
1.75781250E-1	3.10687009E-9	3.10687009E-9	1.75781250E-1	0.00000000E+0	0.00000000E+0
1.73339844E-1	3.05220005E-9	3.05220005E-9	1.73339844E-1	0.00000000E+0	0.00000000E+0
1.70898437E-1	3.03093994E-9	3.03093994E-9	1.70898437E-1	0.00000000E+0	0.00000000E+0
1.68457031E-1	2.99753000E-9	2.99753000E-9	1.68457031E-1	0.00000000E+0	0.00000000E+0
1.66015625E-1	2.98006997E-9	2.98006997E-9	1.66015625E-1	0.00000000E+0	0.00000000E+0
1.63574219E-1	2.93147995E-9	2.93147995E-9	1.63574219E-1	0.00000000E+0	0.00000000E+0
1.61132812E-1	2.91780999E-9	2.91780999E-9	1.61132812E-1	0.00000000E+0	0.00000000E+0
1.58691406E-1	2.87529001E-9	2.87529001E-9	1.58691406E-1	0.00000000E+0	0.00000000E+0
1.56250000E-1	2.87909008E-9	2.87909008E-9	1.56250000E-1	0.00000000E+0	0.00000000E+0
1.53808594E-1	2.82518009E-9	2.82518009E-9	1.53808594E-1	0.00000000E+0	0.00000000E+0
1.51367187E-1	2.82062995E-9	2.82062995E-9	1.51367187E-1	0.00000000E+0	0.00000000E+0
1.48925781E-1	2.79216006E-9	2.79216006E-9	1.48925781E-1	0.00000000E+0	0.00000000E+0
1.46484375E-1	2.80088996E-9	2.80088996E-9	1.46484375E-1	0.00000000E+0	0.00000000E+0
1.44042969E-1	2.75571010E-9	2.75571010E-9	1.44042969E-1	0.00000000E+0	0.00000000E+0
1.41601562E-1	2.78418000E-9	2.78418000E-9	1.41601562E-1	0.00000000E+0	0.00000000E+0
1.39160156E-1	2.77506995E-9	2.77506995E-9	1.39160156E-1	0.00000000E+0	0.00000000E+0
1.36718750E-1	2.92389002E-9	2.92389002E-9	1.36718750E-1	0.00000000E+0	0.00000000E+0
1.34277344E-1	2.88934010E-9	2.88934010E-9	1.34277344E-1	0.00000000E+0	0.00000000E+0
1.31835937E-1	2.90946001E-9	2.90946001E-9	1.31835937E-1	0.00000000E+0	0.00000000E+0
1.29394531E-1	2.90225000E-9	2.90225000E-9	1.29394531E-1	0.00000000E+0	0.00000000E+0
1.26953125E-1	2.92578006E-9	2.92578006E-9	1.26953125E-1	0.00000000E+0	0.00000000E+0
1.24511719E-1	2.90946001E-9	2.90946001E-9	1.24511719E-1	0.00000000E+0	0.00000000E+0
1.22070312E-1	2.94210989E-9	2.94210989E-9	1.22070312E-1	0.00000000E+0	0.00000000E+0
1.19628906E-1	2.95197999E-9	2.95197999E-9	1.19628906E-1	0.00000000E+0	0.00000000E+0
1.17187500E-1	2.95728997E-9	2.95728997E-9	1.17187500E-1	0.00000000E+0	0.00000000E+0
1.14746094E-1	2.95197999E-9	2.95197999E-9	1.14746094E-1	0.00000000E+0	0.00000000E+0
1.12304687E-1	2.99069991E-9	2.99069991E-9	1.12304687E-1	0.00000000E+0	0.00000000E+0
1.09863281E-1	3.00361003E-9	3.00361003E-9	1.09863281E-1	0.00000000E+0	0.00000000E+0
1.07421875E-1	3.03587999E-9	3.03587999E-9	1.07421875E-1	0.00000000E+0	0.00000000E+0
1.04980469E-1	3.06131009E-9	3.06131009E-9	1.04980469E-1	0.00000000E+0	0.00000000E+0
1.02539062E-1	3.07801007E-9	3.07801007E-9	1.02539062E-1	0.00000000E+0	0.00000000E+0
1.00097656E-1	3.12229997E-9	3.12229997E-9	1.00097656E-1	0.00000000E+0	0.00000000E+0
9.76562500E-2	3.14431992E-9	3.14431992E-9	9.76562500E-2	0.00000000E+0	0.00000000E+0
9.52148438E-2	3.14431992E-9	3.14431992E-9	9.52148438E-2	0.00000000E+0	0.00000000E+0
9.27734375E-2	3.19265991E-9	3.19265991E-9	9.27734375E-2	0.00000000E+0	0.00000000E+0
9.03320313E-2	3.23328009E-9	3.23328009E-9	9.03320313E-2	0.00000000E+0	0.00000000E+0
8.78906250E-2	3.27694005E-9	3.27694005E-9	8.78906250E-2	0.00000000E+0	0.00000000E+0
8.54492188E-2	3.31034999E-9	3.31034999E-9	8.54492188E-2	0.00000000E+0	0.00000000E+0
8.30078125E-2	3.36007999E-9	3.36007999E-9	8.30078125E-2	0.00000000E+0	0.00000000E+0
8.05664063E-2	3.39955997E-9	3.39955997E-9	8.05664063E-2	0.00000000E+0	0.00000000E+0
7.81250000E-2	3.43866002E-9	3.43866002E-9	7.81250000E-2	0.00000000E+0	0.00000000E+0
7.56835938E-2	3.48269991E-9	3.48269991E-9	7.56835938E-2	0.00000000E+0	0.00000000E+0
7.32421875E-2	3.56013996E-9	3.56013996E-9	7.32421875E-2	0.00000000E+0	0.00000000E+0
7.08007813E-2	3.57987995E-9	3.57987995E-9	7.08007813E-2	0.00000000E+0	0.00000000E+0
6.83593750E-2	3.64517994E-9	3.64517994E-9	6.83593750E-2	0.00000000E+0	0.00000000E+0
6.59179688E-2	3.65124997E-9	3.65124997E-9	6.59179688E-2	0.00000000E+0	0.00000000E+0
6.34765625E-2	3.67555009E-9	3.67555009E-9	6.34765625E-2	0.00000000E+0	0.00000000E+0
6.10351563E-2	3.64517994E-9	3.64517994E-9	6.10351563E-2	0.00000000E+0	0.00000000E+0
5.85937500E-2	3.64138009E-9	3.64138009E-9	5.85937500E-2	0.00000000E+0	0.00000000E+0
5.61523438E-2	3.53659990E-9	3.53659990E-9	5.61523438E-2	0.00000000E+0	0.00000000E+0
5.37109375E-2	3.45081008E-9	3.45081008E-9	5.37109375E-2	0.00000000E+0	0.00000000E+0
5.12695313E-2	3.23746008E-9	3.23746008E-9	5.12695313E-2	0.00000000E+0	0.00000000E+0
4.88281250E-2	2.45543008E-9	2.45543008E-9	4.88281250E-2	0.00000000E+0	0.00000000E+0
4.63867188E-2	2.40608000E-9	2.40608000E-9	4.63867188E-2	0.00000000E+0	0.00000000E+0
4.39453125E-2	2.27395991E-9	2.27395991E-9	4.39453125E-2	0.00000000E+0	0.00000000E+0
4.15039063E-2	2.20891994E-9	2.20891994E-9	4.15039063E-2	0.00000000E+0	0.00000000E+0
3.90625000E-2	2.13047002E-9	2.13047002E-9	3.90625000E-2	0.00000000E+0	0.00000000E+0
3.66210938E-2	2.04972994E-9	2.04972994E-9	3.66210938E-2	0.00000000E+0	0.00000000E+0
3.41796875E-2	1.93912997E-9	1.93912997E-9	3.41796875E-2	0.00000000E+0	0.00000000E+0
3.17382813E-2	1.82221005E-9	1.82221005E-9	3.17382813E-2	0.00000000E+0	0.00000000E+0
2.92968750E-2	1.70351000E-9	1.70351000E-9	2.92968750E-2	0.00000000E+0	0.00000000E+0
2.68554688E-2	1.56457003E-9	1.56457003E-9	2.68554688E-2	0.00000000E+0	0.00000000E+0
2.44140625E-2	1.40556999E-9	1.40556999E-9	2.44140625E-2	0.00000000E+0	0.00000000E+0
2.19726563E-2	1.22025001E-9	1.22025001E-9	2.19726563E-2	0.00000000E+0	0.00000000E+0
1.95312500E-2	1.02678999E-9	1.02678999E-9	1.95312500E-2	0.00000000E+0	0.00000000E+0
1.70898438E-2	8.14504020E-10	8.14504020E-10	1.70898438E-2	0.00000000E+0	0.00000000E+0
1.46484375E-2	6.23134988E-10	6.23134988E-10	1.46484375E-2	0.00000000E+0	0.00000000E+0
1.22070313E-2	4.52298005E-10	4.52298005E-10	1.22070313E-2	0.00000000E+0	0.00000000E+0
9.76562500E-3	3.02220998E-10	3.02220998E-10	9.76562500E-3	0.00000000E+0	0.00000000E+0
7.32421875E-3	1.79150000E-10	1.79150000E-10	7.32421875E-3	0.00000000E+0	0.00000000E+0
4.88281250E-3	7.67619995E-11	7.67619995E-11	4.88281250E-3	0.00000000E+0	0.00000000E+0
2.44140625E-3	3.11030997E-12	3.11030997E-12	2.44140625E-3	0.00000000E+0	0.00000000E+0
0.00000000E+0	-6.92390034E-11	-6.92390034E-11	0.00000000E+0	0.00000000E+0	0.00000000E+0
-2.44140625E-3	-1.38432002E-10	-1.38432002E-10	-2.44140625E-3	0.00000000E+0	0.00000000E+0
-4.88281250E-3	-2.45991005E-10	-2.45991005E-10	-4.88281250E-3	0.00000000E+0	0.00000000E+0
-7.32421875E-3	-3.61976005E-10	-3.61976005E-10	-7.32421875E-3	0.00000000E+0	0.00000000E+0
-9.76562500E-3	-5.23927013E-10	-5.23927013E-10	-9.76562500E-3	0.00000000E+0	0.00000000E+0
-1.22070313E-2	-6.65844990E-10	-6.65844990E-10	-1.22070313E-2	0.00000000E+0	0.00000000E+0
-1.46484375E-2	-8.57558025E-10	-8.57558025E-10	-1.46484375E-2	0.00000000E+0	0.00000000E+0
-1.70898438E-2	-1.02570996E-9	-1.02570996E-9	-1.70898438E-2	0.00000000E+0	0.00000000E+0
-1.95312500E-2	-1.22967003E-9	-1.22967003E-9	-1.95312500E-2	0.00000000E+0	0.00000000E+0
-2.19726563E-2	-1.41562995E-9	-1.41562995E-9	-2.19726563E-2	0.00000000E+0	0.00000000E+0
-2.44140625E-2	-1.60657998E-9	-1.60657998E-9	-2.44140625E-2	0.00000000E+0	0.00000000E+0
-2.68554688E-2	-1.78779003E-9	-1.78779003E-9	-2.68554688E-2	0.00000000E+0	0.00000000E+0
-2.92968750E-2	-1.95608996E-9	-1.95608996E-9	-2.92968750E-2	0.00000000E+0	0.00000000E+0
-3.17382813E-2	-2.14754992E-9	-2.14754992E-9	-3.17382813E-2	0.00000000E+0	0.00000000E+0
-3.41796875E-2	-2.29724995E-9	-2.29724995E-9	-3.41796875E-2	0.00000000E+0	0.00000000E+0
-3.66210938E-2	-2.47327003E-9	-2.47327003E-9	-3.66210938E-2	0.00000000E+0	0.00000000E+0
-3.90625000E-2	-2.60804001E-9	-2.60804001E-9	-3.90625000E-2	0.00000000E+0	0.00000000E+0
-4.15039063E-2	-2.76899992E-9	-2.76899992E-9	-4.15039063E-2	0.00000000E+0	0.00000000E+0
-4.39453125E-2	-2.86314994E-9	-2.86314994E-9	-4.39453125E-2	0.00000000E+0	0.00000000E+0
-4.63867188E-2	-2.91477997E-9	-2.91477997E-9	-4.63867188E-2	0.00000000E+0	0.00000000E+0
-4.88281250E-2	-3.03018011E-9	-3.03018011E-9	-4.88281250E-2	0.00000000E+0	0.00000000E+0
-5.12695313E-2	-2.82593993E-9	-2.82593993E-9	-5.12695313E-2	0.00000000E+0	0.00000000E+0
-5.37109375E-2	-3.80841980E-9	-3.80841980E-9	-5.37109375E-2	0.00000000E+0	0.00000000E+0
-5.61523438E-2	-3.70021991E-9	-3.70021991E-9	-5.61523438E-2	0.00000000E+0	0.00000000E+0
-5.85937500E-2	-3.61935992E-9	-3.61935992E-9	-5.85937500E-2	0.00000000E+0	0.00000000E+0
-6.10351563E-2	-3.45953999E-9	-3.45953999E-9	-6.10351563E-2	0.00000000E+0	0.00000000E+0
-6.34765625E-2	-3.34584005E-9	-3.34584005E-9	-6.34765625E-2	0.00000000E+0	0.00000000E+0
-6.59179688E-2	-3.26327010E-9	-3.26327010E-9	-6.59179688E-2	0.00000000E+0	0.00000000E+0
-6.83593750E-2	-3.16609006E-9	-3.16609006E-9	-6.83593750E-2	0.00000000E+0	0.00000000E+0
-7.08007813E-2	-3.10687009E-9	-3.10687009E-9	-7.08007813E-2	0.00000000E+0	0.00000000E+0
-7.32421875E-2	-3.03018011E-9	-3.03018011E-9	-7.32421875E-2	0.00000000E+0	0.00000000E+0
-7.56835938E-2	-3.01803005E-9	-3.01803005E-9	-7.56835938E-2	0.00000000E+0	0.00000000E+0
-7.81250000E-2	-2.96488989E-9	-2.96488989E-9	-7.81250000E-2	0.00000000E+0	0.00000000E+0
-8.05664063E-2	-2.95956992E-9	-2.95956992E-9	-8.05664063E-2	0.00000000E+0	0.00000000E+0
-8.30078125E-2	-2.92312996E-9	-2.92312996E-9	-8.30078125E-2	0.00000000E+0	0.00000000E+0
-8.54492188E-2	-2.92806002E-9	-2.92806002E-9	-8.54492188E-2	0.00000000E+0	0.00000000E+0
-8.78906250E-2	-2.90262991E-9	-2.90262991E-9	-8.78906250E-2	0.00000000E+0	0.00000000E+0
-9.03320313E-2	-2.93527003E-9	-2.93527003E-9	-9.03320313E-2	0.00000000E+0	0.00000000E+0
-9.27734375E-2	-2.92085001E-9	-2.92085001E-9	-9.27734375E-2	0.00000000E+0	0.00000000E+0
-9.52148438E-2	-2.93300007E-9	-2.93300007E-9	-9.52148438E-2	0.00000000E+0	0.00000000E+0
-9.76562500E-2	-2.93414004E-9	-2.93414004E-9	-9.76562500E-2	0.00000000E+0	0.00000000E+0
-1.00097656E-1	-2.93717006E-9	-2.93717006E-9	-1.00097656E-1	0.00000000E+0	0.00000000E+0
-1.02539062E-1	-2.93300007E-9	-2.93300007E-9	-1.02539062E-1	0.00000000E+0	0.00000000E+0
-1.04980469E-1	-2.95728997E-9	-2.95728997E-9	-1.04980469E-1	0.00000000E+0	0.00000000E+0
-1.07421875E-1	-2.95842995E-9	-2.95842995E-9	-1.07421875E-1	0.00000000E+0	0.00000000E+0
-1.09863281E-1	-2.97552005E-9	-2.97552005E-9	-1.09863281E-1	0.00000000E+0	0.00000000E+0
-1.12304687E-1	-2.97702996E-9	-2.97702996E-9	-1.12304687E-1	0.00000000E+0	0.00000000E+0
-1.14746094E-1	-3.02031000E-9	-3.02031000E-9	-1.14746094E-1	0.00000000E+0	0.00000000E+0
-1.17187500E-1	-3.01500003E-9	-3.01500003E-9	-1.17187500E-1	0.00000000E+0	0.00000000E+0
-1.19628906E-1	-3.04650993E-9	-3.04650993E-9	-1.19628906E-1	0.00000000E+0	0.00000000E+0
-1.22070312E-1	-3.02031000E-9	-3.02031000E-9	-1.22070312E-1	0.00000000E+0	0.00000000E+0
-1.24511719E-1	-3.05865000E-9	-3.05865000E-9	-1.24511719E-1	0.00000000E+0	0.00000000E+0
-1.26953125E-1	-3.06663006E-9	-3.06663006E-9	-1.26953125E-1	0.00000000E+0	0.00000000E+0
-1.29394531E-1	-3.12204995E-9	-3.12204995E-9	-1.29394531E-1	0.00000000E+0	0.00000000E+0
-1.31835937E-1	-3.14311999E-9	-3.14311999E-9	-1.31835937E-1	0.00000000E+0	0.00000000E+0
-1.34277344E-1	-3.19114002E-9	-3.19114002E-9	-1.34277344E-1	0.00000000E+0	0.00000000E+0
-1.36718750E-1	-3.18506999E-9	-3.18506999E-9	-1.36718750E-1	0.00000000E+0	0.00000000E+0
-1.39160156E-1	-3.26706995E-9	-3.26706995E-9	-1.39160156E-1	0.00000000E+0	0.00000000E+0
-1.41601562E-1	-3.28605010E-9	-3.28605010E-9	-1.41601562E-1	0.00000000E+0	0.00000000E+0
-1.44042969E-1	-3.33312000E-9	-3.33312000E-9	-1.44042969E-1	0.00000000E+0	0.00000000E+0
-1.46484375E-1	-3.35285999E-9	-3.35285999E-9	-1.46484375E-1	0.00000000E+0	0.00000000E+0
-1.48925781E-1	-3.40904993E-9	-3.40904993E-9	-1.48925781E-1	0.00000000E+0	0.00000000E+0
-1.51367187E-1	-3.43409989E-9	-3.43409989E-9	-1.51367187E-1	0.00000000E+0	0.00000000E+0
-1.53808594E-1	-3.50092000E-9	-3.50092000E-9	-1.53808594E-1	0.00000000E+0	0.00000000E+0
-1.56250000E-1	-3.53509000E-9	-3.53509000E-9	-1.56250000E-1	0.00000000E+0	0.00000000E+0
-1.58691406E-1	-3.58975005E-9	-3.58975005E-9	-1.58691406E-1	0.00000000E+0	0.00000000E+0
-1.61132812E-1	-3.63531005E-9	-3.63531005E-9	-1.61132812E-1	0.00000000E+0	0.00000000E+0
-1.63574219E-1	-3.69814002E-9	-3.69814002E-9	-1.63574219E-1	0.00000000E+0	0.00000000E+0
-1.66015625E-1	-3.74464015E-9	-3.74464015E-9	-1.66015625E-1	0.00000000E+0	0.00000000E+0
-1.68457031E-1	-3.80385989E-9	-3.80385989E-9	-1.68457031E-1	0.00000000E+0	0.00000000E+0
-1.70898437E-1	-3.83879017E-9	-3.83879017E-9	-1.70898437E-1	0.00000000E+0	0.00000000E+0
-1.73339844E-1	-3.90559984E-9	-3.90559984E-9	-1.73339844E-1	0.00000000E+0	0.00000000E+0
-1.75781250E-1	-3.95912991E-9	-3.95912991E-9	-1.75781250E-1	0.00000000E+0	0.00000000E+0
-1.78222656E-1	-4.01569000E-9	-4.01569000E-9	-1.78222656E-1	0.00000000E+0	0.00000000E+0
-1.80664062E-1	-4.06125000E-9	-4.06125000E-9	-1.80664062E-1	0.00000000E+0	0.00000000E+0
-1.83105469E-1	-4.13414014E-9	-4.13414014E-9	-1.83105469E-1	0.00000000E+0	0.00000000E+0
-1.85546875E-1	-4.18576995E-9	-4.18576995E-9	-1.85546875E-1	0.00000000E+0	0.00000000E+0
-1.87988281E-1	-4.24650981E-9	-4.24650981E-9	-1.87988281E-1	0.00000000E+0	0.00000000E+0
-1.90429687E-1	-4.29130020E-9	-4.29130020E-9	-1.90429687E-1	0.00000000E+0	0.00000000E+0
-1.92871094E-1	-4.37101999E-9	-4.37101999E-9	-1.92871094E-1	0.00000000E+0	0.00000000E+0
-1.95312500E-1	-4.42569004E-9	-4.42569004E-9	-1.95312500E-1	0.00000000E+0	0.00000000E+0
-1.97753906E-1	-4.49858018E-9	-4.49858018E-9	-1.97753906E-1	0.00000000E+0	0.00000000E+0
-2.00195312E-1	-4.55779992E-9	-4.55779992E-9	-2.00195312E-1	0.00000000E+0	0.00000000E+0
-2.02636719E-1	-4.62005989E-9	-4.62005989E-9	-2.02636719E-1	0.00000000E+0	0.00000000E+0
-2.05078125E-1	-4.66789007E-9	-4.66789007E-9	-2.05078125E-1	0.00000000E+0	0.00000000E+0
-2.07519531E-1	-4.73318984E-9	-4.73318984E-9	-2.07519531E-1	0.00000000E+0	0.00000000E+0
-2.09960937E-1	-4.78177986E-9	-4.78177986E-9	-2.09960937E-1	0.00000000E+0	0.00000000E+0
-2.12402344E-1	-4.84480012E-9	-4.84480012E-9	-2.12402344E-1	0.00000000E+0	0.00000000E+0
-2.14843750E-1	-4.94882002E-9	-4.94882002E-9	-2.14843750E-1	0.00000000E+0	0.00000000E+0
-2.17285156E-1	-5.02777997E-9	-5.02777997E-9	-2.17285156E-1	0.00000000E+0	0.00000000E+0
-2.19726562E-1	-5.07333020E-9	-5.07333020E-9	-2.19726562E-1	0.00000000E+0	0.00000000E+0
-2.22167969E-1	-5.13596987E-9	-5.13596987E-9	-2.22167969E-1	0.00000000E+0	0.00000000E+0
-2.24609375E-1	-5.18038989E-9	-5.18038989E-9	-2.24609375E-1	0.00000000E+0	0.00000000E+0
-2.27050781E-1	-5.24644017E-9	-5.24644017E-9	-2.27050781E-1	0.00000000E+0	0.00000000E+0
-2.29492187E-1	-5.30490984E-9	-5.30490984E-9	-2.29492187E-1	0.00000000E+0	0.00000000E+0
-2.31933594E-1	-5.35957012E-9	-5.35957012E-9	-2.31933594E-1	0.00000000E+0	0.00000000E+0
-2.34375000E-1	-5.41424017E-9	-5.41424017E-9	-2.34375000E-1	0.00000000E+0	0.00000000E+0
-2.36816406E-1	-5.48712986E-9	-5.48712986E-9	-2.36816406E-1	0.00000000E+0	0.00000000E+0
-2.39257812E-1	-5.53040014E-9	-5.53040014E-9	-2.39257812E-1	0.00000000E+0	0.00000000E+0
-2.41699219E-1	-5.60253000E-9	-5.60253000E-9	-2.41699219E-1	0.00000000E+0	0.00000000E+0
-2.44140625E-1	-5.65415981E-9	-5.65415981E-9	-2.44140625E-1	0.00000000E+0	0.00000000E+0
-2.46582031E-1	-5.72780978E-9	-5.72780978E-9	-2.46582031E-1	0.00000000E+0	0.00000000E+0
-2.49023437E-1	-5.77488013E-9	-5.77488013E-9	-2.49023437E-1	0.00000000E+0	0.00000000E+0
-2.51464844E-1	-5.84170001E-9	-5.84170001E-9	-2.51464844E-1	0.00000000E+0	0.00000000E+0
-2.53906250E-1	-5.89104987E-9	-5.89104987E-9	-2.53906250E-1	0.00000000E+0	0.00000000E+0
-2.56347656E-1	-5.95179017E-9	-5.95179017E-9	-2.56347656E-1	0.00000000E+0	0.00000000E+0
-2.58789062E-1	-5.99202998E-9	-5.99202998E-9	-2.58789062E-1	0.00000000E+0	0.00000000E+0
-2.61230469E-1	-6.06112005E-9	-6.06112005E-9	-2.61230469E-1	0.00000000E+0	0.00000000E+0
-2.63671875E-1	-6.09529005E-9	-6.09529005E-9	-2.63671875E-1	0.00000000E+0	0.00000000E+0
-2.66113281E-1	-6.17046014E-9	-6.17046014E-9	-2.66113281E-1	0.00000000E+0	0.00000000E+0
-2.68554687E-1	-6.21525009E-9	-6.21525009E-9	-2.68554687E-1	0.00000000E+0	0.00000000E+0
-2.70996094E-1	-6.26726004E-9	-6.26726004E-9	-2.70996094E-1	0.00000000E+0	0.00000000E+0
-2.73437500E-1	-6.31623021E-9	-6.31623021E-9	-2.73437500E-1	0.00000000E+0	0.00000000E+0
-2.75878906E-1	-6.38228981E-9	-6.38228981E-9	-2.75878906E-1	0.00000000E+0	0.00000000E+0
-2.78320312E-1	-6.44757980E-9	-6.44757980E-9	-2.78320312E-1	0.00000000E+0	0.00000000E+0
-2.80761719E-1	-6.50679999E-9	-6.50679999E-9	-2.80761719E-1	0.00000000E+0	0.00000000E+0
-2.83203125E-1	-6.54021015E-9	-6.54021015E-9	-2.83203125E-1	0.00000000E+0	0.00000000E+0
-2.85644531E-1	-6.59488020E-9	-6.59488020E-9	-2.85644531E-1	0.00000000E+0	0.00000000E+0
-2.88085937E-1	-6.62676980E-9	-6.62676980E-9	-2.88085937E-1	0.00000000E+0	0.00000000E+0
-2.90527344E-1	-6.67270017E-9	-6.67270017E-9	-2.90527344E-1	0.00000000E+0	0.00000000E+0
-2.92968750E-1	-6.29042018E-9	-6.29042018E-9	-2.92968750E-1	0.00000000E+0	0.00000000E+0
-2.95410156E-1	-6.34129016E-9	-6.34129016E-9	-2.95410156E-1	0.00000000E+0	0.00000000E+0
-2.97851562E-1	-6.39064002E-9	-6.39064002E-9	-2.97851562E-1	0.00000000E+0	0.00000000E+0
-3.00292969E-1	-6.45668985E-9	-6.45668985E-9	-3.00292969E-1	0.00000000E+0	0.00000000E+0
-3.02734375E-1	-6.58425003E-9	-6.58425003E-9	-3.02734375E-1	0.00000000E+0	0.00000000E+0
-3.05175781E-1	-6.81658019E-9	-6.81658019E-9	-3.05175781E-1	0.00000000E+0	0.00000000E+0
-3.07617187E-1	-6.58425003E-9	-6.58425003E-9	-3.07617187E-1	0.00000000E+0	0.00000000E+0
-3.10058594E-1	-6.63131994E-9	-6.63131994E-9	-3.10058594E-1	0.00000000E+0	0.00000000E+0
-3.12500000E-1	-6.66396982E-9	-6.66396982E-9	-3.12500000E-1	0.00000000E+0	0.00000000E+0
-3.14941406E-1	-6.72471012E-9	-6.72471012E-9	-3.14941406E-1	0.00000000E+0	0.00000000E+0
-3.17382812E-1	-6.79759982E-9	-6.79759982E-9	-3.17382812E-1	0.00000000E+0	0.00000000E+0
-3.19824219E-1	-6.84164014E-9	-6.84164014E-9	-3.19824219E-1	0.00000000E+0	0.00000000E+0
-3.22265625E-1	-6.88909019E-9	-6.88909019E-9	-3.22265625E-1	0.00000000E+0	0.00000000E+0
-3.24707031E-1	-6.96614988E-9	-6.96614988E-9	-3.24707031E-1	0.00000000E+0	0.00000000E+0
-3.27148437E-1	-6.99197011E-9	-6.99197011E-9	-3.27148437E-1	0.00000000E+0	0.00000000E+0
-3.29589844E-1	-7.05043002E-9	-7.05043002E-9	-3.29589844E-1	0.00000000E+0	0.00000000E+0
-3.32031250E-1	-7.08990999E-9	-7.08990999E-9	-3.32031250E-1	0.00000000E+0	0.00000000E+0
-3.34472656E-1	-7.15406978E-9	-7.15406978E-9	-3.34472656E-1	0.00000000E+0	0.00000000E+0
-3.36914062E-1	-7.18633997E-9	-7.18633997E-9	-3.36914062E-1	0.00000000E+0	0.00000000E+0
-3.39355469E-1	-7.22998994E-9	-7.22998994E-9	-3.39355469E-1	0.00000000E+0	0.00000000E+0
-3.41796875E-1	-7.26682003E-9	-7.26682003E-9	-3.41796875E-1	0.00000000E+0	0.00000000E+0
-3.44238281E-1	-7.30782013E-9	-7.30782013E-9	-3.44238281E-1	0.00000000E+0	0.00000000E+0
-3.46679687E-1	-7.35261008E-9	-7.35261008E-9	-3.46679687E-1	0.00000000E+0	0.00000000E+0
-3.49121094E-1	-7.39437001E-9	-7.39437001E-9	-3.49121094E-1	0.00000000E+0	0.00000000E+0
-3.51562500E-1	-7.45548956E-9	-7.45548956E-9	-3.51562500E-1	0.00000000E+0	0.00000000E+0
-3.54003906E-1	-7.47485007E-9	-7.47485007E-9	-3.54003906E-1	0.00000000E+0	0.00000000E+0
-3.56445312E-1	-7.52345031E-9	-7.52345031E-9	-3.56445312E-1	0.00000000E+0	0.00000000E+0
-3.58886719E-1	-7.58266960E-9	-7.58266960E-9	-3.58886719E-1	0.00000000E+0	0.00000000E+0
-3.61328125E-1	-7.61987007E-9	-7.61987007E-9	-3.61328125E-1	0.00000000E+0	0.00000000E+0
-3.63769531E-1	-7.66163044E-9	-7.66163044E-9	-3.63769531E-1	0.00000000E+0	0.00000000E+0
-3.66210937E-1	-7.70060016E-9	-7.70060016E-9	-3.66210937E-1	0.00000000E+0	0.00000000E+0
-3.68652344E-1	-7.73566011E-9	-7.73566011E-9	-3.68652344E-1	0.00000000E+0	0.00000000E+0
-3.71093750E-1	-7.78805020E-9	-7.78805020E-9	-3.71093750E-1	0.00000000E+0	0.00000000E+0
-3.73535156E-1	-7.85068011E-9	-7.85068011E-9	-3.73535156E-1	0.00000000E+0	0.00000000E+0
-3.75976562E-1	-7.85219978E-9	-7.85219978E-9	-3.75976562E-1	0.00000000E+0	0.00000000E+0
-3.78417969E-1	-7.90686983E-9	-7.90686983E-9	-3.78417969E-1	0.00000000E+0	0.00000000E+0
-3.80859375E-1	-7.94597010E-9	-7.94597010E-9	-3.80859375E-1	0.00000000E+0	0.00000000E+0
-3.83300781E-1	-7.98544963E-9	-7.98544963E-9	-3.83300781E-1	0.00000000E+0	0.00000000E+0
-3.85742187E-1	-8.03138978E-9	-8.03138978E-9	-3.85742187E-1	0.00000000E+0	0.00000000E+0
-3.88183594E-1	-8.05910005E-9	-8.05910005E-9	-3.88183594E-1	0.00000000E+0	0.00000000E+0
-3.90625000E-1	-8.10199996E-9	-8.10199996E-9	-3.90625000E-1	0.00000000E+0	0.00000000E+0
-3.93066406E-1	-8.14273982E-9	-8.14273982E-9	-3.93066406E-1	0.00000000E+0	0.00000000E+0
-3.95507812E-1	-8.17146972E-9	-8.17146972E-9	-3.95507812E-1	0.00000000E+0	0.00000000E+0
-3.97949219E-1	-8.22917023E-9	-8.22917023E-9	-3.97949219E-1	0.00000000E+0	0.00000000E+0
-4.00390625E-1	-8.26219981E-9	-8.26219981E-9	-4.00390625E-1	0.00000000E+0	0.00000000E+0
-4.02832031E-1	-8.29180991E-9	-8.29180991E-9	-4.02832031E-1	0.00000000E+0	0.00000000E+0
-4.05273437E-1	-8.51312976E-9	-8.51312976E-9	-4.05273437E-1	0.00000000E+0	0.00000000E+0
-4.07714844E-1	-8.37000957E-9	-8.37000957E-9	-4.07714844E-1	0.00000000E+0	0.00000000E+0
-4.10156250E-1	-8.40304004E-9	-8.40304004E-9	-4.10156250E-1	0.00000000E+0	0.00000000E+0
-4.12597656E-1	-8.45884962E-9	-8.45884962E-9	-4.12597656E-1	0.00000000E+0	0.00000000E+0
-4.15039062E-1	-8.48111981E-9	-8.48111981E-9	-4.15039062E-1	0.00000000E+0	0.00000000E+0
-4.17480469E-1	-8.51731041E-9	-8.51731041E-9	-4.17480469E-1	0.00000000E+0	0.00000000E+0
-4.19921875E-1	-8.57311022E-9	-8.57311022E-9	-4.19921875E-1	0.00000000E+0	0.00000000E+0
-4.22363281E-1	-8.59210036E-9	-8.59210036E-9	-4.22363281E-1	0.00000000E+0	0.00000000E+0
-4.24804687E-1	-8.62550031E-9	-8.62550031E-9	-4.24804687E-1	0.00000000E+0	0.00000000E+0
-4.27246094E-1	-8.65018013E-9	-8.65018013E-9	-4.27246094E-1	0.00000000E+0	0.00000000E+0
-4.29687500E-1	-8.70825989E-9	-8.70825989E-9	-4.29687500E-1	0.00000000E+0	0.00000000E+0
-4.32128906E-1	-8.75115980E-9	-8.75115980E-9	-4.32128906E-1	0.00000000E+0	0.00000000E+0
-4.34570312E-1	-8.78759998E-9	-8.78759998E-9	-4.34570312E-1	0.00000000E+0	0.00000000E+0
-4.37011719E-1	-8.79975026E-9	-8.79975026E-9	-4.37011719E-1	0.00000000E+0	0.00000000E+0
-4.39453125E-1	-8.84708040E-9	-8.84708040E-9	-4.39453125E-1	0.00000000E+0	0.00000000E+0
-4.41894531E-1	-8.86618956E-9	-8.86618956E-9	-4.41894531E-1	0.00000000E+0	0.00000000E+0
-4.44335937E-1	-8.91478003E-9	-8.91478003E-9	-4.44335937E-1	0.00000000E+0	0.00000000E+0
-4.46777344E-1	-8.93465035E-9	-8.93465035E-9	-4.46777344E-1	0.00000000E+0	0.00000000E+0
-4.49218750E-1	-8.97285979E-9	-8.97285979E-9	-4.49218750E-1	0.00000000E+0	0.00000000E+0
-4.51660156E-1	-8.98539021E-9	-8.98539021E-9	-4.51660156E-1	0.00000000E+0	0.00000000E+0
-4.54101562E-1	-9.06130992E-9	-9.06130992E-9	-4.54101562E-1	0.00000000E+0	0.00000000E+0
-4.56542969E-1	-9.07384035E-9	-9.07384035E-9	-4.56542969E-1	0.00000000E+0	0.00000000E+0
-4.58984375E-1	-9.11940035E-9	-9.11940035E-9	-4.58984375E-1	0.00000000E+0	0.00000000E+0
-4.61425781E-1	-9.13116960E-9	-9.13116960E-9	-4.61425781E-1	0.00000000E+0	0.00000000E+0
-4.63867187E-1	-9.19102039E-9	-9.19102039E-9	-4.63867187E-1	0.00000000E+0	0.00000000E+0
-4.66308594E-1	-9.19102039E-9	-9.19102039E-9	-4.66308594E-1	0.00000000E+0	0.00000000E+0
-4.68750000E-1	-9.25377996E-9	-9.25377996E-9	-4.68750000E-1	0.00000000E+0	0.00000000E+0
-4.71191406E-1	-9.28238020E-9	-9.28238020E-9	-4.71191406E-1	0.00000000E+0	0.00000000E+0
-4.73632812E-1	-9.30768973E-9	-9.30768973E-9	-4.73632812E-1	0.00000000E+0	0.00000000E+0
-4.76074219E-1	-9.33427025E-9	-9.33427025E-9	-4.76074219E-1	0.00000000E+0	0.00000000E+0
-4.78515625E-1	-9.36108968E-9	-9.36108968E-9	-4.78515625E-1	0.00000000E+0	0.00000000E+0
-4.80957031E-1	-9.36108968E-9	-9.36108968E-9	-4.80957031E-1	0.00000000E+0	0.00000000E+0
-4.83398437E-1	-9.39349043E-9	-9.39349043E-9	-4.83398437E-1	0.00000000E+0	0.00000000E+0
-4.85839844E-1	-9.44131973E-9	-9.44131973E-9	-4.85839844E-1	0.00000000E+0	0.00000000E+0
-4.88281250E-1	-9.45651024E-9	-9.45651024E-9	-4.88281250E-1	0.00000000E+0	0.00000000E+0
-4.90722656E-1	-9.47965972E-9	-9.47965972E-9	-4.90722656E-1	0.00000000E+0	0.00000000E+0
-4.93164062E-1	-9.52003010E-9	-9.52003010E-9	-4.93164062E-1	0.00000000E+0	0.00000000E+0
-4.90722656E-1	-9.50662038E-9	-9.50662038E-9	-4.90722656E-1	0.00000000E+0	0.00000000E+0
-4.88281250E-1	-9.47965972E-9	-9.47965972E-9	-4.88281250E-1	0.00000000E+0	0.00000000E+0
-4.85839844E-1	-9.42563005E-9	-9.42563005E-9	-4.85839844E-1	0.00000000E+0	0.00000000E+0
-4.83398437E-1	-9.39349043E-9	-9.39349043E-9	-4.83398437E-1	0.00000000E+0	0.00000000E+0
-4.80957031E-1	-9.35286959E-9	-9.35286959E-9	-4.80957031E-1	0.00000000E+0	0.00000000E+0
-4.78515625E-1	-9.32022015E-9	-9.32022015E-9	-4.78515625E-1	0.00000000E+0	0.00000000E+0
-4.76074219E-1	-9.29591959E-9	-9.29591959E-9	-4.76074219E-1	0.00000000E+0	0.00000000E+0
-4.73632812E-1	-9.22910992E-9	-9.22910992E-9	-4.73632812E-1	0.00000000E+0	0.00000000E+0
-4.71191406E-1	-9.21050969E-9	-9.21050969E-9	-4.71191406E-1	0.00000000E+0	0.00000000E+0
-4.68750000E-1	-9.17141030E-9	-9.17141030E-9	-4.68750000E-1	0.00000000E+0	0.00000000E+0
-4.66308594E-1	-9.15849974E-9	-9.15849974E-9	-4.66308594E-1	0.00000000E+0	0.00000000E+0
-4.63867187E-1	-9.11940035E-9	-9.11940035E-9	-4.63867187E-1	0.00000000E+0	0.00000000E+0
-4.61425781E-1	-9.09547992E-9	-9.09547992E-9	-4.61425781E-1	0.00000000E+0	0.00000000E+0
-4.58984375E-1	-9.04802988E-9	-9.04802988E-9	-4.58984375E-1	0.00000000E+0	0.00000000E+0
-4.56542969E-1	-9.01766040E-9	-9.01766040E-9	-4.56542969E-1	0.00000000E+0	0.00000000E+0
-4.54101562E-1	-8.98539021E-9	-8.98539021E-9	-4.54101562E-1	0.00000000E+0	0.00000000E+0
-4.51660156E-1	-8.94249030E-9	-8.94249030E-9	-4.51660156E-1	0.00000000E+0	0.00000000E+0
-4.49218750E-1	-8.96033026E-9	-8.96033026E-9	-4.49218750E-1	0.00000000E+0	0.00000000E+0
-4.46777344E-1	-8.86618956E-9	-8.86618956E-9	-4.46777344E-1	0.00000000E+0	0.00000000E+0
-4.44335937E-1	-8.81189965E-9	-8.81189965E-9	-4.44335937E-1	0.00000000E+0	0.00000000E+0
-4.41894531E-1	-8.78759998E-9	-8.78759998E-9	-4.41894531E-1	0.00000000E+0	0.00000000E+0
-4.39453125E-1	-8.75115980E-9	-8.75115980E-9	-4.39453125E-1	0.00000000E+0	0.00000000E+0
-4.37011719E-1	-8.73255956E-9	-8.73255956E-9	-4.37011719E-1	0.00000000E+0	0.00000000E+0
-4.34570312E-1	-8.67598970E-9	-8.67598970E-9	-4.34570312E-1	0.00000000E+0	0.00000000E+0
-4.32128906E-1	-8.65802008E-9	-8.65802008E-9	-4.32128906E-1	0.00000000E+0	0.00000000E+0
-4.29687500E-1	-8.60892957E-9	-8.60892957E-9	-4.29687500E-1	0.00000000E+0	0.00000000E+0
-4.27246094E-1	-8.57995008E-9	-8.57995008E-9	-4.27246094E-1	0.00000000E+0	0.00000000E+0
-4.24804687E-1	-8.52148041E-9	-8.52148041E-9	-4.24804687E-1	0.00000000E+0	0.00000000E+0
-4.22363281E-1	-8.50705995E-9	-8.50705995E-9	-4.22363281E-1	0.00000000E+0	0.00000000E+0
-4.19921875E-1	-8.45099990E-9	-8.45099990E-9	-4.19921875E-1	0.00000000E+0	0.00000000E+0
-4.17480469E-1	-8.43378967E-9	-8.43378967E-9	-4.17480469E-1	0.00000000E+0	0.00000000E+0
-4.15039062E-1	-8.38215986E-9	-8.38215986E-9	-4.15039062E-1	0.00000000E+0	0.00000000E+0
-4.12597656E-1	-8.35976000E-9	-8.35976000E-9	-4.12597656E-1	0.00000000E+0	0.00000000E+0
-4.10156250E-1	-8.30396019E-9	-8.30396019E-9	-4.10156250E-1	0.00000000E+0	0.00000000E+0
-4.07714844E-1	-8.26941005E-9	-8.26941005E-9	-4.07714844E-1	0.00000000E+0	0.00000000E+0
-4.05273437E-1	-8.21133028E-9	-8.21133028E-9	-4.05273437E-1	0.00000000E+0	0.00000000E+0
-4.02832031E-1	-8.19462986E-9	-8.19462986E-9	-4.02832031E-1	0.00000000E+0	0.00000000E+0
-4.00390625E-1	-8.11870038E-9	-8.11870038E-9	-4.00390625E-1	0.00000000E+0	0.00000000E+0
-3.97949219E-1	-8.10199996E-9	-8.10199996E-9	-3.97949219E-1	0.00000000E+0	0.00000000E+0
-3.95507812E-1	-8.05910005E-9	-8.05910005E-9	-3.95507812E-1	0.00000000E+0	0.00000000E+0
-3.93066406E-1	-8.01467959E-9	-8.01467959E-9	-3.93066406E-1	0.00000000E+0	0.00000000E+0
-3.90625000E-1	-7.96760968E-9	-7.96760968E-9	-3.90625000E-1	0.00000000E+0	0.00000000E+0
-3.88183594E-1	-7.93686006E-9	-7.93686006E-9	-3.88183594E-1	0.00000000E+0	0.00000000E+0
-3.85742187E-1	-7.90154964E-9	-7.90154964E-9	-3.85742187E-1	0.00000000E+0	0.00000000E+0
-3.83300781E-1	-7.85903964E-9	-7.85903964E-9	-3.83300781E-1	0.00000000E+0	0.00000000E+0
-3.80859375E-1	-7.79754039E-9	-7.79754039E-9	-3.80859375E-1	0.00000000E+0	0.00000000E+0
-3.78417969E-1	-7.74743025E-9	-7.74743025E-9	-3.78417969E-1	0.00000000E+0	0.00000000E+0
-3.75976562E-1	-7.70832020E-9	-7.70832020E-9	-3.75976562E-1	0.00000000E+0	0.00000000E+0
-3.73535156E-1	-7.65669039E-9	-7.65669039E-9	-3.73535156E-1	0.00000000E+0	0.00000000E+0
-3.71093750E-1	-7.59822960E-9	-7.59822960E-9	-3.71093750E-1	0.00000000E+0	0.00000000E+0
-3.68652344E-1	-7.57127960E-9	-7.57127960E-9	-3.68652344E-1	0.00000000E+0	0.00000000E+0
-3.66210937E-1	-7.54395035E-9	-7.54395035E-9	-3.66210937E-1	0.00000000E+0	0.00000000E+0
-3.63769531E-1	-7.51357998E-9	-7.51357998E-9	-3.63769531E-1	0.00000000E+0	0.00000000E+0
-3.61328125E-1	-7.47106021E-9	-7.47106021E-9	-3.61328125E-1	0.00000000E+0	0.00000000E+0
-3.58886719E-1	-7.43006012E-9	-7.43006012E-9	-3.58886719E-1	0.00000000E+0	0.00000000E+0
-3.56445312E-1	-7.37159001E-9	-7.37159001E-9	-3.56445312E-1	0.00000000E+0	0.00000000E+0
-3.54003906E-1	-7.33705008E-9	-7.33705008E-9	-3.54003906E-1	0.00000000E+0	0.00000000E+0
-3.51562500E-1	-7.30288008E-9	-7.30288008E-9	-3.51562500E-1	0.00000000E+0	0.00000000E+0
-3.49121094E-1	-7.25543003E-9	-7.25543003E-9	-3.49121094E-1	0.00000000E+0	0.00000000E+0
-3.46679687E-1	-7.21898008E-9	-7.21898008E-9	-3.46679687E-1	0.00000000E+0	0.00000000E+0
-3.44238281E-1	-7.17570980E-9	-7.17570980E-9	-3.44238281E-1	0.00000000E+0	0.00000000E+0
-3.41796875E-1	-7.12027992E-9	-7.12027992E-9	-3.41796875E-1	0.00000000E+0	0.00000000E+0
-3.39355469E-1	-7.08384018E-9	-7.08384018E-9	-3.39355469E-1	0.00000000E+0	0.00000000E+0
-3.36914062E-1	-7.03220993E-9	-7.03220993E-9	-3.36914062E-1	0.00000000E+0	0.00000000E+0
-3.34472656E-1	-6.99197011E-9	-6.99197011E-9	-3.34472656E-1	0.00000000E+0	0.00000000E+0
-3.32031250E-1	-6.94375979E-9	-6.94375979E-9	-3.32031250E-1	0.00000000E+0	0.00000000E+0
-3.29589844E-1	-6.89819979E-9	-6.89819979E-9	-3.29589844E-1	0.00000000E+0	0.00000000E+0
-3.27148437E-1	-6.86137991E-9	-6.86137991E-9	-3.27148437E-1	0.00000000E+0	0.00000000E+0
-3.24707031E-1	-6.81658019E-9	-6.81658019E-9	-3.24707031E-1	0.00000000E+0	0.00000000E+0
-3.22265625E-1	-6.77481982E-9	-6.77481982E-9	-3.22265625E-1	0.00000000E+0	0.00000000E+0
-3.19824219E-1	-6.72471012E-9	-6.72471012E-9	-3.19824219E-1	0.00000000E+0	0.00000000E+0
-3.17382812E-1	-6.66396982E-9	-6.66396982E-9	-3.17382812E-1	0.00000000E+0	0.00000000E+0
-3.14941406E-1	-6.60703003E-9	-6.60703003E-9	-3.14941406E-1	0.00000000E+0	0.00000000E+0
-3.12500000E-1	-6.59069999E-9	-6.59069999E-9	-3.12500000E-1	0.00000000E+0	0.00000000E+0
-3.10058594E-1	-6.52957999E-9	-6.52957999E-9	-3.10058594E-1	0.00000000E+0	0.00000000E+0
-3.07617187E-1	-6.46239018E-9	-6.46239018E-9	-3.07617187E-1	0.00000000E+0	0.00000000E+0
-3.05175781E-1	-6.41872999E-9	-6.41872999E-9	-3.05175781E-1	0.00000000E+0	0.00000000E+0
-3.02734375E-1	-6.37772990E-9	-6.37772990E-9	-3.02734375E-1	0.00000000E+0	0.00000000E+0
-3.00292969E-1	-6.32382013E-9	-6.32382013E-9	-3.00292969E-1	0.00000000E+0	0.00000000E+0
-2.97851562E-1	-6.30863983E-9	-6.30863983E-9	-2.97851562E-1	0.00000000E+0	0.00000000E+0
-2.95410156E-1	-6.25017993E-9	-6.25017993E-9	-2.95410156E-1	0.00000000E+0	0.00000000E+0
-2.92968750E-1	-6.24106988E-9	-6.24106988E-9	-2.92968750E-1	0.00000000E+0	0.00000000E+0
-2.90527344E-1	-6.17046014E-9	-6.17046014E-9	-2.90527344E-1	0.00000000E+0	0.00000000E+0
-2.88085937E-1	-6.14616003E-9	-6.14616003E-9	-2.88085937E-1	0.00000000E+0	0.00000000E+0
-2.85644531E-1	-6.07897022E-9	-6.07897022E-9	-2.85644531E-1	0.00000000E+0	0.00000000E+0
-2.83203125E-1	-6.04517991E-9	-6.04517991E-9	-2.83203125E-1	0.00000000E+0	0.00000000E+0
-2.80761719E-1	-5.96924998E-9	-5.96924998E-9	-2.80761719E-1	0.00000000E+0	0.00000000E+0
-2.78320312E-1	-5.94648020E-9	-5.94648020E-9	-2.78320312E-1	0.00000000E+0	0.00000000E+0
-2.75878906E-1	-5.87511018E-9	-5.87511018E-9	-2.75878906E-1	0.00000000E+0	0.00000000E+0
-2.73437500E-1	-5.85233018E-9	-5.85233018E-9	-2.73437500E-1	0.00000000E+0	0.00000000E+0
-2.70996094E-1	-5.79880011E-9	-5.79880011E-9	-2.70996094E-1	0.00000000E+0	0.00000000E+0
-2.68554687E-1	-5.75021009E-9	-5.75021009E-9	-2.68554687E-1	0.00000000E+0	0.00000000E+0
-2.66113281E-1	-5.70048009E-9	-5.70048009E-9	-2.66113281E-1	0.00000000E+0	0.00000000E+0
-2.63671875E-1	-5.65415981E-9	-5.65415981E-9	-2.63671875E-1	0.00000000E+0	0.00000000E+0
-2.61230469E-1	-5.61544011E-9	-5.61544011E-9	-2.61230469E-1	0.00000000E+0	0.00000000E+0
-2.58789062E-1	-5.58013991E-9	-5.58013991E-9	-2.58789062E-1	0.00000000E+0	0.00000000E+0
-2.56347656E-1	-5.53724000E-9	-5.53724000E-9	-2.56347656E-1	0.00000000E+0	0.00000000E+0
-2.53906250E-1	-5.48256995E-9	-5.48256995E-9	-2.53906250E-1	0.00000000E+0	0.00000000E+0
-2.51464844E-1	-5.43075007E-9	-5.43075007E-9	-2.51464844E-1	0.00000000E+0	0.00000000E+0
-2.49023437E-1	-5.35957012E-9	-5.35957012E-9	-2.49023437E-1	0.00000000E+0	0.00000000E+0
-2.46582031E-1	-5.34135003E-9	-5.34135003E-9	-2.46582031E-1	0.00000000E+0	0.00000000E+0
-2.44140625E-1	-5.26845989E-9	-5.26845989E-9	-2.44140625E-1	0.00000000E+0	0.00000000E+0
-2.41699219E-1	-5.22594013E-9	-5.22594013E-9	-2.41699219E-1	0.00000000E+0	0.00000000E+0
-2.39257812E-1	-5.15306020E-9	-5.15306020E-9	-2.39257812E-1	0.00000000E+0	0.00000000E+0
-2.36816406E-1	-5.12268983E-9	-5.12268983E-9	-2.36816406E-1	0.00000000E+0	0.00000000E+0
-2.34375000E-1	-5.05131981E-9	-5.05131981E-9	-2.34375000E-1	0.00000000E+0	0.00000000E+0
-2.31933594E-1	-5.00955988E-9	-5.00955988E-9	-2.31933594E-1	0.00000000E+0	0.00000000E+0
-2.29492187E-1	-4.94577979E-9	-4.94577979E-9	-2.29492187E-1	0.00000000E+0	0.00000000E+0
-2.27050781E-1	-4.91009011E-9	-4.91009011E-9	-2.27050781E-1	0.00000000E+0	0.00000000E+0
-2.24609375E-1	-4.85163021E-9	-4.85163021E-9	-2.24609375E-1	0.00000000E+0	0.00000000E+0
-2.22167969E-1	-4.81519002E-9	-4.81519002E-9	-2.22167969E-1	0.00000000E+0	0.00000000E+0
-2.19726562E-1	-4.74760986E-9	-4.74760986E-9	-2.19726562E-1	0.00000000E+0	0.00000000E+0
-2.17285156E-1	-4.71117012E-9	-4.71117012E-9	-2.17285156E-1	0.00000000E+0	0.00000000E+0
-2.14843750E-1	-4.64739003E-9	-4.64739003E-9	-2.14843750E-1	0.00000000E+0	0.00000000E+0
-2.12402344E-1	-4.59576022E-9	-4.59576022E-9	-2.12402344E-1	0.00000000E+0	0.00000000E+0
-2.09960937E-1	-4.53881999E-9	-4.53881999E-9	-2.09960937E-1	0.00000000E+0	0.00000000E+0
-2.07519531E-1	-4.50161997E-9	-4.50161997E-9	-2.07519531E-1	0.00000000E+0	0.00000000E+0
-2.05078125E-1	-4.44088011E-9	-4.44088011E-9	-2.05078125E-1	0.00000000E+0	0.00000000E+0
-2.02636719E-1	-4.37405978E-9	-4.37405978E-9	-2.02636719E-1	0.00000000E+0	0.00000000E+0
-2.00195312E-1	-4.32167013E-9	-4.32167013E-9	-2.00195312E-1	0.00000000E+0	0.00000000E+0
-1.97753906E-1	-4.23588009E-9	-4.23588009E-9	-1.97753906E-1	0.00000000E+0	0.00000000E+0
-1.95312500E-1	-4.19412016E-9	-4.19412016E-9	-1.95312500E-1	0.00000000E+0	0.00000000E+0
-1.92871094E-1	-4.13414014E-9	-4.13414014E-9	-1.92871094E-1	0.00000000E+0	0.00000000E+0
-1.90429687E-1	-4.07870981E-9	-4.07870981E-9	-1.90429687E-1	0.00000000E+0	0.00000000E+0
-1.87988281E-1	-3.99671007E-9	-3.99671007E-9	-1.87988281E-1	0.00000000E+0	0.00000000E+0
-1.85546875E-1	-3.95115984E-9	-3.95115984E-9	-1.85546875E-1	0.00000000E+0	0.00000000E+0
-1.83105469E-1	-3.87827015E-9	-3.87827015E-9	-1.83105469E-1	0.00000000E+0	0.00000000E+0
-1.80664062E-1	-3.82968013E-9	-3.82968013E-9	-1.80664062E-1	0.00000000E+0	0.00000000E+0
-1.78222656E-1	-3.75678999E-9	-3.75678999E-9	-1.78222656E-1	0.00000000E+0	0.00000000E+0
-1.75781250E-1	-3.70515996E-9	-3.70515996E-9	-1.75781250E-1	0.00000000E+0	0.00000000E+0
-1.73339844E-1	-3.64138009E-9	-3.64138009E-9	-1.73339844E-1	0.00000000E+0	0.00000000E+0
-1.70898437E-1	-3.59733998E-9	-3.59733998E-9	-1.70898437E-1	0.00000000E+0	0.00000000E+0
-1.68457031E-1	-3.52293994E-9	-3.52293994E-9	-1.68457031E-1	0.00000000E+0	0.00000000E+0
-1.66015625E-1	-3.48648999E-9	-3.48648999E-9	-1.66015625E-1	0.00000000E+0	0.00000000E+0
-1.63574219E-1	-3.42878992E-9	-3.42878992E-9	-1.63574219E-1	0.00000000E+0	0.00000000E+0
-1.61132812E-1	-3.37526007E-9	-3.37526007E-9	-1.61132812E-1	0.00000000E+0	0.00000000E+0
-1.58691406E-1	-3.31565997E-9	-3.31565997E-9	-1.58691406E-1	0.00000000E+0	0.00000000E+0
-1.56250000E-1	-3.26706995E-9	-3.26706995E-9	-1.56250000E-1	0.00000000E+0	0.00000000E+0
-1.53808594E-1	-3.22758997E-9	-3.22758997E-9	-1.53808594E-1	0.00000000E+0	0.00000000E+0
-1.51367187E-1	-3.16609006E-9	-3.16609006E-9	-1.51367187E-1	0.00000000E+0	0.00000000E+0
-1.48925781E-1	-3.15470006E-9	-3.15470006E-9	-1.48925781E-1	0.00000000E+0	0.00000000E+0
-1.46484375E-1	-3.08713011E-9	-3.08713011E-9	-1.46484375E-1	0.00000000E+0	0.00000000E+0
-1.44042969E-1	-3.06359005E-9	-3.06359005E-9	-1.44042969E-1	0.00000000E+0	0.00000000E+0
-1.41601562E-1	-3.00284997E-9	-3.00284997E-9	-1.41601562E-1	0.00000000E+0	0.00000000E+0
-1.39160156E-1	-2.98463010E-9	-2.98463010E-9	-1.39160156E-1	0.00000000E+0	0.00000000E+0
-1.36718750E-1	-2.91477997E-9	-2.91477997E-9	-1.36718750E-1	0.00000000E+0	0.00000000E+0
-1.34277344E-1	-2.91629010E-9	-2.91629010E-9	-1.34277344E-1	0.00000000E+0	0.00000000E+0
-1.31835937E-1	-2.84567991E-9	-2.84567991E-9	-1.31835937E-1	0.00000000E+0	0.00000000E+0
-1.29394531E-1	-2.84720003E-9	-2.84720003E-9	-1.29394531E-1	0.00000000E+0	0.00000000E+0
-1.26953125E-1	-2.80012991E-9	-2.80012991E-9	-1.26953125E-1	0.00000000E+0	0.00000000E+0
-1.24511719E-1	-2.79861001E-9	-2.79861001E-9	-1.24511719E-1	0.00000000E+0	0.00000000E+0
-1.22070312E-1	-2.74317991E-9	-2.74317991E-9	-1.22070312E-1	0.00000000E+0	0.00000000E+0
-1.19628906E-1	-2.75078005E-9	-2.75078005E-9	-1.19628906E-1	0.00000000E+0	0.00000000E+0
-1.17187500E-1	-2.69155009E-9	-2.69155009E-9	-1.17187500E-1	0.00000000E+0	0.00000000E+0
-1.14746094E-1	-2.70066991E-9	-2.70066991E-9	-1.14746094E-1	0.00000000E+0	0.00000000E+0
-1.12304687E-1	-2.66649991E-9	-2.66649991E-9	-1.12304687E-1	0.00000000E+0	0.00000000E+0
-1.09863281E-1	-2.66878009E-9	-2.66878009E-9	-1.09863281E-1	0.00000000E+0	0.00000000E+0
-1.07421875E-1	-2.61258992E-9	-2.61258992E-9	-1.07421875E-1	0.00000000E+0	0.00000000E+0
-1.04980469E-1	-2.62930011E-9	-2.62930011E-9	-1.04980469E-1	0.00000000E+0	0.00000000E+0
-1.02539062E-1	-2.59588995E-9	-2.59588995E-9	-1.02539062E-1	0.00000000E+0	0.00000000E+0
-1.00097656E-1	-2.69155009E-9	-2.69155009E-9	-1.00097656E-1	0.00000000E+0	0.00000000E+0
-9.76562500E-2	-2.70218004E-9	-2.70218004E-9	-9.76562500E-2	0.00000000E+0	0.00000000E+0
-9.52148438E-2	-2.70445999E-9	-2.70445999E-9	-9.52148438E-2	0.00000000E+0	0.00000000E+0
-9.27734375E-2	-2.68395994E-9	-2.68395994E-9	-9.27734375E-2	0.00000000E+0	0.00000000E+0
-9.03320313E-2	-2.67029998E-9	-2.67029998E-9	-9.03320313E-2	0.00000000E+0	0.00000000E+0
-8.78906250E-2	-2.66878009E-9	-2.66878009E-9	-8.78906250E-2	0.00000000E+0	0.00000000E+0
-8.54492188E-2	-2.67029998E-9	-2.67029998E-9	-8.54492188E-2	0.00000000E+0	0.00000000E+0
-8.30078125E-2	-2.67788991E-9	-2.67788991E-9	-8.30078125E-2	0.00000000E+0	0.00000000E+0
-8.05664063E-2	-2.68395994E-9	-2.68395994E-9	-8.05664063E-2	0.00000000E+0	0.00000000E+0
-7.81250000E-2	-2.69003997E-9	-2.69003997E-9	-7.81250000E-2	0.00000000E+0	0.00000000E+0
-7.56835938E-2	-2.70826006E-9	-2.70826006E-9	-7.56835938E-2	0.00000000E+0	0.00000000E+0
-7.32421875E-2	-2.75584000E-9	-2.75584000E-9	-7.32421875E-2	0.00000000E+0	0.00000000E+0
-7.08007813E-2	-2.77052004E-9	-2.77052004E-9	-7.08007813E-2	0.00000000E+0	0.00000000E+0
-6.83593750E-2	-2.83278001E-9	-2.83278001E-9	-6.83593750E-2	0.00000000E+0	0.00000000E+0
-6.59179688E-2	-2.89655011E-9	-2.89655011E-9	-6.59179688E-2	0.00000000E+0	0.00000000E+0
-6.34765625E-2	-2.98765990E-9	-2.98765990E-9	-6.34765625E-2	0.00000000E+0	0.00000000E+0
-6.10351563E-2	-3.08484993E-9	-3.08484993E-9	-6.10351563E-2	0.00000000E+0	0.00000000E+0
-5.85937500E-2	-3.19569993E-9	-3.19569993E-9	-5.85937500E-2	0.00000000E+0	0.00000000E+0
-5.61523438E-2	-3.33463990E-9	-3.33463990E-9	-5.61523438E-2	0.00000000E+0	0.00000000E+0
-5.37109375E-2	-3.43942008E-9	-3.43942008E-9	-5.37109375E-2	0.00000000E+0	0.00000000E+0
-5.12695313E-2	-3.50622997E-9	-3.50622997E-9	-5.12695313E-2	0.00000000E+0	0.00000000E+0
-4.88281250E-2	-3.43789996E-9	-3.43789996E-9	-4.88281250E-2	0.00000000E+0	0.00000000E+0
-4.63867188E-2	-2.58830002E-9	-2.58830002E-9	-4.63867188E-2	0.00000000E+0	0.00000000E+0
-4.39453125E-2	-2.51945997E-9	-2.51945997E-9	-4.39453125E-2	0.00000000E+0	0.00000000E+0
-4.15039063E-2	-2.35747999E-9	-2.35747999E-9	-4.15039063E-2	0.00000000E+0	0.00000000E+0
-3.90625000E-2	-2.24536989E-9	-2.24536989E-9	-3.90625000E-2	0.00000000E+0	0.00000000E+0
-3.66210938E-2	-2.12465001E-9	-2.12465001E-9	-3.66210938E-2	0.00000000E+0	0.00000000E+0
-3.41796875E-2	-2.00556993E-9	-2.00556993E-9	-3.41796875E-2	0.00000000E+0	0.00000000E+0
-3.17382813E-2	-1.86625004E-9	-1.86625004E-9	-3.17382813E-2	0.00000000E+0	0.00000000E+0
-2.92968750E-2	-1.74121995E-9	-1.74121995E-9	-2.92968750E-2	0.00000000E+0	0.00000000E+0
-2.68554688E-2	-1.59771996E-9	-1.59771996E-9	-2.68554688E-2	0.00000000E+0	0.00000000E+0
-2.44140625E-2	-1.43195000E-9	-1.43195000E-9	-2.44140625E-2	0.00000000E+0	0.00000000E+0
-2.19726563E-2	-1.24768995E-9	-1.24768995E-9	-2.19726563E-2	0.00000000E+0	0.00000000E+0
-1.95312500E-2	-1.04464004E-9	-1.04464004E-9	-1.95312500E-2	0.00000000E+0	0.00000000E+0
-1.70898438E-2	-8.58515981E-10	-8.58515981E-10	-1.70898438E-2	0.00000000E+0	0.00000000E+0
-1.46484375E-2	-6.78197998E-10	-6.78197998E-10	-1.46484375E-2	0.00000000E+0	0.00000000E+0
-1.22070313E-2	-5.23122989E-10	-5.23122989E-10	-1.22070313E-2	0.00000000E+0	0.00000000E+0
-9.76562500E-3	-3.65218994E-10	-3.65218994E-10	-9.76562500E-3	0.00000000E+0	0.00000000E+0
-7.32421875E-3	-2.50779009E-10	-2.50779009E-10	-7.32421875E-3	0.00000000E+0	0.00000000E+0
-4.88281250E-3	-1.45402995E-10	-1.45402995E-10	-4.88281250E-3	0.00000000E+0	0.00000000E+0
-2.44140625E-3	-7.22037014E-11	-7.22037014E-11	-2.44140625E-3	0.00000000E+0	0.00000000E+0
0.00000000E+0	-2.72727002E-12	-2.72727002E-12	0.00000000E+0	0.00000000E+0	0.00000000E+0
