Date: do 28 mrt 2013, Material: Au, Temp: 4.2 K
AO1 - module gain: 1.0E+0, R_out: 0.0
AO2 - module gain: 1.0E+2
MUX1 - ADC gain: 4, logarithmic amplifier: D:\LabVIEW Data\Lithographic MCBJ\MED24_070412.TXT, R_in: 0.000
MUX2 - ADC gain: 4, linear amplifier: 1.000000 x 1e10 V/A, R_in: 1.000
Breaking trace: 15 0
Axis position: -881.398374
Vbias (V)	<I> and Ii MUX1 (A)	Vbias (V)	<I> and Ii MUX2 (A)
@
0.00000000E+0	-2.98310998E-9	-2.98310998E-9	0.00000000E+0	0.00000000E+0	0.00000000E+0
2.44140625E-3	1.12233998E-7	1.12233998E-7	2.44140625E-3	0.00000000E+0	0.00000000E+0
4.88281250E-3	3.26921992E-7	3.26921992E-7	4.88281250E-3	0.00000000E+0	0.00000000E+0
7.32421875E-3	5.35401000E-7	5.35401000E-7	7.32421875E-3	0.00000000E+0	0.00000000E+0
9.76562500E-3	7.50867002E-7	7.50867002E-7	9.76562500E-3	0.00000000E+0	0.00000000E+0
1.22070313E-2	9.59077965E-7	9.59077965E-7	1.22070313E-2	0.00000000E+0	0.00000000E+0
1.46484375E-2	1.17523996E-6	1.17523996E-6	1.46484375E-2	0.00000000E+0	0.00000000E+0
1.70898438E-2	1.38301004E-6	1.38301004E-6	1.70898438E-2	0.00000000E+0	0.00000000E+0
1.95312500E-2	1.60079003E-6	1.60079003E-6	1.95312500E-2	0.00000000E+0	0.00000000E+0
2.19726563E-2	1.80840004E-6	1.80840004E-6	2.19726563E-2	0.00000000E+0	0.00000000E+0
2.44140625E-2	2.02337992E-6	2.02337992E-6	2.44140625E-2	0.00000000E+0	0.00000000E+0
2.68554688E-2	2.23174993E-6	2.23174993E-6	2.68554688E-2	0.00000000E+0	0.00000000E+0
2.92968750E-2	2.44978992E-6	2.44978992E-6	2.92968750E-2	0.00000000E+0	0.00000000E+0
3.17382813E-2	2.65841004E-6	2.65841004E-6	3.17382813E-2	0.00000000E+0	0.00000000E+0
3.41796875E-2	2.87516991E-6	2.87516991E-6	3.41796875E-2	0.00000000E+0	0.00000000E+0
3.66210938E-2	3.08964991E-6	3.08964991E-6	3.66210938E-2	0.00000000E+0	0.00000000E+0
3.90625000E-2	3.31023011E-6	3.31023011E-6	3.90625000E-2	0.00000000E+0	0.00000000E+0
4.15039063E-2	3.51478002E-6	3.51478002E-6	4.15039063E-2	0.00000000E+0	0.00000000E+0
4.39453125E-2	3.73078001E-6	3.73078001E-6	4.39453125E-2	0.00000000E+0	0.00000000E+0
4.63867188E-2	3.94296012E-6	3.94296012E-6	4.63867188E-2	0.00000000E+0	0.00000000E+0
4.88281250E-2	4.15896011E-6	4.15896011E-6	4.88281250E-2	0.00000000E+0	0.00000000E+0
5.12695313E-2	4.36981009E-6	4.36981009E-6	5.12695313E-2	0.00000000E+0	0.00000000E+0
5.37109375E-2	4.58486011E-6	4.58486011E-6	5.37109375E-2	0.00000000E+0	0.00000000E+0
5.61523438E-2	4.79627988E-6	4.79627988E-6	5.61523438E-2	0.00000000E+0	0.00000000E+0
5.85937500E-2	5.01609020E-6	5.01609020E-6	5.85937500E-2	0.00000000E+0	0.00000000E+0
6.10351563E-2	5.22255004E-6	5.22255004E-6	6.10351563E-2	0.00000000E+0	0.00000000E+0
6.34765625E-2	5.43779015E-6	5.43779015E-6	6.34765625E-2	0.00000000E+0	0.00000000E+0
6.59179688E-2	5.64654010E-6	5.64654010E-6	6.59179688E-2	0.00000000E+0	0.00000000E+0
6.83593750E-2	5.86711985E-6	5.86711985E-6	6.83593750E-2	0.00000000E+0	0.00000000E+0
7.08007813E-2	6.08006985E-6	6.08006985E-6	7.08007813E-2	0.00000000E+0	0.00000000E+0
7.32421875E-2	6.29683018E-6	6.29683018E-6	7.32421875E-2	0.00000000E+0	0.00000000E+0
7.56835938E-2	6.50978018E-6	6.50978018E-6	7.56835938E-2	0.00000000E+0	0.00000000E+0
7.81250000E-2	6.72806982E-6	6.72806982E-6	7.81250000E-2	0.00000000E+0	0.00000000E+0
8.05664063E-2	6.93719994E-6	6.93719994E-6	8.05664063E-2	0.00000000E+0	0.00000000E+0
8.30078125E-2	7.15128999E-6	7.15128999E-6	8.30078125E-2	0.00000000E+0	0.00000000E+0
8.54492188E-2	7.36385982E-6	7.36385982E-6	8.54492188E-2	0.00000000E+0	0.00000000E+0
8.78906250E-2	7.57718999E-6	7.57718999E-6	8.78906250E-2	0.00000000E+0	0.00000000E+0
9.03320313E-2	7.78556023E-6	7.78556023E-6	9.03320313E-2	0.00000000E+0	0.00000000E+0
9.27734375E-2	8.00345970E-6	8.00345970E-6	9.27734375E-2	0.00000000E+0	0.00000000E+0
9.52148438E-2	8.21449976E-6	8.21449976E-6	9.52148438E-2	0.00000000E+0	0.00000000E+0
9.76562500E-2	8.43775979E-6	8.43775979E-6	9.76562500E-2	0.00000000E+0	0.00000000E+0
1.00097656E-1	8.64727008E-6	8.64727008E-6	1.00097656E-1	0.00000000E+0	0.00000000E+0
1.02539062E-1	8.85906957E-6	8.85906957E-6	1.02539062E-1	0.00000000E+0	0.00000000E+0
1.04980469E-1	9.07239973E-6	9.07239973E-6	1.04980469E-1	0.00000000E+0	0.00000000E+0
1.07421875E-1	9.29157977E-6	9.29157977E-6	1.07421875E-1	0.00000000E+0	0.00000000E+0
1.09863281E-1	9.50210961E-6	9.50210961E-6	1.09863281E-1	0.00000000E+0	0.00000000E+0
1.12304687E-1	9.71925965E-6	9.71925965E-6	1.12304687E-1	0.00000000E+0	0.00000000E+0
1.14746094E-1	9.93541016E-6	9.93541016E-6	1.14746094E-1	0.00000000E+0	0.00000000E+0
1.17187500E-1	1.01547002E-5	1.01547002E-5	1.17187500E-1	0.00000000E+0	0.00000000E+0
1.19628906E-1	1.03630000E-5	1.03630000E-5	1.19628906E-1	0.00000000E+0	0.00000000E+0
1.22070312E-1	1.05759000E-5	1.05759000E-5	1.22070312E-1	0.00000000E+0	0.00000000E+0
1.24511719E-1	1.07884998E-5	1.07884998E-5	1.24511719E-1	0.00000000E+0	0.00000000E+0
1.26953125E-1	1.10052997E-5	1.10052997E-5	1.26953125E-1	0.00000000E+0	0.00000000E+0
1.29394531E-1	1.12166999E-5	1.12166999E-5	1.29394531E-1	0.00000000E+0	0.00000000E+0
1.31835937E-1	1.14311997E-5	1.14311997E-5	1.31835937E-1	0.00000000E+0	0.00000000E+0
1.34277344E-1	1.16461997E-5	1.16461997E-5	1.34277344E-1	0.00000000E+0	0.00000000E+0
1.36718750E-1	1.18622002E-5	1.18622002E-5	1.36718750E-1	0.00000000E+0	0.00000000E+0
1.39160156E-1	1.20659997E-5	1.20659997E-5	1.39160156E-1	0.00000000E+0	0.00000000E+0
1.41601562E-1	1.22870997E-5	1.22870997E-5	1.41601562E-1	0.00000000E+0	0.00000000E+0
1.44042969E-1	1.25050001E-5	1.25050001E-5	1.44042969E-1	0.00000000E+0	0.00000000E+0
1.46484375E-1	1.27158000E-5	1.27158000E-5	1.46484375E-1	0.00000000E+0	0.00000000E+0
1.48925781E-1	1.29286000E-5	1.29286000E-5	1.48925781E-1	0.00000000E+0	0.00000000E+0
1.51367187E-1	1.31363004E-5	1.31363004E-5	1.51367187E-1	0.00000000E+0	0.00000000E+0
1.53808594E-1	1.33494004E-5	1.33494004E-5	1.53808594E-1	0.00000000E+0	0.00000000E+0
1.56250000E-1	1.35657001E-5	1.35657001E-5	1.56250000E-1	0.00000000E+0	0.00000000E+0
1.58691406E-1	1.37769002E-5	1.37769002E-5	1.58691406E-1	0.00000000E+0	0.00000000E+0
1.61132812E-1	1.39856002E-5	1.39856002E-5	1.61132812E-1	0.00000000E+0	0.00000000E+0
1.63574219E-1	1.41968003E-5	1.41968003E-5	1.63574219E-1	0.00000000E+0	0.00000000E+0
1.66015625E-1	1.44182004E-5	1.44182004E-5	1.66015625E-1	0.00000000E+0	0.00000000E+0
1.68457031E-1	1.46230004E-5	1.46230004E-5	1.68457031E-1	0.00000000E+0	0.00000000E+0
1.70898437E-1	1.48559002E-5	1.48559002E-5	1.70898437E-1	0.00000000E+0	0.00000000E+0
1.73339844E-1	1.50543001E-5	1.50543001E-5	1.73339844E-1	0.00000000E+0	0.00000000E+0
1.75781250E-1	1.52757002E-5	1.52757002E-5	1.75781250E-1	0.00000000E+0	0.00000000E+0
1.78222656E-1	1.54895006E-5	1.54895006E-5	1.78222656E-1	0.00000000E+0	0.00000000E+0
1.80664062E-1	1.56993992E-5	1.56993992E-5	1.80664062E-1	0.00000000E+0	0.00000000E+0
1.83105469E-1	1.59169995E-5	1.59169995E-5	1.83105469E-1	0.00000000E+0	0.00000000E+0
1.85546875E-1	1.61383996E-5	1.61383996E-5	1.85546875E-1	0.00000000E+0	0.00000000E+0
1.87988281E-1	1.63420009E-5	1.63420009E-5	1.87988281E-1	0.00000000E+0	0.00000000E+0
1.90429687E-1	1.65532001E-5	1.65532001E-5	1.90429687E-1	0.00000000E+0	0.00000000E+0
1.92871094E-1	1.67720009E-5	1.67720009E-5	1.92871094E-1	0.00000000E+0	0.00000000E+0
1.95312500E-1	1.69933992E-5	1.69933992E-5	1.95312500E-1	0.00000000E+0	0.00000000E+0
1.97753906E-1	1.71881002E-5	1.71881002E-5	1.97753906E-1	0.00000000E+0	0.00000000E+0
2.00195312E-1	1.74095003E-5	1.74095003E-5	2.00195312E-1	0.00000000E+0	0.00000000E+0
2.02636719E-1	1.76156009E-5	1.76156009E-5	2.02636719E-1	0.00000000E+0	0.00000000E+0
2.05078125E-1	1.78408009E-5	1.78408009E-5	2.05078125E-1	0.00000000E+0	0.00000000E+0
2.07519531E-1	1.80544994E-5	1.80544994E-5	2.07519531E-1	0.00000000E+0	0.00000000E+0
2.09960937E-1	1.82581007E-5	1.82581007E-5	2.09960937E-1	0.00000000E+0	0.00000000E+0
2.12402344E-1	1.84820001E-5	1.84820001E-5	2.12402344E-1	0.00000000E+0	0.00000000E+0
2.14843750E-1	1.86958005E-5	1.86958005E-5	2.14843750E-1	0.00000000E+0	0.00000000E+0
2.17285156E-1	1.88980994E-5	1.88980994E-5	2.17285156E-1	0.00000000E+0	0.00000000E+0
2.19726562E-1	1.91117997E-5	1.91117997E-5	2.19726562E-1	0.00000000E+0	0.00000000E+0
2.22167969E-1	1.93242995E-5	1.93242995E-5	2.22167969E-1	0.00000000E+0	0.00000000E+0
2.24609375E-1	1.95329994E-5	1.95329994E-5	2.24609375E-1	0.00000000E+0	0.00000000E+0
2.27050781E-1	1.97531008E-5	1.97531008E-5	2.27050781E-1	0.00000000E+0	0.00000000E+0
2.29492187E-1	1.99668993E-5	1.99668993E-5	2.29492187E-1	0.00000000E+0	0.00000000E+0
2.31933594E-1	2.01615003E-5	2.01615003E-5	2.31933594E-1	0.00000000E+0	0.00000000E+0
2.34375000E-1	2.03981999E-5	2.03981999E-5	2.34375000E-1	0.00000000E+0	0.00000000E+0
2.36816406E-1	2.05967008E-5	2.05967008E-5	2.36816406E-1	0.00000000E+0	0.00000000E+0
2.39257812E-1	2.08027996E-5	2.08027996E-5	2.39257812E-1	0.00000000E+0	0.00000000E+0
2.41699219E-1	2.10064009E-5	2.10064009E-5	2.41699219E-1	0.00000000E+0	0.00000000E+0
2.44140625E-1	2.12188006E-5	2.12188006E-5	2.44140625E-1	0.00000000E+0	0.00000000E+0
2.46582031E-1	2.14287993E-5	2.14287993E-5	2.46582031E-1	0.00000000E+0	0.00000000E+0
2.49023437E-1	2.16424996E-5	2.16424996E-5	2.49023437E-1	0.00000000E+0	0.00000000E+0
2.51464844E-1	2.18715995E-5	2.18715995E-5	2.51464844E-1	0.00000000E+0	0.00000000E+0
2.53906250E-1	2.20624006E-5	2.20624006E-5	2.53906250E-1	0.00000000E+0	0.00000000E+0
2.56347656E-1	2.22761992E-5	2.22761992E-5	2.56347656E-1	0.00000000E+0	0.00000000E+0
2.58789062E-1	2.24822998E-5	2.24822998E-5	2.58789062E-1	0.00000000E+0	0.00000000E+0
2.61230469E-1	2.26960001E-5	2.26960001E-5	2.61230469E-1	0.00000000E+0	0.00000000E+0
2.63671875E-1	2.29174002E-5	2.29174002E-5	2.63671875E-1	0.00000000E+0	0.00000000E+0
2.66113281E-1	2.31120994E-5	2.31120994E-5	2.66113281E-1	0.00000000E+0	0.00000000E+0
2.68554687E-1	2.33448991E-5	2.33448991E-5	2.68554687E-1	0.00000000E+0	0.00000000E+0
2.70996094E-1	2.35586995E-5	2.35586995E-5	2.70996094E-1	0.00000000E+0	0.00000000E+0
2.73437500E-1	2.37800996E-5	2.37800996E-5	2.73437500E-1	0.00000000E+0	0.00000000E+0
2.75878906E-1	2.39786004E-5	2.39786004E-5	2.75878906E-1	0.00000000E+0	0.00000000E+0
2.78320312E-1	2.41999005E-5	2.41999005E-5	2.78320312E-1	0.00000000E+0	0.00000000E+0
2.80761719E-1	2.44060993E-5	2.44060993E-5	2.80761719E-1	0.00000000E+0	0.00000000E+0
2.83203125E-1	2.46389009E-5	2.46389009E-5	2.83203125E-1	0.00000000E+0	0.00000000E+0
2.85644531E-1	2.48832002E-5	2.48832002E-5	2.85644531E-1	0.00000000E+0	0.00000000E+0
2.88085937E-1	2.50969006E-5	2.50969006E-5	2.88085937E-1	0.00000000E+0	0.00000000E+0
2.90527344E-1	2.53411999E-5	2.53411999E-5	2.90527344E-1	0.00000000E+0	0.00000000E+0
2.92968750E-1	2.55663999E-5	2.55663999E-5	2.92968750E-1	0.00000000E+0	0.00000000E+0
2.95410156E-1	2.58209002E-5	2.58209002E-5	2.95410156E-1	0.00000000E+0	0.00000000E+0
2.97851562E-1	2.60092002E-5	2.60092002E-5	2.97851562E-1	0.00000000E+0	0.00000000E+0
3.00292969E-1	2.62764006E-5	2.62764006E-5	3.00292969E-1	0.00000000E+0	0.00000000E+0
3.02734375E-1	2.64824994E-5	2.64824994E-5	3.02734375E-1	0.00000000E+0	0.00000000E+0
3.05175781E-1	2.67038995E-5	2.67038995E-5	3.05175781E-1	0.00000000E+0	0.00000000E+0
3.07617187E-1	2.69176999E-5	2.69176999E-5	3.07617187E-1	0.00000000E+0	0.00000000E+0
3.10058594E-1	2.71391000E-5	2.71391000E-5	3.10058594E-1	0.00000000E+0	0.00000000E+0
3.12500000E-1	2.73832993E-5	2.73832993E-5	3.12500000E-1	0.00000000E+0	0.00000000E+0
3.14941406E-1	2.75895000E-5	2.75895000E-5	3.14941406E-1	0.00000000E+0	0.00000000E+0
3.17382812E-1	2.78032003E-5	2.78032003E-5	3.17382812E-1	0.00000000E+0	0.00000000E+0
3.19824219E-1	2.80322001E-5	2.80322001E-5	3.19824219E-1	0.00000000E+0	0.00000000E+0
3.22265625E-1	2.82422006E-5	2.82422006E-5	3.22265625E-1	0.00000000E+0	0.00000000E+0
3.24707031E-1	2.84597008E-5	2.84597008E-5	3.24707031E-1	0.00000000E+0	0.00000000E+0
3.27148437E-1	2.86888007E-5	2.86888007E-5	3.27148437E-1	0.00000000E+0	0.00000000E+0
3.29589844E-1	2.89102009E-5	2.89102009E-5	3.29589844E-1	0.00000000E+0	0.00000000E+0
3.32031250E-1	2.91238994E-5	2.91238994E-5	3.32031250E-1	0.00000000E+0	0.00000000E+0
3.34472656E-1	2.93376997E-5	2.93376997E-5	3.34472656E-1	0.00000000E+0	0.00000000E+0
3.36914062E-1	2.95438003E-5	2.95438003E-5	3.36914062E-1	0.00000000E+0	0.00000000E+0
3.39355469E-1	2.97575007E-5	2.97575007E-5	3.39355469E-1	0.00000000E+0	0.00000000E+0
3.41796875E-1	2.99904004E-5	2.99904004E-5	3.41796875E-1	0.00000000E+0	0.00000000E+0
3.44238281E-1	3.01926993E-5	3.01926993E-5	3.44238281E-1	0.00000000E+0	0.00000000E+0
3.46679687E-1	3.04293008E-5	3.04293008E-5	3.46679687E-1	0.00000000E+0	0.00000000E+0
3.49121094E-1	3.06278016E-5	3.06278016E-5	3.49121094E-1	0.00000000E+0	0.00000000E+0
3.51562500E-1	3.08529998E-5	3.08529998E-5	3.51562500E-1	0.00000000E+0	0.00000000E+0
3.54003906E-1	3.10553005E-5	3.10553005E-5	3.54003906E-1	0.00000000E+0	0.00000000E+0
3.56445312E-1	3.12613993E-5	3.12613993E-5	3.56445312E-1	0.00000000E+0	0.00000000E+0
3.58886719E-1	3.15057005E-5	3.15057005E-5	3.58886719E-1	0.00000000E+0	0.00000000E+0
3.61328125E-1	3.17195008E-5	3.17195008E-5	3.61328125E-1	0.00000000E+0	0.00000000E+0
3.63769531E-1	3.19331994E-5	3.19331994E-5	3.63769531E-1	0.00000000E+0	0.00000000E+0
3.66210937E-1	3.21545995E-5	3.21545995E-5	3.66210937E-1	0.00000000E+0	0.00000000E+0
3.68652344E-1	3.23606982E-5	3.23606982E-5	3.68652344E-1	0.00000000E+0	0.00000000E+0
3.71093750E-1	3.25820984E-5	3.25820984E-5	3.71093750E-1	0.00000000E+0	0.00000000E+0
3.73535156E-1	3.28073002E-5	3.28073002E-5	3.73535156E-1	0.00000000E+0	0.00000000E+0
3.75976562E-1	3.30211005E-5	3.30211005E-5	3.75976562E-1	0.00000000E+0	0.00000000E+0
3.78417969E-1	3.32462987E-5	3.32462987E-5	3.78417969E-1	0.00000000E+0	0.00000000E+0
3.80859375E-1	3.34524011E-5	3.34524011E-5	3.80859375E-1	0.00000000E+0	0.00000000E+0
3.83300781E-1	3.36738012E-5	3.36738012E-5	3.83300781E-1	0.00000000E+0	0.00000000E+0
3.85742187E-1	3.38989994E-5	3.38989994E-5	3.85742187E-1	0.00000000E+0	0.00000000E+0
3.88183594E-1	3.41242012E-5	3.41242012E-5	3.88183594E-1	0.00000000E+0	0.00000000E+0
3.90625000E-1	3.43456013E-5	3.43456013E-5	3.90625000E-1	0.00000000E+0	0.00000000E+0
3.93066406E-1	3.45363987E-5	3.45363987E-5	3.93066406E-1	0.00000000E+0	0.00000000E+0
3.95507812E-1	3.47731002E-5	3.47731002E-5	3.95507812E-1	0.00000000E+0	0.00000000E+0
3.97949219E-1	3.49869006E-5	3.49869006E-5	3.97949219E-1	0.00000000E+0	0.00000000E+0
4.00390625E-1	3.52196985E-5	3.52196985E-5	4.00390625E-1	0.00000000E+0	0.00000000E+0
4.02832031E-1	3.54143995E-5	3.54143995E-5	4.02832031E-1	0.00000000E+0	0.00000000E+0
4.05273437E-1	3.56281016E-5	3.56281016E-5	4.05273437E-1	0.00000000E+0	0.00000000E+0
4.07714844E-1	3.58610014E-5	3.58610014E-5	4.07714844E-1	0.00000000E+0	0.00000000E+0
4.10156250E-1	3.60861995E-5	3.60861995E-5	4.10156250E-1	0.00000000E+0	0.00000000E+0
4.12597656E-1	3.62999017E-5	3.62999017E-5	4.12597656E-1	0.00000000E+0	0.00000000E+0
4.15039062E-1	3.65136984E-5	3.65136984E-5	4.15039062E-1	0.00000000E+0	0.00000000E+0
4.17480469E-1	3.66968998E-5	3.66968998E-5	4.17480469E-1	0.00000000E+0	0.00000000E+0
4.19921875E-1	3.69412010E-5	3.69412010E-5	4.19921875E-1	0.00000000E+0	0.00000000E+0
4.22363281E-1	3.71626011E-5	3.71626011E-5	4.22363281E-1	0.00000000E+0	0.00000000E+0
4.24804687E-1	3.73686999E-5	3.73686999E-5	4.24804687E-1	0.00000000E+0	0.00000000E+0
4.27246094E-1	3.75823984E-5	3.75823984E-5	4.27246094E-1	0.00000000E+0	0.00000000E+0
4.29687500E-1	3.78153018E-5	3.78153018E-5	4.29687500E-1	0.00000000E+0	0.00000000E+0
4.32128906E-1	3.80175989E-5	3.80175989E-5	4.32128906E-1	0.00000000E+0	0.00000000E+0
4.34570312E-1	3.82237013E-5	3.82237013E-5	4.34570312E-1	0.00000000E+0	0.00000000E+0
4.37011719E-1	3.84564992E-5	3.84564992E-5	4.37011719E-1	0.00000000E+0	0.00000000E+0
4.39453125E-1	3.86702995E-5	3.86702995E-5	4.39453125E-1	0.00000000E+0	0.00000000E+0
4.41894531E-1	3.89031011E-5	3.89031011E-5	4.41894531E-1	0.00000000E+0	0.00000000E+0
4.44335937E-1	3.91169015E-5	3.91169015E-5	4.44335937E-1	0.00000000E+0	0.00000000E+0
4.46777344E-1	3.93306000E-5	3.93306000E-5	4.46777344E-1	0.00000000E+0	0.00000000E+0
4.49218750E-1	3.95444004E-5	3.95444004E-5	4.49218750E-1	0.00000000E+0	0.00000000E+0
4.51660156E-1	3.97504991E-5	3.97504991E-5	4.51660156E-1	0.00000000E+0	0.00000000E+0
4.54101562E-1	3.99718992E-5	3.99718992E-5	4.54101562E-1	0.00000000E+0	0.00000000E+0
4.56542969E-1	4.01780017E-5	4.01780017E-5	4.56542969E-1	0.00000000E+0	0.00000000E+0
4.58984375E-1	4.03994018E-5	4.03994018E-5	4.58984375E-1	0.00000000E+0	0.00000000E+0
4.61425781E-1	4.06055005E-5	4.06055005E-5	4.61425781E-1	0.00000000E+0	0.00000000E+0
4.63867187E-1	4.08574015E-5	4.08574015E-5	4.63867187E-1	0.00000000E+0	0.00000000E+0
4.66308594E-1	4.10940993E-5	4.10940993E-5	4.66308594E-1	0.00000000E+0	0.00000000E+0
4.68750000E-1	4.13002017E-5	4.13002017E-5	4.68750000E-1	0.00000000E+0	0.00000000E+0
4.71191406E-1	4.15216018E-5	4.15216018E-5	4.71191406E-1	0.00000000E+0	0.00000000E+0
4.73632812E-1	4.17429983E-5	4.17429983E-5	4.73632812E-1	0.00000000E+0	0.00000000E+0
4.76074219E-1	4.19700991E-5	4.19700991E-5	4.76074219E-1	0.00000000E+0	0.00000000E+0
4.78515625E-1	4.21933983E-5	4.21933983E-5	4.78515625E-1	0.00000000E+0	0.00000000E+0
4.80957031E-1	4.23843012E-5	4.23843012E-5	4.80957031E-1	0.00000000E+0	0.00000000E+0
4.83398437E-1	4.26170991E-5	4.26170991E-5	4.83398437E-1	0.00000000E+0	0.00000000E+0
4.85839844E-1	4.28441999E-5	4.28441999E-5	4.85839844E-1	0.00000000E+0	0.00000000E+0
4.88281250E-1	4.30637010E-5	4.30637010E-5	4.88281250E-1	0.00000000E+0	0.00000000E+0
4.90722656E-1	4.33079986E-5	4.33079986E-5	4.90722656E-1	0.00000000E+0	0.00000000E+0
4.93164062E-1	4.35217007E-5	4.35217007E-5	4.93164062E-1	0.00000000E+0	0.00000000E+0
4.90722656E-1	4.33079986E-5	4.33079986E-5	4.90722656E-1	0.00000000E+0	0.00000000E+0
4.88281250E-1	4.30637010E-5	4.30637010E-5	4.88281250E-1	0.00000000E+0	0.00000000E+0
4.85839844E-1	4.28441999E-5	4.28441999E-5	4.85839844E-1	0.00000000E+0	0.00000000E+0
4.83398437E-1	4.26170991E-5	4.26170991E-5	4.83398437E-1	0.00000000E+0	0.00000000E+0
4.80957031E-1	4.23843012E-5	4.23843012E-5	4.80957031E-1	0.00000000E+0	0.00000000E+0
4.78515625E-1	4.21933983E-5	4.21933983E-5	4.78515625E-1	0.00000000E+0	0.00000000E+0
4.76074219E-1	4.19376993E-5	4.19376993E-5	4.76074219E-1	0.00000000E+0	0.00000000E+0
4.73632812E-1	4.17429983E-5	4.17429983E-5	4.73632812E-1	0.00000000E+0	0.00000000E+0
4.71191406E-1	4.15216018E-5	4.15216018E-5	4.71191406E-1	0.00000000E+0	0.00000000E+0
4.68750000E-1	4.13002017E-5	4.13002017E-5	4.68750000E-1	0.00000000E+0	0.00000000E+0
4.66308594E-1	4.10711982E-5	4.10711982E-5	4.66308594E-1	0.00000000E+0	0.00000000E+0
4.63867187E-1	4.08421984E-5	4.08421984E-5	4.63867187E-1	0.00000000E+0	0.00000000E+0
4.61425781E-1	4.06055005E-5	4.06055005E-5	4.61425781E-1	0.00000000E+0	0.00000000E+0
4.58984375E-1	4.03994018E-5	4.03994018E-5	4.58984375E-1	0.00000000E+0	0.00000000E+0
4.56542969E-1	4.01551006E-5	4.01551006E-5	4.56542969E-1	0.00000000E+0	0.00000000E+0
4.54101562E-1	3.99718992E-5	3.99718992E-5	4.54101562E-1	0.00000000E+0	0.00000000E+0
4.51660156E-1	3.97504991E-5	3.97504991E-5	4.51660156E-1	0.00000000E+0	0.00000000E+0
4.49218750E-1	3.95253010E-5	3.95253010E-5	4.49218750E-1	0.00000000E+0	0.00000000E+0
4.46777344E-1	3.93306000E-5	3.93306000E-5	4.46777344E-1	0.00000000E+0	0.00000000E+0
4.44335937E-1	3.91169015E-5	3.91169015E-5	4.44335937E-1	0.00000000E+0	0.00000000E+0
4.41894531E-1	3.89031011E-5	3.89031011E-5	4.41894531E-1	0.00000000E+0	0.00000000E+0
4.39453125E-1	3.86702995E-5	3.86702995E-5	4.39453125E-1	0.00000000E+0	0.00000000E+0
4.37011719E-1	3.84564992E-5	3.84564992E-5	4.37011719E-1	0.00000000E+0	0.00000000E+0
4.34570312E-1	3.82237013E-5	3.82237013E-5	4.34570312E-1	0.00000000E+0	0.00000000E+0
4.32128906E-1	3.80175989E-5	3.80175989E-5	4.32128906E-1	0.00000000E+0	0.00000000E+0
4.29687500E-1	3.78153018E-5	3.78153018E-5	4.29687500E-1	0.00000000E+0	0.00000000E+0
4.27246094E-1	3.75823984E-5	3.75823984E-5	4.27246094E-1	0.00000000E+0	0.00000000E+0
4.24804687E-1	3.73686999E-5	3.73686999E-5	4.24804687E-1	0.00000000E+0	0.00000000E+0
4.22363281E-1	3.71626011E-5	3.71626011E-5	4.22363281E-1	0.00000000E+0	0.00000000E+0
4.19921875E-1	3.69412010E-5	3.69412010E-5	4.19921875E-1	0.00000000E+0	0.00000000E+0
4.17480469E-1	3.66968998E-5	3.66968998E-5	4.17480469E-1	0.00000000E+0	0.00000000E+0
4.15039062E-1	3.64908010E-5	3.64908010E-5	4.15039062E-1	0.00000000E+0	0.00000000E+0
4.12597656E-1	3.62694009E-5	3.62694009E-5	4.12597656E-1	0.00000000E+0	0.00000000E+0
4.10156250E-1	3.60861995E-5	3.60861995E-5	4.10156250E-1	0.00000000E+0	0.00000000E+0
4.07714844E-1	3.58418984E-5	3.58418984E-5	4.07714844E-1	0.00000000E+0	0.00000000E+0
4.05273437E-1	3.56281016E-5	3.56281016E-5	4.05273437E-1	0.00000000E+0	0.00000000E+0
4.02832031E-1	3.54143995E-5	3.54143995E-5	4.02832031E-1	0.00000000E+0	0.00000000E+0
4.00390625E-1	3.52081988E-5	3.52081988E-5	4.00390625E-1	0.00000000E+0	0.00000000E+0
3.97949219E-1	3.49869006E-5	3.49869006E-5	3.97949219E-1	0.00000000E+0	0.00000000E+0
3.95507812E-1	3.47425994E-5	3.47425994E-5	3.95507812E-1	0.00000000E+0	0.00000000E+0
3.93066406E-1	3.45363987E-5	3.45363987E-5	3.93066406E-1	0.00000000E+0	0.00000000E+0
3.90625000E-1	3.43456013E-5	3.43456013E-5	3.90625000E-1	0.00000000E+0	0.00000000E+0
3.88183594E-1	3.41013001E-5	3.41013001E-5	3.88183594E-1	0.00000000E+0	0.00000000E+0
3.85742187E-1	3.38989994E-5	3.38989994E-5	3.85742187E-1	0.00000000E+0	0.00000000E+0
3.83300781E-1	3.36738012E-5	3.36738012E-5	3.83300781E-1	0.00000000E+0	0.00000000E+0
3.80859375E-1	3.34409997E-5	3.34409997E-5	3.80859375E-1	0.00000000E+0	0.00000000E+0
3.78417969E-1	3.32310010E-5	3.32310010E-5	3.78417969E-1	0.00000000E+0	0.00000000E+0
3.75976562E-1	3.30096009E-5	3.30096009E-5	3.75976562E-1	0.00000000E+0	0.00000000E+0
3.73535156E-1	3.28073002E-5	3.28073002E-5	3.73535156E-1	0.00000000E+0	0.00000000E+0
3.71093750E-1	3.25820984E-5	3.25820984E-5	3.71093750E-1	0.00000000E+0	0.00000000E+0
3.68652344E-1	3.23606982E-5	3.23606982E-5	3.68652344E-1	0.00000000E+0	0.00000000E+0
3.66210937E-1	3.21545995E-5	3.21545995E-5	3.66210937E-1	0.00000000E+0	0.00000000E+0
3.63769531E-1	3.19331994E-5	3.19331994E-5	3.63769531E-1	0.00000000E+0	0.00000000E+0
3.61328125E-1	3.17195008E-5	3.17195008E-5	3.61328125E-1	0.00000000E+0	0.00000000E+0
3.58886719E-1	3.14827994E-5	3.14827994E-5	3.58886719E-1	0.00000000E+0	0.00000000E+0
3.56445312E-1	3.12996017E-5	3.12996017E-5	3.56445312E-1	0.00000000E+0	0.00000000E+0
3.54003906E-1	3.10553005E-5	3.10553005E-5	3.54003906E-1	0.00000000E+0	0.00000000E+0
3.51562500E-1	3.08529998E-5	3.08529998E-5	3.51562500E-1	0.00000000E+0	0.00000000E+0
3.49121094E-1	3.06278016E-5	3.06278016E-5	3.49121094E-1	0.00000000E+0	0.00000000E+0
3.46679687E-1	3.03987999E-5	3.03987999E-5	3.46679687E-1	0.00000000E+0	0.00000000E+0
3.44238281E-1	3.01926993E-5	3.01926993E-5	3.44238281E-1	0.00000000E+0	0.00000000E+0
3.41796875E-1	2.99712992E-5	2.99712992E-5	3.41796875E-1	0.00000000E+0	0.00000000E+0
3.39355469E-1	2.97422994E-5	2.97422994E-5	3.39355469E-1	0.00000000E+0	0.00000000E+0
3.36914062E-1	2.95323007E-5	2.95323007E-5	3.36914062E-1	0.00000000E+0	0.00000000E+0
3.34472656E-1	2.93186004E-5	2.93186004E-5	3.34472656E-1	0.00000000E+0	0.00000000E+0
3.32031250E-1	2.90934004E-5	2.90934004E-5	3.32031250E-1	0.00000000E+0	0.00000000E+0
3.29589844E-1	2.88910996E-5	2.88910996E-5	3.29589844E-1	0.00000000E+0	0.00000000E+0
3.27148437E-1	2.86658997E-5	2.86658997E-5	3.27148437E-1	0.00000000E+0	0.00000000E+0
3.24707031E-1	2.84444995E-5	2.84444995E-5	3.24707031E-1	0.00000000E+0	0.00000000E+0
3.22265625E-1	2.82306992E-5	2.82306992E-5	3.22265625E-1	0.00000000E+0	0.00000000E+0
3.19824219E-1	2.80016993E-5	2.80016993E-5	3.19824219E-1	0.00000000E+0	0.00000000E+0
3.17382812E-1	2.77879008E-5	2.77879008E-5	3.17382812E-1	0.00000000E+0	0.00000000E+0
3.14941406E-1	2.75436996E-5	2.75436996E-5	3.14941406E-1	0.00000000E+0	0.00000000E+0
3.12500000E-1	2.73452006E-5	2.73452006E-5	3.12500000E-1	0.00000000E+0	0.00000000E+0
3.10058594E-1	2.71008994E-5	2.71008994E-5	3.10058594E-1	0.00000000E+0	0.00000000E+0
3.07617187E-1	2.68871008E-5	2.68871008E-5	3.07617187E-1	0.00000000E+0	0.00000000E+0
3.05175781E-1	2.66427996E-5	2.66427996E-5	3.05175781E-1	0.00000000E+0	0.00000000E+0
3.02734375E-1	2.63909005E-5	2.63909005E-5	3.02734375E-1	0.00000000E+0	0.00000000E+0
3.00292969E-1	2.62038993E-5	2.62038993E-5	3.00292969E-1	0.00000000E+0	0.00000000E+0
2.97851562E-1	2.59709996E-5	2.59709996E-5	2.97851562E-1	0.00000000E+0	0.00000000E+0
2.95410156E-1	2.57496995E-5	2.57496995E-5	2.95410156E-1	0.00000000E+0	0.00000000E+0
2.92968750E-1	2.54825009E-5	2.54825009E-5	2.92968750E-1	0.00000000E+0	0.00000000E+0
2.90527344E-1	2.52840000E-5	2.52840000E-5	2.90527344E-1	0.00000000E+0	0.00000000E+0
2.88085937E-1	2.50663998E-5	2.50663998E-5	2.88085937E-1	0.00000000E+0	0.00000000E+0
2.85644531E-1	2.48717006E-5	2.48717006E-5	2.85644531E-1	0.00000000E+0	0.00000000E+0
2.83203125E-1	2.46389009E-5	2.46389009E-5	2.83203125E-1	0.00000000E+0	0.00000000E+0
2.80761719E-1	2.44060993E-5	2.44060993E-5	2.80761719E-1	0.00000000E+0	0.00000000E+0
2.78320312E-1	2.41999005E-5	2.41999005E-5	2.78320312E-1	0.00000000E+0	0.00000000E+0
2.75878906E-1	2.39786004E-5	2.39786004E-5	2.75878906E-1	0.00000000E+0	0.00000000E+0
2.73437500E-1	2.37800996E-5	2.37800996E-5	2.73437500E-1	0.00000000E+0	0.00000000E+0
2.70996094E-1	2.35740008E-5	2.35740008E-5	2.70996094E-1	0.00000000E+0	0.00000000E+0
2.68554687E-1	2.33564006E-5	2.33564006E-5	2.68554687E-1	0.00000000E+0	0.00000000E+0
2.66113281E-1	2.31235008E-5	2.31235008E-5	2.66113281E-1	0.00000000E+0	0.00000000E+0
2.63671875E-1	2.29288999E-5	2.29288999E-5	2.63671875E-1	0.00000000E+0	0.00000000E+0
2.61230469E-1	2.26960001E-5	2.26960001E-5	2.61230469E-1	0.00000000E+0	0.00000000E+0
2.58789062E-1	2.24974992E-5	2.24974992E-5	2.58789062E-1	0.00000000E+0	0.00000000E+0
2.56347656E-1	2.22914005E-5	2.22914005E-5	2.56347656E-1	0.00000000E+0	0.00000000E+0
2.53906250E-1	2.20852999E-5	2.20852999E-5	2.53906250E-1	0.00000000E+0	0.00000000E+0
2.51464844E-1	2.18563000E-5	2.18563000E-5	2.51464844E-1	0.00000000E+0	0.00000000E+0
2.49023437E-1	2.16577992E-5	2.16577992E-5	2.49023437E-1	0.00000000E+0	0.00000000E+0
2.46582031E-1	2.14441006E-5	2.14441006E-5	2.46582031E-1	0.00000000E+0	0.00000000E+0
2.44140625E-1	2.12303003E-5	2.12303003E-5	2.44140625E-1	0.00000000E+0	0.00000000E+0
2.41699219E-1	2.10164999E-5	2.10164999E-5	2.41699219E-1	0.00000000E+0	0.00000000E+0
2.39257812E-1	2.08027996E-5	2.08027996E-5	2.39257812E-1	0.00000000E+0	0.00000000E+0
2.36816406E-1	2.05967008E-5	2.05967008E-5	2.36816406E-1	0.00000000E+0	0.00000000E+0
2.34375000E-1	2.03981999E-5	2.03981999E-5	2.34375000E-1	0.00000000E+0	0.00000000E+0
2.31933594E-1	2.01920993E-5	2.01920993E-5	2.31933594E-1	0.00000000E+0	0.00000000E+0
2.29492187E-1	1.99668993E-5	1.99668993E-5	2.29492187E-1	0.00000000E+0	0.00000000E+0
2.27050781E-1	1.97531008E-5	1.97531008E-5	2.27050781E-1	0.00000000E+0	0.00000000E+0
2.24609375E-1	1.95456996E-5	1.95456996E-5	2.24609375E-1	0.00000000E+0	0.00000000E+0
2.22167969E-1	1.93242995E-5	1.93242995E-5	2.22167969E-1	0.00000000E+0	0.00000000E+0
2.19726562E-1	1.91117997E-5	1.91117997E-5	2.19726562E-1	0.00000000E+0	0.00000000E+0
2.17285156E-1	1.88980994E-5	1.88980994E-5	2.17285156E-1	0.00000000E+0	0.00000000E+0
2.14843750E-1	1.86958005E-5	1.86958005E-5	2.14843750E-1	0.00000000E+0	0.00000000E+0
2.12402344E-1	1.84820001E-5	1.84820001E-5	2.12402344E-1	0.00000000E+0	0.00000000E+0
2.09960937E-1	1.82581007E-5	1.82581007E-5	2.09960937E-1	0.00000000E+0	0.00000000E+0
2.07519531E-1	1.80544994E-5	1.80544994E-5	2.07519531E-1	0.00000000E+0	0.00000000E+0
2.05078125E-1	1.78408009E-5	1.78408009E-5	2.05078125E-1	0.00000000E+0	0.00000000E+0
2.02636719E-1	1.76270005E-5	1.76270005E-5	2.02636719E-1	0.00000000E+0	0.00000000E+0
2.00195312E-1	1.74190009E-5	1.74190009E-5	2.00195312E-1	0.00000000E+0	0.00000000E+0
1.97753906E-1	1.71994998E-5	1.71994998E-5	1.97753906E-1	0.00000000E+0	0.00000000E+0
1.95312500E-1	1.69933992E-5	1.69933992E-5	1.95312500E-1	0.00000000E+0	0.00000000E+0
1.92871094E-1	1.67720009E-5	1.67720009E-5	1.92871094E-1	0.00000000E+0	0.00000000E+0
1.90429687E-1	1.65659003E-5	1.65659003E-5	1.90429687E-1	0.00000000E+0	0.00000000E+0
1.87988281E-1	1.63420009E-5	1.63420009E-5	1.87988281E-1	0.00000000E+0	0.00000000E+0
1.85546875E-1	1.61383996E-5	1.61383996E-5	1.85546875E-1	0.00000000E+0	0.00000000E+0
1.83105469E-1	1.59169995E-5	1.59169995E-5	1.83105469E-1	0.00000000E+0	0.00000000E+0
1.80664062E-1	1.57089999E-5	1.57089999E-5	1.80664062E-1	0.00000000E+0	0.00000000E+0
1.78222656E-1	1.54971003E-5	1.54971003E-5	1.78222656E-1	0.00000000E+0	0.00000000E+0
1.75781250E-1	1.52834000E-5	1.52834000E-5	1.75781250E-1	0.00000000E+0	0.00000000E+0
1.73339844E-1	1.50619999E-5	1.50619999E-5	1.73339844E-1	0.00000000E+0	0.00000000E+0
1.70898437E-1	1.48559002E-5	1.48559002E-5	1.70898437E-1	0.00000000E+0	0.00000000E+0
1.68457031E-1	1.46439997E-5	1.46439997E-5	1.68457031E-1	0.00000000E+0	0.00000000E+0
1.66015625E-1	1.44284004E-5	1.44284004E-5	1.66015625E-1	0.00000000E+0	0.00000000E+0
1.63574219E-1	1.42070003E-5	1.42070003E-5	1.63574219E-1	0.00000000E+0	0.00000000E+0
1.61132812E-1	1.40008997E-5	1.40008997E-5	1.61132812E-1	0.00000000E+0	0.00000000E+0
1.58691406E-1	1.37973002E-5	1.37973002E-5	1.58691406E-1	0.00000000E+0	0.00000000E+0
1.56250000E-1	1.35834998E-5	1.35834998E-5	1.56250000E-1	0.00000000E+0	0.00000000E+0
1.53808594E-1	1.33672002E-5	1.33672002E-5	1.53808594E-1	0.00000000E+0	0.00000000E+0
1.51367187E-1	1.31458000E-5	1.31458000E-5	1.51367187E-1	0.00000000E+0	0.00000000E+0
1.48925781E-1	1.29363998E-5	1.29363998E-5	1.48925781E-1	0.00000000E+0	0.00000000E+0
1.46484375E-1	1.27254998E-5	1.27254998E-5	1.46484375E-1	0.00000000E+0	0.00000000E+0
1.44042969E-1	1.25050001E-5	1.25050001E-5	1.44042969E-1	0.00000000E+0	0.00000000E+0
1.41601562E-1	1.22870997E-5	1.22870997E-5	1.41601562E-1	0.00000000E+0	0.00000000E+0
1.39160156E-1	1.20759996E-5	1.20759996E-5	1.39160156E-1	0.00000000E+0	0.00000000E+0
1.36718750E-1	1.18711996E-5	1.18711996E-5	1.36718750E-1	0.00000000E+0	0.00000000E+0
1.34277344E-1	1.16520996E-5	1.16520996E-5	1.34277344E-1	0.00000000E+0	0.00000000E+0
1.31835937E-1	1.14400000E-5	1.14400000E-5	1.31835937E-1	0.00000000E+0	0.00000000E+0
1.29394531E-1	1.12257003E-5	1.12257003E-5	1.29394531E-1	0.00000000E+0	0.00000000E+0
1.26953125E-1	1.10098999E-5	1.10098999E-5	1.26953125E-1	0.00000000E+0	0.00000000E+0
1.24511719E-1	1.07934002E-5	1.07934002E-5	1.24511719E-1	0.00000000E+0	0.00000000E+0
1.22070312E-1	1.05851996E-5	1.05851996E-5	1.22070312E-1	0.00000000E+0	0.00000000E+0
1.19628906E-1	1.03687998E-5	1.03687998E-5	1.19628906E-1	0.00000000E+0	0.00000000E+0
1.17187500E-1	1.01615997E-5	1.01615997E-5	1.17187500E-1	0.00000000E+0	0.00000000E+0
1.14746094E-1	9.93984031E-6	9.93984031E-6	1.14746094E-1	0.00000000E+0	0.00000000E+0
1.12304687E-1	9.72714042E-6	9.72714042E-6	1.12304687E-1	0.00000000E+0	0.00000000E+0
1.09863281E-1	9.50783033E-6	9.50783033E-6	1.09863281E-1	0.00000000E+0	0.00000000E+0
1.07421875E-1	9.29909038E-6	9.29909038E-6	1.07421875E-1	0.00000000E+0	0.00000000E+0
1.04980469E-1	9.07850972E-6	9.07850972E-6	1.04980469E-1	0.00000000E+0	0.00000000E+0
1.02539062E-1	8.87128044E-6	8.87128044E-6	1.02539062E-1	0.00000000E+0	0.00000000E+0
1.00097656E-1	8.65147013E-6	8.65147013E-6	1.00097656E-1	0.00000000E+0	0.00000000E+0
9.76562500E-2	8.44385977E-6	8.44385977E-6	9.76562500E-2	0.00000000E+0	0.00000000E+0
9.52148438E-2	8.22480979E-6	8.22480979E-6	9.52148438E-2	0.00000000E+0	0.00000000E+0
9.27734375E-2	8.01110036E-6	8.01110036E-6	9.27734375E-2	0.00000000E+0	0.00000000E+0
9.03320313E-2	7.79661968E-6	7.79661968E-6	9.03320313E-2	0.00000000E+0	0.00000000E+0
8.78906250E-2	7.58749002E-6	7.58749002E-6	8.78906250E-2	0.00000000E+0	0.00000000E+0
8.54492188E-2	7.36919992E-6	7.36919992E-6	8.54492188E-2	0.00000000E+0	0.00000000E+0
8.30078125E-2	7.15701981E-6	7.15701981E-6	8.30078125E-2	0.00000000E+0	0.00000000E+0
8.05664063E-2	6.94178016E-6	6.94178016E-6	8.05664063E-2	0.00000000E+0	0.00000000E+0
7.81250000E-2	6.73303020E-6	6.73303020E-6	7.81250000E-2	0.00000000E+0	0.00000000E+0
7.56835938E-2	6.51474011E-6	6.51474011E-6	7.56835938E-2	0.00000000E+0	0.00000000E+0
7.32421875E-2	6.30103023E-6	6.30103023E-6	7.32421875E-2	0.00000000E+0	0.00000000E+0
7.08007813E-2	6.08465007E-6	6.08465007E-6	7.08007813E-2	0.00000000E+0	0.00000000E+0
6.83593750E-2	5.87170007E-6	5.87170007E-6	6.83593750E-2	0.00000000E+0	0.00000000E+0
6.59179688E-2	5.65645996E-6	5.65645996E-6	6.59179688E-2	0.00000000E+0	0.00000000E+0
6.34765625E-2	5.44504019E-6	5.44504019E-6	6.34765625E-2	0.00000000E+0	0.00000000E+0
6.10351563E-2	5.22580012E-6	5.22580012E-6	6.10351563E-2	0.00000000E+0	0.00000000E+0
5.85937500E-2	5.01991008E-6	5.01991008E-6	5.85937500E-2	0.00000000E+0	0.00000000E+0
5.61523438E-2	4.79932987E-6	4.79932987E-6	5.61523438E-2	0.00000000E+0	0.00000000E+0
5.37109375E-2	4.58715022E-6	4.58715022E-6	5.37109375E-2	0.00000000E+0	0.00000000E+0
5.12695313E-2	4.37228982E-6	4.37228982E-6	5.12695313E-2	0.00000000E+0	0.00000000E+0
4.88281250E-2	4.16277999E-6	4.16277999E-6	4.88281250E-2	0.00000000E+0	0.00000000E+0
4.63867188E-2	3.94296012E-6	3.94296012E-6	4.63867188E-2	0.00000000E+0	0.00000000E+0
4.39453125E-2	3.73459011E-6	3.73459011E-6	4.39453125E-2	0.00000000E+0	0.00000000E+0
4.15039063E-2	3.51783001E-6	3.51783001E-6	4.15039063E-2	0.00000000E+0	0.00000000E+0
3.90625000E-2	3.31175011E-6	3.31175011E-6	3.90625000E-2	0.00000000E+0	0.00000000E+0
3.66210938E-2	3.08964991E-6	3.08964991E-6	3.66210938E-2	0.00000000E+0	0.00000000E+0
3.41796875E-2	2.87899002E-6	2.87899002E-6	3.41796875E-2	0.00000000E+0	0.00000000E+0
3.17382813E-2	2.65955009E-6	2.65955009E-6	3.17382813E-2	0.00000000E+0	0.00000000E+0
2.92968750E-2	2.45079991E-6	2.45079991E-6	2.92968750E-2	0.00000000E+0	0.00000000E+0
2.68554688E-2	2.23404004E-6	2.23404004E-6	2.68554688E-2	0.00000000E+0	0.00000000E+0
2.44140625E-2	2.02490992E-6	2.02490992E-6	2.44140625E-2	0.00000000E+0	0.00000000E+0
2.19726563E-2	1.80967004E-6	1.80967004E-6	2.19726563E-2	0.00000000E+0	0.00000000E+0
1.95312500E-2	1.60181003E-6	1.60181003E-6	1.95312500E-2	0.00000000E+0	0.00000000E+0
1.70898438E-2	1.38378005E-6	1.38378005E-6	1.70898438E-2	0.00000000E+0	0.00000000E+0
1.46484375E-2	1.17576997E-6	1.17576997E-6	1.46484375E-2	0.00000000E+0	0.00000000E+0
1.22070313E-2	9.59650947E-7	9.59650947E-7	1.22070313E-2	0.00000000E+0	0.00000000E+0
9.76562500E-3	7.51821005E-7	7.51821005E-7	9.76562500E-3	0.00000000E+0	0.00000000E+0
7.32421875E-3	5.35630022E-7	5.35630022E-7	7.32421875E-3	0.00000000E+0	0.00000000E+0
4.88281250E-3	3.27914989E-7	3.27914989E-7	4.88281250E-3	0.00000000E+0	0.00000000E+0
2.44140625E-3	1.16812998E-7	1.16812998E-7	2.44140625E-3	0.00000000E+0	0.00000000E+0
0.00000000E+0	-2.84720003E-9	-2.84720003E-9	0.00000000E+0	0.00000000E+0	0.00000000E+0
-2.44140625E-3	-2.64149008E-7	-2.64149008E-7	-2.44140625E-3	0.00000000E+0	0.00000000E+0
-4.88281250E-3	-4.85801024E-7	-4.85801024E-7	-4.88281250E-3	0.00000000E+0	0.00000000E+0
-7.32421875E-3	-7.15547003E-7	-7.15547003E-7	-7.32421875E-3	0.00000000E+0	0.00000000E+0
-9.76562500E-3	-9.37389984E-7	-9.37389984E-7	-9.76562500E-3	0.00000000E+0	0.00000000E+0
-1.22070313E-2	-1.16944000E-6	-1.16944000E-6	-1.22070313E-2	0.00000000E+0	0.00000000E+0
-1.46484375E-2	-1.39235999E-6	-1.39235999E-6	-1.46484375E-2	0.00000000E+0	0.00000000E+0
-1.70898438E-2	-1.62241997E-6	-1.62241997E-6	-1.70898438E-2	0.00000000E+0	0.00000000E+0
-1.95312500E-2	-1.84401995E-6	-1.84401995E-6	-1.95312500E-2	0.00000000E+0	0.00000000E+0
-2.19726563E-2	-2.07756989E-6	-2.07756989E-6	-2.19726563E-2	0.00000000E+0	0.00000000E+0
-2.44140625E-2	-2.30273008E-6	-2.30273008E-6	-2.44140625E-2	0.00000000E+0	0.00000000E+0
-2.68554688E-2	-2.53475991E-6	-2.53475991E-6	-2.68554688E-2	0.00000000E+0	0.00000000E+0
-2.92968750E-2	-2.75800994E-6	-2.75800994E-6	-2.92968750E-2	0.00000000E+0	0.00000000E+0
-3.17382813E-2	-2.99119006E-6	-2.99119006E-6	-3.17382813E-2	0.00000000E+0	0.00000000E+0
-3.41796875E-2	-3.21482003E-6	-3.21482003E-6	-3.41796875E-2	0.00000000E+0	0.00000000E+0
-3.66210938E-2	-3.44379009E-6	-3.44379009E-6	-3.66210938E-2	0.00000000E+0	0.00000000E+0
-3.90625000E-2	-3.66743006E-6	-3.66743006E-6	-3.90625000E-2	0.00000000E+0	0.00000000E+0
-4.15039063E-2	-3.90480000E-6	-3.90480000E-6	-4.15039063E-2	0.00000000E+0	0.00000000E+0
-4.39453125E-2	-4.13376983E-6	-4.13376983E-6	-4.39453125E-2	0.00000000E+0	0.00000000E+0
-4.63867188E-2	-4.36657001E-6	-4.36657001E-6	-4.63867188E-2	0.00000000E+0	0.00000000E+0
-4.88281250E-2	-4.59248986E-6	-4.59248986E-6	-4.88281250E-2	0.00000000E+0	0.00000000E+0
-5.12695313E-2	-4.82528003E-6	-4.82528003E-6	-5.12695313E-2	0.00000000E+0	0.00000000E+0
-5.37109375E-2	-5.05119988E-6	-5.05119988E-6	-5.37109375E-2	0.00000000E+0	0.00000000E+0
-5.61523438E-2	-5.28533019E-6	-5.28533019E-6	-5.61523438E-2	0.00000000E+0	0.00000000E+0
-5.85937500E-2	-5.50686991E-6	-5.50686991E-6	-5.85937500E-2	0.00000000E+0	0.00000000E+0
-6.10351563E-2	-5.74117985E-6	-5.74117985E-6	-6.10351563E-2	0.00000000E+0	0.00000000E+0
-6.34765625E-2	-5.96787004E-6	-5.96787004E-6	-6.34765625E-2	0.00000000E+0	0.00000000E+0
-6.59179688E-2	-6.19952016E-6	-6.19952016E-6	-6.59179688E-2	0.00000000E+0	0.00000000E+0
-6.83593750E-2	-6.42659006E-6	-6.42659006E-6	-6.83593750E-2	0.00000000E+0	0.00000000E+0
-7.08007813E-2	-6.65860989E-6	-6.65860989E-6	-7.08007813E-2	0.00000000E+0	0.00000000E+0
-7.32421875E-2	-6.88148020E-6	-6.88148020E-6	-7.32421875E-2	0.00000000E+0	0.00000000E+0
-7.56835938E-2	-7.11121993E-6	-7.11121993E-6	-7.56835938E-2	0.00000000E+0	0.00000000E+0
-7.81250000E-2	-7.33562001E-6	-7.33562001E-6	-7.81250000E-2	0.00000000E+0	0.00000000E+0
-8.05664063E-2	-7.57184989E-6	-7.57184989E-6	-8.05664063E-2	0.00000000E+0	0.00000000E+0
-8.30078125E-2	-7.79777019E-6	-7.79777019E-6	-8.30078125E-2	0.00000000E+0	0.00000000E+0
-8.54492188E-2	-8.02751038E-6	-8.02751038E-6	-8.54492188E-2	0.00000000E+0	0.00000000E+0
-8.78906250E-2	-8.25496045E-6	-8.25496045E-6	-8.78906250E-2	0.00000000E+0	0.00000000E+0
-9.03320313E-2	-8.48469972E-6	-8.48469972E-6	-9.03320313E-2	0.00000000E+0	0.00000000E+0
-9.27734375E-2	-8.71366956E-6	-8.71366956E-6	-9.27734375E-2	0.00000000E+0	0.00000000E+0
-9.52148438E-2	-8.94417008E-6	-8.94417008E-6	-9.52148438E-2	0.00000000E+0	0.00000000E+0
-9.76562500E-2	-9.16170029E-6	-9.16170029E-6	-9.76562500E-2	0.00000000E+0	0.00000000E+0
-1.00097656E-1	-9.39068013E-6	-9.39068013E-6	-1.00097656E-1	0.00000000E+0	0.00000000E+0
-1.02539062E-1	-9.61506976E-6	-9.61506976E-6	-1.02539062E-1	0.00000000E+0	0.00000000E+0
-1.04980469E-1	-9.85168026E-6	-9.85168026E-6	-1.04980469E-1	0.00000000E+0	0.00000000E+0
-1.07421875E-1	-1.00723000E-5	-1.00723000E-5	-1.07421875E-1	0.00000000E+0	0.00000000E+0
-1.09863281E-1	-1.03037000E-5	-1.03037000E-5	-1.09863281E-1	0.00000000E+0	0.00000000E+0
-1.12304687E-1	-1.05256004E-5	-1.05256004E-5	-1.12304687E-1	0.00000000E+0	0.00000000E+0
-1.14746094E-1	-1.07534997E-5	-1.07534997E-5	-1.14746094E-1	0.00000000E+0	0.00000000E+0
-1.17187500E-1	-1.09733000E-5	-1.09733000E-5	-1.17187500E-1	0.00000000E+0	0.00000000E+0
-1.19628906E-1	-1.12068001E-5	-1.12068001E-5	-1.19628906E-1	0.00000000E+0	0.00000000E+0
-1.22070312E-1	-1.14267004E-5	-1.14267004E-5	-1.22070312E-1	0.00000000E+0	0.00000000E+0
-1.24511719E-1	-1.16575002E-5	-1.16575002E-5	-1.24511719E-1	0.00000000E+0	0.00000000E+0
-1.26953125E-1	-1.18866001E-5	-1.18866001E-5	-1.26953125E-1	0.00000000E+0	0.00000000E+0
-1.29394531E-1	-1.21193998E-5	-1.21193998E-5	-1.29394531E-1	0.00000000E+0	0.00000000E+0
-1.31835937E-1	-1.23372001E-5	-1.23372001E-5	-1.31835937E-1	0.00000000E+0	0.00000000E+0
-1.34277344E-1	-1.25708002E-5	-1.25708002E-5	-1.34277344E-1	0.00000000E+0	0.00000000E+0
-1.36718750E-1	-1.27880003E-5	-1.27880003E-5	-1.36718750E-1	0.00000000E+0	0.00000000E+0
-1.39160156E-1	-1.30188000E-5	-1.30188000E-5	-1.39160156E-1	0.00000000E+0	0.00000000E+0
-1.41601562E-1	-1.32393998E-5	-1.32393998E-5	-1.41601562E-1	0.00000000E+0	0.00000000E+0
-1.44042969E-1	-1.34741003E-5	-1.34741003E-5	-1.44042969E-1	0.00000000E+0	0.00000000E+0
-1.46484375E-1	-1.36954995E-5	-1.36954995E-5	-1.46484375E-1	0.00000000E+0	0.00000000E+0
-1.48925781E-1	-1.39283002E-5	-1.39283002E-5	-1.48925781E-1	0.00000000E+0	0.00000000E+0
-1.51367187E-1	-1.41535002E-5	-1.41535002E-5	-1.51367187E-1	0.00000000E+0	0.00000000E+0
-1.53808594E-1	-1.43774996E-5	-1.43774996E-5	-1.53808594E-1	0.00000000E+0	0.00000000E+0
-1.56250000E-1	-1.45963004E-5	-1.45963004E-5	-1.56250000E-1	0.00000000E+0	0.00000000E+0
-1.58691406E-1	-1.48330000E-5	-1.48330000E-5	-1.58691406E-1	0.00000000E+0	0.00000000E+0
-1.61132812E-1	-1.50543001E-5	-1.50543001E-5	-1.61132812E-1	0.00000000E+0	0.00000000E+0
-1.63574219E-1	-1.52834000E-5	-1.52834000E-5	-1.63574219E-1	0.00000000E+0	0.00000000E+0
-1.66015625E-1	-1.54996997E-5	-1.54996997E-5	-1.66015625E-1	0.00000000E+0	0.00000000E+0
-1.68457031E-1	-1.57433005E-5	-1.57433005E-5	-1.68457031E-1	0.00000000E+0	0.00000000E+0
-1.70898437E-1	-1.59652991E-5	-1.59652991E-5	-1.70898437E-1	0.00000000E+0	0.00000000E+0
-1.73339844E-1	-1.61994994E-5	-1.61994994E-5	-1.73339844E-1	0.00000000E+0	0.00000000E+0
-1.75781250E-1	-1.64131998E-5	-1.64131998E-5	-1.75781250E-1	0.00000000E+0	0.00000000E+0
-1.78222656E-1	-1.66498994E-5	-1.66498994E-5	-1.78222656E-1	0.00000000E+0	0.00000000E+0
-1.80664062E-1	-1.68662009E-5	-1.68662009E-5	-1.80664062E-1	0.00000000E+0	0.00000000E+0
-1.83105469E-1	-1.70849999E-5	-1.70849999E-5	-1.83105469E-1	0.00000000E+0	0.00000000E+0
-1.85546875E-1	-1.73139997E-5	-1.73139997E-5	-1.85546875E-1	0.00000000E+0	0.00000000E+0
-1.87988281E-1	-1.75329005E-5	-1.75329005E-5	-1.87988281E-1	0.00000000E+0	0.00000000E+0
-1.90429687E-1	-1.77567999E-5	-1.77567999E-5	-1.90429687E-1	0.00000000E+0	0.00000000E+0
-1.92871094E-1	-1.79895997E-5	-1.79895997E-5	-1.92871094E-1	0.00000000E+0	0.00000000E+0
-1.95312500E-1	-1.82097992E-5	-1.82097992E-5	-1.95312500E-1	0.00000000E+0	0.00000000E+0
-1.97753906E-1	-1.84286000E-5	-1.84286000E-5	-1.97753906E-1	0.00000000E+0	0.00000000E+0
-2.00195312E-1	-1.86575999E-5	-1.86575999E-5	-2.00195312E-1	0.00000000E+0	0.00000000E+0
-2.02636719E-1	-1.88865997E-5	-1.88865997E-5	-2.02636719E-1	0.00000000E+0	0.00000000E+0
-2.05078125E-1	-1.91117997E-5	-1.91117997E-5	-2.05078125E-1	0.00000000E+0	0.00000000E+0
-2.07519531E-1	-1.93370997E-5	-1.93370997E-5	-2.07519531E-1	0.00000000E+0	0.00000000E+0
-2.09960937E-1	-1.95698995E-5	-1.95698995E-5	-2.09960937E-1	0.00000000E+0	0.00000000E+0
-2.12402344E-1	-1.97722002E-5	-1.97722002E-5	-2.12402344E-1	0.00000000E+0	0.00000000E+0
-2.14843750E-1	-1.99960996E-5	-1.99960996E-5	-2.14843750E-1	0.00000000E+0	0.00000000E+0
-2.17285156E-1	-2.02188003E-5	-2.02188003E-5	-2.17285156E-1	0.00000000E+0	0.00000000E+0
-2.19726562E-1	-2.04440003E-5	-2.04440003E-5	-2.19726562E-1	0.00000000E+0	0.00000000E+0
-2.22167969E-1	-2.06654004E-5	-2.06654004E-5	-2.22167969E-1	0.00000000E+0	0.00000000E+0
-2.24609375E-1	-2.08714991E-5	-2.08714991E-5	-2.24609375E-1	0.00000000E+0	0.00000000E+0
-2.27050781E-1	-2.11158003E-5	-2.11158003E-5	-2.27050781E-1	0.00000000E+0	0.00000000E+0
-2.29492187E-1	-2.13295007E-5	-2.13295007E-5	-2.29492187E-1	0.00000000E+0	0.00000000E+0
-2.31933594E-1	-2.15483997E-5	-2.15483997E-5	-2.31933594E-1	0.00000000E+0	0.00000000E+0
-2.34375000E-1	-2.17646993E-5	-2.17646993E-5	-2.34375000E-1	0.00000000E+0	0.00000000E+0
-2.36816406E-1	-2.19860995E-5	-2.19860995E-5	-2.36816406E-1	0.00000000E+0	0.00000000E+0
-2.39257812E-1	-2.22035997E-5	-2.22035997E-5	-2.39257812E-1	0.00000000E+0	0.00000000E+0
-2.41699219E-1	-2.24287996E-5	-2.24287996E-5	-2.41699219E-1	0.00000000E+0	0.00000000E+0
-2.44140625E-1	-2.26616994E-5	-2.26616994E-5	-2.44140625E-1	0.00000000E+0	0.00000000E+0
-2.46582031E-1	-2.28640001E-5	-2.28640001E-5	-2.46582031E-1	0.00000000E+0	0.00000000E+0
-2.49023437E-1	-2.30854002E-5	-2.30854002E-5	-2.49023437E-1	0.00000000E+0	0.00000000E+0
-2.51464844E-1	-2.33144001E-5	-2.33144001E-5	-2.51464844E-1	0.00000000E+0	0.00000000E+0
-2.53906250E-1	-2.35205007E-5	-2.35205007E-5	-2.53906250E-1	0.00000000E+0	0.00000000E+0
-2.56347656E-1	-2.37469994E-5	-2.37469994E-5	-2.56347656E-1	0.00000000E+0	0.00000000E+0
-2.58789062E-1	-2.39556994E-5	-2.39556994E-5	-2.58789062E-1	0.00000000E+0	0.00000000E+0
-2.61230469E-1	-2.41693997E-5	-2.41693997E-5	-2.61230469E-1	0.00000000E+0	0.00000000E+0
-2.63671875E-1	-2.43832001E-5	-2.43832001E-5	-2.63671875E-1	0.00000000E+0	0.00000000E+0
-2.66113281E-1	-2.46350992E-5	-2.46350992E-5	-2.66113281E-1	0.00000000E+0	0.00000000E+0
-2.68554687E-1	-2.48298002E-5	-2.48298002E-5	-2.68554687E-1	0.00000000E+0	0.00000000E+0
-2.70996094E-1	-2.50498997E-5	-2.50498997E-5	-2.70996094E-1	0.00000000E+0	0.00000000E+0
-2.73437500E-1	-2.52533991E-5	-2.52533991E-5	-2.73437500E-1	0.00000000E+0	0.00000000E+0
-2.75878906E-1	-2.54747993E-5	-2.54747993E-5	-2.75878906E-1	0.00000000E+0	0.00000000E+0
-2.78320312E-1	-2.57064003E-5	-2.57064003E-5	-2.78320312E-1	0.00000000E+0	0.00000000E+0
-2.80761719E-1	-2.59099997E-5	-2.59099997E-5	-2.80761719E-1	0.00000000E+0	0.00000000E+0
-2.83203125E-1	-2.61389996E-5	-2.61389996E-5	-2.83203125E-1	0.00000000E+0	0.00000000E+0
-2.85644531E-1	-2.63679995E-5	-2.63679995E-5	-2.85644531E-1	0.00000000E+0	0.00000000E+0
-2.88085937E-1	-2.65817998E-5	-2.65817998E-5	-2.88085937E-1	0.00000000E+0	0.00000000E+0
-2.90527344E-1	-2.68107997E-5	-2.68107997E-5	-2.90527344E-1	0.00000000E+0	0.00000000E+0
-2.92968750E-1	-2.70093005E-5	-2.70093005E-5	-2.92968750E-1	0.00000000E+0	0.00000000E+0
-2.95410156E-1	-2.72535999E-5	-2.72535999E-5	-2.95410156E-1	0.00000000E+0	0.00000000E+0
-2.97851562E-1	-2.74673002E-5	-2.74673002E-5	-2.97851562E-1	0.00000000E+0	0.00000000E+0
-3.00292969E-1	-2.77115996E-5	-2.77115996E-5	-3.00292969E-1	0.00000000E+0	0.00000000E+0
-3.02734375E-1	-2.79254000E-5	-2.79254000E-5	-3.02734375E-1	0.00000000E+0	0.00000000E+0
-3.05175781E-1	-2.81391003E-5	-2.81391003E-5	-3.05175781E-1	0.00000000E+0	0.00000000E+0
-3.07617187E-1	-2.83529007E-5	-2.83529007E-5	-3.07617187E-1	0.00000000E+0	0.00000000E+0
-3.10058594E-1	-2.85819006E-5	-2.85819006E-5	-3.10058594E-1	0.00000000E+0	0.00000000E+0
-3.12500000E-1	-2.88109004E-5	-2.88109004E-5	-3.12500000E-1	0.00000000E+0	0.00000000E+0
-3.14941406E-1	-2.90247008E-5	-2.90247008E-5	-3.14941406E-1	0.00000000E+0	0.00000000E+0
-3.17382812E-1	-2.92499008E-5	-2.92499008E-5	-3.17382812E-1	0.00000000E+0	0.00000000E+0
-3.19824219E-1	-2.94751007E-5	-2.94751007E-5	-3.19824219E-1	0.00000000E+0	0.00000000E+0
-3.22265625E-1	-2.96965009E-5	-2.96965009E-5	-3.22265625E-1	0.00000000E+0	0.00000000E+0
-3.24707031E-1	-2.99217008E-5	-2.99217008E-5	-3.24707031E-1	0.00000000E+0	0.00000000E+0
-3.27148437E-1	-3.01545006E-5	-3.01545006E-5	-3.27148437E-1	0.00000000E+0	0.00000000E+0
-3.29589844E-1	-3.03605993E-5	-3.03605993E-5	-3.29589844E-1	0.00000000E+0	0.00000000E+0
-3.32031250E-1	-3.05743997E-5	-3.05743997E-5	-3.32031250E-1	0.00000000E+0	0.00000000E+0
-3.34472656E-1	-3.08109993E-5	-3.08109993E-5	-3.34472656E-1	0.00000000E+0	0.00000000E+0
-3.36914062E-1	-3.10323994E-5	-3.10323994E-5	-3.36914062E-1	0.00000000E+0	0.00000000E+0
-3.39355469E-1	-3.12384982E-5	-3.12384982E-5	-3.39355469E-1	0.00000000E+0	0.00000000E+0
-3.41796875E-1	-3.14790013E-5	-3.14790013E-5	-3.41796875E-1	0.00000000E+0	0.00000000E+0
-3.44238281E-1	-3.16928017E-5	-3.16928017E-5	-3.44238281E-1	0.00000000E+0	0.00000000E+0
-3.46679687E-1	-3.19102983E-5	-3.19102983E-5	-3.46679687E-1	0.00000000E+0	0.00000000E+0
-3.49121094E-1	-3.21240987E-5	-3.21240987E-5	-3.49121094E-1	0.00000000E+0	0.00000000E+0
-3.51562500E-1	-3.23530985E-5	-3.23530985E-5	-3.51562500E-1	0.00000000E+0	0.00000000E+0
-3.54003906E-1	-3.25820984E-5	-3.25820984E-5	-3.54003906E-1	0.00000000E+0	0.00000000E+0
-3.56445312E-1	-3.28112001E-5	-3.28112001E-5	-3.56445312E-1	0.00000000E+0	0.00000000E+0
-3.58886719E-1	-3.30248986E-5	-3.30248986E-5	-3.58886719E-1	0.00000000E+0	0.00000000E+0
-3.61328125E-1	-3.32501004E-5	-3.32501004E-5	-3.61328125E-1	0.00000000E+0	0.00000000E+0
-3.63769531E-1	-3.34772012E-5	-3.34772012E-5	-3.63769531E-1	0.00000000E+0	0.00000000E+0
-3.66210937E-1	-3.36853009E-5	-3.36853009E-5	-3.66210937E-1	0.00000000E+0	0.00000000E+0
-3.68652344E-1	-3.39180988E-5	-3.39180988E-5	-3.68652344E-1	0.00000000E+0	0.00000000E+0
-3.71093750E-1	-3.41433006E-5	-3.41433006E-5	-3.71093750E-1	0.00000000E+0	0.00000000E+0
-3.73535156E-1	-3.43456013E-5	-3.43456013E-5	-3.73535156E-1	0.00000000E+0	0.00000000E+0
-3.75976562E-1	-3.45898989E-5	-3.45898989E-5	-3.75976562E-1	0.00000000E+0	0.00000000E+0
-3.78417969E-1	-3.47960013E-5	-3.47960013E-5	-3.78417969E-1	0.00000000E+0	0.00000000E+0
-3.80859375E-1	-3.50098016E-5	-3.50098016E-5	-3.80859375E-1	0.00000000E+0	0.00000000E+0
-3.83300781E-1	-3.52349998E-5	-3.52349998E-5	-3.83300781E-1	0.00000000E+0	0.00000000E+0
-3.85742187E-1	-3.54678014E-5	-3.54678014E-5	-3.85742187E-1	0.00000000E+0	0.00000000E+0
-3.88183594E-1	-3.56700984E-5	-3.56700984E-5	-3.88183594E-1	0.00000000E+0	0.00000000E+0
-3.90625000E-1	-3.59029000E-5	-3.59029000E-5	-3.90625000E-1	0.00000000E+0	0.00000000E+0
-3.93066406E-1	-3.60861995E-5	-3.60861995E-5	-3.93066406E-1	0.00000000E+0	0.00000000E+0
-3.95507812E-1	-3.63305007E-5	-3.63305007E-5	-3.95507812E-1	0.00000000E+0	0.00000000E+0
-3.97949219E-1	-3.65747001E-5	-3.65747001E-5	-3.97949219E-1	0.00000000E+0	0.00000000E+0
-4.00390625E-1	-3.67770008E-5	-3.67770008E-5	-4.00390625E-1	0.00000000E+0	0.00000000E+0
-4.02832031E-1	-3.70021990E-5	-3.70021990E-5	-4.02832031E-1	0.00000000E+0	0.00000000E+0
-4.05273437E-1	-3.72159993E-5	-3.72159993E-5	-4.05273437E-1	0.00000000E+0	0.00000000E+0
-4.07714844E-1	-3.74297997E-5	-3.74297997E-5	-4.07714844E-1	0.00000000E+0	0.00000000E+0
-4.10156250E-1	-3.76434982E-5	-3.76434982E-5	-4.10156250E-1	0.00000000E+0	0.00000000E+0
-4.12597656E-1	-3.78820987E-5	-3.78820987E-5	-4.12597656E-1	0.00000000E+0	0.00000000E+0
-4.15039062E-1	-3.80710007E-5	-3.80710007E-5	-4.15039062E-1	0.00000000E+0	0.00000000E+0
-4.17480469E-1	-3.83152983E-5	-3.83152983E-5	-4.17480469E-1	0.00000000E+0	0.00000000E+0
-4.19921875E-1	-3.85290987E-5	-3.85290987E-5	-4.19921875E-1	0.00000000E+0	0.00000000E+0
-4.22363281E-1	-3.87543005E-5	-3.87543005E-5	-4.22363281E-1	0.00000000E+0	0.00000000E+0
-4.24804687E-1	-3.89488996E-5	-3.89488996E-5	-4.24804687E-1	0.00000000E+0	0.00000000E+0
-4.27246094E-1	-3.91780013E-5	-3.91780013E-5	-4.27246094E-1	0.00000000E+0	0.00000000E+0
-4.29687500E-1	-3.94146009E-5	-3.94146009E-5	-4.29687500E-1	0.00000000E+0	0.00000000E+0
-4.32128906E-1	-3.96206997E-5	-3.96206997E-5	-4.32128906E-1	0.00000000E+0	0.00000000E+0
-4.34570312E-1	-3.98726006E-5	-3.98726006E-5	-4.34570312E-1	0.00000000E+0	0.00000000E+0
-4.37011719E-1	-4.00864010E-5	-4.00864010E-5	-4.37011719E-1	0.00000000E+0	0.00000000E+0
-4.39453125E-1	-4.02773003E-5	-4.02773003E-5	-4.39453125E-1	0.00000000E+0	0.00000000E+0
-4.41894531E-1	-4.05214996E-5	-4.05214996E-5	-4.41894531E-1	0.00000000E+0	0.00000000E+0
-4.44335937E-1	-4.07277003E-5	-4.07277003E-5	-4.44335937E-1	0.00000000E+0	0.00000000E+0
-4.46777344E-1	-4.09491004E-5	-4.09491004E-5	-4.46777344E-1	0.00000000E+0	0.00000000E+0
-4.49218750E-1	-4.11551991E-5	-4.11551991E-5	-4.49218750E-1	0.00000000E+0	0.00000000E+0
-4.51660156E-1	-4.13917987E-5	-4.13917987E-5	-4.51660156E-1	0.00000000E+0	0.00000000E+0
-4.54101562E-1	-4.16207986E-5	-4.16207986E-5	-4.54101562E-1	0.00000000E+0	0.00000000E+0
-4.56542969E-1	-4.18269992E-5	-4.18269992E-5	-4.56542969E-1	0.00000000E+0	0.00000000E+0
-4.58984375E-1	-4.20559991E-5	-4.20559991E-5	-4.58984375E-1	0.00000000E+0	0.00000000E+0
-4.61425781E-1	-4.22925987E-5	-4.22925987E-5	-4.61425781E-1	0.00000000E+0	0.00000000E+0
-4.63867187E-1	-4.24758982E-5	-4.24758982E-5	-4.63867187E-1	0.00000000E+0	0.00000000E+0
-4.66308594E-1	-4.27201994E-5	-4.27201994E-5	-4.66308594E-1	0.00000000E+0	0.00000000E+0
-4.68750000E-1	-4.29262982E-5	-4.29262982E-5	-4.68750000E-1	0.00000000E+0	0.00000000E+0
-4.71191406E-1	-4.31705994E-5	-4.31705994E-5	-4.71191406E-1	0.00000000E+0	0.00000000E+0
-4.73632812E-1	-4.33614005E-5	-4.33614005E-5	-4.73632812E-1	0.00000000E+0	0.00000000E+0
-4.76074219E-1	-4.36057016E-5	-4.36057016E-5	-4.76074219E-1	0.00000000E+0	0.00000000E+0
-4.78515625E-1	-4.37946001E-5	-4.37946001E-5	-4.78515625E-1	0.00000000E+0	0.00000000E+0
-4.80957031E-1	-4.40389013E-5	-4.40389013E-5	-4.80957031E-1	0.00000000E+0	0.00000000E+0
-4.83398437E-1	-4.42470009E-5	-4.42470009E-5	-4.83398437E-1	0.00000000E+0	0.00000000E+0
-4.85839844E-1	-4.44912985E-5	-4.44912985E-5	-4.85839844E-1	0.00000000E+0	0.00000000E+0
-4.88281250E-1	-4.47050006E-5	-4.47050006E-5	-4.88281250E-1	0.00000000E+0	0.00000000E+0
-4.90722656E-1	-4.49188010E-5	-4.49188010E-5	-4.90722656E-1	0.00000000E+0	0.00000000E+0
-4.93164062E-1	-4.51324995E-5	-4.51324995E-5	-4.93164062E-1	0.00000000E+0	0.00000000E+0
-4.90722656E-1	-4.49416984E-5	-4.49416984E-5	-4.90722656E-1	0.00000000E+0	0.00000000E+0
-4.88281250E-1	-4.47050006E-5	-4.47050006E-5	-4.88281250E-1	0.00000000E+0	0.00000000E+0
-4.85839844E-1	-4.45141995E-5	-4.45141995E-5	-4.85839844E-1	0.00000000E+0	0.00000000E+0
-4.83398437E-1	-4.42775017E-5	-4.42775017E-5	-4.83398437E-1	0.00000000E+0	0.00000000E+0
-4.80957031E-1	-4.40389013E-5	-4.40389013E-5	-4.80957031E-1	0.00000000E+0	0.00000000E+0
-4.78515625E-1	-4.38194984E-5	-4.38194984E-5	-4.78515625E-1	0.00000000E+0	0.00000000E+0
-4.76074219E-1	-4.36057016E-5	-4.36057016E-5	-4.76074219E-1	0.00000000E+0	0.00000000E+0
-4.73632812E-1	-4.33919013E-5	-4.33919013E-5	-4.73632812E-1	0.00000000E+0	0.00000000E+0
-4.71191406E-1	-4.31705994E-5	-4.31705994E-5	-4.71191406E-1	0.00000000E+0	0.00000000E+0
-4.68750000E-1	-4.29262982E-5	-4.29262982E-5	-4.68750000E-1	0.00000000E+0	0.00000000E+0
-4.66308594E-1	-4.27201994E-5	-4.27201994E-5	-4.66308594E-1	0.00000000E+0	0.00000000E+0
-4.63867187E-1	-4.24987993E-5	-4.24987993E-5	-4.63867187E-1	0.00000000E+0	0.00000000E+0
-4.61425781E-1	-4.22925987E-5	-4.22925987E-5	-4.61425781E-1	0.00000000E+0	0.00000000E+0
-4.58984375E-1	-4.20559991E-5	-4.20559991E-5	-4.58984375E-1	0.00000000E+0	0.00000000E+0
-4.56542969E-1	-4.18269992E-5	-4.18269992E-5	-4.56542969E-1	0.00000000E+0	0.00000000E+0
-4.54101562E-1	-4.16207986E-5	-4.16207986E-5	-4.54101562E-1	0.00000000E+0	0.00000000E+0
-4.51660156E-1	-4.14071001E-5	-4.14071001E-5	-4.51660156E-1	0.00000000E+0	0.00000000E+0
-4.49218750E-1	-4.11857000E-5	-4.11857000E-5	-4.49218750E-1	0.00000000E+0	0.00000000E+0
-4.46777344E-1	-4.09720014E-5	-4.09720014E-5	-4.46777344E-1	0.00000000E+0	0.00000000E+0
-4.44335937E-1	-4.07658008E-5	-4.07658008E-5	-4.44335937E-1	0.00000000E+0	0.00000000E+0
-4.41894531E-1	-4.05214996E-5	-4.05214996E-5	-4.41894531E-1	0.00000000E+0	0.00000000E+0
-4.39453125E-1	-4.02773003E-5	-4.02773003E-5	-4.39453125E-1	0.00000000E+0	0.00000000E+0
-4.37011719E-1	-4.00864010E-5	-4.00864010E-5	-4.37011719E-1	0.00000000E+0	0.00000000E+0
-4.34570312E-1	-3.98726006E-5	-3.98726006E-5	-4.34570312E-1	0.00000000E+0	0.00000000E+0
-4.32128906E-1	-3.96588985E-5	-3.96588985E-5	-4.32128906E-1	0.00000000E+0	0.00000000E+0
-4.29687500E-1	-3.94146009E-5	-3.94146009E-5	-4.29687500E-1	0.00000000E+0	0.00000000E+0
-4.27246094E-1	-3.91932008E-5	-3.91932008E-5	-4.27246094E-1	0.00000000E+0	0.00000000E+0
-4.24804687E-1	-3.89488996E-5	-3.89488996E-5	-4.24804687E-1	0.00000000E+0	0.00000000E+0
-4.22363281E-1	-3.87543005E-5	-3.87543005E-5	-4.22363281E-1	0.00000000E+0	0.00000000E+0
-4.19921875E-1	-3.85290987E-5	-3.85290987E-5	-4.19921875E-1	0.00000000E+0	0.00000000E+0
-4.17480469E-1	-3.83152983E-5	-3.83152983E-5	-4.17480469E-1	0.00000000E+0	0.00000000E+0
-4.15039062E-1	-3.81015998E-5	-3.81015998E-5	-4.15039062E-1	0.00000000E+0	0.00000000E+0
-4.12597656E-1	-3.78820987E-5	-3.78820987E-5	-4.12597656E-1	0.00000000E+0	0.00000000E+0
-4.10156250E-1	-3.76434982E-5	-3.76434982E-5	-4.10156250E-1	0.00000000E+0	0.00000000E+0
-4.07714844E-1	-3.74297997E-5	-3.74297997E-5	-4.07714844E-1	0.00000000E+0	0.00000000E+0
-4.05273437E-1	-3.72159993E-5	-3.72159993E-5	-4.05273437E-1	0.00000000E+0	0.00000000E+0
-4.02832031E-1	-3.70021990E-5	-3.70021990E-5	-4.02832031E-1	0.00000000E+0	0.00000000E+0
-4.00390625E-1	-3.67770008E-5	-3.67770008E-5	-4.00390625E-1	0.00000000E+0	0.00000000E+0
-3.97949219E-1	-3.65747001E-5	-3.65747001E-5	-3.97949219E-1	0.00000000E+0	0.00000000E+0
-3.95507812E-1	-3.63305007E-5	-3.63305007E-5	-3.95507812E-1	0.00000000E+0	0.00000000E+0
-3.93066406E-1	-3.60861995E-5	-3.60861995E-5	-3.93066406E-1	0.00000000E+0	0.00000000E+0
-3.90625000E-1	-3.59029000E-5	-3.59029000E-5	-3.90625000E-1	0.00000000E+0	0.00000000E+0
-3.88183594E-1	-3.56700984E-5	-3.56700984E-5	-3.88183594E-1	0.00000000E+0	0.00000000E+0
-3.85742187E-1	-3.54678014E-5	-3.54678014E-5	-3.85742187E-1	0.00000000E+0	0.00000000E+0
-3.83300781E-1	-3.52349998E-5	-3.52349998E-5	-3.83300781E-1	0.00000000E+0	0.00000000E+0
-3.80859375E-1	-3.50098016E-5	-3.50098016E-5	-3.80859375E-1	0.00000000E+0	0.00000000E+0
-3.78417969E-1	-3.47960013E-5	-3.47960013E-5	-3.78417969E-1	0.00000000E+0	0.00000000E+0
-3.75976562E-1	-3.45898989E-5	-3.45898989E-5	-3.75976562E-1	0.00000000E+0	0.00000000E+0
-3.73535156E-1	-3.43456013E-5	-3.43456013E-5	-3.73535156E-1	0.00000000E+0	0.00000000E+0
-3.71093750E-1	-3.41433006E-5	-3.41433006E-5	-3.71093750E-1	0.00000000E+0	0.00000000E+0
-3.68652344E-1	-3.39180988E-5	-3.39180988E-5	-3.68652344E-1	0.00000000E+0	0.00000000E+0
-3.66210937E-1	-3.36966987E-5	-3.36966987E-5	-3.66210937E-1	0.00000000E+0	0.00000000E+0
-3.63769531E-1	-3.34772012E-5	-3.34772012E-5	-3.63769531E-1	0.00000000E+0	0.00000000E+0
-3.61328125E-1	-3.32501004E-5	-3.32501004E-5	-3.61328125E-1	0.00000000E+0	0.00000000E+0
-3.58886719E-1	-3.30248986E-5	-3.30248986E-5	-3.58886719E-1	0.00000000E+0	0.00000000E+0
-3.56445312E-1	-3.28112001E-5	-3.28112001E-5	-3.56445312E-1	0.00000000E+0	0.00000000E+0
-3.54003906E-1	-3.25820984E-5	-3.25820984E-5	-3.54003906E-1	0.00000000E+0	0.00000000E+0
-3.51562500E-1	-3.23683998E-5	-3.23683998E-5	-3.51562500E-1	0.00000000E+0	0.00000000E+0
-3.49121094E-1	-3.21394000E-5	-3.21394000E-5	-3.49121094E-1	0.00000000E+0	0.00000000E+0
-3.46679687E-1	-3.19255996E-5	-3.19255996E-5	-3.46679687E-1	0.00000000E+0	0.00000000E+0
-3.44238281E-1	-3.17117992E-5	-3.17117992E-5	-3.44238281E-1	0.00000000E+0	0.00000000E+0
-3.41796875E-1	-3.14790013E-5	-3.14790013E-5	-3.41796875E-1	0.00000000E+0	0.00000000E+0
-3.39355469E-1	-3.12691009E-5	-3.12691009E-5	-3.39355469E-1	0.00000000E+0	0.00000000E+0
-3.36914062E-1	-3.10323994E-5	-3.10323994E-5	-3.36914062E-1	0.00000000E+0	0.00000000E+0
-3.34472656E-1	-3.08300987E-5	-3.08300987E-5	-3.34472656E-1	0.00000000E+0	0.00000000E+0
-3.32031250E-1	-3.05934991E-5	-3.05934991E-5	-3.32031250E-1	0.00000000E+0	0.00000000E+0
-3.29589844E-1	-3.03912002E-5	-3.03912002E-5	-3.29589844E-1	0.00000000E+0	0.00000000E+0
-3.27148437E-1	-3.01698001E-5	-3.01698001E-5	-3.27148437E-1	0.00000000E+0	0.00000000E+0
-3.24707031E-1	-2.99407002E-5	-2.99407002E-5	-3.24707031E-1	0.00000000E+0	0.00000000E+0
-3.22265625E-1	-2.97194001E-5	-2.97194001E-5	-3.22265625E-1	0.00000000E+0	0.00000000E+0
-3.19824219E-1	-2.95131995E-5	-2.95131995E-5	-3.19824219E-1	0.00000000E+0	0.00000000E+0
-3.17382812E-1	-2.92690002E-5	-2.92690002E-5	-3.17382812E-1	0.00000000E+0	0.00000000E+0
-3.14941406E-1	-2.90551998E-5	-2.90551998E-5	-3.14941406E-1	0.00000000E+0	0.00000000E+0
-3.12500000E-1	-2.88261999E-5	-2.88261999E-5	-3.12500000E-1	0.00000000E+0	0.00000000E+0
-3.10058594E-1	-2.85972001E-5	-2.85972001E-5	-3.10058594E-1	0.00000000E+0	0.00000000E+0
-3.07617187E-1	-2.83948993E-5	-2.83948993E-5	-3.07617187E-1	0.00000000E+0	0.00000000E+0
-3.05175781E-1	-2.81543998E-5	-2.81543998E-5	-3.05175781E-1	0.00000000E+0	0.00000000E+0
-3.02734375E-1	-2.79405995E-5	-2.79405995E-5	-3.02734375E-1	0.00000000E+0	0.00000000E+0
-3.00292969E-1	-2.77268991E-5	-2.77268991E-5	-3.00292969E-1	0.00000000E+0	0.00000000E+0
-2.97851562E-1	-2.74825998E-5	-2.74825998E-5	-2.97851562E-1	0.00000000E+0	0.00000000E+0
-2.95410156E-1	-2.72764992E-5	-2.72764992E-5	-2.95410156E-1	0.00000000E+0	0.00000000E+0
-2.92968750E-1	-2.70397995E-5	-2.70397995E-5	-2.92968750E-1	0.00000000E+0	0.00000000E+0
-2.90527344E-1	-2.68260992E-5	-2.68260992E-5	-2.90527344E-1	0.00000000E+0	0.00000000E+0
-2.88085937E-1	-2.66123006E-5	-2.66123006E-5	-2.88085937E-1	0.00000000E+0	0.00000000E+0
-2.85644531E-1	-2.63985003E-5	-2.63985003E-5	-2.85644531E-1	0.00000000E+0	0.00000000E+0
-2.83203125E-1	-2.61542991E-5	-2.61542991E-5	-2.83203125E-1	0.00000000E+0	0.00000000E+0
-2.80761719E-1	-2.59520002E-5	-2.59520002E-5	-2.80761719E-1	0.00000000E+0	0.00000000E+0
-2.78320312E-1	-2.57165993E-5	-2.57165993E-5	-2.78320312E-1	0.00000000E+0	0.00000000E+0
-2.75878906E-1	-2.55054001E-5	-2.55054001E-5	-2.75878906E-1	0.00000000E+0	0.00000000E+0
-2.73437500E-1	-2.52840000E-5	-2.52840000E-5	-2.73437500E-1	0.00000000E+0	0.00000000E+0
-2.70996094E-1	-2.50625999E-5	-2.50625999E-5	-2.70996094E-1	0.00000000E+0	0.00000000E+0
-2.68554687E-1	-2.48411998E-5	-2.48411998E-5	-2.68554687E-1	0.00000000E+0	0.00000000E+0
-2.66113281E-1	-2.46465006E-5	-2.46465006E-5	-2.66113281E-1	0.00000000E+0	0.00000000E+0
-2.63671875E-1	-2.43983995E-5	-2.43983995E-5	-2.63671875E-1	0.00000000E+0	0.00000000E+0
-2.61230469E-1	-2.41846992E-5	-2.41846992E-5	-2.61230469E-1	0.00000000E+0	0.00000000E+0
-2.58789062E-1	-2.39786004E-5	-2.39786004E-5	-2.58789062E-1	0.00000000E+0	0.00000000E+0
-2.56347656E-1	-2.37596996E-5	-2.37596996E-5	-2.56347656E-1	0.00000000E+0	0.00000000E+0
-2.53906250E-1	-2.35358002E-5	-2.35358002E-5	-2.53906250E-1	0.00000000E+0	0.00000000E+0
-2.51464844E-1	-2.33296996E-5	-2.33296996E-5	-2.51464844E-1	0.00000000E+0	0.00000000E+0
-2.49023437E-1	-2.31005997E-5	-2.31005997E-5	-2.49023437E-1	0.00000000E+0	0.00000000E+0
-2.46582031E-1	-2.28868994E-5	-2.28868994E-5	-2.46582031E-1	0.00000000E+0	0.00000000E+0
-2.44140625E-1	-2.26808006E-5	-2.26808006E-5	-2.44140625E-1	0.00000000E+0	0.00000000E+0
-2.41699219E-1	-2.24440992E-5	-2.24440992E-5	-2.41699219E-1	0.00000000E+0	0.00000000E+0
-2.39257812E-1	-2.22150993E-5	-2.22150993E-5	-2.39257812E-1	0.00000000E+0	0.00000000E+0
-2.36816406E-1	-2.19860995E-5	-2.19860995E-5	-2.36816406E-1	0.00000000E+0	0.00000000E+0
-2.34375000E-1	-2.17761008E-5	-2.17761008E-5	-2.34375000E-1	0.00000000E+0	0.00000000E+0
-2.31933594E-1	-2.15610999E-5	-2.15610999E-5	-2.31933594E-1	0.00000000E+0	0.00000000E+0
-2.29492187E-1	-2.13448002E-5	-2.13448002E-5	-2.29492187E-1	0.00000000E+0	0.00000000E+0
-2.27050781E-1	-2.11285005E-5	-2.11285005E-5	-2.27050781E-1	0.00000000E+0	0.00000000E+0
-2.24609375E-1	-2.08906004E-5	-2.08906004E-5	-2.24609375E-1	0.00000000E+0	0.00000000E+0
-2.22167969E-1	-2.06768000E-5	-2.06768000E-5	-2.22167969E-1	0.00000000E+0	0.00000000E+0
-2.19726562E-1	-2.04541993E-5	-2.04541993E-5	-2.19726562E-1	0.00000000E+0	0.00000000E+0
-2.17285156E-1	-2.02454994E-5	-2.02454994E-5	-2.17285156E-1	0.00000000E+0	0.00000000E+0
-2.14843750E-1	-2.00063005E-5	-2.00063005E-5	-2.14843750E-1	0.00000000E+0	0.00000000E+0
-2.12402344E-1	-1.98026992E-5	-1.98026992E-5	-2.12402344E-1	0.00000000E+0	0.00000000E+0
-2.09960937E-1	-1.95813009E-5	-1.95813009E-5	-2.09960937E-1	0.00000000E+0	0.00000000E+0
-2.07519531E-1	-1.93497999E-5	-1.93497999E-5	-2.07519531E-1	0.00000000E+0	0.00000000E+0
-2.05078125E-1	-1.91308991E-5	-1.91308991E-5	-2.05078125E-1	0.00000000E+0	0.00000000E+0
-2.02636719E-1	-1.88968006E-5	-1.88968006E-5	-2.02636719E-1	0.00000000E+0	0.00000000E+0
-2.00195312E-1	-1.86728994E-5	-1.86728994E-5	-2.00195312E-1	0.00000000E+0	0.00000000E+0
-1.97753906E-1	-1.84476994E-5	-1.84476994E-5	-1.97753906E-1	0.00000000E+0	0.00000000E+0
-1.95312500E-1	-1.82097992E-5	-1.82097992E-5	-1.95312500E-1	0.00000000E+0	0.00000000E+0
-1.92871094E-1	-1.80010993E-5	-1.80010993E-5	-1.92871094E-1	0.00000000E+0	0.00000000E+0
-1.90429687E-1	-1.77695001E-5	-1.77695001E-5	-1.90429687E-1	0.00000000E+0	0.00000000E+0
-1.87988281E-1	-1.75429996E-5	-1.75429996E-5	-1.87988281E-1	0.00000000E+0	0.00000000E+0
-1.85546875E-1	-1.73216995E-5	-1.73216995E-5	-1.85546875E-1	0.00000000E+0	0.00000000E+0
-1.83105469E-1	-1.70952007E-5	-1.70952007E-5	-1.83105469E-1	0.00000000E+0	0.00000000E+0
-1.80664062E-1	-1.68788993E-5	-1.68788993E-5	-1.80664062E-1	0.00000000E+0	0.00000000E+0
-1.78222656E-1	-1.66594000E-5	-1.66594000E-5	-1.78222656E-1	0.00000000E+0	0.00000000E+0
-1.75781250E-1	-1.64207995E-5	-1.64207995E-5	-1.75781250E-1	0.00000000E+0	0.00000000E+0
-1.73339844E-1	-1.61994994E-5	-1.61994994E-5	-1.73339844E-1	0.00000000E+0	0.00000000E+0
-1.70898437E-1	-1.59755000E-5	-1.59755000E-5	-1.70898437E-1	0.00000000E+0	0.00000000E+0
-1.68457031E-1	-1.57433005E-5	-1.57433005E-5	-1.68457031E-1	0.00000000E+0	0.00000000E+0
-1.66015625E-1	-1.54996997E-5	-1.54996997E-5	-1.66015625E-1	0.00000000E+0	0.00000000E+0
-1.63574219E-1	-1.52834000E-5	-1.52834000E-5	-1.63574219E-1	0.00000000E+0	0.00000000E+0
-1.61132812E-1	-1.50543001E-5	-1.50543001E-5	-1.61132812E-1	0.00000000E+0	0.00000000E+0
-1.58691406E-1	-1.48405998E-5	-1.48405998E-5	-1.58691406E-1	0.00000000E+0	0.00000000E+0
-1.56250000E-1	-1.46039001E-5	-1.46039001E-5	-1.56250000E-1	0.00000000E+0	0.00000000E+0
-1.53808594E-1	-1.43875995E-5	-1.43875995E-5	-1.53808594E-1	0.00000000E+0	0.00000000E+0
-1.51367187E-1	-1.41637001E-5	-1.41637001E-5	-1.51367187E-1	0.00000000E+0	0.00000000E+0
-1.48925781E-1	-1.39378999E-5	-1.39378999E-5	-1.48925781E-1	0.00000000E+0	0.00000000E+0
-1.46484375E-1	-1.37031002E-5	-1.37031002E-5	-1.46484375E-1	0.00000000E+0	0.00000000E+0
-1.44042969E-1	-1.34817001E-5	-1.34817001E-5	-1.44042969E-1	0.00000000E+0	0.00000000E+0
-1.41601562E-1	-1.32489004E-5	-1.32489004E-5	-1.41601562E-1	0.00000000E+0	0.00000000E+0
-1.39160156E-1	-1.30285998E-5	-1.30285998E-5	-1.39160156E-1	0.00000000E+0	0.00000000E+0
-1.36718750E-1	-1.27977000E-5	-1.27977000E-5	-1.36718750E-1	0.00000000E+0	0.00000000E+0
-1.34277344E-1	-1.25789002E-5	-1.25789002E-5	-1.34277344E-1	0.00000000E+0	0.00000000E+0
-1.31835937E-1	-1.23440996E-5	-1.23440996E-5	-1.31835937E-1	0.00000000E+0	0.00000000E+0
-1.29394531E-1	-1.21272997E-5	-1.21272997E-5	-1.29394531E-1	0.00000000E+0	0.00000000E+0
-1.26953125E-1	-1.18866001E-5	-1.18866001E-5	-1.26953125E-1	0.00000000E+0	0.00000000E+0
-1.24511719E-1	-1.16649999E-5	-1.16649999E-5	-1.24511719E-1	0.00000000E+0	0.00000000E+0
-1.22070312E-1	-1.14372997E-5	-1.14372997E-5	-1.22070312E-1	0.00000000E+0	0.00000000E+0
-1.19628906E-1	-1.12068001E-5	-1.12068001E-5	-1.19628906E-1	0.00000000E+0	0.00000000E+0
-1.17187500E-1	-1.09787998E-5	-1.09787998E-5	-1.17187500E-1	0.00000000E+0	0.00000000E+0
-1.14746094E-1	-1.07534997E-5	-1.07534997E-5	-1.14746094E-1	0.00000000E+0	0.00000000E+0
-1.12304687E-1	-1.05256004E-5	-1.05256004E-5	-1.12304687E-1	0.00000000E+0	0.00000000E+0
-1.09863281E-1	-1.03037000E-5	-1.03037000E-5	-1.09863281E-1	0.00000000E+0	0.00000000E+0
-1.07421875E-1	-1.00787001E-5	-1.00787001E-5	-1.07421875E-1	0.00000000E+0	0.00000000E+0
-1.04980469E-1	-9.85168026E-6	-9.85168026E-6	-1.04980469E-1	0.00000000E+0	0.00000000E+0
-1.02539062E-1	-9.62117974E-6	-9.62117974E-6	-1.02539062E-1	0.00000000E+0	0.00000000E+0
-1.00097656E-1	-9.39601978E-6	-9.39601978E-6	-1.00097656E-1	0.00000000E+0	0.00000000E+0
-9.76562500E-2	-9.16781028E-6	-9.16781028E-6	-9.76562500E-2	0.00000000E+0	0.00000000E+0
-9.52148438E-2	-8.94417008E-6	-8.94417008E-6	-9.52148438E-2	0.00000000E+0	0.00000000E+0
-9.27734375E-2	-8.71366956E-6	-8.71366956E-6	-9.27734375E-2	0.00000000E+0	0.00000000E+0
-9.03320313E-2	-8.49079970E-6	-8.49079970E-6	-9.03320313E-2	0.00000000E+0	0.00000000E+0
-8.78906250E-2	-8.25496045E-6	-8.25496045E-6	-8.78906250E-2	0.00000000E+0	0.00000000E+0
-8.54492188E-2	-8.03246985E-6	-8.03246985E-6	-8.54492188E-2	0.00000000E+0	0.00000000E+0
-8.30078125E-2	-7.79777019E-6	-7.79777019E-6	-8.30078125E-2	0.00000000E+0	0.00000000E+0
-8.05664063E-2	-7.57680982E-6	-7.57680982E-6	-8.05664063E-2	0.00000000E+0	0.00000000E+0
-7.81250000E-2	-7.33942989E-6	-7.33942989E-6	-7.81250000E-2	0.00000000E+0	0.00000000E+0
-7.56835938E-2	-7.11503981E-6	-7.11503981E-6	-7.56835938E-2	0.00000000E+0	0.00000000E+0
-7.32421875E-2	-6.89064018E-6	-6.89064018E-6	-7.32421875E-2	0.00000000E+0	0.00000000E+0
-7.08007813E-2	-6.66395999E-6	-6.66395999E-6	-7.08007813E-2	0.00000000E+0	0.00000000E+0
-6.83593750E-2	-6.43115982E-6	-6.43115982E-6	-6.83593750E-2	0.00000000E+0	0.00000000E+0
-6.59179688E-2	-6.20828996E-6	-6.20828996E-6	-6.59179688E-2	0.00000000E+0	0.00000000E+0
-6.34765625E-2	-5.97321014E-6	-5.97321014E-6	-6.34765625E-2	0.00000000E+0	0.00000000E+0
-6.10351563E-2	-5.74996011E-6	-5.74996011E-6	-6.10351563E-2	0.00000000E+0	0.00000000E+0
-5.85937500E-2	-5.51487983E-6	-5.51487983E-6	-5.85937500E-2	0.00000000E+0	0.00000000E+0
-5.61523438E-2	-5.29316003E-6	-5.29316003E-6	-5.61523438E-2	0.00000000E+0	0.00000000E+0
-5.37109375E-2	-5.05903017E-6	-5.05903017E-6	-5.37109375E-2	0.00000000E+0	0.00000000E+0
-5.12695313E-2	-4.83233998E-6	-4.83233998E-6	-5.12695313E-2	0.00000000E+0	0.00000000E+0
-4.88281250E-2	-4.59782996E-6	-4.59782996E-6	-4.88281250E-2	0.00000000E+0	0.00000000E+0
-4.63867188E-2	-4.37266999E-6	-4.37266999E-6	-4.63867188E-2	0.00000000E+0	0.00000000E+0
-4.39453125E-2	-4.14064016E-6	-4.14064016E-6	-4.39453125E-2	0.00000000E+0	0.00000000E+0
-4.15039063E-2	-3.91090998E-6	-3.91090998E-6	-4.15039063E-2	0.00000000E+0	0.00000000E+0
-3.90625000E-2	-3.67429993E-6	-3.67429993E-6	-3.90625000E-2	0.00000000E+0	0.00000000E+0
-3.66210938E-2	-3.45104991E-6	-3.45104991E-6	-3.66210938E-2	0.00000000E+0	0.00000000E+0
-3.41796875E-2	-3.22093001E-6	-3.22093001E-6	-3.41796875E-2	0.00000000E+0	0.00000000E+0
-3.17382813E-2	-2.99499993E-6	-2.99499993E-6	-3.17382813E-2	0.00000000E+0	0.00000000E+0
-2.92968750E-2	-2.76106994E-6	-2.76106994E-6	-2.92968750E-2	0.00000000E+0	0.00000000E+0
-2.68554688E-2	-2.53780991E-6	-2.53780991E-6	-2.68554688E-2	0.00000000E+0	0.00000000E+0
-2.44140625E-2	-2.30731007E-6	-2.30731007E-6	-2.44140625E-2	0.00000000E+0	0.00000000E+0
-2.19726563E-2	-2.08138999E-6	-2.08138999E-6	-2.19726563E-2	0.00000000E+0	0.00000000E+0
-1.95312500E-2	-1.84821999E-6	-1.84821999E-6	-1.95312500E-2	0.00000000E+0	0.00000000E+0
-1.70898438E-2	-1.62535002E-6	-1.62535002E-6	-1.70898438E-2	0.00000000E+0	0.00000000E+0
-1.46484375E-2	-1.39523002E-6	-1.39523002E-6	-1.46484375E-2	0.00000000E+0	0.00000000E+0
-1.22070313E-2	-1.17229001E-6	-1.17229001E-6	-1.22070313E-2	0.00000000E+0	0.00000000E+0
-9.76562500E-3	-9.39910024E-7	-9.39910024E-7	-9.76562500E-3	0.00000000E+0	0.00000000E+0
-7.32421875E-3	-7.17838020E-7	-7.17838020E-7	-7.32421875E-3	0.00000000E+0	0.00000000E+0
-4.88281250E-3	-4.88358978E-7	-4.88358978E-7	-4.88281250E-3	0.00000000E+0	0.00000000E+0
-2.44140625E-3	-2.66287998E-7	-2.66287998E-7	-2.44140625E-3	0.00000000E+0	0.00000000E+0
0.00000000E+0	-3.66301016E-8	-3.66301016E-8	0.00000000E+0	0.00000000E+0	0.00000000E+0
