Date: do 28 mrt 2013, Material: Au, Temp: 4.2 K
AO1 - module gain: 1.0E+0, R_out: 0.0
AO2 - module gain: 1.0E+2
MUX1 - ADC gain: 4, logarithmic amplifier: D:\LabVIEW Data\Lithographic MCBJ\MED24_070412.TXT, R_in: 0.000
MUX2 - ADC gain: 4, linear amplifier: 1.000000 x 1e10 V/A, R_in: 1.000
Breaking trace: 15 0
Axis position: -879.970528
Vbias (V)	<I> and Ii MUX1 (A)	Vbias (V)	<I> and Ii MUX2 (A)
@
0.00000000E+0	-2.87984991E-9	-2.87984991E-9	0.00000000E+0	0.00000000E+0	0.00000000E+0
2.44140625E-3	1.13444003E-7	1.13444003E-7	2.44140625E-3	0.00000000E+0	0.00000000E+0
4.88281250E-3	3.29746996E-7	3.29746996E-7	4.88281250E-3	0.00000000E+0	0.00000000E+0
7.32421875E-3	5.39906011E-7	5.39906011E-7	7.32421875E-3	0.00000000E+0	0.00000000E+0
9.76562500E-3	7.58388978E-7	7.58388978E-7	9.76562500E-3	0.00000000E+0	0.00000000E+0
1.22070313E-2	9.68419954E-7	9.68419954E-7	1.22070313E-2	0.00000000E+0	0.00000000E+0
1.46484375E-2	1.18621995E-6	1.18621995E-6	1.46484375E-2	0.00000000E+0	0.00000000E+0
1.70898438E-2	1.39752001E-6	1.39752001E-6	1.70898438E-2	0.00000000E+0	0.00000000E+0
1.95312500E-2	1.61630999E-6	1.61630999E-6	1.95312500E-2	0.00000000E+0	0.00000000E+0
2.19726563E-2	1.82512997E-6	1.82512997E-6	2.19726563E-2	0.00000000E+0	0.00000000E+0
2.44140625E-2	2.04284993E-6	2.04284993E-6	2.44140625E-2	0.00000000E+0	0.00000000E+0
2.68554688E-2	2.25693998E-6	2.25693998E-6	2.68554688E-2	0.00000000E+0	0.00000000E+0
2.92968750E-2	2.47828007E-6	2.47828007E-6	2.92968750E-2	0.00000000E+0	0.00000000E+0
3.17382813E-2	2.68893996E-6	2.68893996E-6	3.17382813E-2	0.00000000E+0	0.00000000E+0
3.41796875E-2	2.91103993E-6	2.91103993E-6	3.41796875E-2	0.00000000E+0	0.00000000E+0
3.66210938E-2	3.12398993E-6	3.12398993E-6	3.66210938E-2	0.00000000E+0	0.00000000E+0
3.90625000E-2	3.34991000E-6	3.34991000E-6	3.90625000E-2	0.00000000E+0	0.00000000E+0
4.15039063E-2	3.56171995E-6	3.56171995E-6	4.15039063E-2	0.00000000E+0	0.00000000E+0
4.39453125E-2	3.78038999E-6	3.78038999E-6	4.39453125E-2	0.00000000E+0	0.00000000E+0
4.63867188E-2	3.99180999E-6	3.99180999E-6	4.63867188E-2	0.00000000E+0	0.00000000E+0
4.88281250E-2	4.21772984E-6	4.21772984E-6	4.88281250E-2	0.00000000E+0	0.00000000E+0
5.12695313E-2	4.42839018E-6	4.42839018E-6	5.12695313E-2	0.00000000E+0	0.00000000E+0
5.37109375E-2	4.64896993E-6	4.64896993E-6	5.37109375E-2	0.00000000E+0	0.00000000E+0
5.61523438E-2	4.86650015E-6	4.86650015E-6	5.61523438E-2	0.00000000E+0	0.00000000E+0
5.85937500E-2	5.08707990E-6	5.08707990E-6	5.85937500E-2	0.00000000E+0	0.00000000E+0
6.10351563E-2	5.30078978E-6	5.30078978E-6	6.10351563E-2	0.00000000E+0	0.00000000E+0
6.34765625E-2	5.51965013E-6	5.51965013E-6	6.34765625E-2	0.00000000E+0	0.00000000E+0
6.59179688E-2	5.73507987E-6	5.73507987E-6	6.59179688E-2	0.00000000E+0	0.00000000E+0
6.83593750E-2	5.95566007E-6	5.95566007E-6	6.83593750E-2	0.00000000E+0	0.00000000E+0
7.08007813E-2	6.17318983E-6	6.17318983E-6	7.08007813E-2	0.00000000E+0	0.00000000E+0
7.32421875E-2	6.39261998E-6	6.39261998E-6	7.32421875E-2	0.00000000E+0	0.00000000E+0
7.56835938E-2	6.61206013E-6	6.61206013E-6	7.56835938E-2	0.00000000E+0	0.00000000E+0
7.81250000E-2	6.83797998E-6	6.83797998E-6	7.81250000E-2	0.00000000E+0	0.00000000E+0
8.05664063E-2	7.04940021E-6	7.04940021E-6	8.05664063E-2	0.00000000E+0	0.00000000E+0
8.30078125E-2	7.26922008E-6	7.26922008E-6	8.30078125E-2	0.00000000E+0	0.00000000E+0
8.54492188E-2	7.48482989E-6	7.48482989E-6	8.54492188E-2	0.00000000E+0	0.00000000E+0
8.78906250E-2	7.70732004E-6	7.70732004E-6	8.78906250E-2	0.00000000E+0	0.00000000E+0
9.03320313E-2	7.92027004E-6	7.92027004E-6	9.03320313E-2	0.00000000E+0	0.00000000E+0
9.27734375E-2	8.14352006E-6	8.14352006E-6	9.27734375E-2	0.00000000E+0	0.00000000E+0
9.52148438E-2	8.35531955E-6	8.35531955E-6	9.52148438E-2	0.00000000E+0	0.00000000E+0
9.76562500E-2	8.57895975E-6	8.57895975E-6	9.76562500E-2	0.00000000E+0	0.00000000E+0
1.00097656E-1	8.79267009E-6	8.79267009E-6	1.00097656E-1	0.00000000E+0	0.00000000E+0
1.02539062E-1	9.01133990E-6	9.01133990E-6	1.02539062E-1	0.00000000E+0	0.00000000E+0
1.04980469E-1	9.22847994E-6	9.22847994E-6	1.04980469E-1	0.00000000E+0	0.00000000E+0
1.07421875E-1	9.44983003E-6	9.44983003E-6	1.07421875E-1	0.00000000E+0	0.00000000E+0
1.09863281E-1	9.66391963E-6	9.66391963E-6	1.09863281E-1	0.00000000E+0	0.00000000E+0
1.12304687E-1	9.88450029E-6	9.88450029E-6	1.12304687E-1	0.00000000E+0	0.00000000E+0
1.14746094E-1	1.01019996E-5	1.01019996E-5	1.14746094E-1	0.00000000E+0	0.00000000E+0
1.17187500E-1	1.03355997E-5	1.03355997E-5	1.17187500E-1	0.00000000E+0	0.00000000E+0
1.19628906E-1	1.05390000E-5	1.05390000E-5	1.19628906E-1	0.00000000E+0	0.00000000E+0
1.22070312E-1	1.07609003E-5	1.07609003E-5	1.22070312E-1	0.00000000E+0	0.00000000E+0
1.24511719E-1	1.09750999E-5	1.09750999E-5	1.24511719E-1	0.00000000E+0	0.00000000E+0
1.26953125E-1	1.12026000E-5	1.12026000E-5	1.26953125E-1	0.00000000E+0	0.00000000E+0
1.29394531E-1	1.14083005E-5	1.14083005E-5	1.29394531E-1	0.00000000E+0	0.00000000E+0
1.31835937E-1	1.16293004E-5	1.16293004E-5	1.31835937E-1	0.00000000E+0	0.00000000E+0
1.34277344E-1	1.18451999E-5	1.18451999E-5	1.34277344E-1	0.00000000E+0	0.00000000E+0
1.36718750E-1	1.20759996E-5	1.20759996E-5	1.36718750E-1	0.00000000E+0	0.00000000E+0
1.39160156E-1	1.22870997E-5	1.22870997E-5	1.39160156E-1	0.00000000E+0	0.00000000E+0
1.41601562E-1	1.25050001E-5	1.25050001E-5	1.41601562E-1	0.00000000E+0	0.00000000E+0
1.44042969E-1	1.27254998E-5	1.27254998E-5	1.44042969E-1	0.00000000E+0	0.00000000E+0
1.46484375E-1	1.29455002E-5	1.29455002E-5	1.46484375E-1	0.00000000E+0	0.00000000E+0
1.48925781E-1	1.31610996E-5	1.31610996E-5	1.48925781E-1	0.00000000E+0	0.00000000E+0
1.51367187E-1	1.33824997E-5	1.33824997E-5	1.51367187E-1	0.00000000E+0	0.00000000E+0
1.53808594E-1	1.35936998E-5	1.35936998E-5	1.53808594E-1	0.00000000E+0	0.00000000E+0
1.56250000E-1	1.38252999E-5	1.38252999E-5	1.56250000E-1	0.00000000E+0	0.00000000E+0
1.58691406E-1	1.40237998E-5	1.40237998E-5	1.58691406E-1	0.00000000E+0	0.00000000E+0
1.61132812E-1	1.42450999E-5	1.42450999E-5	1.61132812E-1	0.00000000E+0	0.00000000E+0
1.63574219E-1	1.44684000E-5	1.44684000E-5	1.63574219E-1	0.00000000E+0	0.00000000E+0
1.66015625E-1	1.46827997E-5	1.46827997E-5	1.66015625E-1	0.00000000E+0	0.00000000E+0
1.68457031E-1	1.48978997E-5	1.48978997E-5	1.68457031E-1	0.00000000E+0	0.00000000E+0
1.70898437E-1	1.51230997E-5	1.51230997E-5	1.70898437E-1	0.00000000E+0	0.00000000E+0
1.73339844E-1	1.53265992E-5	1.53265992E-5	1.73339844E-1	0.00000000E+0	0.00000000E+0
1.75781250E-1	1.55506004E-5	1.55506004E-5	1.75781250E-1	0.00000000E+0	0.00000000E+0
1.78222656E-1	1.57617997E-5	1.57617997E-5	1.78222656E-1	0.00000000E+0	0.00000000E+0
1.80664062E-1	1.59857009E-5	1.59857009E-5	1.80664062E-1	0.00000000E+0	0.00000000E+0
1.83105469E-1	1.61994994E-5	1.61994994E-5	1.83105469E-1	0.00000000E+0	0.00000000E+0
1.85546875E-1	1.64228004E-5	1.64228004E-5	1.85546875E-1	0.00000000E+0	0.00000000E+0
1.87988281E-1	1.66370992E-5	1.66370992E-5	1.87988281E-1	0.00000000E+0	0.00000000E+0
1.90429687E-1	1.68457991E-5	1.68457991E-5	1.90429687E-1	0.00000000E+0	0.00000000E+0
1.92871094E-1	1.70659005E-5	1.70659005E-5	1.92871094E-1	0.00000000E+0	0.00000000E+0
1.95312500E-1	1.72988002E-5	1.72988002E-5	1.95312500E-1	0.00000000E+0	0.00000000E+0
1.97753906E-1	1.75049008E-5	1.75049008E-5	1.97753906E-1	0.00000000E+0	0.00000000E+0
2.00195312E-1	1.77185993E-5	1.77185993E-5	2.00195312E-1	0.00000000E+0	0.00000000E+0
2.02636719E-1	1.79426006E-5	1.79426006E-5	2.02636719E-1	0.00000000E+0	0.00000000E+0
2.05078125E-1	1.81651994E-5	1.81651994E-5	2.05078125E-1	0.00000000E+0	0.00000000E+0
2.07519531E-1	1.83726006E-5	1.83726006E-5	2.07519531E-1	0.00000000E+0	0.00000000E+0
2.09960937E-1	1.86041998E-5	1.86041998E-5	2.09960937E-1	0.00000000E+0	0.00000000E+0
2.12402344E-1	1.88027007E-5	1.88027007E-5	2.12402344E-1	0.00000000E+0	0.00000000E+0
2.14843750E-1	1.90317005E-5	1.90317005E-5	2.14843750E-1	0.00000000E+0	0.00000000E+0
2.17285156E-1	1.92404004E-5	1.92404004E-5	2.17285156E-1	0.00000000E+0	0.00000000E+0
2.19726562E-1	1.94591994E-5	1.94591994E-5	2.19726562E-1	0.00000000E+0	0.00000000E+0
2.22167969E-1	1.96805995E-5	1.96805995E-5	2.22167969E-1	0.00000000E+0	0.00000000E+0
2.24609375E-1	1.99095994E-5	1.99095994E-5	2.24609375E-1	0.00000000E+0	0.00000000E+0
2.27050781E-1	2.01081002E-5	2.01081002E-5	2.27050781E-1	0.00000000E+0	0.00000000E+0
2.29492187E-1	2.03346008E-5	2.03346008E-5	2.29492187E-1	0.00000000E+0	0.00000000E+0
2.31933594E-1	2.05585002E-5	2.05585002E-5	2.31933594E-1	0.00000000E+0	0.00000000E+0
2.34375000E-1	2.07723006E-5	2.07723006E-5	2.34375000E-1	0.00000000E+0	0.00000000E+0
2.36816406E-1	2.09860009E-5	2.09860009E-5	2.36816406E-1	0.00000000E+0	0.00000000E+0
2.39257812E-1	2.11947008E-5	2.11947008E-5	2.39257812E-1	0.00000000E+0	0.00000000E+0
2.41699219E-1	2.14134998E-5	2.14134998E-5	2.41699219E-1	0.00000000E+0	0.00000000E+0
2.44140625E-1	2.16273002E-5	2.16273002E-5	2.44140625E-1	0.00000000E+0	0.00000000E+0
2.46582031E-1	2.18410005E-5	2.18410005E-5	2.46582031E-1	0.00000000E+0	0.00000000E+0
2.49023437E-1	2.20624006E-5	2.20624006E-5	2.49023437E-1	0.00000000E+0	0.00000000E+0
2.51464844E-1	2.22761992E-5	2.22761992E-5	2.51464844E-1	0.00000000E+0	0.00000000E+0
2.53906250E-1	2.24974992E-5	2.24974992E-5	2.53906250E-1	0.00000000E+0	0.00000000E+0
2.56347656E-1	2.26960001E-5	2.26960001E-5	2.56347656E-1	0.00000000E+0	0.00000000E+0
2.58789062E-1	2.29174002E-5	2.29174002E-5	2.58789062E-1	0.00000000E+0	0.00000000E+0
2.61230469E-1	2.31235008E-5	2.31235008E-5	2.61230469E-1	0.00000000E+0	0.00000000E+0
2.63671875E-1	2.33564006E-5	2.33564006E-5	2.63671875E-1	0.00000000E+0	0.00000000E+0
2.66113281E-1	2.35740008E-5	2.35740008E-5	2.66113281E-1	0.00000000E+0	0.00000000E+0
2.68554687E-1	2.37914992E-5	2.37914992E-5	2.68554687E-1	0.00000000E+0	0.00000000E+0
2.70996094E-1	2.39975998E-5	2.39975998E-5	2.70996094E-1	0.00000000E+0	0.00000000E+0
2.73437500E-1	2.42304995E-5	2.42304995E-5	2.73437500E-1	0.00000000E+0	0.00000000E+0
2.75878906E-1	2.44213006E-5	2.44213006E-5	2.75878906E-1	0.00000000E+0	0.00000000E+0
2.78320312E-1	2.46504005E-5	2.46504005E-5	2.78320312E-1	0.00000000E+0	0.00000000E+0
2.80761719E-1	2.48832002E-5	2.48832002E-5	2.80761719E-1	0.00000000E+0	0.00000000E+0
2.83203125E-1	2.50969006E-5	2.50969006E-5	2.83203125E-1	0.00000000E+0	0.00000000E+0
2.85644531E-1	2.52991995E-5	2.52991995E-5	2.85644531E-1	0.00000000E+0	0.00000000E+0
2.88085937E-1	2.55205996E-5	2.55205996E-5	2.88085937E-1	0.00000000E+0	0.00000000E+0
2.90527344E-1	2.57268002E-5	2.57268002E-5	2.90527344E-1	0.00000000E+0	0.00000000E+0
2.92968750E-1	2.59455992E-5	2.59455992E-5	2.92968750E-1	0.00000000E+0	0.00000000E+0
2.95410156E-1	2.61542991E-5	2.61542991E-5	2.95410156E-1	0.00000000E+0	0.00000000E+0
2.97851562E-1	2.63603997E-5	2.63603997E-5	2.97851562E-1	0.00000000E+0	0.00000000E+0
3.00292969E-1	2.65817998E-5	2.65817998E-5	3.00292969E-1	0.00000000E+0	0.00000000E+0
3.02734375E-1	2.68069998E-5	2.68069998E-5	3.02734375E-1	0.00000000E+0	0.00000000E+0
3.05175781E-1	2.70093005E-5	2.70093005E-5	3.05175781E-1	0.00000000E+0	0.00000000E+0
3.07617187E-1	2.72230009E-5	2.72230009E-5	3.07617187E-1	0.00000000E+0	0.00000000E+0
3.10058594E-1	2.74443992E-5	2.74443992E-5	3.10058594E-1	0.00000000E+0	0.00000000E+0
3.12500000E-1	2.76734008E-5	2.76734008E-5	3.12500000E-1	0.00000000E+0	0.00000000E+0
3.14941406E-1	2.78643001E-5	2.78643001E-5	3.14941406E-1	0.00000000E+0	0.00000000E+0
3.17382812E-1	2.80933000E-5	2.80933000E-5	3.17382812E-1	0.00000000E+0	0.00000000E+0
3.19824219E-1	2.83032005E-5	2.83032005E-5	3.19824219E-1	0.00000000E+0	0.00000000E+0
3.22265625E-1	2.85361002E-5	2.85361002E-5	3.22265625E-1	0.00000000E+0	0.00000000E+0
3.24707031E-1	2.87498005E-5	2.87498005E-5	3.24707031E-1	0.00000000E+0	0.00000000E+0
3.27148437E-1	2.89635991E-5	2.89635991E-5	3.27148437E-1	0.00000000E+0	0.00000000E+0
3.29589844E-1	2.91772994E-5	2.91772994E-5	3.29589844E-1	0.00000000E+0	0.00000000E+0
3.32031250E-1	2.93986996E-5	2.93986996E-5	3.32031250E-1	0.00000000E+0	0.00000000E+0
3.34472656E-1	2.96049002E-5	2.96049002E-5	3.34472656E-1	0.00000000E+0	0.00000000E+0
3.36914062E-1	2.98339000E-5	2.98339000E-5	3.36914062E-1	0.00000000E+0	0.00000000E+0
3.39355469E-1	3.00324009E-5	3.00324009E-5	3.39355469E-1	0.00000000E+0	0.00000000E+0
3.41796875E-1	3.02536992E-5	3.02536992E-5	3.41796875E-1	0.00000000E+0	0.00000000E+0
3.44238281E-1	3.04598998E-5	3.04598998E-5	3.44238281E-1	0.00000000E+0	0.00000000E+0
3.46679687E-1	3.06813017E-5	3.06813017E-5	3.46679687E-1	0.00000000E+0	0.00000000E+0
3.49121094E-1	3.08950002E-5	3.08950002E-5	3.49121094E-1	0.00000000E+0	0.00000000E+0
3.51562500E-1	3.11240001E-5	3.11240001E-5	3.51562500E-1	0.00000000E+0	0.00000000E+0
3.54003906E-1	3.13300989E-5	3.13300989E-5	3.54003906E-1	0.00000000E+0	0.00000000E+0
3.56445312E-1	3.15744001E-5	3.15744001E-5	3.56445312E-1	0.00000000E+0	0.00000000E+0
3.58886719E-1	3.17882004E-5	3.17882004E-5	3.58886719E-1	0.00000000E+0	0.00000000E+0
3.61328125E-1	3.19942992E-5	3.19942992E-5	3.61328125E-1	0.00000000E+0	0.00000000E+0
3.63769531E-1	3.22080996E-5	3.22080996E-5	3.63769531E-1	0.00000000E+0	0.00000000E+0
3.66210937E-1	3.24218017E-5	3.24218017E-5	3.66210937E-1	0.00000000E+0	0.00000000E+0
3.68652344E-1	3.26355985E-5	3.26355985E-5	3.68652344E-1	0.00000000E+0	0.00000000E+0
3.71093750E-1	3.28645983E-5	3.28645983E-5	3.71093750E-1	0.00000000E+0	0.00000000E+0
3.73535156E-1	3.30707007E-5	3.30707007E-5	3.73535156E-1	0.00000000E+0	0.00000000E+0
3.75976562E-1	3.32921009E-5	3.32921009E-5	3.75976562E-1	0.00000000E+0	0.00000000E+0
3.78417969E-1	3.35211007E-5	3.35211007E-5	3.78417969E-1	0.00000000E+0	0.00000000E+0
3.80859375E-1	3.37349011E-5	3.37349011E-5	3.80859375E-1	0.00000000E+0	0.00000000E+0
3.83300781E-1	3.39409999E-5	3.39409999E-5	3.83300781E-1	0.00000000E+0	0.00000000E+0
3.85742187E-1	3.41624000E-5	3.41624000E-5	3.85742187E-1	0.00000000E+0	0.00000000E+0
3.88183594E-1	3.43876018E-5	3.43876018E-5	3.88183594E-1	0.00000000E+0	0.00000000E+0
3.90625000E-1	3.45898989E-5	3.45898989E-5	3.90625000E-1	0.00000000E+0	0.00000000E+0
3.93066406E-1	3.48188987E-5	3.48188987E-5	3.93066406E-1	0.00000000E+0	0.00000000E+0
3.95507812E-1	3.50326991E-5	3.50326991E-5	3.95507812E-1	0.00000000E+0	0.00000000E+0
3.97949219E-1	3.52310999E-5	3.52310999E-5	3.97949219E-1	0.00000000E+0	0.00000000E+0
4.00390625E-1	3.54525000E-5	3.54525000E-5	4.00390625E-1	0.00000000E+0	0.00000000E+0
4.02832031E-1	3.56587007E-5	3.56587007E-5	4.02832031E-1	0.00000000E+0	0.00000000E+0
4.05273437E-1	3.58799989E-5	3.58799989E-5	4.05273437E-1	0.00000000E+0	0.00000000E+0
4.07714844E-1	3.61013990E-5	3.61013990E-5	4.07714844E-1	0.00000000E+0	0.00000000E+0
4.10156250E-1	3.63151994E-5	3.63151994E-5	4.10156250E-1	0.00000000E+0	0.00000000E+0
4.12597656E-1	3.65441992E-5	3.65441992E-5	4.12597656E-1	0.00000000E+0	0.00000000E+0
4.15039062E-1	3.67579996E-5	3.67579996E-5	4.15039062E-1	0.00000000E+0	0.00000000E+0
4.17480469E-1	3.69603003E-5	3.69603003E-5	4.17480469E-1	0.00000000E+0	0.00000000E+0
4.19921875E-1	3.72044997E-5	3.72044997E-5	4.19921875E-1	0.00000000E+0	0.00000000E+0
4.22363281E-1	3.73992007E-5	3.73992007E-5	4.22363281E-1	0.00000000E+0	0.00000000E+0
4.24804687E-1	3.76282005E-5	3.76282005E-5	4.24804687E-1	0.00000000E+0	0.00000000E+0
4.27246094E-1	3.78344012E-5	3.78344012E-5	4.27246094E-1	0.00000000E+0	0.00000000E+0
4.29687500E-1	3.80404999E-5	3.80404999E-5	4.29687500E-1	0.00000000E+0	0.00000000E+0
4.32128906E-1	3.82541984E-5	3.82541984E-5	4.32128906E-1	0.00000000E+0	0.00000000E+0
4.34570312E-1	3.84812993E-5	3.84812993E-5	4.34570312E-1	0.00000000E+0	0.00000000E+0
4.37011719E-1	3.86893989E-5	3.86893989E-5	4.37011719E-1	0.00000000E+0	0.00000000E+0
4.39453125E-1	3.89031011E-5	3.89031011E-5	4.39453125E-1	0.00000000E+0	0.00000000E+0
4.41894531E-1	3.91169015E-5	3.91169015E-5	4.41894531E-1	0.00000000E+0	0.00000000E+0
4.44335937E-1	3.93611990E-5	3.93611990E-5	4.44335937E-1	0.00000000E+0	0.00000000E+0
4.46777344E-1	3.95444004E-5	3.95444004E-5	4.46777344E-1	0.00000000E+0	0.00000000E+0
4.49218750E-1	3.97504991E-5	3.97504991E-5	4.49218750E-1	0.00000000E+0	0.00000000E+0
4.51660156E-1	3.99718992E-5	3.99718992E-5	4.51660156E-1	0.00000000E+0	0.00000000E+0
4.54101562E-1	4.01780017E-5	4.01780017E-5	4.54101562E-1	0.00000000E+0	0.00000000E+0
4.56542969E-1	4.03994018E-5	4.03994018E-5	4.56542969E-1	0.00000000E+0	0.00000000E+0
4.58984375E-1	4.06055005E-5	4.06055005E-5	4.58984375E-1	0.00000000E+0	0.00000000E+0
4.61425781E-1	4.08421984E-5	4.08421984E-5	4.61425781E-1	0.00000000E+0	0.00000000E+0
4.63867187E-1	4.10711982E-5	4.10711982E-5	4.63867187E-1	0.00000000E+0	0.00000000E+0
4.66308594E-1	4.13002017E-5	4.13002017E-5	4.66308594E-1	0.00000000E+0	0.00000000E+0
4.68750000E-1	4.15216018E-5	4.15216018E-5	4.68750000E-1	0.00000000E+0	0.00000000E+0
4.71191406E-1	4.17047995E-5	4.17047995E-5	4.71191406E-1	0.00000000E+0	0.00000000E+0
4.73632812E-1	4.19376993E-5	4.19376993E-5	4.73632812E-1	0.00000000E+0	0.00000000E+0
4.76074219E-1	4.21705008E-5	4.21705008E-5	4.76074219E-1	0.00000000E+0	0.00000000E+0
4.78515625E-1	4.23843012E-5	4.23843012E-5	4.78515625E-1	0.00000000E+0	0.00000000E+0
4.80957031E-1	4.25922990E-5	4.25922990E-5	4.80957031E-1	0.00000000E+0	0.00000000E+0
4.83398437E-1	4.27888990E-5	4.27888990E-5	4.83398437E-1	0.00000000E+0	0.00000000E+0
4.85839844E-1	4.30330983E-5	4.30330983E-5	4.85839844E-1	0.00000000E+0	0.00000000E+0
4.88281250E-1	4.32392990E-5	4.32392990E-5	4.88281250E-1	0.00000000E+0	0.00000000E+0
4.90722656E-1	4.34606991E-5	4.34606991E-5	4.90722656E-1	0.00000000E+0	0.00000000E+0
4.93164062E-1	4.36668015E-5	4.36668015E-5	4.93164062E-1	0.00000000E+0	0.00000000E+0
4.90722656E-1	4.34606991E-5	4.34606991E-5	4.90722656E-1	0.00000000E+0	0.00000000E+0
4.88281250E-1	4.32392990E-5	4.32392990E-5	4.88281250E-1	0.00000000E+0	0.00000000E+0
4.85839844E-1	4.30330983E-5	4.30330983E-5	4.85839844E-1	0.00000000E+0	0.00000000E+0
4.83398437E-1	4.27888990E-5	4.27888990E-5	4.83398437E-1	0.00000000E+0	0.00000000E+0
4.80957031E-1	4.25674989E-5	4.25674989E-5	4.80957031E-1	0.00000000E+0	0.00000000E+0
4.78515625E-1	4.23614001E-5	4.23614001E-5	4.78515625E-1	0.00000000E+0	0.00000000E+0
4.76074219E-1	4.21322984E-5	4.21322984E-5	4.76074219E-1	0.00000000E+0	0.00000000E+0
4.73632812E-1	4.19376993E-5	4.19376993E-5	4.73632812E-1	0.00000000E+0	0.00000000E+0
4.71191406E-1	4.17047995E-5	4.17047995E-5	4.71191406E-1	0.00000000E+0	0.00000000E+0
4.68750000E-1	4.14911010E-5	4.14911010E-5	4.68750000E-1	0.00000000E+0	0.00000000E+0
4.66308594E-1	4.12849004E-5	4.12849004E-5	4.66308594E-1	0.00000000E+0	0.00000000E+0
4.63867187E-1	4.10711982E-5	4.10711982E-5	4.63867187E-1	0.00000000E+0	0.00000000E+0
4.61425781E-1	4.08421984E-5	4.08421984E-5	4.61425781E-1	0.00000000E+0	0.00000000E+0
4.58984375E-1	4.06055005E-5	4.06055005E-5	4.58984375E-1	0.00000000E+0	0.00000000E+0
4.56542969E-1	4.03994018E-5	4.03994018E-5	4.56542969E-1	0.00000000E+0	0.00000000E+0
4.54101562E-1	4.01780017E-5	4.01780017E-5	4.54101562E-1	0.00000000E+0	0.00000000E+0
4.51660156E-1	3.99718992E-5	3.99718992E-5	4.51660156E-1	0.00000000E+0	0.00000000E+0
4.49218750E-1	3.97504991E-5	3.97504991E-5	4.49218750E-1	0.00000000E+0	0.00000000E+0
4.46777344E-1	3.95444004E-5	3.95444004E-5	4.46777344E-1	0.00000000E+0	0.00000000E+0
4.44335937E-1	3.93611990E-5	3.93611990E-5	4.44335937E-1	0.00000000E+0	0.00000000E+0
4.41894531E-1	3.91169015E-5	3.91169015E-5	4.41894531E-1	0.00000000E+0	0.00000000E+0
4.39453125E-1	3.89031011E-5	3.89031011E-5	4.39453125E-1	0.00000000E+0	0.00000000E+0
4.37011719E-1	3.86893989E-5	3.86893989E-5	4.37011719E-1	0.00000000E+0	0.00000000E+0
4.34570312E-1	3.84812993E-5	3.84812993E-5	4.34570312E-1	0.00000000E+0	0.00000000E+0
4.32128906E-1	3.82541984E-5	3.82541984E-5	4.32128906E-1	0.00000000E+0	0.00000000E+0
4.29687500E-1	3.80404999E-5	3.80404999E-5	4.29687500E-1	0.00000000E+0	0.00000000E+0
4.27246094E-1	3.78344012E-5	3.78344012E-5	4.27246094E-1	0.00000000E+0	0.00000000E+0
4.24804687E-1	3.76282005E-5	3.76282005E-5	4.24804687E-1	0.00000000E+0	0.00000000E+0
4.22363281E-1	3.73992007E-5	3.73992007E-5	4.22363281E-1	0.00000000E+0	0.00000000E+0
4.19921875E-1	3.72044997E-5	3.72044997E-5	4.19921875E-1	0.00000000E+0	0.00000000E+0
4.17480469E-1	3.69793015E-5	3.69793015E-5	4.17480469E-1	0.00000000E+0	0.00000000E+0
4.15039062E-1	3.67579996E-5	3.67579996E-5	4.15039062E-1	0.00000000E+0	0.00000000E+0
4.12597656E-1	3.65441992E-5	3.65441992E-5	4.12597656E-1	0.00000000E+0	0.00000000E+0
4.10156250E-1	3.63305007E-5	3.63305007E-5	4.10156250E-1	0.00000000E+0	0.00000000E+0
4.07714844E-1	3.61013990E-5	3.61013990E-5	4.07714844E-1	0.00000000E+0	0.00000000E+0
4.05273437E-1	3.58799989E-5	3.58799989E-5	4.05273437E-1	0.00000000E+0	0.00000000E+0
4.02832031E-1	3.56587007E-5	3.56587007E-5	4.02832031E-1	0.00000000E+0	0.00000000E+0
4.00390625E-1	3.54525000E-5	3.54525000E-5	4.00390625E-1	0.00000000E+0	0.00000000E+0
3.97949219E-1	3.52310999E-5	3.52310999E-5	3.97949219E-1	0.00000000E+0	0.00000000E+0
3.95507812E-1	3.50326991E-5	3.50326991E-5	3.95507812E-1	0.00000000E+0	0.00000000E+0
3.93066406E-1	3.48188987E-5	3.48188987E-5	3.93066406E-1	0.00000000E+0	0.00000000E+0
3.90625000E-1	3.46127999E-5	3.46127999E-5	3.90625000E-1	0.00000000E+0	0.00000000E+0
3.88183594E-1	3.43876018E-5	3.43876018E-5	3.88183594E-1	0.00000000E+0	0.00000000E+0
3.85742187E-1	3.41624000E-5	3.41624000E-5	3.85742187E-1	0.00000000E+0	0.00000000E+0
3.83300781E-1	3.39409999E-5	3.39409999E-5	3.83300781E-1	0.00000000E+0	0.00000000E+0
3.80859375E-1	3.37349011E-5	3.37349011E-5	3.80859375E-1	0.00000000E+0	0.00000000E+0
3.78417969E-1	3.35211007E-5	3.35211007E-5	3.78417969E-1	0.00000000E+0	0.00000000E+0
3.75976562E-1	3.32921009E-5	3.32921009E-5	3.75976562E-1	0.00000000E+0	0.00000000E+0
3.73535156E-1	3.30707007E-5	3.30707007E-5	3.73535156E-1	0.00000000E+0	0.00000000E+0
3.71093750E-1	3.28645983E-5	3.28645983E-5	3.71093750E-1	0.00000000E+0	0.00000000E+0
3.68652344E-1	3.26355985E-5	3.26355985E-5	3.68652344E-1	0.00000000E+0	0.00000000E+0
3.66210937E-1	3.24218017E-5	3.24218017E-5	3.66210937E-1	0.00000000E+0	0.00000000E+0
3.63769531E-1	3.22080996E-5	3.22080996E-5	3.63769531E-1	0.00000000E+0	0.00000000E+0
3.61328125E-1	3.19942992E-5	3.19942992E-5	3.61328125E-1	0.00000000E+0	0.00000000E+0
3.58886719E-1	3.17882004E-5	3.17882004E-5	3.58886719E-1	0.00000000E+0	0.00000000E+0
3.56445312E-1	3.15744001E-5	3.15744001E-5	3.56445312E-1	0.00000000E+0	0.00000000E+0
3.54003906E-1	3.13607015E-5	3.13607015E-5	3.54003906E-1	0.00000000E+0	0.00000000E+0
3.51562500E-1	3.11469012E-5	3.11469012E-5	3.51562500E-1	0.00000000E+0	0.00000000E+0
3.49121094E-1	3.09255011E-5	3.09255011E-5	3.49121094E-1	0.00000000E+0	0.00000000E+0
3.46679687E-1	3.07041992E-5	3.07041992E-5	3.46679687E-1	0.00000000E+0	0.00000000E+0
3.44238281E-1	3.04788991E-5	3.04788991E-5	3.44238281E-1	0.00000000E+0	0.00000000E+0
3.41796875E-1	3.02536992E-5	3.02536992E-5	3.41796875E-1	0.00000000E+0	0.00000000E+0
3.39355469E-1	3.00514002E-5	3.00514002E-5	3.39355469E-1	0.00000000E+0	0.00000000E+0
3.36914062E-1	2.98339000E-5	2.98339000E-5	3.36914062E-1	0.00000000E+0	0.00000000E+0
3.34472656E-1	2.96049002E-5	2.96049002E-5	3.34472656E-1	0.00000000E+0	0.00000000E+0
3.32031250E-1	2.93986996E-5	2.93986996E-5	3.32031250E-1	0.00000000E+0	0.00000000E+0
3.29589844E-1	2.91772994E-5	2.91772994E-5	3.29589844E-1	0.00000000E+0	0.00000000E+0
3.27148437E-1	2.89635991E-5	2.89635991E-5	3.27148437E-1	0.00000000E+0	0.00000000E+0
3.24707031E-1	2.87498005E-5	2.87498005E-5	3.24707031E-1	0.00000000E+0	0.00000000E+0
3.22265625E-1	2.85361002E-5	2.85361002E-5	3.22265625E-1	0.00000000E+0	0.00000000E+0
3.19824219E-1	2.83032005E-5	2.83032005E-5	3.19824219E-1	0.00000000E+0	0.00000000E+0
3.17382812E-1	2.80933000E-5	2.80933000E-5	3.17382812E-1	0.00000000E+0	0.00000000E+0
3.14941406E-1	2.78947991E-5	2.78947991E-5	3.14941406E-1	0.00000000E+0	0.00000000E+0
3.12500000E-1	2.76887004E-5	2.76887004E-5	3.12500000E-1	0.00000000E+0	0.00000000E+0
3.10058594E-1	2.74443992E-5	2.74443992E-5	3.10058594E-1	0.00000000E+0	0.00000000E+0
3.07617187E-1	2.72230009E-5	2.72230009E-5	3.07617187E-1	0.00000000E+0	0.00000000E+0
3.05175781E-1	2.70093005E-5	2.70093005E-5	3.05175781E-1	0.00000000E+0	0.00000000E+0
3.02734375E-1	2.68069998E-5	2.68069998E-5	3.02734375E-1	0.00000000E+0	0.00000000E+0
3.00292969E-1	2.65817998E-5	2.65817998E-5	3.00292969E-1	0.00000000E+0	0.00000000E+0
2.97851562E-1	2.63603997E-5	2.63603997E-5	2.97851562E-1	0.00000000E+0	0.00000000E+0
2.95410156E-1	2.61542991E-5	2.61542991E-5	2.95410156E-1	0.00000000E+0	0.00000000E+0
2.92968750E-1	2.59455992E-5	2.59455992E-5	2.92968750E-1	0.00000000E+0	0.00000000E+0
2.90527344E-1	2.57268002E-5	2.57268002E-5	2.90527344E-1	0.00000000E+0	0.00000000E+0
2.88085937E-1	2.55205996E-5	2.55205996E-5	2.88085937E-1	0.00000000E+0	0.00000000E+0
2.85644531E-1	2.52991995E-5	2.52991995E-5	2.85644531E-1	0.00000000E+0	0.00000000E+0
2.83203125E-1	2.50969006E-5	2.50969006E-5	2.83203125E-1	0.00000000E+0	0.00000000E+0
2.80761719E-1	2.48832002E-5	2.48832002E-5	2.80761719E-1	0.00000000E+0	0.00000000E+0
2.78320312E-1	2.46504005E-5	2.46504005E-5	2.78320312E-1	0.00000000E+0	0.00000000E+0
2.75878906E-1	2.44213006E-5	2.44213006E-5	2.75878906E-1	0.00000000E+0	0.00000000E+0
2.73437500E-1	2.42304995E-5	2.42304995E-5	2.73437500E-1	0.00000000E+0	0.00000000E+0
2.70996094E-1	2.39975998E-5	2.39975998E-5	2.70996094E-1	0.00000000E+0	0.00000000E+0
2.68554687E-1	2.37914992E-5	2.37914992E-5	2.68554687E-1	0.00000000E+0	0.00000000E+0
2.66113281E-1	2.35740008E-5	2.35740008E-5	2.66113281E-1	0.00000000E+0	0.00000000E+0
2.63671875E-1	2.33564006E-5	2.33564006E-5	2.63671875E-1	0.00000000E+0	0.00000000E+0
2.61230469E-1	2.31235008E-5	2.31235008E-5	2.61230469E-1	0.00000000E+0	0.00000000E+0
2.58789062E-1	2.29288999E-5	2.29288999E-5	2.58789062E-1	0.00000000E+0	0.00000000E+0
2.56347656E-1	2.27150995E-5	2.27150995E-5	2.56347656E-1	0.00000000E+0	0.00000000E+0
2.53906250E-1	2.24974992E-5	2.24974992E-5	2.53906250E-1	0.00000000E+0	0.00000000E+0
2.51464844E-1	2.22761992E-5	2.22761992E-5	2.51464844E-1	0.00000000E+0	0.00000000E+0
2.49023437E-1	2.20624006E-5	2.20624006E-5	2.49023437E-1	0.00000000E+0	0.00000000E+0
2.46582031E-1	2.18563000E-5	2.18563000E-5	2.46582031E-1	0.00000000E+0	0.00000000E+0
2.44140625E-1	2.16273002E-5	2.16273002E-5	2.44140625E-1	0.00000000E+0	0.00000000E+0
2.41699219E-1	2.14134998E-5	2.14134998E-5	2.41699219E-1	0.00000000E+0	0.00000000E+0
2.39257812E-1	2.11947008E-5	2.11947008E-5	2.39257812E-1	0.00000000E+0	0.00000000E+0
2.36816406E-1	2.09860009E-5	2.09860009E-5	2.36816406E-1	0.00000000E+0	0.00000000E+0
2.34375000E-1	2.07620997E-5	2.07620997E-5	2.34375000E-1	0.00000000E+0	0.00000000E+0
2.31933594E-1	2.05470005E-5	2.05470005E-5	2.31933594E-1	0.00000000E+0	0.00000000E+0
2.29492187E-1	2.03346008E-5	2.03346008E-5	2.29492187E-1	0.00000000E+0	0.00000000E+0
2.27050781E-1	2.01081002E-5	2.01081002E-5	2.27050781E-1	0.00000000E+0	0.00000000E+0
2.24609375E-1	1.98942998E-5	1.98942998E-5	2.24609375E-1	0.00000000E+0	0.00000000E+0
2.22167969E-1	1.96805995E-5	1.96805995E-5	2.22167969E-1	0.00000000E+0	0.00000000E+0
2.19726562E-1	1.94591994E-5	1.94591994E-5	2.19726562E-1	0.00000000E+0	0.00000000E+0
2.17285156E-1	1.92404004E-5	1.92404004E-5	2.17285156E-1	0.00000000E+0	0.00000000E+0
2.14843750E-1	1.90317005E-5	1.90317005E-5	2.14843750E-1	0.00000000E+0	0.00000000E+0
2.12402344E-1	1.88027007E-5	1.88027007E-5	2.12402344E-1	0.00000000E+0	0.00000000E+0
2.09960937E-1	1.86041998E-5	1.86041998E-5	2.09960937E-1	0.00000000E+0	0.00000000E+0
2.07519531E-1	1.83726006E-5	1.83726006E-5	2.07519531E-1	0.00000000E+0	0.00000000E+0
2.05078125E-1	1.81651994E-5	1.81651994E-5	2.05078125E-1	0.00000000E+0	0.00000000E+0
2.02636719E-1	1.79426006E-5	1.79426006E-5	2.02636719E-1	0.00000000E+0	0.00000000E+0
2.00195312E-1	1.77185993E-5	1.77185993E-5	2.00195312E-1	0.00000000E+0	0.00000000E+0
1.97753906E-1	1.75049008E-5	1.75049008E-5	1.97753906E-1	0.00000000E+0	0.00000000E+0
1.95312500E-1	1.72988002E-5	1.72988002E-5	1.95312500E-1	0.00000000E+0	0.00000000E+0
1.92871094E-1	1.70659005E-5	1.70659005E-5	1.92871094E-1	0.00000000E+0	0.00000000E+0
1.90429687E-1	1.68457991E-5	1.68457991E-5	1.90429687E-1	0.00000000E+0	0.00000000E+0
1.87988281E-1	1.66370992E-5	1.66370992E-5	1.87988281E-1	0.00000000E+0	0.00000000E+0
1.85546875E-1	1.64228004E-5	1.64228004E-5	1.85546875E-1	0.00000000E+0	0.00000000E+0
1.83105469E-1	1.61994994E-5	1.61994994E-5	1.83105469E-1	0.00000000E+0	0.00000000E+0
1.80664062E-1	1.59857009E-5	1.59857009E-5	1.80664062E-1	0.00000000E+0	0.00000000E+0
1.78222656E-1	1.57617997E-5	1.57617997E-5	1.78222656E-1	0.00000000E+0	0.00000000E+0
1.75781250E-1	1.55582002E-5	1.55582002E-5	1.75781250E-1	0.00000000E+0	0.00000000E+0
1.73339844E-1	1.53265992E-5	1.53265992E-5	1.73339844E-1	0.00000000E+0	0.00000000E+0
1.70898437E-1	1.51230997E-5	1.51230997E-5	1.70898437E-1	0.00000000E+0	0.00000000E+0
1.68457031E-1	1.48978997E-5	1.48978997E-5	1.68457031E-1	0.00000000E+0	0.00000000E+0
1.66015625E-1	1.46827997E-5	1.46827997E-5	1.66015625E-1	0.00000000E+0	0.00000000E+0
1.63574219E-1	1.44684000E-5	1.44684000E-5	1.63574219E-1	0.00000000E+0	0.00000000E+0
1.61132812E-1	1.42450999E-5	1.42450999E-5	1.61132812E-1	0.00000000E+0	0.00000000E+0
1.58691406E-1	1.40365000E-5	1.40365000E-5	1.58691406E-1	0.00000000E+0	0.00000000E+0
1.56250000E-1	1.38252999E-5	1.38252999E-5	1.56250000E-1	0.00000000E+0	0.00000000E+0
1.53808594E-1	1.35936998E-5	1.35936998E-5	1.53808594E-1	0.00000000E+0	0.00000000E+0
1.51367187E-1	1.33824997E-5	1.33824997E-5	1.51367187E-1	0.00000000E+0	0.00000000E+0
1.48925781E-1	1.31610996E-5	1.31610996E-5	1.48925781E-1	0.00000000E+0	0.00000000E+0
1.46484375E-1	1.29532000E-5	1.29532000E-5	1.46484375E-1	0.00000000E+0	0.00000000E+0
1.44042969E-1	1.27254998E-5	1.27254998E-5	1.44042969E-1	0.00000000E+0	0.00000000E+0
1.41601562E-1	1.25122997E-5	1.25122997E-5	1.41601562E-1	0.00000000E+0	0.00000000E+0
1.39160156E-1	1.22870997E-5	1.22870997E-5	1.39160156E-1	0.00000000E+0	0.00000000E+0
1.36718750E-1	1.20759996E-5	1.20759996E-5	1.36718750E-1	0.00000000E+0	0.00000000E+0
1.34277344E-1	1.18525004E-5	1.18525004E-5	1.34277344E-1	0.00000000E+0	0.00000000E+0
1.31835937E-1	1.16373003E-5	1.16373003E-5	1.31835937E-1	0.00000000E+0	0.00000000E+0
1.29394531E-1	1.14160002E-5	1.14160002E-5	1.29394531E-1	0.00000000E+0	0.00000000E+0
1.26953125E-1	1.12026000E-5	1.12026000E-5	1.26953125E-1	0.00000000E+0	0.00000000E+0
1.24511719E-1	1.09824005E-5	1.09824005E-5	1.24511719E-1	0.00000000E+0	0.00000000E+0
1.22070312E-1	1.07675996E-5	1.07675996E-5	1.22070312E-1	0.00000000E+0	0.00000000E+0
1.19628906E-1	1.05478002E-5	1.05478002E-5	1.19628906E-1	0.00000000E+0	0.00000000E+0
1.17187500E-1	1.03355997E-5	1.03355997E-5	1.17187500E-1	0.00000000E+0	0.00000000E+0
1.14746094E-1	1.01019996E-5	1.01019996E-5	1.14746094E-1	0.00000000E+0	0.00000000E+0
1.12304687E-1	9.89022010E-6	9.89022010E-6	1.12304687E-1	0.00000000E+0	0.00000000E+0
1.09863281E-1	9.66391963E-6	9.66391963E-6	1.09863281E-1	0.00000000E+0	0.00000000E+0
1.07421875E-1	9.44983003E-6	9.44983003E-6	1.07421875E-1	0.00000000E+0	0.00000000E+0
1.04980469E-1	9.22847994E-6	9.22847994E-6	1.04980469E-1	0.00000000E+0	0.00000000E+0
1.02539062E-1	9.01859039E-6	9.01859039E-6	1.02539062E-1	0.00000000E+0	0.00000000E+0
1.00097656E-1	8.79267009E-6	8.79267009E-6	1.00097656E-1	0.00000000E+0	0.00000000E+0
9.76562500E-2	8.57895975E-6	8.57895975E-6	9.76562500E-2	0.00000000E+0	0.00000000E+0
9.52148438E-2	8.35531955E-6	8.35531955E-6	9.52148438E-2	0.00000000E+0	0.00000000E+0
9.27734375E-2	8.14352006E-6	8.14352006E-6	9.27734375E-2	0.00000000E+0	0.00000000E+0
9.03320313E-2	7.92638002E-6	7.92638002E-6	9.03320313E-2	0.00000000E+0	0.00000000E+0
8.78906250E-2	7.71037958E-6	7.71037958E-6	8.78906250E-2	0.00000000E+0	0.00000000E+0
8.54492188E-2	7.48482989E-6	7.48482989E-6	8.54492188E-2	0.00000000E+0	0.00000000E+0
8.30078125E-2	7.26922008E-6	7.26922008E-6	8.30078125E-2	0.00000000E+0	0.00000000E+0
8.05664063E-2	7.04940021E-6	7.04940021E-6	8.05664063E-2	0.00000000E+0	0.00000000E+0
7.81250000E-2	6.83797998E-6	6.83797998E-6	7.81250000E-2	0.00000000E+0	0.00000000E+0
7.56835938E-2	6.61587001E-6	6.61587001E-6	7.56835938E-2	0.00000000E+0	0.00000000E+0
7.32421875E-2	6.39833979E-6	6.39833979E-6	7.32421875E-2	0.00000000E+0	0.00000000E+0
7.08007813E-2	6.17318983E-6	6.17318983E-6	7.08007813E-2	0.00000000E+0	0.00000000E+0
6.83593750E-2	5.96062000E-6	5.96062000E-6	6.83593750E-2	0.00000000E+0	0.00000000E+0
6.59179688E-2	5.73507987E-6	5.73507987E-6	6.59179688E-2	0.00000000E+0	0.00000000E+0
6.34765625E-2	5.51965013E-6	5.51965013E-6	6.34765625E-2	0.00000000E+0	0.00000000E+0
6.10351563E-2	5.30078978E-6	5.30078978E-6	6.10351563E-2	0.00000000E+0	0.00000000E+0
5.85937500E-2	5.08707990E-6	5.08707990E-6	5.85937500E-2	0.00000000E+0	0.00000000E+0
5.61523438E-2	4.86230010E-6	4.86230010E-6	5.61523438E-2	0.00000000E+0	0.00000000E+0
5.37109375E-2	4.65145013E-6	4.65145013E-6	5.37109375E-2	0.00000000E+0	0.00000000E+0
5.12695313E-2	4.42839018E-6	4.42839018E-6	5.12695313E-2	0.00000000E+0	0.00000000E+0
4.88281250E-2	4.21772984E-6	4.21772984E-6	4.88281250E-2	0.00000000E+0	0.00000000E+0
4.63867188E-2	3.99180999E-6	3.99180999E-6	4.63867188E-2	0.00000000E+0	0.00000000E+0
4.39453125E-2	3.78038999E-6	3.78038999E-6	4.39453125E-2	0.00000000E+0	0.00000000E+0
4.15039063E-2	3.56171995E-6	3.56171995E-6	4.15039063E-2	0.00000000E+0	0.00000000E+0
3.90625000E-2	3.34991000E-6	3.34991000E-6	3.90625000E-2	0.00000000E+0	0.00000000E+0
3.66210938E-2	3.12398993E-6	3.12398993E-6	3.66210938E-2	0.00000000E+0	0.00000000E+0
3.41796875E-2	2.91103993E-6	2.91103993E-6	3.41796875E-2	0.00000000E+0	0.00000000E+0
3.17382813E-2	2.68893996E-6	2.68893996E-6	3.17382813E-2	0.00000000E+0	0.00000000E+0
2.92968750E-2	2.47598996E-6	2.47598996E-6	2.92968750E-2	0.00000000E+0	0.00000000E+0
2.68554688E-2	2.25693998E-6	2.25693998E-6	2.68554688E-2	0.00000000E+0	0.00000000E+0
2.44140625E-2	2.04284993E-6	2.04284993E-6	2.44140625E-2	0.00000000E+0	0.00000000E+0
2.19726563E-2	1.82608005E-6	1.82608005E-6	2.19726563E-2	0.00000000E+0	0.00000000E+0
1.95312500E-2	1.61630999E-6	1.61630999E-6	1.95312500E-2	0.00000000E+0	0.00000000E+0
1.70898438E-2	1.39650001E-6	1.39650001E-6	1.70898438E-2	0.00000000E+0	0.00000000E+0
1.46484375E-2	1.18514004E-6	1.18514004E-6	1.46484375E-2	0.00000000E+0	0.00000000E+0
1.22070313E-2	9.66982043E-7	9.66982043E-7	1.22070313E-2	0.00000000E+0	0.00000000E+0
9.76562500E-3	7.57891996E-7	7.57891996E-7	9.76562500E-3	0.00000000E+0	0.00000000E+0
7.32421875E-3	5.39600990E-7	5.39600990E-7	7.32421875E-3	0.00000000E+0	0.00000000E+0
4.88281250E-3	3.30053012E-7	3.30053012E-7	4.88281250E-3	0.00000000E+0	0.00000000E+0
2.44140625E-3	1.17337002E-7	1.17337002E-7	2.44140625E-3	0.00000000E+0	0.00000000E+0
0.00000000E+0	-3.09623993E-9	-3.09623993E-9	0.00000000E+0	0.00000000E+0	0.00000000E+0
-2.44140625E-3	-2.67661989E-7	-2.67661989E-7	-2.44140625E-3	0.00000000E+0	0.00000000E+0
-4.88281250E-3	-4.91796015E-7	-4.91796015E-7	-4.88281250E-3	0.00000000E+0	0.00000000E+0
-7.32421875E-3	-7.23183973E-7	-7.23183973E-7	-7.32421875E-3	0.00000000E+0	0.00000000E+0
-9.76562500E-3	-9.47394028E-7	-9.47394028E-7	-9.76562500E-3	0.00000000E+0	0.00000000E+0
-1.22070313E-2	-1.17987997E-6	-1.17987997E-6	-1.22070313E-2	0.00000000E+0	0.00000000E+0
-1.46484375E-2	-1.40437999E-6	-1.40437999E-6	-1.46484375E-2	0.00000000E+0	0.00000000E+0
-1.70898438E-2	-1.63641005E-6	-1.63641005E-6	-1.70898438E-2	0.00000000E+0	0.00000000E+0
-1.95312500E-2	-1.86081002E-6	-1.86081002E-6	-1.95312500E-2	0.00000000E+0	0.00000000E+0
-2.19726563E-2	-2.09550990E-6	-2.09550990E-6	-2.19726563E-2	0.00000000E+0	0.00000000E+0
-2.44140625E-2	-2.32563002E-6	-2.32563002E-6	-2.44140625E-2	0.00000000E+0	0.00000000E+0
-2.68554688E-2	-2.55957002E-6	-2.55957002E-6	-2.68554688E-2	0.00000000E+0	0.00000000E+0
-2.92968750E-2	-2.78357993E-6	-2.78357993E-6	-2.92968750E-2	0.00000000E+0	0.00000000E+0
-3.17382813E-2	-3.01943010E-6	-3.01943010E-6	-3.17382813E-2	0.00000000E+0	0.00000000E+0
-3.41796875E-2	-3.24839993E-6	-3.24839993E-6	-3.41796875E-2	0.00000000E+0	0.00000000E+0
-3.66210938E-2	-3.47967011E-6	-3.47967011E-6	-3.66210938E-2	0.00000000E+0	0.00000000E+0
-3.90625000E-2	-3.70405996E-6	-3.70405996E-6	-3.90625000E-2	0.00000000E+0	0.00000000E+0
-4.15039063E-2	-3.94448989E-6	-3.94448989E-6	-4.15039063E-2	0.00000000E+0	0.00000000E+0
-4.39453125E-2	-4.17423007E-6	-4.17423007E-6	-4.39453125E-2	0.00000000E+0	0.00000000E+0
-4.63867188E-2	-4.40930989E-6	-4.40930989E-6	-4.63867188E-2	0.00000000E+0	0.00000000E+0
-4.88281250E-2	-4.63523020E-6	-4.63523020E-6	-4.88281250E-2	0.00000000E+0	0.00000000E+0
-5.12695313E-2	-4.87794978E-6	-4.87794978E-6	-5.12695313E-2	0.00000000E+0	0.00000000E+0
-5.37109375E-2	-5.10387008E-6	-5.10387008E-6	-5.37109375E-2	0.00000000E+0	0.00000000E+0
-5.61523438E-2	-5.33589991E-6	-5.33589991E-6	-5.61523438E-2	0.00000000E+0	0.00000000E+0
-5.85937500E-2	-5.56373016E-6	-5.56373016E-6	-5.85937500E-2	0.00000000E+0	0.00000000E+0
-6.10351563E-2	-5.80071992E-6	-5.80071992E-6	-6.10351563E-2	0.00000000E+0	0.00000000E+0
-6.34765625E-2	-6.02740010E-6	-6.02740010E-6	-6.34765625E-2	0.00000000E+0	0.00000000E+0
-6.59179688E-2	-6.26478004E-6	-6.26478004E-6	-6.59179688E-2	0.00000000E+0	0.00000000E+0
-6.83593750E-2	-6.48764990E-6	-6.48764990E-6	-6.83593750E-2	0.00000000E+0	0.00000000E+0
-7.08007813E-2	-6.72195983E-6	-6.72195983E-6	-7.08007813E-2	0.00000000E+0	0.00000000E+0
-7.32421875E-2	-6.94674009E-6	-6.94674009E-6	-7.32421875E-2	0.00000000E+0	0.00000000E+0
-7.56835938E-2	-7.18449019E-6	-7.18449019E-6	-7.56835938E-2	0.00000000E+0	0.00000000E+0
-7.81250000E-2	-7.40736004E-6	-7.40736004E-6	-7.81250000E-2	0.00000000E+0	0.00000000E+0
-8.05664063E-2	-7.63863045E-6	-7.63863045E-6	-8.05664063E-2	0.00000000E+0	0.00000000E+0
-8.30078125E-2	-7.86874989E-6	-7.86874989E-6	-8.30078125E-2	0.00000000E+0	0.00000000E+0
-8.54492188E-2	-8.10345045E-6	-8.10345045E-6	-8.54492188E-2	0.00000000E+0	0.00000000E+0
-8.78906250E-2	-8.33165996E-6	-8.33165996E-6	-8.78906250E-2	0.00000000E+0	0.00000000E+0
-9.03320313E-2	-8.56826955E-6	-8.56826955E-6	-9.03320313E-2	0.00000000E+0	0.00000000E+0
-9.27734375E-2	-8.79076015E-6	-8.79076015E-6	-9.27734375E-2	0.00000000E+0	0.00000000E+0
-9.52148438E-2	-9.01744988E-6	-9.01744988E-6	-9.52148438E-2	0.00000000E+0	0.00000000E+0
-9.76562500E-2	-9.24412961E-6	-9.24412961E-6	-9.76562500E-2	0.00000000E+0	0.00000000E+0
-1.00097656E-1	-9.47551962E-6	-9.47551962E-6	-1.00097656E-1	0.00000000E+0	0.00000000E+0
-1.02539062E-1	-9.70093970E-6	-9.70093970E-6	-1.02539062E-1	0.00000000E+0	0.00000000E+0
-1.04980469E-1	-9.93144022E-6	-9.93144022E-6	-1.04980469E-1	0.00000000E+0	0.00000000E+0
-1.07421875E-1	-1.01547002E-5	-1.01547002E-5	-1.07421875E-1	0.00000000E+0	0.00000000E+0
-1.09863281E-1	-1.03893999E-5	-1.03893999E-5	-1.09863281E-1	0.00000000E+0	0.00000000E+0
-1.12304687E-1	-1.06022999E-5	-1.06022999E-5	-1.12304687E-1	0.00000000E+0	0.00000000E+0
-1.14746094E-1	-1.08339000E-5	-1.08339000E-5	-1.14746094E-1	0.00000000E+0	0.00000000E+0
-1.17187500E-1	-1.10519004E-5	-1.10519004E-5	-1.17187500E-1	0.00000000E+0	0.00000000E+0
-1.19628906E-1	-1.12913003E-5	-1.12913003E-5	-1.19628906E-1	0.00000000E+0	0.00000000E+0
-1.22070312E-1	-1.15153998E-5	-1.15153998E-5	-1.22070312E-1	0.00000000E+0	0.00000000E+0
-1.24511719E-1	-1.17464997E-5	-1.17464997E-5	-1.24511719E-1	0.00000000E+0	0.00000000E+0
-1.26953125E-1	-1.19677998E-5	-1.19677998E-5	-1.26953125E-1	0.00000000E+0	0.00000000E+0
-1.29394531E-1	-1.22018000E-5	-1.22018000E-5	-1.29394531E-1	0.00000000E+0	0.00000000E+0
-1.31835937E-1	-1.24223998E-5	-1.24223998E-5	-1.31835937E-1	0.00000000E+0	0.00000000E+0
-1.34277344E-1	-1.26547002E-5	-1.26547002E-5	-1.34277344E-1	0.00000000E+0	0.00000000E+0
-1.36718750E-1	-1.28756001E-5	-1.28756001E-5	-1.36718750E-1	0.00000000E+0	0.00000000E+0
-1.39160156E-1	-1.31077004E-5	-1.31077004E-5	-1.39160156E-1	0.00000000E+0	0.00000000E+0
-1.41601562E-1	-1.33367002E-5	-1.33367002E-5	-1.41601562E-1	0.00000000E+0	0.00000000E+0
-1.44042969E-1	-1.35529999E-5	-1.35529999E-5	-1.44042969E-1	0.00000000E+0	0.00000000E+0
-1.46484375E-1	-1.37871002E-5	-1.37871002E-5	-1.46484375E-1	0.00000000E+0	0.00000000E+0
-1.48925781E-1	-1.40109996E-5	-1.40109996E-5	-1.48925781E-1	0.00000000E+0	0.00000000E+0
-1.51367187E-1	-1.42356002E-5	-1.42356002E-5	-1.51367187E-1	0.00000000E+0	0.00000000E+0
-1.53808594E-1	-1.44691003E-5	-1.44691003E-5	-1.53808594E-1	0.00000000E+0	0.00000000E+0
-1.56250000E-1	-1.46954999E-5	-1.46954999E-5	-1.56250000E-1	0.00000000E+0	0.00000000E+0
-1.58691406E-1	-1.49169000E-5	-1.49169000E-5	-1.58691406E-1	0.00000000E+0	0.00000000E+0
-1.61132812E-1	-1.51485001E-5	-1.51485001E-5	-1.61132812E-1	0.00000000E+0	0.00000000E+0
-1.63574219E-1	-1.53768997E-5	-1.53768997E-5	-1.63574219E-1	0.00000000E+0	0.00000000E+0
-1.66015625E-1	-1.56014994E-5	-1.56014994E-5	-1.66015625E-1	0.00000000E+0	0.00000000E+0
-1.68457031E-1	-1.58330004E-5	-1.58330004E-5	-1.68457031E-1	0.00000000E+0	0.00000000E+0
-1.70898437E-1	-1.60620002E-5	-1.60620002E-5	-1.70898437E-1	0.00000000E+0	0.00000000E+0
-1.73339844E-1	-1.63006007E-5	-1.63006007E-5	-1.73339844E-1	0.00000000E+0	0.00000000E+0
-1.75781250E-1	-1.65238998E-5	-1.65238998E-5	-1.75781250E-1	0.00000000E+0	0.00000000E+0
-1.78222656E-1	-1.67490998E-5	-1.67490998E-5	-1.78222656E-1	0.00000000E+0	0.00000000E+0
-1.80664062E-1	-1.69756004E-5	-1.69756004E-5	-1.80664062E-1	0.00000000E+0	0.00000000E+0
-1.83105469E-1	-1.71970005E-5	-1.71970005E-5	-1.83105469E-1	0.00000000E+0	0.00000000E+0
-1.85546875E-1	-1.74284996E-5	-1.74284996E-5	-1.85546875E-1	0.00000000E+0	0.00000000E+0
-1.87988281E-1	-1.76651993E-5	-1.76651993E-5	-1.87988281E-1	0.00000000E+0	0.00000000E+0
-1.90429687E-1	-1.78788996E-5	-1.78788996E-5	-1.90429687E-1	0.00000000E+0	0.00000000E+0
-1.92871094E-1	-1.81079995E-5	-1.81079995E-5	-1.92871094E-1	0.00000000E+0	0.00000000E+0
-1.95312500E-1	-1.83369993E-5	-1.83369993E-5	-1.95312500E-1	0.00000000E+0	0.00000000E+0
-1.97753906E-1	-1.85659992E-5	-1.85659992E-5	-1.97753906E-1	0.00000000E+0	0.00000000E+0
-2.00195312E-1	-1.87950009E-5	-1.87950009E-5	-2.00195312E-1	0.00000000E+0	0.00000000E+0
-2.02636719E-1	-1.90087994E-5	-1.90087994E-5	-2.02636719E-1	0.00000000E+0	0.00000000E+0
-2.05078125E-1	-1.92377993E-5	-1.92377993E-5	-2.05078125E-1	0.00000000E+0	0.00000000E+0
-2.07519531E-1	-1.94591994E-5	-1.94591994E-5	-2.07519531E-1	0.00000000E+0	0.00000000E+0
-2.09960937E-1	-1.96959008E-5	-1.96959008E-5	-2.09960937E-1	0.00000000E+0	0.00000000E+0
-2.12402344E-1	-1.99095994E-5	-1.99095994E-5	-2.12402344E-1	0.00000000E+0	0.00000000E+0
-2.14843750E-1	-2.01385992E-5	-2.01385992E-5	-2.14843750E-1	0.00000000E+0	0.00000000E+0
-2.17285156E-1	-2.03599993E-5	-2.03599993E-5	-2.17285156E-1	0.00000000E+0	0.00000000E+0
-2.19726562E-1	-2.05775996E-5	-2.05775996E-5	-2.19726562E-1	0.00000000E+0	0.00000000E+0
-2.22167969E-1	-2.08103993E-5	-2.08103993E-5	-2.22167969E-1	0.00000000E+0	0.00000000E+0
-2.24609375E-1	-2.10241997E-5	-2.10241997E-5	-2.24609375E-1	0.00000000E+0	0.00000000E+0
-2.27050781E-1	-2.12531995E-5	-2.12531995E-5	-2.27050781E-1	0.00000000E+0	0.00000000E+0
-2.29492187E-1	-2.14669999E-5	-2.14669999E-5	-2.29492187E-1	0.00000000E+0	0.00000000E+0
-2.31933594E-1	-2.16908993E-5	-2.16908993E-5	-2.31933594E-1	0.00000000E+0	0.00000000E+0
-2.34375000E-1	-2.19097001E-5	-2.19097001E-5	-2.34375000E-1	0.00000000E+0	0.00000000E+0
-2.36816406E-1	-2.21539995E-5	-2.21539995E-5	-2.36816406E-1	0.00000000E+0	0.00000000E+0
-2.39257812E-1	-2.23563002E-5	-2.23563002E-5	-2.39257812E-1	0.00000000E+0	0.00000000E+0
-2.41699219E-1	-2.25815002E-5	-2.25815002E-5	-2.41699219E-1	0.00000000E+0	0.00000000E+0
-2.44140625E-1	-2.28105000E-5	-2.28105000E-5	-2.44140625E-1	0.00000000E+0	0.00000000E+0
-2.46582031E-1	-2.30267997E-5	-2.30267997E-5	-2.46582031E-1	0.00000000E+0	0.00000000E+0
-2.49023437E-1	-2.32457005E-5	-2.32457005E-5	-2.49023437E-1	0.00000000E+0	0.00000000E+0
-2.51464844E-1	-2.34594008E-5	-2.34594008E-5	-2.51464844E-1	0.00000000E+0	0.00000000E+0
-2.53906250E-1	-2.36807991E-5	-2.36807991E-5	-2.53906250E-1	0.00000000E+0	0.00000000E+0
-2.56347656E-1	-2.39059991E-5	-2.39059991E-5	-2.56347656E-1	0.00000000E+0	0.00000000E+0
-2.58789062E-1	-2.41273992E-5	-2.41273992E-5	-2.58789062E-1	0.00000000E+0	0.00000000E+0
-2.61230469E-1	-2.43525992E-5	-2.43525992E-5	-2.61230469E-1	0.00000000E+0	0.00000000E+0
-2.63671875E-1	-2.45663996E-5	-2.45663996E-5	-2.63671875E-1	0.00000000E+0	0.00000000E+0
-2.66113281E-1	-2.47800999E-5	-2.47800999E-5	-2.66113281E-1	0.00000000E+0	0.00000000E+0
-2.68554687E-1	-2.50243993E-5	-2.50243993E-5	-2.68554687E-1	0.00000000E+0	0.00000000E+0
-2.70996094E-1	-2.52381997E-5	-2.52381997E-5	-2.70996094E-1	0.00000000E+0	0.00000000E+0
-2.73437500E-1	-2.54443003E-5	-2.54443003E-5	-2.73437500E-1	0.00000000E+0	0.00000000E+0
-2.75878906E-1	-2.56657004E-5	-2.56657004E-5	-2.75878906E-1	0.00000000E+0	0.00000000E+0
-2.78320312E-1	-2.58947002E-5	-2.58947002E-5	-2.78320312E-1	0.00000000E+0	0.00000000E+0
-2.80761719E-1	-2.61237001E-5	-2.61237001E-5	-2.80761719E-1	0.00000000E+0	0.00000000E+0
-2.83203125E-1	-2.63221991E-5	-2.63221991E-5	-2.83203125E-1	0.00000000E+0	0.00000000E+0
-2.85644531E-1	-2.65613999E-5	-2.65613999E-5	-2.85644531E-1	0.00000000E+0	0.00000000E+0
-2.88085937E-1	-2.67649993E-5	-2.67649993E-5	-2.88085937E-1	0.00000000E+0	0.00000000E+0
-2.90527344E-1	-2.70093005E-5	-2.70093005E-5	-2.90527344E-1	0.00000000E+0	0.00000000E+0
-2.92968750E-1	-2.72153993E-5	-2.72153993E-5	-2.92968750E-1	0.00000000E+0	0.00000000E+0
-2.95410156E-1	-2.74673002E-5	-2.74673002E-5	-2.95410156E-1	0.00000000E+0	0.00000000E+0
-2.97851562E-1	-2.76963001E-5	-2.76963001E-5	-2.97851562E-1	0.00000000E+0	0.00000000E+0
-3.00292969E-1	-2.79254000E-5	-2.79254000E-5	-3.00292969E-1	0.00000000E+0	0.00000000E+0
-3.02734375E-1	-2.81161992E-5	-2.81161992E-5	-3.02734375E-1	0.00000000E+0	0.00000000E+0
-3.05175781E-1	-2.83529007E-5	-2.83529007E-5	-3.05175781E-1	0.00000000E+0	0.00000000E+0
-3.07617187E-1	-2.85665992E-5	-2.85665992E-5	-3.07617187E-1	0.00000000E+0	0.00000000E+0
-3.10058594E-1	-2.88109004E-5	-2.88109004E-5	-3.10058594E-1	0.00000000E+0	0.00000000E+0
-3.12500000E-1	-2.90093994E-5	-2.90093994E-5	-3.12500000E-1	0.00000000E+0	0.00000000E+0
-3.14941406E-1	-2.92307996E-5	-2.92307996E-5	-3.14941406E-1	0.00000000E+0	0.00000000E+0
-3.17382812E-1	-2.94521997E-5	-2.94521997E-5	-3.17382812E-1	0.00000000E+0	0.00000000E+0
-3.19824219E-1	-2.96965009E-5	-2.96965009E-5	-3.19824219E-1	0.00000000E+0	0.00000000E+0
-3.22265625E-1	-2.99025996E-5	-2.99025996E-5	-3.22265625E-1	0.00000000E+0	0.00000000E+0
-3.24707031E-1	-3.01239997E-5	-3.01239997E-5	-3.24707031E-1	0.00000000E+0	0.00000000E+0
-3.27148437E-1	-3.03605993E-5	-3.03605993E-5	-3.27148437E-1	0.00000000E+0	0.00000000E+0
-3.29589844E-1	-3.05934991E-5	-3.05934991E-5	-3.29589844E-1	0.00000000E+0	0.00000000E+0
-3.32031250E-1	-3.08109993E-5	-3.08109993E-5	-3.32031250E-1	0.00000000E+0	0.00000000E+0
-3.34472656E-1	-3.10323994E-5	-3.10323994E-5	-3.34472656E-1	0.00000000E+0	0.00000000E+0
-3.36914062E-1	-3.12384982E-5	-3.12384982E-5	-3.36914062E-1	0.00000000E+0	0.00000000E+0
-3.39355469E-1	-3.14790013E-5	-3.14790013E-5	-3.39355469E-1	0.00000000E+0	0.00000000E+0
-3.41796875E-1	-3.16928017E-5	-3.16928017E-5	-3.41796875E-1	0.00000000E+0	0.00000000E+0
-3.44238281E-1	-3.19255996E-5	-3.19255996E-5	-3.44238281E-1	0.00000000E+0	0.00000000E+0
-3.46679687E-1	-3.21394000E-5	-3.21394000E-5	-3.46679687E-1	0.00000000E+0	0.00000000E+0
-3.49121094E-1	-3.23683998E-5	-3.23683998E-5	-3.49121094E-1	0.00000000E+0	0.00000000E+0
-3.51562500E-1	-3.25820984E-5	-3.25820984E-5	-3.51562500E-1	0.00000000E+0	0.00000000E+0
-3.54003906E-1	-3.28112001E-5	-3.28112001E-5	-3.54003906E-1	0.00000000E+0	0.00000000E+0
-3.56445312E-1	-3.30248986E-5	-3.30248986E-5	-3.56445312E-1	0.00000000E+0	0.00000000E+0
-3.58886719E-1	-3.32501004E-5	-3.32501004E-5	-3.58886719E-1	0.00000000E+0	0.00000000E+0
-3.61328125E-1	-3.34772012E-5	-3.34772012E-5	-3.61328125E-1	0.00000000E+0	0.00000000E+0
-3.63769531E-1	-3.36966987E-5	-3.36966987E-5	-3.63769531E-1	0.00000000E+0	0.00000000E+0
-3.66210937E-1	-3.39409999E-5	-3.39409999E-5	-3.66210937E-1	0.00000000E+0	0.00000000E+0
-3.68652344E-1	-3.41433006E-5	-3.41433006E-5	-3.68652344E-1	0.00000000E+0	0.00000000E+0
-3.71093750E-1	-3.43684987E-5	-3.43684987E-5	-3.71093750E-1	0.00000000E+0	0.00000000E+0
-3.73535156E-1	-3.46013003E-5	-3.46013003E-5	-3.73535156E-1	0.00000000E+0	0.00000000E+0
-3.75976562E-1	-3.48112990E-5	-3.48112990E-5	-3.75976562E-1	0.00000000E+0	0.00000000E+0
-3.78417969E-1	-3.50556002E-5	-3.50556002E-5	-3.78417969E-1	0.00000000E+0	0.00000000E+0
-3.80859375E-1	-3.52349998E-5	-3.52349998E-5	-3.80859375E-1	0.00000000E+0	0.00000000E+0
-3.83300781E-1	-3.54869007E-5	-3.54869007E-5	-3.83300781E-1	0.00000000E+0	0.00000000E+0
-3.85742187E-1	-3.56700984E-5	-3.56700984E-5	-3.85742187E-1	0.00000000E+0	0.00000000E+0
-3.88183594E-1	-3.59182013E-5	-3.59182013E-5	-3.88183594E-1	0.00000000E+0	0.00000000E+0
-3.90625000E-1	-3.61167004E-5	-3.61167004E-5	-3.90625000E-1	0.00000000E+0	0.00000000E+0
-3.93066406E-1	-3.63457002E-5	-3.63457002E-5	-3.93066406E-1	0.00000000E+0	0.00000000E+0
-3.95507812E-1	-3.65747001E-5	-3.65747001E-5	-3.95507812E-1	0.00000000E+0	0.00000000E+0
-3.97949219E-1	-3.67961002E-5	-3.67961002E-5	-3.97949219E-1	0.00000000E+0	0.00000000E+0
-4.00390625E-1	-3.70175003E-5	-3.70175003E-5	-4.00390625E-1	0.00000000E+0	0.00000000E+0
-4.02832031E-1	-3.72465001E-5	-3.72465001E-5	-4.02832031E-1	0.00000000E+0	0.00000000E+0
-4.05273437E-1	-3.74449992E-5	-3.74449992E-5	-4.05273437E-1	0.00000000E+0	0.00000000E+0
-4.07714844E-1	-3.76663993E-5	-3.76663993E-5	-4.07714844E-1	0.00000000E+0	0.00000000E+0
-4.10156250E-1	-3.79068988E-5	-3.79068988E-5	-4.10156250E-1	0.00000000E+0	0.00000000E+0
-4.12597656E-1	-3.81321006E-5	-3.81321006E-5	-4.12597656E-1	0.00000000E+0	0.00000000E+0
-4.15039062E-1	-3.83457991E-5	-3.83457991E-5	-4.15039062E-1	0.00000000E+0	0.00000000E+0
-4.17480469E-1	-3.85595995E-5	-3.85595995E-5	-4.17480469E-1	0.00000000E+0	0.00000000E+0
-4.19921875E-1	-3.87543005E-5	-3.87543005E-5	-4.19921875E-1	0.00000000E+0	0.00000000E+0
-4.22363281E-1	-3.89870984E-5	-3.89870984E-5	-4.22363281E-1	0.00000000E+0	0.00000000E+0
-4.24804687E-1	-3.91932008E-5	-3.91932008E-5	-4.24804687E-1	0.00000000E+0	0.00000000E+0
-4.27246094E-1	-3.94451017E-5	-3.94451017E-5	-4.27246094E-1	0.00000000E+0	0.00000000E+0
-4.29687500E-1	-3.96588985E-5	-3.96588985E-5	-4.29687500E-1	0.00000000E+0	0.00000000E+0
-4.32128906E-1	-3.98878983E-5	-3.98878983E-5	-4.32128906E-1	0.00000000E+0	0.00000000E+0
-4.34570312E-1	-4.01092984E-5	-4.01092984E-5	-4.34570312E-1	0.00000000E+0	0.00000000E+0
-4.37011719E-1	-4.03002014E-5	-4.03002014E-5	-4.37011719E-1	0.00000000E+0	0.00000000E+0
-4.39453125E-1	-4.05444007E-5	-4.05444007E-5	-4.39453125E-1	0.00000000E+0	0.00000000E+0
-4.41894531E-1	-4.07658008E-5	-4.07658008E-5	-4.41894531E-1	0.00000000E+0	0.00000000E+0
-4.44335937E-1	-4.10024986E-5	-4.10024986E-5	-4.44335937E-1	0.00000000E+0	0.00000000E+0
-4.46777344E-1	-4.12162008E-5	-4.12162008E-5	-4.46777344E-1	0.00000000E+0	0.00000000E+0
-4.49218750E-1	-4.14071001E-5	-4.14071001E-5	-4.49218750E-1	0.00000000E+0	0.00000000E+0
-4.51660156E-1	-4.16436997E-5	-4.16436997E-5	-4.51660156E-1	0.00000000E+0	0.00000000E+0
-4.54101562E-1	-4.18650998E-5	-4.18650998E-5	-4.54101562E-1	0.00000000E+0	0.00000000E+0
-4.56542969E-1	-4.20789002E-5	-4.20789002E-5	-4.56542969E-1	0.00000000E+0	0.00000000E+0
-4.58984375E-1	-4.23154997E-5	-4.23154997E-5	-4.58984375E-1	0.00000000E+0	0.00000000E+0
-4.61425781E-1	-4.25368999E-5	-4.25368999E-5	-4.61425781E-1	0.00000000E+0	0.00000000E+0
-4.63867187E-1	-4.27431005E-5	-4.27431005E-5	-4.63867187E-1	0.00000000E+0	0.00000000E+0
-4.66308594E-1	-4.29567990E-5	-4.29567990E-5	-4.66308594E-1	0.00000000E+0	0.00000000E+0
-4.68750000E-1	-4.31705994E-5	-4.31705994E-5	-4.68750000E-1	0.00000000E+0	0.00000000E+0
-4.71191406E-1	-4.33919013E-5	-4.33919013E-5	-4.71191406E-1	0.00000000E+0	0.00000000E+0
-4.73632812E-1	-4.36361988E-5	-4.36361988E-5	-4.73632812E-1	0.00000000E+0	0.00000000E+0
-4.76074219E-1	-4.38194984E-5	-4.38194984E-5	-4.76074219E-1	0.00000000E+0	0.00000000E+0
-4.78515625E-1	-4.40637014E-5	-4.40637014E-5	-4.78515625E-1	0.00000000E+0	0.00000000E+0
-4.80957031E-1	-4.43079989E-5	-4.43079989E-5	-4.80957031E-1	0.00000000E+0	0.00000000E+0
-4.83398437E-1	-4.45141995E-5	-4.45141995E-5	-4.83398437E-1	0.00000000E+0	0.00000000E+0
-4.85839844E-1	-4.47355014E-5	-4.47355014E-5	-4.85839844E-1	0.00000000E+0	0.00000000E+0
-4.88281250E-1	-4.49416984E-5	-4.49416984E-5	-4.88281250E-1	0.00000000E+0	0.00000000E+0
-4.90722656E-1	-4.51630003E-5	-4.51630003E-5	-4.90722656E-1	0.00000000E+0	0.00000000E+0
-4.93164062E-1	-4.53768007E-5	-4.53768007E-5	-4.93164062E-1	0.00000000E+0	0.00000000E+0
-4.90722656E-1	-4.51630003E-5	-4.51630003E-5	-4.90722656E-1	0.00000000E+0	0.00000000E+0
-4.88281250E-1	-4.49416984E-5	-4.49416984E-5	-4.88281250E-1	0.00000000E+0	0.00000000E+0
-4.85839844E-1	-4.47050006E-5	-4.47050006E-5	-4.85839844E-1	0.00000000E+0	0.00000000E+0
-4.83398437E-1	-4.45141995E-5	-4.45141995E-5	-4.83398437E-1	0.00000000E+0	0.00000000E+0
-4.80957031E-1	-4.42775017E-5	-4.42775017E-5	-4.80957031E-1	0.00000000E+0	0.00000000E+0
-4.78515625E-1	-4.40637014E-5	-4.40637014E-5	-4.78515625E-1	0.00000000E+0	0.00000000E+0
-4.76074219E-1	-4.38194984E-5	-4.38194984E-5	-4.76074219E-1	0.00000000E+0	0.00000000E+0
-4.73632812E-1	-4.36361988E-5	-4.36361988E-5	-4.73632812E-1	0.00000000E+0	0.00000000E+0
-4.71191406E-1	-4.33919013E-5	-4.33919013E-5	-4.71191406E-1	0.00000000E+0	0.00000000E+0
-4.68750000E-1	-4.31705994E-5	-4.31705994E-5	-4.68750000E-1	0.00000000E+0	0.00000000E+0
-4.66308594E-1	-4.29567990E-5	-4.29567990E-5	-4.66308594E-1	0.00000000E+0	0.00000000E+0
-4.63867187E-1	-4.27431005E-5	-4.27431005E-5	-4.63867187E-1	0.00000000E+0	0.00000000E+0
-4.61425781E-1	-4.25368999E-5	-4.25368999E-5	-4.61425781E-1	0.00000000E+0	0.00000000E+0
-4.58984375E-1	-4.23154997E-5	-4.23154997E-5	-4.58984375E-1	0.00000000E+0	0.00000000E+0
-4.56542969E-1	-4.20789002E-5	-4.20789002E-5	-4.56542969E-1	0.00000000E+0	0.00000000E+0
-4.54101562E-1	-4.18650998E-5	-4.18650998E-5	-4.54101562E-1	0.00000000E+0	0.00000000E+0
-4.51660156E-1	-4.16686016E-5	-4.16686016E-5	-4.51660156E-1	0.00000000E+0	0.00000000E+0
-4.49218750E-1	-4.14376009E-5	-4.14376009E-5	-4.49218750E-1	0.00000000E+0	0.00000000E+0
-4.46777344E-1	-4.12162008E-5	-4.12162008E-5	-4.46777344E-1	0.00000000E+0	0.00000000E+0
-4.44335937E-1	-4.10024986E-5	-4.10024986E-5	-4.44335937E-1	0.00000000E+0	0.00000000E+0
-4.41894531E-1	-4.07886982E-5	-4.07886982E-5	-4.41894531E-1	0.00000000E+0	0.00000000E+0
-4.39453125E-1	-4.05692990E-5	-4.05692990E-5	-4.39453125E-1	0.00000000E+0	0.00000000E+0
-4.37011719E-1	-4.03498016E-5	-4.03498016E-5	-4.37011719E-1	0.00000000E+0	0.00000000E+0
-4.34570312E-1	-4.01092984E-5	-4.01092984E-5	-4.34570312E-1	0.00000000E+0	0.00000000E+0
-4.32128906E-1	-3.98878983E-5	-3.98878983E-5	-4.32128906E-1	0.00000000E+0	0.00000000E+0
-4.29687500E-1	-3.96588985E-5	-3.96588985E-5	-4.29687500E-1	0.00000000E+0	0.00000000E+0
-4.27246094E-1	-3.94451017E-5	-3.94451017E-5	-4.27246094E-1	0.00000000E+0	0.00000000E+0
-4.24804687E-1	-3.92313996E-5	-3.92313996E-5	-4.24804687E-1	0.00000000E+0	0.00000000E+0
-4.22363281E-1	-3.89870984E-5	-3.89870984E-5	-4.22363281E-1	0.00000000E+0	0.00000000E+0
-4.19921875E-1	-3.87791006E-5	-3.87791006E-5	-4.19921875E-1	0.00000000E+0	0.00000000E+0
-4.17480469E-1	-3.85595995E-5	-3.85595995E-5	-4.17480469E-1	0.00000000E+0	0.00000000E+0
-4.15039062E-1	-3.83457991E-5	-3.83457991E-5	-4.15039062E-1	0.00000000E+0	0.00000000E+0
-4.12597656E-1	-3.81321006E-5	-3.81321006E-5	-4.12597656E-1	0.00000000E+0	0.00000000E+0
-4.10156250E-1	-3.79068988E-5	-3.79068988E-5	-4.10156250E-1	0.00000000E+0	0.00000000E+0
-4.07714844E-1	-3.77046017E-5	-3.77046017E-5	-4.07714844E-1	0.00000000E+0	0.00000000E+0
-4.05273437E-1	-3.74603005E-5	-3.74603005E-5	-4.05273437E-1	0.00000000E+0	0.00000000E+0
-4.02832031E-1	-3.72465001E-5	-3.72465001E-5	-4.02832031E-1	0.00000000E+0	0.00000000E+0
-4.00390625E-1	-3.70175003E-5	-3.70175003E-5	-4.00390625E-1	0.00000000E+0	0.00000000E+0
-3.97949219E-1	-3.68190013E-5	-3.68190013E-5	-3.97949219E-1	0.00000000E+0	0.00000000E+0
-3.95507812E-1	-3.65747001E-5	-3.65747001E-5	-3.95507812E-1	0.00000000E+0	0.00000000E+0
-3.93066406E-1	-3.63457002E-5	-3.63457002E-5	-3.93066406E-1	0.00000000E+0	0.00000000E+0
-3.90625000E-1	-3.61167004E-5	-3.61167004E-5	-3.90625000E-1	0.00000000E+0	0.00000000E+0
-3.88183594E-1	-3.59182013E-5	-3.59182013E-5	-3.88183594E-1	0.00000000E+0	0.00000000E+0
-3.85742187E-1	-3.56892015E-5	-3.56892015E-5	-3.85742187E-1	0.00000000E+0	0.00000000E+0
-3.83300781E-1	-3.54869007E-5	-3.54869007E-5	-3.83300781E-1	0.00000000E+0	0.00000000E+0
-3.80859375E-1	-3.52540010E-5	-3.52540010E-5	-3.80859375E-1	0.00000000E+0	0.00000000E+0
-3.78417969E-1	-3.50402988E-5	-3.50402988E-5	-3.78417969E-1	0.00000000E+0	0.00000000E+0
-3.75976562E-1	-3.48112990E-5	-3.48112990E-5	-3.75976562E-1	0.00000000E+0	0.00000000E+0
-3.73535156E-1	-3.46013003E-5	-3.46013003E-5	-3.73535156E-1	0.00000000E+0	0.00000000E+0
-3.71093750E-1	-3.43684987E-5	-3.43684987E-5	-3.71093750E-1	0.00000000E+0	0.00000000E+0
-3.68652344E-1	-3.41624000E-5	-3.41624000E-5	-3.68652344E-1	0.00000000E+0	0.00000000E+0
-3.66210937E-1	-3.39409999E-5	-3.39409999E-5	-3.66210937E-1	0.00000000E+0	0.00000000E+0
-3.63769531E-1	-3.36966987E-5	-3.36966987E-5	-3.63769531E-1	0.00000000E+0	0.00000000E+0
-3.61328125E-1	-3.34772012E-5	-3.34772012E-5	-3.61328125E-1	0.00000000E+0	0.00000000E+0
-3.58886719E-1	-3.32749005E-5	-3.32749005E-5	-3.58886719E-1	0.00000000E+0	0.00000000E+0
-3.56445312E-1	-3.30553994E-5	-3.30553994E-5	-3.56445312E-1	0.00000000E+0	0.00000000E+0
-3.54003906E-1	-3.28112001E-5	-3.28112001E-5	-3.54003906E-1	0.00000000E+0	0.00000000E+0
-3.51562500E-1	-3.25820984E-5	-3.25820984E-5	-3.51562500E-1	0.00000000E+0	0.00000000E+0
-3.49121094E-1	-3.23683998E-5	-3.23683998E-5	-3.49121094E-1	0.00000000E+0	0.00000000E+0
-3.46679687E-1	-3.21394000E-5	-3.21394000E-5	-3.46679687E-1	0.00000000E+0	0.00000000E+0
-3.44238281E-1	-3.19255996E-5	-3.19255996E-5	-3.44238281E-1	0.00000000E+0	0.00000000E+0
-3.41796875E-1	-3.17117992E-5	-3.17117992E-5	-3.41796875E-1	0.00000000E+0	0.00000000E+0
-3.39355469E-1	-3.14790013E-5	-3.14790013E-5	-3.39355469E-1	0.00000000E+0	0.00000000E+0
-3.36914062E-1	-3.12691009E-5	-3.12691009E-5	-3.36914062E-1	0.00000000E+0	0.00000000E+0
-3.34472656E-1	-3.10629985E-5	-3.10629985E-5	-3.34472656E-1	0.00000000E+0	0.00000000E+0
-3.32031250E-1	-3.08300987E-5	-3.08300987E-5	-3.32031250E-1	0.00000000E+0	0.00000000E+0
-3.29589844E-1	-3.05934991E-5	-3.05934991E-5	-3.29589844E-1	0.00000000E+0	0.00000000E+0
-3.27148437E-1	-3.03605993E-5	-3.03605993E-5	-3.27148437E-1	0.00000000E+0	0.00000000E+0
-3.24707031E-1	-3.01545006E-5	-3.01545006E-5	-3.24707031E-1	0.00000000E+0	0.00000000E+0
-3.22265625E-1	-2.99217008E-5	-2.99217008E-5	-3.22265625E-1	0.00000000E+0	0.00000000E+0
-3.19824219E-1	-2.97194001E-5	-2.97194001E-5	-3.19824219E-1	0.00000000E+0	0.00000000E+0
-3.17382812E-1	-2.94751007E-5	-2.94751007E-5	-3.17382812E-1	0.00000000E+0	0.00000000E+0
-3.14941406E-1	-2.92499008E-5	-2.92499008E-5	-3.14941406E-1	0.00000000E+0	0.00000000E+0
-3.12500000E-1	-2.90247008E-5	-2.90247008E-5	-3.12500000E-1	0.00000000E+0	0.00000000E+0
-3.10058594E-1	-2.88109004E-5	-2.88109004E-5	-3.10058594E-1	0.00000000E+0	0.00000000E+0
-3.07617187E-1	-2.85819006E-5	-2.85819006E-5	-3.07617187E-1	0.00000000E+0	0.00000000E+0
-3.05175781E-1	-2.83758000E-5	-2.83758000E-5	-3.05175781E-1	0.00000000E+0	0.00000000E+0
-3.02734375E-1	-2.81391003E-5	-2.81391003E-5	-3.02734375E-1	0.00000000E+0	0.00000000E+0
-3.00292969E-1	-2.79405995E-5	-2.79405995E-5	-3.00292969E-1	0.00000000E+0	0.00000000E+0
-2.97851562E-1	-2.76963001E-5	-2.76963001E-5	-2.97851562E-1	0.00000000E+0	0.00000000E+0
-2.95410156E-1	-2.74673002E-5	-2.74673002E-5	-2.95410156E-1	0.00000000E+0	0.00000000E+0
-2.92968750E-1	-2.72345005E-5	-2.72345005E-5	-2.92968750E-1	0.00000000E+0	0.00000000E+0
-2.90527344E-1	-2.70093005E-5	-2.70093005E-5	-2.90527344E-1	0.00000000E+0	0.00000000E+0
-2.88085937E-1	-2.67955002E-5	-2.67955002E-5	-2.88085937E-1	0.00000000E+0	0.00000000E+0
-2.85644531E-1	-2.65716008E-5	-2.65716008E-5	-2.85644531E-1	0.00000000E+0	0.00000000E+0
-2.83203125E-1	-2.63375005E-5	-2.63375005E-5	-2.83203125E-1	0.00000000E+0	0.00000000E+0
-2.80761719E-1	-2.61237001E-5	-2.61237001E-5	-2.80761719E-1	0.00000000E+0	0.00000000E+0
-2.78320312E-1	-2.58947002E-5	-2.58947002E-5	-2.78320312E-1	0.00000000E+0	0.00000000E+0
-2.75878906E-1	-2.56961994E-5	-2.56961994E-5	-2.75878906E-1	0.00000000E+0	0.00000000E+0
-2.73437500E-1	-2.54595998E-5	-2.54595998E-5	-2.73437500E-1	0.00000000E+0	0.00000000E+0
-2.70996094E-1	-2.52381997E-5	-2.52381997E-5	-2.70996094E-1	0.00000000E+0	0.00000000E+0
-2.68554687E-1	-2.50243993E-5	-2.50243993E-5	-2.68554687E-1	0.00000000E+0	0.00000000E+0
-2.66113281E-1	-2.48183005E-5	-2.48183005E-5	-2.66113281E-1	0.00000000E+0	0.00000000E+0
-2.63671875E-1	-2.45663996E-5	-2.45663996E-5	-2.63671875E-1	0.00000000E+0	0.00000000E+0
-2.61230469E-1	-2.43525992E-5	-2.43525992E-5	-2.61230469E-1	0.00000000E+0	0.00000000E+0
-2.58789062E-1	-2.41465004E-5	-2.41465004E-5	-2.58789062E-1	0.00000000E+0	0.00000000E+0
-2.56347656E-1	-2.39175006E-5	-2.39175006E-5	-2.56347656E-1	0.00000000E+0	0.00000000E+0
-2.53906250E-1	-2.36961005E-5	-2.36961005E-5	-2.53906250E-1	0.00000000E+0	0.00000000E+0
-2.51464844E-1	-2.34899999E-5	-2.34899999E-5	-2.51464844E-1	0.00000000E+0	0.00000000E+0
-2.49023437E-1	-2.32647999E-5	-2.32647999E-5	-2.49023437E-1	0.00000000E+0	0.00000000E+0
-2.46582031E-1	-2.30395999E-5	-2.30395999E-5	-2.46582031E-1	0.00000000E+0	0.00000000E+0
-2.44140625E-1	-2.28105000E-5	-2.28105000E-5	-2.44140625E-1	0.00000000E+0	0.00000000E+0
-2.41699219E-1	-2.25967997E-5	-2.25967997E-5	-2.41699219E-1	0.00000000E+0	0.00000000E+0
-2.39257812E-1	-2.23753996E-5	-2.23753996E-5	-2.39257812E-1	0.00000000E+0	0.00000000E+0
-2.36816406E-1	-2.21539995E-5	-2.21539995E-5	-2.36816406E-1	0.00000000E+0	0.00000000E+0
-2.34375000E-1	-2.19225003E-5	-2.19225003E-5	-2.34375000E-1	0.00000000E+0	0.00000000E+0
-2.31933594E-1	-2.17035995E-5	-2.17035995E-5	-2.31933594E-1	0.00000000E+0	0.00000000E+0
-2.29492187E-1	-2.14821994E-5	-2.14821994E-5	-2.29492187E-1	0.00000000E+0	0.00000000E+0
-2.27050781E-1	-2.12685009E-5	-2.12685009E-5	-2.27050781E-1	0.00000000E+0	0.00000000E+0
-2.24609375E-1	-2.10355993E-5	-2.10355993E-5	-2.24609375E-1	0.00000000E+0	0.00000000E+0
-2.22167969E-1	-2.08295005E-5	-2.08295005E-5	-2.22167969E-1	0.00000000E+0	0.00000000E+0
-2.19726562E-1	-2.05967008E-5	-2.05967008E-5	-2.19726562E-1	0.00000000E+0	0.00000000E+0
-2.17285156E-1	-2.03715008E-5	-2.03715008E-5	-2.17285156E-1	0.00000000E+0	0.00000000E+0
-2.14843750E-1	-2.01513994E-5	-2.01513994E-5	-2.14843750E-1	0.00000000E+0	0.00000000E+0
-2.12402344E-1	-1.99249007E-5	-1.99249007E-5	-2.12402344E-1	0.00000000E+0	0.00000000E+0
-2.09960937E-1	-1.97111003E-5	-1.97111003E-5	-2.09960937E-1	0.00000000E+0	0.00000000E+0
-2.07519531E-1	-1.94783006E-5	-1.94783006E-5	-2.07519531E-1	0.00000000E+0	0.00000000E+0
-2.05078125E-1	-1.92531006E-5	-1.92531006E-5	-2.05078125E-1	0.00000000E+0	0.00000000E+0
-2.02636719E-1	-1.90241008E-5	-1.90241008E-5	-2.02636719E-1	0.00000000E+0	0.00000000E+0
-2.00195312E-1	-1.88077993E-5	-1.88077993E-5	-2.00195312E-1	0.00000000E+0	0.00000000E+0
-1.97753906E-1	-1.85813005E-5	-1.85813005E-5	-1.97753906E-1	0.00000000E+0	0.00000000E+0
-1.95312500E-1	-1.83523007E-5	-1.83523007E-5	-1.95312500E-1	0.00000000E+0	0.00000000E+0
-1.92871094E-1	-1.81232008E-5	-1.81232008E-5	-1.92871094E-1	0.00000000E+0	0.00000000E+0
-1.90429687E-1	-1.78916998E-5	-1.78916998E-5	-1.90429687E-1	0.00000000E+0	0.00000000E+0
-1.87988281E-1	-1.76728008E-5	-1.76728008E-5	-1.87988281E-1	0.00000000E+0	0.00000000E+0
-1.85546875E-1	-1.74399993E-5	-1.74399993E-5	-1.85546875E-1	0.00000000E+0	0.00000000E+0
-1.83105469E-1	-1.72262007E-5	-1.72262007E-5	-1.83105469E-1	0.00000000E+0	0.00000000E+0
-1.80664062E-1	-1.69883006E-5	-1.69883006E-5	-1.80664062E-1	0.00000000E+0	0.00000000E+0
-1.78222656E-1	-1.67694998E-5	-1.67694998E-5	-1.78222656E-1	0.00000000E+0	0.00000000E+0
-1.75781250E-1	-1.65353995E-5	-1.65353995E-5	-1.75781250E-1	0.00000000E+0	0.00000000E+0
-1.73339844E-1	-1.63101995E-5	-1.63101995E-5	-1.73339844E-1	0.00000000E+0	0.00000000E+0
-1.70898437E-1	-1.60772997E-5	-1.60772997E-5	-1.70898437E-1	0.00000000E+0	0.00000000E+0
-1.68457031E-1	-1.58558996E-5	-1.58558996E-5	-1.68457031E-1	0.00000000E+0	0.00000000E+0
-1.66015625E-1	-1.56217993E-5	-1.56217993E-5	-1.66015625E-1	0.00000000E+0	0.00000000E+0
-1.63574219E-1	-1.53960009E-5	-1.53960009E-5	-1.63574219E-1	0.00000000E+0	0.00000000E+0
-1.61132812E-1	-1.51726999E-5	-1.51726999E-5	-1.61132812E-1	0.00000000E+0	0.00000000E+0
-1.58691406E-1	-1.49398002E-5	-1.49398002E-5	-1.58691406E-1	0.00000000E+0	0.00000000E+0
-1.56250000E-1	-1.47146002E-5	-1.47146002E-5	-1.56250000E-1	0.00000000E+0	0.00000000E+0
-1.53808594E-1	-1.44894002E-5	-1.44894002E-5	-1.53808594E-1	0.00000000E+0	0.00000000E+0
-1.51367187E-1	-1.42552999E-5	-1.42552999E-5	-1.51367187E-1	0.00000000E+0	0.00000000E+0
-1.48925781E-1	-1.40313996E-5	-1.40313996E-5	-1.48925781E-1	0.00000000E+0	0.00000000E+0
-1.46484375E-1	-1.38061996E-5	-1.38061996E-5	-1.46484375E-1	0.00000000E+0	0.00000000E+0
-1.44042969E-1	-1.35732998E-5	-1.35732998E-5	-1.44042969E-1	0.00000000E+0	0.00000000E+0
-1.41601562E-1	-1.33443000E-5	-1.33443000E-5	-1.41601562E-1	0.00000000E+0	0.00000000E+0
-1.39160156E-1	-1.31153001E-5	-1.31153001E-5	-1.39160156E-1	0.00000000E+0	0.00000000E+0
-1.36718750E-1	-1.28860001E-5	-1.28860001E-5	-1.36718750E-1	0.00000000E+0	0.00000000E+0
-1.34277344E-1	-1.26638997E-5	-1.26638997E-5	-1.34277344E-1	0.00000000E+0	0.00000000E+0
-1.31835937E-1	-1.24404996E-5	-1.24404996E-5	-1.31835937E-1	0.00000000E+0	0.00000000E+0
-1.29394531E-1	-1.22101001E-5	-1.22101001E-5	-1.29394531E-1	0.00000000E+0	0.00000000E+0
-1.26953125E-1	-1.19869001E-5	-1.19869001E-5	-1.26953125E-1	0.00000000E+0	0.00000000E+0
-1.24511719E-1	-1.17571999E-5	-1.17571999E-5	-1.24511719E-1	0.00000000E+0	0.00000000E+0
-1.22070312E-1	-1.15246003E-5	-1.15246003E-5	-1.22070312E-1	0.00000000E+0	0.00000000E+0
-1.19628906E-1	-1.12988000E-5	-1.12988000E-5	-1.19628906E-1	0.00000000E+0	0.00000000E+0
-1.17187500E-1	-1.10599003E-5	-1.10599003E-5	-1.17187500E-1	0.00000000E+0	0.00000000E+0
-1.14746094E-1	-1.08430004E-5	-1.08430004E-5	-1.14746094E-1	0.00000000E+0	0.00000000E+0
-1.12304687E-1	-1.06179996E-5	-1.06179996E-5	-1.12304687E-1	0.00000000E+0	0.00000000E+0
-1.09863281E-1	-1.04007004E-5	-1.04007004E-5	-1.09863281E-1	0.00000000E+0	0.00000000E+0
-1.07421875E-1	-1.01589003E-5	-1.01589003E-5	-1.07421875E-1	0.00000000E+0	0.00000000E+0
-1.04980469E-1	-9.93881986E-6	-9.93881986E-6	-1.04980469E-1	0.00000000E+0	0.00000000E+0
-1.02539062E-1	-9.70703968E-6	-9.70703968E-6	-1.02539062E-1	0.00000000E+0	0.00000000E+0
-1.00097656E-1	-9.48341039E-6	-9.48341039E-6	-1.00097656E-1	0.00000000E+0	0.00000000E+0
-9.76562500E-2	-9.25023960E-6	-9.25023960E-6	-9.76562500E-2	0.00000000E+0	0.00000000E+0
-9.52148438E-2	-9.02965985E-6	-9.02965985E-6	-9.52148438E-2	0.00000000E+0	0.00000000E+0
-9.27734375E-2	-8.79687013E-6	-8.79687013E-6	-9.27734375E-2	0.00000000E+0	0.00000000E+0
-9.03320313E-2	-8.57284977E-6	-8.57284977E-6	-9.03320313E-2	0.00000000E+0	0.00000000E+0
-8.78906250E-2	-8.33776994E-6	-8.33776994E-6	-8.78906250E-2	0.00000000E+0	0.00000000E+0
-8.54492188E-2	-8.11374957E-6	-8.11374957E-6	-8.54492188E-2	0.00000000E+0	0.00000000E+0
-8.30078125E-2	-7.87828958E-6	-7.87828958E-6	-8.30078125E-2	0.00000000E+0	0.00000000E+0
-8.05664063E-2	-7.65160985E-6	-7.65160985E-6	-8.05664063E-2	0.00000000E+0	0.00000000E+0
-7.81250000E-2	-7.41156009E-6	-7.41156009E-6	-7.81250000E-2	0.00000000E+0	0.00000000E+0
-7.56835938E-2	-7.18906995E-6	-7.18906995E-6	-7.56835938E-2	0.00000000E+0	0.00000000E+0
-7.32421875E-2	-6.95627978E-6	-6.95627978E-6	-7.32421875E-2	0.00000000E+0	0.00000000E+0
-7.08007813E-2	-6.73265004E-6	-6.73265004E-6	-7.08007813E-2	0.00000000E+0	0.00000000E+0
-6.83593750E-2	-6.49528010E-6	-6.49528010E-6	-6.83593750E-2	0.00000000E+0	0.00000000E+0
-6.59179688E-2	-6.27278996E-6	-6.27278996E-6	-6.59179688E-2	0.00000000E+0	0.00000000E+0
-6.34765625E-2	-6.03580020E-6	-6.03580020E-6	-6.34765625E-2	0.00000000E+0	0.00000000E+0
-6.10351563E-2	-5.80987989E-6	-5.80987989E-6	-6.10351563E-2	0.00000000E+0	0.00000000E+0
-5.85937500E-2	-5.57098019E-6	-5.57098019E-6	-5.85937500E-2	0.00000000E+0	0.00000000E+0
-5.61523438E-2	-5.34276978E-6	-5.34276978E-6	-5.61523438E-2	0.00000000E+0	0.00000000E+0
-5.37109375E-2	-5.11226017E-6	-5.11226017E-6	-5.37109375E-2	0.00000000E+0	0.00000000E+0
-5.12695313E-2	-4.88328988E-6	-4.88328988E-6	-5.12695313E-2	0.00000000E+0	0.00000000E+0
-4.88281250E-2	-4.64667983E-6	-4.64667983E-6	-4.88281250E-2	0.00000000E+0	0.00000000E+0
-4.63867188E-2	-4.41541988E-6	-4.41541988E-6	-4.63867188E-2	0.00000000E+0	0.00000000E+0
-4.39453125E-2	-4.18033005E-6	-4.18033005E-6	-4.39453125E-2	0.00000000E+0	0.00000000E+0
-4.15039063E-2	-3.95058987E-6	-3.95058987E-6	-4.15039063E-2	0.00000000E+0	0.00000000E+0
-3.90625000E-2	-3.70941007E-6	-3.70941007E-6	-3.90625000E-2	0.00000000E+0	0.00000000E+0
-3.66210938E-2	-3.48653998E-6	-3.48653998E-6	-3.66210938E-2	0.00000000E+0	0.00000000E+0
-3.41796875E-2	-3.25145993E-6	-3.25145993E-6	-3.41796875E-2	0.00000000E+0	0.00000000E+0
-3.17382813E-2	-3.02476997E-6	-3.02476997E-6	-3.17382813E-2	0.00000000E+0	0.00000000E+0
-2.92968750E-2	-2.78968992E-6	-2.78968992E-6	-2.92968750E-2	0.00000000E+0	0.00000000E+0
-2.68554688E-2	-2.56376006E-6	-2.56376006E-6	-2.68554688E-2	0.00000000E+0	0.00000000E+0
-2.44140625E-2	-2.32868001E-6	-2.32868001E-6	-2.44140625E-2	0.00000000E+0	0.00000000E+0
-2.19726563E-2	-2.10200005E-6	-2.10200005E-6	-2.19726563E-2	0.00000000E+0	0.00000000E+0
-1.95312500E-2	-1.86564000E-6	-1.86564000E-6	-1.95312500E-2	0.00000000E+0	0.00000000E+0
-1.70898438E-2	-1.64060998E-6	-1.64060998E-6	-1.70898438E-2	0.00000000E+0	0.00000000E+0
-1.46484375E-2	-1.40819998E-6	-1.40819998E-6	-1.46484375E-2	0.00000000E+0	0.00000000E+0
-1.22070313E-2	-1.18357002E-6	-1.18357002E-6	-1.22070313E-2	0.00000000E+0	0.00000000E+0
-9.76562500E-3	-9.48845013E-7	-9.48845013E-7	-9.76562500E-3	0.00000000E+0	0.00000000E+0
-7.32421875E-3	-7.24520021E-7	-7.24520021E-7	-7.32421875E-3	0.00000000E+0	0.00000000E+0
-4.88281250E-3	-4.92711990E-7	-4.92711990E-7	-4.88281250E-3	0.00000000E+0	0.00000000E+0
-2.44140625E-3	-2.69189002E-7	-2.69189002E-7	-2.44140625E-3	0.00000000E+0	0.00000000E+0
0.00000000E+0	-3.77922014E-8	-3.77922014E-8	0.00000000E+0	0.00000000E+0	0.00000000E+0
