Date: do 28 mrt 2013, Material: Au, Temp: 4.2 K
AO1 - module gain: 1.0E+0, R_out: 0.0
AO2 - module gain: 1.0E+2
MUX1 - ADC gain: 4, logarithmic amplifier: D:\LabVIEW Data\Lithographic MCBJ\MED24_070412.TXT, R_in: 0.000
MUX2 - ADC gain: 4, linear amplifier: 1.000000 x 1e10 V/A, R_in: 1.000
Breaking trace: 15 0
Axis position: -886.830962
Vbias (V)	<I> and Ii MUX1 (A)	Vbias (V)	<I> and Ii MUX2 (A)
@
0.00000000E+0	1.60035998E-10	1.60035998E-10	0.00000000E+0	0.00000000E+0	0.00000000E+0
2.44140625E-3	-1.67466995E-11	-1.67466995E-11	2.44140625E-3	0.00000000E+0	0.00000000E+0
4.88281250E-3	-1.41266998E-11	-1.41266998E-11	4.88281250E-3	0.00000000E+0	0.00000000E+0
7.32421875E-3	-1.49386996E-11	-1.49386996E-11	7.32421875E-3	0.00000000E+0	0.00000000E+0
9.76562500E-3	-8.73340029E-12	-8.73340029E-12	9.76562500E-3	0.00000000E+0	0.00000000E+0
1.22070313E-2	-6.58835009E-12	-6.58835009E-12	1.22070313E-2	0.00000000E+0	0.00000000E+0
1.46484375E-2	1.18196002E-12	1.18196002E-12	1.46484375E-2	0.00000000E+0	0.00000000E+0
1.70898438E-2	2.37487005E-12	2.37487005E-12	1.70898438E-2	0.00000000E+0	0.00000000E+0
1.95312500E-2	9.28242986E-12	9.28242986E-12	1.95312500E-2	0.00000000E+0	0.00000000E+0
2.19726563E-2	1.41215000E-11	1.41215000E-11	2.19726563E-2	0.00000000E+0	0.00000000E+0
2.44140625E-2	2.12972001E-11	2.12972001E-11	2.44140625E-2	0.00000000E+0	0.00000000E+0
2.68554688E-2	2.15462006E-11	2.15462006E-11	2.68554688E-2	0.00000000E+0	0.00000000E+0
2.92968750E-2	3.22139988E-11	3.22139988E-11	2.92968750E-2	0.00000000E+0	0.00000000E+0
3.17382813E-2	3.41674987E-11	3.41674987E-11	3.17382813E-2	0.00000000E+0	0.00000000E+0
3.41796875E-2	4.23262987E-11	4.23262987E-11	3.41796875E-2	0.00000000E+0	0.00000000E+0
3.66210938E-2	4.46245992E-11	4.46245992E-11	3.66210938E-2	0.00000000E+0	0.00000000E+0
3.90625000E-2	5.32622002E-11	5.32622002E-11	3.90625000E-2	0.00000000E+0	0.00000000E+0
4.15039063E-2	5.89887028E-11	5.89887028E-11	4.15039063E-2	0.00000000E+0	0.00000000E+0
4.39453125E-2	7.02502015E-11	7.02502015E-11	4.39453125E-2	0.00000000E+0	0.00000000E+0
4.63867188E-2	7.01990965E-11	7.01990965E-11	4.63867188E-2	0.00000000E+0	0.00000000E+0
4.88281250E-2	8.22778026E-11	8.22778026E-11	4.88281250E-2	0.00000000E+0	0.00000000E+0
5.12695313E-2	8.49591023E-11	8.49591023E-11	5.12695313E-2	0.00000000E+0	0.00000000E+0
5.37109375E-2	9.49757009E-11	9.49757009E-11	5.37109375E-2	0.00000000E+0	0.00000000E+0
5.61523438E-2	9.76213971E-11	9.76213971E-11	5.61523438E-2	0.00000000E+0	0.00000000E+0
5.85937500E-2	1.08232999E-10	1.08232999E-10	5.85937500E-2	0.00000000E+0	0.00000000E+0
6.10351563E-2	1.11971002E-10	1.11971002E-10	6.10351563E-2	0.00000000E+0	0.00000000E+0
6.34765625E-2	1.23340005E-10	1.23340005E-10	6.34765625E-2	0.00000000E+0	0.00000000E+0
6.59179688E-2	1.26164995E-10	1.26164995E-10	6.59179688E-2	0.00000000E+0	0.00000000E+0
6.83593750E-2	1.37588996E-10	1.37588996E-10	6.83593750E-2	0.00000000E+0	0.00000000E+0
7.08007813E-2	1.42645007E-10	1.42645007E-10	7.08007813E-2	0.00000000E+0	0.00000000E+0
7.32421875E-2	1.54825999E-10	1.54825999E-10	7.32421875E-2	0.00000000E+0	0.00000000E+0
7.56835938E-2	1.54979002E-10	1.54979002E-10	7.56835938E-2	0.00000000E+0	0.00000000E+0
7.81250000E-2	1.69229006E-10	1.69229006E-10	7.81250000E-2	0.00000000E+0	0.00000000E+0
8.05664063E-2	1.72651005E-10	1.72651005E-10	8.05664063E-2	0.00000000E+0	0.00000000E+0
8.30078125E-2	1.88381005E-10	1.88381005E-10	8.30078125E-2	0.00000000E+0	0.00000000E+0
8.54492188E-2	1.88150995E-10	1.88150995E-10	8.54492188E-2	0.00000000E+0	0.00000000E+0
8.78906250E-2	2.03548997E-10	2.03548997E-10	8.78906250E-2	0.00000000E+0	0.00000000E+0
9.03320313E-2	2.06844000E-10	2.06844000E-10	9.03320313E-2	0.00000000E+0	0.00000000E+0
9.27734375E-2	2.22318997E-10	2.22318997E-10	9.27734375E-2	0.00000000E+0	0.00000000E+0
9.52148438E-2	2.25305996E-10	2.25305996E-10	9.52148438E-2	0.00000000E+0	0.00000000E+0
9.76562500E-2	2.50128002E-10	2.50128002E-10	9.76562500E-2	0.00000000E+0	0.00000000E+0
1.00097656E-1	2.92416008E-10	2.92416008E-10	1.00097656E-1	0.00000000E+0	0.00000000E+0
1.02539062E-1	5.83031012E-10	5.83031012E-10	1.02539062E-1	0.00000000E+0	0.00000000E+0
1.04980469E-1	6.99667990E-10	6.99667990E-10	1.04980469E-1	0.00000000E+0	0.00000000E+0
1.07421875E-1	7.66699981E-10	7.66699981E-10	1.07421875E-1	0.00000000E+0	0.00000000E+0
1.09863281E-1	7.84856014E-10	7.84856014E-10	1.09863281E-1	0.00000000E+0	0.00000000E+0
1.12304687E-1	8.15805978E-10	8.15805978E-10	1.12304687E-1	0.00000000E+0	0.00000000E+0
1.14746094E-1	8.14504020E-10	8.14504020E-10	1.14746094E-1	0.00000000E+0	0.00000000E+0
1.17187500E-1	8.40474024E-10	8.40474024E-10	1.17187500E-1	0.00000000E+0	0.00000000E+0
1.19628906E-1	8.31970992E-10	8.31970992E-10	1.19628906E-1	0.00000000E+0	0.00000000E+0
1.22070312E-1	8.48748016E-10	8.48748016E-10	1.22070312E-1	0.00000000E+0	0.00000000E+0
1.24511719E-1	8.30056024E-10	8.30056024E-10	1.24511719E-1	0.00000000E+0	0.00000000E+0
1.26953125E-1	8.53613014E-10	8.53613014E-10	1.26953125E-1	0.00000000E+0	0.00000000E+0
1.29394531E-1	8.35239988E-10	8.35239988E-10	1.29394531E-1	0.00000000E+0	0.00000000E+0
1.31835937E-1	8.57711013E-10	8.57711013E-10	1.31835937E-1	0.00000000E+0	0.00000000E+0
1.34277344E-1	8.38022984E-10	8.38022984E-10	1.34277344E-1	0.00000000E+0	0.00000000E+0
1.36718750E-1	8.60967020E-10	8.60967020E-10	1.36718750E-1	0.00000000E+0	0.00000000E+0
1.39160156E-1	8.47547976E-10	8.47547976E-10	1.39160156E-1	0.00000000E+0	0.00000000E+0
1.41601562E-1	8.68167982E-10	8.68167982E-10	1.41601562E-1	0.00000000E+0	0.00000000E+0
1.44042969E-1	8.53613014E-10	8.53613014E-10	1.44042969E-1	0.00000000E+0	0.00000000E+0
1.46484375E-1	8.74591011E-10	8.74591011E-10	1.46484375E-1	0.00000000E+0	0.00000000E+0
1.48925781E-1	8.48403015E-10	8.48403015E-10	1.48925781E-1	0.00000000E+0	0.00000000E+0
1.51367187E-1	8.75177986E-10	8.75177986E-10	1.51367187E-1	0.00000000E+0	0.00000000E+0
1.53808594E-1	8.59435023E-10	8.59435023E-10	1.53808594E-1	0.00000000E+0	0.00000000E+0
1.56250000E-1	8.81689999E-10	8.81689999E-10	1.56250000E-1	0.00000000E+0	0.00000000E+0
1.58691406E-1	8.72650008E-10	8.72650008E-10	1.58691406E-1	0.00000000E+0	0.00000000E+0
1.61132812E-1	8.94961993E-10	8.94961993E-10	1.61132812E-1	0.00000000E+0	0.00000000E+0
1.63574219E-1	8.67261984E-10	8.67261984E-10	1.63574219E-1	0.00000000E+0	0.00000000E+0
1.66015625E-1	8.96897001E-10	8.96897001E-10	1.66015625E-1	0.00000000E+0	0.00000000E+0
1.68457031E-1	8.80617024E-10	8.80617024E-10	1.68457031E-1	0.00000000E+0	0.00000000E+0
1.70898437E-1	9.01455022E-10	9.01455022E-10	1.70898437E-1	0.00000000E+0	0.00000000E+0
1.73339844E-1	8.91189011E-10	8.91189011E-10	1.73339844E-1	0.00000000E+0	0.00000000E+0
1.75781250E-1	9.13252973E-10	9.13252973E-10	1.75781250E-1	0.00000000E+0	0.00000000E+0
1.78222656E-1	9.04021025E-10	9.04021025E-10	1.78222656E-1	0.00000000E+0	0.00000000E+0
1.80664062E-1	9.23825016E-10	9.23825016E-10	1.80664062E-1	0.00000000E+0	0.00000000E+0
1.83105469E-1	9.04519015E-10	9.04519015E-10	1.83105469E-1	0.00000000E+0	0.00000000E+0
1.85546875E-1	9.35545974E-10	9.35545974E-10	1.85546875E-1	0.00000000E+0	0.00000000E+0
1.87988281E-1	9.25357013E-10	9.25357013E-10	1.87988281E-1	0.00000000E+0	0.00000000E+0
1.90429687E-1	9.53281010E-10	9.53281010E-10	1.90429687E-1	0.00000000E+0	0.00000000E+0
1.92871094E-1	9.32711020E-10	9.32711020E-10	1.92871094E-1	0.00000000E+0	0.00000000E+0
1.95312500E-1	9.59294977E-10	9.59294977E-10	1.95312500E-1	0.00000000E+0	0.00000000E+0
1.97753906E-1	9.53854995E-10	9.53854995E-10	1.97753906E-1	0.00000000E+0	0.00000000E+0
2.00195312E-1	9.71628999E-10	9.71628999E-10	2.00195312E-1	0.00000000E+0	0.00000000E+0
2.02636719E-1	9.56382973E-10	9.56382973E-10	2.02636719E-1	0.00000000E+0	0.00000000E+0
2.05078125E-1	9.82761983E-10	9.82761983E-10	2.05078125E-1	0.00000000E+0	0.00000000E+0
2.07519531E-1	9.77373960E-10	9.77373960E-10	2.07519531E-1	0.00000000E+0	0.00000000E+0
2.09960937E-1	9.92772975E-10	9.92772975E-10	2.09960937E-1	0.00000000E+0	0.00000000E+0
2.12402344E-1	9.86949966E-10	9.86949966E-10	2.12402344E-1	0.00000000E+0	0.00000000E+0
2.14843750E-1	1.00766995E-9	1.00766995E-9	2.14843750E-1	0.00000000E+0	0.00000000E+0
2.17285156E-1	9.97676053E-10	9.97676053E-10	2.17285156E-1	0.00000000E+0	0.00000000E+0
2.19726562E-1	1.02256004E-9	1.02256004E-9	2.19726562E-1	0.00000000E+0	0.00000000E+0
2.22167969E-1	1.01713005E-9	1.01713005E-9	2.22167969E-1	0.00000000E+0	0.00000000E+0
2.24609375E-1	1.03804998E-9	1.03804998E-9	2.24609375E-1	0.00000000E+0	0.00000000E+0
2.27050781E-1	1.03380005E-9	1.03380005E-9	2.27050781E-1	0.00000000E+0	0.00000000E+0
2.29492187E-1	1.04751996E-9	1.04751996E-9	2.29492187E-1	0.00000000E+0	0.00000000E+0
2.31933594E-1	1.03957998E-9	1.03957998E-9	2.31933594E-1	0.00000000E+0	0.00000000E+0
2.34375000E-1	1.06219000E-9	1.06219000E-9	2.34375000E-1	0.00000000E+0	0.00000000E+0
2.36816406E-1	1.05965003E-9	1.05965003E-9	2.36816406E-1	0.00000000E+0	0.00000000E+0
2.39257812E-1	1.07872999E-9	1.07872999E-9	2.39257812E-1	0.00000000E+0	0.00000000E+0
2.41699219E-1	1.07167997E-9	1.07167997E-9	2.41699219E-1	0.00000000E+0	0.00000000E+0
2.44140625E-1	1.09362996E-9	1.09362996E-9	2.44140625E-1	0.00000000E+0	0.00000000E+0
2.46582031E-1	1.08630005E-9	1.08630005E-9	2.46582031E-1	0.00000000E+0	0.00000000E+0
2.49023437E-1	1.10902998E-9	1.10902998E-9	2.49023437E-1	0.00000000E+0	0.00000000E+0
2.51464844E-1	1.10702003E-9	1.10702003E-9	2.51464844E-1	0.00000000E+0	0.00000000E+0
2.53906250E-1	1.12868004E-9	1.12868004E-9	2.53906250E-1	0.00000000E+0	0.00000000E+0
2.56347656E-1	1.12625997E-9	1.12625997E-9	2.56347656E-1	0.00000000E+0	0.00000000E+0
2.58789062E-1	1.14241006E-9	1.14241006E-9	2.58789062E-1	0.00000000E+0	0.00000000E+0
2.61230469E-1	1.13962995E-9	1.13962995E-9	2.61230469E-1	0.00000000E+0	0.00000000E+0
2.63671875E-1	1.15946996E-9	1.15946996E-9	2.63671875E-1	0.00000000E+0	0.00000000E+0
2.66113281E-1	1.16207999E-9	1.16207999E-9	2.66113281E-1	0.00000000E+0	0.00000000E+0
2.68554687E-1	1.17693999E-9	1.17693999E-9	2.68554687E-1	0.00000000E+0	0.00000000E+0
2.70996094E-1	1.17581000E-9	1.17581000E-9	2.70996094E-1	0.00000000E+0	0.00000000E+0
2.73437500E-1	1.19770005E-9	1.19770005E-9	2.73437500E-1	0.00000000E+0	0.00000000E+0
2.75878906E-1	1.19483001E-9	1.19483001E-9	2.75878906E-1	0.00000000E+0	0.00000000E+0
2.78320312E-1	1.21711996E-9	1.21711996E-9	2.78320312E-1	0.00000000E+0	0.00000000E+0
2.80761719E-1	1.21322996E-9	1.21322996E-9	2.80761719E-1	0.00000000E+0	0.00000000E+0
2.83203125E-1	1.24017996E-9	1.24017996E-9	2.83203125E-1	0.00000000E+0	0.00000000E+0
2.85644531E-1	1.23398003E-9	1.23398003E-9	2.85644531E-1	0.00000000E+0	0.00000000E+0
2.88085937E-1	1.25827004E-9	1.25827004E-9	2.88085937E-1	0.00000000E+0	0.00000000E+0
2.90527344E-1	1.25666999E-9	1.25666999E-9	2.90527344E-1	0.00000000E+0	0.00000000E+0
2.92968750E-1	1.27400002E-9	1.27400002E-9	2.92968750E-1	0.00000000E+0	0.00000000E+0
2.95410156E-1	1.27400002E-9	1.27400002E-9	2.95410156E-1	0.00000000E+0	0.00000000E+0
2.97851562E-1	1.29676003E-9	1.29676003E-9	2.97851562E-1	0.00000000E+0	0.00000000E+0
3.00292969E-1	1.29460997E-9	1.29460997E-9	3.00292969E-1	0.00000000E+0	0.00000000E+0
3.02734375E-1	1.31932998E-9	1.31932998E-9	3.02734375E-1	0.00000000E+0	0.00000000E+0
3.05175781E-1	1.31668998E-9	1.31668998E-9	3.05175781E-1	0.00000000E+0	0.00000000E+0
3.07617187E-1	1.34110001E-9	1.34110001E-9	3.07617187E-1	0.00000000E+0	0.00000000E+0
3.10058594E-1	1.34615996E-9	1.34615996E-9	3.10058594E-1	0.00000000E+0	0.00000000E+0
3.12500000E-1	1.36892997E-9	1.36892997E-9	3.12500000E-1	0.00000000E+0	0.00000000E+0
3.14941406E-1	1.36818001E-9	1.36818001E-9	3.14941406E-1	0.00000000E+0	0.00000000E+0
3.17382812E-1	1.38817002E-9	1.38817002E-9	3.17382812E-1	0.00000000E+0	0.00000000E+0
3.19824219E-1	1.39608003E-9	1.39608003E-9	3.19824219E-1	0.00000000E+0	0.00000000E+0
3.22265625E-1	1.41321999E-9	1.41321999E-9	3.22265625E-1	0.00000000E+0	0.00000000E+0
3.24707031E-1	1.41448997E-9	1.41448997E-9	3.24707031E-1	0.00000000E+0	0.00000000E+0
3.27148437E-1	1.43473999E-9	1.43473999E-9	3.27148437E-1	0.00000000E+0	0.00000000E+0
3.29589844E-1	1.43651002E-9	1.43651002E-9	3.29589844E-1	0.00000000E+0	0.00000000E+0
3.32031250E-1	1.45700996E-9	1.45700996E-9	3.32031250E-1	0.00000000E+0	0.00000000E+0
3.34472656E-1	1.46080004E-9	1.46080004E-9	3.34472656E-1	0.00000000E+0	0.00000000E+0
3.36914062E-1	1.48433998E-9	1.48433998E-9	3.36914062E-1	0.00000000E+0	0.00000000E+0
3.39355469E-1	1.48510004E-9	1.48510004E-9	3.39355469E-1	0.00000000E+0	0.00000000E+0
3.41796875E-1	1.50180002E-9	1.50180002E-9	3.41796875E-1	0.00000000E+0	0.00000000E+0
3.44238281E-1	1.50636004E-9	1.50636004E-9	3.44238281E-1	0.00000000E+0	0.00000000E+0
3.46679687E-1	1.52585000E-9	1.52585000E-9	3.46679687E-1	0.00000000E+0	0.00000000E+0
3.49121094E-1	1.53066004E-9	1.53066004E-9	3.49121094E-1	0.00000000E+0	0.00000000E+0
3.51562500E-1	1.55115998E-9	1.55115998E-9	3.51562500E-1	0.00000000E+0	0.00000000E+0
3.54003906E-1	1.55913005E-9	1.55913005E-9	3.54003906E-1	0.00000000E+0	0.00000000E+0
3.56445312E-1	1.57444002E-9	1.57444002E-9	3.56445312E-1	0.00000000E+0	0.00000000E+0
3.58886719E-1	1.58039004E-9	1.58039004E-9	3.58886719E-1	0.00000000E+0	0.00000000E+0
3.61328125E-1	1.59975000E-9	1.59975000E-9	3.61328125E-1	0.00000000E+0	0.00000000E+0
3.63769531E-1	1.60379998E-9	1.60379998E-9	3.63769531E-1	0.00000000E+0	0.00000000E+0
3.66210937E-1	1.61948999E-9	1.61948999E-9	3.66210937E-1	0.00000000E+0	0.00000000E+0
3.68652344E-1	1.62479996E-9	1.62479996E-9	3.68652344E-1	0.00000000E+0	0.00000000E+0
3.71093750E-1	1.64113001E-9	1.64113001E-9	3.71093750E-1	0.00000000E+0	0.00000000E+0
3.73535156E-1	1.65138003E-9	1.65138003E-9	3.73535156E-1	0.00000000E+0	0.00000000E+0
3.75976562E-1	1.66707004E-9	1.66707004E-9	3.75976562E-1	0.00000000E+0	0.00000000E+0
3.78417969E-1	1.67187997E-9	1.67187997E-9	3.78417969E-1	0.00000000E+0	0.00000000E+0
3.80859375E-1	1.69161996E-9	1.69161996E-9	3.80859375E-1	0.00000000E+0	0.00000000E+0
3.83300781E-1	1.69616998E-9	1.69616998E-9	3.83300781E-1	0.00000000E+0	0.00000000E+0
3.85742187E-1	1.71325998E-9	1.71325998E-9	3.85742187E-1	0.00000000E+0	0.00000000E+0
3.88183594E-1	1.72528003E-9	1.72528003E-9	3.88183594E-1	0.00000000E+0	0.00000000E+0
3.90625000E-1	1.73463999E-9	1.73463999E-9	3.90625000E-1	0.00000000E+0	0.00000000E+0
3.93066406E-1	1.74324999E-9	1.74324999E-9	3.93066406E-1	0.00000000E+0	0.00000000E+0
3.95507812E-1	1.75690995E-9	1.75690995E-9	3.95507812E-1	0.00000000E+0	0.00000000E+0
3.97949219E-1	1.76703996E-9	1.76703996E-9	3.97949219E-1	0.00000000E+0	0.00000000E+0
4.00390625E-1	1.77968995E-9	1.77968995E-9	4.00390625E-1	0.00000000E+0	0.00000000E+0
4.02832031E-1	1.78652004E-9	1.78652004E-9	4.02832031E-1	0.00000000E+0	0.00000000E+0
4.05273437E-1	1.80044002E-9	1.80044002E-9	4.05273437E-1	0.00000000E+0	0.00000000E+0
4.07714844E-1	1.80740001E-9	1.80740001E-9	4.07714844E-1	0.00000000E+0	0.00000000E+0
4.10156250E-1	1.82297000E-9	1.82297000E-9	4.10156250E-1	0.00000000E+0	0.00000000E+0
4.12597656E-1	1.83208004E-9	1.83208004E-9	4.12597656E-1	0.00000000E+0	0.00000000E+0
4.15039062E-1	1.84195004E-9	1.84195004E-9	4.15039062E-1	0.00000000E+0	0.00000000E+0
4.17480469E-1	1.85788995E-9	1.85788995E-9	4.17480469E-1	0.00000000E+0	0.00000000E+0
4.19921875E-1	1.87118010E-9	1.87118010E-9	4.19921875E-1	0.00000000E+0	0.00000000E+0
4.22363281E-1	1.87687998E-9	1.87687998E-9	4.22363281E-1	0.00000000E+0	0.00000000E+0
4.24804687E-1	1.88599003E-9	1.88599003E-9	4.24804687E-1	0.00000000E+0	0.00000000E+0
4.27246094E-1	1.89964999E-9	1.89964999E-9	4.27246094E-1	0.00000000E+0	0.00000000E+0
4.29687500E-1	1.91053995E-9	1.91053995E-9	4.29687500E-1	0.00000000E+0	0.00000000E+0
4.32128906E-1	1.92015004E-9	1.92015004E-9	4.32128906E-1	0.00000000E+0	0.00000000E+0
4.34570312E-1	1.94900007E-9	1.94900007E-9	4.34570312E-1	0.00000000E+0	0.00000000E+0
4.37011719E-1	1.95736005E-9	1.95736005E-9	4.37011719E-1	0.00000000E+0	0.00000000E+0
4.39453125E-1	1.96596006E-9	1.96596006E-9	4.39453125E-1	0.00000000E+0	0.00000000E+0
4.41894531E-1	1.98241001E-9	1.98241001E-9	4.41894531E-1	0.00000000E+0	0.00000000E+0
4.44335937E-1	1.99658001E-9	1.99658001E-9	4.44335937E-1	0.00000000E+0	0.00000000E+0
4.46777344E-1	2.00366990E-9	2.00366990E-9	4.46777344E-1	0.00000000E+0	0.00000000E+0
4.49218750E-1	2.01581996E-9	2.01581996E-9	4.49218750E-1	0.00000000E+0	0.00000000E+0
4.51660156E-1	2.02620010E-9	2.02620010E-9	4.51660156E-1	0.00000000E+0	0.00000000E+0
4.54101562E-1	2.03518002E-9	2.03518002E-9	4.54101562E-1	0.00000000E+0	0.00000000E+0
4.56542969E-1	2.04847006E-9	2.04847006E-9	4.56542969E-1	0.00000000E+0	0.00000000E+0
4.58984375E-1	2.06060990E-9	2.06060990E-9	4.58984375E-1	0.00000000E+0	0.00000000E+0
4.61425781E-1	2.05378003E-9	2.05378003E-9	4.61425781E-1	0.00000000E+0	0.00000000E+0
4.63867187E-1	2.06858997E-9	2.06858997E-9	4.63867187E-1	0.00000000E+0	0.00000000E+0
4.66308594E-1	2.07528994E-9	2.07528994E-9	4.66308594E-1	0.00000000E+0	0.00000000E+0
4.68750000E-1	2.09249995E-9	2.09249995E-9	4.68750000E-1	0.00000000E+0	0.00000000E+0
4.71191406E-1	2.09706008E-9	2.09706008E-9	4.71191406E-1	0.00000000E+0	0.00000000E+0
4.73632812E-1	2.11413997E-9	2.11413997E-9	4.73632812E-1	0.00000000E+0	0.00000000E+0
4.76074219E-1	2.11908002E-9	2.11908002E-9	4.76074219E-1	0.00000000E+0	0.00000000E+0
4.78515625E-1	2.14336993E-9	2.14336993E-9	4.78515625E-1	0.00000000E+0	0.00000000E+0
4.80957031E-1	2.14336993E-9	2.14336993E-9	4.80957031E-1	0.00000000E+0	0.00000000E+0
4.83398437E-1	2.16160001E-9	2.16160001E-9	4.83398437E-1	0.00000000E+0	0.00000000E+0
4.85839844E-1	2.16563989E-9	2.16563989E-9	4.85839844E-1	0.00000000E+0	0.00000000E+0
4.88281250E-1	2.19423990E-9	2.19423990E-9	4.88281250E-1	0.00000000E+0	0.00000000E+0
4.90722656E-1	2.19006990E-9	2.19006990E-9	4.90722656E-1	0.00000000E+0	0.00000000E+0
4.93164062E-1	2.23447993E-9	2.23447993E-9	4.93164062E-1	0.00000000E+0	0.00000000E+0
4.90722656E-1	2.08187001E-9	2.08187001E-9	4.90722656E-1	0.00000000E+0	0.00000000E+0
4.88281250E-1	2.06858997E-9	2.06858997E-9	4.88281250E-1	0.00000000E+0	0.00000000E+0
4.85839844E-1	2.06440998E-9	2.06440998E-9	4.85839844E-1	0.00000000E+0	0.00000000E+0
4.83398437E-1	2.05529993E-9	2.05529993E-9	4.83398437E-1	0.00000000E+0	0.00000000E+0
4.80957031E-1	2.03758010E-9	2.03758010E-9	4.80957031E-1	0.00000000E+0	0.00000000E+0
4.78515625E-1	2.02620010E-9	2.02620010E-9	4.78515625E-1	0.00000000E+0	0.00000000E+0
4.76074219E-1	2.01734007E-9	2.01734007E-9	4.76074219E-1	0.00000000E+0	0.00000000E+0
4.73632812E-1	2.01087991E-9	2.01087991E-9	4.73632812E-1	0.00000000E+0	0.00000000E+0
4.71191406E-1	1.99556993E-9	1.99556993E-9	4.71191406E-1	0.00000000E+0	0.00000000E+0
4.68750000E-1	2.00670991E-9	2.00670991E-9	4.68750000E-1	0.00000000E+0	0.00000000E+0
4.66308594E-1	1.99456007E-9	1.99456007E-9	4.66308594E-1	0.00000000E+0	0.00000000E+0
4.63867187E-1	1.96874006E-9	1.96874006E-9	4.63867187E-1	0.00000000E+0	0.00000000E+0
4.61425781E-1	1.95736005E-9	1.95736005E-9	4.61425781E-1	0.00000000E+0	0.00000000E+0
4.58984375E-1	1.95736005E-9	1.95736005E-9	4.58984375E-1	0.00000000E+0	0.00000000E+0
4.56542969E-1	1.98772998E-9	1.98772998E-9	4.56542969E-1	0.00000000E+0	0.00000000E+0
4.54101562E-1	1.97633998E-9	1.97633998E-9	4.54101562E-1	0.00000000E+0	0.00000000E+0
4.51660156E-1	1.95103000E-9	1.95103000E-9	4.51660156E-1	0.00000000E+0	0.00000000E+0
4.49218750E-1	1.95963001E-9	1.95963001E-9	4.49218750E-1	0.00000000E+0	0.00000000E+0
4.46777344E-1	1.93154004E-9	1.93154004E-9	4.46777344E-1	0.00000000E+0	0.00000000E+0
4.44335937E-1	1.94369010E-9	1.94369010E-9	4.44335937E-1	0.00000000E+0	0.00000000E+0
4.41894531E-1	1.91484006E-9	1.91484006E-9	4.41894531E-1	0.00000000E+0	0.00000000E+0
4.39453125E-1	1.92319005E-9	1.92319005E-9	4.39453125E-1	0.00000000E+0	0.00000000E+0
4.37011719E-1	1.84801996E-9	1.84801996E-9	4.37011719E-1	0.00000000E+0	0.00000000E+0
4.34570312E-1	1.87003990E-9	1.87003990E-9	4.34570312E-1	0.00000000E+0	0.00000000E+0
4.32128906E-1	1.84090998E-9	1.84090998E-9	4.32128906E-1	0.00000000E+0	0.00000000E+0
4.29687500E-1	1.84953997E-9	1.84953997E-9	4.29687500E-1	0.00000000E+0	0.00000000E+0
4.27246094E-1	1.83208004E-9	1.83208004E-9	4.27246094E-1	0.00000000E+0	0.00000000E+0
4.24804687E-1	1.83093996E-9	1.83093996E-9	4.24804687E-1	0.00000000E+0	0.00000000E+0
4.22363281E-1	1.80835003E-9	1.80835003E-9	4.22363281E-1	0.00000000E+0	0.00000000E+0
4.19921875E-1	1.81258997E-9	1.81258997E-9	4.19921875E-1	0.00000000E+0	0.00000000E+0
4.17480469E-1	1.79184001E-9	1.79184001E-9	4.17480469E-1	0.00000000E+0	0.00000000E+0
4.15039062E-1	1.79336002E-9	1.79336002E-9	4.15039062E-1	0.00000000E+0	0.00000000E+0
4.12597656E-1	1.77096005E-9	1.77096005E-9	4.12597656E-1	0.00000000E+0	0.00000000E+0
4.10156250E-1	1.77816994E-9	1.77816994E-9	4.10156250E-1	0.00000000E+0	0.00000000E+0
4.07714844E-1	1.75576997E-9	1.75576997E-9	4.07714844E-1	0.00000000E+0	0.00000000E+0
4.05273437E-1	1.75576997E-9	1.75576997E-9	4.05273437E-1	0.00000000E+0	0.00000000E+0
4.02832031E-1	1.74147996E-9	1.74147996E-9	4.02832031E-1	0.00000000E+0	0.00000000E+0
4.00390625E-1	1.73831005E-9	1.73831005E-9	4.00390625E-1	0.00000000E+0	0.00000000E+0
3.97949219E-1	1.72172998E-9	1.72172998E-9	3.97949219E-1	0.00000000E+0	0.00000000E+0
3.95507812E-1	1.71894998E-9	1.71894998E-9	3.95507812E-1	0.00000000E+0	0.00000000E+0
3.93066406E-1	1.70680003E-9	1.70680003E-9	3.93066406E-1	0.00000000E+0	0.00000000E+0
3.90625000E-1	1.70111003E-9	1.70111003E-9	3.90625000E-1	0.00000000E+0	0.00000000E+0
3.88183594E-1	1.68858005E-9	1.68858005E-9	3.88183594E-1	0.00000000E+0	0.00000000E+0
3.85742187E-1	1.68554004E-9	1.68554004E-9	3.85742187E-1	0.00000000E+0	0.00000000E+0
3.83300781E-1	1.67264003E-9	1.67264003E-9	3.83300781E-1	0.00000000E+0	0.00000000E+0
3.80859375E-1	1.65821001E-9	1.65821001E-9	3.80859375E-1	0.00000000E+0	0.00000000E+0
3.78417969E-1	1.65138003E-9	1.65138003E-9	3.78417969E-1	0.00000000E+0	0.00000000E+0
3.75976562E-1	1.63809000E-9	1.63809000E-9	3.75976562E-1	0.00000000E+0	0.00000000E+0
3.73535156E-1	1.63087999E-9	1.63087999E-9	3.73535156E-1	0.00000000E+0	0.00000000E+0
3.71093750E-1	1.61683000E-9	1.61683000E-9	3.71093750E-1	0.00000000E+0	0.00000000E+0
3.68652344E-1	1.61683000E-9	1.61683000E-9	3.68652344E-1	0.00000000E+0	0.00000000E+0
3.66210937E-1	1.59266000E-9	1.59266000E-9	3.66210937E-1	0.00000000E+0	0.00000000E+0
3.63769531E-1	1.58557001E-9	1.58557001E-9	3.63769531E-1	0.00000000E+0	0.00000000E+0
3.61328125E-1	1.57343005E-9	1.57343005E-9	3.61328125E-1	0.00000000E+0	0.00000000E+0
3.58886719E-1	1.56823998E-9	1.56823998E-9	3.58886719E-1	0.00000000E+0	0.00000000E+0
3.56445312E-1	1.55115998E-9	1.55115998E-9	3.56445312E-1	0.00000000E+0	0.00000000E+0
3.54003906E-1	1.54659996E-9	1.54659996E-9	3.54003906E-1	0.00000000E+0	0.00000000E+0
3.51562500E-1	1.53293001E-9	1.53293001E-9	3.51562500E-1	0.00000000E+0	0.00000000E+0
3.49121094E-1	1.52938995E-9	1.52938995E-9	3.49121094E-1	0.00000000E+0	0.00000000E+0
3.46679687E-1	1.50964996E-9	1.50964996E-9	3.46679687E-1	0.00000000E+0	0.00000000E+0
3.44238281E-1	1.50370005E-9	1.50370005E-9	3.44238281E-1	0.00000000E+0	0.00000000E+0
3.41796875E-1	1.48333001E-9	1.48333001E-9	3.41796875E-1	0.00000000E+0	0.00000000E+0
3.39355469E-1	1.48129997E-9	1.48129997E-9	3.39355469E-1	0.00000000E+0	0.00000000E+0
3.36914062E-1	1.46155998E-9	1.46155998E-9	3.36914062E-1	0.00000000E+0	0.00000000E+0
3.34472656E-1	1.46307999E-9	1.46307999E-9	3.34472656E-1	0.00000000E+0	0.00000000E+0
3.32031250E-1	1.43878998E-9	1.43878998E-9	3.32031250E-1	0.00000000E+0	0.00000000E+0
3.29589844E-1	1.43803003E-9	1.43803003E-9	3.29589844E-1	0.00000000E+0	0.00000000E+0
3.27148437E-1	1.41525003E-9	1.41525003E-9	3.27148437E-1	0.00000000E+0	0.00000000E+0
3.24707031E-1	1.41448997E-9	1.41448997E-9	3.24707031E-1	0.00000000E+0	0.00000000E+0
3.22265625E-1	1.39247003E-9	1.39247003E-9	3.22265625E-1	0.00000000E+0	0.00000000E+0
3.19824219E-1	1.39095002E-9	1.39095002E-9	3.19824219E-1	0.00000000E+0	0.00000000E+0
3.17382812E-1	1.36666001E-9	1.36666001E-9	3.17382812E-1	0.00000000E+0	0.00000000E+0
3.14941406E-1	1.37044998E-9	1.37044998E-9	3.14941406E-1	0.00000000E+0	0.00000000E+0
3.12500000E-1	1.34463995E-9	1.34463995E-9	3.12500000E-1	0.00000000E+0	0.00000000E+0
3.10058594E-1	1.33799005E-9	1.33799005E-9	3.10058594E-1	0.00000000E+0	0.00000000E+0
3.07617187E-1	1.31190003E-9	1.31190003E-9	3.07617187E-1	0.00000000E+0	0.00000000E+0
3.05175781E-1	1.31579003E-9	1.31579003E-9	3.05175781E-1	0.00000000E+0	0.00000000E+0
3.02734375E-1	1.29460997E-9	1.29460997E-9	3.02734375E-1	0.00000000E+0	0.00000000E+0
3.00292969E-1	1.29378996E-9	1.29378996E-9	3.00292969E-1	0.00000000E+0	0.00000000E+0
2.97851562E-1	1.26803001E-9	1.26803001E-9	2.97851562E-1	0.00000000E+0	0.00000000E+0
2.95410156E-1	1.27262001E-9	1.27262001E-9	2.95410156E-1	0.00000000E+0	0.00000000E+0
2.92968750E-1	1.24443000E-9	1.24443000E-9	2.92968750E-1	0.00000000E+0	0.00000000E+0
2.90527344E-1	1.24233002E-9	1.24233002E-9	2.90527344E-1	0.00000000E+0	0.00000000E+0
2.88085937E-1	1.21711996E-9	1.21711996E-9	2.88085937E-1	0.00000000E+0	0.00000000E+0
2.85644531E-1	1.21568000E-9	1.21568000E-9	2.85644531E-1	0.00000000E+0	0.00000000E+0
2.83203125E-1	1.19770005E-9	1.19770005E-9	2.83203125E-1	0.00000000E+0	0.00000000E+0
2.80761719E-1	1.19770005E-9	1.19770005E-9	2.80761719E-1	0.00000000E+0	0.00000000E+0
2.78320312E-1	1.17337995E-9	1.17337995E-9	2.78320312E-1	0.00000000E+0	0.00000000E+0
2.75878906E-1	1.17965004E-9	1.17965004E-9	2.75878906E-1	0.00000000E+0	0.00000000E+0
2.73437500E-1	1.15894006E-9	1.15894006E-9	2.73437500E-1	0.00000000E+0	0.00000000E+0
2.70996094E-1	1.15085996E-9	1.15085996E-9	2.70996094E-1	0.00000000E+0	0.00000000E+0
2.68554687E-1	1.13361998E-9	1.13361998E-9	2.68554687E-1	0.00000000E+0	0.00000000E+0
2.66113281E-1	1.13300003E-9	1.13300003E-9	2.66113281E-1	0.00000000E+0	0.00000000E+0
2.63671875E-1	1.11496001E-9	1.11496001E-9	2.63671875E-1	0.00000000E+0	0.00000000E+0
2.61230469E-1	1.11159004E-9	1.11159004E-9	2.61230469E-1	0.00000000E+0	0.00000000E+0
2.58789062E-1	1.09182996E-9	1.09182996E-9	2.58789062E-1	0.00000000E+0	0.00000000E+0
2.56347656E-1	1.09908005E-9	1.09908005E-9	2.56347656E-1	0.00000000E+0	0.00000000E+0
2.53906250E-1	1.08044995E-9	1.08044995E-9	2.53906250E-1	0.00000000E+0	0.00000000E+0
2.51464844E-1	1.07320997E-9	1.07320997E-9	2.51464844E-1	0.00000000E+0	0.00000000E+0
2.49023437E-1	1.05900999E-9	1.05900999E-9	2.49023437E-1	0.00000000E+0	0.00000000E+0
2.46582031E-1	1.05789000E-9	1.05789000E-9	2.46582031E-1	0.00000000E+0	0.00000000E+0
2.44140625E-1	1.04858000E-9	1.04858000E-9	2.44140625E-1	0.00000000E+0	0.00000000E+0
2.41699219E-1	1.03568998E-9	1.03568998E-9	2.41699219E-1	0.00000000E+0	0.00000000E+0
2.39257812E-1	1.02512998E-9	1.02512998E-9	2.39257812E-1	0.00000000E+0	0.00000000E+0
2.36816406E-1	1.02162001E-9	1.02162001E-9	2.36816406E-1	0.00000000E+0	0.00000000E+0
2.34375000E-1	1.01429998E-9	1.01429998E-9	2.34375000E-1	0.00000000E+0	0.00000000E+0
2.31933594E-1	9.95681981E-10	9.95681981E-10	2.31933594E-1	0.00000000E+0	0.00000000E+0
2.29492187E-1	9.90934002E-10	9.90934002E-10	2.29492187E-1	0.00000000E+0	0.00000000E+0
2.27050781E-1	9.86238979E-10	9.86238979E-10	2.27050781E-1	0.00000000E+0	0.00000000E+0
2.24609375E-1	9.79710979E-10	9.79710979E-10	2.24609375E-1	0.00000000E+0	0.00000000E+0
2.22167969E-1	9.72777969E-10	9.72777969E-10	2.22167969E-1	0.00000000E+0	0.00000000E+0
2.19726562E-1	9.65040048E-10	9.65040048E-10	2.19726562E-1	0.00000000E+0	0.00000000E+0
2.17285156E-1	9.53281010E-10	9.53281010E-10	2.17285156E-1	0.00000000E+0	0.00000000E+0
2.14843750E-1	9.55846957E-10	9.55846957E-10	2.14843750E-1	0.00000000E+0	0.00000000E+0
2.12402344E-1	9.30029997E-10	9.30029997E-10	2.12402344E-1	0.00000000E+0	0.00000000E+0
2.09960937E-1	9.35238997E-10	9.35238997E-10	2.09960937E-1	0.00000000E+0	0.00000000E+0
2.07519531E-1	9.19559984E-10	9.19559984E-10	2.07519531E-1	0.00000000E+0	0.00000000E+0
2.05078125E-1	9.23288002E-10	9.23288002E-10	2.05078125E-1	0.00000000E+0	0.00000000E+0
2.02636719E-1	9.09039011E-10	9.09039011E-10	2.02636719E-1	0.00000000E+0	0.00000000E+0
2.00195312E-1	9.12179998E-10	9.12179998E-10	2.00195312E-1	0.00000000E+0	0.00000000E+0
1.97753906E-1	8.90729990E-10	8.90729990E-10	1.97753906E-1	0.00000000E+0	0.00000000E+0
1.95312500E-1	9.00919006E-10	9.00919006E-10	1.95312500E-1	0.00000000E+0	0.00000000E+0
1.92871094E-1	8.69546990E-10	8.69546990E-10	1.92871094E-1	0.00000000E+0	0.00000000E+0
1.90429687E-1	8.82150020E-10	8.82150020E-10	1.90429687E-1	0.00000000E+0	0.00000000E+0
1.87988281E-1	8.59435023E-10	8.59435023E-10	1.87988281E-1	0.00000000E+0	0.00000000E+0
1.85546875E-1	8.70773009E-10	8.70773009E-10	1.85546875E-1	0.00000000E+0	0.00000000E+0
1.83105469E-1	8.41489989E-10	8.41489989E-10	1.83105469E-1	0.00000000E+0	0.00000000E+0
1.80664062E-1	8.56063997E-10	8.56063997E-10	1.80664062E-1	0.00000000E+0	0.00000000E+0
1.78222656E-1	8.32507008E-10	8.32507008E-10	1.78222656E-1	0.00000000E+0	0.00000000E+0
1.75781250E-1	8.52195980E-10	8.52195980E-10	1.75781250E-1	0.00000000E+0	0.00000000E+0
1.73339844E-1	8.11209988E-10	8.11209988E-10	1.73339844E-1	0.00000000E+0	0.00000000E+0
1.70898437E-1	8.30898017E-10	8.30898017E-10	1.70898437E-1	0.00000000E+0	0.00000000E+0
1.68457031E-1	8.08145995E-10	8.08145995E-10	1.68457031E-1	0.00000000E+0	0.00000000E+0
1.66015625E-1	8.21283985E-10	8.21283985E-10	1.66015625E-1	0.00000000E+0	0.00000000E+0
1.63574219E-1	7.90371990E-10	7.90371990E-10	1.63574219E-1	0.00000000E+0	0.00000000E+0
1.61132812E-1	8.17031998E-10	8.17031998E-10	1.61132812E-1	0.00000000E+0	0.00000000E+0
1.58691406E-1	7.88916987E-10	7.88916987E-10	1.58691406E-1	0.00000000E+0	0.00000000E+0
1.56250000E-1	8.11209988E-10	8.11209988E-10	1.56250000E-1	0.00000000E+0	0.00000000E+0
1.53808594E-1	7.70376984E-10	7.70376984E-10	1.53808594E-1	0.00000000E+0	0.00000000E+0
1.51367187E-1	7.93820010E-10	7.93820010E-10	1.51367187E-1	0.00000000E+0	0.00000000E+0
1.48925781E-1	7.65474018E-10	7.65474018E-10	1.48925781E-1	0.00000000E+0	0.00000000E+0
1.46484375E-1	7.88303978E-10	7.88303978E-10	1.46484375E-1	0.00000000E+0	0.00000000E+0
1.44042969E-1	7.53637985E-10	7.53637985E-10	1.44042969E-1	0.00000000E+0	0.00000000E+0
1.41601562E-1	7.79110998E-10	7.79110998E-10	1.41601562E-1	0.00000000E+0	0.00000000E+0
1.39160156E-1	7.49960982E-10	7.49960982E-10	1.39160156E-1	0.00000000E+0	0.00000000E+0
1.36718750E-1	7.76199993E-10	7.76199993E-10	1.36718750E-1	0.00000000E+0	0.00000000E+0
1.34277344E-1	7.39886985E-10	7.39886985E-10	1.34277344E-1	0.00000000E+0	0.00000000E+0
1.31835937E-1	7.59115992E-10	7.59115992E-10	1.31835937E-1	0.00000000E+0	0.00000000E+0
1.29394531E-1	7.30387972E-10	7.30387972E-10	1.29394531E-1	0.00000000E+0	0.00000000E+0
1.26953125E-1	7.58157981E-10	7.58157981E-10	1.26953125E-1	0.00000000E+0	0.00000000E+0
1.24511719E-1	7.19470983E-10	7.19470983E-10	1.24511719E-1	0.00000000E+0	0.00000000E+0
1.22070312E-1	7.47164997E-10	7.47164997E-10	1.22070312E-1	0.00000000E+0	0.00000000E+0
1.19628906E-1	7.13763992E-10	7.13763992E-10	1.19628906E-1	0.00000000E+0	0.00000000E+0
1.17187500E-1	7.45403017E-10	7.45403017E-10	1.17187500E-1	0.00000000E+0	0.00000000E+0
1.14746094E-1	6.94228008E-10	6.94228008E-10	1.14746094E-1	0.00000000E+0	0.00000000E+0
1.12304687E-1	7.29775018E-10	7.29775018E-10	1.12304687E-1	0.00000000E+0	0.00000000E+0
1.09863281E-1	6.91699975E-10	6.91699975E-10	1.09863281E-1	0.00000000E+0	0.00000000E+0
1.07421875E-1	7.15563997E-10	7.15563997E-10	1.07421875E-1	0.00000000E+0	0.00000000E+0
1.04980469E-1	6.64886979E-10	6.64886979E-10	1.04980469E-1	0.00000000E+0	0.00000000E+0
1.02539062E-1	6.81665002E-10	6.81665002E-10	1.02539062E-1	0.00000000E+0	0.00000000E+0
1.00097656E-1	6.29571006E-10	6.29571006E-10	1.00097656E-1	0.00000000E+0	0.00000000E+0
9.76562500E-2	6.31562025E-10	6.31562025E-10	9.76562500E-2	0.00000000E+0	0.00000000E+0
9.52148438E-2	5.57711988E-10	5.57711988E-10	9.52148438E-2	0.00000000E+0	0.00000000E+0
9.27734375E-2	5.38649014E-10	5.38649014E-10	9.27734375E-2	0.00000000E+0	0.00000000E+0
9.03320313E-2	4.53599991E-10	4.53599991E-10	9.03320313E-2	0.00000000E+0	0.00000000E+0
8.78906250E-2	3.91853994E-10	3.91853994E-10	8.78906250E-2	0.00000000E+0	0.00000000E+0
8.54492188E-2	2.41010989E-10	2.41010989E-10	8.54492188E-2	0.00000000E+0	0.00000000E+0
8.30078125E-2	1.63891997E-10	1.63891997E-10	8.30078125E-2	0.00000000E+0	0.00000000E+0
8.05664063E-2	1.43392007E-10	1.43392007E-10	8.05664063E-2	0.00000000E+0	0.00000000E+0
7.81250000E-2	1.29954006E-10	1.29954006E-10	7.81250000E-2	0.00000000E+0	0.00000000E+0
7.56835938E-2	1.26786998E-10	1.26786998E-10	7.56835938E-2	0.00000000E+0	0.00000000E+0
7.32421875E-2	1.17039003E-10	1.17039003E-10	7.32421875E-2	0.00000000E+0	0.00000000E+0
7.08007813E-2	1.13611003E-10	1.13611003E-10	7.08007813E-2	0.00000000E+0	0.00000000E+0
6.83593750E-2	1.03651997E-10	1.03651997E-10	6.83593750E-2	0.00000000E+0	0.00000000E+0
6.59179688E-2	1.03039001E-10	1.03039001E-10	6.59179688E-2	0.00000000E+0	0.00000000E+0
6.34765625E-2	9.33476976E-11	9.33476976E-11	6.34765625E-2	0.00000000E+0	0.00000000E+0
6.10351563E-2	9.07814032E-11	9.07814032E-11	6.10351563E-2	0.00000000E+0	0.00000000E+0
5.85937500E-2	7.87319029E-11	7.87319029E-11	5.85937500E-2	0.00000000E+0	0.00000000E+0
5.61523438E-2	8.10519984E-11	8.10519984E-11	5.61523438E-2	0.00000000E+0	0.00000000E+0
5.37109375E-2	7.12460993E-11	7.12460993E-11	5.37109375E-2	0.00000000E+0	0.00000000E+0
5.12695313E-2	7.15196999E-11	7.15196999E-11	5.12695313E-2	0.00000000E+0	0.00000000E+0
4.88281250E-2	5.83759013E-11	5.83759013E-11	4.88281250E-2	0.00000000E+0	0.00000000E+0
4.63867188E-2	6.11119003E-11	6.11119003E-11	4.63867188E-2	0.00000000E+0	0.00000000E+0
4.39453125E-2	4.82635008E-11	4.82635008E-11	4.39453125E-2	0.00000000E+0	0.00000000E+0
4.15039063E-2	5.02935991E-11	5.02935991E-11	4.15039063E-2	0.00000000E+0	0.00000000E+0
3.90625000E-2	3.63125016E-11	3.63125016E-11	3.90625000E-2	0.00000000E+0	0.00000000E+0
3.66210938E-2	4.36670006E-11	4.36670006E-11	3.66210938E-2	0.00000000E+0	0.00000000E+0
3.41796875E-2	2.87537997E-11	2.87537997E-11	3.41796875E-2	0.00000000E+0	0.00000000E+0
3.17382813E-2	3.20991012E-11	3.20991012E-11	3.17382813E-2	0.00000000E+0	0.00000000E+0
2.92968750E-2	1.80540999E-11	1.80540999E-11	2.92968750E-2	0.00000000E+0	0.00000000E+0
2.68554688E-2	2.12665996E-11	2.12665996E-11	2.68554688E-2	0.00000000E+0	0.00000000E+0
2.44140625E-2	7.66087020E-12	7.66087020E-12	2.44140625E-2	0.00000000E+0	0.00000000E+0
2.19726563E-2	1.21041996E-11	1.21041996E-11	2.19726563E-2	0.00000000E+0	0.00000000E+0
1.95312500E-2	-1.30235005E-12	-1.30235005E-12	1.95312500E-2	0.00000000E+0	0.00000000E+0
1.70898438E-2	4.92211003E-12	4.92211003E-12	1.70898438E-2	0.00000000E+0	0.00000000E+0
1.46484375E-2	-6.95224000E-12	-6.95224000E-12	1.46484375E-2	0.00000000E+0	0.00000000E+0
1.22070313E-2	-2.33108997E-12	-2.33108997E-12	1.22070313E-2	0.00000000E+0	0.00000000E+0
9.76562500E-3	-1.57048003E-11	-1.57048003E-11	9.76562500E-3	0.00000000E+0	0.00000000E+0
7.32421875E-3	-7.81408965E-12	-7.81408965E-12	7.32421875E-3	0.00000000E+0	0.00000000E+0
4.88281250E-3	-1.82328996E-11	-1.82328996E-11	4.88281250E-3	0.00000000E+0	0.00000000E+0
2.44140625E-3	-1.09166998E-11	-1.09166998E-11	2.44140625E-3	0.00000000E+0	0.00000000E+0
0.00000000E+0	-2.25230008E-11	-2.25230008E-11	0.00000000E+0	0.00000000E+0	0.00000000E+0
-2.44140625E-3	-7.50766029E-12	-7.50766029E-12	-2.44140625E-3	0.00000000E+0	0.00000000E+0
-4.88281250E-3	-2.23698005E-11	-2.23698005E-11	-4.88281250E-3	0.00000000E+0	0.00000000E+0
-7.32421875E-3	-1.68386000E-11	-1.68386000E-11	-7.32421875E-3	0.00000000E+0	0.00000000E+0
-9.76562500E-3	-3.17925998E-11	-3.17925998E-11	-9.76562500E-3	0.00000000E+0	0.00000000E+0
-1.22070313E-2	-2.34423002E-11	-2.34423002E-11	-1.22070313E-2	0.00000000E+0	0.00000000E+0
-1.46484375E-2	-3.58966988E-11	-3.58966988E-11	-1.46484375E-2	0.00000000E+0	0.00000000E+0
-1.70898438E-2	-3.24438011E-11	-3.24438011E-11	-1.70898438E-2	0.00000000E+0	0.00000000E+0
-1.95312500E-2	-4.84932997E-11	-4.84932997E-11	-1.95312500E-2	0.00000000E+0	0.00000000E+0
-2.19726563E-2	-4.08325006E-11	-4.08325006E-11	-2.19726563E-2	0.00000000E+0	0.00000000E+0
-2.44140625E-2	-5.52157001E-11	-5.52157001E-11	-2.44140625E-2	0.00000000E+0	0.00000000E+0
-2.68554688E-2	-5.13151015E-11	-5.13151015E-11	-2.68554688E-2	0.00000000E+0	0.00000000E+0
-2.92968750E-2	-6.71859027E-11	-6.71859027E-11	-2.92968750E-2	0.00000000E+0	0.00000000E+0
-3.17382813E-2	-5.97165026E-11	-5.97165026E-11	-3.17382813E-2	0.00000000E+0	0.00000000E+0
-3.41796875E-2	-7.75024975E-11	-7.75024975E-11	-3.41796875E-2	0.00000000E+0	0.00000000E+0
-3.66210938E-2	-7.20122018E-11	-7.20122018E-11	-3.66210938E-2	0.00000000E+0	0.00000000E+0
-3.90625000E-2	-9.04748984E-11	-9.04748984E-11	-3.90625000E-2	0.00000000E+0	0.00000000E+0
-4.15039063E-2	-8.29289970E-11	-8.29289970E-11	-4.15039063E-2	0.00000000E+0	0.00000000E+0
-4.39453125E-2	-9.98977984E-11	-9.98977984E-11	-4.39453125E-2	0.00000000E+0	0.00000000E+0
-4.63867188E-2	-9.72164987E-11	-9.72164987E-11	-4.63867188E-2	0.00000000E+0	0.00000000E+0
-4.88281250E-2	-1.13458000E-10	-1.13458000E-10	-4.88281250E-2	0.00000000E+0	0.00000000E+0
-5.12695313E-2	-1.07467001E-10	-1.07467001E-10	-5.12695313E-2	0.00000000E+0	0.00000000E+0
-5.37109375E-2	-1.24546998E-10	-1.24546998E-10	-5.37109375E-2	0.00000000E+0	0.00000000E+0
-5.61523438E-2	-1.22879998E-10	-1.22879998E-10	-5.61523438E-2	0.00000000E+0	0.00000000E+0
-5.85937500E-2	-1.39785003E-10	-1.39785003E-10	-5.85937500E-2	0.00000000E+0	0.00000000E+0
-6.10351563E-2	-1.34525002E-10	-1.34525002E-10	-6.10351563E-2	0.00000000E+0	0.00000000E+0
-6.34765625E-2	-1.51863994E-10	-1.51863994E-10	-6.34765625E-2	0.00000000E+0	0.00000000E+0
-6.59179688E-2	-1.48468002E-10	-1.48468002E-10	-6.59179688E-2	0.00000000E+0	0.00000000E+0
-6.83593750E-2	-1.67758002E-10	-1.67758002E-10	-6.83593750E-2	0.00000000E+0	0.00000000E+0
-7.08007813E-2	-1.62717007E-10	-1.62717007E-10	-7.08007813E-2	0.00000000E+0	0.00000000E+0
-7.32421875E-2	-1.82674001E-10	-1.82674001E-10	-7.32421875E-2	0.00000000E+0	0.00000000E+0
-7.56835938E-2	-1.80489998E-10	-1.80489998E-10	-7.56835938E-2	0.00000000E+0	0.00000000E+0
-7.81250000E-2	-2.00434003E-10	-2.00434003E-10	-7.81250000E-2	0.00000000E+0	0.00000000E+0
-8.05664063E-2	-1.94815997E-10	-1.94815997E-10	-8.05664063E-2	0.00000000E+0	0.00000000E+0
-8.30078125E-2	-2.15059998E-10	-2.15059998E-10	-8.30078125E-2	0.00000000E+0	0.00000000E+0
-8.54492188E-2	-2.13967996E-10	-2.13967996E-10	-8.54492188E-2	0.00000000E+0	0.00000000E+0
-8.78906250E-2	-2.35878012E-10	-2.35878012E-10	-8.78906250E-2	0.00000000E+0	0.00000000E+0
-9.03320313E-2	-2.41278997E-10	-2.41278997E-10	-9.03320313E-2	0.00000000E+0	0.00000000E+0
-9.27734375E-2	-2.91534991E-10	-2.91534991E-10	-9.27734375E-2	0.00000000E+0	0.00000000E+0
-9.52148438E-2	-7.66354979E-10	-7.66354979E-10	-9.52148438E-2	0.00000000E+0	0.00000000E+0
-9.76562500E-2	-7.93493993E-10	-7.93493993E-10	-9.76562500E-2	0.00000000E+0	0.00000000E+0
-1.00097656E-1	-7.66354979E-10	-7.66354979E-10	-1.00097656E-1	0.00000000E+0	0.00000000E+0
-1.02539062E-1	-7.64746988E-10	-7.64746988E-10	-1.02539062E-1	0.00000000E+0	0.00000000E+0
-1.04980469E-1	-7.54290019E-10	-7.54290019E-10	-1.04980469E-1	0.00000000E+0	0.00000000E+0
-1.07421875E-1	-7.64746988E-10	-7.64746988E-10	-1.07421875E-1	0.00000000E+0	0.00000000E+0
-1.09863281E-1	-7.50612017E-10	-7.50612017E-10	-1.09863281E-1	0.00000000E+0	0.00000000E+0
-1.12304687E-1	-7.57967022E-10	-7.57967022E-10	-1.12304687E-1	0.00000000E+0	0.00000000E+0
-1.14746094E-1	-7.52450990E-10	-7.52450990E-10	-1.14746094E-1	0.00000000E+0	0.00000000E+0
-1.17187500E-1	-7.67657993E-10	-7.67657993E-10	-1.17187500E-1	0.00000000E+0	0.00000000E+0
-1.19628906E-1	-7.53369978E-10	-7.53369978E-10	-1.19628906E-1	0.00000000E+0	0.00000000E+0
-1.22070312E-1	-7.72751974E-10	-7.72751974E-10	-1.22070312E-1	0.00000000E+0	0.00000000E+0
-1.24511719E-1	-7.63482999E-10	-7.63482999E-10	-1.24511719E-1	0.00000000E+0	0.00000000E+0
-1.26953125E-1	-7.84345977E-10	-7.84345977E-10	-1.26953125E-1	0.00000000E+0	0.00000000E+0
-1.29394531E-1	-7.71832986E-10	-7.71832986E-10	-1.29394531E-1	0.00000000E+0	0.00000000E+0
-1.31835937E-1	-7.93493993E-10	-7.93493993E-10	-1.31835937E-1	0.00000000E+0	0.00000000E+0
-1.34277344E-1	-7.83401011E-10	-7.83401011E-10	-1.34277344E-1	0.00000000E+0	0.00000000E+0
-1.36718750E-1	-8.07303002E-10	-8.07303002E-10	-1.36718750E-1	0.00000000E+0	0.00000000E+0
-1.39160156E-1	-7.90525978E-10	-7.90525978E-10	-1.39160156E-1	0.00000000E+0	0.00000000E+0
-1.41601562E-1	-8.16418988E-10	-8.16418988E-10	-1.41601562E-1	0.00000000E+0	0.00000000E+0
-1.44042969E-1	-8.09505019E-10	-8.09505019E-10	-1.44042969E-1	0.00000000E+0	0.00000000E+0
-1.46484375E-1	-8.38213998E-10	-8.38213998E-10	-1.46484375E-1	0.00000000E+0	0.00000000E+0
-1.48925781E-1	-8.22241997E-10	-8.22241997E-10	-1.48925781E-1	0.00000000E+0	0.00000000E+0
-1.51367187E-1	-8.50662984E-10	-8.50662984E-10	-1.51367187E-1	0.00000000E+0	0.00000000E+0
-1.53808594E-1	-8.40704006E-10	-8.40704006E-10	-1.53808594E-1	0.00000000E+0	0.00000000E+0
-1.56250000E-1	-8.68665972E-10	-8.68665972E-10	-1.56250000E-1	0.00000000E+0	0.00000000E+0
-1.58691406E-1	-8.50357007E-10	-8.50357007E-10	-1.58691406E-1	0.00000000E+0	0.00000000E+0
-1.61132812E-1	-8.87589002E-10	-8.87589002E-10	-1.61132812E-1	0.00000000E+0	0.00000000E+0
-1.63574219E-1	-8.71423989E-10	-8.71423989E-10	-1.63574219E-1	0.00000000E+0	0.00000000E+0
-1.66015625E-1	-9.05285014E-10	-9.05285014E-10	-1.66015625E-1	0.00000000E+0	0.00000000E+0
-1.68457031E-1	-8.87589002E-10	-8.87589002E-10	-1.68457031E-1	0.00000000E+0	0.00000000E+0
-1.70898437E-1	-9.21909993E-10	-9.21909993E-10	-1.70898437E-1	0.00000000E+0	0.00000000E+0
-1.73339844E-1	-9.08310982E-10	-9.08310982E-10	-1.73339844E-1	0.00000000E+0	0.00000000E+0
-1.75781250E-1	-9.41023037E-10	-9.41023037E-10	-1.75781250E-1	0.00000000E+0	0.00000000E+0
-1.78222656E-1	-9.23517984E-10	-9.23517984E-10	-1.78222656E-1	0.00000000E+0	0.00000000E+0
-1.80664062E-1	-9.61864033E-10	-9.61864033E-10	-1.80664062E-1	0.00000000E+0	0.00000000E+0
-1.83105469E-1	-9.47114054E-10	-9.47114054E-10	-1.83105469E-1	0.00000000E+0	0.00000000E+0
-1.85546875E-1	-9.79557990E-10	-9.79557990E-10	-1.85546875E-1	0.00000000E+0	0.00000000E+0
-1.87988281E-1	-9.65575953E-10	-9.65575953E-10	-1.87988281E-1	0.00000000E+0	0.00000000E+0
-1.90429687E-1	-1.00084996E-9	-1.00084996E-9	-1.90429687E-1	0.00000000E+0	0.00000000E+0
-1.92871094E-1	-9.83502946E-10	-9.83502946E-10	-1.92871094E-1	0.00000000E+0	0.00000000E+0
-1.95312500E-1	-1.01873998E-9	-1.01873998E-9	-1.95312500E-1	0.00000000E+0	0.00000000E+0
-1.97753906E-1	-9.99131000E-10	-9.99131000E-10	-1.97753906E-1	0.00000000E+0	0.00000000E+0
-2.00195312E-1	-1.03912001E-9	-1.03912001E-9	-2.00195312E-1	0.00000000E+0	0.00000000E+0
-2.02636719E-1	-1.02384001E-9	-1.02384001E-9	-2.02636719E-1	0.00000000E+0	0.00000000E+0
-2.05078125E-1	-1.06218001E-9	-1.06218001E-9	-2.05078125E-1	0.00000000E+0	0.00000000E+0
-2.07519531E-1	-1.04436004E-9	-1.04436004E-9	-2.07519531E-1	0.00000000E+0	0.00000000E+0
-2.09960937E-1	-1.07765996E-9	-1.07765996E-9	-2.09960937E-1	0.00000000E+0	0.00000000E+0
-2.12402344E-1	-1.06569997E-9	-1.06569997E-9	-2.12402344E-1	0.00000000E+0	0.00000000E+0
-2.14843750E-1	-1.10650999E-9	-1.10650999E-9	-2.14843750E-1	0.00000000E+0	0.00000000E+0
-2.17285156E-1	-1.09197995E-9	-1.09197995E-9	-2.17285156E-1	0.00000000E+0	0.00000000E+0
-2.19726562E-1	-1.12139997E-9	-1.12139997E-9	-2.19726562E-1	0.00000000E+0	0.00000000E+0
-2.22167969E-1	-1.10189002E-9	-1.10189002E-9	-2.22167969E-1	0.00000000E+0	0.00000000E+0
-2.24609375E-1	-1.14141996E-9	-1.14141996E-9	-2.24609375E-1	0.00000000E+0	0.00000000E+0
-2.27050781E-1	-1.12550003E-9	-1.12550003E-9	-2.27050781E-1	0.00000000E+0	0.00000000E+0
-2.29492187E-1	-1.15955001E-9	-1.15955001E-9	-2.29492187E-1	0.00000000E+0	0.00000000E+0
-2.31933594E-1	-1.15709997E-9	-1.15709997E-9	-2.31933594E-1	0.00000000E+0	0.00000000E+0
-2.34375000E-1	-1.18636001E-9	-1.18636001E-9	-2.34375000E-1	0.00000000E+0	0.00000000E+0
-2.36816406E-1	-1.17372001E-9	-1.17372001E-9	-2.36816406E-1	0.00000000E+0	0.00000000E+0
-2.39257812E-1	-1.20309995E-9	-1.20309995E-9	-2.39257812E-1	0.00000000E+0	0.00000000E+0
-2.41699219E-1	-1.19532995E-9	-1.19532995E-9	-2.41699219E-1	0.00000000E+0	0.00000000E+0
-2.44140625E-1	-1.22371002E-9	-1.22371002E-9	-2.44140625E-1	0.00000000E+0	0.00000000E+0
-2.46582031E-1	-1.21689003E-9	-1.21689003E-9	-2.46582031E-1	0.00000000E+0	0.00000000E+0
-2.49023437E-1	-1.24802002E-9	-1.24802002E-9	-2.49023437E-1	0.00000000E+0	0.00000000E+0
-2.51464844E-1	-1.24392996E-9	-1.24392996E-9	-2.51464844E-1	0.00000000E+0	0.00000000E+0
-2.53906250E-1	-1.27021005E-9	-1.27021005E-9	-2.53906250E-1	0.00000000E+0	0.00000000E+0
-2.56347656E-1	-1.26461996E-9	-1.26461996E-9	-2.56347656E-1	0.00000000E+0	0.00000000E+0
-2.58789062E-1	-1.29068001E-9	-1.29068001E-9	-2.58789062E-1	0.00000000E+0	0.00000000E+0
-2.61230469E-1	-1.28789002E-9	-1.28789002E-9	-2.61230469E-1	0.00000000E+0	0.00000000E+0
-2.63671875E-1	-1.31350997E-9	-1.31350997E-9	-2.63671875E-1	0.00000000E+0	0.00000000E+0
-2.66113281E-1	-1.30805000E-9	-1.30805000E-9	-2.66113281E-1	0.00000000E+0	0.00000000E+0
-2.68554687E-1	-1.33553002E-9	-1.33553002E-9	-2.68554687E-1	0.00000000E+0	0.00000000E+0
-2.70996094E-1	-1.33097000E-9	-1.33097000E-9	-2.70996094E-1	0.00000000E+0	0.00000000E+0
-2.73437500E-1	-1.35738998E-9	-1.35738998E-9	-2.73437500E-1	0.00000000E+0	0.00000000E+0
-2.75878906E-1	-1.34843003E-9	-1.34843003E-9	-2.75878906E-1	0.00000000E+0	0.00000000E+0
-2.78320312E-1	-1.37879996E-9	-1.37879996E-9	-2.78320312E-1	0.00000000E+0	0.00000000E+0
-2.80761719E-1	-1.37596001E-9	-1.37596001E-9	-2.80761719E-1	0.00000000E+0	0.00000000E+0
-2.83203125E-1	-1.40309997E-9	-1.40309997E-9	-2.83203125E-1	0.00000000E+0	0.00000000E+0
-2.85644531E-1	-1.40157996E-9	-1.40157996E-9	-2.85644531E-1	0.00000000E+0	0.00000000E+0
-2.88085937E-1	-1.42612999E-9	-1.42612999E-9	-2.88085937E-1	0.00000000E+0	0.00000000E+0
-2.90527344E-1	-1.41980006E-9	-1.41980006E-9	-2.90527344E-1	0.00000000E+0	0.00000000E+0
-2.92968750E-1	-1.44790002E-9	-1.44790002E-9	-2.92968750E-1	0.00000000E+0	0.00000000E+0
-2.95410156E-1	-1.44486001E-9	-1.44486001E-9	-2.95410156E-1	0.00000000E+0	0.00000000E+0
-2.97851562E-1	-1.47371004E-9	-1.47371004E-9	-2.97851562E-1	0.00000000E+0	0.00000000E+0
-3.00292969E-1	-1.47523005E-9	-1.47523005E-9	-3.00292969E-1	0.00000000E+0	0.00000000E+0
-3.02734375E-1	-1.49801005E-9	-1.49801005E-9	-3.02734375E-1	0.00000000E+0	0.00000000E+0
-3.05175781E-1	-1.50180002E-9	-1.50180002E-9	-3.05175781E-1	0.00000000E+0	0.00000000E+0
-3.07617187E-1	-1.52306001E-9	-1.52306001E-9	-3.07617187E-1	0.00000000E+0	0.00000000E+0
-3.10058594E-1	-1.52079005E-9	-1.52079005E-9	-3.10058594E-1	0.00000000E+0	0.00000000E+0
-3.12500000E-1	-1.54413005E-9	-1.54413005E-9	-3.12500000E-1	0.00000000E+0	0.00000000E+0
-3.14941406E-1	-1.54609003E-9	-1.54609003E-9	-3.14941406E-1	0.00000000E+0	0.00000000E+0
-3.17382812E-1	-1.56843005E-9	-1.56843005E-9	-3.17382812E-1	0.00000000E+0	0.00000000E+0
-3.19824219E-1	-1.56843005E-9	-1.56843005E-9	-3.19824219E-1	0.00000000E+0	0.00000000E+0
-3.22265625E-1	-1.59165003E-9	-1.59165003E-9	-3.22265625E-1	0.00000000E+0	0.00000000E+0
-3.24707031E-1	-1.59063995E-9	-1.59063995E-9	-3.24707031E-1	0.00000000E+0	0.00000000E+0
-3.27148437E-1	-1.61114000E-9	-1.61114000E-9	-3.27148437E-1	0.00000000E+0	0.00000000E+0
-3.29589844E-1	-1.61114000E-9	-1.61114000E-9	-3.29589844E-1	0.00000000E+0	0.00000000E+0
-3.32031250E-1	-1.63720004E-9	-1.63720004E-9	-3.32031250E-1	0.00000000E+0	0.00000000E+0
-3.34472656E-1	-1.63543001E-9	-1.63543001E-9	-3.34472656E-1	0.00000000E+0	0.00000000E+0
-3.36914062E-1	-1.65744996E-9	-1.65744996E-9	-3.36914062E-1	0.00000000E+0	0.00000000E+0
-3.39355469E-1	-1.65543002E-9	-1.65543002E-9	-3.39355469E-1	0.00000000E+0	0.00000000E+0
-3.41796875E-1	-1.67743996E-9	-1.67743996E-9	-3.41796875E-1	0.00000000E+0	0.00000000E+0
-3.44238281E-1	-1.68251002E-9	-1.68251002E-9	-3.44238281E-1	0.00000000E+0	0.00000000E+0
-3.46679687E-1	-1.69946002E-9	-1.69946002E-9	-3.46679687E-1	0.00000000E+0	0.00000000E+0
-3.49121094E-1	-1.70148995E-9	-1.70148995E-9	-3.49121094E-1	0.00000000E+0	0.00000000E+0
-3.51562500E-1	-1.72502002E-9	-1.72502002E-9	-3.51562500E-1	0.00000000E+0	0.00000000E+0
-3.54003906E-1	-1.72806003E-9	-1.72806003E-9	-3.54003906E-1	0.00000000E+0	0.00000000E+0
-3.56445312E-1	-1.74438997E-9	-1.74438997E-9	-3.56445312E-1	0.00000000E+0	0.00000000E+0
-3.58886719E-1	-1.74654002E-9	-1.74654002E-9	-3.58886719E-1	0.00000000E+0	0.00000000E+0
-3.61328125E-1	-1.76658999E-9	-1.76658999E-9	-3.61328125E-1	0.00000000E+0	0.00000000E+0
-3.63769531E-1	-1.76754000E-9	-1.76754000E-9	-3.63769531E-1	0.00000000E+0	0.00000000E+0
-3.66210937E-1	-1.78779003E-9	-1.78779003E-9	-3.66210937E-1	0.00000000E+0	0.00000000E+0
-3.68652344E-1	-1.78980997E-9	-1.78980997E-9	-3.68652344E-1	0.00000000E+0	0.00000000E+0
-3.71093750E-1	-1.81233994E-9	-1.81233994E-9	-3.71093750E-1	0.00000000E+0	0.00000000E+0
-3.73535156E-1	-1.81360005E-9	-1.81360005E-9	-3.73535156E-1	0.00000000E+0	0.00000000E+0
-3.75976562E-1	-1.82827997E-9	-1.82827997E-9	-3.75976562E-1	0.00000000E+0	0.00000000E+0
-3.78417969E-1	-1.83436000E-9	-1.83436000E-9	-3.78417969E-1	0.00000000E+0	0.00000000E+0
-3.80859375E-1	-1.84953997E-9	-1.84953997E-9	-3.80859375E-1	0.00000000E+0	0.00000000E+0
-3.83300781E-1	-1.86826998E-9	-1.86826998E-9	-3.83300781E-1	0.00000000E+0	0.00000000E+0
-3.85742187E-1	-1.88167992E-9	-1.88167992E-9	-3.85742187E-1	0.00000000E+0	0.00000000E+0
-3.88183594E-1	-1.89016003E-9	-1.89016003E-9	-3.88183594E-1	0.00000000E+0	0.00000000E+0
-3.90625000E-1	-1.89927007E-9	-1.89927007E-9	-3.90625000E-1	0.00000000E+0	0.00000000E+0
-3.93066406E-1	-1.91047000E-9	-1.91047000E-9	-3.93066406E-1	0.00000000E+0	0.00000000E+0
-3.95507812E-1	-1.92166993E-9	-1.92166993E-9	-3.95507812E-1	0.00000000E+0	0.00000000E+0
-3.97949219E-1	-1.92952010E-9	-1.92952010E-9	-3.97949219E-1	0.00000000E+0	0.00000000E+0
-4.00390625E-1	-1.94040006E-9	-1.94040006E-9	-4.00390625E-1	0.00000000E+0	0.00000000E+0
-4.02832031E-1	-1.94444993E-9	-1.94444993E-9	-4.02832031E-1	0.00000000E+0	0.00000000E+0
-4.05273437E-1	-1.95608996E-9	-1.95608996E-9	-4.05273437E-1	0.00000000E+0	0.00000000E+0
-4.07714844E-1	-1.96722993E-9	-1.96722993E-9	-4.07714844E-1	0.00000000E+0	0.00000000E+0
-4.10156250E-1	-1.97633998E-9	-1.97633998E-9	-4.10156250E-1	0.00000000E+0	0.00000000E+0
-4.12597656E-1	-1.98621009E-9	-1.98621009E-9	-4.12597656E-1	0.00000000E+0	0.00000000E+0
-4.15039062E-1	-1.99227990E-9	-1.99227990E-9	-4.15039062E-1	0.00000000E+0	0.00000000E+0
-4.17480469E-1	-2.00848005E-9	-2.00848005E-9	-4.17480469E-1	0.00000000E+0	0.00000000E+0
-4.19921875E-1	-2.01530992E-9	-2.01530992E-9	-4.19921875E-1	0.00000000E+0	0.00000000E+0
-4.22363281E-1	-2.02379002E-9	-2.02379002E-9	-4.22363281E-1	0.00000000E+0	0.00000000E+0
-4.24804687E-1	-2.02683004E-9	-2.02683004E-9	-4.24804687E-1	0.00000000E+0	0.00000000E+0
-4.27246094E-1	-2.03708006E-9	-2.03708006E-9	-4.27246094E-1	0.00000000E+0	0.00000000E+0
-4.29687500E-1	-2.04390993E-9	-2.04390993E-9	-4.29687500E-1	0.00000000E+0	0.00000000E+0
-4.32128906E-1	-2.05529993E-9	-2.05529993E-9	-4.32128906E-1	0.00000000E+0	0.00000000E+0
-4.34570312E-1	-2.06264006E-9	-2.06264006E-9	-4.34570312E-1	0.00000000E+0	0.00000000E+0
-4.37011719E-1	-2.07352002E-9	-2.07352002E-9	-4.37011719E-1	0.00000000E+0	0.00000000E+0
-4.39453125E-1	-2.07124007E-9	-2.07124007E-9	-4.39453125E-1	0.00000000E+0	0.00000000E+0
-4.41894531E-1	-2.08567008E-9	-2.08567008E-9	-4.41894531E-1	0.00000000E+0	0.00000000E+0
-4.44335937E-1	-2.08946993E-9	-2.08946993E-9	-4.44335937E-1	0.00000000E+0	0.00000000E+0
-4.46777344E-1	-2.10338991E-9	-2.10338991E-9	-4.46777344E-1	0.00000000E+0	0.00000000E+0
-4.49218750E-1	-2.10465001E-9	-2.10465001E-9	-4.49218750E-1	0.00000000E+0	0.00000000E+0
-4.51660156E-1	-2.11984008E-9	-2.11984008E-9	-4.51660156E-1	0.00000000E+0	0.00000000E+0
-4.54101562E-1	-2.12894991E-9	-2.12894991E-9	-4.54101562E-1	0.00000000E+0	0.00000000E+0
-4.56542969E-1	-2.12894991E-9	-2.12894991E-9	-4.56542969E-1	0.00000000E+0	0.00000000E+0
-4.58984375E-1	-2.14033991E-9	-2.14033991E-9	-4.58984375E-1	0.00000000E+0	0.00000000E+0
-4.61425781E-1	-2.14754992E-9	-2.14754992E-9	-4.61425781E-1	0.00000000E+0	0.00000000E+0
-4.63867187E-1	-2.15146989E-9	-2.15146989E-9	-4.63867187E-1	0.00000000E+0	0.00000000E+0
-4.66308594E-1	-2.17071006E-9	-2.17071006E-9	-4.66308594E-1	0.00000000E+0	0.00000000E+0
-4.68750000E-1	-2.16690998E-9	-2.16690998E-9	-4.68750000E-1	0.00000000E+0	0.00000000E+0
-4.71191406E-1	-2.17855001E-9	-2.17855001E-9	-4.71191406E-1	0.00000000E+0	0.00000000E+0
-4.73632812E-1	-2.18057994E-9	-2.18057994E-9	-4.73632812E-1	0.00000000E+0	0.00000000E+0
-4.76074219E-1	-2.19652008E-9	-2.19652008E-9	-4.76074219E-1	0.00000000E+0	0.00000000E+0
-4.78515625E-1	-2.19803997E-9	-2.19803997E-9	-4.78515625E-1	0.00000000E+0	0.00000000E+0
-4.80957031E-1	-2.20715002E-9	-2.20715002E-9	-4.80957031E-1	0.00000000E+0	0.00000000E+0
-4.83398437E-1	-2.21398011E-9	-2.21398011E-9	-4.83398437E-1	0.00000000E+0	0.00000000E+0
-4.85839844E-1	-2.22119989E-9	-2.22119989E-9	-4.85839844E-1	0.00000000E+0	0.00000000E+0
-4.88281250E-1	-2.22916996E-9	-2.22916996E-9	-4.88281250E-1	0.00000000E+0	0.00000000E+0
-4.90722656E-1	-2.22119989E-9	-2.22119989E-9	-4.90722656E-1	0.00000000E+0	0.00000000E+0
-4.93164062E-1	-2.24410002E-9	-2.24410002E-9	-4.93164062E-1	0.00000000E+0	0.00000000E+0
-4.90722656E-1	-2.14412998E-9	-2.14412998E-9	-4.90722656E-1	0.00000000E+0	0.00000000E+0
-4.88281250E-1	-2.14412998E-9	-2.14412998E-9	-4.88281250E-1	0.00000000E+0	0.00000000E+0
-4.85839844E-1	-2.13197993E-9	-2.13197993E-9	-4.85839844E-1	0.00000000E+0	0.00000000E+0
-4.83398437E-1	-2.12894991E-9	-2.12894991E-9	-4.83398437E-1	0.00000000E+0	0.00000000E+0
-4.80957031E-1	-2.11123008E-9	-2.11123008E-9	-4.80957031E-1	0.00000000E+0	0.00000000E+0
-4.78515625E-1	-2.11527995E-9	-2.11527995E-9	-4.78515625E-1	0.00000000E+0	0.00000000E+0
-4.76074219E-1	-2.09667994E-9	-2.09667994E-9	-4.76074219E-1	0.00000000E+0	0.00000000E+0
-4.73632812E-1	-2.10338991E-9	-2.10338991E-9	-4.73632812E-1	0.00000000E+0	0.00000000E+0
-4.71191406E-1	-2.08820006E-9	-2.08820006E-9	-4.71191406E-1	0.00000000E+0	0.00000000E+0
-4.68750000E-1	-2.09667994E-9	-2.09667994E-9	-4.68750000E-1	0.00000000E+0	0.00000000E+0
-4.66308594E-1	-2.06668993E-9	-2.06668993E-9	-4.66308594E-1	0.00000000E+0	0.00000000E+0
-4.63867187E-1	-2.07732009E-9	-2.07732009E-9	-4.63867187E-1	0.00000000E+0	0.00000000E+0
-4.61425781E-1	-2.05225992E-9	-2.05225992E-9	-4.61425781E-1	0.00000000E+0	0.00000000E+0
-4.58984375E-1	-2.06264006E-9	-2.06264006E-9	-4.58984375E-1	0.00000000E+0	0.00000000E+0
-4.56542969E-1	-2.03594008E-9	-2.03594008E-9	-4.56542969E-1	0.00000000E+0	0.00000000E+0
-4.54101562E-1	-2.05100004E-9	-2.05100004E-9	-4.54101562E-1	0.00000000E+0	0.00000000E+0
-4.51660156E-1	-2.02379002E-9	-2.02379002E-9	-4.51660156E-1	0.00000000E+0	0.00000000E+0
-4.49218750E-1	-2.03961004E-9	-2.03961004E-9	-4.49218750E-1	0.00000000E+0	0.00000000E+0
-4.46777344E-1	-2.00366990E-9	-2.00366990E-9	-4.46777344E-1	0.00000000E+0	0.00000000E+0
-4.44335937E-1	-2.02493000E-9	-2.02493000E-9	-4.44335937E-1	0.00000000E+0	0.00000000E+0
-4.41894531E-1	-1.99835992E-9	-1.99835992E-9	-4.41894531E-1	0.00000000E+0	0.00000000E+0
-4.39453125E-1	-2.01163997E-9	-2.01163997E-9	-4.39453125E-1	0.00000000E+0	0.00000000E+0
-4.37011719E-1	-1.98317007E-9	-1.98317007E-9	-4.37011719E-1	0.00000000E+0	0.00000000E+0
-4.34570312E-1	-1.99835992E-9	-1.99835992E-9	-4.34570312E-1	0.00000000E+0	0.00000000E+0
-4.32128906E-1	-1.96874006E-9	-1.96874006E-9	-4.32128906E-1	0.00000000E+0	0.00000000E+0
-4.29687500E-1	-1.98013006E-9	-1.98013006E-9	-4.29687500E-1	0.00000000E+0	0.00000000E+0
-4.27246094E-1	-1.93686001E-9	-1.93686001E-9	-4.27246094E-1	0.00000000E+0	0.00000000E+0
-4.24804687E-1	-1.95508010E-9	-1.95508010E-9	-4.24804687E-1	0.00000000E+0	0.00000000E+0
-4.22363281E-1	-1.92470995E-9	-1.92470995E-9	-4.22363281E-1	0.00000000E+0	0.00000000E+0
-4.19921875E-1	-1.95014005E-9	-1.95014005E-9	-4.19921875E-1	0.00000000E+0	0.00000000E+0
-4.17480469E-1	-1.92952010E-9	-1.92952010E-9	-4.17480469E-1	0.00000000E+0	0.00000000E+0
-4.15039062E-1	-1.94444993E-9	-1.94444993E-9	-4.15039062E-1	0.00000000E+0	0.00000000E+0
-4.12597656E-1	-1.91331995E-9	-1.91331995E-9	-4.12597656E-1	0.00000000E+0	0.00000000E+0
-4.10156250E-1	-1.92825000E-9	-1.92825000E-9	-4.10156250E-1	0.00000000E+0	0.00000000E+0
-4.07714844E-1	-1.89610994E-9	-1.89610994E-9	-4.07714844E-1	0.00000000E+0	0.00000000E+0
-4.05273437E-1	-1.91047000E-9	-1.91047000E-9	-4.05273437E-1	0.00000000E+0	0.00000000E+0
-4.02832031E-1	-1.88042004E-9	-1.88042004E-9	-4.02832031E-1	0.00000000E+0	0.00000000E+0
-4.00390625E-1	-1.89510008E-9	-1.89510008E-9	-4.00390625E-1	0.00000000E+0	0.00000000E+0
-3.97949219E-1	-1.86092997E-9	-1.86092997E-9	-3.97949219E-1	0.00000000E+0	0.00000000E+0
-3.95507812E-1	-1.87232008E-9	-1.87232008E-9	-3.95507812E-1	0.00000000E+0	0.00000000E+0
-3.93066406E-1	-1.84650994E-9	-1.84650994E-9	-3.93066406E-1	0.00000000E+0	0.00000000E+0
-3.90625000E-1	-1.85535998E-9	-1.85535998E-9	-3.90625000E-1	0.00000000E+0	0.00000000E+0
-3.88183594E-1	-1.82727000E-9	-1.82727000E-9	-3.88183594E-1	0.00000000E+0	0.00000000E+0
-3.85742187E-1	-1.83840998E-9	-1.83840998E-9	-3.85742187E-1	0.00000000E+0	0.00000000E+0
-3.83300781E-1	-1.81487003E-9	-1.81487003E-9	-3.83300781E-1	0.00000000E+0	0.00000000E+0
-3.80859375E-1	-1.81688997E-9	-1.81688997E-9	-3.80859375E-1	0.00000000E+0	0.00000000E+0
-3.78417969E-1	-1.79791004E-9	-1.79791004E-9	-3.78417969E-1	0.00000000E+0	0.00000000E+0
-3.75976562E-1	-1.80094994E-9	-1.80094994E-9	-3.75976562E-1	0.00000000E+0	0.00000000E+0
-3.73535156E-1	-1.78677995E-9	-1.78677995E-9	-3.73535156E-1	0.00000000E+0	0.00000000E+0
-3.71093750E-1	-1.78323001E-9	-1.78323001E-9	-3.71093750E-1	0.00000000E+0	0.00000000E+0
-3.68652344E-1	-1.75159998E-9	-1.75159998E-9	-3.68652344E-1	0.00000000E+0	0.00000000E+0
-3.66210937E-1	-1.74855996E-9	-1.74855996E-9	-3.66210937E-1	0.00000000E+0	0.00000000E+0
-3.63769531E-1	-1.73414005E-9	-1.73414005E-9	-3.63769531E-1	0.00000000E+0	0.00000000E+0
-3.61328125E-1	-1.72806003E-9	-1.72806003E-9	-3.61328125E-1	0.00000000E+0	0.00000000E+0
-3.58886719E-1	-1.71768999E-9	-1.71768999E-9	-3.58886719E-1	0.00000000E+0	0.00000000E+0
-3.56445312E-1	-1.70680003E-9	-1.70680003E-9	-3.56445312E-1	0.00000000E+0	0.00000000E+0
-3.54003906E-1	-1.70426995E-9	-1.70426995E-9	-3.54003906E-1	0.00000000E+0	0.00000000E+0
-3.51562500E-1	-1.68858005E-9	-1.68858005E-9	-3.51562500E-1	0.00000000E+0	0.00000000E+0
-3.49121094E-1	-1.68148995E-9	-1.68148995E-9	-3.49121094E-1	0.00000000E+0	0.00000000E+0
-3.46679687E-1	-1.66656000E-9	-1.66656000E-9	-3.46679687E-1	0.00000000E+0	0.00000000E+0
-3.44238281E-1	-1.66656000E-9	-1.66656000E-9	-3.44238281E-1	0.00000000E+0	0.00000000E+0
-3.41796875E-1	-1.64834002E-9	-1.64834002E-9	-3.41796875E-1	0.00000000E+0	0.00000000E+0
-3.39355469E-1	-1.64416003E-9	-1.64416003E-9	-3.39355469E-1	0.00000000E+0	0.00000000E+0
-3.36914062E-1	-1.63922997E-9	-1.63922997E-9	-3.36914062E-1	0.00000000E+0	0.00000000E+0
-3.34472656E-1	-1.62986002E-9	-1.62986002E-9	-3.34472656E-1	0.00000000E+0	0.00000000E+0
-3.32031250E-1	-1.60127001E-9	-1.60127001E-9	-3.32031250E-1	0.00000000E+0	0.00000000E+0
-3.29589844E-1	-1.60809999E-9	-1.60809999E-9	-3.29589844E-1	0.00000000E+0	0.00000000E+0
-3.27148437E-1	-1.58683999E-9	-1.58683999E-9	-3.27148437E-1	0.00000000E+0	0.00000000E+0
-3.24707031E-1	-1.58050995E-9	-1.58050995E-9	-3.24707031E-1	0.00000000E+0	0.00000000E+0
-3.22265625E-1	-1.55798996E-9	-1.55798996E-9	-3.22265625E-1	0.00000000E+0	0.00000000E+0
-3.19824219E-1	-1.56653002E-9	-1.56653002E-9	-3.19824219E-1	0.00000000E+0	0.00000000E+0
-3.17382812E-1	-1.53496005E-9	-1.53496005E-9	-3.17382812E-1	0.00000000E+0	0.00000000E+0
-3.14941406E-1	-1.54223001E-9	-1.54223001E-9	-3.14941406E-1	0.00000000E+0	0.00000000E+0
-3.12500000E-1	-1.50863999E-9	-1.50863999E-9	-3.12500000E-1	0.00000000E+0	0.00000000E+0
-3.10058594E-1	-1.52154001E-9	-1.52154001E-9	-3.10058594E-1	0.00000000E+0	0.00000000E+0
-3.07617187E-1	-1.49059998E-9	-1.49059998E-9	-3.07617187E-1	0.00000000E+0	0.00000000E+0
-3.05175781E-1	-1.49724999E-9	-1.49724999E-9	-3.05175781E-1	0.00000000E+0	0.00000000E+0
-3.02734375E-1	-1.46535994E-9	-1.46535994E-9	-3.02734375E-1	0.00000000E+0	0.00000000E+0
-3.00292969E-1	-1.47371004E-9	-1.47371004E-9	-3.00292969E-1	0.00000000E+0	0.00000000E+0
-2.97851562E-1	-1.43852996E-9	-1.43852996E-9	-2.97851562E-1	0.00000000E+0	0.00000000E+0
-2.95410156E-1	-1.44865997E-9	-1.44865997E-9	-2.95410156E-1	0.00000000E+0	0.00000000E+0
-2.92968750E-1	-1.41334999E-9	-1.41334999E-9	-2.92968750E-1	0.00000000E+0	0.00000000E+0
-2.90527344E-1	-1.42739998E-9	-1.42739998E-9	-2.90527344E-1	0.00000000E+0	0.00000000E+0
-2.88085937E-1	-1.38487999E-9	-1.38487999E-9	-2.88085937E-1	0.00000000E+0	0.00000000E+0
-2.85644531E-1	-1.39804002E-9	-1.39804002E-9	-2.85644531E-1	0.00000000E+0	0.00000000E+0
-2.83203125E-1	-1.35738998E-9	-1.35738998E-9	-2.83203125E-1	0.00000000E+0	0.00000000E+0
-2.80761719E-1	-1.37273004E-9	-1.37273004E-9	-2.80761719E-1	0.00000000E+0	0.00000000E+0
-2.78320312E-1	-1.33021005E-9	-1.33021005E-9	-2.78320312E-1	0.00000000E+0	0.00000000E+0
-2.75878906E-1	-1.34843003E-9	-1.34843003E-9	-2.75878906E-1	0.00000000E+0	0.00000000E+0
-2.73437500E-1	-1.30349997E-9	-1.30349997E-9	-2.73437500E-1	0.00000000E+0	0.00000000E+0
-2.70996094E-1	-1.32641997E-9	-1.32641997E-9	-2.70996094E-1	0.00000000E+0	0.00000000E+0
-2.68554687E-1	-1.28223998E-9	-1.28223998E-9	-2.68554687E-1	0.00000000E+0	0.00000000E+0
-2.66113281E-1	-1.30029998E-9	-1.30029998E-9	-2.66113281E-1	0.00000000E+0	0.00000000E+0
-2.63671875E-1	-1.25707000E-9	-1.25707000E-9	-2.63671875E-1	0.00000000E+0	0.00000000E+0
-2.61230469E-1	-1.27584998E-9	-1.27584998E-9	-2.61230469E-1	0.00000000E+0	0.00000000E+0
-2.58789062E-1	-1.23285004E-9	-1.23285004E-9	-2.58789062E-1	0.00000000E+0	0.00000000E+0
-2.56347656E-1	-1.24768995E-9	-1.24768995E-9	-2.56347656E-1	0.00000000E+0	0.00000000E+0
-2.53906250E-1	-1.20230004E-9	-1.20230004E-9	-2.53906250E-1	0.00000000E+0	0.00000000E+0
-2.51464844E-1	-1.22697996E-9	-1.22697996E-9	-2.51464844E-1	0.00000000E+0	0.00000000E+0
-2.49023437E-1	-1.18187005E-9	-1.18187005E-9	-2.49023437E-1	0.00000000E+0	0.00000000E+0
-2.46582031E-1	-1.19807997E-9	-1.19807997E-9	-2.46582031E-1	0.00000000E+0	0.00000000E+0
-2.44140625E-1	-1.15127996E-9	-1.15127996E-9	-2.44140625E-1	0.00000000E+0	0.00000000E+0
-2.41699219E-1	-1.17224996E-9	-1.17224996E-9	-2.41699219E-1	0.00000000E+0	0.00000000E+0
-2.39257812E-1	-1.12967002E-9	-1.12967002E-9	-2.39257812E-1	0.00000000E+0	0.00000000E+0
-2.36816406E-1	-1.14415000E-9	-1.14415000E-9	-2.36816406E-1	0.00000000E+0	0.00000000E+0
-2.34375000E-1	-1.10328002E-9	-1.10328002E-9	-2.34375000E-1	0.00000000E+0	0.00000000E+0
-2.31933594E-1	-1.12462994E-9	-1.12462994E-9	-2.31933594E-1	0.00000000E+0	0.00000000E+0
-2.29492187E-1	-1.08040998E-9	-1.08040998E-9	-2.29492187E-1	0.00000000E+0	0.00000000E+0
-2.27050781E-1	-1.09910003E-9	-1.09910003E-9	-2.27050781E-1	0.00000000E+0	0.00000000E+0
-2.24609375E-1	-1.06218001E-9	-1.06218001E-9	-2.24609375E-1	0.00000000E+0	0.00000000E+0
-2.22167969E-1	-1.07678999E-9	-1.07678999E-9	-2.22167969E-1	0.00000000E+0	0.00000000E+0
-2.19726562E-1	-1.03666997E-9	-1.03666997E-9	-2.19726562E-1	0.00000000E+0	0.00000000E+0
-2.17285156E-1	-1.04942000E-9	-1.04942000E-9	-2.17285156E-1	0.00000000E+0	0.00000000E+0
-2.14843750E-1	-1.01576003E-9	-1.01576003E-9	-2.14843750E-1	0.00000000E+0	0.00000000E+0
-2.12402344E-1	-1.03275999E-9	-1.03275999E-9	-2.12402344E-1	0.00000000E+0	0.00000000E+0
-2.09960937E-1	-1.00005004E-9	-1.00005004E-9	-2.09960937E-1	0.00000000E+0	0.00000000E+0
-2.07519531E-1	-1.00273001E-9	-1.00273001E-9	-2.07519531E-1	0.00000000E+0	0.00000000E+0
-2.05078125E-1	-9.71731029E-10	-9.71731029E-10	-2.05078125E-1	0.00000000E+0	0.00000000E+0
-2.02636719E-1	-9.79978987E-10	-9.79978987E-10	-2.02636719E-1	0.00000000E+0	0.00000000E+0
-2.00195312E-1	-9.48148005E-10	-9.48148005E-10	-2.00195312E-1	0.00000000E+0	0.00000000E+0
-1.97753906E-1	-9.52629975E-10	-9.52629975E-10	-1.97753906E-1	0.00000000E+0	0.00000000E+0
-1.95312500E-1	-9.23901011E-10	-9.23901011E-10	-1.95312500E-1	0.00000000E+0	0.00000000E+0
-1.92871094E-1	-9.34580968E-10	-9.34580968E-10	-1.92871094E-1	0.00000000E+0	0.00000000E+0
-1.90429687E-1	-9.11529019E-10	-9.11529019E-10	-1.90429687E-1	0.00000000E+0	0.00000000E+0
-1.87988281E-1	-9.07276976E-10	-9.07276976E-10	-1.87988281E-1	0.00000000E+0	0.00000000E+0
-1.85546875E-1	-8.86209994E-10	-8.86209994E-10	-1.85546875E-1	0.00000000E+0	0.00000000E+0
-1.83105469E-1	-8.85061024E-10	-8.85061024E-10	-1.83105469E-1	0.00000000E+0	0.00000000E+0
-1.80664062E-1	-8.67899974E-10	-8.67899974E-10	-1.80664062E-1	0.00000000E+0	0.00000000E+0
-1.78222656E-1	-8.59817995E-10	-8.59817995E-10	-1.78222656E-1	0.00000000E+0	0.00000000E+0
-1.75781250E-1	-8.47139026E-10	-8.47139026E-10	-1.75781250E-1	0.00000000E+0	0.00000000E+0
-1.73339844E-1	-8.44790016E-10	-8.44790016E-10	-1.73339844E-1	0.00000000E+0	0.00000000E+0
-1.70898437E-1	-8.28369984E-10	-8.28369984E-10	-1.70898437E-1	0.00000000E+0	0.00000000E+0
-1.68457031E-1	-8.20517987E-10	-8.20517987E-10	-1.68457031E-1	0.00000000E+0	0.00000000E+0
-1.66015625E-1	-8.02419020E-10	-8.02419020E-10	-1.66015625E-1	0.00000000E+0	0.00000000E+0
-1.63574219E-1	-7.99374011E-10	-7.99374011E-10	-1.63574219E-1	0.00000000E+0	0.00000000E+0
-1.61132812E-1	-7.87664989E-10	-7.87664989E-10	-1.61132812E-1	0.00000000E+0	0.00000000E+0
-1.58691406E-1	-7.75011999E-10	-7.75011999E-10	-1.58691406E-1	0.00000000E+0	0.00000000E+0
-1.56250000E-1	-7.58425989E-10	-7.58425989E-10	-1.56250000E-1	0.00000000E+0	0.00000000E+0
-1.53808594E-1	-7.61337993E-10	-7.61337993E-10	-1.53808594E-1	0.00000000E+0	0.00000000E+0
-1.51367187E-1	-7.52603979E-10	-7.52603979E-10	-1.51367187E-1	0.00000000E+0	0.00000000E+0
-1.48925781E-1	-7.39829975E-10	-7.39829975E-10	-1.48925781E-1	0.00000000E+0	0.00000000E+0
-1.46484375E-1	-7.33375027E-10	-7.33375027E-10	-1.46484375E-1	0.00000000E+0	0.00000000E+0
-1.44042969E-1	-7.20199012E-10	-7.20199012E-10	-1.44042969E-1	0.00000000E+0	0.00000000E+0
-1.41601562E-1	-7.16137982E-10	-7.16137982E-10	-1.41601562E-1	0.00000000E+0	0.00000000E+0
-1.39160156E-1	-7.02196024E-10	-7.02196024E-10	-1.39160156E-1	0.00000000E+0	0.00000000E+0
-1.36718750E-1	-6.98288982E-10	-6.98288982E-10	-1.36718750E-1	0.00000000E+0	0.00000000E+0
-1.34277344E-1	-6.89785007E-10	-6.89785007E-10	-1.34277344E-1	0.00000000E+0	0.00000000E+0
-1.31835937E-1	-6.86223023E-10	-6.86223023E-10	-1.31835937E-1	0.00000000E+0	0.00000000E+0
-1.29394531E-1	-6.69253986E-10	-6.69253986E-10	-1.29394531E-1	0.00000000E+0	0.00000000E+0
-1.26953125E-1	-6.71321998E-10	-6.71321998E-10	-1.26953125E-1	0.00000000E+0	0.00000000E+0
-1.24511719E-1	-6.54238996E-10	-6.54238996E-10	-1.24511719E-1	0.00000000E+0	0.00000000E+0
-1.22070312E-1	-6.56536991E-10	-6.56536991E-10	-1.22070312E-1	0.00000000E+0	0.00000000E+0
-1.19628906E-1	-6.42556008E-10	-6.42556008E-10	-1.19628906E-1	0.00000000E+0	0.00000000E+0
-1.17187500E-1	-6.38802011E-10	-6.38802011E-10	-1.17187500E-1	0.00000000E+0	0.00000000E+0
-1.14746094E-1	-6.30361985E-10	-6.30361985E-10	-1.14746094E-1	0.00000000E+0	0.00000000E+0
-1.12304687E-1	-6.37594977E-10	-6.37594977E-10	-1.12304687E-1	0.00000000E+0	0.00000000E+0
-1.09863281E-1	-6.17888019E-10	-6.17888019E-10	-1.09863281E-1	0.00000000E+0	0.00000000E+0
-1.07421875E-1	-6.23442020E-10	-6.23442020E-10	-1.07421875E-1	0.00000000E+0	0.00000000E+0
-1.04980469E-1	-6.12154993E-10	-6.12154993E-10	-1.04980469E-1	0.00000000E+0	0.00000000E+0
-1.02539062E-1	-6.16241003E-10	-6.16241003E-10	-1.02539062E-1	0.00000000E+0	0.00000000E+0
-1.00097656E-1	-5.94407024E-10	-5.94407024E-10	-1.00097656E-1	0.00000000E+0	0.00000000E+0
-9.76562500E-2	-6.08861017E-10	-6.08861017E-10	-9.76562500E-2	0.00000000E+0	0.00000000E+0
-9.52148438E-2	-5.92339011E-10	-5.92339011E-10	-9.52148438E-2	0.00000000E+0	0.00000000E+0
-9.27734375E-2	-6.05897998E-10	-6.05897998E-10	-9.27734375E-2	0.00000000E+0	0.00000000E+0
-9.03320313E-2	-5.88469995E-10	-5.88469995E-10	-9.03320313E-2	0.00000000E+0	0.00000000E+0
-8.78906250E-2	-5.98659011E-10	-5.98659011E-10	-8.78906250E-2	0.00000000E+0	0.00000000E+0
-8.54492188E-2	-5.89083005E-10	-5.89083005E-10	-8.54492188E-2	0.00000000E+0	0.00000000E+0
-8.30078125E-2	-5.99999994E-10	-5.99999994E-10	-8.30078125E-2	0.00000000E+0	0.00000000E+0
-8.05664063E-2	-5.44534973E-10	-5.44534973E-10	-8.05664063E-2	0.00000000E+0	0.00000000E+0
-7.81250000E-2	-3.86798010E-10	-3.86798010E-10	-7.81250000E-2	0.00000000E+0	0.00000000E+0
-7.56835938E-2	-1.65627997E-10	-1.65627997E-10	-7.56835938E-2	0.00000000E+0	0.00000000E+0
-7.32421875E-2	-1.48926996E-10	-1.48926996E-10	-7.32421875E-2	0.00000000E+0	0.00000000E+0
-7.08007813E-2	-1.34984995E-10	-1.34984995E-10	-7.08007813E-2	0.00000000E+0	0.00000000E+0
-6.83593750E-2	-1.32937994E-10	-1.32937994E-10	-6.83593750E-2	0.00000000E+0	0.00000000E+0
-6.59179688E-2	-1.22651000E-10	-1.22651000E-10	-6.59179688E-2	0.00000000E+0	0.00000000E+0
-6.34765625E-2	-1.20751006E-10	-1.20751006E-10	-6.34765625E-2	0.00000000E+0	0.00000000E+0
-6.10351563E-2	-1.12232001E-10	-1.12232001E-10	-6.10351563E-2	0.00000000E+0	0.00000000E+0
-5.85937500E-2	-1.11415002E-10	-1.11415002E-10	-5.85937500E-2	0.00000000E+0	0.00000000E+0
-5.61523438E-2	-1.01685001E-10	-1.01685001E-10	-5.61523438E-2	0.00000000E+0	0.00000000E+0
-5.37109375E-2	-1.01430003E-10	-1.01430003E-10	-5.37109375E-2	0.00000000E+0	0.00000000E+0
-5.12695313E-2	-9.23901025E-11	-9.23901025E-11	-5.12695313E-2	0.00000000E+0	0.00000000E+0
-4.88281250E-2	-9.23901025E-11	-9.23901025E-11	-4.88281250E-2	0.00000000E+0	0.00000000E+0
-4.63867188E-2	-8.13839968E-11	-8.13839968E-11	-4.63867188E-2	0.00000000E+0	0.00000000E+0
-4.39453125E-2	-8.19138993E-11	-8.19138993E-11	-4.39453125E-2	0.00000000E+0	0.00000000E+0
-4.15039063E-2	-7.46169029E-11	-7.46169029E-11	-4.15039063E-2	0.00000000E+0	0.00000000E+0
-3.90625000E-2	-7.41113004E-11	-7.41113004E-11	-3.90625000E-2	0.00000000E+0	0.00000000E+0
-3.66210938E-2	-6.18231993E-11	-6.18231993E-11	-3.66210938E-2	0.00000000E+0	0.00000000E+0
-3.41796875E-2	-6.12008014E-11	-6.12008014E-11	-3.41796875E-2	0.00000000E+0	0.00000000E+0
-3.17382813E-2	-5.46111004E-11	-5.46111004E-11	-3.17382813E-2	0.00000000E+0	0.00000000E+0
-2.92968750E-2	-5.43156006E-11	-5.43156006E-11	-2.92968750E-2	0.00000000E+0	0.00000000E+0
-2.68554688E-2	-4.67312994E-11	-4.67312994E-11	-2.68554688E-2	0.00000000E+0	0.00000000E+0
-2.44140625E-2	-4.47905983E-11	-4.47905983E-11	-2.44140625E-2	0.00000000E+0	0.00000000E+0
-2.19726563E-2	-3.90705003E-11	-3.90705003E-11	-2.19726563E-2	0.00000000E+0	0.00000000E+0
-1.95312500E-2	-3.79519992E-11	-3.79519992E-11	-1.95312500E-2	0.00000000E+0	0.00000000E+0
-1.70898438E-2	-2.91878986E-11	-2.91878986E-11	-1.70898438E-2	0.00000000E+0	0.00000000E+0
-1.46484375E-2	-2.62002000E-11	-2.62002000E-11	-1.46484375E-2	0.00000000E+0	0.00000000E+0
-1.22070313E-2	-2.29442992E-11	-2.29442992E-11	-1.22070313E-2	0.00000000E+0	0.00000000E+0
-9.76562500E-3	-2.21618002E-11	-2.21618002E-11	-9.76562500E-3	0.00000000E+0	0.00000000E+0
-7.32421875E-3	-1.67926003E-11	-1.67926003E-11	-7.32421875E-3	0.00000000E+0	0.00000000E+0
-4.88281250E-3	-1.69305004E-11	-1.69305004E-11	-4.88281250E-3	0.00000000E+0	0.00000000E+0
-2.44140625E-3	-1.61900007E-11	-1.61900007E-11	-2.44140625E-3	0.00000000E+0	0.00000000E+0
0.00000000E+0	-1.95735008E-11	-1.95735008E-11	0.00000000E+0	0.00000000E+0	0.00000000E+0
