Date: do 28 mrt 2013, Material: Au, Temp: 4.2 K
AO1 - module gain: 1.0E+0, R_out: 0.0
AO2 - module gain: 1.0E+2
MUX1 - ADC gain: 4, logarithmic amplifier: D:\LabVIEW Data\Lithographic MCBJ\MED24_070412.TXT, R_in: 0.000
MUX2 - ADC gain: 4, linear amplifier: 1.000000 x 1e10 V/A, R_in: 1.000
Breaking trace: 15 0
Axis position: -882.883808
Vbias (V)	<I> and Ii MUX1 (A)	Vbias (V)	<I> and Ii MUX2 (A)
@
0.00000000E+0	-4.42319986E-10	-4.42319986E-10	0.00000000E+0	0.00000000E+0	0.00000000E+0
2.44140625E-3	1.48738000E-9	1.48738000E-9	2.44140625E-3	0.00000000E+0	0.00000000E+0
4.88281250E-3	4.01265998E-9	4.01265998E-9	4.88281250E-3	0.00000000E+0	0.00000000E+0
7.32421875E-3	6.60664989E-9	6.60664989E-9	7.32421875E-3	0.00000000E+0	0.00000000E+0
9.76562500E-3	9.25644006E-9	9.25644006E-9	9.76562500E-3	0.00000000E+0	0.00000000E+0
1.22070313E-2	1.19540999E-8	1.19540999E-8	1.22070313E-2	0.00000000E+0	0.00000000E+0
1.46484375E-2	1.49165995E-8	1.49165995E-8	1.46484375E-2	0.00000000E+0	0.00000000E+0
1.70898438E-2	1.76741004E-8	1.76741004E-8	1.70898438E-2	0.00000000E+0	0.00000000E+0
1.95312500E-2	2.05742996E-8	2.05742996E-8	1.95312500E-2	0.00000000E+0	0.00000000E+0
2.19726563E-2	2.34719995E-8	2.34719995E-8	2.19726563E-2	0.00000000E+0	0.00000000E+0
2.44140625E-2	2.64919997E-8	2.64919997E-8	2.44140625E-2	0.00000000E+0	0.00000000E+0
2.68554688E-2	2.92673992E-8	2.92673992E-8	2.68554688E-2	0.00000000E+0	0.00000000E+0
2.92968750E-2	3.22567999E-8	3.22567999E-8	2.92968750E-2	0.00000000E+0	0.00000000E+0
3.17382813E-2	3.52309009E-8	3.52309009E-8	3.17382813E-2	0.00000000E+0	0.00000000E+0
3.41796875E-2	3.81286007E-8	3.81286007E-8	3.41796875E-2	0.00000000E+0	0.00000000E+0
3.66210938E-2	4.09880982E-8	4.09880982E-8	3.66210938E-2	0.00000000E+0	0.00000000E+0
3.90625000E-2	4.39546000E-8	4.39546000E-8	3.90625000E-2	0.00000000E+0	0.00000000E+0
4.15039063E-2	4.68827999E-8	4.68827999E-8	4.15039063E-2	0.00000000E+0	0.00000000E+0
4.39453125E-2	4.95282002E-8	4.95282002E-8	4.39453125E-2	0.00000000E+0	0.00000000E+0
4.63867188E-2	5.23493995E-8	5.23493995E-8	4.63867188E-2	0.00000000E+0	0.00000000E+0
4.88281250E-2	5.55988002E-8	5.55988002E-8	4.88281250E-2	0.00000000E+0	0.00000000E+0
5.12695313E-2	5.84200990E-8	5.84200990E-8	5.12695313E-2	0.00000000E+0	0.00000000E+0
5.37109375E-2	6.15738998E-8	6.15738998E-8	5.37109375E-2	0.00000000E+0	0.00000000E+0
5.61523438E-2	6.41160014E-8	6.41160014E-8	5.61523438E-2	0.00000000E+0	0.00000000E+0
5.85937500E-2	6.75947973E-8	6.75947973E-8	5.85937500E-2	0.00000000E+0	0.00000000E+0
6.10351563E-2	7.04657026E-8	7.04657026E-8	6.10351563E-2	0.00000000E+0	0.00000000E+0
6.34765625E-2	7.31264009E-8	7.31264009E-8	6.34765625E-2	0.00000000E+0	0.00000000E+0
6.59179688E-2	7.64406991E-8	7.64406991E-8	6.59179688E-2	0.00000000E+0	0.00000000E+0
6.83593750E-2	7.87840975E-8	7.87840975E-8	6.83593750E-2	0.00000000E+0	0.00000000E+0
7.08007813E-2	8.21901978E-8	8.21901978E-8	7.08007813E-2	0.00000000E+0	0.00000000E+0
7.32421875E-2	8.42468992E-8	8.42468992E-8	7.32421875E-2	0.00000000E+0	0.00000000E+0
7.56835938E-2	8.73625012E-8	8.73625012E-8	7.56835938E-2	0.00000000E+0	0.00000000E+0
7.81250000E-2	9.01645976E-8	9.01645976E-8	7.81250000E-2	0.00000000E+0	0.00000000E+0
8.05664063E-2	9.31463973E-8	9.31463973E-8	8.05664063E-2	0.00000000E+0	0.00000000E+0
8.30078125E-2	9.57330997E-8	9.57330997E-8	8.30078125E-2	0.00000000E+0	0.00000000E+0
8.54492188E-2	9.87200011E-8	9.87200011E-8	8.54492188E-2	0.00000000E+0	0.00000000E+0
8.78906250E-2	1.01706000E-7	1.01706000E-7	8.78906250E-2	0.00000000E+0	0.00000000E+0
9.03320313E-2	1.04252003E-7	1.04252003E-7	9.03320313E-2	0.00000000E+0	0.00000000E+0
9.27734375E-2	1.06342000E-7	1.06342000E-7	9.27734375E-2	0.00000000E+0	0.00000000E+0
9.52148438E-2	1.09817996E-7	1.09817996E-7	9.52148438E-2	0.00000000E+0	0.00000000E+0
9.76562500E-2	1.12711000E-7	1.12711000E-7	9.76562500E-2	0.00000000E+0	0.00000000E+0
1.00097656E-1	1.15372004E-7	1.15372004E-7	1.00097656E-1	0.00000000E+0	0.00000000E+0
1.02539062E-1	1.17917999E-7	1.17917999E-7	1.02539062E-1	0.00000000E+0	0.00000000E+0
1.04980469E-1	1.20606998E-7	1.20606998E-7	1.04980469E-1	0.00000000E+0	0.00000000E+0
1.07421875E-1	1.24108993E-7	1.24108993E-7	1.07421875E-1	0.00000000E+0	0.00000000E+0
1.09863281E-1	1.26610999E-7	1.26610999E-7	1.09863281E-1	0.00000000E+0	0.00000000E+0
1.12304687E-1	1.29292999E-7	1.29292999E-7	1.12304687E-1	0.00000000E+0	0.00000000E+0
1.14746094E-1	1.31883994E-7	1.31883994E-7	1.14746094E-1	0.00000000E+0	0.00000000E+0
1.17187500E-1	1.34632998E-7	1.34632998E-7	1.17187500E-1	0.00000000E+0	0.00000000E+0
1.19628906E-1	1.37382003E-7	1.37382003E-7	1.19628906E-1	0.00000000E+0	0.00000000E+0
1.22070312E-1	1.39901999E-7	1.39901999E-7	1.22070312E-1	0.00000000E+0	0.00000000E+0
1.24511719E-1	1.42440996E-7	1.42440996E-7	1.24511719E-1	0.00000000E+0	0.00000000E+0
1.26953125E-1	1.44789993E-7	1.44789993E-7	1.26953125E-1	0.00000000E+0	0.00000000E+0
1.29394531E-1	1.47361007E-7	1.47361007E-7	1.29394531E-1	0.00000000E+0	0.00000000E+0
1.31835937E-1	1.50364002E-7	1.50364002E-7	1.31835937E-1	0.00000000E+0	0.00000000E+0
1.34277344E-1	1.52807999E-7	1.52807999E-7	1.34277344E-1	0.00000000E+0	0.00000000E+0
1.36718750E-1	1.55137002E-7	1.55137002E-7	1.36718750E-1	0.00000000E+0	0.00000000E+0
1.39160156E-1	1.57694998E-7	1.57694998E-7	1.39160156E-1	0.00000000E+0	0.00000000E+0
1.41601562E-1	1.60927996E-7	1.60927996E-7	1.41601562E-1	0.00000000E+0	0.00000000E+0
1.44042969E-1	1.62888000E-7	1.62888000E-7	1.44042969E-1	0.00000000E+0	0.00000000E+0
1.46484375E-1	1.65561005E-7	1.65561005E-7	1.46484375E-1	0.00000000E+0	0.00000000E+0
1.48925781E-1	1.67902996E-7	1.67902996E-7	1.48925781E-1	0.00000000E+0	0.00000000E+0
1.51367187E-1	1.71161005E-7	1.71161005E-7	1.51367187E-1	0.00000000E+0	0.00000000E+0
1.53808594E-1	1.74240995E-7	1.74240995E-7	1.53808594E-1	0.00000000E+0	0.00000000E+0
1.56250000E-1	1.76252001E-7	1.76252001E-7	1.56250000E-1	0.00000000E+0	0.00000000E+0
1.58691406E-1	1.79382994E-7	1.79382994E-7	1.58691406E-1	0.00000000E+0	0.00000000E+0
1.61132812E-1	1.81649000E-7	1.81649000E-7	1.61132812E-1	0.00000000E+0	0.00000000E+0
1.63574219E-1	1.84079994E-7	1.84079994E-7	1.63574219E-1	0.00000000E+0	0.00000000E+0
1.66015625E-1	1.87604996E-7	1.87604996E-7	1.66015625E-1	0.00000000E+0	0.00000000E+0
1.68457031E-1	1.89806997E-7	1.89806997E-7	1.68457031E-1	0.00000000E+0	0.00000000E+0
1.70898437E-1	1.92288994E-7	1.92288994E-7	1.70898437E-1	0.00000000E+0	0.00000000E+0
1.73339844E-1	1.95623997E-7	1.95623997E-7	1.73339844E-1	0.00000000E+0	0.00000000E+0
1.75781250E-1	1.99365999E-7	1.99365999E-7	1.75781250E-1	0.00000000E+0	0.00000000E+0
1.78222656E-1	2.02368994E-7	2.02368994E-7	1.78222656E-1	0.00000000E+0	0.00000000E+0
1.80664062E-1	2.06072997E-7	2.06072997E-7	1.80664062E-1	0.00000000E+0	0.00000000E+0
1.83105469E-1	2.08173006E-7	2.08173006E-7	1.83105469E-1	0.00000000E+0	0.00000000E+0
1.85546875E-1	2.11686000E-7	2.11686000E-7	1.85546875E-1	0.00000000E+0	0.00000000E+0
1.87988281E-1	2.12984006E-7	2.12984006E-7	1.87988281E-1	0.00000000E+0	0.00000000E+0
1.90429687E-1	2.15046001E-7	2.15046001E-7	1.90429687E-1	0.00000000E+0	0.00000000E+0
1.92871094E-1	2.17643006E-7	2.17643006E-7	1.92871094E-1	0.00000000E+0	0.00000000E+0
1.95312500E-1	2.21041006E-7	2.21041006E-7	1.95312500E-1	0.00000000E+0	0.00000000E+0
1.97753906E-1	2.22834998E-7	2.22834998E-7	1.97753906E-1	0.00000000E+0	0.00000000E+0
2.00195312E-1	2.25126001E-7	2.25126001E-7	2.00195312E-1	0.00000000E+0	0.00000000E+0
2.02636719E-1	2.28486002E-7	2.28486002E-7	2.02636719E-1	0.00000000E+0	0.00000000E+0
2.05078125E-1	2.31083007E-7	2.31083007E-7	2.05078125E-1	0.00000000E+0	0.00000000E+0
2.07519531E-1	2.34978003E-7	2.34978003E-7	2.07519531E-1	0.00000000E+0	0.00000000E+0
2.09960937E-1	2.36682993E-7	2.36682993E-7	2.09960937E-1	0.00000000E+0	0.00000000E+0
2.12402344E-1	2.39483001E-7	2.39483001E-7	2.12402344E-1	0.00000000E+0	0.00000000E+0
2.14843750E-1	2.42309000E-7	2.42309000E-7	2.14843750E-1	0.00000000E+0	0.00000000E+0
2.17285156E-1	2.44829010E-7	2.44829010E-7	2.17285156E-1	0.00000000E+0	0.00000000E+0
2.19726562E-1	2.48188996E-7	2.48188996E-7	2.19726562E-1	0.00000000E+0	0.00000000E+0
2.22167969E-1	2.52694008E-7	2.52694008E-7	2.22167969E-1	0.00000000E+0	0.00000000E+0
2.24609375E-1	2.54451010E-7	2.54451010E-7	2.24609375E-1	0.00000000E+0	0.00000000E+0
2.27050781E-1	2.57046992E-7	2.57046992E-7	2.27050781E-1	0.00000000E+0	0.00000000E+0
2.29492187E-1	2.58269012E-7	2.58269012E-7	2.29492187E-1	0.00000000E+0	0.00000000E+0
2.31933594E-1	2.62469001E-7	2.62469001E-7	2.31933594E-1	0.00000000E+0	0.00000000E+0
2.34375000E-1	2.63919986E-7	2.63919986E-7	2.34375000E-1	0.00000000E+0	0.00000000E+0
2.36816406E-1	2.65956999E-7	2.65956999E-7	2.36816406E-1	0.00000000E+0	0.00000000E+0
2.39257812E-1	2.68577992E-7	2.68577992E-7	2.39257812E-1	0.00000000E+0	0.00000000E+0
2.41699219E-1	2.72129000E-7	2.72129000E-7	2.41699219E-1	0.00000000E+0	0.00000000E+0
2.44140625E-1	2.75604009E-7	2.75604009E-7	2.44140625E-1	0.00000000E+0	0.00000000E+0
2.46582031E-1	2.77742004E-7	2.77742004E-7	2.46582031E-1	0.00000000E+0	0.00000000E+0
2.49023437E-1	2.80032992E-7	2.80032992E-7	2.49023437E-1	0.00000000E+0	0.00000000E+0
2.51464844E-1	2.82858991E-7	2.82858991E-7	2.51464844E-1	0.00000000E+0	0.00000000E+0
2.53906250E-1	2.87631991E-7	2.87631991E-7	2.53906250E-1	0.00000000E+0	0.00000000E+0
2.56347656E-1	2.88357000E-7	2.88357000E-7	2.56347656E-1	0.00000000E+0	0.00000000E+0
2.58789062E-1	2.93932004E-7	2.93932004E-7	2.58789062E-1	0.00000000E+0	0.00000000E+0
2.61230469E-1	2.94313992E-7	2.94313992E-7	2.61230469E-1	0.00000000E+0	0.00000000E+0
2.63671875E-1	2.97138996E-7	2.97138996E-7	2.63671875E-1	0.00000000E+0	0.00000000E+0
2.66113281E-1	2.99583007E-7	2.99583007E-7	2.66113281E-1	0.00000000E+0	0.00000000E+0
2.68554687E-1	3.02370012E-7	3.02370012E-7	2.68554687E-1	0.00000000E+0	0.00000000E+0
2.70996094E-1	3.04623001E-7	3.04623001E-7	2.70996094E-1	0.00000000E+0	0.00000000E+0
2.73437500E-1	3.08593997E-7	3.08593997E-7	2.73437500E-1	0.00000000E+0	0.00000000E+0
2.75878906E-1	3.11954011E-7	3.11954011E-7	2.75878906E-1	0.00000000E+0	0.00000000E+0
2.78320312E-1	3.16002001E-7	3.16002001E-7	2.78320312E-1	0.00000000E+0	0.00000000E+0
2.80761719E-1	3.16918005E-7	3.16918005E-7	2.80761719E-1	0.00000000E+0	0.00000000E+0
2.83203125E-1	3.19513987E-7	3.19513987E-7	2.83203125E-1	0.00000000E+0	0.00000000E+0
2.85644531E-1	3.22263986E-7	3.22263986E-7	2.85644531E-1	0.00000000E+0	0.00000000E+0
2.88085937E-1	3.27457002E-7	3.27457002E-7	2.88085937E-1	0.00000000E+0	0.00000000E+0
2.90527344E-1	3.28525999E-7	3.28525999E-7	2.90527344E-1	0.00000000E+0	0.00000000E+0
2.92968750E-1	3.31275004E-7	3.31275004E-7	2.92968750E-1	0.00000000E+0	0.00000000E+0
2.95410156E-1	3.34443996E-7	3.34443996E-7	2.95410156E-1	0.00000000E+0	0.00000000E+0
2.97851562E-1	3.37612988E-7	3.37612988E-7	2.97851562E-1	0.00000000E+0	0.00000000E+0
3.00292969E-1	3.41584013E-7	3.41584013E-7	3.00292969E-1	0.00000000E+0	0.00000000E+0
3.02734375E-1	3.42996998E-7	3.42996998E-7	3.02734375E-1	0.00000000E+0	0.00000000E+0
3.05175781E-1	3.46357012E-7	3.46357012E-7	3.05175781E-1	0.00000000E+0	0.00000000E+0
3.07617187E-1	3.50060986E-7	3.50060986E-7	3.07617187E-1	0.00000000E+0	0.00000000E+0
3.10058594E-1	3.55292002E-7	3.55292002E-7	3.10058594E-1	0.00000000E+0	0.00000000E+0
3.12500000E-1	3.56934009E-7	3.56934009E-7	3.12500000E-1	0.00000000E+0	0.00000000E+0
3.14941406E-1	3.60369995E-7	3.60369995E-7	3.14941406E-1	0.00000000E+0	0.00000000E+0
3.17382812E-1	3.64418014E-7	3.64418014E-7	3.17382812E-1	0.00000000E+0	0.00000000E+0
3.19824219E-1	3.65257989E-7	3.65257989E-7	3.19824219E-1	0.00000000E+0	0.00000000E+0
3.22265625E-1	3.69534007E-7	3.69534007E-7	3.22265625E-1	0.00000000E+0	0.00000000E+0
3.24707031E-1	3.71900995E-7	3.71900995E-7	3.24707031E-1	0.00000000E+0	0.00000000E+0
3.27148437E-1	3.76254008E-7	3.76254008E-7	3.27148437E-1	0.00000000E+0	0.00000000E+0
3.29589844E-1	3.76483001E-7	3.76483001E-7	3.29589844E-1	0.00000000E+0	0.00000000E+0
3.32031250E-1	3.79996010E-7	3.79996010E-7	3.32031250E-1	0.00000000E+0	0.00000000E+0
3.34472656E-1	3.81675989E-7	3.81675989E-7	3.34472656E-1	0.00000000E+0	0.00000000E+0
3.36914062E-1	3.84807009E-7	3.84807009E-7	3.36914062E-1	0.00000000E+0	0.00000000E+0
3.39355469E-1	3.89388987E-7	3.89388987E-7	3.39355469E-1	0.00000000E+0	0.00000000E+0
3.41796875E-1	3.91221988E-7	3.91221988E-7	3.41796875E-1	0.00000000E+0	0.00000000E+0
3.44238281E-1	3.95193013E-7	3.95193013E-7	3.44238281E-1	0.00000000E+0	0.00000000E+0
3.46679687E-1	3.97865989E-7	3.97865989E-7	3.46679687E-1	0.00000000E+0	0.00000000E+0
3.49121094E-1	4.00919987E-7	4.00919987E-7	3.49121094E-1	0.00000000E+0	0.00000000E+0
3.51562500E-1	4.07410994E-7	4.07410994E-7	3.51562500E-1	0.00000000E+0	0.00000000E+0
3.54003906E-1	4.05197000E-7	4.05197000E-7	3.54003906E-1	0.00000000E+0	0.00000000E+0
3.56445312E-1	4.11076996E-7	4.11076996E-7	3.56445312E-1	0.00000000E+0	0.00000000E+0
3.58886719E-1	4.12909998E-7	4.12909998E-7	3.58886719E-1	0.00000000E+0	0.00000000E+0
3.61328125E-1	4.16078990E-7	4.16078990E-7	3.61328125E-1	0.00000000E+0	0.00000000E+0
3.63769531E-1	4.19629998E-7	4.19629998E-7	3.63769531E-1	0.00000000E+0	0.00000000E+0
3.66210937E-1	4.21826002E-7	4.21826002E-7	3.66210937E-1	0.00000000E+0	0.00000000E+0
3.68652344E-1	4.23983010E-7	4.23983010E-7	3.68652344E-1	0.00000000E+0	0.00000000E+0
3.71093750E-1	4.26961009E-7	4.26961009E-7	3.71093750E-1	0.00000000E+0	0.00000000E+0
3.73535156E-1	4.28259000E-7	4.28259000E-7	3.73535156E-1	0.00000000E+0	0.00000000E+0
3.75976562E-1	4.33146994E-7	4.33146994E-7	3.75976562E-1	0.00000000E+0	0.00000000E+0
3.78417969E-1	4.34062997E-7	4.34062997E-7	3.78417969E-1	0.00000000E+0	0.00000000E+0
3.80859375E-1	4.38950991E-7	4.38950991E-7	3.80859375E-1	0.00000000E+0	0.00000000E+0
3.83300781E-1	4.41509002E-7	4.41509002E-7	3.83300781E-1	0.00000000E+0	0.00000000E+0
3.85742187E-1	4.43532997E-7	4.43532997E-7	3.85742187E-1	0.00000000E+0	0.00000000E+0
3.88183594E-1	4.44982987E-7	4.44982987E-7	3.88183594E-1	0.00000000E+0	0.00000000E+0
3.90625000E-1	4.48114008E-7	4.48114008E-7	3.90625000E-1	0.00000000E+0	0.00000000E+0
3.93066406E-1	4.50940007E-7	4.50940007E-7	3.93066406E-1	0.00000000E+0	0.00000000E+0
3.95507812E-1	4.54606010E-7	4.54606010E-7	3.95507812E-1	0.00000000E+0	0.00000000E+0
3.97949219E-1	4.55368991E-7	4.55368991E-7	3.97949219E-1	0.00000000E+0	0.00000000E+0
4.00390625E-1	4.59493009E-7	4.59493009E-7	4.00390625E-1	0.00000000E+0	0.00000000E+0
4.02832031E-1	4.60524006E-7	4.60524006E-7	4.02832031E-1	0.00000000E+0	0.00000000E+0
4.05273437E-1	4.62776995E-7	4.62776995E-7	4.05273437E-1	0.00000000E+0	0.00000000E+0
4.07714844E-1	4.66213010E-7	4.66213010E-7	4.07714844E-1	0.00000000E+0	0.00000000E+0
4.10156250E-1	4.70432013E-7	4.70432013E-7	4.10156250E-1	0.00000000E+0	0.00000000E+0
4.12597656E-1	4.72627988E-7	4.72627988E-7	4.12597656E-1	0.00000000E+0	0.00000000E+0
4.15039062E-1	4.74231996E-7	4.74231996E-7	4.15039062E-1	0.00000000E+0	0.00000000E+0
4.17480469E-1	4.79653977E-7	4.79653977E-7	4.17480469E-1	0.00000000E+0	0.00000000E+0
4.19921875E-1	4.80951996E-7	4.80951996E-7	4.19921875E-1	0.00000000E+0	0.00000000E+0
4.22363281E-1	4.85457008E-7	4.85457008E-7	4.22363281E-1	0.00000000E+0	0.00000000E+0
4.24804687E-1	4.87365980E-7	4.87365980E-7	4.24804687E-1	0.00000000E+0	0.00000000E+0
4.27246094E-1	4.90344974E-7	4.90344974E-7	4.27246094E-1	0.00000000E+0	0.00000000E+0
4.29687500E-1	4.91337005E-7	4.91337005E-7	4.29687500E-1	0.00000000E+0	0.00000000E+0
4.32128906E-1	4.95538018E-7	4.95538018E-7	4.32128906E-1	0.00000000E+0	0.00000000E+0
4.34570312E-1	4.98287022E-7	4.98287022E-7	4.34570312E-1	0.00000000E+0	0.00000000E+0
4.37011719E-1	5.00119995E-7	5.00119995E-7	4.37011719E-1	0.00000000E+0	0.00000000E+0
4.39453125E-1	5.03556009E-7	5.03556009E-7	4.39453125E-1	0.00000000E+0	0.00000000E+0
4.41894531E-1	5.04777972E-7	5.04777972E-7	4.41894531E-1	0.00000000E+0	0.00000000E+0
4.44335937E-1	5.10886991E-7	5.10886991E-7	4.44335937E-1	0.00000000E+0	0.00000000E+0
4.46777344E-1	5.11192980E-7	5.11192980E-7	4.46777344E-1	0.00000000E+0	0.00000000E+0
4.49218750E-1	5.15164004E-7	5.15164004E-7	4.49218750E-1	0.00000000E+0	0.00000000E+0
4.51660156E-1	5.19630987E-7	5.19630987E-7	4.51660156E-1	0.00000000E+0	0.00000000E+0
4.54101562E-1	5.20280025E-7	5.20280025E-7	4.54101562E-1	0.00000000E+0	0.00000000E+0
4.56542969E-1	5.25740006E-7	5.25740006E-7	4.56542969E-1	0.00000000E+0	0.00000000E+0
4.58984375E-1	5.27077020E-7	5.27077020E-7	4.58984375E-1	0.00000000E+0	0.00000000E+0
4.61425781E-1	5.32116985E-7	5.32116985E-7	4.61425781E-1	0.00000000E+0	0.00000000E+0
4.63867187E-1	5.32574973E-7	5.32574973E-7	4.63867187E-1	0.00000000E+0	0.00000000E+0
4.66308594E-1	5.36699019E-7	5.36699019E-7	4.66308594E-1	0.00000000E+0	0.00000000E+0
4.68750000E-1	5.38683992E-7	5.38683992E-7	4.68750000E-1	0.00000000E+0	0.00000000E+0
4.71191406E-1	5.41968006E-7	5.41968006E-7	4.71191406E-1	0.00000000E+0	0.00000000E+0
4.73632812E-1	5.45252021E-7	5.45252021E-7	4.73632812E-1	0.00000000E+0	0.00000000E+0
4.76074219E-1	5.48726007E-7	5.48726007E-7	4.76074219E-1	0.00000000E+0	0.00000000E+0
4.78515625E-1	5.52583003E-7	5.52583003E-7	4.78515625E-1	0.00000000E+0	0.00000000E+0
4.80957031E-1	5.55867018E-7	5.55867018E-7	4.80957031E-1	0.00000000E+0	0.00000000E+0
4.83398437E-1	5.69001998E-7	5.69001998E-7	4.83398437E-1	0.00000000E+0	0.00000000E+0
4.85839844E-1	5.74194019E-7	5.74194019E-7	4.85839844E-1	0.00000000E+0	0.00000000E+0
4.88281250E-1	5.74576006E-7	5.74576006E-7	4.88281250E-1	0.00000000E+0	0.00000000E+0
4.90722656E-1	5.74194019E-7	5.74194019E-7	4.90722656E-1	0.00000000E+0	0.00000000E+0
4.93164062E-1	5.73888997E-7	5.73888997E-7	4.93164062E-1	0.00000000E+0	0.00000000E+0
4.90722656E-1	5.68257008E-7	5.68257008E-7	4.90722656E-1	0.00000000E+0	0.00000000E+0
4.88281250E-1	5.66100027E-7	5.66100027E-7	4.88281250E-1	0.00000000E+0	0.00000000E+0
4.85839844E-1	5.63579988E-7	5.63579988E-7	4.85839844E-1	0.00000000E+0	0.00000000E+0
4.83398437E-1	5.60448996E-7	5.60448996E-7	4.83398437E-1	0.00000000E+0	0.00000000E+0
4.80957031E-1	5.58616023E-7	5.58616023E-7	4.80957031E-1	0.00000000E+0	0.00000000E+0
4.78515625E-1	5.54644998E-7	5.54644998E-7	4.78515625E-1	0.00000000E+0	0.00000000E+0
4.76074219E-1	5.53805023E-7	5.53805023E-7	4.76074219E-1	0.00000000E+0	0.00000000E+0
4.73632812E-1	5.52047993E-7	5.52047993E-7	4.73632812E-1	0.00000000E+0	0.00000000E+0
4.71191406E-1	5.47390016E-7	5.47390016E-7	4.71191406E-1	0.00000000E+0	0.00000000E+0
4.68750000E-1	5.45252021E-7	5.45252021E-7	4.68750000E-1	0.00000000E+0	0.00000000E+0
4.66308594E-1	5.33491004E-7	5.33491004E-7	4.66308594E-1	0.00000000E+0	0.00000000E+0
4.63867187E-1	5.36010987E-7	5.36010987E-7	4.63867187E-1	0.00000000E+0	0.00000000E+0
4.61425781E-1	5.33796992E-7	5.33796992E-7	4.61425781E-1	0.00000000E+0	0.00000000E+0
4.58984375E-1	5.32116985E-7	5.32116985E-7	4.58984375E-1	0.00000000E+0	0.00000000E+0
4.56542969E-1	5.27535008E-7	5.27535008E-7	4.56542969E-1	0.00000000E+0	0.00000000E+0
4.54101562E-1	5.28068995E-7	5.28068995E-7	4.54101562E-1	0.00000000E+0	0.00000000E+0
4.51660156E-1	5.22188998E-7	5.22188998E-7	4.51660156E-1	0.00000000E+0	0.00000000E+0
4.49218750E-1	5.18943978E-7	5.18943978E-7	4.49218750E-1	0.00000000E+0	0.00000000E+0
4.46777344E-1	5.15164004E-7	5.15164004E-7	4.46777344E-1	0.00000000E+0	0.00000000E+0
4.44335937E-1	5.12720021E-7	5.12720021E-7	4.44335937E-1	0.00000000E+0	0.00000000E+0
4.41894531E-1	5.10886991E-7	5.10886991E-7	4.41894531E-1	0.00000000E+0	0.00000000E+0
4.39453125E-1	5.06611002E-7	5.06611002E-7	4.39453125E-1	0.00000000E+0	0.00000000E+0
4.37011719E-1	5.05999992E-7	5.05999992E-7	4.37011719E-1	0.00000000E+0	0.00000000E+0
4.34570312E-1	5.04777972E-7	5.04777972E-7	4.34570312E-1	0.00000000E+0	0.00000000E+0
4.32128906E-1	5.01646980E-7	5.01646980E-7	4.32128906E-1	0.00000000E+0	0.00000000E+0
4.29687500E-1	4.96453993E-7	4.96453993E-7	4.29687500E-1	0.00000000E+0	0.00000000E+0
4.27246094E-1	4.93093978E-7	4.93093978E-7	4.27246094E-1	0.00000000E+0	0.00000000E+0
4.24804687E-1	4.91566993E-7	4.91566993E-7	4.24804687E-1	0.00000000E+0	0.00000000E+0
4.22363281E-1	4.87365980E-7	4.87365980E-7	4.22363281E-1	0.00000000E+0	0.00000000E+0
4.19921875E-1	4.85457008E-7	4.85457008E-7	4.19921875E-1	0.00000000E+0	0.00000000E+0
4.17480469E-1	4.83319013E-7	4.83319013E-7	4.17480469E-1	0.00000000E+0	0.00000000E+0
4.15039062E-1	4.79958999E-7	4.79958999E-7	4.15039062E-1	0.00000000E+0	0.00000000E+0
4.12597656E-1	4.79234018E-7	4.79234018E-7	4.12597656E-1	0.00000000E+0	0.00000000E+0
4.10156250E-1	4.76904006E-7	4.76904006E-7	4.10156250E-1	0.00000000E+0	0.00000000E+0
4.07714844E-1	4.72895010E-7	4.72895010E-7	4.07714844E-1	0.00000000E+0	0.00000000E+0
4.05273437E-1	4.69572996E-7	4.69572996E-7	4.05273437E-1	0.00000000E+0	0.00000000E+0
4.02832031E-1	4.67435001E-7	4.67435001E-7	4.02832031E-1	0.00000000E+0	0.00000000E+0
4.00390625E-1	4.63540005E-7	4.63540005E-7	4.00390625E-1	0.00000000E+0	0.00000000E+0
3.97949219E-1	4.62548002E-7	4.62548002E-7	3.97949219E-1	0.00000000E+0	0.00000000E+0
3.95507812E-1	4.58156990E-7	4.58156990E-7	3.95507812E-1	0.00000000E+0	0.00000000E+0
3.93066406E-1	4.57048998E-7	4.57048998E-7	3.93066406E-1	0.00000000E+0	0.00000000E+0
3.90625000E-1	4.53613012E-7	4.53613012E-7	3.90625000E-1	0.00000000E+0	0.00000000E+0
3.88183594E-1	4.49947009E-7	4.49947009E-7	3.88183594E-1	0.00000000E+0	0.00000000E+0
3.85742187E-1	4.47198005E-7	4.47198005E-7	3.85742187E-1	0.00000000E+0	0.00000000E+0
3.83300781E-1	4.45976013E-7	4.45976013E-7	3.83300781E-1	0.00000000E+0	0.00000000E+0
3.80859375E-1	4.42311006E-7	4.42311006E-7	3.80859375E-1	0.00000000E+0	0.00000000E+0
3.78417969E-1	4.38950991E-7	4.38950991E-7	3.78417969E-1	0.00000000E+0	0.00000000E+0
3.75976562E-1	4.40478004E-7	4.40478004E-7	3.75976562E-1	0.00000000E+0	0.00000000E+0
3.73535156E-1	4.38950991E-7	4.38950991E-7	3.73535156E-1	0.00000000E+0	0.00000000E+0
3.71093750E-1	4.37040995E-7	4.37040995E-7	3.71093750E-1	0.00000000E+0	0.00000000E+0
3.68652344E-1	4.33451987E-7	4.33451987E-7	3.68652344E-1	0.00000000E+0	0.00000000E+0
3.66210937E-1	4.29710013E-7	4.29710013E-7	3.66210937E-1	0.00000000E+0	0.00000000E+0
3.63769531E-1	4.30703011E-7	4.30703011E-7	3.63769531E-1	0.00000000E+0	0.00000000E+0
3.61328125E-1	4.23983010E-7	4.23983010E-7	3.61328125E-1	0.00000000E+0	0.00000000E+0
3.58886719E-1	4.21576999E-7	4.21576999E-7	3.58886719E-1	0.00000000E+0	0.00000000E+0
3.56445312E-1	4.21081012E-7	4.21081012E-7	3.56445312E-1	0.00000000E+0	0.00000000E+0
3.54003906E-1	4.16078990E-7	4.16078990E-7	3.54003906E-1	0.00000000E+0	0.00000000E+0
3.51562500E-1	4.13138991E-7	4.13138991E-7	3.51562500E-1	0.00000000E+0	0.00000000E+0
3.49121094E-1	4.09855005E-7	4.09855005E-7	3.49121094E-1	0.00000000E+0	0.00000000E+0
3.46679687E-1	4.07410994E-7	4.07410994E-7	3.46679687E-1	0.00000000E+0	0.00000000E+0
3.44238281E-1	4.03975008E-7	4.03975008E-7	3.44238281E-1	0.00000000E+0	0.00000000E+0
3.41796875E-1	4.01530997E-7	4.01530997E-7	3.41796875E-1	0.00000000E+0	0.00000000E+0
3.39355469E-1	4.00919987E-7	4.00919987E-7	3.39355469E-1	0.00000000E+0	0.00000000E+0
3.36914062E-1	3.96491004E-7	3.96491004E-7	3.36914062E-1	0.00000000E+0	0.00000000E+0
3.34472656E-1	3.92444008E-7	3.92444008E-7	3.34472656E-1	0.00000000E+0	0.00000000E+0
3.32031250E-1	3.92214986E-7	3.92214986E-7	3.32031250E-1	0.00000000E+0	0.00000000E+0
3.29589844E-1	3.88778005E-7	3.88778005E-7	3.29589844E-1	0.00000000E+0	0.00000000E+0
3.27148437E-1	3.85036003E-7	3.85036003E-7	3.27148437E-1	0.00000000E+0	0.00000000E+0
3.24707031E-1	3.80453997E-7	3.80453997E-7	3.24707031E-1	0.00000000E+0	0.00000000E+0
3.22265625E-1	3.78316003E-7	3.78316003E-7	3.22265625E-1	0.00000000E+0	0.00000000E+0
3.19824219E-1	3.75031988E-7	3.75031988E-7	3.19824219E-1	0.00000000E+0	0.00000000E+0
3.17382812E-1	3.71290014E-7	3.71290014E-7	3.17382812E-1	0.00000000E+0	0.00000000E+0
3.14941406E-1	3.69534007E-7	3.69534007E-7	3.14941406E-1	0.00000000E+0	0.00000000E+0
3.12500000E-1	3.65792005E-7	3.65792005E-7	3.12500000E-1	0.00000000E+0	0.00000000E+0
3.10058594E-1	3.61667986E-7	3.61667986E-7	3.10058594E-1	0.00000000E+0	0.00000000E+0
3.07617187E-1	3.59683014E-7	3.59683014E-7	3.07617187E-1	0.00000000E+0	0.00000000E+0
3.05175781E-1	3.56323000E-7	3.56323000E-7	3.05175781E-1	0.00000000E+0	0.00000000E+0
3.02734375E-1	3.54070011E-7	3.54070011E-7	3.02734375E-1	0.00000000E+0	0.00000000E+0
3.00292969E-1	3.49907992E-7	3.49907992E-7	3.00292969E-1	0.00000000E+0	0.00000000E+0
2.97851562E-1	3.46241990E-7	3.46241990E-7	2.97851562E-1	0.00000000E+0	0.00000000E+0
2.95410156E-1	3.45325986E-7	3.45325986E-7	2.95410156E-1	0.00000000E+0	0.00000000E+0
2.92968750E-1	3.41049997E-7	3.41049997E-7	2.92968750E-1	0.00000000E+0	0.00000000E+0
2.90527344E-1	3.40247993E-7	3.40247993E-7	2.90527344E-1	0.00000000E+0	0.00000000E+0
2.88085937E-1	3.36086003E-7	3.36086003E-7	2.88085937E-1	0.00000000E+0	0.00000000E+0
2.85644531E-1	3.31579997E-7	3.31579997E-7	2.85644531E-1	0.00000000E+0	0.00000000E+0
2.83203125E-1	3.31046010E-7	3.31046010E-7	2.83203125E-1	0.00000000E+0	0.00000000E+0
2.80761719E-1	3.25012991E-7	3.25012991E-7	2.80761719E-1	0.00000000E+0	0.00000000E+0
2.78320312E-1	3.21500011E-7	3.21500011E-7	2.78320312E-1	0.00000000E+0	0.00000000E+0
2.75878906E-1	3.18636012E-7	3.18636012E-7	2.75878906E-1	0.00000000E+0	0.00000000E+0
2.73437500E-1	3.15390992E-7	3.15390992E-7	2.73437500E-1	0.00000000E+0	0.00000000E+0
2.70996094E-1	3.12526993E-7	3.12526993E-7	2.70996094E-1	0.00000000E+0	0.00000000E+0
2.68554687E-1	3.09052012E-7	3.09052012E-7	2.68554687E-1	0.00000000E+0	0.00000000E+0
2.66113281E-1	3.06532002E-7	3.06532002E-7	2.66113281E-1	0.00000000E+0	0.00000000E+0
2.63671875E-1	3.04775995E-7	3.04775995E-7	2.63671875E-1	0.00000000E+0	0.00000000E+0
2.61230469E-1	3.01262986E-7	3.01262986E-7	2.61230469E-1	0.00000000E+0	0.00000000E+0
2.58789062E-1	2.98971997E-7	2.98971997E-7	2.58789062E-1	0.00000000E+0	0.00000000E+0
2.56347656E-1	2.94963002E-7	2.94963002E-7	2.56347656E-1	0.00000000E+0	0.00000000E+0
2.53906250E-1	2.95077001E-7	2.95077001E-7	2.53906250E-1	0.00000000E+0	0.00000000E+0
2.51464844E-1	2.90571990E-7	2.90571990E-7	2.51464844E-1	0.00000000E+0	0.00000000E+0
2.49023437E-1	2.89654992E-7	2.89654992E-7	2.49023437E-1	0.00000000E+0	0.00000000E+0
2.46582031E-1	2.88547994E-7	2.88547994E-7	2.46582031E-1	0.00000000E+0	0.00000000E+0
2.44140625E-1	2.83546001E-7	2.83546001E-7	2.44140625E-1	0.00000000E+0	0.00000000E+0
2.41699219E-1	2.79727999E-7	2.79727999E-7	2.41699219E-1	0.00000000E+0	0.00000000E+0
2.39257812E-1	2.77081000E-7	2.77081000E-7	2.39257812E-1	0.00000000E+0	0.00000000E+0
2.36816406E-1	2.74764005E-7	2.74764005E-7	2.36816406E-1	0.00000000E+0	0.00000000E+0
2.34375000E-1	2.70639987E-7	2.70639987E-7	2.34375000E-1	0.00000000E+0	0.00000000E+0
2.31933594E-1	2.69418990E-7	2.69418990E-7	2.31933594E-1	0.00000000E+0	0.00000000E+0
2.29492187E-1	2.66975007E-7	2.66975007E-7	2.29492187E-1	0.00000000E+0	0.00000000E+0
2.27050781E-1	2.64530996E-7	2.64530996E-7	2.27050781E-1	0.00000000E+0	0.00000000E+0
2.24609375E-1	2.62583995E-7	2.62583995E-7	2.24609375E-1	0.00000000E+0	0.00000000E+0
2.22167969E-1	2.60255007E-7	2.60255007E-7	2.22167969E-1	0.00000000E+0	0.00000000E+0
2.19726562E-1	2.53840000E-7	2.53840000E-7	2.19726562E-1	0.00000000E+0	0.00000000E+0
2.17285156E-1	2.51702005E-7	2.51702005E-7	2.17285156E-1	0.00000000E+0	0.00000000E+0
2.14843750E-1	2.49257994E-7	2.49257994E-7	2.14843750E-1	0.00000000E+0	0.00000000E+0
2.12402344E-1	2.48188996E-7	2.48188996E-7	2.12402344E-1	0.00000000E+0	0.00000000E+0
2.09960937E-1	2.46967005E-7	2.46967005E-7	2.09960937E-1	0.00000000E+0	0.00000000E+0
2.07519531E-1	2.44065006E-7	2.44065006E-7	2.07519531E-1	0.00000000E+0	0.00000000E+0
2.05078125E-1	2.40475998E-7	2.40475998E-7	2.05078125E-1	0.00000000E+0	0.00000000E+0
2.02636719E-1	2.36199000E-7	2.36199000E-7	2.02636719E-1	0.00000000E+0	0.00000000E+0
2.00195312E-1	2.32687000E-7	2.32687000E-7	2.00195312E-1	0.00000000E+0	0.00000000E+0
1.97753906E-1	2.29861001E-7	2.29861001E-7	1.97753906E-1	0.00000000E+0	0.00000000E+0
1.95312500E-1	2.26463001E-7	2.26463001E-7	1.95312500E-1	0.00000000E+0	0.00000000E+0
1.92871094E-1	2.26042999E-7	2.26042999E-7	1.92871094E-1	0.00000000E+0	0.00000000E+0
1.90429687E-1	2.21690001E-7	2.21690001E-7	1.90429687E-1	0.00000000E+0	0.00000000E+0
1.87988281E-1	2.19170005E-7	2.19170005E-7	1.87988281E-1	0.00000000E+0	0.00000000E+0
1.85546875E-1	2.15249997E-7	2.15249997E-7	1.85546875E-1	0.00000000E+0	0.00000000E+0
1.83105469E-1	2.13340996E-7	2.13340996E-7	1.83105469E-1	0.00000000E+0	0.00000000E+0
1.80664062E-1	2.09662005E-7	2.09662005E-7	1.80664062E-1	0.00000000E+0	0.00000000E+0
1.78222656E-1	2.06378999E-7	2.06378999E-7	1.78222656E-1	0.00000000E+0	0.00000000E+0
1.75781250E-1	2.04355004E-7	2.04355004E-7	1.75781250E-1	0.00000000E+0	0.00000000E+0
1.73339844E-1	2.00995004E-7	2.00995004E-7	1.73339844E-1	0.00000000E+0	0.00000000E+0
1.70898437E-1	1.97711003E-7	1.97711003E-7	1.70898437E-1	0.00000000E+0	0.00000000E+0
1.68457031E-1	1.95623997E-7	1.95623997E-7	1.68457031E-1	0.00000000E+0	0.00000000E+0
1.66015625E-1	1.94503997E-7	1.94503997E-7	1.66015625E-1	0.00000000E+0	0.00000000E+0
1.63574219E-1	1.91932997E-7	1.91932997E-7	1.63574219E-1	0.00000000E+0	0.00000000E+0
1.61132812E-1	1.88903996E-7	1.88903996E-7	1.61132812E-1	0.00000000E+0	0.00000000E+0
1.58691406E-1	1.86866998E-7	1.86866998E-7	1.58691406E-1	0.00000000E+0	0.00000000E+0
1.56250000E-1	1.83889000E-7	1.83889000E-7	1.56250000E-1	0.00000000E+0	0.00000000E+0
1.53808594E-1	1.80680999E-7	1.80680999E-7	1.53808594E-1	0.00000000E+0	0.00000000E+0
1.51367187E-1	1.80274000E-7	1.80274000E-7	1.51367187E-1	0.00000000E+0	0.00000000E+0
1.48925781E-1	1.75335998E-7	1.75335998E-7	1.48925781E-1	0.00000000E+0	0.00000000E+0
1.46484375E-1	1.74826994E-7	1.74826994E-7	1.46484375E-1	0.00000000E+0	0.00000000E+0
1.44042969E-1	1.69939000E-7	1.69939000E-7	1.44042969E-1	0.00000000E+0	0.00000000E+0
1.41601562E-1	1.67240998E-7	1.67240998E-7	1.41601562E-1	0.00000000E+0	0.00000000E+0
1.39160156E-1	1.64415994E-7	1.64415994E-7	1.39160156E-1	0.00000000E+0	0.00000000E+0
1.36718750E-1	1.60241001E-7	1.60241001E-7	1.36718750E-1	0.00000000E+0	0.00000000E+0
1.34277344E-1	1.55658995E-7	1.55658995E-7	1.34277344E-1	0.00000000E+0	0.00000000E+0
1.31835937E-1	1.56677004E-7	1.56677004E-7	1.31835937E-1	0.00000000E+0	0.00000000E+0
1.29394531E-1	1.51763999E-7	1.51763999E-7	1.29394531E-1	0.00000000E+0	0.00000000E+0
1.26953125E-1	1.49600993E-7	1.49600993E-7	1.26953125E-1	0.00000000E+0	0.00000000E+0
1.24511719E-1	1.47029994E-7	1.47029994E-7	1.24511719E-1	0.00000000E+0	0.00000000E+0
1.22070312E-1	1.43950004E-7	1.43950004E-7	1.22070312E-1	0.00000000E+0	0.00000000E+0
1.19628906E-1	1.40894997E-7	1.40894997E-7	1.19628906E-1	0.00000000E+0	0.00000000E+0
1.17187500E-1	1.39215004E-7	1.39215004E-7	1.17187500E-1	0.00000000E+0	0.00000000E+0
1.14746094E-1	1.36007003E-7	1.36007003E-7	1.14746094E-1	0.00000000E+0	0.00000000E+0
1.12304687E-1	1.33257998E-7	1.33257998E-7	1.12304687E-1	0.00000000E+0	0.00000000E+0
1.09863281E-1	1.30662002E-7	1.30662002E-7	1.09863281E-1	0.00000000E+0	0.00000000E+0
1.07421875E-1	1.27882998E-7	1.27882998E-7	1.07421875E-1	0.00000000E+0	0.00000000E+0
1.04980469E-1	1.25762995E-7	1.25762995E-7	1.04980469E-1	0.00000000E+0	0.00000000E+0
1.02539062E-1	1.22838003E-7	1.22838003E-7	1.02539062E-1	0.00000000E+0	0.00000000E+0
1.00097656E-1	1.19787998E-7	1.19787998E-7	1.00097656E-1	0.00000000E+0	0.00000000E+0
9.76562500E-2	1.17337002E-7	1.17337002E-7	9.76562500E-2	0.00000000E+0	0.00000000E+0
9.52148438E-2	1.13883999E-7	1.13883999E-7	9.52148438E-2	0.00000000E+0	0.00000000E+0
9.27734375E-2	1.11664001E-7	1.11664001E-7	9.27734375E-2	0.00000000E+0	0.00000000E+0
9.03320313E-2	1.08538003E-7	1.08538003E-7	9.03320313E-2	0.00000000E+0	0.00000000E+0
8.78906250E-2	1.06202997E-7	1.06202997E-7	8.78906250E-2	0.00000000E+0	0.00000000E+0
8.54492188E-2	1.03611001E-7	1.03611001E-7	8.54492188E-2	0.00000000E+0	0.00000000E+0
8.30078125E-2	1.01304003E-7	1.01304003E-7	8.30078125E-2	0.00000000E+0	0.00000000E+0
8.05664063E-2	9.82650974E-8	9.82650974E-8	8.05664063E-2	0.00000000E+0	0.00000000E+0
7.81250000E-2	9.59407984E-8	9.59407984E-8	7.81250000E-2	0.00000000E+0	0.00000000E+0
7.56835938E-2	9.19766023E-8	9.19766023E-8	7.56835938E-2	0.00000000E+0	0.00000000E+0
7.32421875E-2	8.81958968E-8	8.81958968E-8	7.32421875E-2	0.00000000E+0	0.00000000E+0
7.08007813E-2	8.47552997E-8	8.47552997E-8	7.08007813E-2	0.00000000E+0	0.00000000E+0
6.83593750E-2	7.99998006E-8	7.99998006E-8	6.83593750E-2	0.00000000E+0	0.00000000E+0
6.59179688E-2	7.63834009E-8	7.63834009E-8	6.59179688E-2	0.00000000E+0	0.00000000E+0
6.34765625E-2	6.93073972E-8	6.93073972E-8	6.34765625E-2	0.00000000E+0	0.00000000E+0
6.10351563E-2	6.41160014E-8	6.41160014E-8	6.10351563E-2	0.00000000E+0	0.00000000E+0
5.85937500E-2	6.08742994E-8	6.08742994E-8	5.85937500E-2	0.00000000E+0	0.00000000E+0
5.61523438E-2	5.93872009E-8	5.93872009E-8	5.61523438E-2	0.00000000E+0	0.00000000E+0
5.37109375E-2	6.06908017E-8	6.06908017E-8	5.37109375E-2	0.00000000E+0	0.00000000E+0
5.12695313E-2	6.85924988E-8	6.85924988E-8	5.12695313E-2	0.00000000E+0	0.00000000E+0
4.88281250E-2	3.62315999E-9	3.62315999E-9	4.88281250E-2	0.00000000E+0	0.00000000E+0
4.63867188E-2	4.46744997E-9	4.46744997E-9	4.63867188E-2	0.00000000E+0	0.00000000E+0
4.39453125E-2	1.38309000E-8	1.38309000E-8	4.39453125E-2	0.00000000E+0	0.00000000E+0
4.15039063E-2	1.96106996E-7	1.96106996E-7	4.15039063E-2	0.00000000E+0	0.00000000E+0
3.90625000E-2	2.07715004E-7	2.07715004E-7	3.90625000E-2	0.00000000E+0	0.00000000E+0
3.66210938E-2	3.21117994E-7	3.21117994E-7	3.66210938E-2	0.00000000E+0	0.00000000E+0
3.41796875E-2	3.29746996E-7	3.29746996E-7	3.41796875E-2	0.00000000E+0	0.00000000E+0
3.17382813E-2	3.09815988E-7	3.09815988E-7	3.17382813E-2	0.00000000E+0	0.00000000E+0
2.92968750E-2	2.83965989E-7	2.83965989E-7	2.92968750E-2	0.00000000E+0	0.00000000E+0
2.68554688E-2	2.57391008E-7	2.57391008E-7	2.68554688E-2	0.00000000E+0	0.00000000E+0
2.44140625E-2	2.29861001E-7	2.29861001E-7	2.44140625E-2	0.00000000E+0	0.00000000E+0
2.19726563E-2	2.04252999E-7	2.04252999E-7	2.19726563E-2	0.00000000E+0	0.00000000E+0
1.95312500E-2	1.78798004E-7	1.78798004E-7	1.95312500E-2	0.00000000E+0	0.00000000E+0
1.70898438E-2	1.49600993E-7	1.49600993E-7	1.70898438E-2	0.00000000E+0	0.00000000E+0
1.46484375E-2	1.27242998E-7	1.27242998E-7	1.46484375E-2	0.00000000E+0	0.00000000E+0
1.22070313E-2	1.01563998E-7	1.01563998E-7	1.22070313E-2	0.00000000E+0	0.00000000E+0
9.76562500E-3	7.91740007E-8	7.91740007E-8	9.76562500E-3	0.00000000E+0	0.00000000E+0
7.32421875E-3	5.67303999E-8	5.67303999E-8	7.32421875E-3	0.00000000E+0	0.00000000E+0
4.88281250E-3	3.42866997E-8	3.42866997E-8	4.88281250E-3	0.00000000E+0	0.00000000E+0
2.44140625E-3	1.24995996E-8	1.24995996E-8	2.44140625E-3	0.00000000E+0	0.00000000E+0
0.00000000E+0	-1.97406003E-9	-1.97406003E-9	0.00000000E+0	0.00000000E+0	0.00000000E+0
-2.44140625E-3	-2.79217005E-8	-2.79217005E-8	-2.44140625E-3	0.00000000E+0	0.00000000E+0
-4.88281250E-3	-4.98264008E-8	-4.98264008E-8	-4.88281250E-3	0.00000000E+0	0.00000000E+0
-7.32421875E-3	-7.51180025E-8	-7.51180025E-8	-7.32421875E-3	0.00000000E+0	0.00000000E+0
-9.76562500E-3	-9.74431984E-8	-9.74431984E-8	-9.76562500E-3	0.00000000E+0	0.00000000E+0
-1.22070313E-2	-1.21425003E-7	-1.21425003E-7	-1.22070313E-2	0.00000000E+0	0.00000000E+0
-1.46484375E-2	-1.46876999E-7	-1.46876999E-7	-1.46484375E-2	0.00000000E+0	0.00000000E+0
-1.70898438E-2	-1.67394006E-7	-1.67394006E-7	-1.70898438E-2	0.00000000E+0	0.00000000E+0
-1.95312500E-2	-1.90380007E-7	-1.90380007E-7	-1.95312500E-2	0.00000000E+0	0.00000000E+0
-2.19726563E-2	-2.19284004E-7	-2.19284004E-7	-2.19726563E-2	0.00000000E+0	0.00000000E+0
-2.44140625E-2	-2.47310993E-7	-2.47310993E-7	-2.44140625E-2	0.00000000E+0	0.00000000E+0
-2.68554688E-2	-2.78506008E-7	-2.78506008E-7	-2.68554688E-2	0.00000000E+0	0.00000000E+0
-2.92968750E-2	-2.99047997E-7	-2.99047997E-7	-2.92968750E-2	0.00000000E+0	0.00000000E+0
-3.17382813E-2	-3.28601999E-7	-3.28601999E-7	-3.17382813E-2	0.00000000E+0	0.00000000E+0
-3.41796875E-2	-3.55558996E-7	-3.55558996E-7	-3.41796875E-2	0.00000000E+0	0.00000000E+0
-3.66210938E-2	-3.74650995E-7	-3.74650995E-7	-3.66210938E-2	0.00000000E+0	0.00000000E+0
-3.90625000E-2	-3.47998991E-7	-3.47998991E-7	-3.90625000E-2	0.00000000E+0	0.00000000E+0
-4.15039063E-2	-2.12068002E-7	-2.12068002E-7	-4.15039063E-2	0.00000000E+0	0.00000000E+0
-4.39453125E-2	-1.31046001E-8	-1.31046001E-8	-4.39453125E-2	0.00000000E+0	0.00000000E+0
-4.63867188E-2	-4.58665017E-9	-4.58665017E-9	-4.63867188E-2	0.00000000E+0	0.00000000E+0
-4.88281250E-2	-3.84713994E-9	-3.84713994E-9	-4.88281250E-2	0.00000000E+0	0.00000000E+0
-5.12695313E-2	-2.93668005E-8	-2.93668005E-8	-5.12695313E-2	0.00000000E+0	0.00000000E+0
-5.37109375E-2	-6.42039026E-8	-6.42039026E-8	-5.37109375E-2	0.00000000E+0	0.00000000E+0
-5.61523438E-2	-6.27091978E-8	-6.27091978E-8	-5.61523438E-2	0.00000000E+0	0.00000000E+0
-5.85937500E-2	-6.44563016E-8	-6.44563016E-8	-5.85937500E-2	0.00000000E+0	0.00000000E+0
-6.10351563E-2	-6.82904968E-8	-6.82904968E-8	-6.10351563E-2	0.00000000E+0	0.00000000E+0
-6.34765625E-2	-7.10773023E-8	-7.10773023E-8	-6.34765625E-2	0.00000000E+0	0.00000000E+0
-6.59179688E-2	-7.98545017E-8	-7.98545017E-8	-6.59179688E-2	0.00000000E+0	0.00000000E+0
-6.83593750E-2	-8.48891020E-8	-8.48891020E-8	-6.83593750E-2	0.00000000E+0	0.00000000E+0
-7.08007813E-2	-8.89719018E-8	-8.89719018E-8	-7.08007813E-2	0.00000000E+0	0.00000000E+0
-7.32421875E-2	-9.32915967E-8	-9.32915967E-8	-7.32421875E-2	0.00000000E+0	0.00000000E+0
-7.56835938E-2	-9.70812977E-8	-9.70812977E-8	-7.56835938E-2	0.00000000E+0	0.00000000E+0
-7.81250000E-2	-1.00746000E-7	-1.00746000E-7	-7.81250000E-2	0.00000000E+0	0.00000000E+0
-8.05664063E-2	-1.04690997E-7	-1.04690997E-7	-8.05664063E-2	0.00000000E+0	0.00000000E+0
-8.30078125E-2	-1.08819997E-7	-1.08819997E-7	-8.30078125E-2	0.00000000E+0	0.00000000E+0
-8.54492188E-2	-1.12773002E-7	-1.12773002E-7	-8.54492188E-2	0.00000000E+0	0.00000000E+0
-8.78906250E-2	-1.16564998E-7	-1.16564998E-7	-8.78906250E-2	0.00000000E+0	0.00000000E+0
-9.03320313E-2	-1.19301006E-7	-1.19301006E-7	-9.03320313E-2	0.00000000E+0	0.00000000E+0
-9.27734375E-2	-1.23849006E-7	-1.23849006E-7	-9.27734375E-2	0.00000000E+0	0.00000000E+0
-9.52148438E-2	-1.26488999E-7	-1.26488999E-7	-9.52148438E-2	0.00000000E+0	0.00000000E+0
-9.76562500E-2	-1.30169994E-7	-1.30169994E-7	-9.76562500E-2	0.00000000E+0	0.00000000E+0
-1.00097656E-1	-1.32875996E-7	-1.32875996E-7	-1.00097656E-1	0.00000000E+0	0.00000000E+0
-1.02539062E-1	-1.37745005E-7	-1.37745005E-7	-1.02539062E-1	0.00000000E+0	0.00000000E+0
-1.04980469E-1	-1.39266007E-7	-1.39266007E-7	-1.04980469E-1	0.00000000E+0	0.00000000E+0
-1.07421875E-1	-1.43338994E-7	-1.43338994E-7	-1.07421875E-1	0.00000000E+0	0.00000000E+0
-1.09863281E-1	-1.46139001E-7	-1.46139001E-7	-1.09863281E-1	0.00000000E+0	0.00000000E+0
-1.12304687E-1	-1.49345993E-7	-1.49345993E-7	-1.12304687E-1	0.00000000E+0	0.00000000E+0
-1.14746094E-1	-1.52629994E-7	-1.52629994E-7	-1.14746094E-1	0.00000000E+0	0.00000000E+0
-1.17187500E-1	-1.55481004E-7	-1.55481004E-7	-1.17187500E-1	0.00000000E+0	0.00000000E+0
-1.19628906E-1	-1.58917004E-7	-1.58917004E-7	-1.19628906E-1	0.00000000E+0	0.00000000E+0
-1.22070312E-1	-1.63002994E-7	-1.63002994E-7	-1.22070312E-1	0.00000000E+0	0.00000000E+0
-1.24511719E-1	-1.66706997E-7	-1.66706997E-7	-1.24511719E-1	0.00000000E+0	0.00000000E+0
-1.26953125E-1	-1.70104997E-7	-1.70104997E-7	-1.26953125E-1	0.00000000E+0	0.00000000E+0
-1.29394531E-1	-1.72968996E-7	-1.72968996E-7	-1.29394531E-1	0.00000000E+0	0.00000000E+0
-1.31835937E-1	-1.76328996E-7	-1.76328996E-7	-1.31835937E-1	0.00000000E+0	0.00000000E+0
-1.34277344E-1	-1.79382994E-7	-1.79382994E-7	-1.34277344E-1	0.00000000E+0	0.00000000E+0
-1.36718750E-1	-1.82031002E-7	-1.82031002E-7	-1.36718750E-1	0.00000000E+0	0.00000000E+0
-1.39160156E-1	-1.85364996E-7	-1.85364996E-7	-1.39160156E-1	0.00000000E+0	0.00000000E+0
-1.41601562E-1	-1.89464004E-7	-1.89464004E-7	-1.41601562E-1	0.00000000E+0	0.00000000E+0
-1.44042969E-1	-1.92111003E-7	-1.92111003E-7	-1.44042969E-1	0.00000000E+0	0.00000000E+0
-1.46484375E-1	-1.95191006E-7	-1.95191006E-7	-1.46484375E-1	0.00000000E+0	0.00000000E+0
-1.48925781E-1	-1.98677995E-7	-1.98677995E-7	-1.48925781E-1	0.00000000E+0	0.00000000E+0
-1.51367187E-1	-2.01936999E-7	-2.01936999E-7	-1.51367187E-1	0.00000000E+0	0.00000000E+0
-1.53808594E-1	-2.05500001E-7	-2.05500001E-7	-1.53808594E-1	0.00000000E+0	0.00000000E+0
-1.56250000E-1	-2.07981998E-7	-2.07981998E-7	-1.56250000E-1	0.00000000E+0	0.00000000E+0
-1.58691406E-1	-2.11583995E-7	-2.11583995E-7	-1.58691406E-1	0.00000000E+0	0.00000000E+0
-1.61132812E-1	-2.16763993E-7	-2.16763993E-7	-1.61132812E-1	0.00000000E+0	0.00000000E+0
-1.63574219E-1	-2.19284004E-7	-2.19284004E-7	-1.63574219E-1	0.00000000E+0	0.00000000E+0
-1.66015625E-1	-2.21536993E-7	-2.21536993E-7	-1.66015625E-1	0.00000000E+0	0.00000000E+0
-1.68457031E-1	-2.25202996E-7	-2.25202996E-7	-1.68457031E-1	0.00000000E+0	0.00000000E+0
-1.70898437E-1	-2.28410002E-7	-2.28410002E-7	-1.70898437E-1	0.00000000E+0	0.00000000E+0
-1.73339844E-1	-2.31426995E-7	-2.31426995E-7	-1.73339844E-1	0.00000000E+0	0.00000000E+0
-1.75781250E-1	-2.35818007E-7	-2.35818007E-7	-1.75781250E-1	0.00000000E+0	0.00000000E+0
-1.78222656E-1	-2.39063013E-7	-2.39063013E-7	-1.78222656E-1	0.00000000E+0	0.00000000E+0
-1.80664062E-1	-2.41506996E-7	-2.41506996E-7	-1.80664062E-1	0.00000000E+0	0.00000000E+0
-1.83105469E-1	-2.44560994E-7	-2.44560994E-7	-1.83105469E-1	0.00000000E+0	0.00000000E+0
-1.85546875E-1	-2.47960003E-7	-2.47960003E-7	-1.85546875E-1	0.00000000E+0	0.00000000E+0
-1.87988281E-1	-2.51473011E-7	-2.51473011E-7	-1.87988281E-1	0.00000000E+0	0.00000000E+0
-1.90429687E-1	-2.54030994E-7	-2.54030994E-7	-1.90429687E-1	0.00000000E+0	0.00000000E+0
-1.92871094E-1	-2.58612999E-7	-2.58612999E-7	-1.92871094E-1	0.00000000E+0	0.00000000E+0
-1.95312500E-1	-2.61705992E-7	-2.61705992E-7	-1.95312500E-1	0.00000000E+0	0.00000000E+0
-1.97753906E-1	-2.66135004E-7	-2.66135004E-7	-1.97753906E-1	0.00000000E+0	0.00000000E+0
-2.00195312E-1	-2.68577992E-7	-2.68577992E-7	-2.00195312E-1	0.00000000E+0	0.00000000E+0
-2.02636719E-1	-2.72053001E-7	-2.72053001E-7	-2.02636719E-1	0.00000000E+0	0.00000000E+0
-2.05078125E-1	-2.75107993E-7	-2.75107993E-7	-2.05078125E-1	0.00000000E+0	0.00000000E+0
-2.07519531E-1	-2.78353014E-7	-2.78353014E-7	-2.07519531E-1	0.00000000E+0	0.00000000E+0
-2.09960937E-1	-2.80796996E-7	-2.80796996E-7	-2.09960937E-1	0.00000000E+0	0.00000000E+0
-2.12402344E-1	-2.84920986E-7	-2.84920986E-7	-2.12402344E-1	0.00000000E+0	0.00000000E+0
-2.14843750E-1	-2.88738988E-7	-2.88738988E-7	-2.14843750E-1	0.00000000E+0	0.00000000E+0
-2.17285156E-1	-2.91602987E-7	-2.91602987E-7	-2.17285156E-1	0.00000000E+0	0.00000000E+0
-2.19726562E-1	-2.95077001E-7	-2.95077001E-7	-2.19726562E-1	0.00000000E+0	0.00000000E+0
-2.22167969E-1	-2.97903000E-7	-2.97903000E-7	-2.22167969E-1	0.00000000E+0	0.00000000E+0
-2.24609375E-1	-3.00957993E-7	-3.00957993E-7	-2.24609375E-1	0.00000000E+0	0.00000000E+0
-2.27050781E-1	-3.05463004E-7	-3.05463004E-7	-2.27050781E-1	0.00000000E+0	0.00000000E+0
-2.29492187E-1	-3.06684996E-7	-3.06684996E-7	-2.29492187E-1	0.00000000E+0	0.00000000E+0
-2.31933594E-1	-3.10961013E-7	-3.10961013E-7	-2.31933594E-1	0.00000000E+0	0.00000000E+0
-2.34375000E-1	-3.14397994E-7	-3.14397994E-7	-2.34375000E-1	0.00000000E+0	0.00000000E+0
-2.36816406E-1	-3.18598012E-7	-3.18598012E-7	-2.36816406E-1	0.00000000E+0	0.00000000E+0
-2.39257812E-1	-3.21424011E-7	-3.21424011E-7	-2.39257812E-1	0.00000000E+0	0.00000000E+0
-2.41699219E-1	-3.23866999E-7	-3.23866999E-7	-2.41699219E-1	0.00000000E+0	0.00000000E+0
-2.44140625E-1	-3.26921992E-7	-3.26921992E-7	-2.44140625E-1	0.00000000E+0	0.00000000E+0
-2.46582031E-1	-3.31046010E-7	-3.31046010E-7	-2.46582031E-1	0.00000000E+0	0.00000000E+0
-2.49023437E-1	-3.33756986E-7	-3.33756986E-7	-2.49023437E-1	0.00000000E+0	0.00000000E+0
-2.51464844E-1	-3.36697013E-7	-3.36697013E-7	-2.51464844E-1	0.00000000E+0	0.00000000E+0
-2.53906250E-1	-3.39445990E-7	-3.39445990E-7	-2.53906250E-1	0.00000000E+0	0.00000000E+0
-2.56347656E-1	-3.42347988E-7	-3.42347988E-7	-2.56347656E-1	0.00000000E+0	0.00000000E+0
-2.58789062E-1	-3.45249987E-7	-3.45249987E-7	-2.58789062E-1	0.00000000E+0	0.00000000E+0
-2.61230469E-1	-3.49526005E-7	-3.49526005E-7	-2.61230469E-1	0.00000000E+0	0.00000000E+0
-2.63671875E-1	-3.51283006E-7	-3.51283006E-7	-2.63671875E-1	0.00000000E+0	0.00000000E+0
-2.66113281E-1	-3.53573995E-7	-3.53573995E-7	-2.66113281E-1	0.00000000E+0	0.00000000E+0
-2.68554687E-1	-3.56246005E-7	-3.56246005E-7	-2.68554687E-1	0.00000000E+0	0.00000000E+0
-2.70996094E-1	-3.59683014E-7	-3.59683014E-7	-2.70996094E-1	0.00000000E+0	0.00000000E+0
-2.73437500E-1	-3.62469990E-7	-3.62469990E-7	-2.73437500E-1	0.00000000E+0	0.00000000E+0
-2.75878906E-1	-3.65180995E-7	-3.65180995E-7	-2.75878906E-1	0.00000000E+0	0.00000000E+0
-2.78320312E-1	-3.68082993E-7	-3.68082993E-7	-2.78320312E-1	0.00000000E+0	0.00000000E+0
-2.80761719E-1	-3.70908992E-7	-3.70908992E-7	-2.80761719E-1	0.00000000E+0	0.00000000E+0
-2.83203125E-1	-3.74650995E-7	-3.74650995E-7	-2.83203125E-1	0.00000000E+0	0.00000000E+0
-2.85644531E-1	-3.76483001E-7	-3.76483001E-7	-2.85644531E-1	0.00000000E+0	0.00000000E+0
-2.88085937E-1	-3.79537994E-7	-3.79537994E-7	-2.88085937E-1	0.00000000E+0	0.00000000E+0
-2.90527344E-1	-3.82286999E-7	-3.82286999E-7	-2.90527344E-1	0.00000000E+0	0.00000000E+0
-2.92968750E-1	-3.85341991E-7	-3.85341991E-7	-2.92968750E-1	0.00000000E+0	0.00000000E+0
-2.95410156E-1	-3.89388987E-7	-3.89388987E-7	-2.95410156E-1	0.00000000E+0	0.00000000E+0
-2.97851562E-1	-3.92291014E-7	-3.92291014E-7	-2.97851562E-1	0.00000000E+0	0.00000000E+0
-3.00292969E-1	-3.95346007E-7	-3.95346007E-7	-3.00292969E-1	0.00000000E+0	0.00000000E+0
-3.02734375E-1	-3.98781992E-7	-3.98781992E-7	-3.02734375E-1	0.00000000E+0	0.00000000E+0
-3.05175781E-1	-4.00080012E-7	-4.00080012E-7	-3.05175781E-1	0.00000000E+0	0.00000000E+0
-3.07617187E-1	-4.04585990E-7	-4.04585990E-7	-3.07617187E-1	0.00000000E+0	0.00000000E+0
-3.10058594E-1	-4.06724013E-7	-4.06724013E-7	-3.10058594E-1	0.00000000E+0	0.00000000E+0
-3.12500000E-1	-4.13750001E-7	-4.13750001E-7	-3.12500000E-1	0.00000000E+0	0.00000000E+0
-3.14941406E-1	-4.11917000E-7	-4.11917000E-7	-3.14941406E-1	0.00000000E+0	0.00000000E+0
-3.17382812E-1	-4.15123992E-7	-4.15123992E-7	-3.17382812E-1	0.00000000E+0	0.00000000E+0
-3.19824219E-1	-4.18103014E-7	-4.18103014E-7	-3.19824219E-1	0.00000000E+0	0.00000000E+0
-3.22265625E-1	-4.22074010E-7	-4.22074010E-7	-3.22265625E-1	0.00000000E+0	0.00000000E+0
-3.24707031E-1	-4.24516998E-7	-4.24516998E-7	-3.24707031E-1	0.00000000E+0	0.00000000E+0
-3.27148437E-1	-4.33489987E-7	-4.33489987E-7	-3.27148437E-1	0.00000000E+0	0.00000000E+0
-3.29589844E-1	-4.32689006E-7	-4.32689006E-7	-3.29589844E-1	0.00000000E+0	0.00000000E+0
-3.32031250E-1	-4.34291991E-7	-4.34291991E-7	-3.32031250E-1	0.00000000E+0	0.00000000E+0
-3.34472656E-1	-4.36964996E-7	-4.36964996E-7	-3.34472656E-1	0.00000000E+0	0.00000000E+0
-3.36914062E-1	-4.43073986E-7	-4.43073986E-7	-3.36914062E-1	0.00000000E+0	0.00000000E+0
-3.39355469E-1	-4.42844993E-7	-4.42844993E-7	-3.39355469E-1	0.00000000E+0	0.00000000E+0
-3.41796875E-1	-4.45517998E-7	-4.45517998E-7	-3.41796875E-1	0.00000000E+0	0.00000000E+0
-3.44238281E-1	-4.47732987E-7	-4.47732987E-7	-3.44238281E-1	0.00000000E+0	0.00000000E+0
-3.46679687E-1	-4.50176003E-7	-4.50176003E-7	-3.46679687E-1	0.00000000E+0	0.00000000E+0
-3.49121094E-1	-4.52849008E-7	-4.52849008E-7	-3.49121094E-1	0.00000000E+0	0.00000000E+0
-3.51562500E-1	-4.54452987E-7	-4.54452987E-7	-3.51562500E-1	0.00000000E+0	0.00000000E+0
-3.54003906E-1	-4.57869987E-7	-4.57869987E-7	-3.54003906E-1	0.00000000E+0	0.00000000E+0
-3.56445312E-1	-4.60562006E-7	-4.60562006E-7	-3.56445312E-1	0.00000000E+0	0.00000000E+0
-3.58886719E-1	-4.64990990E-7	-4.64990990E-7	-3.58886719E-1	0.00000000E+0	0.00000000E+0
-3.61328125E-1	-4.66899991E-7	-4.66899991E-7	-3.61328125E-1	0.00000000E+0	0.00000000E+0
-3.63769531E-1	-4.73697014E-7	-4.73697014E-7	-3.63769531E-1	0.00000000E+0	0.00000000E+0
-3.66210937E-1	-4.70948009E-7	-4.70948009E-7	-3.66210937E-1	0.00000000E+0	0.00000000E+0
-3.68652344E-1	-4.67282007E-7	-4.67282007E-7	-3.68652344E-1	0.00000000E+0	0.00000000E+0
-3.71093750E-1	-4.71177003E-7	-4.71177003E-7	-3.71093750E-1	0.00000000E+0	0.00000000E+0
-3.73535156E-1	-4.73697014E-7	-4.73697014E-7	-3.73535156E-1	0.00000000E+0	0.00000000E+0
-3.75976562E-1	-4.83854024E-7	-4.83854024E-7	-3.75976562E-1	0.00000000E+0	0.00000000E+0
-3.78417969E-1	-4.86907993E-7	-4.86907993E-7	-3.78417969E-1	0.00000000E+0	0.00000000E+0
-3.80859375E-1	-4.86907993E-7	-4.86907993E-7	-3.80859375E-1	0.00000000E+0	0.00000000E+0
-3.83300781E-1	-4.86603028E-7	-4.86603028E-7	-3.83300781E-1	0.00000000E+0	0.00000000E+0
-3.85742187E-1	-4.87443003E-7	-4.87443003E-7	-3.85742187E-1	0.00000000E+0	0.00000000E+0
-3.88183594E-1	-4.90573996E-7	-4.90573996E-7	-3.88183594E-1	0.00000000E+0	0.00000000E+0
-3.90625000E-1	-4.92407025E-7	-4.92407025E-7	-3.90625000E-1	0.00000000E+0	0.00000000E+0
-3.93066406E-1	-4.95918982E-7	-4.95918982E-7	-3.93066406E-1	0.00000000E+0	0.00000000E+0
-3.95507812E-1	-4.97598990E-7	-4.97598990E-7	-3.95507812E-1	0.00000000E+0	0.00000000E+0
-3.97949219E-1	-5.00349017E-7	-5.00349017E-7	-3.97949219E-1	0.00000000E+0	0.00000000E+0
-4.00390625E-1	-5.03708975E-7	-5.03708975E-7	-4.00390625E-1	0.00000000E+0	0.00000000E+0
-4.02832031E-1	-5.05999992E-7	-5.05999992E-7	-4.02832031E-1	0.00000000E+0	0.00000000E+0
-4.05273437E-1	-5.07068989E-7	-5.07068989E-7	-4.05273437E-1	0.00000000E+0	0.00000000E+0
-4.07714844E-1	-5.09817994E-7	-5.09817994E-7	-4.07714844E-1	0.00000000E+0	0.00000000E+0
-4.10156250E-1	-5.11764995E-7	-5.11764995E-7	-4.10156250E-1	0.00000000E+0	0.00000000E+0
-4.12597656E-1	-5.14400028E-7	-5.14400028E-7	-4.12597656E-1	0.00000000E+0	0.00000000E+0
-4.15039062E-1	-5.16920011E-7	-5.16920011E-7	-4.15039062E-1	0.00000000E+0	0.00000000E+0
-4.17480469E-1	-5.21636025E-7	-5.21636025E-7	-4.17480469E-1	0.00000000E+0	0.00000000E+0
-4.19921875E-1	-5.22646985E-7	-5.22646985E-7	-4.19921875E-1	0.00000000E+0	0.00000000E+0
-4.22363281E-1	-5.23335018E-7	-5.23335018E-7	-4.22363281E-1	0.00000000E+0	0.00000000E+0
-4.24804687E-1	-5.25473013E-7	-5.25473013E-7	-4.24804687E-1	0.00000000E+0	0.00000000E+0
-4.27246094E-1	-5.39752989E-7	-5.39752989E-7	-4.27246094E-1	0.00000000E+0	0.00000000E+0
-4.29687500E-1	-5.41968006E-7	-5.41968006E-7	-4.29687500E-1	0.00000000E+0	0.00000000E+0
-4.32128906E-1	-5.35401000E-7	-5.35401000E-7	-4.32128906E-1	0.00000000E+0	0.00000000E+0
-4.34570312E-1	-5.37501023E-7	-5.37501023E-7	-4.34570312E-1	0.00000000E+0	0.00000000E+0
-4.37011719E-1	-5.41968006E-7	-5.41968006E-7	-4.37011719E-1	0.00000000E+0	0.00000000E+0
-4.39453125E-1	-5.44411989E-7	-5.44411989E-7	-4.39453125E-1	0.00000000E+0	0.00000000E+0
-4.41894531E-1	-5.47390016E-7	-5.47390016E-7	-4.41894531E-1	0.00000000E+0	0.00000000E+0
-4.44335937E-1	-5.52353981E-7	-5.52353981E-7	-4.44335937E-1	0.00000000E+0	0.00000000E+0
-4.46777344E-1	-5.51436983E-7	-5.51436983E-7	-4.46777344E-1	0.00000000E+0	0.00000000E+0
-4.49218750E-1	-5.52353981E-7	-5.52353981E-7	-4.49218750E-1	0.00000000E+0	0.00000000E+0
-4.51660156E-1	-5.59837986E-7	-5.59837986E-7	-4.51660156E-1	0.00000000E+0	0.00000000E+0
-4.54101562E-1	-5.55636973E-7	-5.55636973E-7	-4.54101562E-1	0.00000000E+0	0.00000000E+0
-4.56542969E-1	-5.57547025E-7	-5.57547025E-7	-4.56542969E-1	0.00000000E+0	0.00000000E+0
-4.58984375E-1	-5.59837986E-7	-5.59837986E-7	-4.58984375E-1	0.00000000E+0	0.00000000E+0
-4.61425781E-1	-5.61823015E-7	-5.61823015E-7	-4.61425781E-1	0.00000000E+0	0.00000000E+0
-4.63867187E-1	-5.69077997E-7	-5.69077997E-7	-4.63867187E-1	0.00000000E+0	0.00000000E+0
-4.66308594E-1	-5.65298024E-7	-5.65298024E-7	-4.66308594E-1	0.00000000E+0	0.00000000E+0
-4.68750000E-1	-5.68390988E-7	-5.68390988E-7	-4.68750000E-1	0.00000000E+0	0.00000000E+0
-4.71191406E-1	-5.73622003E-7	-5.73622003E-7	-4.71191406E-1	0.00000000E+0	0.00000000E+0
-4.73632812E-1	-5.73622003E-7	-5.73622003E-7	-4.73632812E-1	0.00000000E+0	0.00000000E+0
-4.76074219E-1	-5.74843000E-7	-5.74843000E-7	-4.76074219E-1	0.00000000E+0	0.00000000E+0
-4.78515625E-1	-5.79120012E-7	-5.79120012E-7	-4.78515625E-1	0.00000000E+0	0.00000000E+0
-4.80957031E-1	-5.79616028E-7	-5.79616028E-7	-4.80957031E-1	0.00000000E+0	0.00000000E+0
-4.83398437E-1	-5.81830989E-7	-5.81830989E-7	-4.83398437E-1	0.00000000E+0	0.00000000E+0
-4.85839844E-1	-5.83510996E-7	-5.83510996E-7	-4.85839844E-1	0.00000000E+0	0.00000000E+0
-4.88281250E-1	-5.84122006E-7	-5.84122006E-7	-4.88281250E-1	0.00000000E+0	0.00000000E+0
-4.90722656E-1	-5.89238027E-7	-5.89238027E-7	-4.90722656E-1	0.00000000E+0	0.00000000E+0
-4.93164062E-1	-5.94431015E-7	-5.94431015E-7	-4.93164062E-1	0.00000000E+0	0.00000000E+0
-4.90722656E-1	-5.89696981E-7	-5.89696981E-7	-4.90722656E-1	0.00000000E+0	0.00000000E+0
-4.88281250E-1	-5.84122006E-7	-5.84122006E-7	-4.88281250E-1	0.00000000E+0	0.00000000E+0
-4.85839844E-1	-5.84427028E-7	-5.84427028E-7	-4.85839844E-1	0.00000000E+0	0.00000000E+0
-4.83398437E-1	-5.82288976E-7	-5.82288976E-7	-4.83398437E-1	0.00000000E+0	0.00000000E+0
-4.80957031E-1	-5.80150981E-7	-5.80150981E-7	-4.80957031E-1	0.00000000E+0	0.00000000E+0
-4.78515625E-1	-5.78318009E-7	-5.78318009E-7	-4.78515625E-1	0.00000000E+0	0.00000000E+0
-4.76074219E-1	-5.76867023E-7	-5.76867023E-7	-4.76074219E-1	0.00000000E+0	0.00000000E+0
-4.73632812E-1	-5.74042019E-7	-5.74042019E-7	-4.73632812E-1	0.00000000E+0	0.00000000E+0
-4.71191406E-1	-5.71445014E-7	-5.71445014E-7	-4.71191406E-1	0.00000000E+0	0.00000000E+0
-4.68750000E-1	-5.70376017E-7	-5.70376017E-7	-4.68750000E-1	0.00000000E+0	0.00000000E+0
-4.66308594E-1	-5.72208990E-7	-5.72208990E-7	-4.66308594E-1	0.00000000E+0	0.00000000E+0
-4.63867187E-1	-5.66100027E-7	-5.66100027E-7	-4.63867187E-1	0.00000000E+0	0.00000000E+0
-4.61425781E-1	-5.64648985E-7	-5.64648985E-7	-4.61425781E-1	0.00000000E+0	0.00000000E+0
-4.58984375E-1	-5.59378975E-7	-5.59378975E-7	-4.58984375E-1	0.00000000E+0	0.00000000E+0
-4.56542969E-1	-5.58768022E-7	-5.58768022E-7	-4.56542969E-1	0.00000000E+0	0.00000000E+0
-4.54101562E-1	-5.56171983E-7	-5.56171983E-7	-4.54101562E-1	0.00000000E+0	0.00000000E+0
-4.51660156E-1	-5.56630027E-7	-5.56630027E-7	-4.51660156E-1	0.00000000E+0	0.00000000E+0
-4.49218750E-1	-5.51436983E-7	-5.51436983E-7	-4.49218750E-1	0.00000000E+0	0.00000000E+0
-4.46777344E-1	-5.51436983E-7	-5.51436983E-7	-4.46777344E-1	0.00000000E+0	0.00000000E+0
-4.44335937E-1	-5.54339010E-7	-5.54339010E-7	-4.44335937E-1	0.00000000E+0	0.00000000E+0
-4.41894531E-1	-5.53576001E-7	-5.53576001E-7	-4.41894531E-1	0.00000000E+0	0.00000000E+0
-4.39453125E-1	-5.49909998E-7	-5.49909998E-7	-4.39453125E-1	0.00000000E+0	0.00000000E+0
-4.37011719E-1	-5.47390016E-7	-5.47390016E-7	-4.37011719E-1	0.00000000E+0	0.00000000E+0
-4.34570312E-1	-5.44030001E-7	-5.44030001E-7	-4.34570312E-1	0.00000000E+0	0.00000000E+0
-4.32128906E-1	-5.33950015E-7	-5.33950015E-7	-4.32128906E-1	0.00000000E+0	0.00000000E+0
-4.29687500E-1	-5.30512978E-7	-5.30512978E-7	-4.29687500E-1	0.00000000E+0	0.00000000E+0
-4.27246094E-1	-5.29978990E-7	-5.29978990E-7	-4.27246094E-1	0.00000000E+0	0.00000000E+0
-4.24804687E-1	-5.27535008E-7	-5.27535008E-7	-4.24804687E-1	0.00000000E+0	0.00000000E+0
-4.22363281E-1	-5.26197994E-7	-5.26197994E-7	-4.22363281E-1	0.00000000E+0	0.00000000E+0
-4.19921875E-1	-5.23028973E-7	-5.23028973E-7	-4.19921875E-1	0.00000000E+0	0.00000000E+0
-4.17480469E-1	-5.20586013E-7	-5.20586013E-7	-4.17480469E-1	0.00000000E+0	0.00000000E+0
-4.15039062E-1	-5.18676018E-7	-5.18676018E-7	-4.15039062E-1	0.00000000E+0	0.00000000E+0
-4.12597656E-1	-5.14704993E-7	-5.14704993E-7	-4.12597656E-1	0.00000000E+0	0.00000000E+0
-4.10156250E-1	-5.17531021E-7	-5.17531021E-7	-4.10156250E-1	0.00000000E+0	0.00000000E+0
-4.07714844E-1	-5.10123016E-7	-5.10123016E-7	-4.07714844E-1	0.00000000E+0	0.00000000E+0
-4.05273437E-1	-5.19593016E-7	-5.19593016E-7	-4.05273437E-1	0.00000000E+0	0.00000000E+0
-4.02832031E-1	-5.12872987E-7	-5.12872987E-7	-4.02832031E-1	0.00000000E+0	0.00000000E+0
-4.00390625E-1	-5.03402987E-7	-5.03402987E-7	-4.00390625E-1	0.00000000E+0	0.00000000E+0
-3.97949219E-1	-5.03020999E-7	-5.03020999E-7	-3.97949219E-1	0.00000000E+0	0.00000000E+0
-3.95507812E-1	-4.99660985E-7	-4.99660985E-7	-3.95507812E-1	0.00000000E+0	0.00000000E+0
-3.93066406E-1	-4.95079007E-7	-4.95079007E-7	-3.93066406E-1	0.00000000E+0	0.00000000E+0
-3.90625000E-1	-4.94238975E-7	-4.94238975E-7	-3.90625000E-1	0.00000000E+0	0.00000000E+0
-3.88183594E-1	-4.90573996E-7	-4.90573996E-7	-3.88183594E-1	0.00000000E+0	0.00000000E+0
-3.85742187E-1	-4.85305009E-7	-4.85305009E-7	-3.85742187E-1	0.00000000E+0	0.00000000E+0
-3.83300781E-1	-4.82250016E-7	-4.82250016E-7	-3.83300781E-1	0.00000000E+0	0.00000000E+0
-3.80859375E-1	-4.82937025E-7	-4.82937025E-7	-3.80859375E-1	0.00000000E+0	0.00000000E+0
-3.78417969E-1	-4.79729977E-7	-4.79729977E-7	-3.78417969E-1	0.00000000E+0	0.00000000E+0
-3.75976562E-1	-4.81027996E-7	-4.81027996E-7	-3.75976562E-1	0.00000000E+0	0.00000000E+0
-3.73535156E-1	-4.80112021E-7	-4.80112021E-7	-3.73535156E-1	0.00000000E+0	0.00000000E+0
-3.71093750E-1	-4.78890001E-7	-4.78890001E-7	-3.71093750E-1	0.00000000E+0	0.00000000E+0
-3.68652344E-1	-4.75912003E-7	-4.75912003E-7	-3.68652344E-1	0.00000000E+0	0.00000000E+0
-3.66210937E-1	-4.69649990E-7	-4.69649990E-7	-3.66210937E-1	0.00000000E+0	0.00000000E+0
-3.63769531E-1	-4.68503998E-7	-4.68503998E-7	-3.63769531E-1	0.00000000E+0	0.00000000E+0
-3.61328125E-1	-4.67816989E-7	-4.67816989E-7	-3.61328125E-1	0.00000000E+0	0.00000000E+0
-3.58886719E-1	-4.65526000E-7	-4.65526000E-7	-3.58886719E-1	0.00000000E+0	0.00000000E+0
-3.56445312E-1	-4.58843999E-7	-4.58843999E-7	-3.56445312E-1	0.00000000E+0	0.00000000E+0
-3.54003906E-1	-4.52619986E-7	-4.52619986E-7	-3.54003906E-1	0.00000000E+0	0.00000000E+0
-3.51562500E-1	-4.48954012E-7	-4.48954012E-7	-3.51562500E-1	0.00000000E+0	0.00000000E+0
-3.49121094E-1	-4.50328997E-7	-4.50328997E-7	-3.49121094E-1	0.00000000E+0	0.00000000E+0
-3.46679687E-1	-4.46739989E-7	-4.46739989E-7	-3.46679687E-1	0.00000000E+0	0.00000000E+0
-3.44238281E-1	-4.44982987E-7	-4.44982987E-7	-3.44238281E-1	0.00000000E+0	0.00000000E+0
-3.41796875E-1	-4.37347012E-7	-4.37347012E-7	-3.41796875E-1	0.00000000E+0	0.00000000E+0
-3.39355469E-1	-4.31160998E-7	-4.31160998E-7	-3.39355469E-1	0.00000000E+0	0.00000000E+0
-3.36914062E-1	-4.30092001E-7	-4.30092001E-7	-3.36914062E-1	0.00000000E+0	0.00000000E+0
-3.34472656E-1	-4.25892011E-7	-4.25892011E-7	-3.34472656E-1	0.00000000E+0	0.00000000E+0
-3.32031250E-1	-4.23296001E-7	-4.23296001E-7	-3.32031250E-1	0.00000000E+0	0.00000000E+0
-3.29589844E-1	-4.21386005E-7	-4.21386005E-7	-3.29589844E-1	0.00000000E+0	0.00000000E+0
-3.27148437E-1	-4.19018988E-7	-4.19018988E-7	-3.27148437E-1	0.00000000E+0	0.00000000E+0
-3.24707031E-1	-4.15963996E-7	-4.15963996E-7	-3.24707031E-1	0.00000000E+0	0.00000000E+0
-3.22265625E-1	-4.14054995E-7	-4.14054995E-7	-3.22265625E-1	0.00000000E+0	0.00000000E+0
-3.19824219E-1	-4.10695009E-7	-4.10695009E-7	-3.19824219E-1	0.00000000E+0	0.00000000E+0
-3.17382812E-1	-4.08957987E-7	-4.08957987E-7	-3.17382812E-1	0.00000000E+0	0.00000000E+0
-3.14941406E-1	-4.04585990E-7	-4.04585990E-7	-3.14941406E-1	0.00000000E+0	0.00000000E+0
-3.12500000E-1	-4.01837013E-7	-4.01837013E-7	-3.12500000E-1	0.00000000E+0	0.00000000E+0
-3.10058594E-1	-3.98171011E-7	-3.98171011E-7	-3.10058594E-1	0.00000000E+0	0.00000000E+0
-3.07617187E-1	-3.96338010E-7	-3.96338010E-7	-3.07617187E-1	0.00000000E+0	0.00000000E+0
-3.05175781E-1	-3.93589005E-7	-3.93589005E-7	-3.05175781E-1	0.00000000E+0	0.00000000E+0
-3.02734375E-1	-3.89235993E-7	-3.89235993E-7	-3.02734375E-1	0.00000000E+0	0.00000000E+0
-3.00292969E-1	-3.86793005E-7	-3.86793005E-7	-3.00292969E-1	0.00000000E+0	0.00000000E+0
-2.97851562E-1	-3.86257994E-7	-3.86257994E-7	-2.97851562E-1	0.00000000E+0	0.00000000E+0
-2.95410156E-1	-3.79842987E-7	-3.79842987E-7	-2.95410156E-1	0.00000000E+0	0.00000000E+0
-2.92968750E-1	-3.79842987E-7	-3.79842987E-7	-2.92968750E-1	0.00000000E+0	0.00000000E+0
-2.90527344E-1	-3.79309000E-7	-3.79309000E-7	-2.90527344E-1	0.00000000E+0	0.00000000E+0
-2.88085937E-1	-3.75871991E-7	-3.75871991E-7	-2.88085937E-1	0.00000000E+0	0.00000000E+0
-2.85644531E-1	-3.68846997E-7	-3.68846997E-7	-2.85644531E-1	0.00000000E+0	0.00000000E+0
-2.83203125E-1	-3.67013996E-7	-3.67013996E-7	-2.83203125E-1	0.00000000E+0	0.00000000E+0
-2.80761719E-1	-3.63959003E-7	-3.63959003E-7	-2.80761719E-1	0.00000000E+0	0.00000000E+0
-2.78320312E-1	-3.62278996E-7	-3.62278996E-7	-2.78320312E-1	0.00000000E+0	0.00000000E+0
-2.75878906E-1	-3.59912008E-7	-3.59912008E-7	-2.75878906E-1	0.00000000E+0	0.00000000E+0
-2.73437500E-1	-3.56551993E-7	-3.56551993E-7	-2.73437500E-1	0.00000000E+0	0.00000000E+0
-2.70996094E-1	-3.54413999E-7	-3.54413999E-7	-2.70996094E-1	0.00000000E+0	0.00000000E+0
-2.68554687E-1	-3.50747996E-7	-3.50747996E-7	-2.68554687E-1	0.00000000E+0	0.00000000E+0
-2.66113281E-1	-3.48495007E-7	-3.48495007E-7	-2.66113281E-1	0.00000000E+0	0.00000000E+0
-2.63671875E-1	-3.45020993E-7	-3.45020993E-7	-2.63671875E-1	0.00000000E+0	0.00000000E+0
-2.61230469E-1	-3.41354990E-7	-3.41354990E-7	-2.61230469E-1	0.00000000E+0	0.00000000E+0
-2.58789062E-1	-3.38529986E-7	-3.38529986E-7	-2.58789062E-1	0.00000000E+0	0.00000000E+0
-2.56347656E-1	-3.37612988E-7	-3.37612988E-7	-2.56347656E-1	0.00000000E+0	0.00000000E+0
-2.53906250E-1	-3.36467991E-7	-3.36467991E-7	-2.53906250E-1	0.00000000E+0	0.00000000E+0
-2.51464844E-1	-3.33565993E-7	-3.33565993E-7	-2.51464844E-1	0.00000000E+0	0.00000000E+0
-2.49023437E-1	-3.28754993E-7	-3.28754993E-7	-2.49023437E-1	0.00000000E+0	0.00000000E+0
-2.46582031E-1	-3.24019993E-7	-3.24019993E-7	-2.46582031E-1	0.00000000E+0	0.00000000E+0
-2.44140625E-1	-3.20507013E-7	-3.20507013E-7	-2.44140625E-1	0.00000000E+0	0.00000000E+0
-2.41699219E-1	-3.17911002E-7	-3.17911002E-7	-2.41699219E-1	0.00000000E+0	0.00000000E+0
-2.39257812E-1	-3.14397994E-7	-3.14397994E-7	-2.39257812E-1	0.00000000E+0	0.00000000E+0
-2.36816406E-1	-3.11571995E-7	-3.11571995E-7	-2.36816406E-1	0.00000000E+0	0.00000000E+0
-2.34375000E-1	-3.07067012E-7	-3.07067012E-7	-2.34375000E-1	0.00000000E+0	0.00000000E+0
-2.31933594E-1	-3.04623001E-7	-3.04623001E-7	-2.31933594E-1	0.00000000E+0	0.00000000E+0
-2.29492187E-1	-3.02789999E-7	-3.02789999E-7	-2.29492187E-1	0.00000000E+0	0.00000000E+0
-2.27050781E-1	-2.99964995E-7	-2.99964995E-7	-2.27050781E-1	0.00000000E+0	0.00000000E+0
-2.24609375E-1	-2.96681009E-7	-2.96681009E-7	-2.24609375E-1	0.00000000E+0	0.00000000E+0
-2.22167969E-1	-2.92786012E-7	-2.92786012E-7	-2.22167969E-1	0.00000000E+0	0.00000000E+0
-2.19726562E-1	-2.92213997E-7	-2.92213997E-7	-2.19726562E-1	0.00000000E+0	0.00000000E+0
-2.17285156E-1	-2.88585994E-7	-2.88585994E-7	-2.17285156E-1	0.00000000E+0	0.00000000E+0
-2.14843750E-1	-2.85683996E-7	-2.85683996E-7	-2.14843750E-1	0.00000000E+0	0.00000000E+0
-2.12402344E-1	-2.81101990E-7	-2.81101990E-7	-2.12402344E-1	0.00000000E+0	0.00000000E+0
-2.09960937E-1	-2.77742004E-7	-2.77742004E-7	-2.09960937E-1	0.00000000E+0	0.00000000E+0
-2.07519531E-1	-2.74419989E-7	-2.74419989E-7	-2.07519531E-1	0.00000000E+0	0.00000000E+0
-2.05078125E-1	-2.71174997E-7	-2.71174997E-7	-2.05078125E-1	0.00000000E+0	0.00000000E+0
-2.02636719E-1	-2.67968005E-7	-2.67968005E-7	-2.02636719E-1	0.00000000E+0	0.00000000E+0
-2.00195312E-1	-2.66287998E-7	-2.66287998E-7	-2.00195312E-1	0.00000000E+0	0.00000000E+0
-1.97753906E-1	-2.60865988E-7	-2.60865988E-7	-1.97753906E-1	0.00000000E+0	0.00000000E+0
-1.95312500E-1	-2.56970992E-7	-2.56970992E-7	-1.95312500E-1	0.00000000E+0	0.00000000E+0
-1.92871094E-1	-2.54030994E-7	-2.54030994E-7	-1.92871094E-1	0.00000000E+0	0.00000000E+0
-1.90429687E-1	-2.50862001E-7	-2.50862001E-7	-1.90429687E-1	0.00000000E+0	0.00000000E+0
-1.87988281E-1	-2.48571013E-7	-2.48571013E-7	-1.87988281E-1	0.00000000E+0	0.00000000E+0
-1.85546875E-1	-2.45134004E-7	-2.45134004E-7	-1.85546875E-1	0.00000000E+0	0.00000000E+0
-1.83105469E-1	-2.41697990E-7	-2.41697990E-7	-1.83105469E-1	0.00000000E+0	0.00000000E+0
-1.80664062E-1	-2.39369001E-7	-2.39369001E-7	-1.80664062E-1	0.00000000E+0	0.00000000E+0
-1.78222656E-1	-2.35320996E-7	-2.35320996E-7	-1.78222656E-1	0.00000000E+0	0.00000000E+0
-1.75781250E-1	-2.30929999E-7	-2.30929999E-7	-1.75781250E-1	0.00000000E+0	0.00000000E+0
-1.73339844E-1	-2.28562996E-7	-2.28562996E-7	-1.73339844E-1	0.00000000E+0	0.00000000E+0
-1.70898437E-1	-2.24592000E-7	-2.24592000E-7	-1.70898437E-1	0.00000000E+0	0.00000000E+0
-1.68457031E-1	-2.21969998E-7	-2.21969998E-7	-1.68457031E-1	0.00000000E+0	0.00000000E+0
-1.66015625E-1	-2.18634995E-7	-2.18634995E-7	-1.66015625E-1	0.00000000E+0	0.00000000E+0
-1.63574219E-1	-2.15122000E-7	-2.15122000E-7	-1.63574219E-1	0.00000000E+0	0.00000000E+0
-1.61132812E-1	-2.11838994E-7	-2.11838994E-7	-1.61132812E-1	0.00000000E+0	0.00000000E+0
-1.58691406E-1	-2.06772995E-7	-2.06772995E-7	-1.58691406E-1	0.00000000E+0	0.00000000E+0
-1.56250000E-1	-2.03973002E-7	-2.03973002E-7	-1.56250000E-1	0.00000000E+0	0.00000000E+0
-1.53808594E-1	-2.00664005E-7	-2.00664005E-7	-1.53808594E-1	0.00000000E+0	0.00000000E+0
-1.51367187E-1	-1.97812994E-7	-1.97812994E-7	-1.51367187E-1	0.00000000E+0	0.00000000E+0
-1.48925781E-1	-1.93917998E-7	-1.93917998E-7	-1.48925781E-1	0.00000000E+0	0.00000000E+0
-1.46484375E-1	-1.92008997E-7	-1.92008997E-7	-1.46484375E-1	0.00000000E+0	0.00000000E+0
-1.44042969E-1	-1.87935996E-7	-1.87935996E-7	-1.44042969E-1	0.00000000E+0	0.00000000E+0
-1.41601562E-1	-1.84143005E-7	-1.84143005E-7	-1.41601562E-1	0.00000000E+0	0.00000000E+0
-1.39160156E-1	-1.81331004E-7	-1.81331004E-7	-1.39160156E-1	0.00000000E+0	0.00000000E+0
-1.36718750E-1	-1.78060006E-7	-1.78060006E-7	-1.36718750E-1	0.00000000E+0	0.00000000E+0
-1.34277344E-1	-1.74801002E-7	-1.74801002E-7	-1.34277344E-1	0.00000000E+0	0.00000000E+0
-1.31835937E-1	-1.71338996E-7	-1.71338996E-7	-1.31835937E-1	0.00000000E+0	0.00000000E+0
-1.29394531E-1	-1.69226993E-7	-1.69226993E-7	-1.29394531E-1	0.00000000E+0	0.00000000E+0
-1.26953125E-1	-1.65656004E-7	-1.65656004E-7	-1.26953125E-1	0.00000000E+0	0.00000000E+0
-1.24511719E-1	-1.63213002E-7	-1.63213002E-7	-1.24511719E-1	0.00000000E+0	0.00000000E+0
-1.22070312E-1	-1.59223006E-7	-1.59223006E-7	-1.22070312E-1	0.00000000E+0	0.00000000E+0
-1.19628906E-1	-1.56447996E-7	-1.56447996E-7	-1.19628906E-1	0.00000000E+0	0.00000000E+0
-1.17187500E-1	-1.52826999E-7	-1.52826999E-7	-1.17187500E-1	0.00000000E+0	0.00000000E+0
-1.14746094E-1	-1.49677007E-7	-1.49677007E-7	-1.14746094E-1	0.00000000E+0	0.00000000E+0
-1.12304687E-1	-1.46266004E-7	-1.46266004E-7	-1.12304687E-1	0.00000000E+0	0.00000000E+0
-1.09863281E-1	-1.42828995E-7	-1.42828995E-7	-1.09863281E-1	0.00000000E+0	0.00000000E+0
-1.07421875E-1	-1.39061996E-7	-1.39061996E-7	-1.07421875E-1	0.00000000E+0	0.00000000E+0
-1.04980469E-1	-1.35473002E-7	-1.35473002E-7	-1.04980469E-1	0.00000000E+0	0.00000000E+0
-1.02539062E-1	-1.32571003E-7	-1.32571003E-7	-1.02539062E-1	0.00000000E+0	0.00000000E+0
-1.00097656E-1	-1.30250001E-7	-1.30250001E-7	-1.00097656E-1	0.00000000E+0	0.00000000E+0
-9.76562500E-2	-1.26488999E-7	-1.26488999E-7	-9.76562500E-2	0.00000000E+0	0.00000000E+0
-9.52148438E-2	-1.22372001E-7	-1.22372001E-7	-9.52148438E-2	0.00000000E+0	0.00000000E+0
-9.27734375E-2	-1.19505003E-7	-1.19505003E-7	-9.27734375E-2	0.00000000E+0	0.00000000E+0
-9.03320313E-2	-1.16686998E-7	-1.16686998E-7	-9.03320313E-2	0.00000000E+0	0.00000000E+0
-8.78906250E-2	-1.13094003E-7	-1.13094003E-7	-8.78906250E-2	0.00000000E+0	0.00000000E+0
-8.54492188E-2	-1.09936003E-7	-1.09936003E-7	-8.54492188E-2	0.00000000E+0	0.00000000E+0
-8.30078125E-2	-1.06740004E-7	-1.06740004E-7	-8.30078125E-2	0.00000000E+0	0.00000000E+0
-8.05664063E-2	-1.02803000E-7	-1.02803000E-7	-8.05664063E-2	0.00000000E+0	0.00000000E+0
-7.81250000E-2	-9.92589975E-8	-9.92589975E-8	-7.81250000E-2	0.00000000E+0	0.00000000E+0
-7.56835938E-2	-9.54477031E-8	-9.54477031E-8	-7.56835938E-2	0.00000000E+0	0.00000000E+0
-7.32421875E-2	-9.17625016E-8	-9.17625016E-8	-7.32421875E-2	0.00000000E+0	0.00000000E+0
-7.08007813E-2	-8.78671003E-8	-8.78671003E-8	-7.08007813E-2	0.00000000E+0	0.00000000E+0
-6.83593750E-2	-8.41206997E-8	-8.41206997E-8	-6.83593750E-2	0.00000000E+0	0.00000000E+0
-6.59179688E-2	-8.04470019E-8	-8.04470019E-8	-6.59179688E-2	0.00000000E+0	0.00000000E+0
-6.34765625E-2	-7.66013031E-8	-7.66013031E-8	-6.34765625E-2	0.00000000E+0	0.00000000E+0
-6.10351563E-2	-7.31339966E-8	-7.31339966E-8	-6.10351563E-2	0.00000000E+0	0.00000000E+0
-5.85937500E-2	-6.89059974E-8	-6.89059974E-8	-5.85937500E-2	0.00000000E+0	0.00000000E+0
-5.61523438E-2	-6.62797035E-8	-6.62797035E-8	-5.61523438E-2	0.00000000E+0	0.00000000E+0
-5.37109375E-2	-6.64134987E-8	-6.64134987E-8	-5.37109375E-2	0.00000000E+0	0.00000000E+0
-5.12695313E-2	-7.24802973E-8	-7.24802973E-8	-5.12695313E-2	0.00000000E+0	0.00000000E+0
-4.88281250E-2	-3.94812005E-9	-3.94812005E-9	-4.88281250E-2	0.00000000E+0	0.00000000E+0
-4.63867188E-2	-3.69814002E-9	-3.69814002E-9	-4.63867188E-2	0.00000000E+0	0.00000000E+0
-4.39453125E-2	-9.92344962E-9	-9.92344962E-9	-4.39453125E-2	0.00000000E+0	0.00000000E+0
-4.15039063E-2	-7.53321032E-8	-7.53321032E-8	-4.15039063E-2	0.00000000E+0	0.00000000E+0
-3.90625000E-2	-2.30205004E-7	-2.30205004E-7	-3.90625000E-2	0.00000000E+0	0.00000000E+0
-3.66210938E-2	-3.45708003E-7	-3.45708003E-7	-3.66210938E-2	0.00000000E+0	0.00000000E+0
-3.41796875E-2	-3.39140001E-7	-3.39140001E-7	-3.41796875E-2	0.00000000E+0	0.00000000E+0
-3.17382813E-2	-3.22569008E-7	-3.22569008E-7	-3.17382813E-2	0.00000000E+0	0.00000000E+0
-2.92968750E-2	-2.99964995E-7	-2.99964995E-7	-2.92968750E-2	0.00000000E+0	0.00000000E+0
-2.68554688E-2	-2.72779005E-7	-2.72779005E-7	-2.68554688E-2	0.00000000E+0	0.00000000E+0
-2.44140625E-2	-2.45286998E-7	-2.45286998E-7	-2.44140625E-2	0.00000000E+0	0.00000000E+0
-2.19726563E-2	-2.19398999E-7	-2.19398999E-7	-2.19726563E-2	0.00000000E+0	0.00000000E+0
-1.95312500E-2	-1.93435000E-7	-1.93435000E-7	-1.95312500E-2	0.00000000E+0	0.00000000E+0
-1.70898438E-2	-1.71441002E-7	-1.71441002E-7	-1.70898438E-2	0.00000000E+0	0.00000000E+0
-1.46484375E-2	-1.46749997E-7	-1.46749997E-7	-1.46484375E-2	0.00000000E+0	0.00000000E+0
-1.22070313E-2	-1.23400000E-7	-1.23400000E-7	-1.22070313E-2	0.00000000E+0	0.00000000E+0
-9.76562500E-3	-9.79631025E-8	-9.79631025E-8	-9.76562500E-3	0.00000000E+0	0.00000000E+0
-7.32421875E-3	-7.49153983E-8	-7.49153983E-8	-7.32421875E-3	0.00000000E+0	0.00000000E+0
-4.88281250E-3	-5.07362010E-8	-5.07362010E-8	-4.88281250E-3	0.00000000E+0	0.00000000E+0
-2.44140625E-3	-2.77994001E-8	-2.77994001E-8	-2.44140625E-3	0.00000000E+0	0.00000000E+0
0.00000000E+0	-4.45910020E-9	-4.45910020E-9	0.00000000E+0	0.00000000E+0	0.00000000E+0
