Date: do 28 mrt 2013, Material: Au, Temp: 4.2 K
AO1 - module gain: 1.0E+0, R_out: 0.0
AO2 - module gain: 1.0E+2
MUX1 - ADC gain: 4, logarithmic amplifier: D:\LabVIEW Data\Lithographic MCBJ\MED24_070412.TXT, R_in: 0.000
MUX2 - ADC gain: 4, linear amplifier: 1.000000 x 1e10 V/A, R_in: 1.000
Breaking trace: 15 0
Axis position: -880.854675
Vbias (V)	<I> and Ii MUX1 (A)	Vbias (V)	<I> and Ii MUX2 (A)
@
0.00000000E+0	-2.98765990E-9	-2.98765990E-9	0.00000000E+0	0.00000000E+0	0.00000000E+0
2.44140625E-3	1.11580000E-7	1.11580000E-7	2.44140625E-3	0.00000000E+0	0.00000000E+0
4.88281250E-3	3.27457002E-7	3.27457002E-7	4.88281250E-3	0.00000000E+0	0.00000000E+0
7.32421875E-3	5.35630022E-7	5.35630022E-7	7.32421875E-3	0.00000000E+0	0.00000000E+0
9.76562500E-3	7.52432015E-7	7.52432015E-7	9.76562500E-3	0.00000000E+0	0.00000000E+0
1.22070313E-2	9.60299985E-7	9.60299985E-7	1.22070313E-2	0.00000000E+0	0.00000000E+0
1.46484375E-2	1.17748004E-6	1.17748004E-6	1.46484375E-2	0.00000000E+0	0.00000000E+0
1.70898438E-2	1.38683004E-6	1.38683004E-6	1.70898438E-2	0.00000000E+0	0.00000000E+0
1.95312500E-2	1.60512002E-6	1.60512002E-6	1.95312500E-2	0.00000000E+0	0.00000000E+0
2.19726563E-2	1.81386997E-6	1.81386997E-6	2.19726563E-2	0.00000000E+0	0.00000000E+0
2.44140625E-2	2.02948991E-6	2.02948991E-6	2.44140625E-2	0.00000000E+0	0.00000000E+0
2.68554688E-2	2.24434007E-6	2.24434007E-6	2.68554688E-2	0.00000000E+0	0.00000000E+0
2.92968750E-2	2.46454010E-6	2.46454010E-6	2.92968750E-2	0.00000000E+0	0.00000000E+0
3.17382813E-2	2.67367000E-6	2.67367000E-6	3.17382813E-2	0.00000000E+0	0.00000000E+0
3.41796875E-2	2.89577997E-6	2.89577997E-6	3.41796875E-2	0.00000000E+0	0.00000000E+0
3.66210938E-2	3.10872997E-6	3.10872997E-6	3.66210938E-2	0.00000000E+0	0.00000000E+0
3.90625000E-2	3.33388994E-6	3.33388994E-6	3.90625000E-2	0.00000000E+0	0.00000000E+0
4.15039063E-2	3.54224994E-6	3.54224994E-6	4.15039063E-2	0.00000000E+0	0.00000000E+0
4.39453125E-2	3.76282992E-6	3.76282992E-6	4.39453125E-2	0.00000000E+0	0.00000000E+0
4.63867188E-2	3.97425993E-6	3.97425993E-6	4.63867188E-2	0.00000000E+0	0.00000000E+0
4.88281250E-2	4.19255002E-6	4.19255002E-6	4.88281250E-2	0.00000000E+0	0.00000000E+0
5.12695313E-2	4.40778012E-6	4.40778012E-6	5.12695313E-2	0.00000000E+0	0.00000000E+0
5.37109375E-2	4.62455000E-6	4.62455000E-6	5.37109375E-2	0.00000000E+0	0.00000000E+0
5.61523438E-2	4.83825988E-6	4.83825988E-6	5.61523438E-2	0.00000000E+0	0.00000000E+0
5.85937500E-2	5.06264996E-6	5.06264996E-6	5.85937500E-2	0.00000000E+0	0.00000000E+0
6.10351563E-2	5.27713019E-6	5.27713019E-6	6.10351563E-2	0.00000000E+0	0.00000000E+0
6.34765625E-2	5.49389006E-6	5.49389006E-6	6.34765625E-2	0.00000000E+0	0.00000000E+0
6.59179688E-2	5.70913016E-6	5.70913016E-6	6.59179688E-2	0.00000000E+0	0.00000000E+0
6.83593750E-2	5.93275990E-6	5.93275990E-6	6.83593750E-2	0.00000000E+0	0.00000000E+0
7.08007813E-2	6.14341980E-6	6.14341980E-6	7.08007813E-2	0.00000000E+0	0.00000000E+0
7.32421875E-2	6.36704999E-6	6.36704999E-6	7.32421875E-2	0.00000000E+0	0.00000000E+0
7.56835938E-2	6.58075987E-6	6.58075987E-6	7.56835938E-2	0.00000000E+0	0.00000000E+0
7.81250000E-2	6.80745006E-6	6.80745006E-6	7.81250000E-2	0.00000000E+0	0.00000000E+0
8.05664063E-2	7.01734007E-6	7.01734007E-6	8.05664063E-2	0.00000000E+0	0.00000000E+0
8.30078125E-2	7.23563016E-6	7.23563016E-6	8.30078125E-2	0.00000000E+0	0.00000000E+0
8.54492188E-2	7.44858016E-6	7.44858016E-6	8.54492188E-2	0.00000000E+0	0.00000000E+0
8.78906250E-2	7.67069014E-6	7.67069014E-6	8.78906250E-2	0.00000000E+0	0.00000000E+0
9.03320313E-2	7.88211037E-6	7.88211037E-6	9.03320313E-2	0.00000000E+0	0.00000000E+0
9.27734375E-2	8.10269012E-6	8.10269012E-6	9.27734375E-2	0.00000000E+0	0.00000000E+0
9.52148438E-2	8.31524994E-6	8.31524994E-6	9.52148438E-2	0.00000000E+0	0.00000000E+0
9.76562500E-2	8.53278016E-6	8.53278016E-6	9.76562500E-2	0.00000000E+0	0.00000000E+0
1.00097656E-1	8.75031037E-6	8.75031037E-6	1.00097656E-1	0.00000000E+0	0.00000000E+0
1.02539062E-1	8.96821984E-6	8.96821984E-6	1.02539062E-1	0.00000000E+0	0.00000000E+0
1.04980469E-1	9.17964007E-6	9.17964007E-6	1.04980469E-1	0.00000000E+0	0.00000000E+0
1.07421875E-1	9.40098016E-6	9.40098016E-6	1.07421875E-1	0.00000000E+0	0.00000000E+0
1.09863281E-1	9.61468959E-6	9.61468959E-6	1.09863281E-1	0.00000000E+0	0.00000000E+0
1.12304687E-1	9.83259997E-6	9.83259997E-6	1.12304687E-1	0.00000000E+0	0.00000000E+0
1.14746094E-1	1.00497000E-5	1.00497000E-5	1.14746094E-1	0.00000000E+0	0.00000000E+0
1.17187500E-1	1.02702998E-5	1.02702998E-5	1.17187500E-1	0.00000000E+0	0.00000000E+0
1.19628906E-1	1.04865003E-5	1.04865003E-5	1.19628906E-1	0.00000000E+0	0.00000000E+0
1.22070312E-1	1.07020996E-5	1.07020996E-5	1.22070312E-1	0.00000000E+0	0.00000000E+0
1.24511719E-1	1.09118000E-5	1.09118000E-5	1.24511719E-1	0.00000000E+0	0.00000000E+0
1.26953125E-1	1.11403997E-5	1.11403997E-5	1.26953125E-1	0.00000000E+0	0.00000000E+0
1.29394531E-1	1.13551996E-5	1.13551996E-5	1.29394531E-1	0.00000000E+0	0.00000000E+0
1.31835937E-1	1.15736002E-5	1.15736002E-5	1.31835937E-1	0.00000000E+0	0.00000000E+0
1.34277344E-1	1.17800000E-5	1.17800000E-5	1.34277344E-1	0.00000000E+0	0.00000000E+0
1.36718750E-1	1.20077002E-5	1.20077002E-5	1.36718750E-1	0.00000000E+0	0.00000000E+0
1.39160156E-1	1.22169004E-5	1.22169004E-5	1.39160156E-1	0.00000000E+0	0.00000000E+0
1.41601562E-1	1.24410999E-5	1.24410999E-5	1.41601562E-1	0.00000000E+0	0.00000000E+0
1.44042969E-1	1.26486002E-5	1.26486002E-5	1.44042969E-1	0.00000000E+0	0.00000000E+0
1.46484375E-1	1.28720003E-5	1.28720003E-5	1.46484375E-1	0.00000000E+0	0.00000000E+0
1.48925781E-1	1.30848002E-5	1.30848002E-5	1.48925781E-1	0.00000000E+0	0.00000000E+0
1.51367187E-1	1.33062003E-5	1.33062003E-5	1.51367187E-1	0.00000000E+0	0.00000000E+0
1.53808594E-1	1.35123000E-5	1.35123000E-5	1.53808594E-1	0.00000000E+0	0.00000000E+0
1.56250000E-1	1.37412999E-5	1.37412999E-5	1.56250000E-1	0.00000000E+0	0.00000000E+0
1.58691406E-1	1.39473996E-5	1.39473996E-5	1.58691406E-1	0.00000000E+0	0.00000000E+0
1.61132812E-1	1.41611999E-5	1.41611999E-5	1.61132812E-1	0.00000000E+0	0.00000000E+0
1.63574219E-1	1.43774996E-5	1.43774996E-5	1.63574219E-1	0.00000000E+0	0.00000000E+0
1.66015625E-1	1.45924996E-5	1.45924996E-5	1.66015625E-1	0.00000000E+0	0.00000000E+0
1.68457031E-1	1.48061999E-5	1.48061999E-5	1.68457031E-1	0.00000000E+0	0.00000000E+0
1.70898437E-1	1.50288997E-5	1.50288997E-5	1.70898437E-1	0.00000000E+0	0.00000000E+0
1.73339844E-1	1.52414004E-5	1.52414004E-5	1.73339844E-1	0.00000000E+0	0.00000000E+0
1.75781250E-1	1.54691006E-5	1.54691006E-5	1.75781250E-1	0.00000000E+0	0.00000000E+0
1.78222656E-1	1.56689002E-5	1.56689002E-5	1.78222656E-1	0.00000000E+0	0.00000000E+0
1.80664062E-1	1.58889998E-5	1.58889998E-5	1.80664062E-1	0.00000000E+0	0.00000000E+0
1.83105469E-1	1.61002008E-5	1.61002008E-5	1.83105469E-1	0.00000000E+0	0.00000000E+0
1.85546875E-1	1.63215991E-5	1.63215991E-5	1.85546875E-1	0.00000000E+0	0.00000000E+0
1.87988281E-1	1.65276997E-5	1.65276997E-5	1.87988281E-1	0.00000000E+0	0.00000000E+0
1.90429687E-1	1.67490998E-5	1.67490998E-5	1.90429687E-1	0.00000000E+0	0.00000000E+0
1.92871094E-1	1.69629002E-5	1.69629002E-5	1.92871094E-1	0.00000000E+0	0.00000000E+0
1.95312500E-1	1.71881002E-5	1.71881002E-5	1.95312500E-1	0.00000000E+0	0.00000000E+0
1.97753906E-1	1.73998997E-5	1.73998997E-5	1.97753906E-1	0.00000000E+0	0.00000000E+0
2.00195312E-1	1.76156009E-5	1.76156009E-5	2.00195312E-1	0.00000000E+0	0.00000000E+0
2.02636719E-1	1.78204009E-5	1.78204009E-5	2.02636719E-1	0.00000000E+0	0.00000000E+0
2.05078125E-1	1.80392999E-5	1.80392999E-5	2.05078125E-1	0.00000000E+0	0.00000000E+0
2.07519531E-1	1.82478998E-5	1.82478998E-5	2.07519531E-1	0.00000000E+0	0.00000000E+0
2.09960937E-1	1.84820001E-5	1.84820001E-5	2.09960937E-1	0.00000000E+0	0.00000000E+0
2.12402344E-1	1.86958005E-5	1.86958005E-5	2.12402344E-1	0.00000000E+0	0.00000000E+0
2.14843750E-1	1.89095008E-5	1.89095008E-5	2.14843750E-1	0.00000000E+0	0.00000000E+0
2.17285156E-1	1.91117997E-5	1.91117997E-5	2.17285156E-1	0.00000000E+0	0.00000000E+0
2.19726562E-1	1.93345004E-5	1.93345004E-5	2.19726562E-1	0.00000000E+0	0.00000000E+0
2.22167969E-1	1.95456996E-5	1.95456996E-5	2.22167969E-1	0.00000000E+0	0.00000000E+0
2.24609375E-1	1.97646004E-5	1.97646004E-5	2.24609375E-1	0.00000000E+0	0.00000000E+0
2.27050781E-1	1.99859005E-5	1.99859005E-5	2.27050781E-1	0.00000000E+0	0.00000000E+0
2.29492187E-1	2.02047995E-5	2.02047995E-5	2.29492187E-1	0.00000000E+0	0.00000000E+0
2.31933594E-1	2.04249009E-5	2.04249009E-5	2.31933594E-1	0.00000000E+0	0.00000000E+0
2.34375000E-1	2.06450004E-5	2.06450004E-5	2.34375000E-1	0.00000000E+0	0.00000000E+0
2.36816406E-1	2.08523998E-5	2.08523998E-5	2.36816406E-1	0.00000000E+0	0.00000000E+0
2.39257812E-1	2.10662001E-5	2.10662001E-5	2.39257812E-1	0.00000000E+0	0.00000000E+0
2.41699219E-1	2.12685009E-5	2.12685009E-5	2.41699219E-1	0.00000000E+0	0.00000000E+0
2.44140625E-1	2.14937008E-5	2.14937008E-5	2.44140625E-1	0.00000000E+0	0.00000000E+0
2.46582031E-1	2.17073994E-5	2.17073994E-5	2.46582031E-1	0.00000000E+0	0.00000000E+0
2.49023437E-1	2.19211997E-5	2.19211997E-5	2.49023437E-1	0.00000000E+0	0.00000000E+0
2.51464844E-1	2.21311002E-5	2.21311002E-5	2.51464844E-1	0.00000000E+0	0.00000000E+0
2.53906250E-1	2.23487004E-5	2.23487004E-5	2.53906250E-1	0.00000000E+0	0.00000000E+0
2.56347656E-1	2.25624008E-5	2.25624008E-5	2.56347656E-1	0.00000000E+0	0.00000000E+0
2.58789062E-1	2.27799992E-5	2.27799992E-5	2.58789062E-1	0.00000000E+0	0.00000000E+0
2.61230469E-1	2.29785001E-5	2.29785001E-5	2.61230469E-1	0.00000000E+0	0.00000000E+0
2.63671875E-1	2.31922004E-5	2.31922004E-5	2.63671875E-1	0.00000000E+0	0.00000000E+0
2.66113281E-1	2.34175004E-5	2.34175004E-5	2.66113281E-1	0.00000000E+0	0.00000000E+0
2.68554687E-1	2.36376000E-5	2.36376000E-5	2.68554687E-1	0.00000000E+0	0.00000000E+0
2.70996094E-1	2.38564007E-5	2.38564007E-5	2.70996094E-1	0.00000000E+0	0.00000000E+0
2.73437500E-1	2.40701993E-5	2.40701993E-5	2.73437500E-1	0.00000000E+0	0.00000000E+0
2.75878906E-1	2.42800998E-5	2.42800998E-5	2.75878906E-1	0.00000000E+0	0.00000000E+0
2.78320312E-1	2.44925996E-5	2.44925996E-5	2.78320312E-1	0.00000000E+0	0.00000000E+0
2.80761719E-1	2.47000007E-5	2.47000007E-5	2.80761719E-1	0.00000000E+0	0.00000000E+0
2.83203125E-1	2.49252007E-5	2.49252007E-5	2.83203125E-1	0.00000000E+0	0.00000000E+0
2.85644531E-1	2.51388992E-5	2.51388992E-5	2.85644531E-1	0.00000000E+0	0.00000000E+0
2.88085937E-1	2.53602993E-5	2.53602993E-5	2.88085937E-1	0.00000000E+0	0.00000000E+0
2.90527344E-1	2.55854993E-5	2.55854993E-5	2.90527344E-1	0.00000000E+0	0.00000000E+0
2.92968750E-1	2.57802003E-5	2.57802003E-5	2.92968750E-1	0.00000000E+0	0.00000000E+0
2.95410156E-1	2.59939006E-5	2.59939006E-5	2.95410156E-1	0.00000000E+0	0.00000000E+0
2.97851562E-1	2.62230005E-5	2.62230005E-5	2.97851562E-1	0.00000000E+0	0.00000000E+0
3.00292969E-1	2.64214996E-5	2.64214996E-5	3.00292969E-1	0.00000000E+0	0.00000000E+0
3.02734375E-1	2.66580992E-5	2.66580992E-5	3.02734375E-1	0.00000000E+0	0.00000000E+0
3.05175781E-1	2.68490003E-5	2.68490003E-5	3.05175781E-1	0.00000000E+0	0.00000000E+0
3.07617187E-1	2.70703003E-5	2.70703003E-5	3.07617187E-1	0.00000000E+0	0.00000000E+0
3.10058594E-1	2.72841007E-5	2.72841007E-5	3.10058594E-1	0.00000000E+0	0.00000000E+0
3.12500000E-1	2.75131006E-5	2.75131006E-5	3.12500000E-1	0.00000000E+0	0.00000000E+0
3.14941406E-1	2.77115996E-5	2.77115996E-5	3.14941406E-1	0.00000000E+0	0.00000000E+0
3.17382812E-1	2.79559008E-5	2.79559008E-5	3.17382812E-1	0.00000000E+0	0.00000000E+0
3.19824219E-1	2.81391003E-5	2.81391003E-5	3.19824219E-1	0.00000000E+0	0.00000000E+0
3.22265625E-1	2.83529007E-5	2.83529007E-5	3.22265625E-1	0.00000000E+0	0.00000000E+0
3.24707031E-1	2.85589995E-5	2.85589995E-5	3.24707031E-1	0.00000000E+0	0.00000000E+0
3.27148437E-1	2.87803996E-5	2.87803996E-5	3.27148437E-1	0.00000000E+0	0.00000000E+0
3.29589844E-1	2.89940999E-5	2.89940999E-5	3.29589844E-1	0.00000000E+0	0.00000000E+0
3.32031250E-1	2.92383993E-5	2.92383993E-5	3.32031250E-1	0.00000000E+0	0.00000000E+0
3.34472656E-1	2.94521997E-5	2.94521997E-5	3.34472656E-1	0.00000000E+0	0.00000000E+0
3.36914062E-1	2.96659000E-5	2.96659000E-5	3.36914062E-1	0.00000000E+0	0.00000000E+0
3.39355469E-1	2.98873001E-5	2.98873001E-5	3.39355469E-1	0.00000000E+0	0.00000000E+0
3.41796875E-1	3.01011005E-5	3.01011005E-5	3.41796875E-1	0.00000000E+0	0.00000000E+0
3.44238281E-1	3.03148008E-5	3.03148008E-5	3.44238281E-1	0.00000000E+0	0.00000000E+0
3.46679687E-1	3.05208996E-5	3.05208996E-5	3.46679687E-1	0.00000000E+0	0.00000000E+0
3.49121094E-1	3.07422997E-5	3.07422997E-5	3.49121094E-1	0.00000000E+0	0.00000000E+0
3.51562500E-1	3.09712996E-5	3.09712996E-5	3.51562500E-1	0.00000000E+0	0.00000000E+0
3.54003906E-1	3.11775002E-5	3.11775002E-5	3.54003906E-1	0.00000000E+0	0.00000000E+0
3.56445312E-1	3.14065001E-5	3.14065001E-5	3.56445312E-1	0.00000000E+0	0.00000000E+0
3.58886719E-1	3.16049991E-5	3.16049991E-5	3.58886719E-1	0.00000000E+0	0.00000000E+0
3.61328125E-1	3.18302009E-5	3.18302009E-5	3.61328125E-1	0.00000000E+0	0.00000000E+0
3.63769531E-1	3.20325016E-5	3.20325016E-5	3.63769531E-1	0.00000000E+0	0.00000000E+0
3.66210937E-1	3.22691012E-5	3.22691012E-5	3.66210937E-1	0.00000000E+0	0.00000000E+0
3.68652344E-1	3.24829016E-5	3.24829016E-5	3.68652344E-1	0.00000000E+0	0.00000000E+0
3.71093750E-1	3.26966001E-5	3.26966001E-5	3.71093750E-1	0.00000000E+0	0.00000000E+0
3.73535156E-1	3.29104005E-5	3.29104005E-5	3.73535156E-1	0.00000000E+0	0.00000000E+0
3.75976562E-1	3.31240990E-5	3.31240990E-5	3.75976562E-1	0.00000000E+0	0.00000000E+0
3.78417969E-1	3.33493990E-5	3.33493990E-5	3.78417969E-1	0.00000000E+0	0.00000000E+0
3.80859375E-1	3.35746008E-5	3.35746008E-5	3.80859375E-1	0.00000000E+0	0.00000000E+0
3.83300781E-1	3.37769015E-5	3.37769015E-5	3.83300781E-1	0.00000000E+0	0.00000000E+0
3.85742187E-1	3.40096994E-5	3.40096994E-5	3.85742187E-1	0.00000000E+0	0.00000000E+0
3.88183594E-1	3.42234998E-5	3.42234998E-5	3.88183594E-1	0.00000000E+0	0.00000000E+0
3.90625000E-1	3.44487016E-5	3.44487016E-5	3.90625000E-1	0.00000000E+0	0.00000000E+0
3.93066406E-1	3.46509987E-5	3.46509987E-5	3.93066406E-1	0.00000000E+0	0.00000000E+0
3.95507812E-1	3.48799986E-5	3.48799986E-5	3.95507812E-1	0.00000000E+0	0.00000000E+0
3.97949219E-1	3.51089984E-5	3.51089984E-5	3.97949219E-1	0.00000000E+0	0.00000000E+0
4.00390625E-1	3.53075011E-5	3.53075011E-5	4.00390625E-1	0.00000000E+0	0.00000000E+0
4.02832031E-1	3.55250995E-5	3.55250995E-5	4.02832031E-1	0.00000000E+0	0.00000000E+0
4.05273437E-1	3.57388017E-5	3.57388017E-5	4.05273437E-1	0.00000000E+0	0.00000000E+0
4.07714844E-1	3.59564001E-5	3.59564001E-5	4.07714844E-1	0.00000000E+0	0.00000000E+0
4.10156250E-1	3.61778002E-5	3.61778002E-5	4.10156250E-1	0.00000000E+0	0.00000000E+0
4.12597656E-1	3.63914987E-5	3.63914987E-5	4.12597656E-1	0.00000000E+0	0.00000000E+0
4.15039062E-1	3.66052991E-5	3.66052991E-5	4.15039062E-1	0.00000000E+0	0.00000000E+0
4.17480469E-1	3.68190013E-5	3.68190013E-5	4.17480469E-1	0.00000000E+0	0.00000000E+0
4.19921875E-1	3.70632988E-5	3.70632988E-5	4.19921875E-1	0.00000000E+0	0.00000000E+0
4.22363281E-1	3.72465001E-5	3.72465001E-5	4.22363281E-1	0.00000000E+0	0.00000000E+0
4.24804687E-1	3.74679003E-5	3.74679003E-5	4.24804687E-1	0.00000000E+0	0.00000000E+0
4.27246094E-1	3.76739990E-5	3.76739990E-5	4.27246094E-1	0.00000000E+0	0.00000000E+0
4.29687500E-1	3.78953991E-5	3.78953991E-5	4.29687500E-1	0.00000000E+0	0.00000000E+0
4.32128906E-1	3.81397003E-5	3.81397003E-5	4.32128906E-1	0.00000000E+0	0.00000000E+0
4.34570312E-1	3.83457991E-5	3.83457991E-5	4.34570312E-1	0.00000000E+0	0.00000000E+0
4.37011719E-1	3.85290987E-5	3.85290987E-5	4.37011719E-1	0.00000000E+0	0.00000000E+0
4.39453125E-1	3.87504006E-5	3.87504006E-5	4.39453125E-1	0.00000000E+0	0.00000000E+0
4.41894531E-1	3.89642009E-5	3.89642009E-5	4.41894531E-1	0.00000000E+0	0.00000000E+0
4.44335937E-1	3.92084985E-5	3.92084985E-5	4.44335937E-1	0.00000000E+0	0.00000000E+0
4.46777344E-1	3.94298986E-5	3.94298986E-5	4.46777344E-1	0.00000000E+0	0.00000000E+0
4.49218750E-1	3.96551004E-5	3.96551004E-5	4.49218750E-1	0.00000000E+0	0.00000000E+0
4.51660156E-1	3.98496995E-5	3.98496995E-5	4.51660156E-1	0.00000000E+0	0.00000000E+0
4.54101562E-1	4.00559002E-5	4.00559002E-5	4.54101562E-1	0.00000000E+0	0.00000000E+0
4.56542969E-1	4.02773003E-5	4.02773003E-5	4.56542969E-1	0.00000000E+0	0.00000000E+0
4.58984375E-1	4.05214996E-5	4.05214996E-5	4.58984375E-1	0.00000000E+0	0.00000000E+0
4.61425781E-1	4.07047992E-5	4.07047992E-5	4.61425781E-1	0.00000000E+0	0.00000000E+0
4.63867187E-1	4.09491004E-5	4.09491004E-5	4.63867187E-1	0.00000000E+0	0.00000000E+0
4.66308594E-1	4.11857000E-5	4.11857000E-5	4.66308594E-1	0.00000000E+0	0.00000000E+0
4.68750000E-1	4.14071001E-5	4.14071001E-5	4.68750000E-1	0.00000000E+0	0.00000000E+0
4.71191406E-1	4.16436997E-5	4.16436997E-5	4.71191406E-1	0.00000000E+0	0.00000000E+0
4.73632812E-1	4.18345990E-5	4.18345990E-5	4.73632812E-1	0.00000000E+0	0.00000000E+0
4.76074219E-1	4.20635988E-5	4.20635988E-5	4.76074219E-1	0.00000000E+0	0.00000000E+0
4.78515625E-1	4.22621015E-5	4.22621015E-5	4.78515625E-1	0.00000000E+0	0.00000000E+0
4.80957031E-1	4.25063990E-5	4.25063990E-5	4.80957031E-1	0.00000000E+0	0.00000000E+0
4.83398437E-1	4.26896004E-5	4.26896004E-5	4.83398437E-1	0.00000000E+0	0.00000000E+0
4.85839844E-1	4.29339016E-5	4.29339016E-5	4.85839844E-1	0.00000000E+0	0.00000000E+0
4.88281250E-1	4.31553017E-5	4.31553017E-5	4.88281250E-1	0.00000000E+0	0.00000000E+0
4.90722656E-1	4.33995992E-5	4.33995992E-5	4.90722656E-1	0.00000000E+0	0.00000000E+0
4.93164062E-1	4.35828006E-5	4.35828006E-5	4.93164062E-1	0.00000000E+0	0.00000000E+0
4.90722656E-1	4.33995992E-5	4.33995992E-5	4.90722656E-1	0.00000000E+0	0.00000000E+0
4.88281250E-1	4.31553017E-5	4.31553017E-5	4.88281250E-1	0.00000000E+0	0.00000000E+0
4.85839844E-1	4.29339016E-5	4.29339016E-5	4.85839844E-1	0.00000000E+0	0.00000000E+0
4.83398437E-1	4.27277992E-5	4.27277992E-5	4.83398437E-1	0.00000000E+0	0.00000000E+0
4.80957031E-1	4.25063990E-5	4.25063990E-5	4.80957031E-1	0.00000000E+0	0.00000000E+0
4.78515625E-1	4.22621015E-5	4.22621015E-5	4.78515625E-1	0.00000000E+0	0.00000000E+0
4.76074219E-1	4.20635988E-5	4.20635988E-5	4.76074219E-1	0.00000000E+0	0.00000000E+0
4.73632812E-1	4.18345990E-5	4.18345990E-5	4.73632812E-1	0.00000000E+0	0.00000000E+0
4.71191406E-1	4.16436997E-5	4.16436997E-5	4.71191406E-1	0.00000000E+0	0.00000000E+0
4.68750000E-1	4.14071001E-5	4.14071001E-5	4.68750000E-1	0.00000000E+0	0.00000000E+0
4.66308594E-1	4.11857000E-5	4.11857000E-5	4.66308594E-1	0.00000000E+0	0.00000000E+0
4.63867187E-1	4.09491004E-5	4.09491004E-5	4.63867187E-1	0.00000000E+0	0.00000000E+0
4.61425781E-1	4.07277003E-5	4.07277003E-5	4.61425781E-1	0.00000000E+0	0.00000000E+0
4.58984375E-1	4.05214996E-5	4.05214996E-5	4.58984375E-1	0.00000000E+0	0.00000000E+0
4.56542969E-1	4.02773003E-5	4.02773003E-5	4.56542969E-1	0.00000000E+0	0.00000000E+0
4.54101562E-1	4.00864010E-5	4.00864010E-5	4.54101562E-1	0.00000000E+0	0.00000000E+0
4.51660156E-1	3.98496995E-5	3.98496995E-5	4.51660156E-1	0.00000000E+0	0.00000000E+0
4.49218750E-1	3.96284013E-5	3.96284013E-5	4.49218750E-1	0.00000000E+0	0.00000000E+0
4.46777344E-1	3.94298986E-5	3.94298986E-5	4.46777344E-1	0.00000000E+0	0.00000000E+0
4.44335937E-1	3.92084985E-5	3.92084985E-5	4.44335937E-1	0.00000000E+0	0.00000000E+0
4.41894531E-1	3.89642009E-5	3.89642009E-5	4.41894531E-1	0.00000000E+0	0.00000000E+0
4.39453125E-1	3.87504006E-5	3.87504006E-5	4.39453125E-1	0.00000000E+0	0.00000000E+0
4.37011719E-1	3.85290987E-5	3.85290987E-5	4.37011719E-1	0.00000000E+0	0.00000000E+0
4.34570312E-1	3.83152983E-5	3.83152983E-5	4.34570312E-1	0.00000000E+0	0.00000000E+0
4.32128906E-1	3.81397003E-5	3.81397003E-5	4.32128906E-1	0.00000000E+0	0.00000000E+0
4.29687500E-1	3.78953991E-5	3.78953991E-5	4.29687500E-1	0.00000000E+0	0.00000000E+0
4.27246094E-1	3.76739990E-5	3.76739990E-5	4.27246094E-1	0.00000000E+0	0.00000000E+0
4.24804687E-1	3.74679003E-5	3.74679003E-5	4.24804687E-1	0.00000000E+0	0.00000000E+0
4.22363281E-1	3.72465001E-5	3.72465001E-5	4.22363281E-1	0.00000000E+0	0.00000000E+0
4.19921875E-1	3.70632988E-5	3.70632988E-5	4.19921875E-1	0.00000000E+0	0.00000000E+0
4.17480469E-1	3.68190013E-5	3.68190013E-5	4.17480469E-1	0.00000000E+0	0.00000000E+0
4.15039062E-1	3.66357999E-5	3.66357999E-5	4.15039062E-1	0.00000000E+0	0.00000000E+0
4.12597656E-1	3.64068001E-5	3.64068001E-5	4.12597656E-1	0.00000000E+0	0.00000000E+0
4.10156250E-1	3.62083010E-5	3.62083010E-5	4.10156250E-1	0.00000000E+0	0.00000000E+0
4.07714844E-1	3.59564001E-5	3.59564001E-5	4.07714844E-1	0.00000000E+0	0.00000000E+0
4.05273437E-1	3.57579011E-5	3.57579011E-5	4.05273437E-1	0.00000000E+0	0.00000000E+0
4.02832031E-1	3.55365009E-5	3.55365009E-5	4.02832031E-1	0.00000000E+0	0.00000000E+0
4.00390625E-1	3.53075011E-5	3.53075011E-5	4.00390625E-1	0.00000000E+0	0.00000000E+0
3.97949219E-1	3.51089984E-5	3.51089984E-5	3.97949219E-1	0.00000000E+0	0.00000000E+0
3.95507812E-1	3.48799986E-5	3.48799986E-5	3.95507812E-1	0.00000000E+0	0.00000000E+0
3.93066406E-1	3.46509987E-5	3.46509987E-5	3.93066406E-1	0.00000000E+0	0.00000000E+0
3.90625000E-1	3.44487016E-5	3.44487016E-5	3.90625000E-1	0.00000000E+0	0.00000000E+0
3.88183594E-1	3.42234998E-5	3.42234998E-5	3.88183594E-1	0.00000000E+0	0.00000000E+0
3.85742187E-1	3.40096994E-5	3.40096994E-5	3.85742187E-1	0.00000000E+0	0.00000000E+0
3.83300781E-1	3.37769015E-5	3.37769015E-5	3.83300781E-1	0.00000000E+0	0.00000000E+0
3.80859375E-1	3.35746008E-5	3.35746008E-5	3.80859375E-1	0.00000000E+0	0.00000000E+0
3.78417969E-1	3.33493990E-5	3.33493990E-5	3.78417969E-1	0.00000000E+0	0.00000000E+0
3.75976562E-1	3.31240990E-5	3.31240990E-5	3.75976562E-1	0.00000000E+0	0.00000000E+0
3.73535156E-1	3.29294999E-5	3.29294999E-5	3.73535156E-1	0.00000000E+0	0.00000000E+0
3.71093750E-1	3.26966001E-5	3.26966001E-5	3.71093750E-1	0.00000000E+0	0.00000000E+0
3.68652344E-1	3.24981993E-5	3.24981993E-5	3.68652344E-1	0.00000000E+0	0.00000000E+0
3.66210937E-1	3.22691012E-5	3.22691012E-5	3.66210937E-1	0.00000000E+0	0.00000000E+0
3.63769531E-1	3.20629988E-5	3.20629988E-5	3.63769531E-1	0.00000000E+0	0.00000000E+0
3.61328125E-1	3.18493003E-5	3.18493003E-5	3.61328125E-1	0.00000000E+0	0.00000000E+0
3.58886719E-1	3.16354999E-5	3.16354999E-5	3.58886719E-1	0.00000000E+0	0.00000000E+0
3.56445312E-1	3.14065001E-5	3.14065001E-5	3.56445312E-1	0.00000000E+0	0.00000000E+0
3.54003906E-1	3.11775002E-5	3.11775002E-5	3.54003906E-1	0.00000000E+0	0.00000000E+0
3.51562500E-1	3.09712996E-5	3.09712996E-5	3.51562500E-1	0.00000000E+0	0.00000000E+0
3.49121094E-1	3.07422997E-5	3.07422997E-5	3.49121094E-1	0.00000000E+0	0.00000000E+0
3.46679687E-1	3.05590984E-5	3.05590984E-5	3.46679687E-1	0.00000000E+0	0.00000000E+0
3.44238281E-1	3.03148008E-5	3.03148008E-5	3.44238281E-1	0.00000000E+0	0.00000000E+0
3.41796875E-1	3.01011005E-5	3.01011005E-5	3.41796875E-1	0.00000000E+0	0.00000000E+0
3.39355469E-1	2.98987998E-5	2.98987998E-5	3.39355469E-1	0.00000000E+0	0.00000000E+0
3.36914062E-1	2.96659000E-5	2.96659000E-5	3.36914062E-1	0.00000000E+0	0.00000000E+0
3.34472656E-1	2.94521997E-5	2.94521997E-5	3.34472656E-1	0.00000000E+0	0.00000000E+0
3.32031250E-1	2.92383993E-5	2.92383993E-5	3.32031250E-1	0.00000000E+0	0.00000000E+0
3.29589844E-1	2.90247008E-5	2.90247008E-5	3.29589844E-1	0.00000000E+0	0.00000000E+0
3.27148437E-1	2.88109004E-5	2.88109004E-5	3.27148437E-1	0.00000000E+0	0.00000000E+0
3.24707031E-1	2.85589995E-5	2.85589995E-5	3.24707031E-1	0.00000000E+0	0.00000000E+0
3.22265625E-1	2.83833997E-5	2.83833997E-5	3.22265625E-1	0.00000000E+0	0.00000000E+0
3.19824219E-1	2.81391003E-5	2.81391003E-5	3.19824219E-1	0.00000000E+0	0.00000000E+0
3.17382812E-1	2.79559008E-5	2.79559008E-5	3.17382812E-1	0.00000000E+0	0.00000000E+0
3.14941406E-1	2.77421004E-5	2.77421004E-5	3.14941406E-1	0.00000000E+0	0.00000000E+0
3.12500000E-1	2.75284001E-5	2.75284001E-5	3.12500000E-1	0.00000000E+0	0.00000000E+0
3.10058594E-1	2.73032001E-5	2.73032001E-5	3.10058594E-1	0.00000000E+0	0.00000000E+0
3.07617187E-1	2.70855999E-5	2.70855999E-5	3.07617187E-1	0.00000000E+0	0.00000000E+0
3.05175781E-1	2.68679996E-5	2.68679996E-5	3.05175781E-1	0.00000000E+0	0.00000000E+0
3.02734375E-1	2.66580992E-5	2.66580992E-5	3.02734375E-1	0.00000000E+0	0.00000000E+0
3.00292969E-1	2.64405007E-5	2.64405007E-5	3.00292969E-1	0.00000000E+0	0.00000000E+0
2.97851562E-1	2.62230005E-5	2.62230005E-5	2.97851562E-1	0.00000000E+0	0.00000000E+0
2.95410156E-1	2.60092002E-5	2.60092002E-5	2.95410156E-1	0.00000000E+0	0.00000000E+0
2.92968750E-1	2.58106993E-5	2.58106993E-5	2.92968750E-1	0.00000000E+0	0.00000000E+0
2.90527344E-1	2.55854993E-5	2.55854993E-5	2.90527344E-1	0.00000000E+0	0.00000000E+0
2.88085937E-1	2.53718008E-5	2.53718008E-5	2.88085937E-1	0.00000000E+0	0.00000000E+0
2.85644531E-1	2.51388992E-5	2.51388992E-5	2.85644531E-1	0.00000000E+0	0.00000000E+0
2.83203125E-1	2.49404002E-5	2.49404002E-5	2.83203125E-1	0.00000000E+0	0.00000000E+0
2.80761719E-1	2.47191001E-5	2.47191001E-5	2.80761719E-1	0.00000000E+0	0.00000000E+0
2.78320312E-1	2.45052997E-5	2.45052997E-5	2.78320312E-1	0.00000000E+0	0.00000000E+0
2.75878906E-1	2.42915994E-5	2.42915994E-5	2.75878906E-1	0.00000000E+0	0.00000000E+0
2.73437500E-1	2.40854006E-5	2.40854006E-5	2.73437500E-1	0.00000000E+0	0.00000000E+0
2.70996094E-1	2.38690991E-5	2.38690991E-5	2.70996094E-1	0.00000000E+0	0.00000000E+0
2.68554687E-1	2.36376000E-5	2.36376000E-5	2.68554687E-1	0.00000000E+0	0.00000000E+0
2.66113281E-1	2.34289000E-5	2.34289000E-5	2.66113281E-1	0.00000000E+0	0.00000000E+0
2.63671875E-1	2.32074999E-5	2.32074999E-5	2.63671875E-1	0.00000000E+0	0.00000000E+0
2.61230469E-1	2.30013993E-5	2.30013993E-5	2.61230469E-1	0.00000000E+0	0.00000000E+0
2.58789062E-1	2.27953005E-5	2.27953005E-5	2.58789062E-1	0.00000000E+0	0.00000000E+0
2.56347656E-1	2.25739004E-5	2.25739004E-5	2.56347656E-1	0.00000000E+0	0.00000000E+0
2.53906250E-1	2.23677998E-5	2.23677998E-5	2.53906250E-1	0.00000000E+0	0.00000000E+0
2.51464844E-1	2.21311002E-5	2.21311002E-5	2.51464844E-1	0.00000000E+0	0.00000000E+0
2.49023437E-1	2.19402991E-5	2.19402991E-5	2.49023437E-1	0.00000000E+0	0.00000000E+0
2.46582031E-1	2.17189008E-5	2.17189008E-5	2.46582031E-1	0.00000000E+0	0.00000000E+0
2.44140625E-1	2.15128002E-5	2.15128002E-5	2.44140625E-1	0.00000000E+0	0.00000000E+0
2.41699219E-1	2.12837003E-5	2.12837003E-5	2.41699219E-1	0.00000000E+0	0.00000000E+0
2.39257812E-1	2.10851995E-5	2.10851995E-5	2.39257812E-1	0.00000000E+0	0.00000000E+0
2.36816406E-1	2.08638994E-5	2.08638994E-5	2.36816406E-1	0.00000000E+0	0.00000000E+0
2.34375000E-1	2.06577006E-5	2.06577006E-5	2.34375000E-1	0.00000000E+0	0.00000000E+0
2.31933594E-1	2.04364005E-5	2.04364005E-5	2.31933594E-1	0.00000000E+0	0.00000000E+0
2.29492187E-1	2.02174997E-5	2.02174997E-5	2.29492187E-1	0.00000000E+0	0.00000000E+0
2.27050781E-1	1.99974002E-5	1.99974002E-5	2.27050781E-1	0.00000000E+0	0.00000000E+0
2.24609375E-1	1.97773006E-5	1.97773006E-5	2.24609375E-1	0.00000000E+0	0.00000000E+0
2.22167969E-1	1.95583998E-5	1.95583998E-5	2.22167969E-1	0.00000000E+0	0.00000000E+0
2.19726562E-1	1.93446995E-5	1.93446995E-5	2.19726562E-1	0.00000000E+0	0.00000000E+0
2.17285156E-1	1.91308991E-5	1.91308991E-5	2.17285156E-1	0.00000000E+0	0.00000000E+0
2.14843750E-1	1.89248003E-5	1.89248003E-5	2.14843750E-1	0.00000000E+0	0.00000000E+0
2.12402344E-1	1.87111000E-5	1.87111000E-5	2.12402344E-1	0.00000000E+0	0.00000000E+0
2.09960937E-1	1.84921992E-5	1.84921992E-5	2.09960937E-1	0.00000000E+0	0.00000000E+0
2.07519531E-1	1.82581007E-5	1.82581007E-5	2.07519531E-1	0.00000000E+0	0.00000000E+0
2.05078125E-1	1.80544994E-5	1.80544994E-5	2.05078125E-1	0.00000000E+0	0.00000000E+0
2.02636719E-1	1.78306000E-5	1.78306000E-5	2.02636719E-1	0.00000000E+0	0.00000000E+0
2.00195312E-1	1.76156009E-5	1.76156009E-5	2.00195312E-1	0.00000000E+0	0.00000000E+0
1.97753906E-1	1.73998997E-5	1.73998997E-5	1.97753906E-1	0.00000000E+0	0.00000000E+0
1.95312500E-1	1.71881002E-5	1.71881002E-5	1.95312500E-1	0.00000000E+0	0.00000000E+0
1.92871094E-1	1.69729992E-5	1.69729992E-5	1.92871094E-1	0.00000000E+0	0.00000000E+0
1.90429687E-1	1.67605995E-5	1.67605995E-5	1.90429687E-1	0.00000000E+0	0.00000000E+0
1.87988281E-1	1.65276997E-5	1.65276997E-5	1.87988281E-1	0.00000000E+0	0.00000000E+0
1.85546875E-1	1.63215991E-5	1.63215991E-5	1.85546875E-1	0.00000000E+0	0.00000000E+0
1.83105469E-1	1.61002008E-5	1.61002008E-5	1.83105469E-1	0.00000000E+0	0.00000000E+0
1.80664062E-1	1.59017000E-5	1.59017000E-5	1.80664062E-1	0.00000000E+0	0.00000000E+0
1.78222656E-1	1.56802998E-5	1.56802998E-5	1.78222656E-1	0.00000000E+0	0.00000000E+0
1.75781250E-1	1.54691006E-5	1.54691006E-5	1.75781250E-1	0.00000000E+0	0.00000000E+0
1.73339844E-1	1.52528000E-5	1.52528000E-5	1.73339844E-1	0.00000000E+0	0.00000000E+0
1.70898437E-1	1.50390997E-5	1.50390997E-5	1.70898437E-1	0.00000000E+0	0.00000000E+0
1.68457031E-1	1.48176996E-5	1.48176996E-5	1.68457031E-1	0.00000000E+0	0.00000000E+0
1.66015625E-1	1.46020002E-5	1.46020002E-5	1.66015625E-1	0.00000000E+0	0.00000000E+0
1.63574219E-1	1.43875995E-5	1.43875995E-5	1.63574219E-1	0.00000000E+0	0.00000000E+0
1.61132812E-1	1.41687997E-5	1.41687997E-5	1.61132812E-1	0.00000000E+0	0.00000000E+0
1.58691406E-1	1.39550002E-5	1.39550002E-5	1.58691406E-1	0.00000000E+0	0.00000000E+0
1.56250000E-1	1.37488996E-5	1.37488996E-5	1.56250000E-1	0.00000000E+0	0.00000000E+0
1.53808594E-1	1.35198998E-5	1.35198998E-5	1.53808594E-1	0.00000000E+0	0.00000000E+0
1.51367187E-1	1.33138001E-5	1.33138001E-5	1.51367187E-1	0.00000000E+0	0.00000000E+0
1.48925781E-1	1.30905000E-5	1.30905000E-5	1.48925781E-1	0.00000000E+0	0.00000000E+0
1.46484375E-1	1.28720003E-5	1.28720003E-5	1.46484375E-1	0.00000000E+0	0.00000000E+0
1.44042969E-1	1.26568002E-5	1.26568002E-5	1.44042969E-1	0.00000000E+0	0.00000000E+0
1.41601562E-1	1.24410999E-5	1.24410999E-5	1.41601562E-1	0.00000000E+0	0.00000000E+0
1.39160156E-1	1.22270003E-5	1.22270003E-5	1.39160156E-1	0.00000000E+0	0.00000000E+0
1.36718750E-1	1.20077002E-5	1.20077002E-5	1.36718750E-1	0.00000000E+0	0.00000000E+0
1.34277344E-1	1.17876998E-5	1.17876998E-5	1.34277344E-1	0.00000000E+0	0.00000000E+0
1.31835937E-1	1.15736002E-5	1.15736002E-5	1.31835937E-1	0.00000000E+0	0.00000000E+0
1.29394531E-1	1.13551996E-5	1.13551996E-5	1.29394531E-1	0.00000000E+0	0.00000000E+0
1.26953125E-1	1.11403997E-5	1.11403997E-5	1.26953125E-1	0.00000000E+0	0.00000000E+0
1.24511719E-1	1.09192997E-5	1.09192997E-5	1.24511719E-1	0.00000000E+0	0.00000000E+0
1.22070312E-1	1.07092001E-5	1.07092001E-5	1.22070312E-1	0.00000000E+0	0.00000000E+0
1.19628906E-1	1.04865003E-5	1.04865003E-5	1.19628906E-1	0.00000000E+0	0.00000000E+0
1.17187500E-1	1.02780004E-5	1.02780004E-5	1.17187500E-1	0.00000000E+0	0.00000000E+0
1.14746094E-1	1.00497000E-5	1.00497000E-5	1.14746094E-1	0.00000000E+0	0.00000000E+0
1.12304687E-1	9.83259997E-6	9.83259997E-6	1.12304687E-1	0.00000000E+0	0.00000000E+0
1.09863281E-1	9.61926980E-6	9.61926980E-6	1.09863281E-1	0.00000000E+0	0.00000000E+0
1.07421875E-1	9.40747032E-6	9.40747032E-6	1.07421875E-1	0.00000000E+0	0.00000000E+0
1.04980469E-1	9.18651040E-6	9.18651040E-6	1.04980469E-1	0.00000000E+0	0.00000000E+0
1.02539062E-1	8.96821984E-6	8.96821984E-6	1.02539062E-1	0.00000000E+0	0.00000000E+0
1.00097656E-1	8.75031037E-6	8.75031037E-6	1.00097656E-1	0.00000000E+0	0.00000000E+0
9.76562500E-2	8.53927031E-6	8.53927031E-6	9.76562500E-2	0.00000000E+0	0.00000000E+0
9.52148438E-2	8.31524994E-6	8.31524994E-6	9.52148438E-2	0.00000000E+0	0.00000000E+0
9.27734375E-2	8.10269012E-6	8.10269012E-6	9.27734375E-2	0.00000000E+0	0.00000000E+0
9.03320313E-2	7.88211037E-6	7.88211037E-6	9.03320313E-2	0.00000000E+0	0.00000000E+0
8.78906250E-2	7.67069014E-6	7.67069014E-6	8.78906250E-2	0.00000000E+0	0.00000000E+0
8.54492188E-2	7.44858016E-6	7.44858016E-6	8.54492188E-2	0.00000000E+0	0.00000000E+0
8.30078125E-2	7.23563016E-6	7.23563016E-6	8.30078125E-2	0.00000000E+0	0.00000000E+0
8.05664063E-2	7.01734007E-6	7.01734007E-6	8.05664063E-2	0.00000000E+0	0.00000000E+0
7.81250000E-2	6.80745006E-6	6.80745006E-6	7.81250000E-2	0.00000000E+0	0.00000000E+0
7.56835938E-2	6.58571980E-6	6.58571980E-6	7.56835938E-2	0.00000000E+0	0.00000000E+0
7.32421875E-2	6.36934010E-6	6.36934010E-6	7.32421875E-2	0.00000000E+0	0.00000000E+0
7.08007813E-2	6.14341980E-6	6.14341980E-6	7.08007813E-2	0.00000000E+0	0.00000000E+0
6.83593750E-2	5.93275990E-6	5.93275990E-6	6.83593750E-2	0.00000000E+0	0.00000000E+0
6.59179688E-2	5.70913016E-6	5.70913016E-6	6.59179688E-2	0.00000000E+0	0.00000000E+0
6.34765625E-2	5.49770994E-6	5.49770994E-6	6.34765625E-2	0.00000000E+0	0.00000000E+0
6.10351563E-2	5.27713019E-6	5.27713019E-6	6.10351563E-2	0.00000000E+0	0.00000000E+0
5.85937500E-2	5.06264996E-6	5.06264996E-6	5.85937500E-2	0.00000000E+0	0.00000000E+0
5.61523438E-2	4.84207021E-6	4.84207021E-6	5.61523438E-2	0.00000000E+0	0.00000000E+0
5.37109375E-2	4.62455000E-6	4.62455000E-6	5.37109375E-2	0.00000000E+0	0.00000000E+0
5.12695313E-2	4.40778012E-6	4.40778012E-6	5.12695313E-2	0.00000000E+0	0.00000000E+0
4.88281250E-2	4.19255002E-6	4.19255002E-6	4.88281250E-2	0.00000000E+0	0.00000000E+0
4.63867188E-2	3.97425993E-6	3.97425993E-6	4.63867188E-2	0.00000000E+0	0.00000000E+0
4.39453125E-2	3.76054004E-6	3.76054004E-6	4.39453125E-2	0.00000000E+0	0.00000000E+0
4.15039063E-2	3.54530994E-6	3.54530994E-6	4.15039063E-2	0.00000000E+0	0.00000000E+0
3.90625000E-2	3.33388994E-6	3.33388994E-6	3.90625000E-2	0.00000000E+0	0.00000000E+0
3.66210938E-2	3.10872997E-6	3.10872997E-6	3.66210938E-2	0.00000000E+0	0.00000000E+0
3.41796875E-2	2.89577997E-6	2.89577997E-6	3.41796875E-2	0.00000000E+0	0.00000000E+0
3.17382813E-2	2.67367000E-6	2.67367000E-6	3.17382813E-2	0.00000000E+0	0.00000000E+0
2.92968750E-2	2.46454010E-6	2.46454010E-6	2.92968750E-2	0.00000000E+0	0.00000000E+0
2.68554688E-2	2.24434007E-6	2.24434007E-6	2.68554688E-2	0.00000000E+0	0.00000000E+0
2.44140625E-2	2.03253990E-6	2.03253990E-6	2.44140625E-2	0.00000000E+0	0.00000000E+0
2.19726563E-2	1.81482005E-6	1.81482005E-6	2.19726563E-2	0.00000000E+0	0.00000000E+0
1.95312500E-2	1.60741001E-6	1.60741001E-6	1.95312500E-2	0.00000000E+0	0.00000000E+0
1.70898438E-2	1.38796997E-6	1.38796997E-6	1.70898438E-2	0.00000000E+0	0.00000000E+0
1.46484375E-2	1.17827005E-6	1.17827005E-6	1.46484375E-2	0.00000000E+0	0.00000000E+0
1.22070313E-2	9.61483011E-7	9.61483011E-7	1.22070313E-2	0.00000000E+0	0.00000000E+0
9.76562500E-3	7.53501013E-7	7.53501013E-7	9.76562500E-3	0.00000000E+0	0.00000000E+0
7.32421875E-3	5.37309973E-7	5.37309973E-7	7.32421875E-3	0.00000000E+0	0.00000000E+0
4.88281250E-3	3.28423994E-7	3.28423994E-7	4.88281250E-3	0.00000000E+0	0.00000000E+0
2.44140625E-3	1.17086998E-7	1.17086998E-7	2.44140625E-3	0.00000000E+0	0.00000000E+0
0.00000000E+0	-2.99222003E-9	-2.99222003E-9	0.00000000E+0	0.00000000E+0	0.00000000E+0
-2.44140625E-3	-2.65752988E-7	-2.65752988E-7	-2.44140625E-3	0.00000000E+0	0.00000000E+0
-4.88281250E-3	-4.87748025E-7	-4.87748025E-7	-4.88281250E-3	0.00000000E+0	0.00000000E+0
-7.32421875E-3	-7.18448973E-7	-7.18448973E-7	-7.32421875E-3	0.00000000E+0	0.00000000E+0
-9.76562500E-3	-9.40559005E-7	-9.40559005E-7	-9.76562500E-3	0.00000000E+0	0.00000000E+0
-1.22070313E-2	-1.17341006E-6	-1.17341006E-6	-1.22070313E-2	0.00000000E+0	0.00000000E+0
-1.46484375E-2	-1.39752001E-6	-1.39752001E-6	-1.46484375E-2	0.00000000E+0	0.00000000E+0
-1.70898438E-2	-1.62840001E-6	-1.62840001E-6	-1.70898438E-2	0.00000000E+0	0.00000000E+0
-1.95312500E-2	-1.85063004E-6	-1.85063004E-6	-1.95312500E-2	0.00000000E+0	0.00000000E+0
-2.19726563E-2	-2.08392999E-6	-2.08392999E-6	-2.19726563E-2	0.00000000E+0	0.00000000E+0
-2.44140625E-2	-2.31227000E-6	-2.31227000E-6	-2.44140625E-2	0.00000000E+0	0.00000000E+0
-2.68554688E-2	-2.54353995E-6	-2.54353995E-6	-2.68554688E-2	0.00000000E+0	0.00000000E+0
-2.92968750E-2	-2.76908008E-6	-2.76908008E-6	-2.92968750E-2	0.00000000E+0	0.00000000E+0
-3.17382813E-2	-3.00187003E-6	-3.00187003E-6	-3.17382813E-2	0.00000000E+0	0.00000000E+0
-3.41796875E-2	-3.22855999E-6	-3.22855999E-6	-3.41796875E-2	0.00000000E+0	0.00000000E+0
-3.66210938E-2	-3.46059005E-6	-3.46059005E-6	-3.66210938E-2	0.00000000E+0	0.00000000E+0
-3.90625000E-2	-3.68192991E-6	-3.68192991E-6	-3.90625000E-2	0.00000000E+0	0.00000000E+0
-4.15039063E-2	-3.92311995E-6	-3.92311995E-6	-4.15039063E-2	0.00000000E+0	0.00000000E+0
-4.39453125E-2	-4.15286013E-6	-4.15286013E-6	-4.39453125E-2	0.00000000E+0	0.00000000E+0
-4.63867188E-2	-4.38487996E-6	-4.38487996E-6	-4.63867188E-2	0.00000000E+0	0.00000000E+0
-4.88281250E-2	-4.61080981E-6	-4.61080981E-6	-4.88281250E-2	0.00000000E+0	0.00000000E+0
-5.12695313E-2	-4.84970997E-6	-4.84970997E-6	-5.12695313E-2	0.00000000E+0	0.00000000E+0
-5.37109375E-2	-5.07562982E-6	-5.07562982E-6	-5.37109375E-2	0.00000000E+0	0.00000000E+0
-5.61523438E-2	-5.30995021E-6	-5.30995021E-6	-5.61523438E-2	0.00000000E+0	0.00000000E+0
-5.85937500E-2	-5.53282007E-6	-5.53282007E-6	-5.85937500E-2	0.00000000E+0	0.00000000E+0
-6.10351563E-2	-5.76865978E-6	-5.76865978E-6	-6.10351563E-2	0.00000000E+0	0.00000000E+0
-6.34765625E-2	-5.99993018E-6	-5.99993018E-6	-6.34765625E-2	0.00000000E+0	0.00000000E+0
-6.59179688E-2	-6.23119013E-6	-6.23119013E-6	-6.59179688E-2	0.00000000E+0	0.00000000E+0
-6.83593750E-2	-6.45672981E-6	-6.45672981E-6	-6.83593750E-2	0.00000000E+0	0.00000000E+0
-7.08007813E-2	-6.69601013E-6	-6.69601013E-6	-7.08007813E-2	0.00000000E+0	0.00000000E+0
-7.32421875E-2	-6.91964988E-6	-6.91964988E-6	-7.32421875E-2	0.00000000E+0	0.00000000E+0
-7.56835938E-2	-7.15205988E-6	-7.15205988E-6	-7.56835938E-2	0.00000000E+0	0.00000000E+0
-7.81250000E-2	-7.37073015E-6	-7.37073015E-6	-7.81250000E-2	0.00000000E+0	0.00000000E+0
-8.05664063E-2	-7.60847979E-6	-7.60847979E-6	-8.05664063E-2	0.00000000E+0	0.00000000E+0
-8.30078125E-2	-7.83554970E-6	-7.83554970E-6	-8.30078125E-2	0.00000000E+0	0.00000000E+0
-8.54492188E-2	-8.07100969E-6	-8.07100969E-6	-8.54492188E-2	0.00000000E+0	0.00000000E+0
-8.78906250E-2	-8.29464989E-6	-8.29464989E-6	-8.78906250E-2	0.00000000E+0	0.00000000E+0
-9.03320313E-2	-8.53353959E-6	-8.53353959E-6	-9.03320313E-2	0.00000000E+0	0.00000000E+0
-9.27734375E-2	-8.75412024E-6	-8.75412024E-6	-9.27734375E-2	0.00000000E+0	0.00000000E+0
-9.52148438E-2	-8.98652979E-6	-8.98652979E-6	-9.52148438E-2	0.00000000E+0	0.00000000E+0
-9.76562500E-2	-9.20711045E-6	-9.20711045E-6	-9.76562500E-2	0.00000000E+0	0.00000000E+0
-1.00097656E-1	-9.43722989E-6	-9.43722989E-6	-1.00097656E-1	0.00000000E+0	0.00000000E+0
-1.02539062E-1	-9.65971958E-6	-9.65971958E-6	-1.02539062E-1	0.00000000E+0	0.00000000E+0
-1.04980469E-1	-9.89747969E-6	-9.89747969E-6	-1.04980469E-1	0.00000000E+0	0.00000000E+0
-1.07421875E-1	-1.01224005E-5	-1.01224005E-5	-1.07421875E-1	0.00000000E+0	0.00000000E+0
-1.09863281E-1	-1.03451002E-5	-1.03451002E-5	-1.09863281E-1	0.00000000E+0	0.00000000E+0
-1.12304687E-1	-1.05684003E-5	-1.05684003E-5	-1.12304687E-1	0.00000000E+0	0.00000000E+0
-1.14746094E-1	-1.07954002E-5	-1.07954002E-5	-1.14746094E-1	0.00000000E+0	0.00000000E+0
-1.17187500E-1	-1.10159999E-5	-1.10159999E-5	-1.17187500E-1	0.00000000E+0	0.00000000E+0
-1.19628906E-1	-1.12490998E-5	-1.12490998E-5	-1.19628906E-1	0.00000000E+0	0.00000000E+0
-1.22070312E-1	-1.14739996E-5	-1.14739996E-5	-1.22070312E-1	0.00000000E+0	0.00000000E+0
-1.24511719E-1	-1.17052996E-5	-1.17052996E-5	-1.24511719E-1	0.00000000E+0	0.00000000E+0
-1.26953125E-1	-1.19279002E-5	-1.19279002E-5	-1.26953125E-1	0.00000000E+0	0.00000000E+0
-1.29394531E-1	-1.21514004E-5	-1.21514004E-5	-1.29394531E-1	0.00000000E+0	0.00000000E+0
-1.31835937E-1	-1.23806003E-5	-1.23806003E-5	-1.31835937E-1	0.00000000E+0	0.00000000E+0
-1.34277344E-1	-1.26028999E-5	-1.26028999E-5	-1.34277344E-1	0.00000000E+0	0.00000000E+0
-1.36718750E-1	-1.28252004E-5	-1.28252004E-5	-1.36718750E-1	0.00000000E+0	0.00000000E+0
-1.39160156E-1	-1.30480003E-5	-1.30480003E-5	-1.39160156E-1	0.00000000E+0	0.00000000E+0
-1.41601562E-1	-1.32781997E-5	-1.32781997E-5	-1.41601562E-1	0.00000000E+0	0.00000000E+0
-1.44042969E-1	-1.35046002E-5	-1.35046002E-5	-1.44042969E-1	0.00000000E+0	0.00000000E+0
-1.46484375E-1	-1.37279003E-5	-1.37279003E-5	-1.46484375E-1	0.00000000E+0	0.00000000E+0
-1.48925781E-1	-1.39702997E-5	-1.39702997E-5	-1.48925781E-1	0.00000000E+0	0.00000000E+0
-1.51367187E-1	-1.41841001E-5	-1.41841001E-5	-1.51367187E-1	0.00000000E+0	0.00000000E+0
-1.53808594E-1	-1.44168998E-5	-1.44168998E-5	-1.53808594E-1	0.00000000E+0	0.00000000E+0
-1.56250000E-1	-1.46420998E-5	-1.46420998E-5	-1.56250000E-1	0.00000000E+0	0.00000000E+0
-1.58691406E-1	-1.48710997E-5	-1.48710997E-5	-1.58691406E-1	0.00000000E+0	0.00000000E+0
-1.61132812E-1	-1.50924998E-5	-1.50924998E-5	-1.61132812E-1	0.00000000E+0	0.00000000E+0
-1.63574219E-1	-1.53189994E-5	-1.53189994E-5	-1.63574219E-1	0.00000000E+0	0.00000000E+0
-1.66015625E-1	-1.55352991E-5	-1.55352991E-5	-1.66015625E-1	0.00000000E+0	0.00000000E+0
-1.68457031E-1	-1.57720006E-5	-1.57720006E-5	-1.68457031E-1	0.00000000E+0	0.00000000E+0
-1.70898437E-1	-1.59959000E-5	-1.59959000E-5	-1.70898437E-1	0.00000000E+0	0.00000000E+0
-1.73339844E-1	-1.62300003E-5	-1.62300003E-5	-1.73339844E-1	0.00000000E+0	0.00000000E+0
-1.75781250E-1	-1.64437006E-5	-1.64437006E-5	-1.75781250E-1	0.00000000E+0	0.00000000E+0
-1.78222656E-1	-1.66880000E-5	-1.66880000E-5	-1.78222656E-1	0.00000000E+0	0.00000000E+0
-1.80664062E-1	-1.69145005E-5	-1.69145005E-5	-1.80664062E-1	0.00000000E+0	0.00000000E+0
-1.83105469E-1	-1.71480006E-5	-1.71480006E-5	-1.83105469E-1	0.00000000E+0	0.00000000E+0
-1.85546875E-1	-1.73546996E-5	-1.73546996E-5	-1.85546875E-1	0.00000000E+0	0.00000000E+0
-1.87988281E-1	-1.75837995E-5	-1.75837995E-5	-1.87988281E-1	0.00000000E+0	0.00000000E+0
-1.90429687E-1	-1.78178998E-5	-1.78178998E-5	-1.90429687E-1	0.00000000E+0	0.00000000E+0
-1.92871094E-1	-1.80316001E-5	-1.80316001E-5	-1.92871094E-1	0.00000000E+0	0.00000000E+0
-1.95312500E-1	-1.82581007E-5	-1.82581007E-5	-1.95312500E-1	0.00000000E+0	0.00000000E+0
-1.97753906E-1	-1.84896999E-5	-1.84896999E-5	-1.97753906E-1	0.00000000E+0	0.00000000E+0
-2.00195312E-1	-1.87186997E-5	-1.87186997E-5	-2.00195312E-1	0.00000000E+0	0.00000000E+0
-2.02636719E-1	-1.89363000E-5	-1.89363000E-5	-2.02636719E-1	0.00000000E+0	0.00000000E+0
-2.05078125E-1	-1.91614999E-5	-1.91614999E-5	-2.05078125E-1	0.00000000E+0	0.00000000E+0
-2.07519531E-1	-1.93956002E-5	-1.93956002E-5	-2.07519531E-1	0.00000000E+0	0.00000000E+0
-2.09960937E-1	-1.96194997E-5	-1.96194997E-5	-2.09960937E-1	0.00000000E+0	0.00000000E+0
-2.12402344E-1	-1.98434009E-5	-1.98434009E-5	-2.12402344E-1	0.00000000E+0	0.00000000E+0
-2.14843750E-1	-2.00585000E-5	-2.00585000E-5	-2.14843750E-1	0.00000000E+0	0.00000000E+0
-2.17285156E-1	-2.02799001E-5	-2.02799001E-5	-2.17285156E-1	0.00000000E+0	0.00000000E+0
-2.19726562E-1	-2.05051001E-5	-2.05051001E-5	-2.19726562E-1	0.00000000E+0	0.00000000E+0
-2.22167969E-1	-2.07378998E-5	-2.07378998E-5	-2.22167969E-1	0.00000000E+0	0.00000000E+0
-2.24609375E-1	-2.09517002E-5	-2.09517002E-5	-2.24609375E-1	0.00000000E+0	0.00000000E+0
-2.27050781E-1	-2.11654005E-5	-2.11654005E-5	-2.27050781E-1	0.00000000E+0	0.00000000E+0
-2.29492187E-1	-2.13906005E-5	-2.13906005E-5	-2.29492187E-1	0.00000000E+0	0.00000000E+0
-2.31933594E-1	-2.16044009E-5	-2.16044009E-5	-2.31933594E-1	0.00000000E+0	0.00000000E+0
-2.34375000E-1	-2.18334008E-5	-2.18334008E-5	-2.34375000E-1	0.00000000E+0	0.00000000E+0
-2.36816406E-1	-2.20624006E-5	-2.20624006E-5	-2.36816406E-1	0.00000000E+0	0.00000000E+0
-2.39257812E-1	-2.22761992E-5	-2.22761992E-5	-2.39257812E-1	0.00000000E+0	0.00000000E+0
-2.41699219E-1	-2.24898995E-5	-2.24898995E-5	-2.41699219E-1	0.00000000E+0	0.00000000E+0
-2.44140625E-1	-2.27138007E-5	-2.27138007E-5	-2.44140625E-1	0.00000000E+0	0.00000000E+0
-2.46582031E-1	-2.29479992E-5	-2.29479992E-5	-2.46582031E-1	0.00000000E+0	0.00000000E+0
-2.49023437E-1	-2.31515005E-5	-2.31515005E-5	-2.49023437E-1	0.00000000E+0	0.00000000E+0
-2.51464844E-1	-2.33678002E-5	-2.33678002E-5	-2.51464844E-1	0.00000000E+0	0.00000000E+0
-2.53906250E-1	-2.36006999E-5	-2.36006999E-5	-2.53906250E-1	0.00000000E+0	0.00000000E+0
-2.56347656E-1	-2.38182001E-5	-2.38182001E-5	-2.56347656E-1	0.00000000E+0	0.00000000E+0
-2.58789062E-1	-2.40473000E-5	-2.40473000E-5	-2.58789062E-1	0.00000000E+0	0.00000000E+0
-2.61230469E-1	-2.42610004E-5	-2.42610004E-5	-2.61230469E-1	0.00000000E+0	0.00000000E+0
-2.63671875E-1	-2.44670991E-5	-2.44670991E-5	-2.63671875E-1	0.00000000E+0	0.00000000E+0
-2.66113281E-1	-2.46962009E-5	-2.46962009E-5	-2.66113281E-1	0.00000000E+0	0.00000000E+0
-2.68554687E-1	-2.49022996E-5	-2.49022996E-5	-2.68554687E-1	0.00000000E+0	0.00000000E+0
-2.70996094E-1	-2.51350993E-5	-2.51350993E-5	-2.70996094E-1	0.00000000E+0	0.00000000E+0
-2.73437500E-1	-2.53450999E-5	-2.53450999E-5	-2.73437500E-1	0.00000000E+0	0.00000000E+0
-2.75878906E-1	-2.55843006E-5	-2.55843006E-5	-2.75878906E-1	0.00000000E+0	0.00000000E+0
-2.78320312E-1	-2.57954998E-5	-2.57954998E-5	-2.78320312E-1	0.00000000E+0	0.00000000E+0
-2.80761719E-1	-2.60206998E-5	-2.60206998E-5	-2.80761719E-1	0.00000000E+0	0.00000000E+0
-2.83203125E-1	-2.62306003E-5	-2.62306003E-5	-2.83203125E-1	0.00000000E+0	0.00000000E+0
-2.85644531E-1	-2.64596001E-5	-2.64596001E-5	-2.85644531E-1	0.00000000E+0	0.00000000E+0
-2.88085937E-1	-2.66886000E-5	-2.66886000E-5	-2.88085937E-1	0.00000000E+0	0.00000000E+0
-2.90527344E-1	-2.68986005E-5	-2.68986005E-5	-2.90527344E-1	0.00000000E+0	0.00000000E+0
-2.92968750E-1	-2.71314002E-5	-2.71314002E-5	-2.92968750E-1	0.00000000E+0	0.00000000E+0
-2.95410156E-1	-2.73528003E-5	-2.73528003E-5	-2.95410156E-1	0.00000000E+0	0.00000000E+0
-2.97851562E-1	-2.75895000E-5	-2.75895000E-5	-2.97851562E-1	0.00000000E+0	0.00000000E+0
-3.00292969E-1	-2.78032003E-5	-2.78032003E-5	-3.00292969E-1	0.00000000E+0	0.00000000E+0
-3.02734375E-1	-2.80170007E-5	-2.80170007E-5	-3.02734375E-1	0.00000000E+0	0.00000000E+0
-3.05175781E-1	-2.82384008E-5	-2.82384008E-5	-3.05175781E-1	0.00000000E+0	0.00000000E+0
-3.07617187E-1	-2.84444995E-5	-2.84444995E-5	-3.07617187E-1	0.00000000E+0	0.00000000E+0
-3.10058594E-1	-2.86888007E-5	-2.86888007E-5	-3.10058594E-1	0.00000000E+0	0.00000000E+0
-3.12500000E-1	-2.89024993E-5	-2.89024993E-5	-3.12500000E-1	0.00000000E+0	0.00000000E+0
-3.14941406E-1	-2.91276992E-5	-2.91276992E-5	-3.14941406E-1	0.00000000E+0	0.00000000E+0
-3.17382812E-1	-2.93528992E-5	-2.93528992E-5	-3.17382812E-1	0.00000000E+0	0.00000000E+0
-3.19824219E-1	-2.95742993E-5	-2.95742993E-5	-3.19824219E-1	0.00000000E+0	0.00000000E+0
-3.22265625E-1	-2.97803999E-5	-2.97803999E-5	-3.22265625E-1	0.00000000E+0	0.00000000E+0
-3.24707031E-1	-3.00170996E-5	-3.00170996E-5	-3.24707031E-1	0.00000000E+0	0.00000000E+0
-3.27148437E-1	-3.02460994E-5	-3.02460994E-5	-3.27148437E-1	0.00000000E+0	0.00000000E+0
-3.29589844E-1	-3.04712994E-5	-3.04712994E-5	-3.29589844E-1	0.00000000E+0	0.00000000E+0
-3.32031250E-1	-3.06736001E-5	-3.06736001E-5	-3.32031250E-1	0.00000000E+0	0.00000000E+0
-3.34472656E-1	-3.09103016E-5	-3.09103016E-5	-3.34472656E-1	0.00000000E+0	0.00000000E+0
-3.36914062E-1	-3.11393014E-5	-3.11393014E-5	-3.36914062E-1	0.00000000E+0	0.00000000E+0
-3.39355469E-1	-3.13529999E-5	-3.13529999E-5	-3.39355469E-1	0.00000000E+0	0.00000000E+0
-3.41796875E-1	-3.15705984E-5	-3.15705984E-5	-3.41796875E-1	0.00000000E+0	0.00000000E+0
-3.44238281E-1	-3.17958002E-5	-3.17958002E-5	-3.44238281E-1	0.00000000E+0	0.00000000E+0
-3.46679687E-1	-3.20172003E-5	-3.20172003E-5	-3.46679687E-1	0.00000000E+0	0.00000000E+0
-3.49121094E-1	-3.22232991E-5	-3.22232991E-5	-3.49121094E-1	0.00000000E+0	0.00000000E+0
-3.51562500E-1	-3.24446992E-5	-3.24446992E-5	-3.51562500E-1	0.00000000E+0	0.00000000E+0
-3.54003906E-1	-3.26775989E-5	-3.26775989E-5	-3.54003906E-1	0.00000000E+0	0.00000000E+0
-3.56445312E-1	-3.29028007E-5	-3.29028007E-5	-3.56445312E-1	0.00000000E+0	0.00000000E+0
-3.58886719E-1	-3.31470983E-5	-3.31470983E-5	-3.58886719E-1	0.00000000E+0	0.00000000E+0
-3.61328125E-1	-3.33454991E-5	-3.33454991E-5	-3.61328125E-1	0.00000000E+0	0.00000000E+0
-3.63769531E-1	-3.35746008E-5	-3.35746008E-5	-3.63769531E-1	0.00000000E+0	0.00000000E+0
-3.66210937E-1	-3.37882993E-5	-3.37882993E-5	-3.66210937E-1	0.00000000E+0	0.00000000E+0
-3.68652344E-1	-3.40211009E-5	-3.40211009E-5	-3.68652344E-1	0.00000000E+0	0.00000000E+0
-3.71093750E-1	-3.42464009E-5	-3.42464009E-5	-3.71093750E-1	0.00000000E+0	0.00000000E+0
-3.73535156E-1	-3.44676992E-5	-3.44676992E-5	-3.73535156E-1	0.00000000E+0	0.00000000E+0
-3.75976562E-1	-3.46738998E-5	-3.46738998E-5	-3.75976562E-1	0.00000000E+0	0.00000000E+0
-3.78417969E-1	-3.49067013E-5	-3.49067013E-5	-3.78417969E-1	0.00000000E+0	0.00000000E+0
-3.80859375E-1	-3.51318995E-5	-3.51318995E-5	-3.80859375E-1	0.00000000E+0	0.00000000E+0
-3.83300781E-1	-3.53456999E-5	-3.53456999E-5	-3.83300781E-1	0.00000000E+0	0.00000000E+0
-3.85742187E-1	-3.55670018E-5	-3.55670018E-5	-3.85742187E-1	0.00000000E+0	0.00000000E+0
-3.88183594E-1	-3.57731988E-5	-3.57731988E-5	-3.88183594E-1	0.00000000E+0	0.00000000E+0
-3.90625000E-1	-3.60097984E-5	-3.60097984E-5	-3.90625000E-1	0.00000000E+0	0.00000000E+0
-3.93066406E-1	-3.62387982E-5	-3.62387982E-5	-3.93066406E-1	0.00000000E+0	0.00000000E+0
-3.95507812E-1	-3.64449988E-5	-3.64449988E-5	-3.95507812E-1	0.00000000E+0	0.00000000E+0
-3.97949219E-1	-3.66663007E-5	-3.66663007E-5	-3.97949219E-1	0.00000000E+0	0.00000000E+0
-4.00390625E-1	-3.68801011E-5	-3.68801011E-5	-4.00390625E-1	0.00000000E+0	0.00000000E+0
-4.02832031E-1	-3.71167989E-5	-3.71167989E-5	-4.02832031E-1	0.00000000E+0	0.00000000E+0
-4.05273437E-1	-3.73229013E-5	-3.73229013E-5	-4.05273437E-1	0.00000000E+0	0.00000000E+0
-4.07714844E-1	-3.75519012E-5	-3.75519012E-5	-4.07714844E-1	0.00000000E+0	0.00000000E+0
-4.10156250E-1	-3.77733013E-5	-3.77733013E-5	-4.10156250E-1	0.00000000E+0	0.00000000E+0
-4.12597656E-1	-3.79794001E-5	-3.79794001E-5	-4.12597656E-1	0.00000000E+0	0.00000000E+0
-4.15039062E-1	-3.82083999E-5	-3.82083999E-5	-4.15039062E-1	0.00000000E+0	0.00000000E+0
-4.17480469E-1	-3.84183986E-5	-3.84183986E-5	-4.17480469E-1	0.00000000E+0	0.00000000E+0
-4.19921875E-1	-3.86206993E-5	-3.86206993E-5	-4.19921875E-1	0.00000000E+0	0.00000000E+0
-4.22363281E-1	-3.88650005E-5	-3.88650005E-5	-4.22363281E-1	0.00000000E+0	0.00000000E+0
-4.24804687E-1	-3.90710993E-5	-3.90710993E-5	-4.24804687E-1	0.00000000E+0	0.00000000E+0
-4.27246094E-1	-3.92924994E-5	-3.92924994E-5	-4.27246094E-1	0.00000000E+0	0.00000000E+0
-4.29687500E-1	-3.95062016E-5	-3.95062016E-5	-4.29687500E-1	0.00000000E+0	0.00000000E+0
-4.32128906E-1	-3.97504991E-5	-3.97504991E-5	-4.32128906E-1	0.00000000E+0	0.00000000E+0
-4.34570312E-1	-3.99337005E-5	-3.99337005E-5	-4.34570312E-1	0.00000000E+0	0.00000000E+0
-4.37011719E-1	-4.01780017E-5	-4.01780017E-5	-4.37011719E-1	0.00000000E+0	0.00000000E+0
-4.39453125E-1	-4.03994018E-5	-4.03994018E-5	-4.39453125E-1	0.00000000E+0	0.00000000E+0
-4.41894531E-1	-4.06151012E-5	-4.06151012E-5	-4.41894531E-1	0.00000000E+0	0.00000000E+0
-4.44335937E-1	-4.08650994E-5	-4.08650994E-5	-4.44335937E-1	0.00000000E+0	0.00000000E+0
-4.46777344E-1	-4.10749999E-5	-4.10749999E-5	-4.46777344E-1	0.00000000E+0	0.00000000E+0
-4.49218750E-1	-4.12773006E-5	-4.12773006E-5	-4.49218750E-1	0.00000000E+0	0.00000000E+0
-4.51660156E-1	-4.15216018E-5	-4.15216018E-5	-4.51660156E-1	0.00000000E+0	0.00000000E+0
-4.54101562E-1	-4.17181982E-5	-4.17181982E-5	-4.54101562E-1	0.00000000E+0	0.00000000E+0
-4.56542969E-1	-4.19491007E-5	-4.19491007E-5	-4.56542969E-1	0.00000000E+0	0.00000000E+0
-4.58984375E-1	-4.21705008E-5	-4.21705008E-5	-4.58984375E-1	0.00000000E+0	0.00000000E+0
-4.61425781E-1	-4.23976016E-5	-4.23976016E-5	-4.61425781E-1	0.00000000E+0	0.00000000E+0
-4.63867187E-1	-4.25904000E-5	-4.25904000E-5	-4.63867187E-1	0.00000000E+0	0.00000000E+0
-4.66308594E-1	-4.28136991E-5	-4.28136991E-5	-4.66308594E-1	0.00000000E+0	0.00000000E+0
-4.68750000E-1	-4.30407999E-5	-4.30407999E-5	-4.68750000E-1	0.00000000E+0	0.00000000E+0
-4.71191406E-1	-4.32812994E-5	-4.32812994E-5	-4.71191406E-1	0.00000000E+0	0.00000000E+0
-4.73632812E-1	-4.34836002E-5	-4.34836002E-5	-4.73632812E-1	0.00000000E+0	0.00000000E+0
-4.76074219E-1	-4.37277995E-5	-4.37277995E-5	-4.76074219E-1	0.00000000E+0	0.00000000E+0
-4.78515625E-1	-4.39415999E-5	-4.39415999E-5	-4.78515625E-1	0.00000000E+0	0.00000000E+0
-4.80957031E-1	-4.41554002E-5	-4.41554002E-5	-4.80957031E-1	0.00000000E+0	0.00000000E+0
-4.83398437E-1	-4.43690988E-5	-4.43690988E-5	-4.83398437E-1	0.00000000E+0	0.00000000E+0
-4.85839844E-1	-4.46134000E-5	-4.46134000E-5	-4.85839844E-1	0.00000000E+0	0.00000000E+0
-4.88281250E-1	-4.47966013E-5	-4.47966013E-5	-4.88281250E-1	0.00000000E+0	0.00000000E+0
-4.90722656E-1	-4.50332991E-5	-4.50332991E-5	-4.90722656E-1	0.00000000E+0	0.00000000E+0
-4.93164062E-1	-4.52470013E-5	-4.52470013E-5	-4.93164062E-1	0.00000000E+0	0.00000000E+0
-4.90722656E-1	-4.50332991E-5	-4.50332991E-5	-4.90722656E-1	0.00000000E+0	0.00000000E+0
-4.88281250E-1	-4.48270985E-5	-4.48270985E-5	-4.88281250E-1	0.00000000E+0	0.00000000E+0
-4.85839844E-1	-4.46134000E-5	-4.46134000E-5	-4.85839844E-1	0.00000000E+0	0.00000000E+0
-4.83398437E-1	-4.43690988E-5	-4.43690988E-5	-4.83398437E-1	0.00000000E+0	0.00000000E+0
-4.80957031E-1	-4.41554002E-5	-4.41554002E-5	-4.80957031E-1	0.00000000E+0	0.00000000E+0
-4.78515625E-1	-4.39034011E-5	-4.39034011E-5	-4.78515625E-1	0.00000000E+0	0.00000000E+0
-4.76074219E-1	-4.37277995E-5	-4.37277995E-5	-4.76074219E-1	0.00000000E+0	0.00000000E+0
-4.73632812E-1	-4.34836002E-5	-4.34836002E-5	-4.73632812E-1	0.00000000E+0	0.00000000E+0
-4.71191406E-1	-4.32564011E-5	-4.32564011E-5	-4.71191406E-1	0.00000000E+0	0.00000000E+0
-4.68750000E-1	-4.30407999E-5	-4.30407999E-5	-4.68750000E-1	0.00000000E+0	0.00000000E+0
-4.66308594E-1	-4.28136991E-5	-4.28136991E-5	-4.66308594E-1	0.00000000E+0	0.00000000E+0
-4.63867187E-1	-4.25904000E-5	-4.25904000E-5	-4.63867187E-1	0.00000000E+0	0.00000000E+0
-4.61425781E-1	-4.23976016E-5	-4.23976016E-5	-4.61425781E-1	0.00000000E+0	0.00000000E+0
-4.58984375E-1	-4.21705008E-5	-4.21705008E-5	-4.58984375E-1	0.00000000E+0	0.00000000E+0
-4.56542969E-1	-4.19796015E-5	-4.19796015E-5	-4.56542969E-1	0.00000000E+0	0.00000000E+0
-4.54101562E-1	-4.17429983E-5	-4.17429983E-5	-4.54101562E-1	0.00000000E+0	0.00000000E+0
-4.51660156E-1	-4.15216018E-5	-4.15216018E-5	-4.51660156E-1	0.00000000E+0	0.00000000E+0
-4.49218750E-1	-4.12773006E-5	-4.12773006E-5	-4.49218750E-1	0.00000000E+0	0.00000000E+0
-4.46777344E-1	-4.10749999E-5	-4.10749999E-5	-4.46777344E-1	0.00000000E+0	0.00000000E+0
-4.44335937E-1	-4.08498017E-5	-4.08498017E-5	-4.44335937E-1	0.00000000E+0	0.00000000E+0
-4.41894531E-1	-4.06360996E-5	-4.06360996E-5	-4.41894531E-1	0.00000000E+0	0.00000000E+0
-4.39453125E-1	-4.03994018E-5	-4.03994018E-5	-4.39453125E-1	0.00000000E+0	0.00000000E+0
-4.37011719E-1	-4.01780017E-5	-4.01780017E-5	-4.37011719E-1	0.00000000E+0	0.00000000E+0
-4.34570312E-1	-3.99718992E-5	-3.99718992E-5	-4.34570312E-1	0.00000000E+0	0.00000000E+0
-4.32128906E-1	-3.97504991E-5	-3.97504991E-5	-4.32128906E-1	0.00000000E+0	0.00000000E+0
-4.29687500E-1	-3.95062016E-5	-3.95062016E-5	-4.29687500E-1	0.00000000E+0	0.00000000E+0
-4.27246094E-1	-3.92924994E-5	-3.92924994E-5	-4.27246094E-1	0.00000000E+0	0.00000000E+0
-4.24804687E-1	-3.91016001E-5	-3.91016001E-5	-4.24804687E-1	0.00000000E+0	0.00000000E+0
-4.22363281E-1	-3.88879016E-5	-3.88879016E-5	-4.22363281E-1	0.00000000E+0	0.00000000E+0
-4.19921875E-1	-3.86436004E-5	-3.86436004E-5	-4.19921875E-1	0.00000000E+0	0.00000000E+0
-4.17480469E-1	-3.84373998E-5	-3.84373998E-5	-4.17480469E-1	0.00000000E+0	0.00000000E+0
-4.15039062E-1	-3.82083999E-5	-3.82083999E-5	-4.15039062E-1	0.00000000E+0	0.00000000E+0
-4.12597656E-1	-3.80175989E-5	-3.80175989E-5	-4.12597656E-1	0.00000000E+0	0.00000000E+0
-4.10156250E-1	-3.77733013E-5	-3.77733013E-5	-4.10156250E-1	0.00000000E+0	0.00000000E+0
-4.07714844E-1	-3.75519012E-5	-3.75519012E-5	-4.07714844E-1	0.00000000E+0	0.00000000E+0
-4.05273437E-1	-3.73229013E-5	-3.73229013E-5	-4.05273437E-1	0.00000000E+0	0.00000000E+0
-4.02832031E-1	-3.71167989E-5	-3.71167989E-5	-4.02832031E-1	0.00000000E+0	0.00000000E+0
-4.00390625E-1	-3.68801011E-5	-3.68801011E-5	-4.00390625E-1	0.00000000E+0	0.00000000E+0
-3.97949219E-1	-3.66663007E-5	-3.66663007E-5	-3.97949219E-1	0.00000000E+0	0.00000000E+0
-3.95507812E-1	-3.64449988E-5	-3.64449988E-5	-3.95507812E-1	0.00000000E+0	0.00000000E+0
-3.93066406E-1	-3.62387982E-5	-3.62387982E-5	-3.93066406E-1	0.00000000E+0	0.00000000E+0
-3.90625000E-1	-3.60097984E-5	-3.60097984E-5	-3.90625000E-1	0.00000000E+0	0.00000000E+0
-3.88183594E-1	-3.57921999E-5	-3.57921999E-5	-3.88183594E-1	0.00000000E+0	0.00000000E+0
-3.85742187E-1	-3.55785014E-5	-3.55785014E-5	-3.85742187E-1	0.00000000E+0	0.00000000E+0
-3.83300781E-1	-3.53456999E-5	-3.53456999E-5	-3.83300781E-1	0.00000000E+0	0.00000000E+0
-3.80859375E-1	-3.51318995E-5	-3.51318995E-5	-3.80859375E-1	0.00000000E+0	0.00000000E+0
-3.78417969E-1	-3.49067013E-5	-3.49067013E-5	-3.78417969E-1	0.00000000E+0	0.00000000E+0
-3.75976562E-1	-3.47120003E-5	-3.47120003E-5	-3.75976562E-1	0.00000000E+0	0.00000000E+0
-3.73535156E-1	-3.44676992E-5	-3.44676992E-5	-3.73535156E-1	0.00000000E+0	0.00000000E+0
-3.71093750E-1	-3.42464009E-5	-3.42464009E-5	-3.71093750E-1	0.00000000E+0	0.00000000E+0
-3.68652344E-1	-3.40211009E-5	-3.40211009E-5	-3.68652344E-1	0.00000000E+0	0.00000000E+0
-3.66210937E-1	-3.37882993E-5	-3.37882993E-5	-3.66210937E-1	0.00000000E+0	0.00000000E+0
-3.63769531E-1	-3.35935983E-5	-3.35935983E-5	-3.63769531E-1	0.00000000E+0	0.00000000E+0
-3.61328125E-1	-3.33608004E-5	-3.33608004E-5	-3.61328125E-1	0.00000000E+0	0.00000000E+0
-3.58886719E-1	-3.31470983E-5	-3.31470983E-5	-3.58886719E-1	0.00000000E+0	0.00000000E+0
-3.56445312E-1	-3.29217983E-5	-3.29217983E-5	-3.56445312E-1	0.00000000E+0	0.00000000E+0
-3.54003906E-1	-3.26966001E-5	-3.26966001E-5	-3.54003906E-1	0.00000000E+0	0.00000000E+0
-3.51562500E-1	-3.24446992E-5	-3.24446992E-5	-3.51562500E-1	0.00000000E+0	0.00000000E+0
-3.49121094E-1	-3.22615015E-5	-3.22615015E-5	-3.49121094E-1	0.00000000E+0	0.00000000E+0
-3.46679687E-1	-3.20172003E-5	-3.20172003E-5	-3.46679687E-1	0.00000000E+0	0.00000000E+0
-3.44238281E-1	-3.17958002E-5	-3.17958002E-5	-3.44238281E-1	0.00000000E+0	0.00000000E+0
-3.41796875E-1	-3.15705984E-5	-3.15705984E-5	-3.41796875E-1	0.00000000E+0	0.00000000E+0
-3.39355469E-1	-3.13529999E-5	-3.13529999E-5	-3.39355469E-1	0.00000000E+0	0.00000000E+0
-3.36914062E-1	-3.11393014E-5	-3.11393014E-5	-3.36914062E-1	0.00000000E+0	0.00000000E+0
-3.34472656E-1	-3.09103016E-5	-3.09103016E-5	-3.34472656E-1	0.00000000E+0	0.00000000E+0
-3.32031250E-1	-3.06965012E-5	-3.06965012E-5	-3.32031250E-1	0.00000000E+0	0.00000000E+0
-3.29589844E-1	-3.04712994E-5	-3.04712994E-5	-3.29589844E-1	0.00000000E+0	0.00000000E+0
-3.27148437E-1	-3.02460994E-5	-3.02460994E-5	-3.27148437E-1	0.00000000E+0	0.00000000E+0
-3.24707031E-1	-3.00170996E-5	-3.00170996E-5	-3.24707031E-1	0.00000000E+0	0.00000000E+0
-3.22265625E-1	-2.97803999E-5	-2.97803999E-5	-3.22265625E-1	0.00000000E+0	0.00000000E+0
-3.19824219E-1	-2.95742993E-5	-2.95742993E-5	-3.19824219E-1	0.00000000E+0	0.00000000E+0
-3.17382812E-1	-2.93528992E-5	-2.93528992E-5	-3.17382812E-1	0.00000000E+0	0.00000000E+0
-3.14941406E-1	-2.91276992E-5	-2.91276992E-5	-3.14941406E-1	0.00000000E+0	0.00000000E+0
-3.12500000E-1	-2.88833999E-5	-2.88833999E-5	-3.12500000E-1	0.00000000E+0	0.00000000E+0
-3.10058594E-1	-2.86581999E-5	-2.86581999E-5	-3.10058594E-1	0.00000000E+0	0.00000000E+0
-3.07617187E-1	-2.84444995E-5	-2.84444995E-5	-3.07617187E-1	0.00000000E+0	0.00000000E+0
-3.05175781E-1	-2.82384008E-5	-2.82384008E-5	-3.05175781E-1	0.00000000E+0	0.00000000E+0
-3.02734375E-1	-2.80170007E-5	-2.80170007E-5	-3.02734375E-1	0.00000000E+0	0.00000000E+0
-3.00292969E-1	-2.77726995E-5	-2.77726995E-5	-3.00292969E-1	0.00000000E+0	0.00000000E+0
-2.97851562E-1	-2.75588991E-5	-2.75588991E-5	-2.97851562E-1	0.00000000E+0	0.00000000E+0
-2.95410156E-1	-2.73528003E-5	-2.73528003E-5	-2.95410156E-1	0.00000000E+0	0.00000000E+0
-2.92968750E-1	-2.71162007E-5	-2.71162007E-5	-2.92968750E-1	0.00000000E+0	0.00000000E+0
-2.90527344E-1	-2.68986005E-5	-2.68986005E-5	-2.90527344E-1	0.00000000E+0	0.00000000E+0
-2.88085937E-1	-2.66734005E-5	-2.66734005E-5	-2.88085937E-1	0.00000000E+0	0.00000000E+0
-2.85644531E-1	-2.64596001E-5	-2.64596001E-5	-2.85644531E-1	0.00000000E+0	0.00000000E+0
-2.83203125E-1	-2.62153007E-5	-2.62153007E-5	-2.83203125E-1	0.00000000E+0	0.00000000E+0
-2.80761719E-1	-2.60016004E-5	-2.60016004E-5	-2.80761719E-1	0.00000000E+0	0.00000000E+0
-2.78320312E-1	-2.57764004E-5	-2.57764004E-5	-2.78320312E-1	0.00000000E+0	0.00000000E+0
-2.75878906E-1	-2.55740997E-5	-2.55740997E-5	-2.75878906E-1	0.00000000E+0	0.00000000E+0
-2.73437500E-1	-2.53450999E-5	-2.53450999E-5	-2.73437500E-1	0.00000000E+0	0.00000000E+0
-2.70996094E-1	-2.51236997E-5	-2.51236997E-5	-2.70996094E-1	0.00000000E+0	0.00000000E+0
-2.68554687E-1	-2.48870001E-5	-2.48870001E-5	-2.68554687E-1	0.00000000E+0	0.00000000E+0
-2.66113281E-1	-2.46962009E-5	-2.46962009E-5	-2.66113281E-1	0.00000000E+0	0.00000000E+0
-2.63671875E-1	-2.44670991E-5	-2.44670991E-5	-2.63671875E-1	0.00000000E+0	0.00000000E+0
-2.61230469E-1	-2.42610004E-5	-2.42610004E-5	-2.61230469E-1	0.00000000E+0	0.00000000E+0
-2.58789062E-1	-2.40473000E-5	-2.40473000E-5	-2.58789062E-1	0.00000000E+0	0.00000000E+0
-2.56347656E-1	-2.38182001E-5	-2.38182001E-5	-2.56347656E-1	0.00000000E+0	0.00000000E+0
-2.53906250E-1	-2.36006999E-5	-2.36006999E-5	-2.53906250E-1	0.00000000E+0	0.00000000E+0
-2.51464844E-1	-2.33868996E-5	-2.33868996E-5	-2.51464844E-1	0.00000000E+0	0.00000000E+0
-2.49023437E-1	-2.31515005E-5	-2.31515005E-5	-2.49023437E-1	0.00000000E+0	0.00000000E+0
-2.46582031E-1	-2.29479992E-5	-2.29479992E-5	-2.46582031E-1	0.00000000E+0	0.00000000E+0
-2.44140625E-1	-2.27138007E-5	-2.27138007E-5	-2.44140625E-1	0.00000000E+0	0.00000000E+0
-2.41699219E-1	-2.24898995E-5	-2.24898995E-5	-2.41699219E-1	0.00000000E+0	0.00000000E+0
-2.39257812E-1	-2.22863000E-5	-2.22863000E-5	-2.39257812E-1	0.00000000E+0	0.00000000E+0
-2.36816406E-1	-2.20624006E-5	-2.20624006E-5	-2.36816406E-1	0.00000000E+0	0.00000000E+0
-2.34375000E-1	-2.18334008E-5	-2.18334008E-5	-2.34375000E-1	0.00000000E+0	0.00000000E+0
-2.31933594E-1	-2.16235003E-5	-2.16235003E-5	-2.31933594E-1	0.00000000E+0	0.00000000E+0
-2.29492187E-1	-2.13906005E-5	-2.13906005E-5	-2.29492187E-1	0.00000000E+0	0.00000000E+0
-2.27050781E-1	-2.11769002E-5	-2.11769002E-5	-2.27050781E-1	0.00000000E+0	0.00000000E+0
-2.24609375E-1	-2.09517002E-5	-2.09517002E-5	-2.24609375E-1	0.00000000E+0	0.00000000E+0
-2.22167969E-1	-2.07378998E-5	-2.07378998E-5	-2.22167969E-1	0.00000000E+0	0.00000000E+0
-2.19726562E-1	-2.05051001E-5	-2.05051001E-5	-2.19726562E-1	0.00000000E+0	0.00000000E+0
-2.17285156E-1	-2.02799001E-5	-2.02799001E-5	-2.17285156E-1	0.00000000E+0	0.00000000E+0
-2.14843750E-1	-2.00585000E-5	-2.00585000E-5	-2.14843750E-1	0.00000000E+0	0.00000000E+0
-2.12402344E-1	-1.98434009E-5	-1.98434009E-5	-2.12402344E-1	0.00000000E+0	0.00000000E+0
-2.09960937E-1	-1.96194997E-5	-1.96194997E-5	-2.09960937E-1	0.00000000E+0	0.00000000E+0
-2.07519531E-1	-1.93956002E-5	-1.93956002E-5	-2.07519531E-1	0.00000000E+0	0.00000000E+0
-2.05078125E-1	-1.91614999E-5	-1.91614999E-5	-2.05078125E-1	0.00000000E+0	0.00000000E+0
-2.02636719E-1	-1.89552993E-5	-1.89552993E-5	-2.02636719E-1	0.00000000E+0	0.00000000E+0
-2.00195312E-1	-1.87186997E-5	-1.87186997E-5	-2.00195312E-1	0.00000000E+0	0.00000000E+0
-1.97753906E-1	-1.84896999E-5	-1.84896999E-5	-1.97753906E-1	0.00000000E+0	0.00000000E+0
-1.95312500E-1	-1.82581007E-5	-1.82581007E-5	-1.95312500E-1	0.00000000E+0	0.00000000E+0
-1.92871094E-1	-1.80468996E-5	-1.80468996E-5	-1.92871094E-1	0.00000000E+0	0.00000000E+0
-1.90429687E-1	-1.78178998E-5	-1.78178998E-5	-1.90429687E-1	0.00000000E+0	0.00000000E+0
-1.87988281E-1	-1.75939003E-5	-1.75939003E-5	-1.87988281E-1	0.00000000E+0	0.00000000E+0
-1.85546875E-1	-1.73674998E-5	-1.73674998E-5	-1.85546875E-1	0.00000000E+0	0.00000000E+0
-1.83105469E-1	-1.71574993E-5	-1.71574993E-5	-1.83105469E-1	0.00000000E+0	0.00000000E+0
-1.80664062E-1	-1.69272007E-5	-1.69272007E-5	-1.80664062E-1	0.00000000E+0	0.00000000E+0
-1.78222656E-1	-1.66880000E-5	-1.66880000E-5	-1.78222656E-1	0.00000000E+0	0.00000000E+0
-1.75781250E-1	-1.64590001E-5	-1.64590001E-5	-1.75781250E-1	0.00000000E+0	0.00000000E+0
-1.73339844E-1	-1.62401993E-5	-1.62401993E-5	-1.73339844E-1	0.00000000E+0	0.00000000E+0
-1.70898437E-1	-1.60061009E-5	-1.60061009E-5	-1.70898437E-1	0.00000000E+0	0.00000000E+0
-1.68457031E-1	-1.57834002E-5	-1.57834002E-5	-1.68457031E-1	0.00000000E+0	0.00000000E+0
-1.66015625E-1	-1.55506004E-5	-1.55506004E-5	-1.66015625E-1	0.00000000E+0	0.00000000E+0
-1.63574219E-1	-1.53316996E-5	-1.53316996E-5	-1.63574219E-1	0.00000000E+0	0.00000000E+0
-1.61132812E-1	-1.51001996E-5	-1.51001996E-5	-1.61132812E-1	0.00000000E+0	0.00000000E+0
-1.58691406E-1	-1.48864001E-5	-1.48864001E-5	-1.58691406E-1	0.00000000E+0	0.00000000E+0
-1.56250000E-1	-1.46420998E-5	-1.46420998E-5	-1.56250000E-1	0.00000000E+0	0.00000000E+0
-1.53808594E-1	-1.44168998E-5	-1.44168998E-5	-1.53808594E-1	0.00000000E+0	0.00000000E+0
-1.51367187E-1	-1.41916998E-5	-1.41916998E-5	-1.51367187E-1	0.00000000E+0	0.00000000E+0
-1.48925781E-1	-1.39702997E-5	-1.39702997E-5	-1.48925781E-1	0.00000000E+0	0.00000000E+0
-1.46484375E-1	-1.37375000E-5	-1.37375000E-5	-1.46484375E-1	0.00000000E+0	0.00000000E+0
-1.44042969E-1	-1.35046002E-5	-1.35046002E-5	-1.44042969E-1	0.00000000E+0	0.00000000E+0
-1.41601562E-1	-1.32781997E-5	-1.32781997E-5	-1.41601562E-1	0.00000000E+0	0.00000000E+0
-1.39160156E-1	-1.30542003E-5	-1.30542003E-5	-1.39160156E-1	0.00000000E+0	0.00000000E+0
-1.36718750E-1	-1.28337997E-5	-1.28337997E-5	-1.36718750E-1	0.00000000E+0	0.00000000E+0
-1.34277344E-1	-1.26097002E-5	-1.26097002E-5	-1.34277344E-1	0.00000000E+0	0.00000000E+0
-1.31835937E-1	-1.23806003E-5	-1.23806003E-5	-1.31835937E-1	0.00000000E+0	0.00000000E+0
-1.29394531E-1	-1.21594003E-5	-1.21594003E-5	-1.29394531E-1	0.00000000E+0	0.00000000E+0
-1.26953125E-1	-1.19279002E-5	-1.19279002E-5	-1.26953125E-1	0.00000000E+0	0.00000000E+0
-1.24511719E-1	-1.17052996E-5	-1.17052996E-5	-1.24511719E-1	0.00000000E+0	0.00000000E+0
-1.22070312E-1	-1.14739996E-5	-1.14739996E-5	-1.22070312E-1	0.00000000E+0	0.00000000E+0
-1.19628906E-1	-1.12544003E-5	-1.12544003E-5	-1.19628906E-1	0.00000000E+0	0.00000000E+0
-1.17187500E-1	-1.10241999E-5	-1.10241999E-5	-1.17187500E-1	0.00000000E+0	0.00000000E+0
-1.14746094E-1	-1.08036002E-5	-1.08036002E-5	-1.14746094E-1	0.00000000E+0	0.00000000E+0
-1.12304687E-1	-1.05745003E-5	-1.05745003E-5	-1.12304687E-1	0.00000000E+0	0.00000000E+0
-1.09863281E-1	-1.03524999E-5	-1.03524999E-5	-1.09863281E-1	0.00000000E+0	0.00000000E+0
-1.07421875E-1	-1.01224005E-5	-1.01224005E-5	-1.07421875E-1	0.00000000E+0	0.00000000E+0
-1.04980469E-1	-9.89747969E-6	-9.89747969E-6	-1.04980469E-1	0.00000000E+0	0.00000000E+0
-1.02539062E-1	-9.66557036E-6	-9.66557036E-6	-1.02539062E-1	0.00000000E+0	0.00000000E+0
-1.00097656E-1	-9.44423027E-6	-9.44423027E-6	-1.00097656E-1	0.00000000E+0	0.00000000E+0
-9.76562500E-2	-9.21322044E-6	-9.21322044E-6	-9.76562500E-2	0.00000000E+0	0.00000000E+0
-9.52148438E-2	-8.99301995E-6	-8.99301995E-6	-9.52148438E-2	0.00000000E+0	0.00000000E+0
-9.27734375E-2	-8.76023023E-6	-8.76023023E-6	-9.27734375E-2	0.00000000E+0	0.00000000E+0
-9.03320313E-2	-8.53353959E-6	-8.53353959E-6	-9.03320313E-2	0.00000000E+0	0.00000000E+0
-8.78906250E-2	-8.30113004E-6	-8.30113004E-6	-8.78906250E-2	0.00000000E+0	0.00000000E+0
-8.54492188E-2	-8.07674041E-6	-8.07674041E-6	-8.54492188E-2	0.00000000E+0	0.00000000E+0
-8.30078125E-2	-7.84051008E-6	-7.84051008E-6	-8.30078125E-2	0.00000000E+0	0.00000000E+0
-8.05664063E-2	-7.61726005E-6	-7.61726005E-6	-8.05664063E-2	0.00000000E+0	0.00000000E+0
-7.81250000E-2	-7.37530991E-6	-7.37530991E-6	-7.81250000E-2	0.00000000E+0	0.00000000E+0
-7.56835938E-2	-7.15624992E-6	-7.15624992E-6	-7.56835938E-2	0.00000000E+0	0.00000000E+0
-7.32421875E-2	-6.92346021E-6	-6.92346021E-6	-7.32421875E-2	0.00000000E+0	0.00000000E+0
-7.08007813E-2	-6.69601013E-6	-6.69601013E-6	-7.08007813E-2	0.00000000E+0	0.00000000E+0
-6.83593750E-2	-6.46092985E-6	-6.46092985E-6	-6.83593750E-2	0.00000000E+0	0.00000000E+0
-6.59179688E-2	-6.23539017E-6	-6.23539017E-6	-6.59179688E-2	0.00000000E+0	0.00000000E+0
-6.34765625E-2	-6.00298017E-6	-6.00298017E-6	-6.34765625E-2	0.00000000E+0	0.00000000E+0
-6.10351563E-2	-5.77628998E-6	-5.77628998E-6	-6.10351563E-2	0.00000000E+0	0.00000000E+0
-5.85937500E-2	-5.53816017E-6	-5.53816017E-6	-5.85937500E-2	0.00000000E+0	0.00000000E+0
-5.61523438E-2	-5.31452997E-6	-5.31452997E-6	-5.61523438E-2	0.00000000E+0	0.00000000E+0
-5.37109375E-2	-5.08021003E-6	-5.08021003E-6	-5.37109375E-2	0.00000000E+0	0.00000000E+0
-5.12695313E-2	-4.85351984E-6	-4.85351984E-6	-5.12695313E-2	0.00000000E+0	0.00000000E+0
-4.88281250E-2	-4.61690979E-6	-4.61690979E-6	-4.88281250E-2	0.00000000E+0	0.00000000E+0
-4.63867188E-2	-4.38869984E-6	-4.38869984E-6	-4.63867188E-2	0.00000000E+0	0.00000000E+0
-4.39453125E-2	-4.15591012E-6	-4.15591012E-6	-4.39453125E-2	0.00000000E+0	0.00000000E+0
-4.15039063E-2	-3.92464017E-6	-3.92464017E-6	-4.15039063E-2	0.00000000E+0	0.00000000E+0
-3.90625000E-2	-3.68575002E-6	-3.68575002E-6	-3.90625000E-2	0.00000000E+0	0.00000000E+0
-3.66210938E-2	-3.46211004E-6	-3.46211004E-6	-3.66210938E-2	0.00000000E+0	0.00000000E+0
-3.41796875E-2	-3.23046993E-6	-3.23046993E-6	-3.41796875E-2	0.00000000E+0	0.00000000E+0
-3.17382813E-2	-3.00340002E-6	-3.00340002E-6	-3.17382813E-2	0.00000000E+0	0.00000000E+0
-2.92968750E-2	-2.77136996E-6	-2.77136996E-6	-2.92968750E-2	0.00000000E+0	0.00000000E+0
-2.68554688E-2	-2.54658994E-6	-2.54658994E-6	-2.68554688E-2	0.00000000E+0	0.00000000E+0
-2.44140625E-2	-2.31342005E-6	-2.31342005E-6	-2.44140625E-2	0.00000000E+0	0.00000000E+0
-2.19726563E-2	-2.08673009E-6	-2.08673009E-6	-2.19726563E-2	0.00000000E+0	0.00000000E+0
-1.95312500E-2	-1.85318004E-6	-1.85318004E-6	-1.95312500E-2	0.00000000E+0	0.00000000E+0
-1.70898438E-2	-1.63081995E-6	-1.63081995E-6	-1.70898438E-2	0.00000000E+0	0.00000000E+0
-1.46484375E-2	-1.40038003E-6	-1.40038003E-6	-1.46484375E-2	0.00000000E+0	0.00000000E+0
-1.22070313E-2	-1.17549996E-6	-1.17549996E-6	-1.22070313E-2	0.00000000E+0	0.00000000E+0
-9.76562500E-3	-9.43041016E-7	-9.43041016E-7	-9.76562500E-3	0.00000000E+0	0.00000000E+0
-7.32421875E-3	-7.19937987E-7	-7.19937987E-7	-7.32421875E-3	0.00000000E+0	0.00000000E+0
-4.88281250E-3	-4.89390004E-7	-4.89390004E-7	-4.88281250E-3	0.00000000E+0	0.00000000E+0
-2.44140625E-3	-2.66592991E-7	-2.66592991E-7	-2.44140625E-3	0.00000000E+0	0.00000000E+0
0.00000000E+0	-3.71422999E-8	-3.71422999E-8	0.00000000E+0	0.00000000E+0	0.00000000E+0
