Date: do 28 mrt 2013, Material: Au, Temp: 4.2 K
AO1 - module gain: 1.0E+0, R_out: 0.0
AO2 - module gain: 1.0E+2
MUX1 - ADC gain: 4, logarithmic amplifier: D:\LabVIEW Data\Lithographic MCBJ\MED24_070412.TXT, R_in: 0.000
MUX2 - ADC gain: 4, linear amplifier: 1.000000 x 1e10 V/A, R_in: 1.000
Breaking trace: 15 0
Axis position: -880.228320
Vbias (V)	<I> and Ii MUX1 (A)	Vbias (V)	<I> and Ii MUX2 (A)
@
0.00000000E+0	-2.96944003E-9	-2.96944003E-9	0.00000000E+0	0.00000000E+0	0.00000000E+0
2.44140625E-3	1.13633000E-7	1.13633000E-7	2.44140625E-3	0.00000000E+0	0.00000000E+0
4.88281250E-3	3.30206007E-7	3.30206007E-7	4.88281250E-3	0.00000000E+0	0.00000000E+0
7.32421875E-3	5.39600990E-7	5.39600990E-7	7.32421875E-3	0.00000000E+0	0.00000000E+0
9.76562500E-3	7.56861027E-7	7.56861027E-7	9.76562500E-3	0.00000000E+0	0.00000000E+0
1.22070313E-2	9.66408948E-7	9.66408948E-7	1.22070313E-2	0.00000000E+0	0.00000000E+0
1.46484375E-2	1.18455000E-6	1.18455000E-6	1.46484375E-2	0.00000000E+0	0.00000000E+0
1.70898438E-2	1.39446001E-6	1.39446001E-6	1.70898438E-2	0.00000000E+0	0.00000000E+0
1.95312500E-2	1.61428000E-6	1.61428000E-6	1.95312500E-2	0.00000000E+0	0.00000000E+0
2.19726563E-2	1.82417000E-6	1.82417000E-6	2.19726563E-2	0.00000000E+0	0.00000000E+0
2.44140625E-2	2.04017010E-6	2.04017010E-6	2.44140625E-2	0.00000000E+0	0.00000000E+0
2.68554688E-2	2.25387998E-6	2.25387998E-6	2.68554688E-2	0.00000000E+0	0.00000000E+0
2.92968750E-2	2.47472008E-6	2.47472008E-6	2.92968750E-2	0.00000000E+0	0.00000000E+0
3.17382813E-2	2.68588997E-6	2.68588997E-6	3.17382813E-2	0.00000000E+0	0.00000000E+0
3.41796875E-2	2.90646994E-6	2.90646994E-6	3.41796875E-2	0.00000000E+0	0.00000000E+0
3.66210938E-2	3.12246993E-6	3.12246993E-6	3.66210938E-2	0.00000000E+0	0.00000000E+0
3.90625000E-2	3.34609990E-6	3.34609990E-6	3.90625000E-2	0.00000000E+0	0.00000000E+0
4.15039063E-2	3.55751990E-6	3.55751990E-6	4.15039063E-2	0.00000000E+0	0.00000000E+0
4.39453125E-2	3.77428000E-6	3.77428000E-6	4.39453125E-2	0.00000000E+0	0.00000000E+0
4.63867188E-2	3.98799011E-6	3.98799011E-6	4.63867188E-2	0.00000000E+0	0.00000000E+0
4.88281250E-2	4.21162986E-6	4.21162986E-6	4.88281250E-2	0.00000000E+0	0.00000000E+0
5.12695313E-2	4.42228020E-6	4.42228020E-6	5.12695313E-2	0.00000000E+0	0.00000000E+0
5.37109375E-2	4.64667983E-6	4.64667983E-6	5.37109375E-2	0.00000000E+0	0.00000000E+0
5.61523438E-2	4.85906003E-6	4.85906003E-6	5.61523438E-2	0.00000000E+0	0.00000000E+0
5.85937500E-2	5.08096991E-6	5.08096991E-6	5.85937500E-2	0.00000000E+0	0.00000000E+0
6.10351563E-2	5.29467980E-6	5.29467980E-6	6.10351563E-2	0.00000000E+0	0.00000000E+0
6.34765625E-2	5.51221001E-6	5.51221001E-6	6.34765625E-2	0.00000000E+0	0.00000000E+0
6.59179688E-2	5.72840008E-6	5.72840008E-6	6.59179688E-2	0.00000000E+0	0.00000000E+0
6.83593750E-2	5.95261008E-6	5.95261008E-6	6.83593750E-2	0.00000000E+0	0.00000000E+0
7.08007813E-2	6.16592979E-6	6.16592979E-6	7.08007813E-2	0.00000000E+0	0.00000000E+0
7.32421875E-2	6.38536994E-6	6.38536994E-6	7.32421875E-2	0.00000000E+0	0.00000000E+0
7.56835938E-2	6.60671003E-6	6.60671003E-6	7.56835938E-2	0.00000000E+0	0.00000000E+0
7.81250000E-2	6.82882001E-6	6.82882001E-6	7.81250000E-2	0.00000000E+0	0.00000000E+0
8.05664063E-2	7.04215017E-6	7.04215017E-6	8.05664063E-2	0.00000000E+0	0.00000000E+0
8.30078125E-2	7.26120015E-6	7.26120015E-6	8.30078125E-2	0.00000000E+0	0.00000000E+0
8.54492188E-2	7.47452987E-6	7.47452987E-6	8.54492188E-2	0.00000000E+0	0.00000000E+0
8.78906250E-2	7.69625967E-6	7.69625967E-6	8.78906250E-2	0.00000000E+0	0.00000000E+0
9.03320313E-2	7.90882041E-6	7.90882041E-6	9.03320313E-2	0.00000000E+0	0.00000000E+0
9.27734375E-2	8.13015959E-6	8.13015959E-6	9.27734375E-2	0.00000000E+0	0.00000000E+0
9.52148438E-2	8.34464026E-6	8.34464026E-6	9.52148438E-2	0.00000000E+0	0.00000000E+0
9.76562500E-2	8.56673978E-6	8.56673978E-6	9.76562500E-2	0.00000000E+0	0.00000000E+0
1.00097656E-1	8.78121955E-6	8.78121955E-6	1.00097656E-1	0.00000000E+0	0.00000000E+0
1.02539062E-1	8.99773022E-6	8.99773022E-6	1.02539062E-1	0.00000000E+0	0.00000000E+0
1.04980469E-1	9.21626997E-6	9.21626997E-6	1.04980469E-1	0.00000000E+0	0.00000000E+0
1.07421875E-1	9.43762007E-6	9.43762007E-6	1.07421875E-1	0.00000000E+0	0.00000000E+0
1.09863281E-1	9.65170966E-6	9.65170966E-6	1.09863281E-1	0.00000000E+0	0.00000000E+0
1.12304687E-1	9.87000021E-6	9.87000021E-6	1.12304687E-1	0.00000000E+0	0.00000000E+0
1.14746094E-1	1.00868001E-5	1.00868001E-5	1.14746094E-1	0.00000000E+0	0.00000000E+0
1.17187500E-1	1.03120001E-5	1.03120001E-5	1.17187500E-1	0.00000000E+0	0.00000000E+0
1.19628906E-1	1.05264999E-5	1.05264999E-5	1.19628906E-1	0.00000000E+0	0.00000000E+0
1.22070312E-1	1.07530996E-5	1.07530996E-5	1.22070312E-1	0.00000000E+0	0.00000000E+0
1.24511719E-1	1.09602997E-5	1.09602997E-5	1.24511719E-1	0.00000000E+0	0.00000000E+0
1.26953125E-1	1.11888003E-5	1.11888003E-5	1.26953125E-1	0.00000000E+0	0.00000000E+0
1.29394531E-1	1.13918004E-5	1.13918004E-5	1.29394531E-1	0.00000000E+0	0.00000000E+0
1.31835937E-1	1.16153997E-5	1.16153997E-5	1.31835937E-1	0.00000000E+0	0.00000000E+0
1.34277344E-1	1.18284997E-5	1.18284997E-5	1.34277344E-1	0.00000000E+0	0.00000000E+0
1.36718750E-1	1.20568002E-5	1.20568002E-5	1.36718750E-1	0.00000000E+0	0.00000000E+0
1.39160156E-1	1.22642996E-5	1.22642996E-5	1.39160156E-1	0.00000000E+0	0.00000000E+0
1.41601562E-1	1.24839999E-5	1.24839999E-5	1.41601562E-1	0.00000000E+0	0.00000000E+0
1.44042969E-1	1.26980003E-5	1.26980003E-5	1.44042969E-1	0.00000000E+0	0.00000000E+0
1.46484375E-1	1.29286000E-5	1.29286000E-5	1.46484375E-1	0.00000000E+0	0.00000000E+0
1.48925781E-1	1.31363004E-5	1.31363004E-5	1.48925781E-1	0.00000000E+0	0.00000000E+0
1.51367187E-1	1.33596004E-5	1.33596004E-5	1.51367187E-1	0.00000000E+0	0.00000000E+0
1.53808594E-1	1.35657001E-5	1.35657001E-5	1.53808594E-1	0.00000000E+0	0.00000000E+0
1.56250000E-1	1.38075002E-5	1.38075002E-5	1.56250000E-1	0.00000000E+0	0.00000000E+0
1.58691406E-1	1.40008997E-5	1.40008997E-5	1.58691406E-1	0.00000000E+0	0.00000000E+0
1.61132812E-1	1.42164999E-5	1.42164999E-5	1.61132812E-1	0.00000000E+0	0.00000000E+0
1.63574219E-1	1.44385003E-5	1.44385003E-5	1.63574219E-1	0.00000000E+0	0.00000000E+0
1.66015625E-1	1.46631000E-5	1.46631000E-5	1.66015625E-1	0.00000000E+0	0.00000000E+0
1.68457031E-1	1.48788004E-5	1.48788004E-5	1.68457031E-1	0.00000000E+0	0.00000000E+0
1.70898437E-1	1.50874002E-5	1.50874002E-5	1.70898437E-1	0.00000000E+0	0.00000000E+0
1.73339844E-1	1.53036999E-5	1.53036999E-5	1.73339844E-1	0.00000000E+0	0.00000000E+0
1.75781250E-1	1.55352991E-5	1.55352991E-5	1.75781250E-1	0.00000000E+0	0.00000000E+0
1.78222656E-1	1.57413997E-5	1.57413997E-5	1.78222656E-1	0.00000000E+0	0.00000000E+0
1.80664062E-1	1.59532992E-5	1.59532992E-5	1.80664062E-1	0.00000000E+0	0.00000000E+0
1.83105469E-1	1.61689004E-5	1.61689004E-5	1.83105469E-1	0.00000000E+0	0.00000000E+0
1.85546875E-1	1.63827008E-5	1.63827008E-5	1.85546875E-1	0.00000000E+0	0.00000000E+0
1.87988281E-1	1.66014997E-5	1.66014997E-5	1.87988281E-1	0.00000000E+0	0.00000000E+0
1.90429687E-1	1.68177994E-5	1.68177994E-5	1.90429687E-1	0.00000000E+0	0.00000000E+0
1.92871094E-1	1.70353997E-5	1.70353997E-5	1.92871094E-1	0.00000000E+0	0.00000000E+0
1.95312500E-1	1.72605996E-5	1.72605996E-5	1.95312500E-1	0.00000000E+0	0.00000000E+0
1.97753906E-1	1.74718007E-5	1.74718007E-5	1.97753906E-1	0.00000000E+0	0.00000000E+0
2.00195312E-1	1.76881003E-5	1.76881003E-5	2.00195312E-1	0.00000000E+0	0.00000000E+0
2.02636719E-1	1.78998998E-5	1.78998998E-5	2.02636719E-1	0.00000000E+0	0.00000000E+0
2.05078125E-1	1.81282994E-5	1.81282994E-5	2.05078125E-1	0.00000000E+0	0.00000000E+0
2.07519531E-1	1.83369993E-5	1.83369993E-5	2.07519531E-1	0.00000000E+0	0.00000000E+0
2.09960937E-1	1.85634999E-5	1.85634999E-5	2.09960937E-1	0.00000000E+0	0.00000000E+0
2.12402344E-1	1.87720998E-5	1.87720998E-5	2.12402344E-1	0.00000000E+0	0.00000000E+0
2.14843750E-1	1.89910006E-5	1.89910006E-5	2.14843750E-1	0.00000000E+0	0.00000000E+0
2.17285156E-1	1.91996005E-5	1.91996005E-5	2.17285156E-1	0.00000000E+0	0.00000000E+0
2.19726562E-1	1.94260992E-5	1.94260992E-5	2.19726562E-1	0.00000000E+0	0.00000000E+0
2.22167969E-1	1.96424007E-5	1.96424007E-5	2.22167969E-1	0.00000000E+0	0.00000000E+0
2.24609375E-1	1.98714006E-5	1.98714006E-5	2.24609375E-1	0.00000000E+0	0.00000000E+0
2.27050781E-1	2.00698996E-5	2.00698996E-5	2.27050781E-1	0.00000000E+0	0.00000000E+0
2.29492187E-1	2.03065993E-5	2.03065993E-5	2.29492187E-1	0.00000000E+0	0.00000000E+0
2.31933594E-1	2.05164997E-5	2.05164997E-5	2.31933594E-1	0.00000000E+0	0.00000000E+0
2.34375000E-1	2.07416997E-5	2.07416997E-5	2.34375000E-1	0.00000000E+0	0.00000000E+0
2.36816406E-1	2.09452992E-5	2.09452992E-5	2.36816406E-1	0.00000000E+0	0.00000000E+0
2.39257812E-1	2.11692004E-5	2.11692004E-5	2.39257812E-1	0.00000000E+0	0.00000000E+0
2.41699219E-1	2.13714993E-5	2.13714993E-5	2.41699219E-1	0.00000000E+0	0.00000000E+0
2.44140625E-1	2.16069002E-5	2.16069002E-5	2.44140625E-1	0.00000000E+0	0.00000000E+0
2.46582031E-1	2.18079003E-5	2.18079003E-5	2.46582031E-1	0.00000000E+0	0.00000000E+0
2.49023437E-1	2.20370002E-5	2.20370002E-5	2.49023437E-1	0.00000000E+0	0.00000000E+0
2.51464844E-1	2.22456001E-5	2.22456001E-5	2.51464844E-1	0.00000000E+0	0.00000000E+0
2.53906250E-1	2.24670002E-5	2.24670002E-5	2.53906250E-1	0.00000000E+0	0.00000000E+0
2.56347656E-1	2.26654993E-5	2.26654993E-5	2.56347656E-1	0.00000000E+0	0.00000000E+0
2.58789062E-1	2.28983008E-5	2.28983008E-5	2.58789062E-1	0.00000000E+0	0.00000000E+0
2.61230469E-1	2.31005997E-5	2.31005997E-5	2.61230469E-1	0.00000000E+0	0.00000000E+0
2.63671875E-1	2.33296996E-5	2.33296996E-5	2.63671875E-1	0.00000000E+0	0.00000000E+0
2.66113281E-1	2.35358002E-5	2.35358002E-5	2.66113281E-1	0.00000000E+0	0.00000000E+0
2.68554687E-1	2.37610002E-5	2.37610002E-5	2.68554687E-1	0.00000000E+0	0.00000000E+0
2.70996094E-1	2.39671008E-5	2.39671008E-5	2.70996094E-1	0.00000000E+0	0.00000000E+0
2.73437500E-1	2.41999005E-5	2.41999005E-5	2.73437500E-1	0.00000000E+0	0.00000000E+0
2.75878906E-1	2.44060993E-5	2.44060993E-5	2.75878906E-1	0.00000000E+0	0.00000000E+0
2.78320312E-1	2.46273994E-5	2.46273994E-5	2.78320312E-1	0.00000000E+0	0.00000000E+0
2.80761719E-1	2.48526994E-5	2.48526994E-5	2.80761719E-1	0.00000000E+0	0.00000000E+0
2.83203125E-1	2.50663998E-5	2.50663998E-5	2.83203125E-1	0.00000000E+0	0.00000000E+0
2.85644531E-1	2.52457994E-5	2.52457994E-5	2.85644531E-1	0.00000000E+0	0.00000000E+0
2.88085937E-1	2.54825009E-5	2.54825009E-5	2.88085937E-1	0.00000000E+0	0.00000000E+0
2.90527344E-1	2.57064003E-5	2.57064003E-5	2.90527344E-1	0.00000000E+0	0.00000000E+0
2.92968750E-1	2.59023000E-5	2.59023000E-5	2.92968750E-1	0.00000000E+0	0.00000000E+0
2.95410156E-1	2.61161003E-5	2.61161003E-5	2.95410156E-1	0.00000000E+0	0.00000000E+0
2.97851562E-1	2.63375005E-5	2.63375005E-5	2.97851562E-1	0.00000000E+0	0.00000000E+0
3.00292969E-1	2.65435992E-5	2.65435992E-5	3.00292969E-1	0.00000000E+0	0.00000000E+0
3.02734375E-1	2.67649993E-5	2.67649993E-5	3.02734375E-1	0.00000000E+0	0.00000000E+0
3.05175781E-1	2.69786997E-5	2.69786997E-5	3.05175781E-1	0.00000000E+0	0.00000000E+0
3.07617187E-1	2.71873996E-5	2.71873996E-5	3.07617187E-1	0.00000000E+0	0.00000000E+0
3.10058594E-1	2.74062004E-5	2.74062004E-5	3.10058594E-1	0.00000000E+0	0.00000000E+0
3.12500000E-1	2.76581995E-5	2.76581995E-5	3.12500000E-1	0.00000000E+0	0.00000000E+0
3.14941406E-1	2.78490006E-5	2.78490006E-5	3.14941406E-1	0.00000000E+0	0.00000000E+0
3.17382812E-1	2.80474997E-5	2.80474997E-5	3.17382812E-1	0.00000000E+0	0.00000000E+0
3.19824219E-1	2.82536002E-5	2.82536002E-5	3.19824219E-1	0.00000000E+0	0.00000000E+0
3.22265625E-1	2.84978996E-5	2.84978996E-5	3.22265625E-1	0.00000000E+0	0.00000000E+0
3.24707031E-1	2.87040002E-5	2.87040002E-5	3.24707031E-1	0.00000000E+0	0.00000000E+0
3.27148437E-1	2.89331001E-5	2.89331001E-5	3.27148437E-1	0.00000000E+0	0.00000000E+0
3.29589844E-1	2.91392007E-5	2.91392007E-5	3.29589844E-1	0.00000000E+0	0.00000000E+0
3.32031250E-1	2.93490993E-5	2.93490993E-5	3.32031250E-1	0.00000000E+0	0.00000000E+0
3.34472656E-1	2.95742993E-5	2.95742993E-5	3.34472656E-1	0.00000000E+0	0.00000000E+0
3.36914062E-1	2.97803999E-5	2.97803999E-5	3.36914062E-1	0.00000000E+0	0.00000000E+0
3.39355469E-1	2.99904004E-5	2.99904004E-5	3.39355469E-1	0.00000000E+0	0.00000000E+0
3.41796875E-1	3.02156004E-5	3.02156004E-5	3.41796875E-1	0.00000000E+0	0.00000000E+0
3.44238281E-1	3.04293008E-5	3.04293008E-5	3.44238281E-1	0.00000000E+0	0.00000000E+0
3.46679687E-1	3.06506990E-5	3.06506990E-5	3.46679687E-1	0.00000000E+0	0.00000000E+0
3.49121094E-1	3.08529998E-5	3.08529998E-5	3.49121094E-1	0.00000000E+0	0.00000000E+0
3.51562500E-1	3.10858995E-5	3.10858995E-5	3.51562500E-1	0.00000000E+0	0.00000000E+0
3.54003906E-1	3.12996017E-5	3.12996017E-5	3.54003906E-1	0.00000000E+0	0.00000000E+0
3.56445312E-1	3.15438992E-5	3.15438992E-5	3.56445312E-1	0.00000000E+0	0.00000000E+0
3.58886719E-1	3.17500017E-5	3.17500017E-5	3.58886719E-1	0.00000000E+0	0.00000000E+0
3.61328125E-1	3.19714018E-5	3.19714018E-5	3.61328125E-1	0.00000000E+0	0.00000000E+0
3.63769531E-1	3.21775005E-5	3.21775005E-5	3.63769531E-1	0.00000000E+0	0.00000000E+0
3.66210937E-1	3.23913009E-5	3.23913009E-5	3.66210937E-1	0.00000000E+0	0.00000000E+0
3.68652344E-1	3.26049994E-5	3.26049994E-5	3.68652344E-1	0.00000000E+0	0.00000000E+0
3.71093750E-1	3.28263995E-5	3.28263995E-5	3.71093750E-1	0.00000000E+0	0.00000000E+0
3.73535156E-1	3.30324983E-5	3.30324983E-5	3.73535156E-1	0.00000000E+0	0.00000000E+0
3.75976562E-1	3.32767995E-5	3.32767995E-5	3.75976562E-1	0.00000000E+0	0.00000000E+0
3.78417969E-1	3.34524011E-5	3.34524011E-5	3.78417969E-1	0.00000000E+0	0.00000000E+0
3.80859375E-1	3.36966987E-5	3.36966987E-5	3.80859375E-1	0.00000000E+0	0.00000000E+0
3.83300781E-1	3.38989994E-5	3.38989994E-5	3.83300781E-1	0.00000000E+0	0.00000000E+0
3.85742187E-1	3.41242012E-5	3.41242012E-5	3.85742187E-1	0.00000000E+0	0.00000000E+0
3.88183594E-1	3.43456013E-5	3.43456013E-5	3.88183594E-1	0.00000000E+0	0.00000000E+0
3.90625000E-1	3.45594017E-5	3.45594017E-5	3.90625000E-1	0.00000000E+0	0.00000000E+0
3.93066406E-1	3.48036010E-5	3.48036010E-5	3.93066406E-1	0.00000000E+0	0.00000000E+0
3.95507812E-1	3.50098016E-5	3.50098016E-5	3.95507812E-1	0.00000000E+0	0.00000000E+0
3.97949219E-1	3.52196985E-5	3.52196985E-5	3.97949219E-1	0.00000000E+0	0.00000000E+0
4.00390625E-1	3.54334006E-5	3.54334006E-5	4.00390625E-1	0.00000000E+0	0.00000000E+0
4.02832031E-1	3.56281016E-5	3.56281016E-5	4.02832031E-1	0.00000000E+0	0.00000000E+0
4.05273437E-1	3.58610014E-5	3.58610014E-5	4.05273437E-1	0.00000000E+0	0.00000000E+0
4.07714844E-1	3.60861995E-5	3.60861995E-5	4.07714844E-1	0.00000000E+0	0.00000000E+0
4.10156250E-1	3.62999017E-5	3.62999017E-5	4.10156250E-1	0.00000000E+0	0.00000000E+0
4.12597656E-1	3.65136984E-5	3.65136984E-5	4.12597656E-1	0.00000000E+0	0.00000000E+0
4.15039062E-1	3.67350985E-5	3.67350985E-5	4.15039062E-1	0.00000000E+0	0.00000000E+0
4.17480469E-1	3.69412010E-5	3.69412010E-5	4.17480469E-1	0.00000000E+0	0.00000000E+0
4.19921875E-1	3.71854985E-5	3.71854985E-5	4.19921875E-1	0.00000000E+0	0.00000000E+0
4.22363281E-1	3.73686999E-5	3.73686999E-5	4.22363281E-1	0.00000000E+0	0.00000000E+0
4.24804687E-1	3.76130010E-5	3.76130010E-5	4.24804687E-1	0.00000000E+0	0.00000000E+0
4.27246094E-1	3.78153018E-5	3.78153018E-5	4.27246094E-1	0.00000000E+0	0.00000000E+0
4.29687500E-1	3.80175989E-5	3.80175989E-5	4.29687500E-1	0.00000000E+0	0.00000000E+0
4.32128906E-1	3.82237013E-5	3.82237013E-5	4.32128906E-1	0.00000000E+0	0.00000000E+0
4.34570312E-1	3.84564992E-5	3.84564992E-5	4.34570312E-1	0.00000000E+0	0.00000000E+0
4.37011719E-1	3.86702995E-5	3.86702995E-5	4.37011719E-1	0.00000000E+0	0.00000000E+0
4.39453125E-1	3.88726003E-5	3.88726003E-5	4.39453125E-1	0.00000000E+0	0.00000000E+0
4.41894531E-1	3.90862988E-5	3.90862988E-5	4.41894531E-1	0.00000000E+0	0.00000000E+0
4.44335937E-1	3.93306000E-5	3.93306000E-5	4.44335937E-1	0.00000000E+0	0.00000000E+0
4.46777344E-1	3.95253010E-5	3.95253010E-5	4.46777344E-1	0.00000000E+0	0.00000000E+0
4.49218750E-1	3.97504991E-5	3.97504991E-5	4.49218750E-1	0.00000000E+0	0.00000000E+0
4.51660156E-1	3.99413984E-5	3.99413984E-5	4.51660156E-1	0.00000000E+0	0.00000000E+0
4.54101562E-1	4.01551006E-5	4.01551006E-5	4.54101562E-1	0.00000000E+0	0.00000000E+0
4.56542969E-1	4.03841004E-5	4.03841004E-5	4.56542969E-1	0.00000000E+0	0.00000000E+0
4.58984375E-1	4.06055005E-5	4.06055005E-5	4.58984375E-1	0.00000000E+0	0.00000000E+0
4.61425781E-1	4.08421984E-5	4.08421984E-5	4.61425781E-1	0.00000000E+0	0.00000000E+0
4.63867187E-1	4.10711982E-5	4.10711982E-5	4.63867187E-1	0.00000000E+0	0.00000000E+0
4.66308594E-1	4.12849004E-5	4.12849004E-5	4.66308594E-1	0.00000000E+0	0.00000000E+0
4.68750000E-1	4.14911010E-5	4.14911010E-5	4.68750000E-1	0.00000000E+0	0.00000000E+0
4.71191406E-1	4.17047995E-5	4.17047995E-5	4.71191406E-1	0.00000000E+0	0.00000000E+0
4.73632812E-1	4.19376993E-5	4.19376993E-5	4.73632812E-1	0.00000000E+0	0.00000000E+0
4.76074219E-1	4.21322984E-5	4.21322984E-5	4.76074219E-1	0.00000000E+0	0.00000000E+0
4.78515625E-1	4.23614001E-5	4.23614001E-5	4.78515625E-1	0.00000000E+0	0.00000000E+0
4.80957031E-1	4.25674989E-5	4.25674989E-5	4.80957031E-1	0.00000000E+0	0.00000000E+0
4.83398437E-1	4.27888990E-5	4.27888990E-5	4.83398437E-1	0.00000000E+0	0.00000000E+0
4.85839844E-1	4.30330983E-5	4.30330983E-5	4.85839844E-1	0.00000000E+0	0.00000000E+0
4.88281250E-1	4.32392990E-5	4.32392990E-5	4.88281250E-1	0.00000000E+0	0.00000000E+0
4.90722656E-1	4.34606991E-5	4.34606991E-5	4.90722656E-1	0.00000000E+0	0.00000000E+0
4.93164062E-1	4.36668015E-5	4.36668015E-5	4.93164062E-1	0.00000000E+0	0.00000000E+0
4.90722656E-1	4.34606991E-5	4.34606991E-5	4.90722656E-1	0.00000000E+0	0.00000000E+0
4.88281250E-1	4.32392990E-5	4.32392990E-5	4.88281250E-1	0.00000000E+0	0.00000000E+0
4.85839844E-1	4.30026012E-5	4.30026012E-5	4.85839844E-1	0.00000000E+0	0.00000000E+0
4.83398437E-1	4.27888990E-5	4.27888990E-5	4.83398437E-1	0.00000000E+0	0.00000000E+0
4.80957031E-1	4.25674989E-5	4.25674989E-5	4.80957031E-1	0.00000000E+0	0.00000000E+0
4.78515625E-1	4.23614001E-5	4.23614001E-5	4.78515625E-1	0.00000000E+0	0.00000000E+0
4.76074219E-1	4.21322984E-5	4.21322984E-5	4.76074219E-1	0.00000000E+0	0.00000000E+0
4.73632812E-1	4.19108983E-5	4.19108983E-5	4.73632812E-1	0.00000000E+0	0.00000000E+0
4.71191406E-1	4.16934017E-5	4.16934017E-5	4.71191406E-1	0.00000000E+0	0.00000000E+0
4.68750000E-1	4.14911010E-5	4.14911010E-5	4.68750000E-1	0.00000000E+0	0.00000000E+0
4.66308594E-1	4.12543995E-5	4.12543995E-5	4.66308594E-1	0.00000000E+0	0.00000000E+0
4.63867187E-1	4.10329994E-5	4.10329994E-5	4.63867187E-1	0.00000000E+0	0.00000000E+0
4.61425781E-1	4.08269007E-5	4.08269007E-5	4.61425781E-1	0.00000000E+0	0.00000000E+0
4.58984375E-1	4.06055005E-5	4.06055005E-5	4.58984375E-1	0.00000000E+0	0.00000000E+0
4.56542969E-1	4.03994018E-5	4.03994018E-5	4.56542969E-1	0.00000000E+0	0.00000000E+0
4.54101562E-1	4.01780017E-5	4.01780017E-5	4.54101562E-1	0.00000000E+0	0.00000000E+0
4.51660156E-1	3.99413984E-5	3.99413984E-5	4.51660156E-1	0.00000000E+0	0.00000000E+0
4.49218750E-1	3.97504991E-5	3.97504991E-5	4.49218750E-1	0.00000000E+0	0.00000000E+0
4.46777344E-1	3.95253010E-5	3.95253010E-5	4.46777344E-1	0.00000000E+0	0.00000000E+0
4.44335937E-1	3.93306000E-5	3.93306000E-5	4.44335937E-1	0.00000000E+0	0.00000000E+0
4.41894531E-1	3.91169015E-5	3.91169015E-5	4.41894531E-1	0.00000000E+0	0.00000000E+0
4.39453125E-1	3.89031011E-5	3.89031011E-5	4.39453125E-1	0.00000000E+0	0.00000000E+0
4.37011719E-1	3.86702995E-5	3.86702995E-5	4.37011719E-1	0.00000000E+0	0.00000000E+0
4.34570312E-1	3.84564992E-5	3.84564992E-5	4.34570312E-1	0.00000000E+0	0.00000000E+0
4.32128906E-1	3.82237013E-5	3.82237013E-5	4.32128906E-1	0.00000000E+0	0.00000000E+0
4.29687500E-1	3.80175989E-5	3.80175989E-5	4.29687500E-1	0.00000000E+0	0.00000000E+0
4.27246094E-1	3.78153018E-5	3.78153018E-5	4.27246094E-1	0.00000000E+0	0.00000000E+0
4.24804687E-1	3.76130010E-5	3.76130010E-5	4.24804687E-1	0.00000000E+0	0.00000000E+0
4.22363281E-1	3.73686999E-5	3.73686999E-5	4.22363281E-1	0.00000000E+0	0.00000000E+0
4.19921875E-1	3.71854985E-5	3.71854985E-5	4.19921875E-1	0.00000000E+0	0.00000000E+0
4.17480469E-1	3.69412010E-5	3.69412010E-5	4.17480469E-1	0.00000000E+0	0.00000000E+0
4.15039062E-1	3.67350985E-5	3.67350985E-5	4.15039062E-1	0.00000000E+0	0.00000000E+0
4.12597656E-1	3.65136984E-5	3.65136984E-5	4.12597656E-1	0.00000000E+0	0.00000000E+0
4.10156250E-1	3.62999017E-5	3.62999017E-5	4.10156250E-1	0.00000000E+0	0.00000000E+0
4.07714844E-1	3.60861995E-5	3.60861995E-5	4.07714844E-1	0.00000000E+0	0.00000000E+0
4.05273437E-1	3.58610014E-5	3.58610014E-5	4.05273437E-1	0.00000000E+0	0.00000000E+0
4.02832031E-1	3.56281016E-5	3.56281016E-5	4.02832031E-1	0.00000000E+0	0.00000000E+0
4.00390625E-1	3.54334006E-5	3.54334006E-5	4.00390625E-1	0.00000000E+0	0.00000000E+0
3.97949219E-1	3.52196985E-5	3.52196985E-5	3.97949219E-1	0.00000000E+0	0.00000000E+0
3.95507812E-1	3.50098016E-5	3.50098016E-5	3.95507812E-1	0.00000000E+0	0.00000000E+0
3.93066406E-1	3.48036010E-5	3.48036010E-5	3.93066406E-1	0.00000000E+0	0.00000000E+0
3.90625000E-1	3.45594017E-5	3.45594017E-5	3.90625000E-1	0.00000000E+0	0.00000000E+0
3.88183594E-1	3.43684987E-5	3.43684987E-5	3.88183594E-1	0.00000000E+0	0.00000000E+0
3.85742187E-1	3.41242012E-5	3.41242012E-5	3.85742187E-1	0.00000000E+0	0.00000000E+0
3.83300781E-1	3.39180988E-5	3.39180988E-5	3.83300781E-1	0.00000000E+0	0.00000000E+0
3.80859375E-1	3.36966987E-5	3.36966987E-5	3.80859375E-1	0.00000000E+0	0.00000000E+0
3.78417969E-1	3.34905999E-5	3.34905999E-5	3.78417969E-1	0.00000000E+0	0.00000000E+0
3.75976562E-1	3.32767995E-5	3.32767995E-5	3.75976562E-1	0.00000000E+0	0.00000000E+0
3.73535156E-1	3.30324983E-5	3.30324983E-5	3.73535156E-1	0.00000000E+0	0.00000000E+0
3.71093750E-1	3.28263995E-5	3.28263995E-5	3.71093750E-1	0.00000000E+0	0.00000000E+0
3.68652344E-1	3.26049994E-5	3.26049994E-5	3.68652344E-1	0.00000000E+0	0.00000000E+0
3.66210937E-1	3.23913009E-5	3.23913009E-5	3.66210937E-1	0.00000000E+0	0.00000000E+0
3.63769531E-1	3.21775005E-5	3.21775005E-5	3.63769531E-1	0.00000000E+0	0.00000000E+0
3.61328125E-1	3.19522987E-5	3.19522987E-5	3.61328125E-1	0.00000000E+0	0.00000000E+0
3.58886719E-1	3.17500017E-5	3.17500017E-5	3.58886719E-1	0.00000000E+0	0.00000000E+0
3.56445312E-1	3.15438992E-5	3.15438992E-5	3.56445312E-1	0.00000000E+0	0.00000000E+0
3.54003906E-1	3.13148994E-5	3.13148994E-5	3.54003906E-1	0.00000000E+0	0.00000000E+0
3.51562500E-1	3.10858995E-5	3.10858995E-5	3.51562500E-1	0.00000000E+0	0.00000000E+0
3.49121094E-1	3.08720992E-5	3.08720992E-5	3.49121094E-1	0.00000000E+0	0.00000000E+0
3.46679687E-1	3.06506990E-5	3.06506990E-5	3.46679687E-1	0.00000000E+0	0.00000000E+0
3.44238281E-1	3.04293008E-5	3.04293008E-5	3.44238281E-1	0.00000000E+0	0.00000000E+0
3.41796875E-1	3.02156004E-5	3.02156004E-5	3.41796875E-1	0.00000000E+0	0.00000000E+0
3.39355469E-1	2.99904004E-5	2.99904004E-5	3.39355469E-1	0.00000000E+0	0.00000000E+0
3.36914062E-1	2.97803999E-5	2.97803999E-5	3.36914062E-1	0.00000000E+0	0.00000000E+0
3.34472656E-1	2.95742993E-5	2.95742993E-5	3.34472656E-1	0.00000000E+0	0.00000000E+0
3.32031250E-1	2.93490993E-5	2.93490993E-5	3.32031250E-1	0.00000000E+0	0.00000000E+0
3.29589844E-1	2.91238994E-5	2.91238994E-5	3.29589844E-1	0.00000000E+0	0.00000000E+0
3.27148437E-1	2.89331001E-5	2.89331001E-5	3.27148437E-1	0.00000000E+0	0.00000000E+0
3.24707031E-1	2.87040002E-5	2.87040002E-5	3.24707031E-1	0.00000000E+0	0.00000000E+0
3.22265625E-1	2.84978996E-5	2.84978996E-5	3.22265625E-1	0.00000000E+0	0.00000000E+0
3.19824219E-1	2.82536002E-5	2.82536002E-5	3.19824219E-1	0.00000000E+0	0.00000000E+0
3.17382812E-1	2.80474997E-5	2.80474997E-5	3.17382812E-1	0.00000000E+0	0.00000000E+0
3.14941406E-1	2.78490006E-5	2.78490006E-5	3.14941406E-1	0.00000000E+0	0.00000000E+0
3.12500000E-1	2.76200008E-5	2.76200008E-5	3.12500000E-1	0.00000000E+0	0.00000000E+0
3.10058594E-1	2.74062004E-5	2.74062004E-5	3.10058594E-1	0.00000000E+0	0.00000000E+0
3.07617187E-1	2.71873996E-5	2.71873996E-5	3.07617187E-1	0.00000000E+0	0.00000000E+0
3.05175781E-1	2.69786997E-5	2.69786997E-5	3.05175781E-1	0.00000000E+0	0.00000000E+0
3.02734375E-1	2.67649993E-5	2.67649993E-5	3.02734375E-1	0.00000000E+0	0.00000000E+0
3.00292969E-1	2.65435992E-5	2.65435992E-5	3.00292969E-1	0.00000000E+0	0.00000000E+0
2.97851562E-1	2.63375005E-5	2.63375005E-5	2.97851562E-1	0.00000000E+0	0.00000000E+0
2.95410156E-1	2.61161003E-5	2.61161003E-5	2.95410156E-1	0.00000000E+0	0.00000000E+0
2.92968750E-1	2.59023000E-5	2.59023000E-5	2.92968750E-1	0.00000000E+0	0.00000000E+0
2.90527344E-1	2.57064003E-5	2.57064003E-5	2.90527344E-1	0.00000000E+0	0.00000000E+0
2.88085937E-1	2.54723000E-5	2.54723000E-5	2.88085937E-1	0.00000000E+0	0.00000000E+0
2.85644531E-1	2.52457994E-5	2.52457994E-5	2.85644531E-1	0.00000000E+0	0.00000000E+0
2.83203125E-1	2.50550002E-5	2.50550002E-5	2.83203125E-1	0.00000000E+0	0.00000000E+0
2.80761719E-1	2.48336000E-5	2.48336000E-5	2.80761719E-1	0.00000000E+0	0.00000000E+0
2.78320312E-1	2.46084001E-5	2.46084001E-5	2.78320312E-1	0.00000000E+0	0.00000000E+0
2.75878906E-1	2.43945997E-5	2.43945997E-5	2.75878906E-1	0.00000000E+0	0.00000000E+0
2.73437500E-1	2.41808993E-5	2.41808993E-5	2.73437500E-1	0.00000000E+0	0.00000000E+0
2.70996094E-1	2.39556994E-5	2.39556994E-5	2.70996094E-1	0.00000000E+0	0.00000000E+0
2.68554687E-1	2.37419008E-5	2.37419008E-5	2.68554687E-1	0.00000000E+0	0.00000000E+0
2.66113281E-1	2.35167008E-5	2.35167008E-5	2.66113281E-1	0.00000000E+0	0.00000000E+0
2.63671875E-1	2.33144001E-5	2.33144001E-5	2.63671875E-1	0.00000000E+0	0.00000000E+0
2.61230469E-1	2.30854002E-5	2.30854002E-5	2.61230469E-1	0.00000000E+0	0.00000000E+0
2.58789062E-1	2.28792996E-5	2.28792996E-5	2.58789062E-1	0.00000000E+0	0.00000000E+0
2.56347656E-1	2.26654993E-5	2.26654993E-5	2.56347656E-1	0.00000000E+0	0.00000000E+0
2.53906250E-1	2.24517007E-5	2.24517007E-5	2.53906250E-1	0.00000000E+0	0.00000000E+0
2.51464844E-1	2.22456001E-5	2.22456001E-5	2.51464844E-1	0.00000000E+0	0.00000000E+0
2.49023437E-1	2.20242000E-5	2.20242000E-5	2.49023437E-1	0.00000000E+0	0.00000000E+0
2.46582031E-1	2.18079003E-5	2.18079003E-5	2.46582031E-1	0.00000000E+0	0.00000000E+0
2.44140625E-1	2.15966993E-5	2.15966993E-5	2.44140625E-1	0.00000000E+0	0.00000000E+0
2.41699219E-1	2.13714993E-5	2.13714993E-5	2.41699219E-1	0.00000000E+0	0.00000000E+0
2.39257812E-1	2.11692004E-5	2.11692004E-5	2.39257812E-1	0.00000000E+0	0.00000000E+0
2.36816406E-1	2.09452992E-5	2.09452992E-5	2.36816406E-1	0.00000000E+0	0.00000000E+0
2.34375000E-1	2.07416997E-5	2.07416997E-5	2.34375000E-1	0.00000000E+0	0.00000000E+0
2.31933594E-1	2.05164997E-5	2.05164997E-5	2.31933594E-1	0.00000000E+0	0.00000000E+0
2.29492187E-1	2.02912997E-5	2.02912997E-5	2.29492187E-1	0.00000000E+0	0.00000000E+0
2.27050781E-1	2.00698996E-5	2.00698996E-5	2.27050781E-1	0.00000000E+0	0.00000000E+0
2.24609375E-1	1.98587004E-5	1.98587004E-5	2.24609375E-1	0.00000000E+0	0.00000000E+0
2.22167969E-1	1.96424007E-5	1.96424007E-5	2.22167969E-1	0.00000000E+0	0.00000000E+0
2.19726562E-1	1.94260992E-5	1.94260992E-5	2.19726562E-1	0.00000000E+0	0.00000000E+0
2.17285156E-1	1.91996005E-5	1.91996005E-5	2.17285156E-1	0.00000000E+0	0.00000000E+0
2.14843750E-1	1.89910006E-5	1.89910006E-5	2.14843750E-1	0.00000000E+0	0.00000000E+0
2.12402344E-1	1.87720998E-5	1.87720998E-5	2.12402344E-1	0.00000000E+0	0.00000000E+0
2.09960937E-1	1.85634999E-5	1.85634999E-5	2.09960937E-1	0.00000000E+0	0.00000000E+0
2.07519531E-1	1.83369993E-5	1.83369993E-5	2.07519531E-1	0.00000000E+0	0.00000000E+0
2.05078125E-1	1.81282994E-5	1.81282994E-5	2.05078125E-1	0.00000000E+0	0.00000000E+0
2.02636719E-1	1.78998998E-5	1.78998998E-5	2.02636719E-1	0.00000000E+0	0.00000000E+0
2.00195312E-1	1.76982994E-5	1.76982994E-5	2.00195312E-1	0.00000000E+0	0.00000000E+0
1.97753906E-1	1.74718007E-5	1.74718007E-5	1.97753906E-1	0.00000000E+0	0.00000000E+0
1.95312500E-1	1.72605996E-5	1.72605996E-5	1.95312500E-1	0.00000000E+0	0.00000000E+0
1.92871094E-1	1.70353997E-5	1.70353997E-5	1.92871094E-1	0.00000000E+0	0.00000000E+0
1.90429687E-1	1.68253991E-5	1.68253991E-5	1.90429687E-1	0.00000000E+0	0.00000000E+0
1.87988281E-1	1.66141999E-5	1.66141999E-5	1.87988281E-1	0.00000000E+0	0.00000000E+0
1.85546875E-1	1.63979003E-5	1.63979003E-5	1.85546875E-1	0.00000000E+0	0.00000000E+0
1.83105469E-1	1.61790995E-5	1.61790995E-5	1.83105469E-1	0.00000000E+0	0.00000000E+0
1.80664062E-1	1.59532992E-5	1.59532992E-5	1.80664062E-1	0.00000000E+0	0.00000000E+0
1.78222656E-1	1.57413997E-5	1.57413997E-5	1.78222656E-1	0.00000000E+0	0.00000000E+0
1.75781250E-1	1.55352991E-5	1.55352991E-5	1.75781250E-1	0.00000000E+0	0.00000000E+0
1.73339844E-1	1.53036999E-5	1.53036999E-5	1.73339844E-1	0.00000000E+0	0.00000000E+0
1.70898437E-1	1.50874002E-5	1.50874002E-5	1.70898437E-1	0.00000000E+0	0.00000000E+0
1.68457031E-1	1.48788004E-5	1.48788004E-5	1.68457031E-1	0.00000000E+0	0.00000000E+0
1.66015625E-1	1.46631000E-5	1.46631000E-5	1.66015625E-1	0.00000000E+0	0.00000000E+0
1.63574219E-1	1.44385003E-5	1.44385003E-5	1.63574219E-1	0.00000000E+0	0.00000000E+0
1.61132812E-1	1.42260997E-5	1.42260997E-5	1.61132812E-1	0.00000000E+0	0.00000000E+0
1.58691406E-1	1.40008997E-5	1.40008997E-5	1.58691406E-1	0.00000000E+0	0.00000000E+0
1.56250000E-1	1.38075002E-5	1.38075002E-5	1.56250000E-1	0.00000000E+0	0.00000000E+0
1.53808594E-1	1.35732998E-5	1.35732998E-5	1.53808594E-1	0.00000000E+0	0.00000000E+0
1.51367187E-1	1.33596004E-5	1.33596004E-5	1.51367187E-1	0.00000000E+0	0.00000000E+0
1.48925781E-1	1.31363004E-5	1.31363004E-5	1.48925781E-1	0.00000000E+0	0.00000000E+0
1.46484375E-1	1.29286000E-5	1.29286000E-5	1.46484375E-1	0.00000000E+0	0.00000000E+0
1.44042969E-1	1.27055000E-5	1.27055000E-5	1.44042969E-1	0.00000000E+0	0.00000000E+0
1.41601562E-1	1.24932003E-5	1.24932003E-5	1.41601562E-1	0.00000000E+0	0.00000000E+0
1.39160156E-1	1.22700003E-5	1.22700003E-5	1.39160156E-1	0.00000000E+0	0.00000000E+0
1.36718750E-1	1.20568002E-5	1.20568002E-5	1.36718750E-1	0.00000000E+0	0.00000000E+0
1.34277344E-1	1.18367998E-5	1.18367998E-5	1.34277344E-1	0.00000000E+0	0.00000000E+0
1.31835937E-1	1.16240999E-5	1.16240999E-5	1.31835937E-1	0.00000000E+0	0.00000000E+0
1.29394531E-1	1.14018003E-5	1.14018003E-5	1.29394531E-1	0.00000000E+0	0.00000000E+0
1.26953125E-1	1.11888003E-5	1.11888003E-5	1.26953125E-1	0.00000000E+0	0.00000000E+0
1.24511719E-1	1.09683997E-5	1.09683997E-5	1.24511719E-1	0.00000000E+0	0.00000000E+0
1.22070312E-1	1.07530996E-5	1.07530996E-5	1.22070312E-1	0.00000000E+0	0.00000000E+0
1.19628906E-1	1.05329000E-5	1.05329000E-5	1.19628906E-1	0.00000000E+0	0.00000000E+0
1.17187500E-1	1.03191996E-5	1.03191996E-5	1.17187500E-1	0.00000000E+0	0.00000000E+0
1.14746094E-1	1.00868001E-5	1.00868001E-5	1.14746094E-1	0.00000000E+0	0.00000000E+0
1.12304687E-1	9.87698968E-6	9.87698968E-6	1.12304687E-1	0.00000000E+0	0.00000000E+0
1.09863281E-1	9.65170966E-6	9.65170966E-6	1.09863281E-1	0.00000000E+0	0.00000000E+0
1.07421875E-1	9.43762007E-6	9.43762007E-6	1.07421875E-1	0.00000000E+0	0.00000000E+0
1.04980469E-1	9.21626997E-6	9.21626997E-6	1.04980469E-1	0.00000000E+0	0.00000000E+0
1.02539062E-1	9.00484974E-6	9.00484974E-6	1.02539062E-1	0.00000000E+0	0.00000000E+0
1.00097656E-1	8.78121955E-6	8.78121955E-6	1.00097656E-1	0.00000000E+0	0.00000000E+0
9.76562500E-2	8.56673978E-6	8.56673978E-6	9.76562500E-2	0.00000000E+0	0.00000000E+0
9.52148438E-2	8.34959974E-6	8.34959974E-6	9.52148438E-2	0.00000000E+0	0.00000000E+0
9.27734375E-2	8.13015959E-6	8.13015959E-6	9.27734375E-2	0.00000000E+0	0.00000000E+0
9.03320313E-2	7.91455022E-6	7.91455022E-6	9.03320313E-2	0.00000000E+0	0.00000000E+0
8.78906250E-2	7.69625967E-6	7.69625967E-6	8.78906250E-2	0.00000000E+0	0.00000000E+0
8.54492188E-2	7.47911008E-6	7.47911008E-6	8.54492188E-2	0.00000000E+0	0.00000000E+0
8.30078125E-2	7.26616008E-6	7.26616008E-6	8.30078125E-2	0.00000000E+0	0.00000000E+0
8.05664063E-2	7.04215017E-6	7.04215017E-6	8.05664063E-2	0.00000000E+0	0.00000000E+0
7.81250000E-2	6.82882001E-6	6.82882001E-6	7.81250000E-2	0.00000000E+0	0.00000000E+0
7.56835938E-2	6.60671003E-6	6.60671003E-6	7.56835938E-2	0.00000000E+0	0.00000000E+0
7.32421875E-2	6.38841993E-6	6.38841993E-6	7.32421875E-2	0.00000000E+0	0.00000000E+0
7.08007813E-2	6.17090018E-6	6.17090018E-6	7.08007813E-2	0.00000000E+0	0.00000000E+0
6.83593750E-2	5.95261008E-6	5.95261008E-6	6.83593750E-2	0.00000000E+0	0.00000000E+0
6.59179688E-2	5.73087982E-6	5.73087982E-6	6.59179688E-2	0.00000000E+0	0.00000000E+0
6.34765625E-2	5.51641006E-6	5.51641006E-6	6.34765625E-2	0.00000000E+0	0.00000000E+0
6.10351563E-2	5.29696990E-6	5.29696990E-6	6.10351563E-2	0.00000000E+0	0.00000000E+0
5.85937500E-2	5.08096991E-6	5.08096991E-6	5.85937500E-2	0.00000000E+0	0.00000000E+0
5.61523438E-2	4.85906003E-6	4.85906003E-6	5.61523438E-2	0.00000000E+0	0.00000000E+0
5.37109375E-2	4.64667983E-6	4.64667983E-6	5.37109375E-2	0.00000000E+0	0.00000000E+0
5.12695313E-2	4.42228020E-6	4.42228020E-6	5.12695313E-2	0.00000000E+0	0.00000000E+0
4.88281250E-2	4.21162986E-6	4.21162986E-6	4.88281250E-2	0.00000000E+0	0.00000000E+0
4.63867188E-2	3.98990005E-6	3.98990005E-6	4.63867188E-2	0.00000000E+0	0.00000000E+0
4.39453125E-2	3.77428000E-6	3.77428000E-6	4.39453125E-2	0.00000000E+0	0.00000000E+0
4.15039063E-2	3.55751990E-6	3.55751990E-6	4.15039063E-2	0.00000000E+0	0.00000000E+0
3.90625000E-2	3.34609990E-6	3.34609990E-6	3.90625000E-2	0.00000000E+0	0.00000000E+0
3.66210938E-2	3.12246993E-6	3.12246993E-6	3.66210938E-2	0.00000000E+0	0.00000000E+0
3.41796875E-2	2.90646994E-6	2.90646994E-6	3.41796875E-2	0.00000000E+0	0.00000000E+0
3.17382813E-2	2.68588997E-6	2.68588997E-6	3.17382813E-2	0.00000000E+0	0.00000000E+0
2.92968750E-2	2.47472008E-6	2.47472008E-6	2.92968750E-2	0.00000000E+0	0.00000000E+0
2.68554688E-2	2.25387998E-6	2.25387998E-6	2.68554688E-2	0.00000000E+0	0.00000000E+0
2.44140625E-2	2.04017010E-6	2.04017010E-6	2.44140625E-2	0.00000000E+0	0.00000000E+0
2.19726563E-2	1.82417000E-6	1.82417000E-6	2.19726563E-2	0.00000000E+0	0.00000000E+0
1.95312500E-2	1.61428000E-6	1.61428000E-6	1.95312500E-2	0.00000000E+0	0.00000000E+0
1.70898438E-2	1.39548001E-6	1.39548001E-6	1.70898438E-2	0.00000000E+0	0.00000000E+0
1.46484375E-2	1.18455000E-6	1.18455000E-6	1.46484375E-2	0.00000000E+0	0.00000000E+0
1.22070313E-2	9.66408948E-7	9.66408948E-7	1.22070313E-2	0.00000000E+0	0.00000000E+0
9.76562500E-3	7.57280986E-7	7.57280986E-7	9.76562500E-3	0.00000000E+0	0.00000000E+0
7.32421875E-3	5.39906011E-7	5.39906011E-7	7.32421875E-3	0.00000000E+0	0.00000000E+0
4.88281250E-3	3.30358006E-7	3.30358006E-7	4.88281250E-3	0.00000000E+0	0.00000000E+0
2.44140625E-3	1.17398002E-7	1.17398002E-7	2.44140625E-3	0.00000000E+0	0.00000000E+0
0.00000000E+0	-2.88516011E-9	-2.88516011E-9	0.00000000E+0	0.00000000E+0	0.00000000E+0
-2.44140625E-3	-2.66592991E-7	-2.66592991E-7	-2.44140625E-3	0.00000000E+0	0.00000000E+0
-4.88281250E-3	-4.90192008E-7	-4.90192008E-7	-4.88281250E-3	0.00000000E+0	0.00000000E+0
-7.32421875E-3	-7.21808988E-7	-7.21808988E-7	-7.32421875E-3	0.00000000E+0	0.00000000E+0
-9.76562500E-3	-9.44949988E-7	-9.44949988E-7	-9.76562500E-3	0.00000000E+0	0.00000000E+0
-1.22070313E-2	-1.17987997E-6	-1.17987997E-6	-1.22070313E-2	0.00000000E+0	0.00000000E+0
-1.46484375E-2	-1.40437999E-6	-1.40437999E-6	-1.46484375E-2	0.00000000E+0	0.00000000E+0
-1.70898438E-2	-1.63540005E-6	-1.63540005E-6	-1.70898438E-2	0.00000000E+0	0.00000000E+0
-1.95312500E-2	-1.85928002E-6	-1.85928002E-6	-1.95312500E-2	0.00000000E+0	0.00000000E+0
-2.19726563E-2	-2.09359996E-6	-2.09359996E-6	-2.19726563E-2	0.00000000E+0	0.00000000E+0
-2.44140625E-2	-2.32333991E-6	-2.32333991E-6	-2.44140625E-2	0.00000000E+0	0.00000000E+0
-2.68554688E-2	-2.55766008E-6	-2.55766008E-6	-2.68554688E-2	0.00000000E+0	0.00000000E+0
-2.92968750E-2	-2.78244011E-6	-2.78244011E-6	-2.92968750E-2	0.00000000E+0	0.00000000E+0
-3.17382813E-2	-3.01560999E-6	-3.01560999E-6	-3.17382813E-2	0.00000000E+0	0.00000000E+0
-3.41796875E-2	-3.24534994E-6	-3.24534994E-6	-3.41796875E-2	0.00000000E+0	0.00000000E+0
-3.66210938E-2	-3.47738001E-6	-3.47738001E-6	-3.66210938E-2	0.00000000E+0	0.00000000E+0
-3.90625000E-2	-3.70100997E-6	-3.70100997E-6	-3.90625000E-2	0.00000000E+0	0.00000000E+0
-4.15039063E-2	-3.93991013E-6	-3.93991013E-6	-4.15039063E-2	0.00000000E+0	0.00000000E+0
-4.39453125E-2	-4.17117008E-6	-4.17117008E-6	-4.39453125E-2	0.00000000E+0	0.00000000E+0
-4.63867188E-2	-4.40625990E-6	-4.40625990E-6	-4.63867188E-2	0.00000000E+0	0.00000000E+0
-4.88281250E-2	-4.63523020E-6	-4.63523020E-6	-4.88281250E-2	0.00000000E+0	0.00000000E+0
-5.12695313E-2	-4.87412990E-6	-4.87412990E-6	-5.12695313E-2	0.00000000E+0	0.00000000E+0
-5.37109375E-2	-5.10138989E-6	-5.10138989E-6	-5.37109375E-2	0.00000000E+0	0.00000000E+0
-5.61523438E-2	-5.33589991E-6	-5.33589991E-6	-5.61523438E-2	0.00000000E+0	0.00000000E+0
-5.85937500E-2	-5.55953011E-6	-5.55953011E-6	-5.85937500E-2	0.00000000E+0	0.00000000E+0
-6.10351563E-2	-5.79575999E-6	-5.79575999E-6	-6.10351563E-2	0.00000000E+0	0.00000000E+0
-6.34765625E-2	-6.02740010E-6	-6.02740010E-6	-6.34765625E-2	0.00000000E+0	0.00000000E+0
-6.59179688E-2	-6.26478004E-6	-6.26478004E-6	-6.59179688E-2	0.00000000E+0	0.00000000E+0
-6.83593750E-2	-6.48764990E-6	-6.48764990E-6	-6.83593750E-2	0.00000000E+0	0.00000000E+0
-7.08007813E-2	-6.72195983E-6	-6.72195983E-6	-7.08007813E-2	0.00000000E+0	0.00000000E+0
-7.32421875E-2	-6.94674009E-6	-6.94674009E-6	-7.32421875E-2	0.00000000E+0	0.00000000E+0
-7.56835938E-2	-7.17952980E-6	-7.17952980E-6	-7.56835938E-2	0.00000000E+0	0.00000000E+0
-7.81250000E-2	-7.40317000E-6	-7.40317000E-6	-7.81250000E-2	0.00000000E+0	0.00000000E+0
-8.05664063E-2	-7.63863045E-6	-7.63863045E-6	-8.05664063E-2	0.00000000E+0	0.00000000E+0
-8.30078125E-2	-7.86874989E-6	-7.86874989E-6	-8.30078125E-2	0.00000000E+0	0.00000000E+0
-8.54492188E-2	-8.09849007E-6	-8.09849007E-6	-8.54492188E-2	0.00000000E+0	0.00000000E+0
-8.78906250E-2	-8.32555997E-6	-8.32555997E-6	-8.78906250E-2	0.00000000E+0	0.00000000E+0
-9.03320313E-2	-8.55797043E-6	-8.55797043E-6	-9.03320313E-2	0.00000000E+0	0.00000000E+0
-9.27734375E-2	-8.78465016E-6	-8.78465016E-6	-9.27734375E-2	0.00000000E+0	0.00000000E+0
-9.52148438E-2	-9.01744988E-6	-9.01744988E-6	-9.52148438E-2	0.00000000E+0	0.00000000E+0
-9.76562500E-2	-9.23802963E-6	-9.23802963E-6	-9.76562500E-2	0.00000000E+0	0.00000000E+0
-1.00097656E-1	-9.46814998E-6	-9.46814998E-6	-1.00097656E-1	0.00000000E+0	0.00000000E+0
-1.02539062E-1	-9.69304983E-6	-9.69304983E-6	-1.02539062E-1	0.00000000E+0	0.00000000E+0
-1.04980469E-1	-9.92380956E-6	-9.92380956E-6	-1.04980469E-1	0.00000000E+0	0.00000000E+0
-1.07421875E-1	-1.01547002E-5	-1.01547002E-5	-1.07421875E-1	0.00000000E+0	0.00000000E+0
-1.09863281E-1	-1.03800003E-5	-1.03800003E-5	-1.09863281E-1	0.00000000E+0	0.00000000E+0
-1.12304687E-1	-1.06022999E-5	-1.06022999E-5	-1.12304687E-1	0.00000000E+0	0.00000000E+0
-1.14746094E-1	-1.08339000E-5	-1.08339000E-5	-1.14746094E-1	0.00000000E+0	0.00000000E+0
-1.17187500E-1	-1.10519004E-5	-1.10519004E-5	-1.17187500E-1	0.00000000E+0	0.00000000E+0
-1.19628906E-1	-1.12834996E-5	-1.12834996E-5	-1.19628906E-1	0.00000000E+0	0.00000000E+0
-1.22070312E-1	-1.15153998E-5	-1.15153998E-5	-1.22070312E-1	0.00000000E+0	0.00000000E+0
-1.24511719E-1	-1.17464997E-5	-1.17464997E-5	-1.24511719E-1	0.00000000E+0	0.00000000E+0
-1.26953125E-1	-1.19677998E-5	-1.19677998E-5	-1.26953125E-1	0.00000000E+0	0.00000000E+0
-1.29394531E-1	-1.22018000E-5	-1.22018000E-5	-1.29394531E-1	0.00000000E+0	0.00000000E+0
-1.31835937E-1	-1.24223998E-5	-1.24223998E-5	-1.31835937E-1	0.00000000E+0	0.00000000E+0
-1.34277344E-1	-1.26466002E-5	-1.26466002E-5	-1.34277344E-1	0.00000000E+0	0.00000000E+0
-1.36718750E-1	-1.28682004E-5	-1.28682004E-5	-1.36718750E-1	0.00000000E+0	0.00000000E+0
-1.39160156E-1	-1.30999997E-5	-1.30999997E-5	-1.39160156E-1	0.00000000E+0	0.00000000E+0
-1.41601562E-1	-1.33270996E-5	-1.33270996E-5	-1.41601562E-1	0.00000000E+0	0.00000000E+0
-1.44042969E-1	-1.35529999E-5	-1.35529999E-5	-1.44042969E-1	0.00000000E+0	0.00000000E+0
-1.46484375E-1	-1.37871002E-5	-1.37871002E-5	-1.46484375E-1	0.00000000E+0	0.00000000E+0
-1.48925781E-1	-1.40109996E-5	-1.40109996E-5	-1.48925781E-1	0.00000000E+0	0.00000000E+0
-1.51367187E-1	-1.42356002E-5	-1.42356002E-5	-1.51367187E-1	0.00000000E+0	0.00000000E+0
-1.53808594E-1	-1.44691003E-5	-1.44691003E-5	-1.53808594E-1	0.00000000E+0	0.00000000E+0
-1.56250000E-1	-1.46954999E-5	-1.46954999E-5	-1.56250000E-1	0.00000000E+0	0.00000000E+0
-1.58691406E-1	-1.49169000E-5	-1.49169000E-5	-1.58691406E-1	0.00000000E+0	0.00000000E+0
-1.61132812E-1	-1.51485001E-5	-1.51485001E-5	-1.61132812E-1	0.00000000E+0	0.00000000E+0
-1.63574219E-1	-1.53768997E-5	-1.53768997E-5	-1.63574219E-1	0.00000000E+0	0.00000000E+0
-1.66015625E-1	-1.56014994E-5	-1.56014994E-5	-1.66015625E-1	0.00000000E+0	0.00000000E+0
-1.68457031E-1	-1.58407001E-5	-1.58407001E-5	-1.68457031E-1	0.00000000E+0	0.00000000E+0
-1.70898437E-1	-1.60620002E-5	-1.60620002E-5	-1.70898437E-1	0.00000000E+0	0.00000000E+0
-1.73339844E-1	-1.62911001E-5	-1.62911001E-5	-1.73339844E-1	0.00000000E+0	0.00000000E+0
-1.75781250E-1	-1.65238998E-5	-1.65238998E-5	-1.75781250E-1	0.00000000E+0	0.00000000E+0
-1.78222656E-1	-1.67490998E-5	-1.67490998E-5	-1.78222656E-1	0.00000000E+0	0.00000000E+0
-1.80664062E-1	-1.69629002E-5	-1.69629002E-5	-1.80664062E-1	0.00000000E+0	0.00000000E+0
-1.83105469E-1	-1.71970005E-5	-1.71970005E-5	-1.83105469E-1	0.00000000E+0	0.00000000E+0
-1.85546875E-1	-1.74157994E-5	-1.74157994E-5	-1.85546875E-1	0.00000000E+0	0.00000000E+0
-1.87988281E-1	-1.76525009E-5	-1.76525009E-5	-1.87988281E-1	0.00000000E+0	0.00000000E+0
-1.90429687E-1	-1.78788996E-5	-1.78788996E-5	-1.90429687E-1	0.00000000E+0	0.00000000E+0
-1.92871094E-1	-1.80927000E-5	-1.80927000E-5	-1.92871094E-1	0.00000000E+0	0.00000000E+0
-1.95312500E-1	-1.83216998E-5	-1.83216998E-5	-1.95312500E-1	0.00000000E+0	0.00000000E+0
-1.97753906E-1	-1.85506997E-5	-1.85506997E-5	-1.97753906E-1	0.00000000E+0	0.00000000E+0
-2.00195312E-1	-1.87835994E-5	-1.87835994E-5	-2.00195312E-1	0.00000000E+0	0.00000000E+0
-2.02636719E-1	-1.90087994E-5	-1.90087994E-5	-2.02636719E-1	0.00000000E+0	0.00000000E+0
-2.05078125E-1	-1.92224998E-5	-1.92224998E-5	-2.05078125E-1	0.00000000E+0	0.00000000E+0
-2.07519531E-1	-1.94476997E-5	-1.94476997E-5	-2.07519531E-1	0.00000000E+0	0.00000000E+0
-2.09960937E-1	-1.96805995E-5	-1.96805995E-5	-2.09960937E-1	0.00000000E+0	0.00000000E+0
-2.12402344E-1	-1.99095994E-5	-1.99095994E-5	-2.12402344E-1	0.00000000E+0	0.00000000E+0
-2.14843750E-1	-2.01385992E-5	-2.01385992E-5	-2.14843750E-1	0.00000000E+0	0.00000000E+0
-2.17285156E-1	-2.03599993E-5	-2.03599993E-5	-2.17285156E-1	0.00000000E+0	0.00000000E+0
-2.19726562E-1	-2.05775996E-5	-2.05775996E-5	-2.19726562E-1	0.00000000E+0	0.00000000E+0
-2.22167969E-1	-2.07989997E-5	-2.07989997E-5	-2.22167969E-1	0.00000000E+0	0.00000000E+0
-2.24609375E-1	-2.10089001E-5	-2.10089001E-5	-2.24609375E-1	0.00000000E+0	0.00000000E+0
-2.27050781E-1	-2.12379000E-5	-2.12379000E-5	-2.27050781E-1	0.00000000E+0	0.00000000E+0
-2.29492187E-1	-2.14517004E-5	-2.14517004E-5	-2.29492187E-1	0.00000000E+0	0.00000000E+0
-2.31933594E-1	-2.16781991E-5	-2.16781991E-5	-2.31933594E-1	0.00000000E+0	0.00000000E+0
-2.34375000E-1	-2.19097001E-5	-2.19097001E-5	-2.34375000E-1	0.00000000E+0	0.00000000E+0
-2.36816406E-1	-2.21311002E-5	-2.21311002E-5	-2.36816406E-1	0.00000000E+0	0.00000000E+0
-2.39257812E-1	-2.23563002E-5	-2.23563002E-5	-2.39257812E-1	0.00000000E+0	0.00000000E+0
-2.41699219E-1	-2.25663007E-5	-2.25663007E-5	-2.41699219E-1	0.00000000E+0	0.00000000E+0
-2.44140625E-1	-2.27953005E-5	-2.27953005E-5	-2.44140625E-1	0.00000000E+0	0.00000000E+0
-2.46582031E-1	-2.30140995E-5	-2.30140995E-5	-2.46582031E-1	0.00000000E+0	0.00000000E+0
-2.49023437E-1	-2.32342009E-5	-2.32342009E-5	-2.49023437E-1	0.00000000E+0	0.00000000E+0
-2.51464844E-1	-2.34441995E-5	-2.34441995E-5	-2.51464844E-1	0.00000000E+0	0.00000000E+0
-2.53906250E-1	-2.36655997E-5	-2.36655997E-5	-2.53906250E-1	0.00000000E+0	0.00000000E+0
-2.56347656E-1	-2.38945995E-5	-2.38945995E-5	-2.56347656E-1	0.00000000E+0	0.00000000E+0
-2.58789062E-1	-2.41082998E-5	-2.41082998E-5	-2.58789062E-1	0.00000000E+0	0.00000000E+0
-2.61230469E-1	-2.43373997E-5	-2.43373997E-5	-2.61230469E-1	0.00000000E+0	0.00000000E+0
-2.63671875E-1	-2.45511001E-5	-2.45511001E-5	-2.63671875E-1	0.00000000E+0	0.00000000E+0
-2.66113281E-1	-2.47649004E-5	-2.47649004E-5	-2.66113281E-1	0.00000000E+0	0.00000000E+0
-2.68554687E-1	-2.49939003E-5	-2.49939003E-5	-2.68554687E-1	0.00000000E+0	0.00000000E+0
-2.70996094E-1	-2.52229001E-5	-2.52229001E-5	-2.70996094E-1	0.00000000E+0	0.00000000E+0
-2.73437500E-1	-2.54328006E-5	-2.54328006E-5	-2.73437500E-1	0.00000000E+0	0.00000000E+0
-2.75878906E-1	-2.56504009E-5	-2.56504009E-5	-2.75878906E-1	0.00000000E+0	0.00000000E+0
-2.78320312E-1	-2.58794007E-5	-2.58794007E-5	-2.78320312E-1	0.00000000E+0	0.00000000E+0
-2.80761719E-1	-2.61085006E-5	-2.61085006E-5	-2.80761719E-1	0.00000000E+0	0.00000000E+0
-2.83203125E-1	-2.63221991E-5	-2.63221991E-5	-2.83203125E-1	0.00000000E+0	0.00000000E+0
-2.85644531E-1	-2.65613999E-5	-2.65613999E-5	-2.85644531E-1	0.00000000E+0	0.00000000E+0
-2.88085937E-1	-2.67649993E-5	-2.67649993E-5	-2.88085937E-1	0.00000000E+0	0.00000000E+0
-2.90527344E-1	-2.69939992E-5	-2.69939992E-5	-2.90527344E-1	0.00000000E+0	0.00000000E+0
-2.92968750E-1	-2.72153993E-5	-2.72153993E-5	-2.92968750E-1	0.00000000E+0	0.00000000E+0
-2.95410156E-1	-2.74482009E-5	-2.74482009E-5	-2.95410156E-1	0.00000000E+0	0.00000000E+0
-2.97851562E-1	-2.76811006E-5	-2.76811006E-5	-2.97851562E-1	0.00000000E+0	0.00000000E+0
-3.00292969E-1	-2.78871994E-5	-2.78871994E-5	-3.00292969E-1	0.00000000E+0	0.00000000E+0
-3.02734375E-1	-2.81161992E-5	-2.81161992E-5	-3.02734375E-1	0.00000000E+0	0.00000000E+0
-3.05175781E-1	-2.83375994E-5	-2.83375994E-5	-3.05175781E-1	0.00000000E+0	0.00000000E+0
-3.07617187E-1	-2.85665992E-5	-2.85665992E-5	-3.07617187E-1	0.00000000E+0	0.00000000E+0
-3.10058594E-1	-2.87803996E-5	-2.87803996E-5	-3.10058594E-1	0.00000000E+0	0.00000000E+0
-3.12500000E-1	-2.90093994E-5	-2.90093994E-5	-3.12500000E-1	0.00000000E+0	0.00000000E+0
-3.14941406E-1	-2.92307996E-5	-2.92307996E-5	-3.14941406E-1	0.00000000E+0	0.00000000E+0
-3.17382812E-1	-2.94751007E-5	-2.94751007E-5	-3.17382812E-1	0.00000000E+0	0.00000000E+0
-3.19824219E-1	-2.96965009E-5	-2.96965009E-5	-3.19824219E-1	0.00000000E+0	0.00000000E+0
-3.22265625E-1	-2.99025996E-5	-2.99025996E-5	-3.22265625E-1	0.00000000E+0	0.00000000E+0
-3.24707031E-1	-3.01545006E-5	-3.01545006E-5	-3.24707031E-1	0.00000000E+0	0.00000000E+0
-3.27148437E-1	-3.03415000E-5	-3.03415000E-5	-3.27148437E-1	0.00000000E+0	0.00000000E+0
-3.29589844E-1	-3.05743997E-5	-3.05743997E-5	-3.29589844E-1	0.00000000E+0	0.00000000E+0
-3.32031250E-1	-3.08109993E-5	-3.08109993E-5	-3.32031250E-1	0.00000000E+0	0.00000000E+0
-3.34472656E-1	-3.10018986E-5	-3.10018986E-5	-3.34472656E-1	0.00000000E+0	0.00000000E+0
-3.36914062E-1	-3.12384982E-5	-3.12384982E-5	-3.36914062E-1	0.00000000E+0	0.00000000E+0
-3.39355469E-1	-3.14675999E-5	-3.14675999E-5	-3.39355469E-1	0.00000000E+0	0.00000000E+0
-3.41796875E-1	-3.16928017E-5	-3.16928017E-5	-3.41796875E-1	0.00000000E+0	0.00000000E+0
-3.44238281E-1	-3.19102983E-5	-3.19102983E-5	-3.44238281E-1	0.00000000E+0	0.00000000E+0
-3.46679687E-1	-3.21240987E-5	-3.21240987E-5	-3.46679687E-1	0.00000000E+0	0.00000000E+0
-3.49121094E-1	-3.23683998E-5	-3.23683998E-5	-3.49121094E-1	0.00000000E+0	0.00000000E+0
-3.51562500E-1	-3.25668989E-5	-3.25668989E-5	-3.51562500E-1	0.00000000E+0	0.00000000E+0
-3.54003906E-1	-3.28112001E-5	-3.28112001E-5	-3.54003906E-1	0.00000000E+0	0.00000000E+0
-3.56445312E-1	-3.30135008E-5	-3.30135008E-5	-3.56445312E-1	0.00000000E+0	0.00000000E+0
-3.58886719E-1	-3.32290983E-5	-3.32290983E-5	-3.58886719E-1	0.00000000E+0	0.00000000E+0
-3.61328125E-1	-3.34524011E-5	-3.34524011E-5	-3.61328125E-1	0.00000000E+0	0.00000000E+0
-3.63769531E-1	-3.36853009E-5	-3.36853009E-5	-3.63769531E-1	0.00000000E+0	0.00000000E+0
-3.66210937E-1	-3.39180988E-5	-3.39180988E-5	-3.66210937E-1	0.00000000E+0	0.00000000E+0
-3.68652344E-1	-3.41242012E-5	-3.41242012E-5	-3.68652344E-1	0.00000000E+0	0.00000000E+0
-3.71093750E-1	-3.43456013E-5	-3.43456013E-5	-3.71093750E-1	0.00000000E+0	0.00000000E+0
-3.73535156E-1	-3.45898989E-5	-3.45898989E-5	-3.73535156E-1	0.00000000E+0	0.00000000E+0
-3.75976562E-1	-3.47960013E-5	-3.47960013E-5	-3.75976562E-1	0.00000000E+0	0.00000000E+0
-3.78417969E-1	-3.50098016E-5	-3.50098016E-5	-3.78417969E-1	0.00000000E+0	0.00000000E+0
-3.80859375E-1	-3.52159004E-5	-3.52159004E-5	-3.80859375E-1	0.00000000E+0	0.00000000E+0
-3.83300781E-1	-3.54678014E-5	-3.54678014E-5	-3.83300781E-1	0.00000000E+0	0.00000000E+0
-3.85742187E-1	-3.56700984E-5	-3.56700984E-5	-3.85742187E-1	0.00000000E+0	0.00000000E+0
-3.88183594E-1	-3.59029000E-5	-3.59029000E-5	-3.88183594E-1	0.00000000E+0	0.00000000E+0
-3.90625000E-1	-3.60861995E-5	-3.60861995E-5	-3.90625000E-1	0.00000000E+0	0.00000000E+0
-3.93066406E-1	-3.63305007E-5	-3.63305007E-5	-3.93066406E-1	0.00000000E+0	0.00000000E+0
-3.95507812E-1	-3.65517990E-5	-3.65517990E-5	-3.95507812E-1	0.00000000E+0	0.00000000E+0
-3.97949219E-1	-3.67770008E-5	-3.67770008E-5	-3.97949219E-1	0.00000000E+0	0.00000000E+0
-4.00390625E-1	-3.70021990E-5	-3.70021990E-5	-4.00390625E-1	0.00000000E+0	0.00000000E+0
-4.02832031E-1	-3.72159993E-5	-3.72159993E-5	-4.02832031E-1	0.00000000E+0	0.00000000E+0
-4.05273437E-1	-3.74297997E-5	-3.74297997E-5	-4.05273437E-1	0.00000000E+0	0.00000000E+0
-4.07714844E-1	-3.76434982E-5	-3.76434982E-5	-4.07714844E-1	0.00000000E+0	0.00000000E+0
-4.10156250E-1	-3.78820987E-5	-3.78820987E-5	-4.10156250E-1	0.00000000E+0	0.00000000E+0
-4.12597656E-1	-3.81015998E-5	-3.81015998E-5	-4.12597656E-1	0.00000000E+0	0.00000000E+0
-4.15039062E-1	-3.83152983E-5	-3.83152983E-5	-4.15039062E-1	0.00000000E+0	0.00000000E+0
-4.17480469E-1	-3.85443018E-5	-3.85443018E-5	-4.17480469E-1	0.00000000E+0	0.00000000E+0
-4.19921875E-1	-3.87543005E-5	-3.87543005E-5	-4.19921875E-1	0.00000000E+0	0.00000000E+0
-4.22363281E-1	-3.89488996E-5	-3.89488996E-5	-4.22363281E-1	0.00000000E+0	0.00000000E+0
-4.24804687E-1	-3.91780013E-5	-3.91780013E-5	-4.24804687E-1	0.00000000E+0	0.00000000E+0
-4.27246094E-1	-3.94146009E-5	-3.94146009E-5	-4.27246094E-1	0.00000000E+0	0.00000000E+0
-4.29687500E-1	-3.96206997E-5	-3.96206997E-5	-4.29687500E-1	0.00000000E+0	0.00000000E+0
-4.32128906E-1	-3.98726006E-5	-3.98726006E-5	-4.32128906E-1	0.00000000E+0	0.00000000E+0
-4.34570312E-1	-4.00864010E-5	-4.00864010E-5	-4.34570312E-1	0.00000000E+0	0.00000000E+0
-4.37011719E-1	-4.02773003E-5	-4.02773003E-5	-4.37011719E-1	0.00000000E+0	0.00000000E+0
-4.39453125E-1	-4.05214996E-5	-4.05214996E-5	-4.39453125E-1	0.00000000E+0	0.00000000E+0
-4.41894531E-1	-4.07277003E-5	-4.07277003E-5	-4.41894531E-1	0.00000000E+0	0.00000000E+0
-4.44335937E-1	-4.09491004E-5	-4.09491004E-5	-4.44335937E-1	0.00000000E+0	0.00000000E+0
-4.46777344E-1	-4.11857000E-5	-4.11857000E-5	-4.46777344E-1	0.00000000E+0	0.00000000E+0
-4.49218750E-1	-4.13917987E-5	-4.13917987E-5	-4.49218750E-1	0.00000000E+0	0.00000000E+0
-4.51660156E-1	-4.16207986E-5	-4.16207986E-5	-4.51660156E-1	0.00000000E+0	0.00000000E+0
-4.54101562E-1	-4.18269992E-5	-4.18269992E-5	-4.54101562E-1	0.00000000E+0	0.00000000E+0
-4.56542969E-1	-4.20559991E-5	-4.20559991E-5	-4.56542969E-1	0.00000000E+0	0.00000000E+0
-4.58984375E-1	-4.22621015E-5	-4.22621015E-5	-4.58984375E-1	0.00000000E+0	0.00000000E+0
-4.61425781E-1	-4.24758982E-5	-4.24758982E-5	-4.61425781E-1	0.00000000E+0	0.00000000E+0
-4.63867187E-1	-4.27201994E-5	-4.27201994E-5	-4.63867187E-1	0.00000000E+0	0.00000000E+0
-4.66308594E-1	-4.29262982E-5	-4.29262982E-5	-4.66308594E-1	0.00000000E+0	0.00000000E+0
-4.68750000E-1	-4.31476983E-5	-4.31476983E-5	-4.68750000E-1	0.00000000E+0	0.00000000E+0
-4.71191406E-1	-4.33614005E-5	-4.33614005E-5	-4.71191406E-1	0.00000000E+0	0.00000000E+0
-4.73632812E-1	-4.36057016E-5	-4.36057016E-5	-4.73632812E-1	0.00000000E+0	0.00000000E+0
-4.76074219E-1	-4.37946001E-5	-4.37946001E-5	-4.76074219E-1	0.00000000E+0	0.00000000E+0
-4.78515625E-1	-4.40389013E-5	-4.40389013E-5	-4.78515625E-1	0.00000000E+0	0.00000000E+0
-4.80957031E-1	-4.42470009E-5	-4.42470009E-5	-4.80957031E-1	0.00000000E+0	0.00000000E+0
-4.83398437E-1	-4.44912985E-5	-4.44912985E-5	-4.83398437E-1	0.00000000E+0	0.00000000E+0
-4.85839844E-1	-4.46744998E-5	-4.46744998E-5	-4.85839844E-1	0.00000000E+0	0.00000000E+0
-4.88281250E-1	-4.48805986E-5	-4.48805986E-5	-4.88281250E-1	0.00000000E+0	0.00000000E+0
-4.90722656E-1	-4.51324995E-5	-4.51324995E-5	-4.90722656E-1	0.00000000E+0	0.00000000E+0
-4.93164062E-1	-4.53462999E-5	-4.53462999E-5	-4.93164062E-1	0.00000000E+0	0.00000000E+0
-4.90722656E-1	-4.51324995E-5	-4.51324995E-5	-4.90722656E-1	0.00000000E+0	0.00000000E+0
-4.88281250E-1	-4.48805986E-5	-4.48805986E-5	-4.88281250E-1	0.00000000E+0	0.00000000E+0
-4.85839844E-1	-4.47050006E-5	-4.47050006E-5	-4.85839844E-1	0.00000000E+0	0.00000000E+0
-4.83398437E-1	-4.44912985E-5	-4.44912985E-5	-4.83398437E-1	0.00000000E+0	0.00000000E+0
-4.80957031E-1	-4.42470009E-5	-4.42470009E-5	-4.80957031E-1	0.00000000E+0	0.00000000E+0
-4.78515625E-1	-4.40389013E-5	-4.40389013E-5	-4.78515625E-1	0.00000000E+0	0.00000000E+0
-4.76074219E-1	-4.38194984E-5	-4.38194984E-5	-4.76074219E-1	0.00000000E+0	0.00000000E+0
-4.73632812E-1	-4.36057016E-5	-4.36057016E-5	-4.73632812E-1	0.00000000E+0	0.00000000E+0
-4.71191406E-1	-4.33919013E-5	-4.33919013E-5	-4.71191406E-1	0.00000000E+0	0.00000000E+0
-4.68750000E-1	-4.31705994E-5	-4.31705994E-5	-4.68750000E-1	0.00000000E+0	0.00000000E+0
-4.66308594E-1	-4.29262982E-5	-4.29262982E-5	-4.66308594E-1	0.00000000E+0	0.00000000E+0
-4.63867187E-1	-4.27201994E-5	-4.27201994E-5	-4.63867187E-1	0.00000000E+0	0.00000000E+0
-4.61425781E-1	-4.24987993E-5	-4.24987993E-5	-4.61425781E-1	0.00000000E+0	0.00000000E+0
-4.58984375E-1	-4.22925987E-5	-4.22925987E-5	-4.58984375E-1	0.00000000E+0	0.00000000E+0
-4.56542969E-1	-4.20559991E-5	-4.20559991E-5	-4.56542969E-1	0.00000000E+0	0.00000000E+0
-4.54101562E-1	-4.18269992E-5	-4.18269992E-5	-4.54101562E-1	0.00000000E+0	0.00000000E+0
-4.51660156E-1	-4.16436997E-5	-4.16436997E-5	-4.51660156E-1	0.00000000E+0	0.00000000E+0
-4.49218750E-1	-4.14071001E-5	-4.14071001E-5	-4.49218750E-1	0.00000000E+0	0.00000000E+0
-4.46777344E-1	-4.11857000E-5	-4.11857000E-5	-4.46777344E-1	0.00000000E+0	0.00000000E+0
-4.44335937E-1	-4.09720014E-5	-4.09720014E-5	-4.44335937E-1	0.00000000E+0	0.00000000E+0
-4.41894531E-1	-4.07658008E-5	-4.07658008E-5	-4.41894531E-1	0.00000000E+0	0.00000000E+0
-4.39453125E-1	-4.05214996E-5	-4.05214996E-5	-4.39453125E-1	0.00000000E+0	0.00000000E+0
-4.37011719E-1	-4.03002014E-5	-4.03002014E-5	-4.37011719E-1	0.00000000E+0	0.00000000E+0
-4.34570312E-1	-4.00864010E-5	-4.00864010E-5	-4.34570312E-1	0.00000000E+0	0.00000000E+0
-4.32128906E-1	-3.98726006E-5	-3.98726006E-5	-4.32128906E-1	0.00000000E+0	0.00000000E+0
-4.29687500E-1	-3.96206997E-5	-3.96206997E-5	-4.29687500E-1	0.00000000E+0	0.00000000E+0
-4.27246094E-1	-3.94451017E-5	-3.94451017E-5	-4.27246094E-1	0.00000000E+0	0.00000000E+0
-4.24804687E-1	-3.91932008E-5	-3.91932008E-5	-4.24804687E-1	0.00000000E+0	0.00000000E+0
-4.22363281E-1	-3.89488996E-5	-3.89488996E-5	-4.22363281E-1	0.00000000E+0	0.00000000E+0
-4.19921875E-1	-3.87543005E-5	-3.87543005E-5	-4.19921875E-1	0.00000000E+0	0.00000000E+0
-4.17480469E-1	-3.85443018E-5	-3.85443018E-5	-4.17480469E-1	0.00000000E+0	0.00000000E+0
-4.15039062E-1	-3.83152983E-5	-3.83152983E-5	-4.15039062E-1	0.00000000E+0	0.00000000E+0
-4.12597656E-1	-3.81015998E-5	-3.81015998E-5	-4.12597656E-1	0.00000000E+0	0.00000000E+0
-4.10156250E-1	-3.78820987E-5	-3.78820987E-5	-4.10156250E-1	0.00000000E+0	0.00000000E+0
-4.07714844E-1	-3.76663993E-5	-3.76663993E-5	-4.07714844E-1	0.00000000E+0	0.00000000E+0
-4.05273437E-1	-3.74449992E-5	-3.74449992E-5	-4.05273437E-1	0.00000000E+0	0.00000000E+0
-4.02832031E-1	-3.72159993E-5	-3.72159993E-5	-4.02832031E-1	0.00000000E+0	0.00000000E+0
-4.00390625E-1	-3.70021990E-5	-3.70021990E-5	-4.00390625E-1	0.00000000E+0	0.00000000E+0
-3.97949219E-1	-3.67770008E-5	-3.67770008E-5	-3.97949219E-1	0.00000000E+0	0.00000000E+0
-3.95507812E-1	-3.65517990E-5	-3.65517990E-5	-3.95507812E-1	0.00000000E+0	0.00000000E+0
-3.93066406E-1	-3.63305007E-5	-3.63305007E-5	-3.93066406E-1	0.00000000E+0	0.00000000E+0
-3.90625000E-1	-3.60861995E-5	-3.60861995E-5	-3.90625000E-1	0.00000000E+0	0.00000000E+0
-3.88183594E-1	-3.59029000E-5	-3.59029000E-5	-3.88183594E-1	0.00000000E+0	0.00000000E+0
-3.85742187E-1	-3.56700984E-5	-3.56700984E-5	-3.85742187E-1	0.00000000E+0	0.00000000E+0
-3.83300781E-1	-3.54678014E-5	-3.54678014E-5	-3.83300781E-1	0.00000000E+0	0.00000000E+0
-3.80859375E-1	-3.52159004E-5	-3.52159004E-5	-3.80859375E-1	0.00000000E+0	0.00000000E+0
-3.78417969E-1	-3.50098016E-5	-3.50098016E-5	-3.78417969E-1	0.00000000E+0	0.00000000E+0
-3.75976562E-1	-3.47960013E-5	-3.47960013E-5	-3.75976562E-1	0.00000000E+0	0.00000000E+0
-3.73535156E-1	-3.45898989E-5	-3.45898989E-5	-3.73535156E-1	0.00000000E+0	0.00000000E+0
-3.71093750E-1	-3.43456013E-5	-3.43456013E-5	-3.71093750E-1	0.00000000E+0	0.00000000E+0
-3.68652344E-1	-3.41433006E-5	-3.41433006E-5	-3.68652344E-1	0.00000000E+0	0.00000000E+0
-3.66210937E-1	-3.39180988E-5	-3.39180988E-5	-3.66210937E-1	0.00000000E+0	0.00000000E+0
-3.63769531E-1	-3.36853009E-5	-3.36853009E-5	-3.63769531E-1	0.00000000E+0	0.00000000E+0
-3.61328125E-1	-3.34524011E-5	-3.34524011E-5	-3.61328125E-1	0.00000000E+0	0.00000000E+0
-3.58886719E-1	-3.32501004E-5	-3.32501004E-5	-3.58886719E-1	0.00000000E+0	0.00000000E+0
-3.56445312E-1	-3.30135008E-5	-3.30135008E-5	-3.56445312E-1	0.00000000E+0	0.00000000E+0
-3.54003906E-1	-3.27921007E-5	-3.27921007E-5	-3.54003906E-1	0.00000000E+0	0.00000000E+0
-3.51562500E-1	-3.25668989E-5	-3.25668989E-5	-3.51562500E-1	0.00000000E+0	0.00000000E+0
-3.49121094E-1	-3.23530985E-5	-3.23530985E-5	-3.49121094E-1	0.00000000E+0	0.00000000E+0
-3.46679687E-1	-3.21240987E-5	-3.21240987E-5	-3.46679687E-1	0.00000000E+0	0.00000000E+0
-3.44238281E-1	-3.19102983E-5	-3.19102983E-5	-3.44238281E-1	0.00000000E+0	0.00000000E+0
-3.41796875E-1	-3.16736987E-5	-3.16736987E-5	-3.41796875E-1	0.00000000E+0	0.00000000E+0
-3.39355469E-1	-3.14675999E-5	-3.14675999E-5	-3.39355469E-1	0.00000000E+0	0.00000000E+0
-3.36914062E-1	-3.12156008E-5	-3.12156008E-5	-3.36914062E-1	0.00000000E+0	0.00000000E+0
-3.34472656E-1	-3.10018986E-5	-3.10018986E-5	-3.34472656E-1	0.00000000E+0	0.00000000E+0
-3.32031250E-1	-3.07880982E-5	-3.07880982E-5	-3.32031250E-1	0.00000000E+0	0.00000000E+0
-3.29589844E-1	-3.05743997E-5	-3.05743997E-5	-3.29589844E-1	0.00000000E+0	0.00000000E+0
-3.27148437E-1	-3.03415000E-5	-3.03415000E-5	-3.27148437E-1	0.00000000E+0	0.00000000E+0
-3.24707031E-1	-3.01239997E-5	-3.01239997E-5	-3.24707031E-1	0.00000000E+0	0.00000000E+0
-3.22265625E-1	-2.99025996E-5	-2.99025996E-5	-3.22265625E-1	0.00000000E+0	0.00000000E+0
-3.19824219E-1	-2.96659000E-5	-2.96659000E-5	-3.19824219E-1	0.00000000E+0	0.00000000E+0
-3.17382812E-1	-2.94521997E-5	-2.94521997E-5	-3.17382812E-1	0.00000000E+0	0.00000000E+0
-3.14941406E-1	-2.92307996E-5	-2.92307996E-5	-3.14941406E-1	0.00000000E+0	0.00000000E+0
-3.12500000E-1	-2.89940999E-5	-2.89940999E-5	-3.12500000E-1	0.00000000E+0	0.00000000E+0
-3.10058594E-1	-2.87803996E-5	-2.87803996E-5	-3.10058594E-1	0.00000000E+0	0.00000000E+0
-3.07617187E-1	-2.85361002E-5	-2.85361002E-5	-3.07617187E-1	0.00000000E+0	0.00000000E+0
-3.05175781E-1	-2.83375994E-5	-2.83375994E-5	-3.05175781E-1	0.00000000E+0	0.00000000E+0
-3.02734375E-1	-2.80970999E-5	-2.80970999E-5	-3.02734375E-1	0.00000000E+0	0.00000000E+0
-3.00292969E-1	-2.78871994E-5	-2.78871994E-5	-3.00292969E-1	0.00000000E+0	0.00000000E+0
-2.97851562E-1	-2.76657993E-5	-2.76657993E-5	-2.97851562E-1	0.00000000E+0	0.00000000E+0
-2.95410156E-1	-2.74482009E-5	-2.74482009E-5	-2.95410156E-1	0.00000000E+0	0.00000000E+0
-2.92968750E-1	-2.71925001E-5	-2.71925001E-5	-2.92968750E-1	0.00000000E+0	0.00000000E+0
-2.90527344E-1	-2.69939992E-5	-2.69939992E-5	-2.90527344E-1	0.00000000E+0	0.00000000E+0
-2.88085937E-1	-2.67496998E-5	-2.67496998E-5	-2.88085937E-1	0.00000000E+0	0.00000000E+0
-2.85644531E-1	-2.65512008E-5	-2.65512008E-5	-2.85644531E-1	0.00000000E+0	0.00000000E+0
-2.83203125E-1	-2.63221991E-5	-2.63221991E-5	-2.83203125E-1	0.00000000E+0	0.00000000E+0
-2.80761719E-1	-2.61085006E-5	-2.61085006E-5	-2.80761719E-1	0.00000000E+0	0.00000000E+0
-2.78320312E-1	-2.58794007E-5	-2.58794007E-5	-2.78320312E-1	0.00000000E+0	0.00000000E+0
-2.75878906E-1	-2.56504009E-5	-2.56504009E-5	-2.75878906E-1	0.00000000E+0	0.00000000E+0
-2.73437500E-1	-2.54328006E-5	-2.54328006E-5	-2.73437500E-1	0.00000000E+0	0.00000000E+0
-2.70996094E-1	-2.52229001E-5	-2.52229001E-5	-2.70996094E-1	0.00000000E+0	0.00000000E+0
-2.68554687E-1	-2.49939003E-5	-2.49939003E-5	-2.68554687E-1	0.00000000E+0	0.00000000E+0
-2.66113281E-1	-2.47649004E-5	-2.47649004E-5	-2.66113281E-1	0.00000000E+0	0.00000000E+0
-2.63671875E-1	-2.45511001E-5	-2.45511001E-5	-2.63671875E-1	0.00000000E+0	0.00000000E+0
-2.61230469E-1	-2.43373997E-5	-2.43373997E-5	-2.61230469E-1	0.00000000E+0	0.00000000E+0
-2.58789062E-1	-2.41082998E-5	-2.41082998E-5	-2.58789062E-1	0.00000000E+0	0.00000000E+0
-2.56347656E-1	-2.38945995E-5	-2.38945995E-5	-2.56347656E-1	0.00000000E+0	0.00000000E+0
-2.53906250E-1	-2.36655997E-5	-2.36655997E-5	-2.53906250E-1	0.00000000E+0	0.00000000E+0
-2.51464844E-1	-2.34441995E-5	-2.34441995E-5	-2.51464844E-1	0.00000000E+0	0.00000000E+0
-2.49023437E-1	-2.32342009E-5	-2.32342009E-5	-2.49023437E-1	0.00000000E+0	0.00000000E+0
-2.46582031E-1	-2.30140995E-5	-2.30140995E-5	-2.46582031E-1	0.00000000E+0	0.00000000E+0
-2.44140625E-1	-2.27953005E-5	-2.27953005E-5	-2.44140625E-1	0.00000000E+0	0.00000000E+0
-2.41699219E-1	-2.25663007E-5	-2.25663007E-5	-2.41699219E-1	0.00000000E+0	0.00000000E+0
-2.39257812E-1	-2.23372008E-5	-2.23372008E-5	-2.39257812E-1	0.00000000E+0	0.00000000E+0
-2.36816406E-1	-2.21311002E-5	-2.21311002E-5	-2.36816406E-1	0.00000000E+0	0.00000000E+0
-2.34375000E-1	-2.19097001E-5	-2.19097001E-5	-2.34375000E-1	0.00000000E+0	0.00000000E+0
-2.31933594E-1	-2.16908993E-5	-2.16908993E-5	-2.31933594E-1	0.00000000E+0	0.00000000E+0
-2.29492187E-1	-2.14669999E-5	-2.14669999E-5	-2.29492187E-1	0.00000000E+0	0.00000000E+0
-2.27050781E-1	-2.12531995E-5	-2.12531995E-5	-2.27050781E-1	0.00000000E+0	0.00000000E+0
-2.24609375E-1	-2.10241997E-5	-2.10241997E-5	-2.24609375E-1	0.00000000E+0	0.00000000E+0
-2.22167969E-1	-2.08103993E-5	-2.08103993E-5	-2.22167969E-1	0.00000000E+0	0.00000000E+0
-2.19726562E-1	-2.05775996E-5	-2.05775996E-5	-2.19726562E-1	0.00000000E+0	0.00000000E+0
-2.17285156E-1	-2.03599993E-5	-2.03599993E-5	-2.17285156E-1	0.00000000E+0	0.00000000E+0
-2.14843750E-1	-2.01233997E-5	-2.01233997E-5	-2.14843750E-1	0.00000000E+0	0.00000000E+0
-2.12402344E-1	-1.99095994E-5	-1.99095994E-5	-2.12402344E-1	0.00000000E+0	0.00000000E+0
-2.09960937E-1	-1.96805995E-5	-1.96805995E-5	-2.09960937E-1	0.00000000E+0	0.00000000E+0
-2.07519531E-1	-1.94476997E-5	-1.94476997E-5	-2.07519531E-1	0.00000000E+0	0.00000000E+0
-2.05078125E-1	-1.92224998E-5	-1.92224998E-5	-2.05078125E-1	0.00000000E+0	0.00000000E+0
-2.02636719E-1	-1.90087994E-5	-1.90087994E-5	-2.02636719E-1	0.00000000E+0	0.00000000E+0
-2.00195312E-1	-1.87835994E-5	-1.87835994E-5	-2.00195312E-1	0.00000000E+0	0.00000000E+0
-1.97753906E-1	-1.85506997E-5	-1.85506997E-5	-1.97753906E-1	0.00000000E+0	0.00000000E+0
-1.95312500E-1	-1.83216998E-5	-1.83216998E-5	-1.95312500E-1	0.00000000E+0	0.00000000E+0
-1.92871094E-1	-1.81079995E-5	-1.81079995E-5	-1.92871094E-1	0.00000000E+0	0.00000000E+0
-1.90429687E-1	-1.78788996E-5	-1.78788996E-5	-1.90429687E-1	0.00000000E+0	0.00000000E+0
-1.87988281E-1	-1.76651993E-5	-1.76651993E-5	-1.87988281E-1	0.00000000E+0	0.00000000E+0
-1.85546875E-1	-1.74157994E-5	-1.74157994E-5	-1.85546875E-1	0.00000000E+0	0.00000000E+0
-1.83105469E-1	-1.71970005E-5	-1.71970005E-5	-1.83105469E-1	0.00000000E+0	0.00000000E+0
-1.80664062E-1	-1.69629002E-5	-1.69629002E-5	-1.80664062E-1	0.00000000E+0	0.00000000E+0
-1.78222656E-1	-1.67490998E-5	-1.67490998E-5	-1.78222656E-1	0.00000000E+0	0.00000000E+0
-1.75781250E-1	-1.65238998E-5	-1.65238998E-5	-1.75781250E-1	0.00000000E+0	0.00000000E+0
-1.73339844E-1	-1.63006007E-5	-1.63006007E-5	-1.73339844E-1	0.00000000E+0	0.00000000E+0
-1.70898437E-1	-1.60620002E-5	-1.60620002E-5	-1.70898437E-1	0.00000000E+0	0.00000000E+0
-1.68457031E-1	-1.58407001E-5	-1.58407001E-5	-1.68457031E-1	0.00000000E+0	0.00000000E+0
-1.66015625E-1	-1.56014994E-5	-1.56014994E-5	-1.66015625E-1	0.00000000E+0	0.00000000E+0
-1.63574219E-1	-1.53768997E-5	-1.53768997E-5	-1.63574219E-1	0.00000000E+0	0.00000000E+0
-1.61132812E-1	-1.51485001E-5	-1.51485001E-5	-1.61132812E-1	0.00000000E+0	0.00000000E+0
-1.58691406E-1	-1.49169000E-5	-1.49169000E-5	-1.58691406E-1	0.00000000E+0	0.00000000E+0
-1.56250000E-1	-1.46954999E-5	-1.46954999E-5	-1.56250000E-1	0.00000000E+0	0.00000000E+0
-1.53808594E-1	-1.44691003E-5	-1.44691003E-5	-1.53808594E-1	0.00000000E+0	0.00000000E+0
-1.51367187E-1	-1.42356002E-5	-1.42356002E-5	-1.51367187E-1	0.00000000E+0	0.00000000E+0
-1.48925781E-1	-1.40109996E-5	-1.40109996E-5	-1.48925781E-1	0.00000000E+0	0.00000000E+0
-1.46484375E-1	-1.37871002E-5	-1.37871002E-5	-1.46484375E-1	0.00000000E+0	0.00000000E+0
-1.44042969E-1	-1.35529999E-5	-1.35529999E-5	-1.44042969E-1	0.00000000E+0	0.00000000E+0
-1.41601562E-1	-1.33367002E-5	-1.33367002E-5	-1.41601562E-1	0.00000000E+0	0.00000000E+0
-1.39160156E-1	-1.31077004E-5	-1.31077004E-5	-1.39160156E-1	0.00000000E+0	0.00000000E+0
-1.36718750E-1	-1.28756001E-5	-1.28756001E-5	-1.36718750E-1	0.00000000E+0	0.00000000E+0
-1.34277344E-1	-1.26547002E-5	-1.26547002E-5	-1.34277344E-1	0.00000000E+0	0.00000000E+0
-1.31835937E-1	-1.24319004E-5	-1.24319004E-5	-1.31835937E-1	0.00000000E+0	0.00000000E+0
-1.29394531E-1	-1.22018000E-5	-1.22018000E-5	-1.29394531E-1	0.00000000E+0	0.00000000E+0
-1.26953125E-1	-1.19758997E-5	-1.19758997E-5	-1.26953125E-1	0.00000000E+0	0.00000000E+0
-1.24511719E-1	-1.17571999E-5	-1.17571999E-5	-1.24511719E-1	0.00000000E+0	0.00000000E+0
-1.22070312E-1	-1.15246003E-5	-1.15246003E-5	-1.22070312E-1	0.00000000E+0	0.00000000E+0
-1.19628906E-1	-1.12913003E-5	-1.12913003E-5	-1.19628906E-1	0.00000000E+0	0.00000000E+0
-1.17187500E-1	-1.10519004E-5	-1.10519004E-5	-1.17187500E-1	0.00000000E+0	0.00000000E+0
-1.14746094E-1	-1.08339000E-5	-1.08339000E-5	-1.14746094E-1	0.00000000E+0	0.00000000E+0
-1.12304687E-1	-1.06125999E-5	-1.06125999E-5	-1.12304687E-1	0.00000000E+0	0.00000000E+0
-1.09863281E-1	-1.03893999E-5	-1.03893999E-5	-1.09863281E-1	0.00000000E+0	0.00000000E+0
-1.07421875E-1	-1.01547002E-5	-1.01547002E-5	-1.07421875E-1	0.00000000E+0	0.00000000E+0
-1.04980469E-1	-9.93881986E-6	-9.93881986E-6	-1.04980469E-1	0.00000000E+0	0.00000000E+0
-1.02539062E-1	-9.70093970E-6	-9.70093970E-6	-1.02539062E-1	0.00000000E+0	0.00000000E+0
-1.00097656E-1	-9.47551962E-6	-9.47551962E-6	-1.00097656E-1	0.00000000E+0	0.00000000E+0
-9.76562500E-2	-9.24412961E-6	-9.24412961E-6	-9.76562500E-2	0.00000000E+0	0.00000000E+0
-9.52148438E-2	-9.02393003E-6	-9.02393003E-6	-9.52148438E-2	0.00000000E+0	0.00000000E+0
-9.27734375E-2	-8.79076015E-6	-8.79076015E-6	-9.27734375E-2	0.00000000E+0	0.00000000E+0
-9.03320313E-2	-8.56826955E-6	-8.56826955E-6	-9.03320313E-2	0.00000000E+0	0.00000000E+0
-8.78906250E-2	-8.33776994E-6	-8.33776994E-6	-8.78906250E-2	0.00000000E+0	0.00000000E+0
-8.54492188E-2	-8.10345045E-6	-8.10345045E-6	-8.54492188E-2	0.00000000E+0	0.00000000E+0
-8.30078125E-2	-7.87446970E-6	-7.87446970E-6	-8.30078125E-2	0.00000000E+0	0.00000000E+0
-8.05664063E-2	-7.64474044E-6	-7.64474044E-6	-8.05664063E-2	0.00000000E+0	0.00000000E+0
-7.81250000E-2	-7.40736004E-6	-7.40736004E-6	-7.81250000E-2	0.00000000E+0	0.00000000E+0
-7.56835938E-2	-7.18449019E-6	-7.18449019E-6	-7.56835938E-2	0.00000000E+0	0.00000000E+0
-7.32421875E-2	-6.95170002E-6	-6.95170002E-6	-7.32421875E-2	0.00000000E+0	0.00000000E+0
-7.08007813E-2	-6.72195983E-6	-6.72195983E-6	-7.08007813E-2	0.00000000E+0	0.00000000E+0
-6.83593750E-2	-6.48764990E-6	-6.48764990E-6	-6.83593750E-2	0.00000000E+0	0.00000000E+0
-6.59179688E-2	-6.26478004E-6	-6.26478004E-6	-6.59179688E-2	0.00000000E+0	0.00000000E+0
-6.34765625E-2	-6.03160015E-6	-6.03160015E-6	-6.34765625E-2	0.00000000E+0	0.00000000E+0
-6.10351563E-2	-5.80071992E-6	-5.80071992E-6	-6.10351563E-2	0.00000000E+0	0.00000000E+0
-5.85937500E-2	-5.56373016E-6	-5.56373016E-6	-5.85937500E-2	0.00000000E+0	0.00000000E+0
-5.61523438E-2	-5.33894990E-6	-5.33894990E-6	-5.61523438E-2	0.00000000E+0	0.00000000E+0
-5.37109375E-2	-5.10387008E-6	-5.10387008E-6	-5.37109375E-2	0.00000000E+0	0.00000000E+0
-5.12695313E-2	-4.87794978E-6	-4.87794978E-6	-5.12695313E-2	0.00000000E+0	0.00000000E+0
-4.88281250E-2	-4.63828019E-6	-4.63828019E-6	-4.88281250E-2	0.00000000E+0	0.00000000E+0
-4.63867188E-2	-4.40930989E-6	-4.40930989E-6	-4.63867188E-2	0.00000000E+0	0.00000000E+0
-4.39453125E-2	-4.17423007E-6	-4.17423007E-6	-4.39453125E-2	0.00000000E+0	0.00000000E+0
-4.15039063E-2	-3.94448989E-6	-3.94448989E-6	-4.15039063E-2	0.00000000E+0	0.00000000E+0
-3.90625000E-2	-3.70405996E-6	-3.70405996E-6	-3.90625000E-2	0.00000000E+0	0.00000000E+0
-3.66210938E-2	-3.47967011E-6	-3.47967011E-6	-3.66210938E-2	0.00000000E+0	0.00000000E+0
-3.41796875E-2	-3.24839993E-6	-3.24839993E-6	-3.41796875E-2	0.00000000E+0	0.00000000E+0
-3.17382813E-2	-3.02171998E-6	-3.02171998E-6	-3.17382813E-2	0.00000000E+0	0.00000000E+0
-2.92968750E-2	-2.78510993E-6	-2.78510993E-6	-2.92968750E-2	0.00000000E+0	0.00000000E+0
-2.68554688E-2	-2.56147996E-6	-2.56147996E-6	-2.68554688E-2	0.00000000E+0	0.00000000E+0
-2.44140625E-2	-2.32665002E-6	-2.32665002E-6	-2.44140625E-2	0.00000000E+0	0.00000000E+0
-2.19726563E-2	-2.09742007E-6	-2.09742007E-6	-2.19726563E-2	0.00000000E+0	0.00000000E+0
-1.95312500E-2	-1.86335001E-6	-1.86335001E-6	-1.95312500E-2	0.00000000E+0	0.00000000E+0
-1.70898438E-2	-1.63845004E-6	-1.63845004E-6	-1.70898438E-2	0.00000000E+0	0.00000000E+0
-1.46484375E-2	-1.40641998E-6	-1.40641998E-6	-1.46484375E-2	0.00000000E+0	0.00000000E+0
-1.22070313E-2	-1.18167998E-6	-1.18167998E-6	-1.22070313E-2	0.00000000E+0	0.00000000E+0
-9.76562500E-3	-9.47394028E-7	-9.47394028E-7	-9.76562500E-3	0.00000000E+0	0.00000000E+0
-7.32421875E-3	-7.23488995E-7	-7.23488995E-7	-7.32421875E-3	0.00000000E+0	0.00000000E+0
-4.88281250E-3	-4.92024981E-7	-4.92024981E-7	-4.88281250E-3	0.00000000E+0	0.00000000E+0
-2.44140625E-3	-2.68387993E-7	-2.68387993E-7	-2.44140625E-3	0.00000000E+0	0.00000000E+0
0.00000000E+0	-3.75781006E-8	-3.75781006E-8	0.00000000E+0	0.00000000E+0	0.00000000E+0
