Date: do 28 mrt 2013, Material: Au, Temp: 4.2 K
AO1 - module gain: 1.0E+0, R_out: 0.0
AO2 - module gain: 1.0E+2
MUX1 - ADC gain: 4, logarithmic amplifier: D:\LabVIEW Data\Lithographic MCBJ\MED24_070412.TXT, R_in: 0.000
MUX2 - ADC gain: 4, linear amplifier: 1.000000 x 1e10 V/A, R_in: 1.000
Breaking trace: 15 0
Axis position: -883.419038
Vbias (V)	<I> and Ii MUX1 (A)	Vbias (V)	<I> and Ii MUX2 (A)
@
0.00000000E+0	-1.80930004E-9	-1.80930004E-9	0.00000000E+0	0.00000000E+0	0.00000000E+0
2.44140625E-3	4.74229989E-9	4.74229989E-9	2.44140625E-3	0.00000000E+0	0.00000000E+0
4.88281250E-3	1.29166997E-8	1.29166997E-8	4.88281250E-3	0.00000000E+0	0.00000000E+0
7.32421875E-3	2.12318003E-8	2.12318003E-8	7.32421875E-3	0.00000000E+0	0.00000000E+0
9.76562500E-3	3.00166008E-8	3.00166008E-8	9.76562500E-3	0.00000000E+0	0.00000000E+0
1.22070313E-2	3.86371006E-8	3.86371006E-8	1.22070313E-2	0.00000000E+0	0.00000000E+0
1.46484375E-2	4.81214002E-8	4.81214002E-8	1.46484375E-2	0.00000000E+0	0.00000000E+0
1.70898438E-2	5.72503005E-8	5.72503005E-8	1.70898438E-2	0.00000000E+0	0.00000000E+0
1.95312500E-2	6.69908005E-8	6.69908005E-8	1.95312500E-2	0.00000000E+0	0.00000000E+0
2.19726563E-2	7.63261028E-8	7.63261028E-8	2.19726563E-2	0.00000000E+0	0.00000000E+0
2.44140625E-2	8.61238973E-8	8.61238973E-8	2.44140625E-2	0.00000000E+0	0.00000000E+0
2.68554688E-2	9.56693995E-8	9.56693995E-8	2.68554688E-2	0.00000000E+0	0.00000000E+0
2.92968750E-2	1.05616003E-7	1.05616003E-7	2.92968750E-2	0.00000000E+0	0.00000000E+0
3.17382813E-2	1.15524998E-7	1.15524998E-7	3.17382813E-2	0.00000000E+0	0.00000000E+0
3.41796875E-2	1.26420005E-7	1.26420005E-7	3.41796875E-2	0.00000000E+0	0.00000000E+0
3.66210938E-2	1.36159997E-7	1.36159997E-7	3.66210938E-2	0.00000000E+0	0.00000000E+0
3.90625000E-2	1.46928002E-7	1.46928002E-7	3.90625000E-2	0.00000000E+0	0.00000000E+0
4.15039063E-2	1.54233007E-7	1.54233007E-7	4.15039063E-2	0.00000000E+0	0.00000000E+0
4.39453125E-2	1.03017001E-7	1.03017001E-7	4.39453125E-2	0.00000000E+0	0.00000000E+0
4.63867188E-2	1.04038001E-7	1.04038001E-7	4.63867188E-2	0.00000000E+0	0.00000000E+0
4.88281250E-2	4.02159017E-8	4.02159017E-8	4.88281250E-2	0.00000000E+0	0.00000000E+0
5.12695313E-2	1.50822004E-8	1.50822004E-8	5.12695313E-2	0.00000000E+0	0.00000000E+0
5.37109375E-2	1.76843002E-8	1.76843002E-8	5.37109375E-2	0.00000000E+0	0.00000000E+0
5.61523438E-2	4.79226010E-8	4.79226010E-8	5.61523438E-2	0.00000000E+0	0.00000000E+0
5.85937500E-2	4.34957990E-8	4.34957990E-8	5.85937500E-2	0.00000000E+0	0.00000000E+0
6.10351563E-2	4.13588985E-8	4.13588985E-8	6.10351563E-2	0.00000000E+0	0.00000000E+0
6.34765625E-2	4.11333012E-8	4.11333012E-8	6.34765625E-2	0.00000000E+0	0.00000000E+0
6.59179688E-2	4.19476009E-8	4.19476009E-8	6.59179688E-2	0.00000000E+0	0.00000000E+0
6.83593750E-2	4.35570016E-8	4.35570016E-8	6.83593750E-2	0.00000000E+0	0.00000000E+0
7.08007813E-2	4.48568009E-8	4.48568009E-8	7.08007813E-2	0.00000000E+0	0.00000000E+0
7.32421875E-2	4.66229011E-8	4.66229011E-8	7.32421875E-2	0.00000000E+0	0.00000000E+0
7.56835938E-2	4.86413008E-8	4.86413008E-8	7.56835938E-2	0.00000000E+0	0.00000000E+0
7.81250000E-2	5.03539006E-8	5.03539006E-8	7.81250000E-2	0.00000000E+0	0.00000000E+0
8.05664063E-2	5.19825001E-8	5.19825001E-8	8.05664063E-2	0.00000000E+0	0.00000000E+0
8.30078125E-2	5.37409015E-8	5.37409015E-8	8.30078125E-2	0.00000000E+0	0.00000000E+0
8.54492188E-2	5.58205002E-8	5.58205002E-8	8.54492188E-2	0.00000000E+0	0.00000000E+0
8.78906250E-2	5.75942991E-8	5.75942991E-8	8.78906250E-2	0.00000000E+0	0.00000000E+0
9.03320313E-2	6.03849983E-8	6.03849983E-8	9.03320313E-2	0.00000000E+0	0.00000000E+0
9.27734375E-2	6.27130987E-8	6.27130987E-8	9.27734375E-2	0.00000000E+0	0.00000000E+0
9.52148438E-2	6.43760032E-8	6.43760032E-8	9.52148438E-2	0.00000000E+0	0.00000000E+0
9.76562500E-2	6.54272014E-8	6.54272014E-8	9.76562500E-2	0.00000000E+0	0.00000000E+0
1.00097656E-1	6.91048001E-8	6.91048001E-8	1.00097656E-1	0.00000000E+0	0.00000000E+0
1.02539062E-1	7.07371015E-8	7.07371015E-8	1.02539062E-1	0.00000000E+0	0.00000000E+0
1.04980469E-1	7.26179010E-8	7.26179010E-8	1.04980469E-1	0.00000000E+0	0.00000000E+0
1.07421875E-1	7.42464010E-8	7.42464010E-8	1.07421875E-1	0.00000000E+0	0.00000000E+0
1.09863281E-1	7.52442020E-8	7.52442020E-8	1.09863281E-1	0.00000000E+0	0.00000000E+0
1.12304687E-1	7.71746969E-8	7.71746969E-8	1.12304687E-1	0.00000000E+0	0.00000000E+0
1.14746094E-1	7.83393972E-8	7.83393972E-8	1.14746094E-1	0.00000000E+0	0.00000000E+0
1.17187500E-1	7.97895012E-8	7.97895012E-8	1.17187500E-1	0.00000000E+0	0.00000000E+0
1.19628906E-1	8.10700982E-8	8.10700982E-8	1.19628906E-1	0.00000000E+0	0.00000000E+0
1.22070312E-1	8.24120008E-8	8.24120008E-8	1.22070312E-1	0.00000000E+0	0.00000000E+0
1.24511719E-1	8.42468992E-8	8.42468992E-8	1.24511719E-1	0.00000000E+0	0.00000000E+0
1.26953125E-1	8.60665992E-8	8.60665992E-8	1.26953125E-1	0.00000000E+0	0.00000000E+0
1.29394531E-1	8.66360992E-8	8.66360992E-8	1.29394531E-1	0.00000000E+0	0.00000000E+0
1.31835937E-1	8.88648017E-8	8.88648017E-8	1.31835937E-1	0.00000000E+0	0.00000000E+0
1.34277344E-1	8.99581991E-8	8.99581991E-8	1.34277344E-1	0.00000000E+0	0.00000000E+0
1.36718750E-1	9.13674967E-8	9.13674967E-8	1.36718750E-1	0.00000000E+0	0.00000000E+0
1.39160156E-1	9.30201978E-8	9.30201978E-8	1.39160156E-1	0.00000000E+0	0.00000000E+0
1.41601562E-1	9.43620009E-8	9.43620009E-8	1.41601562E-1	0.00000000E+0	0.00000000E+0
1.44042969E-1	9.58719966E-8	9.58719966E-8	1.44042969E-1	0.00000000E+0	0.00000000E+0
1.46484375E-1	9.74660992E-8	9.74660992E-8	1.46484375E-1	0.00000000E+0	0.00000000E+0
1.48925781E-1	9.87200011E-8	9.87200011E-8	1.48925781E-1	0.00000000E+0	0.00000000E+0
1.51367187E-1	1.00229002E-7	1.00229002E-7	1.51367187E-1	0.00000000E+0	0.00000000E+0
1.53808594E-1	1.01753002E-7	1.01753002E-7	1.53808594E-1	0.00000000E+0	0.00000000E+0
1.56250000E-1	1.03387997E-7	1.03387997E-7	1.56250000E-1	0.00000000E+0	0.00000000E+0
1.58691406E-1	1.05326002E-7	1.05326002E-7	1.58691406E-1	0.00000000E+0	0.00000000E+0
1.61132812E-1	1.06789003E-7	1.06789003E-7	1.61132812E-1	0.00000000E+0	0.00000000E+0
1.63574219E-1	1.08470999E-7	1.08470999E-7	1.63574219E-1	0.00000000E+0	0.00000000E+0
1.66015625E-1	1.09980000E-7	1.09980000E-7	1.66015625E-1	0.00000000E+0	0.00000000E+0
1.68457031E-1	1.11494998E-7	1.11494998E-7	1.68457031E-1	0.00000000E+0	0.00000000E+0
1.70898437E-1	1.14256999E-7	1.14256999E-7	1.70898437E-1	0.00000000E+0	0.00000000E+0
1.73339844E-1	1.16152002E-7	1.16152002E-7	1.73339844E-1	0.00000000E+0	0.00000000E+0
1.75781250E-1	1.16871000E-7	1.16871000E-7	1.75781250E-1	0.00000000E+0	0.00000000E+0
1.78222656E-1	1.18014000E-7	1.18014000E-7	1.78222656E-1	0.00000000E+0	0.00000000E+0
1.80664062E-1	1.19475004E-7	1.19475004E-7	1.80664062E-1	0.00000000E+0	0.00000000E+0
1.83105469E-1	1.21346005E-7	1.21346005E-7	1.83105469E-1	0.00000000E+0	0.00000000E+0
1.85546875E-1	1.22681001E-7	1.22681001E-7	1.85546875E-1	0.00000000E+0	0.00000000E+0
1.87988281E-1	1.24108993E-7	1.24108993E-7	1.87988281E-1	0.00000000E+0	0.00000000E+0
1.90429687E-1	1.26187004E-7	1.26187004E-7	1.90429687E-1	0.00000000E+0	0.00000000E+0
1.92871094E-1	1.28943000E-7	1.28943000E-7	1.92871094E-1	0.00000000E+0	0.00000000E+0
1.95312500E-1	1.29122995E-7	1.29122995E-7	1.95312500E-1	0.00000000E+0	0.00000000E+0
1.97753906E-1	1.30508994E-7	1.30508994E-7	1.97753906E-1	0.00000000E+0	0.00000000E+0
2.00195312E-1	1.32036007E-7	1.32036007E-7	2.00195312E-1	0.00000000E+0	0.00000000E+0
2.02636719E-1	1.33792994E-7	1.33792994E-7	2.02636719E-1	0.00000000E+0	0.00000000E+0
2.05078125E-1	1.35376993E-7	1.35376993E-7	2.05078125E-1	0.00000000E+0	0.00000000E+0
2.07519531E-1	1.36694993E-7	1.36694993E-7	2.07519531E-1	0.00000000E+0	0.00000000E+0
2.09960937E-1	1.39215004E-7	1.39215004E-7	2.09960937E-1	0.00000000E+0	0.00000000E+0
2.12402344E-1	1.40092993E-7	1.40092993E-7	2.12402344E-1	0.00000000E+0	0.00000000E+0
2.14843750E-1	1.41963994E-7	1.41963994E-7	2.14843750E-1	0.00000000E+0	0.00000000E+0
2.17285156E-1	1.43663001E-7	1.43663001E-7	2.17285156E-1	0.00000000E+0	0.00000000E+0
2.19726562E-1	1.44560005E-7	1.44560005E-7	2.19726562E-1	0.00000000E+0	0.00000000E+0
2.22167969E-1	1.46163998E-7	1.46163998E-7	2.22167969E-1	0.00000000E+0	0.00000000E+0
2.24609375E-1	1.47844005E-7	1.47844005E-7	2.24609375E-1	0.00000000E+0	0.00000000E+0
2.27050781E-1	1.49320996E-7	1.49320996E-7	2.27050781E-1	0.00000000E+0	0.00000000E+0
2.29492187E-1	1.50822004E-7	1.50822004E-7	2.29492187E-1	0.00000000E+0	0.00000000E+0
2.31933594E-1	1.52406997E-7	1.52406997E-7	2.31933594E-1	0.00000000E+0	0.00000000E+0
2.34375000E-1	1.54437004E-7	1.54437004E-7	2.34375000E-1	0.00000000E+0	0.00000000E+0
2.36816406E-1	1.55137002E-7	1.55137002E-7	2.36816406E-1	0.00000000E+0	0.00000000E+0
2.39257812E-1	1.56778995E-7	1.56778995E-7	2.39257812E-1	0.00000000E+0	0.00000000E+0
2.41699219E-1	1.58103006E-7	1.58103006E-7	2.41699219E-1	0.00000000E+0	0.00000000E+0
2.44140625E-1	1.60024996E-7	1.60024996E-7	2.44140625E-1	0.00000000E+0	0.00000000E+0
2.46582031E-1	1.61539006E-7	1.61539006E-7	2.46582031E-1	0.00000000E+0	0.00000000E+0
2.49023437E-1	1.63371993E-7	1.63371993E-7	2.49023437E-1	0.00000000E+0	0.00000000E+0
2.51464844E-1	1.64702001E-7	1.64702001E-7	2.51464844E-1	0.00000000E+0	0.00000000E+0
2.53906250E-1	1.66476994E-7	1.66476994E-7	2.53906250E-1	0.00000000E+0	0.00000000E+0
2.56347656E-1	1.68106993E-7	1.68106993E-7	2.56347656E-1	0.00000000E+0	0.00000000E+0
2.58789062E-1	1.69226993E-7	1.69226993E-7	2.58789062E-1	0.00000000E+0	0.00000000E+0
2.61230469E-1	1.71059000E-7	1.71059000E-7	2.61230469E-1	0.00000000E+0	0.00000000E+0
2.63671875E-1	1.72586994E-7	1.72586994E-7	2.63671875E-1	0.00000000E+0	0.00000000E+0
2.66113281E-1	1.74240995E-7	1.74240995E-7	2.66113281E-1	0.00000000E+0	0.00000000E+0
2.68554687E-1	1.75946994E-7	1.75946994E-7	2.68554687E-1	0.00000000E+0	0.00000000E+0
2.70996094E-1	1.77269996E-7	1.77269996E-7	2.70996094E-1	0.00000000E+0	0.00000000E+0
2.73437500E-1	1.79001006E-7	1.79001006E-7	2.73437500E-1	0.00000000E+0	0.00000000E+0
2.75878906E-1	1.80680999E-7	1.80680999E-7	2.75878906E-1	0.00000000E+0	0.00000000E+0
2.78320312E-1	1.82438001E-7	1.82438001E-7	2.78320312E-1	0.00000000E+0	0.00000000E+0
2.80761719E-1	1.85874001E-7	1.85874001E-7	2.80761719E-1	0.00000000E+0	0.00000000E+0
2.83203125E-1	1.86332997E-7	1.86332997E-7	2.83203125E-1	0.00000000E+0	0.00000000E+0
2.85644531E-1	1.88572997E-7	1.88572997E-7	2.85644531E-1	0.00000000E+0	0.00000000E+0
2.88085937E-1	1.89158001E-7	1.89158001E-7	2.88085937E-1	0.00000000E+0	0.00000000E+0
2.90527344E-1	1.90609001E-7	1.90609001E-7	2.90527344E-1	0.00000000E+0	0.00000000E+0
2.92968750E-1	1.92569004E-7	1.92569004E-7	2.92968750E-1	0.00000000E+0	0.00000000E+0
2.95410156E-1	1.93866995E-7	1.93866995E-7	2.95410156E-1	0.00000000E+0	0.00000000E+0
2.97851562E-1	1.95750999E-7	1.95750999E-7	2.97851562E-1	0.00000000E+0	0.00000000E+0
3.00292969E-1	1.97329001E-7	1.97329001E-7	3.00292969E-1	0.00000000E+0	0.00000000E+0
3.02734375E-1	1.99162002E-7	1.99162002E-7	3.02734375E-1	0.00000000E+0	0.00000000E+0
3.05175781E-1	2.00537002E-7	2.00537002E-7	3.05175781E-1	0.00000000E+0	0.00000000E+0
3.07617187E-1	2.02674997E-7	2.02674997E-7	3.07617187E-1	0.00000000E+0	0.00000000E+0
3.10058594E-1	2.04355004E-7	2.04355004E-7	3.10058594E-1	0.00000000E+0	0.00000000E+0
3.12500000E-1	2.06378999E-7	2.06378999E-7	3.12500000E-1	0.00000000E+0	0.00000000E+0
3.14941406E-1	2.08708002E-7	2.08708002E-7	3.14941406E-1	0.00000000E+0	0.00000000E+0
3.17382812E-1	2.10311001E-7	2.10311001E-7	3.17382812E-1	0.00000000E+0	0.00000000E+0
3.19824219E-1	2.11686000E-7	2.11686000E-7	3.19824219E-1	0.00000000E+0	0.00000000E+0
3.22265625E-1	2.12984006E-7	2.12984006E-7	3.22265625E-1	0.00000000E+0	0.00000000E+0
3.24707031E-1	2.15249997E-7	2.15249997E-7	3.24707031E-1	0.00000000E+0	0.00000000E+0
3.27148437E-1	2.17489998E-7	2.17489998E-7	3.27148437E-1	0.00000000E+0	0.00000000E+0
3.29589844E-1	2.18864002E-7	2.18864002E-7	3.29589844E-1	0.00000000E+0	0.00000000E+0
3.32031250E-1	2.20239002E-7	2.20239002E-7	3.32031250E-1	0.00000000E+0	0.00000000E+0
3.34472656E-1	2.22072003E-7	2.22072003E-7	3.34472656E-1	0.00000000E+0	0.00000000E+0
3.36914062E-1	2.23483994E-7	2.23483994E-7	3.36914062E-1	0.00000000E+0	0.00000000E+0
3.39355469E-1	2.24820994E-7	2.24820994E-7	3.39355469E-1	0.00000000E+0	0.00000000E+0
3.41796875E-1	2.26577001E-7	2.26577001E-7	3.41796875E-1	0.00000000E+0	0.00000000E+0
3.44238281E-1	2.28689998E-7	2.28689998E-7	3.44238281E-1	0.00000000E+0	0.00000000E+0
3.46679687E-1	2.30319003E-7	2.30319003E-7	3.46679687E-1	0.00000000E+0	0.00000000E+0
3.49121094E-1	2.32534006E-7	2.32534006E-7	3.49121094E-1	0.00000000E+0	0.00000000E+0
3.51562500E-1	2.36556005E-7	2.36556005E-7	3.51562500E-1	0.00000000E+0	0.00000000E+0
3.54003906E-1	2.35995998E-7	2.35995998E-7	3.54003906E-1	0.00000000E+0	0.00000000E+0
3.56445312E-1	2.37574000E-7	2.37574000E-7	3.56445312E-1	0.00000000E+0	0.00000000E+0
3.58886719E-1	2.39788989E-7	2.39788989E-7	3.58886719E-1	0.00000000E+0	0.00000000E+0
3.61328125E-1	2.40704992E-7	2.40704992E-7	3.61328125E-1	0.00000000E+0	0.00000000E+0
3.63769531E-1	2.42118006E-7	2.42118006E-7	3.63769531E-1	0.00000000E+0	0.00000000E+0
3.66210937E-1	2.44370995E-7	2.44370995E-7	3.66210937E-1	0.00000000E+0	0.00000000E+0
3.68652344E-1	2.46203001E-7	2.46203001E-7	3.68652344E-1	0.00000000E+0	0.00000000E+0
3.71093750E-1	2.47615986E-7	2.47615986E-7	3.71093750E-1	0.00000000E+0	0.00000000E+0
3.73535156E-1	2.49105000E-7	2.49105000E-7	3.73535156E-1	0.00000000E+0	0.00000000E+0
3.75976562E-1	2.52542009E-7	2.52542009E-7	3.75976562E-1	0.00000000E+0	0.00000000E+0
3.78417969E-1	2.51587011E-7	2.51587011E-7	3.78417969E-1	0.00000000E+0	0.00000000E+0
3.80859375E-1	2.53840000E-7	2.53840000E-7	3.80859375E-1	0.00000000E+0	0.00000000E+0
3.83300781E-1	2.56130988E-7	2.56130988E-7	3.83300781E-1	0.00000000E+0	0.00000000E+0
3.85742187E-1	2.58422006E-7	2.58422006E-7	3.85742187E-1	0.00000000E+0	0.00000000E+0
3.88183594E-1	2.59032987E-7	2.59032987E-7	3.88183594E-1	0.00000000E+0	0.00000000E+0
3.90625000E-1	2.60026013E-7	2.60026013E-7	3.90625000E-1	0.00000000E+0	0.00000000E+0
3.93066406E-1	2.61628998E-7	2.61628998E-7	3.93066406E-1	0.00000000E+0	0.00000000E+0
3.95507812E-1	2.62850989E-7	2.62850989E-7	3.95507812E-1	0.00000000E+0	0.00000000E+0
3.97949219E-1	2.64530996E-7	2.64530996E-7	3.97949219E-1	0.00000000E+0	0.00000000E+0
4.00390625E-1	2.65956999E-7	2.65956999E-7	4.00390625E-1	0.00000000E+0	0.00000000E+0
4.02832031E-1	2.67585989E-7	2.67585989E-7	4.02832031E-1	0.00000000E+0	0.00000000E+0
4.05273437E-1	2.68808009E-7	2.68808009E-7	4.05273437E-1	0.00000000E+0	0.00000000E+0
4.07714844E-1	2.71327991E-7	2.71327991E-7	4.07714844E-1	0.00000000E+0	0.00000000E+0
4.10156250E-1	2.71633013E-7	2.71633013E-7	4.10156250E-1	0.00000000E+0	0.00000000E+0
4.12597656E-1	2.73083998E-7	2.73083998E-7	4.12597656E-1	0.00000000E+0	0.00000000E+0
4.15039062E-1	2.74992999E-7	2.74992999E-7	4.15039062E-1	0.00000000E+0	0.00000000E+0
4.17480469E-1	2.76368013E-7	2.76368013E-7	4.17480469E-1	0.00000000E+0	0.00000000E+0
4.19921875E-1	2.77742004E-7	2.77742004E-7	4.19921875E-1	0.00000000E+0	0.00000000E+0
4.22363281E-1	2.82743997E-7	2.82743997E-7	4.22363281E-1	0.00000000E+0	0.00000000E+0
4.24804687E-1	2.82094987E-7	2.82094987E-7	4.24804687E-1	0.00000000E+0	0.00000000E+0
4.27246094E-1	2.86600994E-7	2.86600994E-7	4.27246094E-1	0.00000000E+0	0.00000000E+0
4.29687500E-1	2.88357000E-7	2.88357000E-7	4.29687500E-1	0.00000000E+0	0.00000000E+0
4.32128906E-1	2.90266001E-7	2.90266001E-7	4.32128906E-1	0.00000000E+0	0.00000000E+0
4.34570312E-1	2.91870009E-7	2.91870009E-7	4.34570312E-1	0.00000000E+0	0.00000000E+0
4.37011719E-1	2.93016001E-7	2.93016001E-7	4.37011719E-1	0.00000000E+0	0.00000000E+0
4.39453125E-1	2.96757008E-7	2.96757008E-7	4.39453125E-1	0.00000000E+0	0.00000000E+0
4.41894531E-1	2.97138996E-7	2.97138996E-7	4.41894531E-1	0.00000000E+0	0.00000000E+0
4.44335937E-1	2.98971997E-7	2.98971997E-7	4.44335937E-1	0.00000000E+0	0.00000000E+0
4.46777344E-1	3.00347011E-7	3.00347011E-7	4.46777344E-1	0.00000000E+0	0.00000000E+0
4.49218750E-1	2.98207993E-7	2.98207993E-7	4.49218750E-1	0.00000000E+0	0.00000000E+0
4.51660156E-1	3.00842999E-7	3.00842999E-7	4.51660156E-1	0.00000000E+0	0.00000000E+0
4.54101562E-1	3.02370012E-7	3.02370012E-7	4.54101562E-1	0.00000000E+0	0.00000000E+0
4.56542969E-1	3.05120011E-7	3.05120011E-7	4.56542969E-1	0.00000000E+0	0.00000000E+0
4.58984375E-1	3.05120011E-7	3.05120011E-7	4.58984375E-1	0.00000000E+0	0.00000000E+0
4.61425781E-1	3.06837990E-7	3.06837990E-7	4.61425781E-1	0.00000000E+0	0.00000000E+0
4.63867187E-1	3.07143011E-7	3.07143011E-7	4.63867187E-1	0.00000000E+0	0.00000000E+0
4.66308594E-1	3.09586994E-7	3.09586994E-7	4.66308594E-1	0.00000000E+0	0.00000000E+0
4.68750000E-1	3.10809014E-7	3.10809014E-7	4.68750000E-1	0.00000000E+0	0.00000000E+0
4.71191406E-1	3.13328997E-7	3.13328997E-7	4.71191406E-1	0.00000000E+0	0.00000000E+0
4.73632812E-1	3.15773008E-7	3.15773008E-7	4.73632812E-1	0.00000000E+0	0.00000000E+0
4.76074219E-1	3.17375992E-7	3.17375992E-7	4.76074219E-1	0.00000000E+0	0.00000000E+0
4.78515625E-1	3.19513987E-7	3.19513987E-7	4.78515625E-1	0.00000000E+0	0.00000000E+0
4.80957031E-1	3.21346988E-7	3.21346988E-7	4.80957031E-1	0.00000000E+0	0.00000000E+0
4.83398437E-1	3.23524006E-7	3.23524006E-7	4.83398437E-1	0.00000000E+0	0.00000000E+0
4.85839844E-1	3.24478009E-7	3.24478009E-7	4.85839844E-1	0.00000000E+0	0.00000000E+0
4.88281250E-1	3.25471007E-7	3.25471007E-7	4.88281250E-1	0.00000000E+0	0.00000000E+0
4.90722656E-1	3.30358006E-7	3.30358006E-7	4.90722656E-1	0.00000000E+0	0.00000000E+0
4.93164062E-1	3.33718987E-7	3.33718987E-7	4.93164062E-1	0.00000000E+0	0.00000000E+0
4.90722656E-1	3.31046010E-7	3.31046010E-7	4.90722656E-1	0.00000000E+0	0.00000000E+0
4.88281250E-1	3.28525999E-7	3.28525999E-7	4.88281250E-1	0.00000000E+0	0.00000000E+0
4.85839844E-1	3.25776000E-7	3.25776000E-7	4.85839844E-1	0.00000000E+0	0.00000000E+0
4.83398437E-1	3.25624001E-7	3.25624001E-7	4.83398437E-1	0.00000000E+0	0.00000000E+0
4.80957031E-1	3.24478009E-7	3.24478009E-7	4.80957031E-1	0.00000000E+0	0.00000000E+0
4.78515625E-1	3.23026995E-7	3.23026995E-7	4.78515625E-1	0.00000000E+0	0.00000000E+0
4.76074219E-1	3.17222998E-7	3.17222998E-7	4.76074219E-1	0.00000000E+0	0.00000000E+0
4.73632812E-1	3.15773008E-7	3.15773008E-7	4.73632812E-1	0.00000000E+0	0.00000000E+0
4.71191406E-1	3.14054006E-7	3.14054006E-7	4.71191406E-1	0.00000000E+0	0.00000000E+0
4.68750000E-1	3.11802012E-7	3.11802012E-7	4.68750000E-1	0.00000000E+0	0.00000000E+0
4.66308594E-1	3.09586994E-7	3.09586994E-7	4.66308594E-1	0.00000000E+0	0.00000000E+0
4.63867187E-1	3.06989989E-7	3.06989989E-7	4.63867187E-1	0.00000000E+0	0.00000000E+0
4.61425781E-1	3.07143011E-7	3.07143011E-7	4.61425781E-1	0.00000000E+0	0.00000000E+0
4.58984375E-1	3.05120011E-7	3.05120011E-7	4.58984375E-1	0.00000000E+0	0.00000000E+0
4.56542969E-1	3.02638000E-7	3.02638000E-7	4.56542969E-1	0.00000000E+0	0.00000000E+0
4.54101562E-1	3.01759002E-7	3.01759002E-7	4.54101562E-1	0.00000000E+0	0.00000000E+0
4.51660156E-1	2.99583007E-7	2.99583007E-7	4.51660156E-1	0.00000000E+0	0.00000000E+0
4.49218750E-1	2.99124991E-7	2.99124991E-7	4.49218750E-1	0.00000000E+0	0.00000000E+0
4.46777344E-1	2.96986997E-7	2.96986997E-7	4.46777344E-1	0.00000000E+0	0.00000000E+0
4.44335937E-1	2.95765005E-7	2.95765005E-7	4.44335937E-1	0.00000000E+0	0.00000000E+0
4.41894531E-1	2.93473988E-7	2.93473988E-7	4.41894531E-1	0.00000000E+0	0.00000000E+0
4.39453125E-1	2.91258999E-7	2.91258999E-7	4.39453125E-1	0.00000000E+0	0.00000000E+0
4.37011719E-1	2.89121004E-7	2.89121004E-7	4.37011719E-1	0.00000000E+0	0.00000000E+0
4.34570312E-1	2.87212004E-7	2.87212004E-7	4.34570312E-1	0.00000000E+0	0.00000000E+0
4.32128906E-1	2.86791987E-7	2.86791987E-7	4.32128906E-1	0.00000000E+0	0.00000000E+0
4.29687500E-1	2.84614998E-7	2.84614998E-7	4.29687500E-1	0.00000000E+0	0.00000000E+0
4.27246094E-1	2.83050014E-7	2.83050014E-7	4.27246094E-1	0.00000000E+0	0.00000000E+0
4.24804687E-1	2.80796996E-7	2.80796996E-7	4.24804687E-1	0.00000000E+0	0.00000000E+0
4.22363281E-1	2.79384011E-7	2.79384011E-7	4.22363281E-1	0.00000000E+0	0.00000000E+0
4.19921875E-1	2.77437010E-7	2.77437010E-7	4.19921875E-1	0.00000000E+0	0.00000000E+0
4.17480469E-1	2.75604009E-7	2.75604009E-7	4.17480469E-1	0.00000000E+0	0.00000000E+0
4.15039062E-1	2.73465986E-7	2.73465986E-7	4.15039062E-1	0.00000000E+0	0.00000000E+0
4.12597656E-1	2.72129000E-7	2.72129000E-7	4.12597656E-1	0.00000000E+0	0.00000000E+0
4.10156250E-1	2.70831009E-7	2.70831009E-7	4.10156250E-1	0.00000000E+0	0.00000000E+0
4.07714844E-1	2.69265996E-7	2.69265996E-7	4.07714844E-1	0.00000000E+0	0.00000000E+0
4.05273437E-1	2.66975007E-7	2.66975007E-7	4.05273437E-1	0.00000000E+0	0.00000000E+0
4.02832031E-1	2.65854993E-7	2.65854993E-7	4.02832031E-1	0.00000000E+0	0.00000000E+0
4.00390625E-1	2.64530996E-7	2.64530996E-7	4.00390625E-1	0.00000000E+0	0.00000000E+0
3.97949219E-1	2.62697995E-7	2.62697995E-7	3.97949219E-1	0.00000000E+0	0.00000000E+0
3.95507812E-1	2.60140013E-7	2.60140013E-7	3.95507812E-1	0.00000000E+0	0.00000000E+0
3.93066406E-1	2.60026013E-7	2.60026013E-7	3.93066406E-1	0.00000000E+0	0.00000000E+0
3.90625000E-1	2.58726999E-7	2.58726999E-7	3.90625000E-1	0.00000000E+0	0.00000000E+0
3.88183594E-1	2.56894992E-7	2.56894992E-7	3.88183594E-1	0.00000000E+0	0.00000000E+0
3.85742187E-1	2.55673001E-7	2.55673001E-7	3.85742187E-1	0.00000000E+0	0.00000000E+0
3.83300781E-1	2.53687006E-7	2.53687006E-7	3.83300781E-1	0.00000000E+0	0.00000000E+0
3.80859375E-1	2.52082998E-7	2.52082998E-7	3.80859375E-1	0.00000000E+0	0.00000000E+0
3.78417969E-1	2.52923002E-7	2.52923002E-7	3.78417969E-1	0.00000000E+0	0.00000000E+0
3.75976562E-1	2.52923002E-7	2.52923002E-7	3.75976562E-1	0.00000000E+0	0.00000000E+0
3.73535156E-1	2.51473011E-7	2.51473011E-7	3.73535156E-1	0.00000000E+0	0.00000000E+0
3.71093750E-1	2.49562987E-7	2.49562987E-7	3.71093750E-1	0.00000000E+0	0.00000000E+0
3.68652344E-1	2.47922003E-7	2.47922003E-7	3.68652344E-1	0.00000000E+0	0.00000000E+0
3.66210937E-1	2.46203001E-7	2.46203001E-7	3.66210937E-1	0.00000000E+0	0.00000000E+0
3.63769531E-1	2.44218000E-7	2.44218000E-7	3.63769531E-1	0.00000000E+0	0.00000000E+0
3.61328125E-1	2.42920009E-7	2.42920009E-7	3.61328125E-1	0.00000000E+0	0.00000000E+0
3.58886719E-1	2.40857986E-7	2.40857986E-7	3.58886719E-1	0.00000000E+0	0.00000000E+0
3.56445312E-1	2.39483001E-7	2.39483001E-7	3.56445312E-1	0.00000000E+0	0.00000000E+0
3.54003906E-1	2.37574000E-7	2.37574000E-7	3.54003906E-1	0.00000000E+0	0.00000000E+0
3.51562500E-1	2.35894007E-7	2.35894007E-7	3.51562500E-1	0.00000000E+0	0.00000000E+0
3.49121094E-1	2.33985006E-7	2.33985006E-7	3.49121094E-1	0.00000000E+0	0.00000000E+0
3.46679687E-1	2.32839000E-7	2.32839000E-7	3.46679687E-1	0.00000000E+0	0.00000000E+0
3.44238281E-1	2.30701005E-7	2.30701005E-7	3.44238281E-1	0.00000000E+0	0.00000000E+0
3.41796875E-1	2.29096997E-7	2.29096997E-7	3.41796875E-1	0.00000000E+0	0.00000000E+0
3.39355469E-1	2.27265005E-7	2.27265005E-7	3.39355469E-1	0.00000000E+0	0.00000000E+0
3.36914062E-1	2.26042999E-7	2.26042999E-7	3.36914062E-1	0.00000000E+0	0.00000000E+0
3.34472656E-1	2.24057004E-7	2.24057004E-7	3.34472656E-1	0.00000000E+0	0.00000000E+0
3.32031250E-1	2.22834998E-7	2.22834998E-7	3.32031250E-1	0.00000000E+0	0.00000000E+0
3.29589844E-1	2.20925997E-7	2.20925997E-7	3.29589844E-1	0.00000000E+0	0.00000000E+0
3.27148437E-1	2.18596995E-7	2.18596995E-7	3.27148437E-1	0.00000000E+0	0.00000000E+0
3.24707031E-1	2.17031996E-7	2.17031996E-7	3.24707031E-1	0.00000000E+0	0.00000000E+0
3.22265625E-1	2.15249997E-7	2.15249997E-7	3.22265625E-1	0.00000000E+0	0.00000000E+0
3.19824219E-1	2.13340996E-7	2.13340996E-7	3.19824219E-1	0.00000000E+0	0.00000000E+0
3.17382812E-1	2.09090004E-7	2.09090004E-7	3.17382812E-1	0.00000000E+0	0.00000000E+0
3.14941406E-1	2.08326000E-7	2.08326000E-7	3.14941406E-1	0.00000000E+0	0.00000000E+0
3.12500000E-1	2.05882003E-7	2.05882003E-7	3.12500000E-1	0.00000000E+0	0.00000000E+0
3.10058594E-1	2.03566003E-7	2.03566003E-7	3.10058594E-1	0.00000000E+0	0.00000000E+0
3.07617187E-1	2.01911007E-7	2.01911007E-7	3.07617187E-1	0.00000000E+0	0.00000000E+0
3.05175781E-1	1.99926006E-7	1.99926006E-7	3.05175781E-1	0.00000000E+0	0.00000000E+0
3.02734375E-1	1.97825997E-7	1.97825997E-7	3.02734375E-1	0.00000000E+0	0.00000000E+0
3.00292969E-1	1.95992996E-7	1.95992996E-7	3.00292969E-1	0.00000000E+0	0.00000000E+0
2.97851562E-1	1.94427002E-7	1.94427002E-7	2.97851562E-1	0.00000000E+0	0.00000000E+0
2.95410156E-1	1.92824004E-7	1.92824004E-7	2.95410156E-1	0.00000000E+0	0.00000000E+0
2.92968750E-1	1.91219996E-7	1.91219996E-7	2.92968750E-1	0.00000000E+0	0.00000000E+0
2.90527344E-1	1.89692997E-7	1.89692997E-7	2.90527344E-1	0.00000000E+0	0.00000000E+0
2.88085937E-1	1.88369000E-7	1.88369000E-7	2.88085937E-1	0.00000000E+0	0.00000000E+0
2.85644531E-1	1.86433994E-7	1.86433994E-7	2.85644531E-1	0.00000000E+0	0.00000000E+0
2.83203125E-1	1.84499996E-7	1.84499996E-7	2.83203125E-1	0.00000000E+0	0.00000000E+0
2.80761719E-1	1.83175999E-7	1.83175999E-7	2.80761719E-1	0.00000000E+0	0.00000000E+0
2.78320312E-1	1.81903005E-7	1.81903005E-7	2.78320312E-1	0.00000000E+0	0.00000000E+0
2.75878906E-1	1.81445003E-7	1.81445003E-7	2.75878906E-1	0.00000000E+0	0.00000000E+0
2.73437500E-1	1.79001006E-7	1.79001006E-7	2.73437500E-1	0.00000000E+0	0.00000000E+0
2.70996094E-1	1.76685006E-7	1.76685006E-7	2.70996094E-1	0.00000000E+0	0.00000000E+0
2.68554687E-1	1.75183004E-7	1.75183004E-7	2.68554687E-1	0.00000000E+0	0.00000000E+0
2.66113281E-1	1.73388997E-7	1.73388997E-7	2.66113281E-1	0.00000000E+0	0.00000000E+0
2.63671875E-1	1.72281005E-7	1.72281005E-7	2.63671875E-1	0.00000000E+0	0.00000000E+0
2.61230469E-1	1.69480998E-7	1.69480998E-7	2.61230469E-1	0.00000000E+0	0.00000000E+0
2.58789062E-1	1.68106993E-7	1.68106993E-7	2.58789062E-1	0.00000000E+0	0.00000000E+0
2.56347656E-1	1.66885002E-7	1.66885002E-7	2.56347656E-1	0.00000000E+0	0.00000000E+0
2.53906250E-1	1.66274006E-7	1.66274006E-7	2.53906250E-1	0.00000000E+0	0.00000000E+0
2.51464844E-1	1.63601001E-7	1.63601001E-7	2.51464844E-1	0.00000000E+0	0.00000000E+0
2.49023437E-1	1.62391999E-7	1.62391999E-7	2.49023437E-1	0.00000000E+0	0.00000000E+0
2.46582031E-1	1.60444998E-7	1.60444998E-7	2.46582031E-1	0.00000000E+0	0.00000000E+0
2.44140625E-1	1.58917004E-7	1.58917004E-7	2.44140625E-1	0.00000000E+0	0.00000000E+0
2.41699219E-1	1.57694998E-7	1.57694998E-7	2.41699219E-1	0.00000000E+0	0.00000000E+0
2.39257812E-1	1.56065994E-7	1.56065994E-7	2.39257812E-1	0.00000000E+0	0.00000000E+0
2.36816406E-1	1.56320993E-7	1.56320993E-7	2.36816406E-1	0.00000000E+0	0.00000000E+0
2.34375000E-1	1.53572003E-7	1.53572003E-7	2.34375000E-1	0.00000000E+0	0.00000000E+0
2.31933594E-1	1.51432999E-7	1.51432999E-7	2.31933594E-1	0.00000000E+0	0.00000000E+0
2.29492187E-1	1.49677007E-7	1.49677007E-7	2.29492187E-1	0.00000000E+0	0.00000000E+0
2.27050781E-1	1.48352996E-7	1.48352996E-7	2.27050781E-1	0.00000000E+0	0.00000000E+0
2.24609375E-1	1.46850994E-7	1.46850994E-7	2.24609375E-1	0.00000000E+0	0.00000000E+0
2.22167969E-1	1.45171001E-7	1.45171001E-7	2.22167969E-1	0.00000000E+0	0.00000000E+0
2.19726562E-1	1.43758996E-7	1.43758996E-7	2.19726562E-1	0.00000000E+0	0.00000000E+0
2.17285156E-1	1.43853995E-7	1.43853995E-7	2.17285156E-1	0.00000000E+0	0.00000000E+0
2.14843750E-1	1.40512995E-7	1.40512995E-7	2.14843750E-1	0.00000000E+0	0.00000000E+0
2.12402344E-1	1.38966996E-7	1.38966996E-7	2.12402344E-1	0.00000000E+0	0.00000000E+0
2.09960937E-1	1.37458002E-7	1.37458002E-7	2.09960937E-1	0.00000000E+0	0.00000000E+0
2.07519531E-1	1.36007003E-7	1.36007003E-7	2.07519531E-1	0.00000000E+0	0.00000000E+0
2.05078125E-1	1.34556998E-7	1.34556998E-7	2.05078125E-1	0.00000000E+0	0.00000000E+0
2.02636719E-1	1.33335007E-7	1.33335007E-7	2.02636719E-1	0.00000000E+0	0.00000000E+0
2.00195312E-1	1.31883994E-7	1.31883994E-7	2.00195312E-1	0.00000000E+0	0.00000000E+0
1.97753906E-1	1.30662002E-7	1.30662002E-7	1.97753906E-1	0.00000000E+0	0.00000000E+0
1.95312500E-1	1.29476007E-7	1.29476007E-7	1.95312500E-1	0.00000000E+0	0.00000000E+0
1.92871094E-1	1.28249994E-7	1.28249994E-7	1.92871094E-1	0.00000000E+0	0.00000000E+0
1.90429687E-1	1.26610999E-7	1.26610999E-7	1.90429687E-1	0.00000000E+0	0.00000000E+0
1.87988281E-1	1.24394006E-7	1.24394006E-7	1.87988281E-1	0.00000000E+0	0.00000000E+0
1.85546875E-1	1.22421000E-7	1.22421000E-7	1.85546875E-1	0.00000000E+0	0.00000000E+0
1.83105469E-1	1.20785998E-7	1.20785998E-7	1.83105469E-1	0.00000000E+0	0.00000000E+0
1.80664062E-1	1.19060999E-7	1.19060999E-7	1.80664062E-1	0.00000000E+0	0.00000000E+0
1.78222656E-1	1.17245001E-7	1.17245001E-7	1.78222656E-1	0.00000000E+0	0.00000000E+0
1.75781250E-1	1.15835000E-7	1.15835000E-7	1.75781250E-1	0.00000000E+0	0.00000000E+0
1.73339844E-1	1.14256999E-7	1.14256999E-7	1.73339844E-1	0.00000000E+0	0.00000000E+0
1.70898437E-1	1.12711000E-7	1.12711000E-7	1.70898437E-1	0.00000000E+0	0.00000000E+0
1.68457031E-1	1.11230001E-7	1.11230001E-7	1.68457031E-1	0.00000000E+0	0.00000000E+0
1.66015625E-1	1.09508001E-7	1.09508001E-7	1.66015625E-1	0.00000000E+0	0.00000000E+0
1.63574219E-1	1.08538003E-7	1.08538003E-7	1.63574219E-1	0.00000000E+0	0.00000000E+0
1.61132812E-1	1.06492003E-7	1.06492003E-7	1.61132812E-1	0.00000000E+0	0.00000000E+0
1.58691406E-1	1.04461002E-7	1.04461002E-7	1.58691406E-1	0.00000000E+0	0.00000000E+0
1.56250000E-1	1.03095999E-7	1.03095999E-7	1.56250000E-1	0.00000000E+0	0.00000000E+0
1.53808594E-1	1.01563998E-7	1.01563998E-7	1.53808594E-1	0.00000000E+0	0.00000000E+0
1.51367187E-1	1.00165003E-7	1.00165003E-7	1.51367187E-1	0.00000000E+0	0.00000000E+0
1.48925781E-1	9.85403972E-8	9.85403972E-8	1.48925781E-1	0.00000000E+0	0.00000000E+0
1.46484375E-1	9.70074012E-8	9.70074012E-8	1.46484375E-1	0.00000000E+0	0.00000000E+0
1.44042969E-1	9.54132986E-8	9.54132986E-8	1.44042969E-1	0.00000000E+0	0.00000000E+0
1.41601562E-1	9.39147995E-8	9.39147995E-8	1.41601562E-1	0.00000000E+0	0.00000000E+0
1.39160156E-1	9.25271024E-8	9.25271024E-8	1.39160156E-1	0.00000000E+0	0.00000000E+0
1.36718750E-1	9.08602971E-8	9.08602971E-8	1.36718750E-1	0.00000000E+0	0.00000000E+0
1.34277344E-1	8.98510990E-8	8.98510990E-8	1.34277344E-1	0.00000000E+0	0.00000000E+0
1.31835937E-1	8.82532021E-8	8.82532021E-8	1.31835937E-1	0.00000000E+0	0.00000000E+0
1.29394531E-1	8.67508021E-8	8.67508021E-8	1.29394531E-1	0.00000000E+0	0.00000000E+0
1.26953125E-1	8.54319993E-8	8.54319993E-8	1.26953125E-1	0.00000000E+0	0.00000000E+0
1.24511719E-1	8.38034993E-8	8.38034993E-8	1.24511719E-1	0.00000000E+0	0.00000000E+0
1.22070312E-1	8.22896027E-8	8.22896027E-8	1.22070312E-1	0.00000000E+0	0.00000000E+0
1.19628906E-1	8.11657017E-8	8.11657017E-8	1.19628906E-1	0.00000000E+0	0.00000000E+0
1.17187500E-1	7.94454991E-8	7.94454991E-8	1.17187500E-1	0.00000000E+0	0.00000000E+0
1.14746094E-1	7.79928016E-8	7.79928016E-8	1.14746094E-1	0.00000000E+0	0.00000000E+0
1.12304687E-1	7.66088988E-8	7.66088988E-8	1.12304687E-1	0.00000000E+0	0.00000000E+0
1.09863281E-1	7.47242979E-8	7.47242979E-8	1.09863281E-1	0.00000000E+0	0.00000000E+0
1.07421875E-1	7.34321972E-8	7.34321972E-8	1.07421875E-1	0.00000000E+0	0.00000000E+0
1.04980469E-1	7.23006011E-8	7.23006011E-8	1.04980469E-1	0.00000000E+0	0.00000000E+0
1.02539062E-1	7.07371015E-8	7.07371015E-8	1.02539062E-1	0.00000000E+0	0.00000000E+0
1.00097656E-1	6.93990998E-8	6.93990998E-8	1.00097656E-1	0.00000000E+0	0.00000000E+0
9.76562500E-2	6.76788972E-8	6.76788972E-8	9.76562500E-2	0.00000000E+0	0.00000000E+0
9.52148438E-2	6.55686989E-8	6.55686989E-8	9.52148438E-2	0.00000000E+0	0.00000000E+0
9.27734375E-2	6.38560991E-8	6.38560991E-8	9.27734375E-2	0.00000000E+0	0.00000000E+0
9.03320313E-2	6.16618010E-8	6.16618010E-8	9.03320313E-2	0.00000000E+0	0.00000000E+0
8.78906250E-2	5.84200990E-8	5.84200990E-8	8.78906250E-2	0.00000000E+0	0.00000000E+0
8.54492188E-2	5.56675985E-8	5.56675985E-8	8.54492188E-2	0.00000000E+0	0.00000000E+0
8.30078125E-2	5.41003011E-8	5.41003011E-8	8.30078125E-2	0.00000000E+0	0.00000000E+0
8.05664063E-2	5.17377998E-8	5.17377998E-8	8.05664063E-2	0.00000000E+0	0.00000000E+0
7.81250000E-2	4.88706995E-8	4.88706995E-8	7.81250000E-2	0.00000000E+0	0.00000000E+0
7.56835938E-2	4.66229011E-8	4.66229011E-8	7.56835938E-2	0.00000000E+0	0.00000000E+0
7.32421875E-2	4.45586004E-8	4.45586004E-8	7.32421875E-2	0.00000000E+0	0.00000000E+0
7.08007813E-2	4.27007016E-8	4.27007016E-8	7.08007813E-2	0.00000000E+0	0.00000000E+0
6.83593750E-2	4.10109990E-8	4.10109990E-8	6.83593750E-2	0.00000000E+0	0.00000000E+0
6.59179688E-2	3.95965998E-8	3.95965998E-8	6.59179688E-2	0.00000000E+0	0.00000000E+0
6.34765625E-2	3.86371006E-8	3.86371006E-8	6.34765625E-2	0.00000000E+0	0.00000000E+0
6.10351563E-2	3.82892011E-8	3.82892011E-8	6.10351563E-2	0.00000000E+0	0.00000000E+0
5.85937500E-2	3.92754984E-8	3.92754984E-8	5.85937500E-2	0.00000000E+0	0.00000000E+0
5.61523438E-2	4.19285016E-8	4.19285016E-8	5.61523438E-2	0.00000000E+0	0.00000000E+0
5.37109375E-2	4.79226010E-8	4.79226010E-8	5.37109375E-2	0.00000000E+0	0.00000000E+0
5.12695313E-2	2.36670008E-8	2.36670008E-8	5.12695313E-2	0.00000000E+0	0.00000000E+0
4.88281250E-2	2.04328998E-8	2.04328998E-8	4.88281250E-2	0.00000000E+0	0.00000000E+0
4.63867188E-2	6.96934990E-8	6.96934990E-8	4.63867188E-2	0.00000000E+0	0.00000000E+0
4.39453125E-2	1.04541002E-7	1.04541002E-7	4.39453125E-2	0.00000000E+0	0.00000000E+0
4.15039063E-2	1.15677999E-7	1.15677999E-7	4.15039063E-2	0.00000000E+0	0.00000000E+0
3.90625000E-2	1.43364005E-7	1.43364005E-7	3.90625000E-2	0.00000000E+0	0.00000000E+0
3.66210938E-2	1.38679994E-7	1.38679994E-7	3.66210938E-2	0.00000000E+0	0.00000000E+0
3.41796875E-2	1.29656996E-7	1.29656996E-7	3.41796875E-2	0.00000000E+0	0.00000000E+0
3.17382813E-2	1.19218001E-7	1.19218001E-7	3.17382813E-2	0.00000000E+0	0.00000000E+0
2.92968750E-2	1.08934998E-7	1.08934998E-7	2.92968750E-2	0.00000000E+0	0.00000000E+0
2.68554688E-2	9.86627029E-8	9.86627029E-8	2.68554688E-2	0.00000000E+0	0.00000000E+0
2.44140625E-2	8.87730991E-8	8.87730991E-8	2.44140625E-2	0.00000000E+0	0.00000000E+0
2.19726563E-2	7.85395002E-8	7.85395002E-8	2.19726563E-2	0.00000000E+0	0.00000000E+0
1.95312500E-2	6.89595012E-8	6.89595012E-8	1.95312500E-2	0.00000000E+0	0.00000000E+0
1.70898438E-2	5.89094000E-8	5.89094000E-8	1.70898438E-2	0.00000000E+0	0.00000000E+0
1.46484375E-2	4.93752985E-8	4.93752985E-8	1.46484375E-2	0.00000000E+0	0.00000000E+0
1.22070313E-2	3.99177011E-8	3.99177011E-8	1.22070313E-2	0.00000000E+0	0.00000000E+0
9.76562500E-3	3.08653014E-8	3.08653014E-8	9.76562500E-3	0.00000000E+0	0.00000000E+0
7.32421875E-3	2.18027001E-8	2.18027001E-8	7.32421875E-3	0.00000000E+0	0.00000000E+0
4.88281250E-3	1.33492000E-8	1.33492000E-8	4.88281250E-3	0.00000000E+0	0.00000000E+0
2.44140625E-3	4.87669016E-9	4.87669016E-9	2.44140625E-3	0.00000000E+0	0.00000000E+0
0.00000000E+0	-1.29834998E-9	-1.29834998E-9	0.00000000E+0	0.00000000E+0	0.00000000E+0
-2.44140625E-3	-1.08930003E-8	-1.08930003E-8	-2.44140625E-3	0.00000000E+0	0.00000000E+0
-4.88281250E-3	-1.97639007E-8	-1.97639007E-8	-4.88281250E-3	0.00000000E+0	0.00000000E+0
-7.32421875E-3	-2.88391995E-8	-2.88391995E-8	-7.32421875E-3	0.00000000E+0	0.00000000E+0
-9.76562500E-3	-3.74251989E-8	-3.74251989E-8	-9.76562500E-3	0.00000000E+0	0.00000000E+0
-1.22070313E-2	-4.66916994E-8	-4.66916994E-8	-1.22070313E-2	0.00000000E+0	0.00000000E+0
-1.46484375E-2	-5.56753008E-8	-5.56753008E-8	-1.46484375E-2	0.00000000E+0	0.00000000E+0
-1.70898438E-2	-6.51291003E-8	-6.51291003E-8	-1.70898438E-2	0.00000000E+0	0.00000000E+0
-1.95312500E-2	-7.43457989E-8	-7.43457989E-8	-1.95312500E-2	0.00000000E+0	0.00000000E+0
-2.19726563E-2	-8.41896011E-8	-8.41896011E-8	-2.19726563E-2	0.00000000E+0	0.00000000E+0
-2.44140625E-2	-9.38115008E-8	-9.38115008E-8	-2.44140625E-2	0.00000000E+0	0.00000000E+0
-2.68554688E-2	-1.03993003E-7	-1.03993003E-7	-2.68554688E-2	0.00000000E+0	0.00000000E+0
-2.92968750E-2	-1.14004003E-7	-1.14004003E-7	-2.92968750E-2	0.00000000E+0	0.00000000E+0
-3.17382813E-2	-1.24340005E-7	-1.24340005E-7	-3.17382813E-2	0.00000000E+0	0.00000000E+0
-3.41796875E-2	-1.36541999E-7	-1.36541999E-7	-3.41796875E-2	0.00000000E+0	0.00000000E+0
-3.66210938E-2	-1.48301993E-7	-1.48301993E-7	-3.66210938E-2	0.00000000E+0	0.00000000E+0
-3.90625000E-2	-1.57466005E-7	-1.57466005E-7	-3.90625000E-2	0.00000000E+0	0.00000000E+0
-4.15039063E-2	-1.07779996E-7	-1.07779996E-7	-4.15039063E-2	0.00000000E+0	0.00000000E+0
-4.39453125E-2	-1.08819997E-7	-1.08819997E-7	-4.39453125E-2	0.00000000E+0	0.00000000E+0
-4.63867188E-2	-5.44826015E-8	-5.44826015E-8	-4.63867188E-2	0.00000000E+0	0.00000000E+0
-4.88281250E-2	-1.59907998E-8	-1.59907998E-8	-4.88281250E-2	0.00000000E+0	0.00000000E+0
-5.12695313E-2	-9.33427025E-9	-9.33427025E-9	-5.12695313E-2	0.00000000E+0	0.00000000E+0
-5.37109375E-2	-4.54149003E-8	-4.54149003E-8	-5.37109375E-2	0.00000000E+0	0.00000000E+0
-5.61523438E-2	-4.36257999E-8	-4.36257999E-8	-5.61523438E-2	0.00000000E+0	0.00000000E+0
-5.85937500E-2	-4.10415986E-8	-4.10415986E-8	-5.85937500E-2	0.00000000E+0	0.00000000E+0
-6.10351563E-2	-4.05751983E-8	-4.05751983E-8	-6.10351563E-2	0.00000000E+0	0.00000000E+0
-6.34765625E-2	-4.11256984E-8	-4.11256984E-8	-6.34765625E-2	0.00000000E+0	0.00000000E+0
-6.59179688E-2	-4.23871995E-8	-4.23871995E-8	-6.59179688E-2	0.00000000E+0	0.00000000E+0
-6.83593750E-2	-4.42336017E-8	-4.42336017E-8	-6.83593750E-2	0.00000000E+0	0.00000000E+0
-7.08007813E-2	-4.61105998E-8	-4.61105998E-8	-7.08007813E-2	0.00000000E+0	0.00000000E+0
-7.32421875E-2	-4.77390998E-8	-4.77390998E-8	-7.32421875E-2	0.00000000E+0	0.00000000E+0
-7.56835938E-2	-4.94746999E-8	-4.94746999E-8	-7.56835938E-2	0.00000000E+0	0.00000000E+0
-7.81250000E-2	-5.12026013E-8	-5.12026013E-8	-7.81250000E-2	0.00000000E+0	0.00000000E+0
-8.05664063E-2	-5.41003011E-8	-5.41003011E-8	-8.05664063E-2	0.00000000E+0	0.00000000E+0
-8.30078125E-2	-5.79230992E-8	-5.79230992E-8	-8.30078125E-2	0.00000000E+0	0.00000000E+0
-8.54492188E-2	-6.08819022E-8	-6.08819022E-8	-8.54492188E-2	0.00000000E+0	0.00000000E+0
-8.78906250E-2	-6.28620995E-8	-6.28620995E-8	-8.78906250E-2	0.00000000E+0	0.00000000E+0
-9.03320313E-2	-6.49569998E-8	-6.49569998E-8	-9.03320313E-2	0.00000000E+0	0.00000000E+0
-9.27734375E-2	-6.76176981E-8	-6.76176981E-8	-9.27734375E-2	0.00000000E+0	0.00000000E+0
-9.52148438E-2	-7.01025016E-8	-7.01025016E-8	-9.52148438E-2	0.00000000E+0	0.00000000E+0
-9.76562500E-2	-7.25759008E-8	-7.25759008E-8	-9.76562500E-2	0.00000000E+0	0.00000000E+0
-1.00097656E-1	-7.67541977E-8	-7.67541977E-8	-1.00097656E-1	0.00000000E+0	0.00000000E+0
-1.02539062E-1	-7.91817030E-8	-7.91817030E-8	-1.02539062E-1	0.00000000E+0	0.00000000E+0
-1.04980469E-1	-8.13835968E-8	-8.13835968E-8	-1.04980469E-1	0.00000000E+0	0.00000000E+0
-1.07421875E-1	-8.31115017E-8	-8.31115017E-8	-1.07421875E-1	0.00000000E+0	0.00000000E+0
-1.09863281E-1	-8.53784030E-8	-8.53784030E-8	-1.09863281E-1	0.00000000E+0	0.00000000E+0
-1.12304687E-1	-8.72784014E-8	-8.72784014E-8	-1.12304687E-1	0.00000000E+0	0.00000000E+0
-1.14746094E-1	-8.89719018E-8	-8.89719018E-8	-1.14746094E-1	0.00000000E+0	0.00000000E+0
-1.17187500E-1	-9.05163020E-8	-9.05163020E-8	-1.17187500E-1	0.00000000E+0	0.00000000E+0
-1.19628906E-1	-9.24621020E-8	-9.24621020E-8	-1.19628906E-1	0.00000000E+0	0.00000000E+0
-1.22070312E-1	-9.42702982E-8	-9.42702982E-8	-1.22070312E-1	0.00000000E+0	0.00000000E+0
-1.24511719E-1	-9.63039994E-8	-9.63039994E-8	-1.24511719E-1	0.00000000E+0	0.00000000E+0
-1.26953125E-1	-9.83033033E-8	-9.83033033E-8	-1.26953125E-1	0.00000000E+0	0.00000000E+0
-1.29394531E-1	-1.00241003E-7	-1.00241003E-7	-1.29394531E-1	0.00000000E+0	0.00000000E+0
-1.31835937E-1	-1.01928997E-7	-1.01928997E-7	-1.31835937E-1	0.00000000E+0	0.00000000E+0
-1.34277344E-1	-1.03281003E-7	-1.03281003E-7	-1.34277344E-1	0.00000000E+0	0.00000000E+0
-1.36718750E-1	-1.05608002E-7	-1.05608002E-7	-1.36718750E-1	0.00000000E+0	0.00000000E+0
-1.39160156E-1	-1.07026999E-7	-1.07026999E-7	-1.39160156E-1	0.00000000E+0	0.00000000E+0
-1.41601562E-1	-1.08670001E-7	-1.08670001E-7	-1.41601562E-1	0.00000000E+0	0.00000000E+0
-1.44042969E-1	-1.10930003E-7	-1.10930003E-7	-1.44042969E-1	0.00000000E+0	0.00000000E+0
-1.46484375E-1	-1.12370998E-7	-1.12370998E-7	-1.46484375E-1	0.00000000E+0	0.00000000E+0
-1.48925781E-1	-1.14461997E-7	-1.14461997E-7	-1.48925781E-1	0.00000000E+0	0.00000000E+0
-1.51367187E-1	-1.16286998E-7	-1.16286998E-7	-1.51367187E-1	0.00000000E+0	0.00000000E+0
-1.53808594E-1	-1.18300001E-7	-1.18300001E-7	-1.53808594E-1	0.00000000E+0	0.00000000E+0
-1.56250000E-1	-1.19581998E-7	-1.19581998E-7	-1.56250000E-1	0.00000000E+0	0.00000000E+0
-1.58691406E-1	-1.21802003E-7	-1.21802003E-7	-1.58691406E-1	0.00000000E+0	0.00000000E+0
-1.61132812E-1	-1.23570004E-7	-1.23570004E-7	-1.61132812E-1	0.00000000E+0	0.00000000E+0
-1.63574219E-1	-1.25629001E-7	-1.25629001E-7	-1.63574219E-1	0.00000000E+0	0.00000000E+0
-1.66015625E-1	-1.27704993E-7	-1.27704993E-7	-1.66015625E-1	0.00000000E+0	0.00000000E+0
-1.68457031E-1	-1.29425004E-7	-1.29425004E-7	-1.68457031E-1	0.00000000E+0	0.00000000E+0
-1.70898437E-1	-1.31426006E-7	-1.31426006E-7	-1.70898437E-1	0.00000000E+0	0.00000000E+0
-1.73339844E-1	-1.33335007E-7	-1.33335007E-7	-1.73339844E-1	0.00000000E+0	0.00000000E+0
-1.75781250E-1	-1.36108994E-7	-1.36108994E-7	-1.75781250E-1	0.00000000E+0	0.00000000E+0
-1.78222656E-1	-1.37000001E-7	-1.37000001E-7	-1.78222656E-1	0.00000000E+0	0.00000000E+0
-1.80664062E-1	-1.38985996E-7	-1.38985996E-7	-1.80664062E-1	0.00000000E+0	0.00000000E+0
-1.83105469E-1	-1.40818997E-7	-1.40818997E-7	-1.83105469E-1	0.00000000E+0	0.00000000E+0
-1.85546875E-1	-1.42440996E-7	-1.42440996E-7	-1.85546875E-1	0.00000000E+0	0.00000000E+0
-1.87988281E-1	-1.44330997E-7	-1.44330997E-7	-1.87988281E-1	0.00000000E+0	0.00000000E+0
-1.90429687E-1	-1.46749997E-7	-1.46749997E-7	-1.90429687E-1	0.00000000E+0	0.00000000E+0
-1.92871094E-1	-1.46546000E-7	-1.46546000E-7	-1.92871094E-1	0.00000000E+0	0.00000000E+0
-1.95312500E-1	-1.50898998E-7	-1.50898998E-7	-1.95312500E-1	0.00000000E+0	0.00000000E+0
-1.97753906E-1	-1.51891996E-7	-1.51891996E-7	-1.97753906E-1	0.00000000E+0	0.00000000E+0
-2.00195312E-1	-1.53800997E-7	-1.53800997E-7	-2.00195312E-1	0.00000000E+0	0.00000000E+0
-2.02636719E-1	-1.57466005E-7	-1.57466005E-7	-2.02636719E-1	0.00000000E+0	0.00000000E+0
-2.05078125E-1	-1.57905006E-7	-1.57905006E-7	-2.05078125E-1	0.00000000E+0	0.00000000E+0
-2.07519531E-1	-1.59834002E-7	-1.59834002E-7	-2.07519531E-1	0.00000000E+0	0.00000000E+0
-2.09960937E-1	-1.61895002E-7	-1.61895002E-7	-2.09960937E-1	0.00000000E+0	0.00000000E+0
-2.12402344E-1	-1.65025995E-7	-1.65025995E-7	-2.12402344E-1	0.00000000E+0	0.00000000E+0
-2.14843750E-1	-1.65846998E-7	-1.65846998E-7	-2.14843750E-1	0.00000000E+0	0.00000000E+0
-2.17285156E-1	-1.67647997E-7	-1.67647997E-7	-2.17285156E-1	0.00000000E+0	0.00000000E+0
-2.19726562E-1	-1.69608001E-7	-1.69608001E-7	-2.19726562E-1	0.00000000E+0	0.00000000E+0
-2.22167969E-1	-1.70372005E-7	-1.70372005E-7	-2.22167969E-1	0.00000000E+0	0.00000000E+0
-2.24609375E-1	-1.72154003E-7	-1.72154003E-7	-2.24609375E-1	0.00000000E+0	0.00000000E+0
-2.27050781E-1	-1.74240995E-7	-1.74240995E-7	-2.27050781E-1	0.00000000E+0	0.00000000E+0
-2.29492187E-1	-1.75718000E-7	-1.75718000E-7	-2.29492187E-1	0.00000000E+0	0.00000000E+0
-2.31933594E-1	-1.77958000E-7	-1.77958000E-7	-2.31933594E-1	0.00000000E+0	0.00000000E+0
-2.34375000E-1	-1.80350995E-7	-1.80350995E-7	-2.34375000E-1	0.00000000E+0	0.00000000E+0
-2.36816406E-1	-1.81700003E-7	-1.81700003E-7	-2.36816406E-1	0.00000000E+0	0.00000000E+0
-2.39257812E-1	-1.83506998E-7	-1.83506998E-7	-2.39257812E-1	0.00000000E+0	0.00000000E+0
-2.41699219E-1	-1.85111006E-7	-1.85111006E-7	-2.41699219E-1	0.00000000E+0	0.00000000E+0
-2.44140625E-1	-1.85594004E-7	-1.85594004E-7	-2.44140625E-1	0.00000000E+0	0.00000000E+0
-2.46582031E-1	-1.88445000E-7	-1.88445000E-7	-2.46582031E-1	0.00000000E+0	0.00000000E+0
-2.49023437E-1	-1.89998005E-7	-1.89998005E-7	-2.49023437E-1	0.00000000E+0	0.00000000E+0
-2.51464844E-1	-1.92518002E-7	-1.92518002E-7	-2.51464844E-1	0.00000000E+0	0.00000000E+0
-2.53906250E-1	-1.93663993E-7	-1.93663993E-7	-2.53906250E-1	0.00000000E+0	0.00000000E+0
-2.56347656E-1	-1.95191006E-7	-1.95191006E-7	-2.56347656E-1	0.00000000E+0	0.00000000E+0
-2.58789062E-1	-1.97405996E-7	-1.97405996E-7	-2.58789062E-1	0.00000000E+0	0.00000000E+0
-2.61230469E-1	-1.98806006E-7	-1.98806006E-7	-2.61230469E-1	0.00000000E+0	0.00000000E+0
-2.63671875E-1	-2.00664005E-7	-2.00664005E-7	-2.63671875E-1	0.00000000E+0	0.00000000E+0
-2.66113281E-1	-2.02497006E-7	-2.02497006E-7	-2.66113281E-1	0.00000000E+0	0.00000000E+0
-2.68554687E-1	-2.04125996E-7	-2.04125996E-7	-2.68554687E-1	0.00000000E+0	0.00000000E+0
-2.70996094E-1	-2.05348002E-7	-2.05348002E-7	-2.70996094E-1	0.00000000E+0	0.00000000E+0
-2.73437500E-1	-2.07639005E-7	-2.07639005E-7	-2.73437500E-1	0.00000000E+0	0.00000000E+0
-2.75878906E-1	-2.09217006E-7	-2.09217006E-7	-2.75878906E-1	0.00000000E+0	0.00000000E+0
-2.78320312E-1	-2.11838994E-7	-2.11838994E-7	-2.78320312E-1	0.00000000E+0	0.00000000E+0
-2.80761719E-1	-2.12870006E-7	-2.12870006E-7	-2.80761719E-1	0.00000000E+0	0.00000000E+0
-2.83203125E-1	-2.15122000E-7	-2.15122000E-7	-2.83203125E-1	0.00000000E+0	0.00000000E+0
-2.85644531E-1	-2.16649994E-7	-2.16649994E-7	-2.85644531E-1	0.00000000E+0	0.00000000E+0
-2.88085937E-1	-2.17464006E-7	-2.17464006E-7	-2.88085937E-1	0.00000000E+0	0.00000000E+0
-2.90527344E-1	-2.20163002E-7	-2.20163002E-7	-2.90527344E-1	0.00000000E+0	0.00000000E+0
-2.92968750E-1	-2.21536993E-7	-2.21536993E-7	-2.92968750E-1	0.00000000E+0	0.00000000E+0
-2.95410156E-1	-2.23064006E-7	-2.23064006E-7	-2.95410156E-1	0.00000000E+0	0.00000000E+0
-2.97851562E-1	-2.24439006E-7	-2.24439006E-7	-2.97851562E-1	0.00000000E+0	0.00000000E+0
-3.00292969E-1	-2.26042999E-7	-2.26042999E-7	-3.00292969E-1	0.00000000E+0	0.00000000E+0
-3.02734375E-1	-2.27645998E-7	-2.27645998E-7	-3.02734375E-1	0.00000000E+0	0.00000000E+0
-3.05175781E-1	-2.29020998E-7	-2.29020998E-7	-3.05175781E-1	0.00000000E+0	0.00000000E+0
-3.07617187E-1	-2.31121007E-7	-2.31121007E-7	-3.07617187E-1	0.00000000E+0	0.00000000E+0
-3.10058594E-1	-2.33221002E-7	-2.33221002E-7	-3.10058594E-1	0.00000000E+0	0.00000000E+0
-3.12500000E-1	-2.35970006E-7	-2.35970006E-7	-3.12500000E-1	0.00000000E+0	0.00000000E+0
-3.14941406E-1	-2.36123000E-7	-2.36123000E-7	-3.14941406E-1	0.00000000E+0	0.00000000E+0
-3.17382812E-1	-2.37840993E-7	-2.37840993E-7	-3.17382812E-1	0.00000000E+0	0.00000000E+0
-3.19824219E-1	-2.38642997E-7	-2.38642997E-7	-3.19824219E-1	0.00000000E+0	0.00000000E+0
-3.22265625E-1	-2.40780992E-7	-2.40780992E-7	-3.22265625E-1	0.00000000E+0	0.00000000E+0
-3.24707031E-1	-2.42156005E-7	-2.42156005E-7	-3.24707031E-1	0.00000000E+0	0.00000000E+0
-3.27148437E-1	-2.43530991E-7	-2.43530991E-7	-3.27148437E-1	0.00000000E+0	0.00000000E+0
-3.29589844E-1	-2.45783013E-7	-2.45783013E-7	-3.29589844E-1	0.00000000E+0	0.00000000E+0
-3.32031250E-1	-2.47960003E-7	-2.47960003E-7	-3.32031250E-1	0.00000000E+0	0.00000000E+0
-3.34472656E-1	-2.49333993E-7	-2.49333993E-7	-3.34472656E-1	0.00000000E+0	0.00000000E+0
-3.36914062E-1	-2.50059998E-7	-2.50059998E-7	-3.36914062E-1	0.00000000E+0	0.00000000E+0
-3.39355469E-1	-2.51778005E-7	-2.51778005E-7	-3.39355469E-1	0.00000000E+0	0.00000000E+0
-3.41796875E-1	-2.53725005E-7	-2.53725005E-7	-3.41796875E-1	0.00000000E+0	0.00000000E+0
-3.44238281E-1	-2.54908997E-7	-2.54908997E-7	-3.44238281E-1	0.00000000E+0	0.00000000E+0
-3.46679687E-1	-2.56475005E-7	-2.56475005E-7	-3.46679687E-1	0.00000000E+0	0.00000000E+0
-3.49121094E-1	-2.58039989E-7	-2.58039989E-7	-3.49121094E-1	0.00000000E+0	0.00000000E+0
-3.51562500E-1	-2.60484001E-7	-2.60484001E-7	-3.51562500E-1	0.00000000E+0	0.00000000E+0
-3.54003906E-1	-2.60484001E-7	-2.60484001E-7	-3.54003906E-1	0.00000000E+0	0.00000000E+0
-3.56445312E-1	-2.62342013E-7	-2.62342013E-7	-3.56445312E-1	0.00000000E+0	0.00000000E+0
-3.58886719E-1	-2.64721990E-7	-2.64721990E-7	-3.58886719E-1	0.00000000E+0	0.00000000E+0
-3.61328125E-1	-2.65218006E-7	-2.65218006E-7	-3.61328125E-1	0.00000000E+0	0.00000000E+0
-3.63769531E-1	-2.66287998E-7	-2.66287998E-7	-3.63769531E-1	0.00000000E+0	0.00000000E+0
-3.66210937E-1	-2.67661989E-7	-2.67661989E-7	-3.66210937E-1	0.00000000E+0	0.00000000E+0
-3.68652344E-1	-2.69800012E-7	-2.69800012E-7	-3.68652344E-1	0.00000000E+0	0.00000000E+0
-3.71093750E-1	-2.72053001E-7	-2.72053001E-7	-3.71093750E-1	0.00000000E+0	0.00000000E+0
-3.73535156E-1	-2.73695008E-7	-2.73695008E-7	-3.73535156E-1	0.00000000E+0	0.00000000E+0
-3.75976562E-1	-2.75719003E-7	-2.75719003E-7	-3.75976562E-1	0.00000000E+0	0.00000000E+0
-3.78417969E-1	-2.77437010E-7	-2.77437010E-7	-3.78417969E-1	0.00000000E+0	0.00000000E+0
-3.80859375E-1	-2.79384011E-7	-2.79384011E-7	-3.80859375E-1	0.00000000E+0	0.00000000E+0
-3.83300781E-1	-2.82018988E-7	-2.82018988E-7	-3.83300781E-1	0.00000000E+0	0.00000000E+0
-3.85742187E-1	-2.84272005E-7	-2.84272005E-7	-3.85742187E-1	0.00000000E+0	0.00000000E+0
-3.88183594E-1	-2.84920986E-7	-2.84920986E-7	-3.88183594E-1	0.00000000E+0	0.00000000E+0
-3.90625000E-1	-2.87975013E-7	-2.87975013E-7	-3.90625000E-1	0.00000000E+0	0.00000000E+0
-3.93066406E-1	-2.89159004E-7	-2.89159004E-7	-3.93066406E-1	0.00000000E+0	0.00000000E+0
-3.95507812E-1	-2.87212004E-7	-2.87212004E-7	-3.95507812E-1	0.00000000E+0	0.00000000E+0
-3.97949219E-1	-2.89159004E-7	-2.89159004E-7	-3.97949219E-1	0.00000000E+0	0.00000000E+0
-4.00390625E-1	-2.91030005E-7	-2.91030005E-7	-4.00390625E-1	0.00000000E+0	0.00000000E+0
-4.02832031E-1	-2.92939006E-7	-2.92939006E-7	-4.02832031E-1	0.00000000E+0	0.00000000E+0
-4.05273437E-1	-2.94657013E-7	-2.94657013E-7	-4.05273437E-1	0.00000000E+0	0.00000000E+0
-4.07714844E-1	-2.94848007E-7	-2.94848007E-7	-4.07714844E-1	0.00000000E+0	0.00000000E+0
-4.10156250E-1	-2.96298992E-7	-2.96298992E-7	-4.10156250E-1	0.00000000E+0	0.00000000E+0
-4.12597656E-1	-3.00155989E-7	-3.00155989E-7	-4.12597656E-1	0.00000000E+0	0.00000000E+0
-4.15039062E-1	-2.99354014E-7	-2.99354014E-7	-4.15039062E-1	0.00000000E+0	0.00000000E+0
-4.17480469E-1	-3.01186986E-7	-3.01186986E-7	-4.17480469E-1	0.00000000E+0	0.00000000E+0
-4.19921875E-1	-3.01988990E-7	-3.01988990E-7	-4.19921875E-1	0.00000000E+0	0.00000000E+0
-4.22363281E-1	-3.03935991E-7	-3.03935991E-7	-4.22363281E-1	0.00000000E+0	0.00000000E+0
-4.24804687E-1	-3.05004988E-7	-3.05004988E-7	-4.24804687E-1	0.00000000E+0	0.00000000E+0
-4.27246094E-1	-3.06875990E-7	-3.06875990E-7	-4.27246094E-1	0.00000000E+0	0.00000000E+0
-4.29687500E-1	-3.09129007E-7	-3.09129007E-7	-4.29687500E-1	0.00000000E+0	0.00000000E+0
-4.32128906E-1	-3.09129007E-7	-3.09129007E-7	-4.32128906E-1	0.00000000E+0	0.00000000E+0
-4.34570312E-1	-3.11114007E-7	-3.11114007E-7	-4.34570312E-1	0.00000000E+0	0.00000000E+0
-4.37011719E-1	-3.13519990E-7	-3.13519990E-7	-4.37011719E-1	0.00000000E+0	0.00000000E+0
-4.39453125E-1	-3.13214002E-7	-3.13214002E-7	-4.39453125E-1	0.00000000E+0	0.00000000E+0
-4.41894531E-1	-3.14397994E-7	-3.14397994E-7	-4.41894531E-1	0.00000000E+0	0.00000000E+0
-4.44335937E-1	-3.16230995E-7	-3.16230995E-7	-4.44335937E-1	0.00000000E+0	0.00000000E+0
-4.46777344E-1	-3.18063996E-7	-3.18063996E-7	-4.46777344E-1	0.00000000E+0	0.00000000E+0
-4.49218750E-1	-3.21117994E-7	-3.21117994E-7	-4.49218750E-1	0.00000000E+0	0.00000000E+0
-4.51660156E-1	-3.22569008E-7	-3.22569008E-7	-4.51660156E-1	0.00000000E+0	0.00000000E+0
-4.54101562E-1	-3.23371012E-7	-3.23371012E-7	-4.54101562E-1	0.00000000E+0	0.00000000E+0
-4.56542969E-1	-3.24019993E-7	-3.24019993E-7	-4.56542969E-1	0.00000000E+0	0.00000000E+0
-4.58984375E-1	-3.26502004E-7	-3.26502004E-7	-4.58984375E-1	0.00000000E+0	0.00000000E+0
-4.61425781E-1	-3.27227013E-7	-3.27227013E-7	-4.61425781E-1	0.00000000E+0	0.00000000E+0
-4.63867187E-1	-3.28258011E-7	-3.28258011E-7	-4.63867187E-1	0.00000000E+0	0.00000000E+0
-4.66308594E-1	-3.25547006E-7	-3.25547006E-7	-4.66308594E-1	0.00000000E+0	0.00000000E+0
-4.68750000E-1	-3.26005988E-7	-3.26005988E-7	-4.68750000E-1	0.00000000E+0	0.00000000E+0
-4.71191406E-1	-3.28258011E-7	-3.28258011E-7	-4.71191406E-1	0.00000000E+0	0.00000000E+0
-4.73632812E-1	-3.27227013E-7	-3.27227013E-7	-4.73632812E-1	0.00000000E+0	0.00000000E+0
-4.76074219E-1	-3.29366003E-7	-3.29366003E-7	-4.76074219E-1	0.00000000E+0	0.00000000E+0
-4.78515625E-1	-3.30358006E-7	-3.30358006E-7	-4.78515625E-1	0.00000000E+0	0.00000000E+0
-4.80957031E-1	-3.30511000E-7	-3.30511000E-7	-4.80957031E-1	0.00000000E+0	0.00000000E+0
-4.83398437E-1	-3.32725989E-7	-3.32725989E-7	-4.83398437E-1	0.00000000E+0	0.00000000E+0
-4.85839844E-1	-3.31198009E-7	-3.31198009E-7	-4.85839844E-1	0.00000000E+0	0.00000000E+0
-4.88281250E-1	-3.30358006E-7	-3.30358006E-7	-4.88281250E-1	0.00000000E+0	0.00000000E+0
-4.90722656E-1	-3.30511000E-7	-3.30511000E-7	-4.90722656E-1	0.00000000E+0	0.00000000E+0
-4.93164062E-1	-3.31198009E-7	-3.31198009E-7	-4.93164062E-1	0.00000000E+0	0.00000000E+0
-4.90722656E-1	-3.32725989E-7	-3.32725989E-7	-4.90722656E-1	0.00000000E+0	0.00000000E+0
-4.88281250E-1	-3.30358006E-7	-3.30358006E-7	-4.88281250E-1	0.00000000E+0	0.00000000E+0
-4.85839844E-1	-3.24783997E-7	-3.24783997E-7	-4.85839844E-1	0.00000000E+0	0.00000000E+0
-4.83398437E-1	-3.24172987E-7	-3.24172987E-7	-4.83398437E-1	0.00000000E+0	0.00000000E+0
-4.80957031E-1	-3.22950996E-7	-3.22950996E-7	-4.80957031E-1	0.00000000E+0	0.00000000E+0
-4.78515625E-1	-3.21843999E-7	-3.21843999E-7	-4.78515625E-1	0.00000000E+0	0.00000000E+0
-4.76074219E-1	-3.19896003E-7	-3.19896003E-7	-4.76074219E-1	0.00000000E+0	0.00000000E+0
-4.73632812E-1	-3.19284993E-7	-3.19284993E-7	-4.73632812E-1	0.00000000E+0	0.00000000E+0
-4.71191406E-1	-3.17758008E-7	-3.17758008E-7	-4.71191406E-1	0.00000000E+0	0.00000000E+0
-4.68750000E-1	-3.17452987E-7	-3.17452987E-7	-4.68750000E-1	0.00000000E+0	0.00000000E+0
-4.66308594E-1	-3.15620014E-7	-3.15620014E-7	-4.66308594E-1	0.00000000E+0	0.00000000E+0
-4.63867187E-1	-3.14207000E-7	-3.14207000E-7	-4.63867187E-1	0.00000000E+0	0.00000000E+0
-4.61425781E-1	-3.13328997E-7	-3.13328997E-7	-4.61425781E-1	0.00000000E+0	0.00000000E+0
-4.58984375E-1	-3.12488993E-7	-3.12488993E-7	-4.58984375E-1	0.00000000E+0	0.00000000E+0
-4.56542969E-1	-3.10655992E-7	-3.10655992E-7	-4.56542969E-1	0.00000000E+0	0.00000000E+0
-4.54101562E-1	-3.09739988E-7	-3.09739988E-7	-4.54101562E-1	0.00000000E+0	0.00000000E+0
-4.51660156E-1	-3.08822990E-7	-3.08822990E-7	-4.51660156E-1	0.00000000E+0	0.00000000E+0
-4.49218750E-1	-3.07296006E-7	-3.07296006E-7	-4.49218750E-1	0.00000000E+0	0.00000000E+0
-4.46777344E-1	-3.08822990E-7	-3.08822990E-7	-4.46777344E-1	0.00000000E+0	0.00000000E+0
-4.44335937E-1	-3.09624994E-7	-3.09624994E-7	-4.44335937E-1	0.00000000E+0	0.00000000E+0
-4.41894531E-1	-3.08212009E-7	-3.08212009E-7	-4.41894531E-1	0.00000000E+0	0.00000000E+0
-4.39453125E-1	-3.06875990E-7	-3.06875990E-7	-4.39453125E-1	0.00000000E+0	0.00000000E+0
-4.37011719E-1	-3.05844992E-7	-3.05844992E-7	-4.37011719E-1	0.00000000E+0	0.00000000E+0
-4.34570312E-1	-3.05004988E-7	-3.05004988E-7	-4.34570312E-1	0.00000000E+0	0.00000000E+0
-4.32128906E-1	-3.03325010E-7	-3.03325010E-7	-4.32128906E-1	0.00000000E+0	0.00000000E+0
-4.29687500E-1	-3.02178989E-7	-3.02178989E-7	-4.29687500E-1	0.00000000E+0	0.00000000E+0
-4.27246094E-1	-3.01186986E-7	-3.01186986E-7	-4.27246094E-1	0.00000000E+0	0.00000000E+0
-4.24804687E-1	-3.00804999E-7	-3.00804999E-7	-4.24804687E-1	0.00000000E+0	0.00000000E+0
-4.22363281E-1	-2.99545007E-7	-2.99545007E-7	-4.22363281E-1	0.00000000E+0	0.00000000E+0
-4.19921875E-1	-2.97712006E-7	-2.97712006E-7	-4.19921875E-1	0.00000000E+0	0.00000000E+0
-4.17480469E-1	-2.96298992E-7	-2.96298992E-7	-4.17480469E-1	0.00000000E+0	0.00000000E+0
-4.15039062E-1	-2.94848007E-7	-2.94848007E-7	-4.15039062E-1	0.00000000E+0	0.00000000E+0
-4.12597656E-1	-2.93549988E-7	-2.93549988E-7	-4.12597656E-1	0.00000000E+0	0.00000000E+0
-4.10156250E-1	-2.91182999E-7	-2.91182999E-7	-4.10156250E-1	0.00000000E+0	0.00000000E+0
-4.07714844E-1	-2.89349998E-7	-2.89349998E-7	-4.07714844E-1	0.00000000E+0	0.00000000E+0
-4.05273437E-1	-2.88585994E-7	-2.88585994E-7	-4.05273437E-1	0.00000000E+0	0.00000000E+0
-4.02832031E-1	-2.87823013E-7	-2.87823013E-7	-4.02832031E-1	0.00000000E+0	0.00000000E+0
-4.00390625E-1	-2.86295005E-7	-2.86295005E-7	-4.00390625E-1	0.00000000E+0	0.00000000E+0
-3.97949219E-1	-2.84272005E-7	-2.84272005E-7	-3.97949219E-1	0.00000000E+0	0.00000000E+0
-3.95507812E-1	-2.87823013E-7	-2.87823013E-7	-3.95507812E-1	0.00000000E+0	0.00000000E+0
-3.93066406E-1	-2.86295005E-7	-2.86295005E-7	-3.93066406E-1	0.00000000E+0	0.00000000E+0
-3.90625000E-1	-2.83851989E-7	-2.83851989E-7	-3.90625000E-1	0.00000000E+0	0.00000000E+0
-3.88183594E-1	-2.80032992E-7	-2.80032992E-7	-3.88183594E-1	0.00000000E+0	0.00000000E+0
-3.85742187E-1	-2.78963995E-7	-2.78963995E-7	-3.85742187E-1	0.00000000E+0	0.00000000E+0
-3.83300781E-1	-2.76940995E-7	-2.76940995E-7	-3.83300781E-1	0.00000000E+0	0.00000000E+0
-3.80859375E-1	-2.75719003E-7	-2.75719003E-7	-3.80859375E-1	0.00000000E+0	0.00000000E+0
-3.78417969E-1	-2.74764005E-7	-2.74764005E-7	-3.78417969E-1	0.00000000E+0	0.00000000E+0
-3.75976562E-1	-2.76521007E-7	-2.76521007E-7	-3.75976562E-1	0.00000000E+0	0.00000000E+0
-3.73535156E-1	-2.73848002E-7	-2.73848002E-7	-3.73535156E-1	0.00000000E+0	0.00000000E+0
-3.71093750E-1	-2.70410993E-7	-2.70410993E-7	-3.71093750E-1	0.00000000E+0	0.00000000E+0
-3.68652344E-1	-2.68387993E-7	-2.68387993E-7	-3.68652344E-1	0.00000000E+0	0.00000000E+0
-3.66210937E-1	-2.66746014E-7	-2.66746014E-7	-3.66210937E-1	0.00000000E+0	0.00000000E+0
-3.63769531E-1	-2.65523994E-7	-2.65523994E-7	-3.63769531E-1	0.00000000E+0	0.00000000E+0
-3.61328125E-1	-2.63997009E-7	-2.63997009E-7	-3.61328125E-1	0.00000000E+0	0.00000000E+0
-3.58886719E-1	-2.61857991E-7	-2.61857991E-7	-3.58886719E-1	0.00000000E+0	0.00000000E+0
-3.56445312E-1	-2.60484001E-7	-2.60484001E-7	-3.56445312E-1	0.00000000E+0	0.00000000E+0
-3.54003906E-1	-2.60484001E-7	-2.60484001E-7	-3.54003906E-1	0.00000000E+0	0.00000000E+0
-3.51562500E-1	-2.59834991E-7	-2.59834991E-7	-3.51562500E-1	0.00000000E+0	0.00000000E+0
-3.49121094E-1	-2.58803993E-7	-2.58803993E-7	-3.49121094E-1	0.00000000E+0	0.00000000E+0
-3.46679687E-1	-2.57327002E-7	-2.57327002E-7	-3.46679687E-1	0.00000000E+0	0.00000000E+0
-3.44238281E-1	-2.55213990E-7	-2.55213990E-7	-3.44238281E-1	0.00000000E+0	0.00000000E+0
-3.41796875E-1	-2.53304989E-7	-2.53304989E-7	-3.41796875E-1	0.00000000E+0	0.00000000E+0
-3.39355469E-1	-2.52082998E-7	-2.52082998E-7	-3.39355469E-1	0.00000000E+0	0.00000000E+0
-3.36914062E-1	-2.50402991E-7	-2.50402991E-7	-3.36914062E-1	0.00000000E+0	0.00000000E+0
-3.34472656E-1	-2.48264996E-7	-2.48264996E-7	-3.34472656E-1	0.00000000E+0	0.00000000E+0
-3.32031250E-1	-2.47043005E-7	-2.47043005E-7	-3.32031250E-1	0.00000000E+0	0.00000000E+0
-3.29589844E-1	-2.45974007E-7	-2.45974007E-7	-3.29589844E-1	0.00000000E+0	0.00000000E+0
-3.27148437E-1	-2.44751988E-7	-2.44751988E-7	-3.27148437E-1	0.00000000E+0	0.00000000E+0
-3.24707031E-1	-2.42920009E-7	-2.42920009E-7	-3.24707031E-1	0.00000000E+0	0.00000000E+0
-3.22265625E-1	-2.42309000E-7	-2.42309000E-7	-3.22265625E-1	0.00000000E+0	0.00000000E+0
-3.19824219E-1	-2.39978988E-7	-2.39978988E-7	-3.19824219E-1	0.00000000E+0	0.00000000E+0
-3.17382812E-1	-2.37649999E-7	-2.37649999E-7	-3.17382812E-1	0.00000000E+0	0.00000000E+0
-3.14941406E-1	-2.35818007E-7	-2.35818007E-7	-3.14941406E-1	0.00000000E+0	0.00000000E+0
-3.12500000E-1	-2.34187993E-7	-2.34187993E-7	-3.12500000E-1	0.00000000E+0	0.00000000E+0
-3.10058594E-1	-2.32534006E-7	-2.32534006E-7	-3.10058594E-1	0.00000000E+0	0.00000000E+0
-3.07617187E-1	-2.30701005E-7	-2.30701005E-7	-3.07617187E-1	0.00000000E+0	0.00000000E+0
-3.05175781E-1	-2.28716004E-7	-2.28716004E-7	-3.05175781E-1	0.00000000E+0	0.00000000E+0
-3.02734375E-1	-2.27493999E-7	-2.27493999E-7	-3.02734375E-1	0.00000000E+0	0.00000000E+0
-3.00292969E-1	-2.25814006E-7	-2.25814006E-7	-3.00292969E-1	0.00000000E+0	0.00000000E+0
-2.97851562E-1	-2.24285998E-7	-2.24285998E-7	-2.97851562E-1	0.00000000E+0	0.00000000E+0
-2.95410156E-1	-2.22454005E-7	-2.22454005E-7	-2.95410156E-1	0.00000000E+0	0.00000000E+0
-2.92968750E-1	-2.21842996E-7	-2.21842996E-7	-2.92968750E-1	0.00000000E+0	0.00000000E+0
-2.90527344E-1	-2.20163002E-7	-2.20163002E-7	-2.90527344E-1	0.00000000E+0	0.00000000E+0
-2.88085937E-1	-2.18634995E-7	-2.18634995E-7	-2.88085937E-1	0.00000000E+0	0.00000000E+0
-2.85644531E-1	-2.15911996E-7	-2.15911996E-7	-2.85644531E-1	0.00000000E+0	0.00000000E+0
-2.83203125E-1	-2.14511999E-7	-2.14511999E-7	-2.83203125E-1	0.00000000E+0	0.00000000E+0
-2.80761719E-1	-2.13137000E-7	-2.13137000E-7	-2.80761719E-1	0.00000000E+0	0.00000000E+0
-2.78320312E-1	-2.10769997E-7	-2.10769997E-7	-2.78320312E-1	0.00000000E+0	0.00000000E+0
-2.75878906E-1	-2.09217006E-7	-2.09217006E-7	-2.75878906E-1	0.00000000E+0	0.00000000E+0
-2.73437500E-1	-2.07282000E-7	-2.07282000E-7	-2.73437500E-1	0.00000000E+0	0.00000000E+0
-2.70996094E-1	-2.05194993E-7	-2.05194993E-7	-2.70996094E-1	0.00000000E+0	0.00000000E+0
-2.68554687E-1	-2.04125996E-7	-2.04125996E-7	-2.68554687E-1	0.00000000E+0	0.00000000E+0
-2.66113281E-1	-2.02750996E-7	-2.02750996E-7	-2.66113281E-1	0.00000000E+0	0.00000000E+0
-2.63671875E-1	-2.00155000E-7	-2.00155000E-7	-2.63671875E-1	0.00000000E+0	0.00000000E+0
-2.61230469E-1	-1.98551007E-7	-1.98551007E-7	-2.61230469E-1	0.00000000E+0	0.00000000E+0
-2.58789062E-1	-1.97253001E-7	-1.97253001E-7	-2.58789062E-1	0.00000000E+0	0.00000000E+0
-2.56347656E-1	-1.95089001E-7	-1.95089001E-7	-2.56347656E-1	0.00000000E+0	0.00000000E+0
-2.53906250E-1	-1.93128997E-7	-1.93128997E-7	-2.53906250E-1	0.00000000E+0	0.00000000E+0
-2.51464844E-1	-1.91907006E-7	-1.91907006E-7	-2.51464844E-1	0.00000000E+0	0.00000000E+0
-2.49023437E-1	-1.89998005E-7	-1.89998005E-7	-2.49023437E-1	0.00000000E+0	0.00000000E+0
-2.46582031E-1	-1.88089004E-7	-1.88089004E-7	-2.46582031E-1	0.00000000E+0	0.00000000E+0
-2.44140625E-1	-1.87477994E-7	-1.87477994E-7	-2.44140625E-1	0.00000000E+0	0.00000000E+0
-2.41699219E-1	-1.85594004E-7	-1.85594004E-7	-2.41699219E-1	0.00000000E+0	0.00000000E+0
-2.39257812E-1	-1.83736006E-7	-1.83736006E-7	-2.39257812E-1	0.00000000E+0	0.00000000E+0
-2.36816406E-1	-1.82131998E-7	-1.82131998E-7	-2.36816406E-1	0.00000000E+0	0.00000000E+0
-2.34375000E-1	-1.79256006E-7	-1.79256006E-7	-2.34375000E-1	0.00000000E+0	0.00000000E+0
-2.31933594E-1	-1.77754004E-7	-1.77754004E-7	-2.31933594E-1	0.00000000E+0	0.00000000E+0
-2.29492187E-1	-1.76442995E-7	-1.76442995E-7	-2.29492187E-1	0.00000000E+0	0.00000000E+0
-2.27050781E-1	-1.74369006E-7	-1.74369006E-7	-2.27050781E-1	0.00000000E+0	0.00000000E+0
-2.24609375E-1	-1.72968996E-7	-1.72968996E-7	-2.24609375E-1	0.00000000E+0	0.00000000E+0
-2.22167969E-1	-1.71135994E-7	-1.71135994E-7	-2.22167969E-1	0.00000000E+0	0.00000000E+0
-2.19726562E-1	-1.69353996E-7	-1.69353996E-7	-2.19726562E-1	0.00000000E+0	0.00000000E+0
-2.17285156E-1	-1.67647997E-7	-1.67647997E-7	-2.17285156E-1	0.00000000E+0	0.00000000E+0
-2.14843750E-1	-1.66172001E-7	-1.66172001E-7	-2.14843750E-1	0.00000000E+0	0.00000000E+0
-2.12402344E-1	-1.64225000E-7	-1.64225000E-7	-2.12402344E-1	0.00000000E+0	0.00000000E+0
-2.09960937E-1	-1.61895002E-7	-1.61895002E-7	-2.09960937E-1	0.00000000E+0	0.00000000E+0
-2.07519531E-1	-1.60189998E-7	-1.60189998E-7	-2.07519531E-1	0.00000000E+0	0.00000000E+0
-2.05078125E-1	-1.58516002E-7	-1.58516002E-7	-2.05078125E-1	0.00000000E+0	0.00000000E+0
-2.02636719E-1	-1.56447996E-7	-1.56447996E-7	-2.02636719E-1	0.00000000E+0	0.00000000E+0
-2.00195312E-1	-1.54972000E-7	-1.54972000E-7	-2.00195312E-1	0.00000000E+0	0.00000000E+0
-1.97753906E-1	-1.52826999E-7	-1.52826999E-7	-1.97753906E-1	0.00000000E+0	0.00000000E+0
-1.95312500E-1	-1.50898998E-7	-1.50898998E-7	-1.95312500E-1	0.00000000E+0	0.00000000E+0
-1.92871094E-1	-1.49041000E-7	-1.49041000E-7	-1.92871094E-1	0.00000000E+0	0.00000000E+0
-1.90429687E-1	-1.47232996E-7	-1.47232996E-7	-1.90429687E-1	0.00000000E+0	0.00000000E+0
-1.87988281E-1	-1.45076001E-7	-1.45076001E-7	-1.87988281E-1	0.00000000E+0	0.00000000E+0
-1.85546875E-1	-1.43338994E-7	-1.43338994E-7	-1.85546875E-1	0.00000000E+0	0.00000000E+0
-1.83105469E-1	-1.41404001E-7	-1.41404001E-7	-1.83105469E-1	0.00000000E+0	0.00000000E+0
-1.80664062E-1	-1.39788000E-7	-1.39788000E-7	-1.80664062E-1	0.00000000E+0	0.00000000E+0
-1.78222656E-1	-1.37648996E-7	-1.37648996E-7	-1.78222656E-1	0.00000000E+0	0.00000000E+0
-1.75781250E-1	-1.35804001E-7	-1.35804001E-7	-1.75781250E-1	0.00000000E+0	0.00000000E+0
-1.73339844E-1	-1.34174996E-7	-1.34174996E-7	-1.73339844E-1	0.00000000E+0	0.00000000E+0
-1.70898437E-1	-1.32137998E-7	-1.32137998E-7	-1.70898437E-1	0.00000000E+0	0.00000000E+0
-1.68457031E-1	-1.30508994E-7	-1.30508994E-7	-1.68457031E-1	0.00000000E+0	0.00000000E+0
-1.66015625E-1	-1.28672994E-7	-1.28672994E-7	-1.66015625E-1	0.00000000E+0	0.00000000E+0
-1.63574219E-1	-1.26830003E-7	-1.26830003E-7	-1.63574219E-1	0.00000000E+0	0.00000000E+0
-1.61132812E-1	-1.24918998E-7	-1.24918998E-7	-1.61132812E-1	0.00000000E+0	0.00000000E+0
-1.58691406E-1	-1.22694004E-7	-1.22694004E-7	-1.58691406E-1	0.00000000E+0	0.00000000E+0
-1.56250000E-1	-1.20742001E-7	-1.20742001E-7	-1.56250000E-1	0.00000000E+0	0.00000000E+0
-1.53808594E-1	-1.19180001E-7	-1.19180001E-7	-1.53808594E-1	0.00000000E+0	0.00000000E+0
-1.51367187E-1	-1.17092000E-7	-1.17092000E-7	-1.51367187E-1	0.00000000E+0	0.00000000E+0
-1.48925781E-1	-1.14697002E-7	-1.14697002E-7	-1.48925781E-1	0.00000000E+0	0.00000000E+0
-1.46484375E-1	-1.13383997E-7	-1.13383997E-7	-1.46484375E-1	0.00000000E+0	0.00000000E+0
-1.44042969E-1	-1.11367001E-7	-1.11367001E-7	-1.44042969E-1	0.00000000E+0	0.00000000E+0
-1.41601562E-1	-1.09398002E-7	-1.09398002E-7	-1.41601562E-1	0.00000000E+0	0.00000000E+0
-1.39160156E-1	-1.07410997E-7	-1.07410997E-7	-1.39160156E-1	0.00000000E+0	0.00000000E+0
-1.36718750E-1	-1.05578003E-7	-1.05578003E-7	-1.36718750E-1	0.00000000E+0	0.00000000E+0
-1.34277344E-1	-1.03616998E-7	-1.03616998E-7	-1.34277344E-1	0.00000000E+0	0.00000000E+0
-1.31835937E-1	-1.02027997E-7	-1.02027997E-7	-1.31835937E-1	0.00000000E+0	0.00000000E+0
-1.29394531E-1	-9.99967966E-8	-9.99967966E-8	-1.29394531E-1	0.00000000E+0	0.00000000E+0
-1.26953125E-1	-9.86436035E-8	-9.86436035E-8	-1.26953125E-1	0.00000000E+0	0.00000000E+0
-1.24511719E-1	-9.66251008E-8	-9.66251008E-8	-1.24511719E-1	0.00000000E+0	0.00000000E+0
-1.22070312E-1	-9.45225977E-8	-9.45225977E-8	-1.22070312E-1	0.00000000E+0	0.00000000E+0
-1.19628906E-1	-9.26494010E-8	-9.26494010E-8	-1.19628906E-1	0.00000000E+0	0.00000000E+0
-1.17187500E-1	-9.05697988E-8	-9.05697988E-8	-1.17187500E-1	0.00000000E+0	0.00000000E+0
-1.14746094E-1	-8.88457024E-8	-8.88457024E-8	-1.14746094E-1	0.00000000E+0	0.00000000E+0
-1.12304687E-1	-8.71598971E-8	-8.71598971E-8	-1.12304687E-1	0.00000000E+0	0.00000000E+0
-1.09863281E-1	-8.50153015E-8	-8.50153015E-8	-1.09863281E-1	0.00000000E+0	0.00000000E+0
-1.07421875E-1	-8.27713009E-8	-8.27713009E-8	-1.07421875E-1	0.00000000E+0	0.00000000E+0
-1.04980469E-1	-8.07795999E-8	-8.07795999E-8	-1.04980469E-1	0.00000000E+0	0.00000000E+0
-1.02539062E-1	-7.96709969E-8	-7.96709969E-8	-1.02539062E-1	0.00000000E+0	0.00000000E+0
-1.00097656E-1	-7.71862005E-8	-7.71862005E-8	-1.00097656E-1	0.00000000E+0	0.00000000E+0
-9.76562500E-2	-7.44528990E-8	-7.44528990E-8	-9.76562500E-2	0.00000000E+0	0.00000000E+0
-9.52148438E-2	-7.26752987E-8	-7.26752987E-8	-9.52148438E-2	0.00000000E+0	0.00000000E+0
-9.27734375E-2	-6.82904968E-8	-6.82904968E-8	-9.27734375E-2	0.00000000E+0	0.00000000E+0
-9.03320313E-2	-6.59891981E-8	-6.59891981E-8	-9.03320313E-2	0.00000000E+0	0.00000000E+0
-8.78906250E-2	-6.29461994E-8	-6.29461994E-8	-8.78906250E-2	0.00000000E+0	0.00000000E+0
-8.54492188E-2	-6.09736972E-8	-6.09736972E-8	-8.54492188E-2	0.00000000E+0	0.00000000E+0
-8.30078125E-2	-5.70515013E-8	-5.70515013E-8	-8.30078125E-2	0.00000000E+0	0.00000000E+0
-8.05664063E-2	-5.53235999E-8	-5.53235999E-8	-8.05664063E-2	0.00000000E+0	0.00000000E+0
-7.81250000E-2	-5.23723998E-8	-5.23723998E-8	-7.81250000E-2	0.00000000E+0	0.00000000E+0
-7.56835938E-2	-5.00327992E-8	-5.00327992E-8	-7.56835938E-2	0.00000000E+0	0.00000000E+0
-7.32421875E-2	-4.82208016E-8	-4.82208016E-8	-7.32421875E-2	0.00000000E+0	0.00000000E+0
-7.08007813E-2	-4.66916994E-8	-4.66916994E-8	-7.08007813E-2	0.00000000E+0	0.00000000E+0
-6.83593750E-2	-4.47726016E-8	-4.47726016E-8	-6.83593750E-2	0.00000000E+0	0.00000000E+0
-6.59179688E-2	-4.29301004E-8	-4.29301004E-8	-6.59179688E-2	0.00000000E+0	0.00000000E+0
-6.34765625E-2	-4.11791987E-8	-4.11791987E-8	-6.34765625E-2	0.00000000E+0	0.00000000E+0
-6.10351563E-2	-4.00859008E-8	-4.00859008E-8	-6.10351563E-2	0.00000000E+0	0.00000000E+0
-5.85937500E-2	-3.96576993E-8	-3.96576993E-8	-5.85937500E-2	0.00000000E+0	0.00000000E+0
-5.61523438E-2	-4.07892990E-8	-4.07892990E-8	-5.61523438E-2	0.00000000E+0	0.00000000E+0
-5.37109375E-2	-4.39890009E-8	-4.39890009E-8	-5.37109375E-2	0.00000000E+0	0.00000000E+0
-5.12695313E-2	-5.02239992E-8	-5.02239992E-8	-5.12695313E-2	0.00000000E+0	0.00000000E+0
-4.88281250E-2	-1.45419001E-8	-1.45419001E-8	-4.88281250E-2	0.00000000E+0	0.00000000E+0
-4.63867188E-2	-2.91603008E-8	-2.91603008E-8	-4.63867188E-2	0.00000000E+0	0.00000000E+0
-4.39453125E-2	-9.66251008E-8	-9.66251008E-8	-4.39453125E-2	0.00000000E+0	0.00000000E+0
-4.15039063E-2	-1.07779996E-7	-1.07779996E-7	-4.15039063E-2	0.00000000E+0	0.00000000E+0
-3.90625000E-2	-1.38222006E-7	-1.38222006E-7	-3.90625000E-2	0.00000000E+0	0.00000000E+0
-3.66210938E-2	-1.46622000E-7	-1.46622000E-7	-3.66210938E-2	0.00000000E+0	0.00000000E+0
-3.41796875E-2	-1.38375000E-7	-1.38375000E-7	-3.41796875E-2	0.00000000E+0	0.00000000E+0
-3.17382813E-2	-1.28462005E-7	-1.28462005E-7	-3.17382813E-2	0.00000000E+0	0.00000000E+0
-2.92968750E-2	-1.17721001E-7	-1.17721001E-7	-2.92968750E-2	0.00000000E+0	0.00000000E+0
-2.68554688E-2	-1.07447001E-7	-1.07447001E-7	-2.68554688E-2	0.00000000E+0	0.00000000E+0
-2.44140625E-2	-9.72253034E-8	-9.72253034E-8	-2.44140625E-2	0.00000000E+0	0.00000000E+0
-2.19726563E-2	-8.69763994E-8	-8.69763994E-8	-2.19726563E-2	0.00000000E+0	0.00000000E+0
-1.95312500E-2	-7.69682984E-8	-7.69682984E-8	-1.95312500E-2	0.00000000E+0	0.00000000E+0
-1.70898438E-2	-6.73731009E-8	-6.73731009E-8	-1.70898438E-2	0.00000000E+0	0.00000000E+0
-1.46484375E-2	-5.76020014E-8	-5.76020014E-8	-1.46484375E-2	0.00000000E+0	0.00000000E+0
-1.22070313E-2	-4.84120015E-8	-4.84120015E-8	-1.22070313E-2	0.00000000E+0	0.00000000E+0
-9.76562500E-3	-3.87097003E-8	-3.87097003E-8	-9.76562500E-3	0.00000000E+0	0.00000000E+0
-7.32421875E-3	-2.95503000E-8	-2.95503000E-8	-7.32421875E-3	0.00000000E+0	0.00000000E+0
-4.88281250E-3	-2.01193995E-8	-2.01193995E-8	-4.88281250E-3	0.00000000E+0	0.00000000E+0
-2.44140625E-3	-1.10384004E-8	-1.10384004E-8	-2.44140625E-3	0.00000000E+0	0.00000000E+0
0.00000000E+0	-1.85535998E-9	-1.85535998E-9	0.00000000E+0	0.00000000E+0	0.00000000E+0
