Date: do 28 mrt 2013, Material: Au, Temp: 4.2 K
AO1 - module gain: 1.0E+0, R_out: 0.0
AO2 - module gain: 1.0E+2
MUX1 - ADC gain: 4, logarithmic amplifier: D:\LabVIEW Data\Lithographic MCBJ\MED24_070412.TXT, R_in: 0.000
MUX2 - ADC gain: 4, linear amplifier: 1.000000 x 1e10 V/A, R_in: 1.000
Breaking trace: 15 0
Axis position: -880.993902
Vbias (V)	<I> and Ii MUX1 (A)	Vbias (V)	<I> and Ii MUX2 (A)
@
0.00000000E+0	-2.86617996E-9	-2.86617996E-9	0.00000000E+0	0.00000000E+0	0.00000000E+0
2.44140625E-3	1.12233998E-7	1.12233998E-7	2.44140625E-3	0.00000000E+0	0.00000000E+0
4.88281250E-3	3.27609001E-7	3.27609001E-7	4.88281250E-3	0.00000000E+0	0.00000000E+0
7.32421875E-3	5.35630022E-7	5.35630022E-7	7.32421875E-3	0.00000000E+0	0.00000000E+0
9.76562500E-3	7.51821005E-7	7.51821005E-7	9.76562500E-3	0.00000000E+0	0.00000000E+0
1.22070313E-2	9.59650947E-7	9.59650947E-7	1.22070313E-2	0.00000000E+0	0.00000000E+0
1.46484375E-2	1.17674995E-6	1.17674995E-6	1.46484375E-2	0.00000000E+0	0.00000000E+0
1.70898438E-2	1.38454004E-6	1.38454004E-6	1.70898438E-2	0.00000000E+0	0.00000000E+0
1.95312500E-2	1.60396996E-6	1.60396996E-6	1.95312500E-2	0.00000000E+0	0.00000000E+0
2.19726563E-2	1.81196003E-6	1.81196003E-6	2.19726563E-2	0.00000000E+0	0.00000000E+0
2.44140625E-2	2.02846991E-6	2.02846991E-6	2.44140625E-2	0.00000000E+0	0.00000000E+0
2.68554688E-2	2.24015002E-6	2.24015002E-6	2.68554688E-2	0.00000000E+0	0.00000000E+0
2.92968750E-2	2.45804995E-6	2.45804995E-6	2.92968750E-2	0.00000000E+0	0.00000000E+0
3.17382813E-2	2.66947995E-6	2.66947995E-6	3.17382813E-2	0.00000000E+0	0.00000000E+0
3.41796875E-2	2.88929004E-6	2.88929004E-6	3.41796875E-2	0.00000000E+0	0.00000000E+0
3.66210938E-2	3.10414998E-6	3.10414998E-6	3.66210938E-2	0.00000000E+0	0.00000000E+0
3.90625000E-2	3.32777995E-6	3.32777995E-6	3.90625000E-2	0.00000000E+0	0.00000000E+0
4.15039063E-2	3.53461996E-6	3.53461996E-6	4.15039063E-2	0.00000000E+0	0.00000000E+0
4.39453125E-2	3.75291006E-6	3.75291006E-6	4.39453125E-2	0.00000000E+0	0.00000000E+0
4.63867188E-2	3.96357018E-6	3.96357018E-6	4.63867188E-2	0.00000000E+0	0.00000000E+0
4.88281250E-2	4.18414993E-6	4.18414993E-6	4.88281250E-2	0.00000000E+0	0.00000000E+0
5.12695313E-2	4.39557016E-6	4.39557016E-6	5.12695313E-2	0.00000000E+0	0.00000000E+0
5.37109375E-2	4.61385980E-6	4.61385980E-6	5.37109375E-2	0.00000000E+0	0.00000000E+0
5.61523438E-2	4.82680980E-6	4.82680980E-6	5.61523438E-2	0.00000000E+0	0.00000000E+0
5.85937500E-2	5.04833997E-6	5.04833997E-6	5.85937500E-2	0.00000000E+0	0.00000000E+0
6.10351563E-2	5.26109989E-6	5.26109989E-6	6.10351563E-2	0.00000000E+0	0.00000000E+0
6.34765625E-2	5.47863010E-6	5.47863010E-6	6.34765625E-2	0.00000000E+0	0.00000000E+0
6.59179688E-2	5.69233998E-6	5.69233998E-6	6.59179688E-2	0.00000000E+0	0.00000000E+0
6.83593750E-2	5.91597018E-6	5.91597018E-6	6.83593750E-2	0.00000000E+0	0.00000000E+0
7.08007813E-2	6.12738995E-6	6.12738995E-6	7.08007813E-2	0.00000000E+0	0.00000000E+0
7.32421875E-2	6.35330980E-6	6.35330980E-6	7.32421875E-2	0.00000000E+0	0.00000000E+0
7.56835938E-2	6.56243992E-6	6.56243992E-6	7.56835938E-2	0.00000000E+0	0.00000000E+0
7.81250000E-2	6.78684000E-6	6.78684000E-6	7.81250000E-2	0.00000000E+0	0.00000000E+0
8.05664063E-2	6.99673001E-6	6.99673001E-6	8.05664063E-2	0.00000000E+0	0.00000000E+0
8.30078125E-2	7.21617016E-6	7.21617016E-6	8.30078125E-2	0.00000000E+0	0.00000000E+0
8.54492188E-2	7.42644988E-6	7.42644988E-6	8.54492188E-2	0.00000000E+0	0.00000000E+0
8.78906250E-2	7.64397009E-6	7.64397009E-6	8.78906250E-2	0.00000000E+0	0.00000000E+0
9.03320313E-2	7.85539032E-6	7.85539032E-6	9.03320313E-2	0.00000000E+0	0.00000000E+0
9.27734375E-2	8.07597007E-6	8.07597007E-6	9.27734375E-2	0.00000000E+0	0.00000000E+0
9.52148438E-2	8.28586963E-6	8.28586963E-6	9.52148438E-2	0.00000000E+0	0.00000000E+0
9.76562500E-2	8.50975994E-6	8.50975994E-6	9.76562500E-2	0.00000000E+0	0.00000000E+0
1.00097656E-1	8.72118017E-6	8.72118017E-6	1.00097656E-1	0.00000000E+0	0.00000000E+0
1.02539062E-1	8.93768993E-6	8.93768993E-6	1.02539062E-1	0.00000000E+0	0.00000000E+0
1.04980469E-1	9.15215969E-6	9.15215969E-6	1.04980469E-1	0.00000000E+0	0.00000000E+0
1.07421875E-1	9.37502955E-6	9.37502955E-6	1.07421875E-1	0.00000000E+0	0.00000000E+0
1.09863281E-1	9.57920020E-6	9.57920020E-6	1.09863281E-1	0.00000000E+0	0.00000000E+0
1.12304687E-1	9.80474033E-6	9.80474033E-6	1.12304687E-1	0.00000000E+0	0.00000000E+0
1.14746094E-1	1.00131001E-5	1.00131001E-5	1.14746094E-1	0.00000000E+0	0.00000000E+0
1.17187500E-1	1.02428003E-5	1.02428003E-5	1.17187500E-1	0.00000000E+0	0.00000000E+0
1.19628906E-1	1.04561996E-5	1.04561996E-5	1.19628906E-1	0.00000000E+0	0.00000000E+0
1.22070312E-1	1.06708003E-5	1.06708003E-5	1.22070312E-1	0.00000000E+0	0.00000000E+0
1.24511719E-1	1.08840004E-5	1.08840004E-5	1.24511719E-1	0.00000000E+0	0.00000000E+0
1.26953125E-1	1.11032996E-5	1.11032996E-5	1.26953125E-1	0.00000000E+0	0.00000000E+0
1.29394531E-1	1.13145998E-5	1.13145998E-5	1.29394531E-1	0.00000000E+0	0.00000000E+0
1.31835937E-1	1.15334997E-5	1.15334997E-5	1.31835937E-1	0.00000000E+0	0.00000000E+0
1.34277344E-1	1.17490999E-5	1.17490999E-5	1.34277344E-1	0.00000000E+0	0.00000000E+0
1.36718750E-1	1.19677998E-5	1.19677998E-5	1.36718750E-1	0.00000000E+0	0.00000000E+0
1.39160156E-1	1.21722996E-5	1.21722996E-5	1.39160156E-1	0.00000000E+0	0.00000000E+0
1.41601562E-1	1.23993996E-5	1.23993996E-5	1.41601562E-1	0.00000000E+0	0.00000000E+0
1.44042969E-1	1.26124996E-5	1.26124996E-5	1.44042969E-1	0.00000000E+0	0.00000000E+0
1.46484375E-1	1.28290003E-5	1.28290003E-5	1.46484375E-1	0.00000000E+0	0.00000000E+0
1.48925781E-1	1.30427998E-5	1.30427998E-5	1.48925781E-1	0.00000000E+0	0.00000000E+0
1.51367187E-1	1.32756004E-5	1.32756004E-5	1.51367187E-1	0.00000000E+0	0.00000000E+0
1.53808594E-1	1.34791999E-5	1.34791999E-5	1.53808594E-1	0.00000000E+0	0.00000000E+0
1.56250000E-1	1.37158004E-5	1.37158004E-5	1.56250000E-1	0.00000000E+0	0.00000000E+0
1.58691406E-1	1.39143003E-5	1.39143003E-5	1.58691406E-1	0.00000000E+0	0.00000000E+0
1.61132812E-1	1.41254995E-5	1.41254995E-5	1.61132812E-1	0.00000000E+0	0.00000000E+0
1.63574219E-1	1.43386997E-5	1.43386997E-5	1.63574219E-1	0.00000000E+0	0.00000000E+0
1.66015625E-1	1.45580998E-5	1.45580998E-5	1.66015625E-1	0.00000000E+0	0.00000000E+0
1.68457031E-1	1.47851997E-5	1.47851997E-5	1.68457031E-1	0.00000000E+0	0.00000000E+0
1.70898437E-1	1.49855996E-5	1.49855996E-5	1.70898437E-1	0.00000000E+0	0.00000000E+0
1.73339844E-1	1.52107996E-5	1.52107996E-5	1.73339844E-1	0.00000000E+0	0.00000000E+0
1.75781250E-1	1.54233003E-5	1.54233003E-5	1.75781250E-1	0.00000000E+0	0.00000000E+0
1.78222656E-1	1.56320002E-5	1.56320002E-5	1.78222656E-1	0.00000000E+0	0.00000000E+0
1.80664062E-1	1.58520998E-5	1.58520998E-5	1.80664062E-1	0.00000000E+0	0.00000000E+0
1.83105469E-1	1.60671007E-5	1.60671007E-5	1.83105469E-1	0.00000000E+0	0.00000000E+0
1.85546875E-1	1.62834003E-5	1.62834003E-5	1.85546875E-1	0.00000000E+0	0.00000000E+0
1.87988281E-1	1.64845005E-5	1.64845005E-5	1.87988281E-1	0.00000000E+0	0.00000000E+0
1.90429687E-1	1.67108992E-5	1.67108992E-5	1.90429687E-1	0.00000000E+0	0.00000000E+0
1.92871094E-1	1.69221003E-5	1.69221003E-5	1.92871094E-1	0.00000000E+0	0.00000000E+0
1.95312500E-1	1.71512002E-5	1.71512002E-5	1.95312500E-1	0.00000000E+0	0.00000000E+0
1.97753906E-1	1.73699991E-5	1.73699991E-5	1.97753906E-1	0.00000000E+0	0.00000000E+0
2.00195312E-1	1.75913992E-5	1.75913992E-5	2.00195312E-1	0.00000000E+0	0.00000000E+0
2.02636719E-1	1.77988004E-5	1.77988004E-5	2.02636719E-1	0.00000000E+0	0.00000000E+0
2.05078125E-1	1.80137995E-5	1.80137995E-5	2.05078125E-1	0.00000000E+0	0.00000000E+0
2.07519531E-1	1.82224994E-5	1.82224994E-5	2.07519531E-1	0.00000000E+0	0.00000000E+0
2.09960937E-1	1.84591008E-5	1.84591008E-5	2.09960937E-1	0.00000000E+0	0.00000000E+0
2.12402344E-1	1.86652996E-5	1.86652996E-5	2.12402344E-1	0.00000000E+0	0.00000000E+0
2.14843750E-1	1.88865997E-5	1.88865997E-5	2.14843750E-1	0.00000000E+0	0.00000000E+0
2.17285156E-1	1.90825995E-5	1.90825995E-5	2.17285156E-1	0.00000000E+0	0.00000000E+0
2.19726562E-1	1.93141004E-5	1.93141004E-5	2.19726562E-1	0.00000000E+0	0.00000000E+0
2.22167969E-1	1.95202992E-5	1.95202992E-5	2.22167969E-1	0.00000000E+0	0.00000000E+0
2.24609375E-1	1.97416994E-5	1.97416994E-5	2.24609375E-1	0.00000000E+0	0.00000000E+0
2.27050781E-1	1.99478000E-5	1.99478000E-5	2.27050781E-1	0.00000000E+0	0.00000000E+0
2.29492187E-1	2.01615003E-5	2.01615003E-5	2.29492187E-1	0.00000000E+0	0.00000000E+0
2.31933594E-1	2.03981999E-5	2.03981999E-5	2.31933594E-1	0.00000000E+0	0.00000000E+0
2.34375000E-1	2.06196000E-5	2.06196000E-5	2.34375000E-1	0.00000000E+0	0.00000000E+0
2.36816406E-1	2.08219008E-5	2.08219008E-5	2.36816406E-1	0.00000000E+0	0.00000000E+0
2.39257812E-1	2.10317994E-5	2.10317994E-5	2.39257812E-1	0.00000000E+0	0.00000000E+0
2.41699219E-1	2.12303003E-5	2.12303003E-5	2.41699219E-1	0.00000000E+0	0.00000000E+0
2.44140625E-1	2.14745996E-5	2.14745996E-5	2.44140625E-1	0.00000000E+0	0.00000000E+0
2.46582031E-1	2.16769004E-5	2.16769004E-5	2.46582031E-1	0.00000000E+0	0.00000000E+0
2.49023437E-1	2.19021003E-5	2.19021003E-5	2.49023437E-1	0.00000000E+0	0.00000000E+0
2.51464844E-1	2.21056998E-5	2.21056998E-5	2.51464844E-1	0.00000000E+0	0.00000000E+0
2.53906250E-1	2.23180996E-5	2.23180996E-5	2.53906250E-1	0.00000000E+0	0.00000000E+0
2.56347656E-1	2.25319000E-5	2.25319000E-5	2.56347656E-1	0.00000000E+0	0.00000000E+0
2.58789062E-1	2.27495002E-5	2.27495002E-5	2.58789062E-1	0.00000000E+0	0.00000000E+0
2.61230469E-1	2.29594007E-5	2.29594007E-5	2.61230469E-1	0.00000000E+0	0.00000000E+0
2.63671875E-1	2.31769991E-5	2.31769991E-5	2.63671875E-1	0.00000000E+0	0.00000000E+0
2.66113281E-1	2.33868996E-5	2.33868996E-5	2.66113281E-1	0.00000000E+0	0.00000000E+0
2.68554687E-1	2.36120995E-5	2.36120995E-5	2.68554687E-1	0.00000000E+0	0.00000000E+0
2.70996094E-1	2.38182001E-5	2.38182001E-5	2.70996094E-1	0.00000000E+0	0.00000000E+0
2.73437500E-1	2.40548998E-5	2.40548998E-5	2.73437500E-1	0.00000000E+0	0.00000000E+0
2.75878906E-1	2.42496008E-5	2.42496008E-5	2.75878906E-1	0.00000000E+0	0.00000000E+0
2.78320312E-1	2.44798994E-5	2.44798994E-5	2.78320312E-1	0.00000000E+0	0.00000000E+0
2.80761719E-1	2.46808995E-5	2.46808995E-5	2.80761719E-1	0.00000000E+0	0.00000000E+0
2.83203125E-1	2.49098994E-5	2.49098994E-5	2.83203125E-1	0.00000000E+0	0.00000000E+0
2.85644531E-1	2.51160000E-5	2.51160000E-5	2.85644531E-1	0.00000000E+0	0.00000000E+0
2.88085937E-1	2.53411999E-5	2.53411999E-5	2.88085937E-1	0.00000000E+0	0.00000000E+0
2.90527344E-1	2.55358991E-5	2.55358991E-5	2.90527344E-1	0.00000000E+0	0.00000000E+0
2.92968750E-1	2.57496995E-5	2.57496995E-5	2.92968750E-1	0.00000000E+0	0.00000000E+0
2.95410156E-1	2.59582994E-5	2.59582994E-5	2.95410156E-1	0.00000000E+0	0.00000000E+0
2.97851562E-1	2.61847999E-5	2.61847999E-5	2.97851562E-1	0.00000000E+0	0.00000000E+0
3.00292969E-1	2.64062000E-5	2.64062000E-5	3.00292969E-1	0.00000000E+0	0.00000000E+0
3.02734375E-1	2.66238003E-5	2.66238003E-5	3.02734375E-1	0.00000000E+0	0.00000000E+0
3.05175781E-1	2.68260992E-5	2.68260992E-5	3.05175781E-1	0.00000000E+0	0.00000000E+0
3.07617187E-1	2.70397995E-5	2.70397995E-5	3.07617187E-1	0.00000000E+0	0.00000000E+0
3.10058594E-1	2.72611996E-5	2.72611996E-5	3.10058594E-1	0.00000000E+0	0.00000000E+0
3.12500000E-1	2.74673002E-5	2.74673002E-5	3.12500000E-1	0.00000000E+0	0.00000000E+0
3.14941406E-1	2.76887004E-5	2.76887004E-5	3.14941406E-1	0.00000000E+0	0.00000000E+0
3.17382812E-1	2.79139003E-5	2.79139003E-5	3.17382812E-1	0.00000000E+0	0.00000000E+0
3.19824219E-1	2.81085995E-5	2.81085995E-5	3.19824219E-1	0.00000000E+0	0.00000000E+0
3.22265625E-1	2.83147001E-5	2.83147001E-5	3.22265625E-1	0.00000000E+0	0.00000000E+0
3.24707031E-1	2.85361002E-5	2.85361002E-5	3.24707031E-1	0.00000000E+0	0.00000000E+0
3.27148437E-1	2.87498005E-5	2.87498005E-5	3.27148437E-1	0.00000000E+0	0.00000000E+0
3.29589844E-1	2.89635991E-5	2.89635991E-5	3.29589844E-1	0.00000000E+0	0.00000000E+0
3.32031250E-1	2.91926008E-5	2.91926008E-5	3.32031250E-1	0.00000000E+0	0.00000000E+0
3.34472656E-1	2.94101992E-5	2.94101992E-5	3.34472656E-1	0.00000000E+0	0.00000000E+0
3.36914062E-1	2.96238995E-5	2.96238995E-5	3.36914062E-1	0.00000000E+0	0.00000000E+0
3.39355469E-1	2.98339000E-5	2.98339000E-5	3.39355469E-1	0.00000000E+0	0.00000000E+0
3.41796875E-1	3.00514002E-5	3.00514002E-5	3.41796875E-1	0.00000000E+0	0.00000000E+0
3.44238281E-1	3.02766002E-5	3.02766002E-5	3.44238281E-1	0.00000000E+0	0.00000000E+0
3.46679687E-1	3.04788991E-5	3.04788991E-5	3.46679687E-1	0.00000000E+0	0.00000000E+0
3.49121094E-1	3.07041992E-5	3.07041992E-5	3.49121094E-1	0.00000000E+0	0.00000000E+0
3.51562500E-1	3.09407988E-5	3.09407988E-5	3.51562500E-1	0.00000000E+0	0.00000000E+0
3.54003906E-1	3.11469012E-5	3.11469012E-5	3.54003906E-1	0.00000000E+0	0.00000000E+0
3.56445312E-1	3.13607015E-5	3.13607015E-5	3.56445312E-1	0.00000000E+0	0.00000000E+0
3.58886719E-1	3.15744001E-5	3.15744001E-5	3.58886719E-1	0.00000000E+0	0.00000000E+0
3.61328125E-1	3.17882004E-5	3.17882004E-5	3.61328125E-1	0.00000000E+0	0.00000000E+0
3.63769531E-1	3.19942992E-5	3.19942992E-5	3.63769531E-1	0.00000000E+0	0.00000000E+0
3.66210937E-1	3.22386004E-5	3.22386004E-5	3.66210937E-1	0.00000000E+0	0.00000000E+0
3.68652344E-1	3.24524008E-5	3.24524008E-5	3.68652344E-1	0.00000000E+0	0.00000000E+0
3.71093750E-1	3.26660993E-5	3.26660993E-5	3.71093750E-1	0.00000000E+0	0.00000000E+0
3.73535156E-1	3.28645983E-5	3.28645983E-5	3.73535156E-1	0.00000000E+0	0.00000000E+0
3.75976562E-1	3.30936018E-5	3.30936018E-5	3.75976562E-1	0.00000000E+0	0.00000000E+0
3.78417969E-1	3.33073986E-5	3.33073986E-5	3.78417969E-1	0.00000000E+0	0.00000000E+0
3.80859375E-1	3.35402001E-5	3.35402001E-5	3.80859375E-1	0.00000000E+0	0.00000000E+0
3.83300781E-1	3.37349011E-5	3.37349011E-5	3.83300781E-1	0.00000000E+0	0.00000000E+0
3.85742187E-1	3.39791986E-5	3.39791986E-5	3.85742187E-1	0.00000000E+0	0.00000000E+0
3.88183594E-1	3.41853010E-5	3.41853010E-5	3.88183594E-1	0.00000000E+0	0.00000000E+0
3.90625000E-1	3.44067012E-5	3.44067012E-5	3.90625000E-1	0.00000000E+0	0.00000000E+0
3.93066406E-1	3.46127999E-5	3.46127999E-5	3.93066406E-1	0.00000000E+0	0.00000000E+0
3.95507812E-1	3.48342001E-5	3.48342001E-5	3.95507812E-1	0.00000000E+0	0.00000000E+0
3.97949219E-1	3.50556002E-5	3.50556002E-5	3.97949219E-1	0.00000000E+0	0.00000000E+0
4.00390625E-1	3.52921998E-5	3.52921998E-5	4.00390625E-1	0.00000000E+0	0.00000000E+0
4.02832031E-1	3.54830991E-5	3.54830991E-5	4.02832031E-1	0.00000000E+0	0.00000000E+0
4.05273437E-1	3.57196986E-5	3.57196986E-5	4.05273437E-1	0.00000000E+0	0.00000000E+0
4.07714844E-1	3.59029000E-5	3.59029000E-5	4.07714844E-1	0.00000000E+0	0.00000000E+0
4.10156250E-1	3.61167004E-5	3.61167004E-5	4.10156250E-1	0.00000000E+0	0.00000000E+0
4.12597656E-1	3.63305007E-5	3.63305007E-5	4.12597656E-1	0.00000000E+0	0.00000000E+0
4.15039062E-1	3.65595006E-5	3.65595006E-5	4.15039062E-1	0.00000000E+0	0.00000000E+0
4.17480469E-1	3.67961002E-5	3.67961002E-5	4.17480469E-1	0.00000000E+0	0.00000000E+0
4.19921875E-1	3.70021990E-5	3.70021990E-5	4.19921875E-1	0.00000000E+0	0.00000000E+0
4.22363281E-1	3.72044997E-5	3.72044997E-5	4.22363281E-1	0.00000000E+0	0.00000000E+0
4.24804687E-1	3.74373994E-5	3.74373994E-5	4.24804687E-1	0.00000000E+0	0.00000000E+0
4.27246094E-1	3.76282005E-5	3.76282005E-5	4.27246094E-1	0.00000000E+0	0.00000000E+0
4.29687500E-1	3.78572986E-5	3.78572986E-5	4.29687500E-1	0.00000000E+0	0.00000000E+0
4.32128906E-1	3.80786005E-5	3.80786005E-5	4.32128906E-1	0.00000000E+0	0.00000000E+0
4.34570312E-1	3.82848011E-5	3.82848011E-5	4.34570312E-1	0.00000000E+0	0.00000000E+0
4.37011719E-1	3.85062012E-5	3.85062012E-5	4.37011719E-1	0.00000000E+0	0.00000000E+0
4.39453125E-1	3.87198997E-5	3.87198997E-5	4.39453125E-1	0.00000000E+0	0.00000000E+0
4.41894531E-1	3.89222005E-5	3.89222005E-5	4.41894531E-1	0.00000000E+0	0.00000000E+0
4.44335937E-1	3.91856011E-5	3.91856011E-5	4.44335937E-1	0.00000000E+0	0.00000000E+0
4.46777344E-1	3.93916998E-5	3.93916998E-5	4.46777344E-1	0.00000000E+0	0.00000000E+0
4.49218750E-1	3.96284013E-5	3.96284013E-5	4.49218750E-1	0.00000000E+0	0.00000000E+0
4.51660156E-1	3.98496995E-5	3.98496995E-5	4.51660156E-1	0.00000000E+0	0.00000000E+0
4.54101562E-1	4.00559002E-5	4.00559002E-5	4.54101562E-1	0.00000000E+0	0.00000000E+0
4.56542969E-1	4.02773003E-5	4.02773003E-5	4.56542969E-1	0.00000000E+0	0.00000000E+0
4.58984375E-1	4.04833991E-5	4.04833991E-5	4.58984375E-1	0.00000000E+0	0.00000000E+0
4.61425781E-1	4.07047992E-5	4.07047992E-5	4.61425781E-1	0.00000000E+0	0.00000000E+0
4.63867187E-1	4.09185013E-5	4.09185013E-5	4.63867187E-1	0.00000000E+0	0.00000000E+0
4.66308594E-1	4.11475012E-5	4.11475012E-5	4.66308594E-1	0.00000000E+0	0.00000000E+0
4.68750000E-1	4.13841990E-5	4.13841990E-5	4.68750000E-1	0.00000000E+0	0.00000000E+0
4.71191406E-1	4.15903014E-5	4.15903014E-5	4.71191406E-1	0.00000000E+0	0.00000000E+0
4.73632812E-1	4.18041018E-5	4.18041018E-5	4.73632812E-1	0.00000000E+0	0.00000000E+0
4.76074219E-1	4.20331016E-5	4.20331016E-5	4.76074219E-1	0.00000000E+0	0.00000000E+0
4.78515625E-1	4.22316007E-5	4.22316007E-5	4.78515625E-1	0.00000000E+0	0.00000000E+0
4.80957031E-1	4.24376994E-5	4.24376994E-5	4.80957031E-1	0.00000000E+0	0.00000000E+0
4.83398437E-1	4.26590996E-5	4.26590996E-5	4.83398437E-1	0.00000000E+0	0.00000000E+0
4.85839844E-1	4.29110005E-5	4.29110005E-5	4.85839844E-1	0.00000000E+0	0.00000000E+0
4.88281250E-1	4.31248009E-5	4.31248009E-5	4.88281250E-1	0.00000000E+0	0.00000000E+0
4.90722656E-1	4.33327987E-5	4.33327987E-5	4.90722656E-1	0.00000000E+0	0.00000000E+0
4.93164062E-1	4.35446018E-5	4.35446018E-5	4.93164062E-1	0.00000000E+0	0.00000000E+0
4.90722656E-1	4.33327987E-5	4.33327987E-5	4.90722656E-1	0.00000000E+0	0.00000000E+0
4.88281250E-1	4.31248009E-5	4.31248009E-5	4.88281250E-1	0.00000000E+0	0.00000000E+0
4.85839844E-1	4.29110005E-5	4.29110005E-5	4.85839844E-1	0.00000000E+0	0.00000000E+0
4.83398437E-1	4.26590996E-5	4.26590996E-5	4.83398437E-1	0.00000000E+0	0.00000000E+0
4.80957031E-1	4.24376994E-5	4.24376994E-5	4.80957031E-1	0.00000000E+0	0.00000000E+0
4.78515625E-1	4.22316007E-5	4.22316007E-5	4.78515625E-1	0.00000000E+0	0.00000000E+0
4.76074219E-1	4.20331016E-5	4.20331016E-5	4.76074219E-1	0.00000000E+0	0.00000000E+0
4.73632812E-1	4.18041018E-5	4.18041018E-5	4.73632812E-1	0.00000000E+0	0.00000000E+0
4.71191406E-1	4.15903014E-5	4.15903014E-5	4.71191406E-1	0.00000000E+0	0.00000000E+0
4.68750000E-1	4.13841990E-5	4.13841990E-5	4.68750000E-1	0.00000000E+0	0.00000000E+0
4.66308594E-1	4.11475012E-5	4.11475012E-5	4.66308594E-1	0.00000000E+0	0.00000000E+0
4.63867187E-1	4.09185013E-5	4.09185013E-5	4.63867187E-1	0.00000000E+0	0.00000000E+0
4.61425781E-1	4.07047992E-5	4.07047992E-5	4.61425781E-1	0.00000000E+0	0.00000000E+0
4.58984375E-1	4.04833991E-5	4.04833991E-5	4.58984375E-1	0.00000000E+0	0.00000000E+0
4.56542969E-1	4.02391015E-5	4.02391015E-5	4.56542969E-1	0.00000000E+0	0.00000000E+0
4.54101562E-1	4.00329991E-5	4.00329991E-5	4.54101562E-1	0.00000000E+0	0.00000000E+0
4.51660156E-1	3.98191987E-5	3.98191987E-5	4.51660156E-1	0.00000000E+0	0.00000000E+0
4.49218750E-1	3.96055002E-5	3.96055002E-5	4.49218750E-1	0.00000000E+0	0.00000000E+0
4.46777344E-1	3.93916998E-5	3.93916998E-5	4.46777344E-1	0.00000000E+0	0.00000000E+0
4.44335937E-1	3.91856011E-5	3.91856011E-5	4.44335937E-1	0.00000000E+0	0.00000000E+0
4.41894531E-1	3.89412999E-5	3.89412999E-5	4.41894531E-1	0.00000000E+0	0.00000000E+0
4.39453125E-1	3.87352011E-5	3.87352011E-5	4.39453125E-1	0.00000000E+0	0.00000000E+0
4.37011719E-1	3.85062012E-5	3.85062012E-5	4.37011719E-1	0.00000000E+0	0.00000000E+0
4.34570312E-1	3.83000006E-5	3.83000006E-5	4.34570312E-1	0.00000000E+0	0.00000000E+0
4.32128906E-1	3.81015998E-5	3.81015998E-5	4.32128906E-1	0.00000000E+0	0.00000000E+0
4.29687500E-1	3.78762998E-5	3.78762998E-5	4.29687500E-1	0.00000000E+0	0.00000000E+0
4.27246094E-1	3.76434982E-5	3.76434982E-5	4.27246094E-1	0.00000000E+0	0.00000000E+0
4.24804687E-1	3.74527008E-5	3.74527008E-5	4.24804687E-1	0.00000000E+0	0.00000000E+0
4.22363281E-1	3.72235991E-5	3.72235991E-5	4.22363281E-1	0.00000000E+0	0.00000000E+0
4.19921875E-1	3.70021990E-5	3.70021990E-5	4.19921875E-1	0.00000000E+0	0.00000000E+0
4.17480469E-1	3.67961002E-5	3.67961002E-5	4.17480469E-1	0.00000000E+0	0.00000000E+0
4.15039062E-1	3.65747001E-5	3.65747001E-5	4.15039062E-1	0.00000000E+0	0.00000000E+0
4.12597656E-1	3.63610015E-5	3.63610015E-5	4.12597656E-1	0.00000000E+0	0.00000000E+0
4.10156250E-1	3.61472012E-5	3.61472012E-5	4.10156250E-1	0.00000000E+0	0.00000000E+0
4.07714844E-1	3.59410988E-5	3.59410988E-5	4.07714844E-1	0.00000000E+0	0.00000000E+0
4.05273437E-1	3.57196986E-5	3.57196986E-5	4.05273437E-1	0.00000000E+0	0.00000000E+0
4.02832031E-1	3.54830991E-5	3.54830991E-5	4.02832031E-1	0.00000000E+0	0.00000000E+0
4.00390625E-1	3.52692987E-5	3.52692987E-5	4.00390625E-1	0.00000000E+0	0.00000000E+0
3.97949219E-1	3.50556002E-5	3.50556002E-5	3.97949219E-1	0.00000000E+0	0.00000000E+0
3.95507812E-1	3.48342001E-5	3.48342001E-5	3.95507812E-1	0.00000000E+0	0.00000000E+0
3.93066406E-1	3.46318993E-5	3.46318993E-5	3.93066406E-1	0.00000000E+0	0.00000000E+0
3.90625000E-1	3.44295986E-5	3.44295986E-5	3.90625000E-1	0.00000000E+0	0.00000000E+0
3.88183594E-1	3.41853010E-5	3.41853010E-5	3.88183594E-1	0.00000000E+0	0.00000000E+0
3.85742187E-1	3.39791986E-5	3.39791986E-5	3.85742187E-1	0.00000000E+0	0.00000000E+0
3.83300781E-1	3.37349011E-5	3.37349011E-5	3.83300781E-1	0.00000000E+0	0.00000000E+0
3.80859375E-1	3.35402001E-5	3.35402001E-5	3.80859375E-1	0.00000000E+0	0.00000000E+0
3.78417969E-1	3.33073986E-5	3.33073986E-5	3.78417969E-1	0.00000000E+0	0.00000000E+0
3.75976562E-1	3.31088995E-5	3.31088995E-5	3.75976562E-1	0.00000000E+0	0.00000000E+0
3.73535156E-1	3.28798997E-5	3.28798997E-5	3.73535156E-1	0.00000000E+0	0.00000000E+0
3.71093750E-1	3.26660993E-5	3.26660993E-5	3.71093750E-1	0.00000000E+0	0.00000000E+0
3.68652344E-1	3.24524008E-5	3.24524008E-5	3.68652344E-1	0.00000000E+0	0.00000000E+0
3.66210937E-1	3.22386004E-5	3.22386004E-5	3.66210937E-1	0.00000000E+0	0.00000000E+0
3.63769531E-1	3.20133986E-5	3.20133986E-5	3.63769531E-1	0.00000000E+0	0.00000000E+0
3.61328125E-1	3.18111015E-5	3.18111015E-5	3.61328125E-1	0.00000000E+0	0.00000000E+0
3.58886719E-1	3.15897014E-5	3.15897014E-5	3.58886719E-1	0.00000000E+0	0.00000000E+0
3.56445312E-1	3.13607015E-5	3.13607015E-5	3.56445312E-1	0.00000000E+0	0.00000000E+0
3.54003906E-1	3.11469012E-5	3.11469012E-5	3.54003906E-1	0.00000000E+0	0.00000000E+0
3.51562500E-1	3.09407988E-5	3.09407988E-5	3.51562500E-1	0.00000000E+0	0.00000000E+0
3.49121094E-1	3.07041992E-5	3.07041992E-5	3.49121094E-1	0.00000000E+0	0.00000000E+0
3.46679687E-1	3.04980003E-5	3.04980003E-5	3.46679687E-1	0.00000000E+0	0.00000000E+0
3.44238281E-1	3.02766002E-5	3.02766002E-5	3.44238281E-1	0.00000000E+0	0.00000000E+0
3.41796875E-1	3.00704996E-5	3.00704996E-5	3.41796875E-1	0.00000000E+0	0.00000000E+0
3.39355469E-1	2.98490995E-5	2.98490995E-5	3.39355469E-1	0.00000000E+0	0.00000000E+0
3.36914062E-1	2.96238995E-5	2.96238995E-5	3.36914062E-1	0.00000000E+0	0.00000000E+0
3.34472656E-1	2.94101992E-5	2.94101992E-5	3.34472656E-1	0.00000000E+0	0.00000000E+0
3.32031250E-1	2.91926008E-5	2.91926008E-5	3.32031250E-1	0.00000000E+0	0.00000000E+0
3.29589844E-1	2.89789004E-5	2.89789004E-5	3.29589844E-1	0.00000000E+0	0.00000000E+0
3.27148437E-1	2.87651001E-5	2.87651001E-5	3.27148437E-1	0.00000000E+0	0.00000000E+0
3.24707031E-1	2.85474998E-5	2.85474998E-5	3.24707031E-1	0.00000000E+0	0.00000000E+0
3.22265625E-1	2.83337995E-5	2.83337995E-5	3.22265625E-1	0.00000000E+0	0.00000000E+0
3.19824219E-1	2.81085995E-5	2.81085995E-5	3.19824219E-1	0.00000000E+0	0.00000000E+0
3.17382812E-1	2.79139003E-5	2.79139003E-5	3.17382812E-1	0.00000000E+0	0.00000000E+0
3.14941406E-1	2.76887004E-5	2.76887004E-5	3.14941406E-1	0.00000000E+0	0.00000000E+0
3.12500000E-1	2.74673002E-5	2.74673002E-5	3.12500000E-1	0.00000000E+0	0.00000000E+0
3.10058594E-1	2.72611996E-5	2.72611996E-5	3.10058594E-1	0.00000000E+0	0.00000000E+0
3.07617187E-1	2.70551009E-5	2.70551009E-5	3.07617187E-1	0.00000000E+0	0.00000000E+0
3.05175781E-1	2.68260992E-5	2.68260992E-5	3.05175781E-1	0.00000000E+0	0.00000000E+0
3.02734375E-1	2.66238003E-5	2.66238003E-5	3.02734375E-1	0.00000000E+0	0.00000000E+0
3.00292969E-1	2.64062000E-5	2.64062000E-5	3.00292969E-1	0.00000000E+0	0.00000000E+0
2.97851562E-1	2.61847999E-5	2.61847999E-5	2.97851562E-1	0.00000000E+0	0.00000000E+0
2.95410156E-1	2.59582994E-5	2.59582994E-5	2.95410156E-1	0.00000000E+0	0.00000000E+0
2.92968750E-1	2.57649008E-5	2.57649008E-5	2.92968750E-1	0.00000000E+0	0.00000000E+0
2.90527344E-1	2.55358991E-5	2.55358991E-5	2.90527344E-1	0.00000000E+0	0.00000000E+0
2.88085937E-1	2.53221006E-5	2.53221006E-5	2.88085937E-1	0.00000000E+0	0.00000000E+0
2.85644531E-1	2.51160000E-5	2.51160000E-5	2.85644531E-1	0.00000000E+0	0.00000000E+0
2.83203125E-1	2.48945998E-5	2.48945998E-5	2.83203125E-1	0.00000000E+0	0.00000000E+0
2.80761719E-1	2.46656000E-5	2.46656000E-5	2.80761719E-1	0.00000000E+0	0.00000000E+0
2.78320312E-1	2.44798994E-5	2.44798994E-5	2.78320312E-1	0.00000000E+0	0.00000000E+0
2.75878906E-1	2.42496008E-5	2.42496008E-5	2.75878906E-1	0.00000000E+0	0.00000000E+0
2.73437500E-1	2.40548998E-5	2.40548998E-5	2.73437500E-1	0.00000000E+0	0.00000000E+0
2.70996094E-1	2.38182001E-5	2.38182001E-5	2.70996094E-1	0.00000000E+0	0.00000000E+0
2.68554687E-1	2.36120995E-5	2.36120995E-5	2.68554687E-1	0.00000000E+0	0.00000000E+0
2.66113281E-1	2.33868996E-5	2.33868996E-5	2.66113281E-1	0.00000000E+0	0.00000000E+0
2.63671875E-1	2.31769991E-5	2.31769991E-5	2.63671875E-1	0.00000000E+0	0.00000000E+0
2.61230469E-1	2.29594007E-5	2.29594007E-5	2.61230469E-1	0.00000000E+0	0.00000000E+0
2.58789062E-1	2.27495002E-5	2.27495002E-5	2.58789062E-1	0.00000000E+0	0.00000000E+0
2.56347656E-1	2.25319000E-5	2.25319000E-5	2.56347656E-1	0.00000000E+0	0.00000000E+0
2.53906250E-1	2.23180996E-5	2.23180996E-5	2.53906250E-1	0.00000000E+0	0.00000000E+0
2.51464844E-1	2.21056998E-5	2.21056998E-5	2.51464844E-1	0.00000000E+0	0.00000000E+0
2.49023437E-1	2.19021003E-5	2.19021003E-5	2.49023437E-1	0.00000000E+0	0.00000000E+0
2.46582031E-1	2.16769004E-5	2.16769004E-5	2.46582031E-1	0.00000000E+0	0.00000000E+0
2.44140625E-1	2.14745996E-5	2.14745996E-5	2.44140625E-1	0.00000000E+0	0.00000000E+0
2.41699219E-1	2.12493997E-5	2.12493997E-5	2.41699219E-1	0.00000000E+0	0.00000000E+0
2.39257812E-1	2.10471007E-5	2.10471007E-5	2.39257812E-1	0.00000000E+0	0.00000000E+0
2.36816406E-1	2.08219008E-5	2.08219008E-5	2.36816406E-1	0.00000000E+0	0.00000000E+0
2.34375000E-1	2.06196000E-5	2.06196000E-5	2.34375000E-1	0.00000000E+0	0.00000000E+0
2.31933594E-1	2.04134994E-5	2.04134994E-5	2.31933594E-1	0.00000000E+0	0.00000000E+0
2.29492187E-1	2.01920993E-5	2.01920993E-5	2.29492187E-1	0.00000000E+0	0.00000000E+0
2.27050781E-1	1.99668993E-5	1.99668993E-5	2.27050781E-1	0.00000000E+0	0.00000000E+0
2.24609375E-1	1.97531008E-5	1.97531008E-5	2.24609375E-1	0.00000000E+0	0.00000000E+0
2.22167969E-1	1.95202992E-5	1.95202992E-5	2.22167969E-1	0.00000000E+0	0.00000000E+0
2.19726562E-1	1.93141004E-5	1.93141004E-5	2.19726562E-1	0.00000000E+0	0.00000000E+0
2.17285156E-1	1.90928004E-5	1.90928004E-5	2.17285156E-1	0.00000000E+0	0.00000000E+0
2.14843750E-1	1.88865997E-5	1.88865997E-5	2.14843750E-1	0.00000000E+0	0.00000000E+0
2.12402344E-1	1.86652996E-5	1.86652996E-5	2.12402344E-1	0.00000000E+0	0.00000000E+0
2.09960937E-1	1.84591008E-5	1.84591008E-5	2.09960937E-1	0.00000000E+0	0.00000000E+0
2.07519531E-1	1.82377007E-5	1.82377007E-5	2.07519531E-1	0.00000000E+0	0.00000000E+0
2.05078125E-1	1.80240004E-5	1.80240004E-5	2.05078125E-1	0.00000000E+0	0.00000000E+0
2.02636719E-1	1.78102000E-5	1.78102000E-5	2.02636719E-1	0.00000000E+0	0.00000000E+0
2.00195312E-1	1.75913992E-5	1.75913992E-5	2.00195312E-1	0.00000000E+0	0.00000000E+0
1.97753906E-1	1.73802000E-5	1.73802000E-5	1.97753906E-1	0.00000000E+0	0.00000000E+0
1.95312500E-1	1.71639003E-5	1.71639003E-5	1.95312500E-1	0.00000000E+0	0.00000000E+0
1.92871094E-1	1.69476007E-5	1.69476007E-5	1.92871094E-1	0.00000000E+0	0.00000000E+0
1.90429687E-1	1.67363996E-5	1.67363996E-5	1.90429687E-1	0.00000000E+0	0.00000000E+0
1.87988281E-1	1.65048004E-5	1.65048004E-5	1.87988281E-1	0.00000000E+0	0.00000000E+0
1.85546875E-1	1.62962006E-5	1.62962006E-5	1.85546875E-1	0.00000000E+0	0.00000000E+0
1.83105469E-1	1.60772997E-5	1.60772997E-5	1.83105469E-1	0.00000000E+0	0.00000000E+0
1.80664062E-1	1.58762996E-5	1.58762996E-5	1.80664062E-1	0.00000000E+0	0.00000000E+0
1.78222656E-1	1.56574006E-5	1.56574006E-5	1.78222656E-1	0.00000000E+0	0.00000000E+0
1.75781250E-1	1.54437002E-5	1.54437002E-5	1.75781250E-1	0.00000000E+0	0.00000000E+0
1.73339844E-1	1.52298999E-5	1.52298999E-5	1.73339844E-1	0.00000000E+0	0.00000000E+0
1.70898437E-1	1.50084998E-5	1.50084998E-5	1.70898437E-1	0.00000000E+0	0.00000000E+0
1.68457031E-1	1.47948003E-5	1.47948003E-5	1.68457031E-1	0.00000000E+0	0.00000000E+0
1.66015625E-1	1.45734002E-5	1.45734002E-5	1.66015625E-1	0.00000000E+0	0.00000000E+0
1.63574219E-1	1.43576999E-5	1.43576999E-5	1.63574219E-1	0.00000000E+0	0.00000000E+0
1.61132812E-1	1.41535002E-5	1.41535002E-5	1.61132812E-1	0.00000000E+0	0.00000000E+0
1.58691406E-1	1.39397998E-5	1.39397998E-5	1.58691406E-1	0.00000000E+0	0.00000000E+0
1.56250000E-1	1.37337001E-5	1.37337001E-5	1.56250000E-1	0.00000000E+0	0.00000000E+0
1.53808594E-1	1.35046002E-5	1.35046002E-5	1.53808594E-1	0.00000000E+0	0.00000000E+0
1.51367187E-1	1.32908999E-5	1.32908999E-5	1.51367187E-1	0.00000000E+0	0.00000000E+0
1.48925781E-1	1.30746002E-5	1.30746002E-5	1.48925781E-1	0.00000000E+0	0.00000000E+0
1.46484375E-1	1.28537004E-5	1.28537004E-5	1.46484375E-1	0.00000000E+0	0.00000000E+0
1.44042969E-1	1.26396999E-5	1.26396999E-5	1.44042969E-1	0.00000000E+0	0.00000000E+0
1.41601562E-1	1.24230000E-5	1.24230000E-5	1.41601562E-1	0.00000000E+0	0.00000000E+0
1.39160156E-1	1.22013998E-5	1.22013998E-5	1.39160156E-1	0.00000000E+0	0.00000000E+0
1.36718750E-1	1.19924998E-5	1.19924998E-5	1.36718750E-1	0.00000000E+0	0.00000000E+0
1.34277344E-1	1.17718000E-5	1.17718000E-5	1.34277344E-1	0.00000000E+0	0.00000000E+0
1.31835937E-1	1.15569001E-5	1.15569001E-5	1.31835937E-1	0.00000000E+0	0.00000000E+0
1.29394531E-1	1.13401002E-5	1.13401002E-5	1.29394531E-1	0.00000000E+0	0.00000000E+0
1.26953125E-1	1.11260997E-5	1.11260997E-5	1.26953125E-1	0.00000000E+0	0.00000000E+0
1.24511719E-1	1.09073999E-5	1.09073999E-5	1.24511719E-1	0.00000000E+0	0.00000000E+0
1.22070312E-1	1.06935004E-5	1.06935004E-5	1.22070312E-1	0.00000000E+0	0.00000000E+0
1.19628906E-1	1.04771998E-5	1.04771998E-5	1.19628906E-1	0.00000000E+0	0.00000000E+0
1.17187500E-1	1.02684999E-5	1.02684999E-5	1.17187500E-1	0.00000000E+0	0.00000000E+0
1.14746094E-1	1.00360003E-5	1.00360003E-5	1.14746094E-1	0.00000000E+0	0.00000000E+0
1.12304687E-1	9.82687015E-6	9.82687015E-6	1.12304687E-1	0.00000000E+0	0.00000000E+0
1.09863281E-1	9.59981026E-6	9.59981026E-6	1.09863281E-1	0.00000000E+0	0.00000000E+0
1.07421875E-1	9.39526035E-6	9.39526035E-6	1.07421875E-1	0.00000000E+0	0.00000000E+0
1.04980469E-1	9.17226043E-6	9.17226043E-6	1.04980469E-1	0.00000000E+0	0.00000000E+0
1.02539062E-1	8.95561971E-6	8.95561971E-6	1.02539062E-1	0.00000000E+0	0.00000000E+0
1.00097656E-1	8.74000034E-6	8.74000034E-6	1.00097656E-1	0.00000000E+0	0.00000000E+0
9.76562500E-2	8.52706034E-6	8.52706034E-6	9.76562500E-2	0.00000000E+0	0.00000000E+0
9.52148438E-2	8.30380031E-6	8.30380031E-6	9.52148438E-2	0.00000000E+0	0.00000000E+0
9.27734375E-2	8.09352969E-6	8.09352969E-6	9.27734375E-2	0.00000000E+0	0.00000000E+0
9.03320313E-2	7.87142017E-6	7.87142017E-6	9.03320313E-2	0.00000000E+0	0.00000000E+0
8.78906250E-2	7.65999994E-6	7.65999994E-6	8.78906250E-2	0.00000000E+0	0.00000000E+0
8.54492188E-2	7.43942019E-6	7.43942019E-6	8.54492188E-2	0.00000000E+0	0.00000000E+0
8.30078125E-2	7.22533014E-6	7.22533014E-6	8.30078125E-2	0.00000000E+0	0.00000000E+0
8.05664063E-2	7.00588998E-6	7.00588998E-6	8.05664063E-2	0.00000000E+0	0.00000000E+0
7.81250000E-2	6.79753020E-6	6.79753020E-6	7.81250000E-2	0.00000000E+0	0.00000000E+0
7.56835938E-2	6.57618011E-6	6.57618011E-6	7.56835938E-2	0.00000000E+0	0.00000000E+0
7.32421875E-2	6.36170989E-6	6.36170989E-6	7.32421875E-2	0.00000000E+0	0.00000000E+0
7.08007813E-2	6.14036981E-6	6.14036981E-6	7.08007813E-2	0.00000000E+0	0.00000000E+0
6.83593750E-2	5.92589004E-6	5.92589004E-6	6.83593750E-2	0.00000000E+0	0.00000000E+0
6.59179688E-2	5.70149996E-6	5.70149996E-6	6.59179688E-2	0.00000000E+0	0.00000000E+0
6.34765625E-2	5.49084007E-6	5.49084007E-6	6.34765625E-2	0.00000000E+0	0.00000000E+0
6.10351563E-2	5.26719987E-6	5.26719987E-6	6.10351563E-2	0.00000000E+0	0.00000000E+0
5.85937500E-2	5.05654998E-6	5.05654998E-6	5.85937500E-2	0.00000000E+0	0.00000000E+0
5.61523438E-2	4.83596978E-6	4.83596978E-6	5.61523438E-2	0.00000000E+0	0.00000000E+0
5.37109375E-2	4.61844002E-6	4.61844002E-6	5.37109375E-2	0.00000000E+0	0.00000000E+0
5.12695313E-2	4.40090980E-6	4.40090980E-6	5.12695313E-2	0.00000000E+0	0.00000000E+0
4.88281250E-2	4.18910986E-6	4.18910986E-6	4.88281250E-2	0.00000000E+0	0.00000000E+0
4.63867188E-2	3.96968017E-6	3.96968017E-6	4.63867188E-2	0.00000000E+0	0.00000000E+0
4.39453125E-2	3.75519994E-6	3.75519994E-6	4.39453125E-2	0.00000000E+0	0.00000000E+0
4.15039063E-2	3.53614996E-6	3.53614996E-6	4.15039063E-2	0.00000000E+0	0.00000000E+0
3.90625000E-2	3.32968989E-6	3.32968989E-6	3.90625000E-2	0.00000000E+0	0.00000000E+0
3.66210938E-2	3.10566998E-6	3.10566998E-6	3.66210938E-2	0.00000000E+0	0.00000000E+0
3.41796875E-2	2.89119998E-6	2.89119998E-6	3.41796875E-2	0.00000000E+0	0.00000000E+0
3.17382813E-2	2.67137989E-6	2.67137989E-6	3.17382813E-2	0.00000000E+0	0.00000000E+0
2.92968750E-2	2.46110994E-6	2.46110994E-6	2.92968750E-2	0.00000000E+0	0.00000000E+0
2.68554688E-2	2.24167002E-6	2.24167002E-6	2.68554688E-2	0.00000000E+0	0.00000000E+0
2.44140625E-2	2.02948991E-6	2.02948991E-6	2.44140625E-2	0.00000000E+0	0.00000000E+0
2.19726563E-2	1.81292000E-6	1.81292000E-6	2.19726563E-2	0.00000000E+0	0.00000000E+0
1.95312500E-2	1.60512002E-6	1.60512002E-6	1.95312500E-2	0.00000000E+0	0.00000000E+0
1.70898438E-2	1.38567998E-6	1.38567998E-6	1.70898438E-2	0.00000000E+0	0.00000000E+0
1.46484375E-2	1.17674995E-6	1.17674995E-6	1.46484375E-2	0.00000000E+0	0.00000000E+0
1.22070313E-2	9.60299985E-7	9.60299985E-7	1.22070313E-2	0.00000000E+0	0.00000000E+0
9.76562500E-3	7.52432015E-7	7.52432015E-7	9.76562500E-3	0.00000000E+0	0.00000000E+0
7.32421875E-3	5.36927985E-7	5.36927985E-7	7.32421875E-3	0.00000000E+0	0.00000000E+0
4.88281250E-3	3.28423994E-7	3.28423994E-7	4.88281250E-3	0.00000000E+0	0.00000000E+0
2.44140625E-3	1.17667000E-7	1.17667000E-7	2.44140625E-3	0.00000000E+0	0.00000000E+0
0.00000000E+0	-2.80544010E-9	-2.80544010E-9	0.00000000E+0	0.00000000E+0	0.00000000E+0
-2.44140625E-3	-2.64302003E-7	-2.64302003E-7	-2.44140625E-3	0.00000000E+0	0.00000000E+0
-4.88281250E-3	-4.86603028E-7	-4.86603028E-7	-4.88281250E-3	0.00000000E+0	0.00000000E+0
-7.32421875E-3	-7.16464001E-7	-7.16464001E-7	-7.32421875E-3	0.00000000E+0	0.00000000E+0
-9.76562500E-3	-9.38765027E-7	-9.38765027E-7	-9.76562500E-3	0.00000000E+0	0.00000000E+0
-1.22070313E-2	-1.17107004E-6	-1.17107004E-6	-1.22070313E-2	0.00000000E+0	0.00000000E+0
-1.46484375E-2	-1.39427004E-6	-1.39427004E-6	-1.46484375E-2	0.00000000E+0	0.00000000E+0
-1.70898438E-2	-1.62439005E-6	-1.62439005E-6	-1.70898438E-2	0.00000000E+0	0.00000000E+0
-1.95312500E-2	-1.84707005E-6	-1.84707005E-6	-1.95312500E-2	0.00000000E+0	0.00000000E+0
-2.19726563E-2	-2.08023994E-6	-2.08023994E-6	-2.19726563E-2	0.00000000E+0	0.00000000E+0
-2.44140625E-2	-2.30731007E-6	-2.30731007E-6	-2.44140625E-2	0.00000000E+0	0.00000000E+0
-2.68554688E-2	-2.53780991E-6	-2.53780991E-6	-2.68554688E-2	0.00000000E+0	0.00000000E+0
-2.92968750E-2	-2.76297010E-6	-2.76297010E-6	-2.92968750E-2	0.00000000E+0	0.00000000E+0
-3.17382813E-2	-2.99729004E-6	-2.99729004E-6	-3.17382813E-2	0.00000000E+0	0.00000000E+0
-3.41796875E-2	-3.22320989E-6	-3.22320989E-6	-3.41796875E-2	0.00000000E+0	0.00000000E+0
-3.66210938E-2	-3.45295007E-6	-3.45295007E-6	-3.66210938E-2	0.00000000E+0	0.00000000E+0
-3.90625000E-2	-3.67581993E-6	-3.67581993E-6	-3.90625000E-2	0.00000000E+0	0.00000000E+0
-4.15039063E-2	-3.91700996E-6	-3.91700996E-6	-4.15039063E-2	0.00000000E+0	0.00000000E+0
-4.39453125E-2	-4.14370015E-6	-4.14370015E-6	-4.39453125E-2	0.00000000E+0	0.00000000E+0
-4.63867188E-2	-4.38259985E-6	-4.38259985E-6	-4.63867188E-2	0.00000000E+0	0.00000000E+0
-4.88281250E-2	-4.60469982E-6	-4.60469982E-6	-4.88281250E-2	0.00000000E+0	0.00000000E+0
-5.12695313E-2	-4.84284010E-6	-4.84284010E-6	-5.12695313E-2	0.00000000E+0	0.00000000E+0
-5.37109375E-2	-5.06951983E-6	-5.06951983E-6	-5.37109375E-2	0.00000000E+0	0.00000000E+0
-5.61523438E-2	-5.30231000E-6	-5.30231000E-6	-5.61523438E-2	0.00000000E+0	0.00000000E+0
-5.85937500E-2	-5.52746997E-6	-5.52746997E-6	-5.85937500E-2	0.00000000E+0	0.00000000E+0
-6.10351563E-2	-5.76027014E-6	-5.76027014E-6	-6.10351563E-2	0.00000000E+0	0.00000000E+0
-6.34765625E-2	-5.99077021E-6	-5.99077021E-6	-6.34765625E-2	0.00000000E+0	0.00000000E+0
-6.59179688E-2	-6.22509015E-6	-6.22509015E-6	-6.59179688E-2	0.00000000E+0	0.00000000E+0
-6.83593750E-2	-6.45176988E-6	-6.45176988E-6	-6.83593750E-2	0.00000000E+0	0.00000000E+0
-7.08007813E-2	-6.68685016E-6	-6.68685016E-6	-7.08007813E-2	0.00000000E+0	0.00000000E+0
-7.32421875E-2	-6.91011019E-6	-6.91011019E-6	-7.32421875E-2	0.00000000E+0	0.00000000E+0
-7.56835938E-2	-7.14213002E-6	-7.14213002E-6	-7.56835938E-2	0.00000000E+0	0.00000000E+0
-7.81250000E-2	-7.36653010E-6	-7.36653010E-6	-7.81250000E-2	0.00000000E+0	0.00000000E+0
-8.05664063E-2	-7.60237981E-6	-7.60237981E-6	-8.05664063E-2	0.00000000E+0	0.00000000E+0
-8.30078125E-2	-7.83059022E-6	-7.83059022E-6	-8.30078125E-2	0.00000000E+0	0.00000000E+0
-8.54492188E-2	-8.06680964E-6	-8.06680964E-6	-8.54492188E-2	0.00000000E+0	0.00000000E+0
-8.78906250E-2	-8.28892007E-6	-8.28892007E-6	-8.78906250E-2	0.00000000E+0	0.00000000E+0
-9.03320313E-2	-8.52095036E-6	-8.52095036E-6	-9.03320313E-2	0.00000000E+0	0.00000000E+0
-9.27734375E-2	-8.74802026E-6	-8.74802026E-6	-9.27734375E-2	0.00000000E+0	0.00000000E+0
-9.52148438E-2	-8.98004964E-6	-8.98004964E-6	-9.52148438E-2	0.00000000E+0	0.00000000E+0
-9.76562500E-2	-9.20063030E-6	-9.20063030E-6	-9.76562500E-2	0.00000000E+0	0.00000000E+0
-1.00097656E-1	-9.43112991E-6	-9.43112991E-6	-1.00097656E-1	0.00000000E+0	0.00000000E+0
-1.02539062E-1	-9.65514027E-6	-9.65514027E-6	-1.02539062E-1	0.00000000E+0	0.00000000E+0
-1.04980469E-1	-9.89061027E-6	-9.89061027E-6	-1.04980469E-1	0.00000000E+0	0.00000000E+0
-1.07421875E-1	-1.01104997E-5	-1.01104997E-5	-1.07421875E-1	0.00000000E+0	0.00000000E+0
-1.09863281E-1	-1.03374996E-5	-1.03374996E-5	-1.09863281E-1	0.00000000E+0	0.00000000E+0
-1.12304687E-1	-1.05608997E-5	-1.05608997E-5	-1.12304687E-1	0.00000000E+0	0.00000000E+0
-1.14746094E-1	-1.07897004E-5	-1.07897004E-5	-1.14746094E-1	0.00000000E+0	0.00000000E+0
-1.17187500E-1	-1.10107003E-5	-1.10107003E-5	-1.17187500E-1	0.00000000E+0	0.00000000E+0
-1.19628906E-1	-1.12394000E-5	-1.12394000E-5	-1.19628906E-1	0.00000000E+0	0.00000000E+0
-1.22070312E-1	-1.14662998E-5	-1.14662998E-5	-1.22070312E-1	0.00000000E+0	0.00000000E+0
-1.24511719E-1	-1.16990996E-5	-1.16990996E-5	-1.24511719E-1	0.00000000E+0	0.00000000E+0
-1.26953125E-1	-1.19188999E-5	-1.19188999E-5	-1.26953125E-1	0.00000000E+0	0.00000000E+0
-1.29394531E-1	-1.21431003E-5	-1.21431003E-5	-1.29394531E-1	0.00000000E+0	0.00000000E+0
-1.31835937E-1	-1.23723003E-5	-1.23723003E-5	-1.31835937E-1	0.00000000E+0	0.00000000E+0
-1.34277344E-1	-1.25959996E-5	-1.25959996E-5	-1.34277344E-1	0.00000000E+0	0.00000000E+0
-1.36718750E-1	-1.28145002E-5	-1.28145002E-5	-1.36718750E-1	0.00000000E+0	0.00000000E+0
-1.39160156E-1	-1.30418002E-5	-1.30418002E-5	-1.39160156E-1	0.00000000E+0	0.00000000E+0
-1.41601562E-1	-1.32679997E-5	-1.32679997E-5	-1.41601562E-1	0.00000000E+0	0.00000000E+0
-1.44042969E-1	-1.34969996E-5	-1.34969996E-5	-1.44042969E-1	0.00000000E+0	0.00000000E+0
-1.46484375E-1	-1.37183997E-5	-1.37183997E-5	-1.46484375E-1	0.00000000E+0	0.00000000E+0
-1.48925781E-1	-1.39473996E-5	-1.39473996E-5	-1.48925781E-1	0.00000000E+0	0.00000000E+0
-1.51367187E-1	-1.41739001E-5	-1.41739001E-5	-1.51367187E-1	0.00000000E+0	0.00000000E+0
-1.53808594E-1	-1.44074002E-5	-1.44074002E-5	-1.53808594E-1	0.00000000E+0	0.00000000E+0
-1.56250000E-1	-1.46268003E-5	-1.46268003E-5	-1.56250000E-1	0.00000000E+0	0.00000000E+0
-1.58691406E-1	-1.48559002E-5	-1.48559002E-5	-1.58691406E-1	0.00000000E+0	0.00000000E+0
-1.61132812E-1	-1.50849000E-5	-1.50849000E-5	-1.61132812E-1	0.00000000E+0	0.00000000E+0
-1.63574219E-1	-1.53062992E-5	-1.53062992E-5	-1.63574219E-1	0.00000000E+0	0.00000000E+0
-1.66015625E-1	-1.55199996E-5	-1.55199996E-5	-1.66015625E-1	0.00000000E+0	0.00000000E+0
-1.68457031E-1	-1.57623999E-5	-1.57623999E-5	-1.68457031E-1	0.00000000E+0	0.00000000E+0
-1.70898437E-1	-1.59857009E-5	-1.59857009E-5	-1.70898437E-1	0.00000000E+0	0.00000000E+0
-1.73339844E-1	-1.62197994E-5	-1.62197994E-5	-1.73339844E-1	0.00000000E+0	0.00000000E+0
-1.75781250E-1	-1.64361009E-5	-1.64361009E-5	-1.75781250E-1	0.00000000E+0	0.00000000E+0
-1.78222656E-1	-1.66784994E-5	-1.66784994E-5	-1.78222656E-1	0.00000000E+0	0.00000000E+0
-1.80664062E-1	-1.69018003E-5	-1.69018003E-5	-1.80664062E-1	0.00000000E+0	0.00000000E+0
-1.83105469E-1	-1.71383999E-5	-1.71383999E-5	-1.83105469E-1	0.00000000E+0	0.00000000E+0
-1.85546875E-1	-1.73419994E-5	-1.73419994E-5	-1.85546875E-1	0.00000000E+0	0.00000000E+0
-1.87988281E-1	-1.75837995E-5	-1.75837995E-5	-1.87988281E-1	0.00000000E+0	0.00000000E+0
-1.90429687E-1	-1.78064001E-5	-1.78064001E-5	-1.90429687E-1	0.00000000E+0	0.00000000E+0
-1.92871094E-1	-1.80214993E-5	-1.80214993E-5	-1.92871094E-1	0.00000000E+0	0.00000000E+0
-1.95312500E-1	-1.82454005E-5	-1.82454005E-5	-1.95312500E-1	0.00000000E+0	0.00000000E+0
-1.97753906E-1	-1.84782002E-5	-1.84782002E-5	-1.97753906E-1	0.00000000E+0	0.00000000E+0
-2.00195312E-1	-1.87034002E-5	-1.87034002E-5	-2.00195312E-1	0.00000000E+0	0.00000000E+0
-2.02636719E-1	-1.89172006E-5	-1.89172006E-5	-2.02636719E-1	0.00000000E+0	0.00000000E+0
-2.05078125E-1	-1.91513009E-5	-1.91513009E-5	-2.05078125E-1	0.00000000E+0	0.00000000E+0
-2.07519531E-1	-1.93752003E-5	-1.93752003E-5	-2.07519531E-1	0.00000000E+0	0.00000000E+0
-2.09960937E-1	-1.96067995E-5	-1.96067995E-5	-2.09960937E-1	0.00000000E+0	0.00000000E+0
-2.12402344E-1	-1.98333000E-5	-1.98333000E-5	-2.12402344E-1	0.00000000E+0	0.00000000E+0
-2.14843750E-1	-2.00470004E-5	-2.00470004E-5	-2.14843750E-1	0.00000000E+0	0.00000000E+0
-2.17285156E-1	-2.02608007E-5	-2.02608007E-5	-2.17285156E-1	0.00000000E+0	0.00000000E+0
-2.19726562E-1	-2.04898006E-5	-2.04898006E-5	-2.19726562E-1	0.00000000E+0	0.00000000E+0
-2.22167969E-1	-2.07264002E-5	-2.07264002E-5	-2.22167969E-1	0.00000000E+0	0.00000000E+0
-2.24609375E-1	-2.09326008E-5	-2.09326008E-5	-2.24609375E-1	0.00000000E+0	0.00000000E+0
-2.27050781E-1	-2.11654005E-5	-2.11654005E-5	-2.27050781E-1	0.00000000E+0	0.00000000E+0
-2.29492187E-1	-2.13803996E-5	-2.13803996E-5	-2.29492187E-1	0.00000000E+0	0.00000000E+0
-2.31933594E-1	-2.16044009E-5	-2.16044009E-5	-2.31933594E-1	0.00000000E+0	0.00000000E+0
-2.34375000E-1	-2.18257992E-5	-2.18257992E-5	-2.34375000E-1	0.00000000E+0	0.00000000E+0
-2.36816406E-1	-2.20432994E-5	-2.20432994E-5	-2.36816406E-1	0.00000000E+0	0.00000000E+0
-2.39257812E-1	-2.22761992E-5	-2.22761992E-5	-2.39257812E-1	0.00000000E+0	0.00000000E+0
-2.41699219E-1	-2.24746000E-5	-2.24746000E-5	-2.41699219E-1	0.00000000E+0	0.00000000E+0
-2.44140625E-1	-2.27036999E-5	-2.27036999E-5	-2.44140625E-1	0.00000000E+0	0.00000000E+0
-2.46582031E-1	-2.29326997E-5	-2.29326997E-5	-2.46582031E-1	0.00000000E+0	0.00000000E+0
-2.49023437E-1	-2.31413997E-5	-2.31413997E-5	-2.49023437E-1	0.00000000E+0	0.00000000E+0
-2.51464844E-1	-2.33564006E-5	-2.33564006E-5	-2.51464844E-1	0.00000000E+0	0.00000000E+0
-2.53906250E-1	-2.35892003E-5	-2.35892003E-5	-2.53906250E-1	0.00000000E+0	0.00000000E+0
-2.56347656E-1	-2.38030007E-5	-2.38030007E-5	-2.56347656E-1	0.00000000E+0	0.00000000E+0
-2.58789062E-1	-2.40320005E-5	-2.40320005E-5	-2.58789062E-1	0.00000000E+0	0.00000000E+0
-2.61230469E-1	-2.42418992E-5	-2.42418992E-5	-2.61230469E-1	0.00000000E+0	0.00000000E+0
-2.63671875E-1	-2.44441999E-5	-2.44441999E-5	-2.63671875E-1	0.00000000E+0	0.00000000E+0
-2.66113281E-1	-2.46770996E-5	-2.46770996E-5	-2.66113281E-1	0.00000000E+0	0.00000000E+0
-2.68554687E-1	-2.48870001E-5	-2.48870001E-5	-2.68554687E-1	0.00000000E+0	0.00000000E+0
-2.70996094E-1	-2.51236997E-5	-2.51236997E-5	-2.70996094E-1	0.00000000E+0	0.00000000E+0
-2.73437500E-1	-2.53298003E-5	-2.53298003E-5	-2.73437500E-1	0.00000000E+0	0.00000000E+0
-2.75878906E-1	-2.55435007E-5	-2.55435007E-5	-2.75878906E-1	0.00000000E+0	0.00000000E+0
-2.78320312E-1	-2.57764004E-5	-2.57764004E-5	-2.78320312E-1	0.00000000E+0	0.00000000E+0
-2.80761719E-1	-2.60016004E-5	-2.60016004E-5	-2.80761719E-1	0.00000000E+0	0.00000000E+0
-2.83203125E-1	-2.62153007E-5	-2.62153007E-5	-2.83203125E-1	0.00000000E+0	0.00000000E+0
-2.85644531E-1	-2.64405007E-5	-2.64405007E-5	-2.85644531E-1	0.00000000E+0	0.00000000E+0
-2.88085937E-1	-2.66734005E-5	-2.66734005E-5	-2.88085937E-1	0.00000000E+0	0.00000000E+0
-2.90527344E-1	-2.68871008E-5	-2.68871008E-5	-2.90527344E-1	0.00000000E+0	0.00000000E+0
-2.92968750E-1	-2.71162007E-5	-2.71162007E-5	-2.92968750E-1	0.00000000E+0	0.00000000E+0
-2.95410156E-1	-2.73375008E-5	-2.73375008E-5	-2.95410156E-1	0.00000000E+0	0.00000000E+0
-2.97851562E-1	-2.75397997E-5	-2.75397997E-5	-2.97851562E-1	0.00000000E+0	0.00000000E+0
-3.00292969E-1	-2.77573999E-5	-2.77573999E-5	-3.00292969E-1	0.00000000E+0	0.00000000E+0
-3.02734375E-1	-2.79750002E-5	-2.79750002E-5	-3.02734375E-1	0.00000000E+0	0.00000000E+0
-3.05175781E-1	-2.82002002E-5	-2.82002002E-5	-3.05175781E-1	0.00000000E+0	0.00000000E+0
-3.07617187E-1	-2.84292000E-5	-2.84292000E-5	-3.07617187E-1	0.00000000E+0	0.00000000E+0
-3.10058594E-1	-2.86430004E-5	-2.86430004E-5	-3.10058594E-1	0.00000000E+0	0.00000000E+0
-3.12500000E-1	-2.88643005E-5	-2.88643005E-5	-3.12500000E-1	0.00000000E+0	0.00000000E+0
-3.14941406E-1	-2.90857006E-5	-2.90857006E-5	-3.14941406E-1	0.00000000E+0	0.00000000E+0
-3.17382812E-1	-2.93300000E-5	-2.93300000E-5	-3.17382812E-1	0.00000000E+0	0.00000000E+0
-3.19824219E-1	-2.95361006E-5	-2.95361006E-5	-3.19824219E-1	0.00000000E+0	0.00000000E+0
-3.22265625E-1	-2.97575007E-5	-2.97575007E-5	-3.22265625E-1	0.00000000E+0	0.00000000E+0
-3.24707031E-1	-3.00018000E-5	-3.00018000E-5	-3.24707031E-1	0.00000000E+0	0.00000000E+0
-3.27148437E-1	-3.02079006E-5	-3.02079006E-5	-3.27148437E-1	0.00000000E+0	0.00000000E+0
-3.29589844E-1	-3.04293008E-5	-3.04293008E-5	-3.29589844E-1	0.00000000E+0	0.00000000E+0
-3.32031250E-1	-3.06545007E-5	-3.06545007E-5	-3.32031250E-1	0.00000000E+0	0.00000000E+0
-3.34472656E-1	-3.08644994E-5	-3.08644994E-5	-3.34472656E-1	0.00000000E+0	0.00000000E+0
-3.36914062E-1	-3.10934993E-5	-3.10934993E-5	-3.36914062E-1	0.00000000E+0	0.00000000E+0
-3.39355469E-1	-3.13187011E-5	-3.13187011E-5	-3.39355469E-1	0.00000000E+0	0.00000000E+0
-3.41796875E-1	-3.15286015E-5	-3.15286015E-5	-3.41796875E-1	0.00000000E+0	0.00000000E+0
-3.44238281E-1	-3.17537997E-5	-3.17537997E-5	-3.44238281E-1	0.00000000E+0	0.00000000E+0
-3.46679687E-1	-3.19714018E-5	-3.19714018E-5	-3.46679687E-1	0.00000000E+0	0.00000000E+0
-3.49121094E-1	-3.21851985E-5	-3.21851985E-5	-3.49121094E-1	0.00000000E+0	0.00000000E+0
-3.51562500E-1	-3.24141984E-5	-3.24141984E-5	-3.51562500E-1	0.00000000E+0	0.00000000E+0
-3.54003906E-1	-3.26355985E-5	-3.26355985E-5	-3.54003906E-1	0.00000000E+0	0.00000000E+0
-3.56445312E-1	-3.28417009E-5	-3.28417009E-5	-3.56445312E-1	0.00000000E+0	0.00000000E+0
-3.58886719E-1	-3.30859984E-5	-3.30859984E-5	-3.58886719E-1	0.00000000E+0	0.00000000E+0
-3.61328125E-1	-3.32997006E-5	-3.32997006E-5	-3.61328125E-1	0.00000000E+0	0.00000000E+0
-3.63769531E-1	-3.35440018E-5	-3.35440018E-5	-3.63769531E-1	0.00000000E+0	0.00000000E+0
-3.66210937E-1	-3.37501006E-5	-3.37501006E-5	-3.66210937E-1	0.00000000E+0	0.00000000E+0
-3.68652344E-1	-3.39791986E-5	-3.39791986E-5	-3.68652344E-1	0.00000000E+0	0.00000000E+0
-3.71093750E-1	-3.42157982E-5	-3.42157982E-5	-3.71093750E-1	0.00000000E+0	0.00000000E+0
-3.73535156E-1	-3.44180989E-5	-3.44180989E-5	-3.73535156E-1	0.00000000E+0	0.00000000E+0
-3.75976562E-1	-3.46509987E-5	-3.46509987E-5	-3.75976562E-1	0.00000000E+0	0.00000000E+0
-3.78417969E-1	-3.48571011E-5	-3.48571011E-5	-3.78417969E-1	0.00000000E+0	0.00000000E+0
-3.80859375E-1	-3.50707996E-5	-3.50707996E-5	-3.80859375E-1	0.00000000E+0	0.00000000E+0
-3.83300781E-1	-3.53227988E-5	-3.53227988E-5	-3.83300781E-1	0.00000000E+0	0.00000000E+0
-3.85742187E-1	-3.55365009E-5	-3.55365009E-5	-3.85742187E-1	0.00000000E+0	0.00000000E+0
-3.88183594E-1	-3.57503013E-5	-3.57503013E-5	-3.88183594E-1	0.00000000E+0	0.00000000E+0
-3.90625000E-1	-3.59564001E-5	-3.59564001E-5	-3.90625000E-1	0.00000000E+0	0.00000000E+0
-3.93066406E-1	-3.61778002E-5	-3.61778002E-5	-3.93066406E-1	0.00000000E+0	0.00000000E+0
-3.95507812E-1	-3.63914987E-5	-3.63914987E-5	-3.95507812E-1	0.00000000E+0	0.00000000E+0
-3.97949219E-1	-3.66052991E-5	-3.66052991E-5	-3.97949219E-1	0.00000000E+0	0.00000000E+0
-4.00390625E-1	-3.68381006E-5	-3.68381006E-5	-4.00390625E-1	0.00000000E+0	0.00000000E+0
-4.02832031E-1	-3.70556991E-5	-3.70556991E-5	-4.02832031E-1	0.00000000E+0	0.00000000E+0
-4.05273437E-1	-3.72770992E-5	-3.72770992E-5	-4.05273437E-1	0.00000000E+0	0.00000000E+0
-4.07714844E-1	-3.74908013E-5	-3.74908013E-5	-4.07714844E-1	0.00000000E+0	0.00000000E+0
-4.10156250E-1	-3.77198012E-5	-3.77198012E-5	-4.10156250E-1	0.00000000E+0	0.00000000E+0
-4.12597656E-1	-3.79488993E-5	-3.79488993E-5	-4.12597656E-1	0.00000000E+0	0.00000000E+0
-4.15039062E-1	-3.81550017E-5	-3.81550017E-5	-4.15039062E-1	0.00000000E+0	0.00000000E+0
-4.17480469E-1	-3.83992992E-5	-3.83992992E-5	-4.17480469E-1	0.00000000E+0	0.00000000E+0
-4.19921875E-1	-3.85825006E-5	-3.85825006E-5	-4.19921875E-1	0.00000000E+0	0.00000000E+0
-4.22363281E-1	-3.88039007E-5	-3.88039007E-5	-4.22363281E-1	0.00000000E+0	0.00000000E+0
-4.24804687E-1	-3.90481982E-5	-3.90481982E-5	-4.24804687E-1	0.00000000E+0	0.00000000E+0
-4.27246094E-1	-3.92543006E-5	-3.92543006E-5	-4.27246094E-1	0.00000000E+0	0.00000000E+0
-4.29687500E-1	-3.94757008E-5	-3.94757008E-5	-4.29687500E-1	0.00000000E+0	0.00000000E+0
-4.32128906E-1	-3.97084987E-5	-3.97084987E-5	-4.32128906E-1	0.00000000E+0	0.00000000E+0
-4.34570312E-1	-3.99031996E-5	-3.99031996E-5	-4.34570312E-1	0.00000000E+0	0.00000000E+0
-4.37011719E-1	-4.01475008E-5	-4.01475008E-5	-4.37011719E-1	0.00000000E+0	0.00000000E+0
-4.39453125E-1	-4.03746017E-5	-4.03746017E-5	-4.39453125E-1	0.00000000E+0	0.00000000E+0
-4.41894531E-1	-4.05940991E-5	-4.05940991E-5	-4.41894531E-1	0.00000000E+0	0.00000000E+0
-4.44335937E-1	-4.08269007E-5	-4.08269007E-5	-4.44335937E-1	0.00000000E+0	0.00000000E+0
-4.46777344E-1	-4.10329994E-5	-4.10329994E-5	-4.46777344E-1	0.00000000E+0	0.00000000E+0
-4.49218750E-1	-4.12543995E-5	-4.12543995E-5	-4.49218750E-1	0.00000000E+0	0.00000000E+0
-4.51660156E-1	-4.14604983E-5	-4.14604983E-5	-4.51660156E-1	0.00000000E+0	0.00000000E+0
-4.54101562E-1	-4.16934017E-5	-4.16934017E-5	-4.54101562E-1	0.00000000E+0	0.00000000E+0
-4.56542969E-1	-4.19261996E-5	-4.19261996E-5	-4.56542969E-1	0.00000000E+0	0.00000000E+0
-4.58984375E-1	-4.21322984E-5	-4.21322984E-5	-4.58984375E-1	0.00000000E+0	0.00000000E+0
-4.61425781E-1	-4.23689999E-5	-4.23689999E-5	-4.61425781E-1	0.00000000E+0	0.00000000E+0
-4.63867187E-1	-4.25522012E-5	-4.25522012E-5	-4.63867187E-1	0.00000000E+0	0.00000000E+0
-4.66308594E-1	-4.27927007E-5	-4.27927007E-5	-4.66308594E-1	0.00000000E+0	0.00000000E+0
-4.68750000E-1	-4.30178989E-5	-4.30178989E-5	-4.68750000E-1	0.00000000E+0	0.00000000E+0
-4.71191406E-1	-4.32316010E-5	-4.32316010E-5	-4.71191406E-1	0.00000000E+0	0.00000000E+0
-4.73632812E-1	-4.34530011E-5	-4.34530011E-5	-4.73632812E-1	0.00000000E+0	0.00000000E+0
-4.76074219E-1	-4.36972987E-5	-4.36972987E-5	-4.76074219E-1	0.00000000E+0	0.00000000E+0
-4.78515625E-1	-4.38805000E-5	-4.38805000E-5	-4.78515625E-1	0.00000000E+0	0.00000000E+0
-4.80957031E-1	-4.41248012E-5	-4.41248012E-5	-4.80957031E-1	0.00000000E+0	0.00000000E+0
-4.83398437E-1	-4.43386016E-5	-4.43386016E-5	-4.83398437E-1	0.00000000E+0	0.00000000E+0
-4.85839844E-1	-4.45523001E-5	-4.45523001E-5	-4.85839844E-1	0.00000000E+0	0.00000000E+0
-4.88281250E-1	-4.47583989E-5	-4.47583989E-5	-4.88281250E-1	0.00000000E+0	0.00000000E+0
-4.90722656E-1	-4.50123007E-5	-4.50123007E-5	-4.90722656E-1	0.00000000E+0	0.00000000E+0
-4.93164062E-1	-4.52241002E-5	-4.52241002E-5	-4.93164062E-1	0.00000000E+0	0.00000000E+0
-4.90722656E-1	-4.50123007E-5	-4.50123007E-5	-4.90722656E-1	0.00000000E+0	0.00000000E+0
-4.88281250E-1	-4.47583989E-5	-4.47583989E-5	-4.88281250E-1	0.00000000E+0	0.00000000E+0
-4.85839844E-1	-4.45828991E-5	-4.45828991E-5	-4.85839844E-1	0.00000000E+0	0.00000000E+0
-4.83398437E-1	-4.43386016E-5	-4.43386016E-5	-4.83398437E-1	0.00000000E+0	0.00000000E+0
-4.80957031E-1	-4.41248012E-5	-4.41248012E-5	-4.80957031E-1	0.00000000E+0	0.00000000E+0
-4.78515625E-1	-4.38805000E-5	-4.38805000E-5	-4.78515625E-1	0.00000000E+0	0.00000000E+0
-4.76074219E-1	-4.36972987E-5	-4.36972987E-5	-4.76074219E-1	0.00000000E+0	0.00000000E+0
-4.73632812E-1	-4.34530011E-5	-4.34530011E-5	-4.73632812E-1	0.00000000E+0	0.00000000E+0
-4.71191406E-1	-4.32564011E-5	-4.32564011E-5	-4.71191406E-1	0.00000000E+0	0.00000000E+0
-4.68750000E-1	-4.30178989E-5	-4.30178989E-5	-4.68750000E-1	0.00000000E+0	0.00000000E+0
-4.66308594E-1	-4.28136991E-5	-4.28136991E-5	-4.66308594E-1	0.00000000E+0	0.00000000E+0
-4.63867187E-1	-4.25904000E-5	-4.25904000E-5	-4.63867187E-1	0.00000000E+0	0.00000000E+0
-4.61425781E-1	-4.23689999E-5	-4.23689999E-5	-4.61425781E-1	0.00000000E+0	0.00000000E+0
-4.58984375E-1	-4.21705008E-5	-4.21705008E-5	-4.58984375E-1	0.00000000E+0	0.00000000E+0
-4.56542969E-1	-4.19491007E-5	-4.19491007E-5	-4.56542969E-1	0.00000000E+0	0.00000000E+0
-4.54101562E-1	-4.17181982E-5	-4.17181982E-5	-4.54101562E-1	0.00000000E+0	0.00000000E+0
-4.51660156E-1	-4.14987007E-5	-4.14987007E-5	-4.51660156E-1	0.00000000E+0	0.00000000E+0
-4.49218750E-1	-4.12773006E-5	-4.12773006E-5	-4.49218750E-1	0.00000000E+0	0.00000000E+0
-4.46777344E-1	-4.10540015E-5	-4.10540015E-5	-4.46777344E-1	0.00000000E+0	0.00000000E+0
-4.44335937E-1	-4.08498017E-5	-4.08498017E-5	-4.44335937E-1	0.00000000E+0	0.00000000E+0
-4.41894531E-1	-4.06151012E-5	-4.06151012E-5	-4.41894531E-1	0.00000000E+0	0.00000000E+0
-4.39453125E-1	-4.03746017E-5	-4.03746017E-5	-4.39453125E-1	0.00000000E+0	0.00000000E+0
-4.37011719E-1	-4.01475008E-5	-4.01475008E-5	-4.37011719E-1	0.00000000E+0	0.00000000E+0
-4.34570312E-1	-3.99337005E-5	-3.99337005E-5	-4.34570312E-1	0.00000000E+0	0.00000000E+0
-4.32128906E-1	-3.97276017E-5	-3.97276017E-5	-4.32128906E-1	0.00000000E+0	0.00000000E+0
-4.29687500E-1	-3.94757008E-5	-3.94757008E-5	-4.29687500E-1	0.00000000E+0	0.00000000E+0
-4.27246094E-1	-3.92734000E-5	-3.92734000E-5	-4.27246094E-1	0.00000000E+0	0.00000000E+0
-4.24804687E-1	-3.90710993E-5	-3.90710993E-5	-4.24804687E-1	0.00000000E+0	0.00000000E+0
-4.22363281E-1	-3.88650005E-5	-3.88650005E-5	-4.22363281E-1	0.00000000E+0	0.00000000E+0
-4.19921875E-1	-3.86206993E-5	-3.86206993E-5	-4.19921875E-1	0.00000000E+0	0.00000000E+0
-4.17480469E-1	-3.84183986E-5	-3.84183986E-5	-4.17480469E-1	0.00000000E+0	0.00000000E+0
-4.15039062E-1	-3.81932005E-5	-3.81932005E-5	-4.15039062E-1	0.00000000E+0	0.00000000E+0
-4.12597656E-1	-3.79794001E-5	-3.79794001E-5	-4.12597656E-1	0.00000000E+0	0.00000000E+0
-4.10156250E-1	-3.77350989E-5	-3.77350989E-5	-4.10156250E-1	0.00000000E+0	0.00000000E+0
-4.07714844E-1	-3.75290001E-5	-3.75290001E-5	-4.07714844E-1	0.00000000E+0	0.00000000E+0
-4.05273437E-1	-3.73076000E-5	-3.73076000E-5	-4.05273437E-1	0.00000000E+0	0.00000000E+0
-4.02832031E-1	-3.70939015E-5	-3.70939015E-5	-4.02832031E-1	0.00000000E+0	0.00000000E+0
-4.00390625E-1	-3.68572000E-5	-3.68572000E-5	-4.00390625E-1	0.00000000E+0	0.00000000E+0
-3.97949219E-1	-3.66357999E-5	-3.66357999E-5	-3.97949219E-1	0.00000000E+0	0.00000000E+0
-3.95507812E-1	-3.64221014E-5	-3.64221014E-5	-3.95507812E-1	0.00000000E+0	0.00000000E+0
-3.93066406E-1	-3.62007013E-5	-3.62007013E-5	-3.93066406E-1	0.00000000E+0	0.00000000E+0
-3.90625000E-1	-3.59945989E-5	-3.59945989E-5	-3.90625000E-1	0.00000000E+0	0.00000000E+0
-3.88183594E-1	-3.57731988E-5	-3.57731988E-5	-3.88183594E-1	0.00000000E+0	0.00000000E+0
-3.85742187E-1	-3.55670018E-5	-3.55670018E-5	-3.85742187E-1	0.00000000E+0	0.00000000E+0
-3.83300781E-1	-3.53342002E-5	-3.53342002E-5	-3.83300781E-1	0.00000000E+0	0.00000000E+0
-3.80859375E-1	-3.51013987E-5	-3.51013987E-5	-3.80859375E-1	0.00000000E+0	0.00000000E+0
-3.78417969E-1	-3.48952017E-5	-3.48952017E-5	-3.78417969E-1	0.00000000E+0	0.00000000E+0
-3.75976562E-1	-3.46738998E-5	-3.46738998E-5	-3.75976562E-1	0.00000000E+0	0.00000000E+0
-3.73535156E-1	-3.44295986E-5	-3.44295986E-5	-3.73535156E-1	0.00000000E+0	0.00000000E+0
-3.71093750E-1	-3.42464009E-5	-3.42464009E-5	-3.71093750E-1	0.00000000E+0	0.00000000E+0
-3.68652344E-1	-3.40020997E-5	-3.40020997E-5	-3.68652344E-1	0.00000000E+0	0.00000000E+0
-3.66210937E-1	-3.37691999E-5	-3.37691999E-5	-3.66210937E-1	0.00000000E+0	0.00000000E+0
-3.63769531E-1	-3.35746008E-5	-3.35746008E-5	-3.63769531E-1	0.00000000E+0	0.00000000E+0
-3.61328125E-1	-3.33454991E-5	-3.33454991E-5	-3.61328125E-1	0.00000000E+0	0.00000000E+0
-3.58886719E-1	-3.31240990E-5	-3.31240990E-5	-3.58886719E-1	0.00000000E+0	0.00000000E+0
-3.56445312E-1	-3.29028007E-5	-3.29028007E-5	-3.56445312E-1	0.00000000E+0	0.00000000E+0
-3.54003906E-1	-3.26775989E-5	-3.26775989E-5	-3.54003906E-1	0.00000000E+0	0.00000000E+0
-3.51562500E-1	-3.24446992E-5	-3.24446992E-5	-3.51562500E-1	0.00000000E+0	0.00000000E+0
-3.49121094E-1	-3.22232991E-5	-3.22232991E-5	-3.49121094E-1	0.00000000E+0	0.00000000E+0
-3.46679687E-1	-3.20172003E-5	-3.20172003E-5	-3.46679687E-1	0.00000000E+0	0.00000000E+0
-3.44238281E-1	-3.17958002E-5	-3.17958002E-5	-3.44238281E-1	0.00000000E+0	0.00000000E+0
-3.41796875E-1	-3.15705984E-5	-3.15705984E-5	-3.41796875E-1	0.00000000E+0	0.00000000E+0
-3.39355469E-1	-3.13529999E-5	-3.13529999E-5	-3.39355469E-1	0.00000000E+0	0.00000000E+0
-3.36914062E-1	-3.11240001E-5	-3.11240001E-5	-3.36914062E-1	0.00000000E+0	0.00000000E+0
-3.34472656E-1	-3.09103016E-5	-3.09103016E-5	-3.34472656E-1	0.00000000E+0	0.00000000E+0
-3.32031250E-1	-3.06736001E-5	-3.06736001E-5	-3.32031250E-1	0.00000000E+0	0.00000000E+0
-3.29589844E-1	-3.04522000E-5	-3.04522000E-5	-3.29589844E-1	0.00000000E+0	0.00000000E+0
-3.27148437E-1	-3.02460994E-5	-3.02460994E-5	-3.27148437E-1	0.00000000E+0	0.00000000E+0
-3.24707031E-1	-3.00170996E-5	-3.00170996E-5	-3.24707031E-1	0.00000000E+0	0.00000000E+0
-3.22265625E-1	-2.97803999E-5	-2.97803999E-5	-3.22265625E-1	0.00000000E+0	0.00000000E+0
-3.19824219E-1	-2.95742993E-5	-2.95742993E-5	-3.19824219E-1	0.00000000E+0	0.00000000E+0
-3.17382812E-1	-2.93528992E-5	-2.93528992E-5	-3.17382812E-1	0.00000000E+0	0.00000000E+0
-3.14941406E-1	-2.91276992E-5	-2.91276992E-5	-3.14941406E-1	0.00000000E+0	0.00000000E+0
-3.12500000E-1	-2.88833999E-5	-2.88833999E-5	-3.12500000E-1	0.00000000E+0	0.00000000E+0
-3.10058594E-1	-2.86888007E-5	-2.86888007E-5	-3.10058594E-1	0.00000000E+0	0.00000000E+0
-3.07617187E-1	-2.84444995E-5	-2.84444995E-5	-3.07617187E-1	0.00000000E+0	0.00000000E+0
-3.05175781E-1	-2.82384008E-5	-2.82384008E-5	-3.05175781E-1	0.00000000E+0	0.00000000E+0
-3.02734375E-1	-2.80170007E-5	-2.80170007E-5	-3.02734375E-1	0.00000000E+0	0.00000000E+0
-3.00292969E-1	-2.77726995E-5	-2.77726995E-5	-3.00292969E-1	0.00000000E+0	0.00000000E+0
-2.97851562E-1	-2.75588991E-5	-2.75588991E-5	-2.97851562E-1	0.00000000E+0	0.00000000E+0
-2.95410156E-1	-2.73528003E-5	-2.73528003E-5	-2.95410156E-1	0.00000000E+0	0.00000000E+0
-2.92968750E-1	-2.71162007E-5	-2.71162007E-5	-2.92968750E-1	0.00000000E+0	0.00000000E+0
-2.90527344E-1	-2.68986005E-5	-2.68986005E-5	-2.90527344E-1	0.00000000E+0	0.00000000E+0
-2.88085937E-1	-2.66886000E-5	-2.66886000E-5	-2.88085937E-1	0.00000000E+0	0.00000000E+0
-2.85644531E-1	-2.64596001E-5	-2.64596001E-5	-2.85644531E-1	0.00000000E+0	0.00000000E+0
-2.83203125E-1	-2.62306003E-5	-2.62306003E-5	-2.83203125E-1	0.00000000E+0	0.00000000E+0
-2.80761719E-1	-2.60016004E-5	-2.60016004E-5	-2.80761719E-1	0.00000000E+0	0.00000000E+0
-2.78320312E-1	-2.57764004E-5	-2.57764004E-5	-2.78320312E-1	0.00000000E+0	0.00000000E+0
-2.75878906E-1	-2.55740997E-5	-2.55740997E-5	-2.75878906E-1	0.00000000E+0	0.00000000E+0
-2.73437500E-1	-2.53450999E-5	-2.53450999E-5	-2.73437500E-1	0.00000000E+0	0.00000000E+0
-2.70996094E-1	-2.51236997E-5	-2.51236997E-5	-2.70996094E-1	0.00000000E+0	0.00000000E+0
-2.68554687E-1	-2.48870001E-5	-2.48870001E-5	-2.68554687E-1	0.00000000E+0	0.00000000E+0
-2.66113281E-1	-2.46962009E-5	-2.46962009E-5	-2.66113281E-1	0.00000000E+0	0.00000000E+0
-2.63671875E-1	-2.44670991E-5	-2.44670991E-5	-2.63671875E-1	0.00000000E+0	0.00000000E+0
-2.61230469E-1	-2.42418992E-5	-2.42418992E-5	-2.61230469E-1	0.00000000E+0	0.00000000E+0
-2.58789062E-1	-2.40320005E-5	-2.40320005E-5	-2.58789062E-1	0.00000000E+0	0.00000000E+0
-2.56347656E-1	-2.38182001E-5	-2.38182001E-5	-2.56347656E-1	0.00000000E+0	0.00000000E+0
-2.53906250E-1	-2.35892003E-5	-2.35892003E-5	-2.53906250E-1	0.00000000E+0	0.00000000E+0
-2.51464844E-1	-2.33678002E-5	-2.33678002E-5	-2.51464844E-1	0.00000000E+0	0.00000000E+0
-2.49023437E-1	-2.31515005E-5	-2.31515005E-5	-2.49023437E-1	0.00000000E+0	0.00000000E+0
-2.46582031E-1	-2.29326997E-5	-2.29326997E-5	-2.46582031E-1	0.00000000E+0	0.00000000E+0
-2.44140625E-1	-2.27138007E-5	-2.27138007E-5	-2.44140625E-1	0.00000000E+0	0.00000000E+0
-2.41699219E-1	-2.24898995E-5	-2.24898995E-5	-2.41699219E-1	0.00000000E+0	0.00000000E+0
-2.39257812E-1	-2.22761992E-5	-2.22761992E-5	-2.39257812E-1	0.00000000E+0	0.00000000E+0
-2.36816406E-1	-2.20624006E-5	-2.20624006E-5	-2.36816406E-1	0.00000000E+0	0.00000000E+0
-2.34375000E-1	-2.18334008E-5	-2.18334008E-5	-2.34375000E-1	0.00000000E+0	0.00000000E+0
-2.31933594E-1	-2.16044009E-5	-2.16044009E-5	-2.31933594E-1	0.00000000E+0	0.00000000E+0
-2.29492187E-1	-2.13803996E-5	-2.13803996E-5	-2.29492187E-1	0.00000000E+0	0.00000000E+0
-2.27050781E-1	-2.11654005E-5	-2.11654005E-5	-2.27050781E-1	0.00000000E+0	0.00000000E+0
-2.24609375E-1	-2.09517002E-5	-2.09517002E-5	-2.24609375E-1	0.00000000E+0	0.00000000E+0
-2.22167969E-1	-2.07264002E-5	-2.07264002E-5	-2.22167969E-1	0.00000000E+0	0.00000000E+0
-2.19726562E-1	-2.05051001E-5	-2.05051001E-5	-2.19726562E-1	0.00000000E+0	0.00000000E+0
-2.17285156E-1	-2.02799001E-5	-2.02799001E-5	-2.17285156E-1	0.00000000E+0	0.00000000E+0
-2.14843750E-1	-2.00470004E-5	-2.00470004E-5	-2.14843750E-1	0.00000000E+0	0.00000000E+0
-2.12402344E-1	-1.98434009E-5	-1.98434009E-5	-2.12402344E-1	0.00000000E+0	0.00000000E+0
-2.09960937E-1	-1.96194997E-5	-1.96194997E-5	-2.09960937E-1	0.00000000E+0	0.00000000E+0
-2.07519531E-1	-1.93853994E-5	-1.93853994E-5	-2.07519531E-1	0.00000000E+0	0.00000000E+0
-2.05078125E-1	-1.91614999E-5	-1.91614999E-5	-2.05078125E-1	0.00000000E+0	0.00000000E+0
-2.02636719E-1	-1.89363000E-5	-1.89363000E-5	-2.02636719E-1	0.00000000E+0	0.00000000E+0
-2.00195312E-1	-1.87186997E-5	-1.87186997E-5	-2.00195312E-1	0.00000000E+0	0.00000000E+0
-1.97753906E-1	-1.84896999E-5	-1.84896999E-5	-1.97753906E-1	0.00000000E+0	0.00000000E+0
-1.95312500E-1	-1.82581007E-5	-1.82581007E-5	-1.95312500E-1	0.00000000E+0	0.00000000E+0
-1.92871094E-1	-1.80316001E-5	-1.80316001E-5	-1.92871094E-1	0.00000000E+0	0.00000000E+0
-1.90429687E-1	-1.78178998E-5	-1.78178998E-5	-1.90429687E-1	0.00000000E+0	0.00000000E+0
-1.87988281E-1	-1.75939003E-5	-1.75939003E-5	-1.87988281E-1	0.00000000E+0	0.00000000E+0
-1.85546875E-1	-1.73546996E-5	-1.73546996E-5	-1.85546875E-1	0.00000000E+0	0.00000000E+0
-1.83105469E-1	-1.71480006E-5	-1.71480006E-5	-1.83105469E-1	0.00000000E+0	0.00000000E+0
-1.80664062E-1	-1.69145005E-5	-1.69145005E-5	-1.80664062E-1	0.00000000E+0	0.00000000E+0
-1.78222656E-1	-1.66880000E-5	-1.66880000E-5	-1.78222656E-1	0.00000000E+0	0.00000000E+0
-1.75781250E-1	-1.64437006E-5	-1.64437006E-5	-1.75781250E-1	0.00000000E+0	0.00000000E+0
-1.73339844E-1	-1.62300003E-5	-1.62300003E-5	-1.73339844E-1	0.00000000E+0	0.00000000E+0
-1.70898437E-1	-1.59959000E-5	-1.59959000E-5	-1.70898437E-1	0.00000000E+0	0.00000000E+0
-1.68457031E-1	-1.57720006E-5	-1.57720006E-5	-1.68457031E-1	0.00000000E+0	0.00000000E+0
-1.66015625E-1	-1.55352991E-5	-1.55352991E-5	-1.66015625E-1	0.00000000E+0	0.00000000E+0
-1.63574219E-1	-1.53189994E-5	-1.53189994E-5	-1.63574219E-1	0.00000000E+0	0.00000000E+0
-1.61132812E-1	-1.50924998E-5	-1.50924998E-5	-1.61132812E-1	0.00000000E+0	0.00000000E+0
-1.58691406E-1	-1.48710997E-5	-1.48710997E-5	-1.58691406E-1	0.00000000E+0	0.00000000E+0
-1.56250000E-1	-1.46420998E-5	-1.46420998E-5	-1.56250000E-1	0.00000000E+0	0.00000000E+0
-1.53808594E-1	-1.44168998E-5	-1.44168998E-5	-1.53808594E-1	0.00000000E+0	0.00000000E+0
-1.51367187E-1	-1.41841001E-5	-1.41841001E-5	-1.51367187E-1	0.00000000E+0	0.00000000E+0
-1.48925781E-1	-1.39702997E-5	-1.39702997E-5	-1.48925781E-1	0.00000000E+0	0.00000000E+0
-1.46484375E-1	-1.37279003E-5	-1.37279003E-5	-1.46484375E-1	0.00000000E+0	0.00000000E+0
-1.44042969E-1	-1.35046002E-5	-1.35046002E-5	-1.44042969E-1	0.00000000E+0	0.00000000E+0
-1.41601562E-1	-1.32679997E-5	-1.32679997E-5	-1.41601562E-1	0.00000000E+0	0.00000000E+0
-1.39160156E-1	-1.30480003E-5	-1.30480003E-5	-1.39160156E-1	0.00000000E+0	0.00000000E+0
-1.36718750E-1	-1.28252004E-5	-1.28252004E-5	-1.36718750E-1	0.00000000E+0	0.00000000E+0
-1.34277344E-1	-1.26028999E-5	-1.26028999E-5	-1.34277344E-1	0.00000000E+0	0.00000000E+0
-1.31835937E-1	-1.23723003E-5	-1.23723003E-5	-1.31835937E-1	0.00000000E+0	0.00000000E+0
-1.29394531E-1	-1.21514004E-5	-1.21514004E-5	-1.29394531E-1	0.00000000E+0	0.00000000E+0
-1.26953125E-1	-1.19188999E-5	-1.19188999E-5	-1.26953125E-1	0.00000000E+0	0.00000000E+0
-1.24511719E-1	-1.16990996E-5	-1.16990996E-5	-1.24511719E-1	0.00000000E+0	0.00000000E+0
-1.22070312E-1	-1.14662998E-5	-1.14662998E-5	-1.22070312E-1	0.00000000E+0	0.00000000E+0
-1.19628906E-1	-1.12490998E-5	-1.12490998E-5	-1.19628906E-1	0.00000000E+0	0.00000000E+0
-1.17187500E-1	-1.10107003E-5	-1.10107003E-5	-1.17187500E-1	0.00000000E+0	0.00000000E+0
-1.14746094E-1	-1.07954002E-5	-1.07954002E-5	-1.14746094E-1	0.00000000E+0	0.00000000E+0
-1.12304687E-1	-1.05684003E-5	-1.05684003E-5	-1.12304687E-1	0.00000000E+0	0.00000000E+0
-1.09863281E-1	-1.03451002E-5	-1.03451002E-5	-1.09863281E-1	0.00000000E+0	0.00000000E+0
-1.07421875E-1	-1.01104997E-5	-1.01104997E-5	-1.07421875E-1	0.00000000E+0	0.00000000E+0
-1.04980469E-1	-9.89061027E-6	-9.89061027E-6	-1.04980469E-1	0.00000000E+0	0.00000000E+0
-1.02539062E-1	-9.65971958E-6	-9.65971958E-6	-1.02539062E-1	0.00000000E+0	0.00000000E+0
-1.00097656E-1	-9.43722989E-6	-9.43722989E-6	-1.00097656E-1	0.00000000E+0	0.00000000E+0
-9.76562500E-2	-9.20711045E-6	-9.20711045E-6	-9.76562500E-2	0.00000000E+0	0.00000000E+0
-9.52148438E-2	-8.98652979E-6	-8.98652979E-6	-9.52148438E-2	0.00000000E+0	0.00000000E+0
-9.27734375E-2	-8.75412024E-6	-8.75412024E-6	-9.27734375E-2	0.00000000E+0	0.00000000E+0
-9.03320313E-2	-8.52706034E-6	-8.52706034E-6	-9.03320313E-2	0.00000000E+0	0.00000000E+0
-8.78906250E-2	-8.29464989E-6	-8.29464989E-6	-8.78906250E-2	0.00000000E+0	0.00000000E+0
-8.54492188E-2	-8.06680964E-6	-8.06680964E-6	-8.54492188E-2	0.00000000E+0	0.00000000E+0
-8.30078125E-2	-7.83554970E-6	-7.83554970E-6	-8.30078125E-2	0.00000000E+0	0.00000000E+0
-8.05664063E-2	-7.60847979E-6	-7.60847979E-6	-8.05664063E-2	0.00000000E+0	0.00000000E+0
-7.81250000E-2	-7.37073015E-6	-7.37073015E-6	-7.81250000E-2	0.00000000E+0	0.00000000E+0
-7.56835938E-2	-7.15205988E-6	-7.15205988E-6	-7.56835938E-2	0.00000000E+0	0.00000000E+0
-7.32421875E-2	-6.91964988E-6	-6.91964988E-6	-7.32421875E-2	0.00000000E+0	0.00000000E+0
-7.08007813E-2	-6.69067003E-6	-6.69067003E-6	-7.08007813E-2	0.00000000E+0	0.00000000E+0
-6.83593750E-2	-6.45672981E-6	-6.45672981E-6	-6.83593750E-2	0.00000000E+0	0.00000000E+0
-6.59179688E-2	-6.23119013E-6	-6.23119013E-6	-6.59179688E-2	0.00000000E+0	0.00000000E+0
-6.34765625E-2	-5.99993018E-6	-5.99993018E-6	-6.34765625E-2	0.00000000E+0	0.00000000E+0
-6.10351563E-2	-5.76865978E-6	-5.76865978E-6	-6.10351563E-2	0.00000000E+0	0.00000000E+0
-5.85937500E-2	-5.53282007E-6	-5.53282007E-6	-5.85937500E-2	0.00000000E+0	0.00000000E+0
-5.61523438E-2	-5.30612988E-6	-5.30612988E-6	-5.61523438E-2	0.00000000E+0	0.00000000E+0
-5.37109375E-2	-5.07334016E-6	-5.07334016E-6	-5.37109375E-2	0.00000000E+0	0.00000000E+0
-5.12695313E-2	-4.84664997E-6	-4.84664997E-6	-5.12695313E-2	0.00000000E+0	0.00000000E+0
-4.88281250E-2	-4.61080981E-6	-4.61080981E-6	-4.88281250E-2	0.00000000E+0	0.00000000E+0
-4.63867188E-2	-4.38487996E-6	-4.38487996E-6	-4.63867188E-2	0.00000000E+0	0.00000000E+0
-4.39453125E-2	-4.15286013E-6	-4.15286013E-6	-4.39453125E-2	0.00000000E+0	0.00000000E+0
-4.15039063E-2	-3.92311995E-6	-3.92311995E-6	-4.15039063E-2	0.00000000E+0	0.00000000E+0
-3.90625000E-2	-3.68192991E-6	-3.68192991E-6	-3.90625000E-2	0.00000000E+0	0.00000000E+0
-3.66210938E-2	-3.45906005E-6	-3.45906005E-6	-3.66210938E-2	0.00000000E+0	0.00000000E+0
-3.41796875E-2	-3.22855999E-6	-3.22855999E-6	-3.41796875E-2	0.00000000E+0	0.00000000E+0
-3.17382813E-2	-3.00187003E-6	-3.00187003E-6	-3.17382813E-2	0.00000000E+0	0.00000000E+0
-2.92968750E-2	-2.76908008E-6	-2.76908008E-6	-2.92968750E-2	0.00000000E+0	0.00000000E+0
-2.68554688E-2	-2.54353995E-6	-2.54353995E-6	-2.68554688E-2	0.00000000E+0	0.00000000E+0
-2.44140625E-2	-2.31227000E-6	-2.31227000E-6	-2.44140625E-2	0.00000000E+0	0.00000000E+0
-2.19726563E-2	-2.08392999E-6	-2.08392999E-6	-2.19726563E-2	0.00000000E+0	0.00000000E+0
-1.95312500E-2	-1.85063004E-6	-1.85063004E-6	-1.95312500E-2	0.00000000E+0	0.00000000E+0
-1.70898438E-2	-1.62840001E-6	-1.62840001E-6	-1.70898438E-2	0.00000000E+0	0.00000000E+0
-1.46484375E-2	-1.39846998E-6	-1.39846998E-6	-1.46484375E-2	0.00000000E+0	0.00000000E+0
-1.22070313E-2	-1.17508000E-6	-1.17508000E-6	-1.22070313E-2	0.00000000E+0	0.00000000E+0
-9.76562500E-3	-9.41207986E-7	-9.41207986E-7	-9.76562500E-3	0.00000000E+0	0.00000000E+0
-7.32421875E-3	-7.18983983E-7	-7.18983983E-7	-7.32421875E-3	0.00000000E+0	0.00000000E+0
-4.88281250E-3	-4.88358978E-7	-4.88358978E-7	-4.88281250E-3	0.00000000E+0	0.00000000E+0
-2.44140625E-3	-2.66287998E-7	-2.66287998E-7	-2.44140625E-3	0.00000000E+0	0.00000000E+0
0.00000000E+0	-3.67218007E-8	-3.67218007E-8	0.00000000E+0	0.00000000E+0	0.00000000E+0
