Date: do 28 mrt 2013, Material: Au, Temp: 4.2 K
AO1 - module gain: 1.0E+0, R_out: 0.0
AO2 - module gain: 1.0E+2
MUX1 - ADC gain: 4, logarithmic amplifier: D:\LabVIEW Data\Lithographic MCBJ\MED24_070412.TXT, R_in: 0.000
MUX2 - ADC gain: 4, linear amplifier: 1.000000 x 1e10 V/A, R_in: 1.000
Breaking trace: 15 0
Axis position: -880.102304
Vbias (V)	<I> and Ii MUX1 (A)	Vbias (V)	<I> and Ii MUX2 (A)
@
0.00000000E+0	-2.88327007E-9	-2.88327007E-9	0.00000000E+0	0.00000000E+0	0.00000000E+0
2.44140625E-3	1.13020000E-7	1.13020000E-7	2.44140625E-3	0.00000000E+0	0.00000000E+0
4.88281250E-3	3.30053012E-7	3.30053012E-7	4.88281250E-3	0.00000000E+0	0.00000000E+0
7.32421875E-3	5.39600990E-7	5.39600990E-7	7.32421875E-3	0.00000000E+0	0.00000000E+0
9.76562500E-3	7.57891996E-7	7.57891996E-7	9.76562500E-3	0.00000000E+0	0.00000000E+0
1.22070313E-2	9.66982043E-7	9.66982043E-7	1.22070313E-2	0.00000000E+0	0.00000000E+0
1.46484375E-2	1.18621995E-6	1.18621995E-6	1.46484375E-2	0.00000000E+0	0.00000000E+0
1.70898438E-2	1.39650001E-6	1.39650001E-6	1.70898438E-2	0.00000000E+0	0.00000000E+0
1.95312500E-2	1.61630999E-6	1.61630999E-6	1.95312500E-2	0.00000000E+0	0.00000000E+0
2.19726563E-2	1.82608005E-6	1.82608005E-6	2.19726563E-2	0.00000000E+0	0.00000000E+0
2.44140625E-2	2.04284993E-6	2.04284993E-6	2.44140625E-2	0.00000000E+0	0.00000000E+0
2.68554688E-2	2.25540998E-6	2.25540998E-6	2.68554688E-2	0.00000000E+0	0.00000000E+0
2.92968750E-2	2.47598996E-6	2.47598996E-6	2.92968750E-2	0.00000000E+0	0.00000000E+0
3.17382813E-2	2.68893996E-6	2.68893996E-6	3.17382813E-2	0.00000000E+0	0.00000000E+0
3.41796875E-2	2.90951994E-6	2.90951994E-6	3.41796875E-2	0.00000000E+0	0.00000000E+0
3.66210938E-2	3.12398993E-6	3.12398993E-6	3.66210938E-2	0.00000000E+0	0.00000000E+0
3.90625000E-2	3.34991000E-6	3.34991000E-6	3.90625000E-2	0.00000000E+0	0.00000000E+0
4.15039063E-2	3.55981001E-6	3.55981001E-6	4.15039063E-2	0.00000000E+0	0.00000000E+0
4.39453125E-2	3.77734000E-6	3.77734000E-6	4.39453125E-2	0.00000000E+0	0.00000000E+0
4.63867188E-2	3.99180999E-6	3.99180999E-6	4.63867188E-2	0.00000000E+0	0.00000000E+0
4.88281250E-2	4.21391996E-6	4.21391996E-6	4.88281250E-2	0.00000000E+0	0.00000000E+0
5.12695313E-2	4.42839018E-6	4.42839018E-6	5.12695313E-2	0.00000000E+0	0.00000000E+0
5.37109375E-2	4.64896993E-6	4.64896993E-6	5.37109375E-2	0.00000000E+0	0.00000000E+0
5.61523438E-2	4.86230010E-6	4.86230010E-6	5.61523438E-2	0.00000000E+0	0.00000000E+0
5.85937500E-2	5.08707990E-6	5.08707990E-6	5.85937500E-2	0.00000000E+0	0.00000000E+0
6.10351563E-2	5.30078978E-6	5.30078978E-6	6.10351563E-2	0.00000000E+0	0.00000000E+0
6.34765625E-2	5.51965013E-6	5.51965013E-6	6.34765625E-2	0.00000000E+0	0.00000000E+0
6.59179688E-2	5.73507987E-6	5.73507987E-6	6.59179688E-2	0.00000000E+0	0.00000000E+0
6.83593750E-2	5.95566007E-6	5.95566007E-6	6.83593750E-2	0.00000000E+0	0.00000000E+0
7.08007813E-2	6.17318983E-6	6.17318983E-6	7.08007813E-2	0.00000000E+0	0.00000000E+0
7.32421875E-2	6.39261998E-6	6.39261998E-6	7.32421875E-2	0.00000000E+0	0.00000000E+0
7.56835938E-2	6.61206013E-6	6.61206013E-6	7.56835938E-2	0.00000000E+0	0.00000000E+0
7.81250000E-2	6.83377993E-6	6.83377993E-6	7.81250000E-2	0.00000000E+0	0.00000000E+0
8.05664063E-2	7.04940021E-6	7.04940021E-6	8.05664063E-2	0.00000000E+0	0.00000000E+0
8.30078125E-2	7.27418001E-6	7.27418001E-6	8.30078125E-2	0.00000000E+0	0.00000000E+0
8.54492188E-2	7.48979983E-6	7.48979983E-6	8.54492188E-2	0.00000000E+0	0.00000000E+0
8.78906250E-2	7.71037958E-6	7.71037958E-6	8.78906250E-2	0.00000000E+0	0.00000000E+0
9.03320313E-2	7.92638002E-6	7.92638002E-6	9.03320313E-2	0.00000000E+0	0.00000000E+0
9.27734375E-2	8.14352006E-6	8.14352006E-6	9.27734375E-2	0.00000000E+0	0.00000000E+0
9.52148438E-2	8.36105028E-6	8.36105028E-6	9.52148438E-2	0.00000000E+0	0.00000000E+0
9.76562500E-2	8.57895975E-6	8.57895975E-6	9.76562500E-2	0.00000000E+0	0.00000000E+0
1.00097656E-1	8.79267009E-6	8.79267009E-6	1.00097656E-1	0.00000000E+0	0.00000000E+0
1.02539062E-1	9.01859039E-6	9.01859039E-6	1.02539062E-1	0.00000000E+0	0.00000000E+0
1.04980469E-1	9.22847994E-6	9.22847994E-6	1.04980469E-1	0.00000000E+0	0.00000000E+0
1.07421875E-1	9.45632019E-6	9.45632019E-6	1.07421875E-1	0.00000000E+0	0.00000000E+0
1.09863281E-1	9.66391963E-6	9.66391963E-6	1.09863281E-1	0.00000000E+0	0.00000000E+0
1.12304687E-1	9.89022010E-6	9.89022010E-6	1.12304687E-1	0.00000000E+0	0.00000000E+0
1.14746094E-1	1.01080996E-5	1.01080996E-5	1.14746094E-1	0.00000000E+0	0.00000000E+0
1.17187500E-1	1.03355997E-5	1.03355997E-5	1.17187500E-1	0.00000000E+0	0.00000000E+0
1.19628906E-1	1.05478002E-5	1.05478002E-5	1.19628906E-1	0.00000000E+0	0.00000000E+0
1.22070312E-1	1.07675996E-5	1.07675996E-5	1.22070312E-1	0.00000000E+0	0.00000000E+0
1.24511719E-1	1.09824005E-5	1.09824005E-5	1.24511719E-1	0.00000000E+0	0.00000000E+0
1.26953125E-1	1.12026000E-5	1.12026000E-5	1.26953125E-1	0.00000000E+0	0.00000000E+0
1.29394531E-1	1.14160002E-5	1.14160002E-5	1.29394531E-1	0.00000000E+0	0.00000000E+0
1.31835937E-1	1.16373003E-5	1.16373003E-5	1.31835937E-1	0.00000000E+0	0.00000000E+0
1.34277344E-1	1.18525004E-5	1.18525004E-5	1.34277344E-1	0.00000000E+0	0.00000000E+0
1.36718750E-1	1.20759996E-5	1.20759996E-5	1.36718750E-1	0.00000000E+0	0.00000000E+0
1.39160156E-1	1.22870997E-5	1.22870997E-5	1.39160156E-1	0.00000000E+0	0.00000000E+0
1.41601562E-1	1.25122997E-5	1.25122997E-5	1.41601562E-1	0.00000000E+0	0.00000000E+0
1.44042969E-1	1.27158000E-5	1.27158000E-5	1.44042969E-1	0.00000000E+0	0.00000000E+0
1.46484375E-1	1.29455002E-5	1.29455002E-5	1.46484375E-1	0.00000000E+0	0.00000000E+0
1.48925781E-1	1.31610996E-5	1.31610996E-5	1.48925781E-1	0.00000000E+0	0.00000000E+0
1.51367187E-1	1.33748999E-5	1.33748999E-5	1.51367187E-1	0.00000000E+0	0.00000000E+0
1.53808594E-1	1.35936998E-5	1.35936998E-5	1.53808594E-1	0.00000000E+0	0.00000000E+0
1.56250000E-1	1.38252999E-5	1.38252999E-5	1.56250000E-1	0.00000000E+0	0.00000000E+0
1.58691406E-1	1.40237998E-5	1.40237998E-5	1.58691406E-1	0.00000000E+0	0.00000000E+0
1.61132812E-1	1.42450999E-5	1.42450999E-5	1.61132812E-1	0.00000000E+0	0.00000000E+0
1.63574219E-1	1.44589003E-5	1.44589003E-5	1.63574219E-1	0.00000000E+0	0.00000000E+0
1.66015625E-1	1.46827997E-5	1.46827997E-5	1.66015625E-1	0.00000000E+0	0.00000000E+0
1.68457031E-1	1.48978997E-5	1.48978997E-5	1.68457031E-1	0.00000000E+0	0.00000000E+0
1.70898437E-1	1.51116001E-5	1.51116001E-5	1.70898437E-1	0.00000000E+0	0.00000000E+0
1.73339844E-1	1.53265992E-5	1.53265992E-5	1.73339844E-1	0.00000000E+0	0.00000000E+0
1.75781250E-1	1.55506004E-5	1.55506004E-5	1.75781250E-1	0.00000000E+0	0.00000000E+0
1.78222656E-1	1.57617997E-5	1.57617997E-5	1.78222656E-1	0.00000000E+0	0.00000000E+0
1.80664062E-1	1.59742995E-5	1.59742995E-5	1.80664062E-1	0.00000000E+0	0.00000000E+0
1.83105469E-1	1.61994994E-5	1.61994994E-5	1.83105469E-1	0.00000000E+0	0.00000000E+0
1.85546875E-1	1.64131998E-5	1.64131998E-5	1.85546875E-1	0.00000000E+0	0.00000000E+0
1.87988281E-1	1.66370992E-5	1.66370992E-5	1.87988281E-1	0.00000000E+0	0.00000000E+0
1.90429687E-1	1.68457991E-5	1.68457991E-5	1.90429687E-1	0.00000000E+0	0.00000000E+0
1.92871094E-1	1.70545009E-5	1.70545009E-5	1.92871094E-1	0.00000000E+0	0.00000000E+0
1.95312500E-1	1.72988002E-5	1.72988002E-5	1.95312500E-1	0.00000000E+0	0.00000000E+0
1.97753906E-1	1.75049008E-5	1.75049008E-5	1.97753906E-1	0.00000000E+0	0.00000000E+0
2.00195312E-1	1.77185993E-5	1.77185993E-5	2.00195312E-1	0.00000000E+0	0.00000000E+0
2.02636719E-1	1.79323997E-5	1.79323997E-5	2.02636719E-1	0.00000000E+0	0.00000000E+0
2.05078125E-1	1.81651994E-5	1.81651994E-5	2.05078125E-1	0.00000000E+0	0.00000000E+0
2.07519531E-1	1.83599004E-5	1.83599004E-5	2.07519531E-1	0.00000000E+0	0.00000000E+0
2.09960937E-1	1.85889003E-5	1.85889003E-5	2.09960937E-1	0.00000000E+0	0.00000000E+0
2.12402344E-1	1.88027007E-5	1.88027007E-5	2.12402344E-1	0.00000000E+0	0.00000000E+0
2.14843750E-1	1.90163992E-5	1.90163992E-5	2.14843750E-1	0.00000000E+0	0.00000000E+0
2.17285156E-1	1.92404004E-5	1.92404004E-5	2.17285156E-1	0.00000000E+0	0.00000000E+0
2.19726562E-1	1.94476997E-5	1.94476997E-5	2.19726562E-1	0.00000000E+0	0.00000000E+0
2.22167969E-1	1.96678993E-5	1.96678993E-5	2.22167969E-1	0.00000000E+0	0.00000000E+0
2.24609375E-1	1.98942998E-5	1.98942998E-5	2.24609375E-1	0.00000000E+0	0.00000000E+0
2.27050781E-1	2.00954000E-5	2.00954000E-5	2.27050781E-1	0.00000000E+0	0.00000000E+0
2.29492187E-1	2.03346008E-5	2.03346008E-5	2.29492187E-1	0.00000000E+0	0.00000000E+0
2.31933594E-1	2.05470005E-5	2.05470005E-5	2.31933594E-1	0.00000000E+0	0.00000000E+0
2.34375000E-1	2.07620997E-5	2.07620997E-5	2.34375000E-1	0.00000000E+0	0.00000000E+0
2.36816406E-1	2.09860009E-5	2.09860009E-5	2.36816406E-1	0.00000000E+0	0.00000000E+0
2.39257812E-1	2.11947008E-5	2.11947008E-5	2.39257812E-1	0.00000000E+0	0.00000000E+0
2.41699219E-1	2.14021002E-5	2.14021002E-5	2.41699219E-1	0.00000000E+0	0.00000000E+0
2.44140625E-1	2.16273002E-5	2.16273002E-5	2.44140625E-1	0.00000000E+0	0.00000000E+0
2.46582031E-1	2.18410005E-5	2.18410005E-5	2.46582031E-1	0.00000000E+0	0.00000000E+0
2.49023437E-1	2.20497004E-5	2.20497004E-5	2.49023437E-1	0.00000000E+0	0.00000000E+0
2.51464844E-1	2.22761992E-5	2.22761992E-5	2.51464844E-1	0.00000000E+0	0.00000000E+0
2.53906250E-1	2.24822998E-5	2.24822998E-5	2.53906250E-1	0.00000000E+0	0.00000000E+0
2.56347656E-1	2.26960001E-5	2.26960001E-5	2.56347656E-1	0.00000000E+0	0.00000000E+0
2.58789062E-1	2.29174002E-5	2.29174002E-5	2.58789062E-1	0.00000000E+0	0.00000000E+0
2.61230469E-1	2.31235008E-5	2.31235008E-5	2.61230469E-1	0.00000000E+0	0.00000000E+0
2.63671875E-1	2.33564006E-5	2.33564006E-5	2.63671875E-1	0.00000000E+0	0.00000000E+0
2.66113281E-1	2.35740008E-5	2.35740008E-5	2.66113281E-1	0.00000000E+0	0.00000000E+0
2.68554687E-1	2.37914992E-5	2.37914992E-5	2.68554687E-1	0.00000000E+0	0.00000000E+0
2.70996094E-1	2.39975998E-5	2.39975998E-5	2.70996094E-1	0.00000000E+0	0.00000000E+0
2.73437500E-1	2.42304995E-5	2.42304995E-5	2.73437500E-1	0.00000000E+0	0.00000000E+0
2.75878906E-1	2.44213006E-5	2.44213006E-5	2.75878906E-1	0.00000000E+0	0.00000000E+0
2.78320312E-1	2.46504005E-5	2.46504005E-5	2.78320312E-1	0.00000000E+0	0.00000000E+0
2.80761719E-1	2.48717006E-5	2.48717006E-5	2.80761719E-1	0.00000000E+0	0.00000000E+0
2.83203125E-1	2.50778994E-5	2.50778994E-5	2.83203125E-1	0.00000000E+0	0.00000000E+0
2.85644531E-1	2.52991995E-5	2.52991995E-5	2.85644531E-1	0.00000000E+0	0.00000000E+0
2.88085937E-1	2.55205996E-5	2.55205996E-5	2.88085937E-1	0.00000000E+0	0.00000000E+0
2.90527344E-1	2.57268002E-5	2.57268002E-5	2.90527344E-1	0.00000000E+0	0.00000000E+0
2.92968750E-1	2.59455992E-5	2.59455992E-5	2.92968750E-1	0.00000000E+0	0.00000000E+0
2.95410156E-1	2.61542991E-5	2.61542991E-5	2.95410156E-1	0.00000000E+0	0.00000000E+0
2.97851562E-1	2.63603997E-5	2.63603997E-5	2.97851562E-1	0.00000000E+0	0.00000000E+0
3.00292969E-1	2.65817998E-5	2.65817998E-5	3.00292969E-1	0.00000000E+0	0.00000000E+0
3.02734375E-1	2.68069998E-5	2.68069998E-5	3.02734375E-1	0.00000000E+0	0.00000000E+0
3.05175781E-1	2.70093005E-5	2.70093005E-5	3.05175781E-1	0.00000000E+0	0.00000000E+0
3.07617187E-1	2.72230009E-5	2.72230009E-5	3.07617187E-1	0.00000000E+0	0.00000000E+0
3.10058594E-1	2.74559006E-5	2.74559006E-5	3.10058594E-1	0.00000000E+0	0.00000000E+0
3.12500000E-1	2.76887004E-5	2.76887004E-5	3.12500000E-1	0.00000000E+0	0.00000000E+0
3.14941406E-1	2.78947991E-5	2.78947991E-5	3.14941406E-1	0.00000000E+0	0.00000000E+0
3.17382812E-1	2.80933000E-5	2.80933000E-5	3.17382812E-1	0.00000000E+0	0.00000000E+0
3.19824219E-1	2.83032005E-5	2.83032005E-5	3.19824219E-1	0.00000000E+0	0.00000000E+0
3.22265625E-1	2.85361002E-5	2.85361002E-5	3.22265625E-1	0.00000000E+0	0.00000000E+0
3.24707031E-1	2.87498005E-5	2.87498005E-5	3.24707031E-1	0.00000000E+0	0.00000000E+0
3.27148437E-1	2.89635991E-5	2.89635991E-5	3.27148437E-1	0.00000000E+0	0.00000000E+0
3.29589844E-1	2.91772994E-5	2.91772994E-5	3.29589844E-1	0.00000000E+0	0.00000000E+0
3.32031250E-1	2.93986996E-5	2.93986996E-5	3.32031250E-1	0.00000000E+0	0.00000000E+0
3.34472656E-1	2.96049002E-5	2.96049002E-5	3.34472656E-1	0.00000000E+0	0.00000000E+0
3.36914062E-1	2.98339000E-5	2.98339000E-5	3.36914062E-1	0.00000000E+0	0.00000000E+0
3.39355469E-1	3.00324009E-5	3.00324009E-5	3.39355469E-1	0.00000000E+0	0.00000000E+0
3.41796875E-1	3.02536992E-5	3.02536992E-5	3.41796875E-1	0.00000000E+0	0.00000000E+0
3.44238281E-1	3.04598998E-5	3.04598998E-5	3.44238281E-1	0.00000000E+0	0.00000000E+0
3.46679687E-1	3.06813017E-5	3.06813017E-5	3.46679687E-1	0.00000000E+0	0.00000000E+0
3.49121094E-1	3.08950002E-5	3.08950002E-5	3.49121094E-1	0.00000000E+0	0.00000000E+0
3.51562500E-1	3.11240001E-5	3.11240001E-5	3.51562500E-1	0.00000000E+0	0.00000000E+0
3.54003906E-1	3.13607015E-5	3.13607015E-5	3.54003906E-1	0.00000000E+0	0.00000000E+0
3.56445312E-1	3.15744001E-5	3.15744001E-5	3.56445312E-1	0.00000000E+0	0.00000000E+0
3.58886719E-1	3.17882004E-5	3.17882004E-5	3.58886719E-1	0.00000000E+0	0.00000000E+0
3.61328125E-1	3.19942992E-5	3.19942992E-5	3.61328125E-1	0.00000000E+0	0.00000000E+0
3.63769531E-1	3.22080996E-5	3.22080996E-5	3.63769531E-1	0.00000000E+0	0.00000000E+0
3.66210937E-1	3.24218017E-5	3.24218017E-5	3.66210937E-1	0.00000000E+0	0.00000000E+0
3.68652344E-1	3.26355985E-5	3.26355985E-5	3.68652344E-1	0.00000000E+0	0.00000000E+0
3.71093750E-1	3.28645983E-5	3.28645983E-5	3.71093750E-1	0.00000000E+0	0.00000000E+0
3.73535156E-1	3.30707007E-5	3.30707007E-5	3.73535156E-1	0.00000000E+0	0.00000000E+0
3.75976562E-1	3.32921009E-5	3.32921009E-5	3.75976562E-1	0.00000000E+0	0.00000000E+0
3.78417969E-1	3.35211007E-5	3.35211007E-5	3.78417969E-1	0.00000000E+0	0.00000000E+0
3.80859375E-1	3.37349011E-5	3.37349011E-5	3.80859375E-1	0.00000000E+0	0.00000000E+0
3.83300781E-1	3.39409999E-5	3.39409999E-5	3.83300781E-1	0.00000000E+0	0.00000000E+0
3.85742187E-1	3.41624000E-5	3.41624000E-5	3.85742187E-1	0.00000000E+0	0.00000000E+0
3.88183594E-1	3.43876018E-5	3.43876018E-5	3.88183594E-1	0.00000000E+0	0.00000000E+0
3.90625000E-1	3.46127999E-5	3.46127999E-5	3.90625000E-1	0.00000000E+0	0.00000000E+0
3.93066406E-1	3.48188987E-5	3.48188987E-5	3.93066406E-1	0.00000000E+0	0.00000000E+0
3.95507812E-1	3.50326991E-5	3.50326991E-5	3.95507812E-1	0.00000000E+0	0.00000000E+0
3.97949219E-1	3.52310999E-5	3.52310999E-5	3.97949219E-1	0.00000000E+0	0.00000000E+0
4.00390625E-1	3.54830991E-5	3.54830991E-5	4.00390625E-1	0.00000000E+0	0.00000000E+0
4.02832031E-1	3.56892015E-5	3.56892015E-5	4.02832031E-1	0.00000000E+0	0.00000000E+0
4.05273437E-1	3.59029000E-5	3.59029000E-5	4.05273437E-1	0.00000000E+0	0.00000000E+0
4.07714844E-1	3.61167004E-5	3.61167004E-5	4.07714844E-1	0.00000000E+0	0.00000000E+0
4.10156250E-1	3.63305007E-5	3.63305007E-5	4.10156250E-1	0.00000000E+0	0.00000000E+0
4.12597656E-1	3.65441992E-5	3.65441992E-5	4.12597656E-1	0.00000000E+0	0.00000000E+0
4.15039062E-1	3.67579996E-5	3.67579996E-5	4.15039062E-1	0.00000000E+0	0.00000000E+0
4.17480469E-1	3.69793015E-5	3.69793015E-5	4.17480469E-1	0.00000000E+0	0.00000000E+0
4.19921875E-1	3.72044997E-5	3.72044997E-5	4.19921875E-1	0.00000000E+0	0.00000000E+0
4.22363281E-1	3.73992007E-5	3.73992007E-5	4.22363281E-1	0.00000000E+0	0.00000000E+0
4.24804687E-1	3.76282005E-5	3.76282005E-5	4.24804687E-1	0.00000000E+0	0.00000000E+0
4.27246094E-1	3.78572986E-5	3.78572986E-5	4.27246094E-1	0.00000000E+0	0.00000000E+0
4.29687500E-1	3.80786005E-5	3.80786005E-5	4.29687500E-1	0.00000000E+0	0.00000000E+0
4.32128906E-1	3.82848011E-5	3.82848011E-5	4.32128906E-1	0.00000000E+0	0.00000000E+0
4.34570312E-1	3.84812993E-5	3.84812993E-5	4.34570312E-1	0.00000000E+0	0.00000000E+0
4.37011719E-1	3.86893989E-5	3.86893989E-5	4.37011719E-1	0.00000000E+0	0.00000000E+0
4.39453125E-1	3.89222005E-5	3.89222005E-5	4.39453125E-1	0.00000000E+0	0.00000000E+0
4.41894531E-1	3.91473986E-5	3.91473986E-5	4.41894531E-1	0.00000000E+0	0.00000000E+0
4.44335937E-1	3.93611990E-5	3.93611990E-5	4.44335937E-1	0.00000000E+0	0.00000000E+0
4.46777344E-1	3.95444004E-5	3.95444004E-5	4.46777344E-1	0.00000000E+0	0.00000000E+0
4.49218750E-1	3.97504991E-5	3.97504991E-5	4.49218750E-1	0.00000000E+0	0.00000000E+0
4.51660156E-1	3.99718992E-5	3.99718992E-5	4.51660156E-1	0.00000000E+0	0.00000000E+0
4.54101562E-1	4.01780017E-5	4.01780017E-5	4.54101562E-1	0.00000000E+0	0.00000000E+0
4.56542969E-1	4.04298989E-5	4.04298989E-5	4.56542969E-1	0.00000000E+0	0.00000000E+0
4.58984375E-1	4.06436993E-5	4.06436993E-5	4.58984375E-1	0.00000000E+0	0.00000000E+0
4.61425781E-1	4.08574015E-5	4.08574015E-5	4.61425781E-1	0.00000000E+0	0.00000000E+0
4.63867187E-1	4.10711982E-5	4.10711982E-5	4.63867187E-1	0.00000000E+0	0.00000000E+0
4.66308594E-1	4.13002017E-5	4.13002017E-5	4.66308594E-1	0.00000000E+0	0.00000000E+0
4.68750000E-1	4.15216018E-5	4.15216018E-5	4.68750000E-1	0.00000000E+0	0.00000000E+0
4.71191406E-1	4.17429983E-5	4.17429983E-5	4.71191406E-1	0.00000000E+0	0.00000000E+0
4.73632812E-1	4.19376993E-5	4.19376993E-5	4.73632812E-1	0.00000000E+0	0.00000000E+0
4.76074219E-1	4.21705008E-5	4.21705008E-5	4.76074219E-1	0.00000000E+0	0.00000000E+0
4.78515625E-1	4.23843012E-5	4.23843012E-5	4.78515625E-1	0.00000000E+0	0.00000000E+0
4.80957031E-1	4.25922990E-5	4.25922990E-5	4.80957031E-1	0.00000000E+0	0.00000000E+0
4.83398437E-1	4.28193998E-5	4.28193998E-5	4.83398437E-1	0.00000000E+0	0.00000000E+0
4.85839844E-1	4.30483997E-5	4.30483997E-5	4.85839844E-1	0.00000000E+0	0.00000000E+0
4.88281250E-1	4.32392990E-5	4.32392990E-5	4.88281250E-1	0.00000000E+0	0.00000000E+0
4.90722656E-1	4.34836002E-5	4.34836002E-5	4.90722656E-1	0.00000000E+0	0.00000000E+0
4.93164062E-1	4.36668015E-5	4.36668015E-5	4.93164062E-1	0.00000000E+0	0.00000000E+0
4.90722656E-1	4.34836002E-5	4.34836002E-5	4.90722656E-1	0.00000000E+0	0.00000000E+0
4.88281250E-1	4.32773995E-5	4.32773995E-5	4.88281250E-1	0.00000000E+0	0.00000000E+0
4.85839844E-1	4.30483997E-5	4.30483997E-5	4.85839844E-1	0.00000000E+0	0.00000000E+0
4.83398437E-1	4.28193998E-5	4.28193998E-5	4.83398437E-1	0.00000000E+0	0.00000000E+0
4.80957031E-1	4.25922990E-5	4.25922990E-5	4.80957031E-1	0.00000000E+0	0.00000000E+0
4.78515625E-1	4.23843012E-5	4.23843012E-5	4.78515625E-1	0.00000000E+0	0.00000000E+0
4.76074219E-1	4.21705008E-5	4.21705008E-5	4.76074219E-1	0.00000000E+0	0.00000000E+0
4.73632812E-1	4.19376993E-5	4.19376993E-5	4.73632812E-1	0.00000000E+0	0.00000000E+0
4.71191406E-1	4.17429983E-5	4.17429983E-5	4.71191406E-1	0.00000000E+0	0.00000000E+0
4.68750000E-1	4.15216018E-5	4.15216018E-5	4.68750000E-1	0.00000000E+0	0.00000000E+0
4.66308594E-1	4.13002017E-5	4.13002017E-5	4.66308594E-1	0.00000000E+0	0.00000000E+0
4.63867187E-1	4.10711982E-5	4.10711982E-5	4.63867187E-1	0.00000000E+0	0.00000000E+0
4.61425781E-1	4.08574015E-5	4.08574015E-5	4.61425781E-1	0.00000000E+0	0.00000000E+0
4.58984375E-1	4.06436993E-5	4.06436993E-5	4.58984375E-1	0.00000000E+0	0.00000000E+0
4.56542969E-1	4.04298989E-5	4.04298989E-5	4.56542969E-1	0.00000000E+0	0.00000000E+0
4.54101562E-1	4.01780017E-5	4.01780017E-5	4.54101562E-1	0.00000000E+0	0.00000000E+0
4.51660156E-1	3.99718992E-5	3.99718992E-5	4.51660156E-1	0.00000000E+0	0.00000000E+0
4.49218750E-1	3.97887015E-5	3.97887015E-5	4.49218750E-1	0.00000000E+0	0.00000000E+0
4.46777344E-1	3.95444004E-5	3.95444004E-5	4.46777344E-1	0.00000000E+0	0.00000000E+0
4.44335937E-1	3.93611990E-5	3.93611990E-5	4.44335937E-1	0.00000000E+0	0.00000000E+0
4.41894531E-1	3.91473986E-5	3.91473986E-5	4.41894531E-1	0.00000000E+0	0.00000000E+0
4.39453125E-1	3.89222005E-5	3.89222005E-5	4.39453125E-1	0.00000000E+0	0.00000000E+0
4.37011719E-1	3.86893989E-5	3.86893989E-5	4.37011719E-1	0.00000000E+0	0.00000000E+0
4.34570312E-1	3.84812993E-5	3.84812993E-5	4.34570312E-1	0.00000000E+0	0.00000000E+0
4.32128906E-1	3.82848011E-5	3.82848011E-5	4.32128906E-1	0.00000000E+0	0.00000000E+0
4.29687500E-1	3.80404999E-5	3.80404999E-5	4.29687500E-1	0.00000000E+0	0.00000000E+0
4.27246094E-1	3.78344012E-5	3.78344012E-5	4.27246094E-1	0.00000000E+0	0.00000000E+0
4.24804687E-1	3.76282005E-5	3.76282005E-5	4.24804687E-1	0.00000000E+0	0.00000000E+0
4.22363281E-1	3.73992007E-5	3.73992007E-5	4.22363281E-1	0.00000000E+0	0.00000000E+0
4.19921875E-1	3.72044997E-5	3.72044997E-5	4.19921875E-1	0.00000000E+0	0.00000000E+0
4.17480469E-1	3.69793015E-5	3.69793015E-5	4.17480469E-1	0.00000000E+0	0.00000000E+0
4.15039062E-1	3.67579996E-5	3.67579996E-5	4.15039062E-1	0.00000000E+0	0.00000000E+0
4.12597656E-1	3.65441992E-5	3.65441992E-5	4.12597656E-1	0.00000000E+0	0.00000000E+0
4.10156250E-1	3.63305007E-5	3.63305007E-5	4.10156250E-1	0.00000000E+0	0.00000000E+0
4.07714844E-1	3.61013990E-5	3.61013990E-5	4.07714844E-1	0.00000000E+0	0.00000000E+0
4.05273437E-1	3.59029000E-5	3.59029000E-5	4.05273437E-1	0.00000000E+0	0.00000000E+0
4.02832031E-1	3.56892015E-5	3.56892015E-5	4.02832031E-1	0.00000000E+0	0.00000000E+0
4.00390625E-1	3.54830991E-5	3.54830991E-5	4.00390625E-1	0.00000000E+0	0.00000000E+0
3.97949219E-1	3.52310999E-5	3.52310999E-5	3.97949219E-1	0.00000000E+0	0.00000000E+0
3.95507812E-1	3.50326991E-5	3.50326991E-5	3.95507812E-1	0.00000000E+0	0.00000000E+0
3.93066406E-1	3.48188987E-5	3.48188987E-5	3.93066406E-1	0.00000000E+0	0.00000000E+0
3.90625000E-1	3.46127999E-5	3.46127999E-5	3.90625000E-1	0.00000000E+0	0.00000000E+0
3.88183594E-1	3.43876018E-5	3.43876018E-5	3.88183594E-1	0.00000000E+0	0.00000000E+0
3.85742187E-1	3.41624000E-5	3.41624000E-5	3.85742187E-1	0.00000000E+0	0.00000000E+0
3.83300781E-1	3.39409999E-5	3.39409999E-5	3.83300781E-1	0.00000000E+0	0.00000000E+0
3.80859375E-1	3.37349011E-5	3.37349011E-5	3.80859375E-1	0.00000000E+0	0.00000000E+0
3.78417969E-1	3.35211007E-5	3.35211007E-5	3.78417969E-1	0.00000000E+0	0.00000000E+0
3.75976562E-1	3.33073986E-5	3.33073986E-5	3.75976562E-1	0.00000000E+0	0.00000000E+0
3.73535156E-1	3.30707007E-5	3.30707007E-5	3.73535156E-1	0.00000000E+0	0.00000000E+0
3.71093750E-1	3.28645983E-5	3.28645983E-5	3.71093750E-1	0.00000000E+0	0.00000000E+0
3.68652344E-1	3.26355985E-5	3.26355985E-5	3.68652344E-1	0.00000000E+0	0.00000000E+0
3.66210937E-1	3.24218017E-5	3.24218017E-5	3.66210937E-1	0.00000000E+0	0.00000000E+0
3.63769531E-1	3.22080996E-5	3.22080996E-5	3.63769531E-1	0.00000000E+0	0.00000000E+0
3.61328125E-1	3.19942992E-5	3.19942992E-5	3.61328125E-1	0.00000000E+0	0.00000000E+0
3.58886719E-1	3.17882004E-5	3.17882004E-5	3.58886719E-1	0.00000000E+0	0.00000000E+0
3.56445312E-1	3.15744001E-5	3.15744001E-5	3.56445312E-1	0.00000000E+0	0.00000000E+0
3.54003906E-1	3.13607015E-5	3.13607015E-5	3.54003906E-1	0.00000000E+0	0.00000000E+0
3.51562500E-1	3.11469012E-5	3.11469012E-5	3.51562500E-1	0.00000000E+0	0.00000000E+0
3.49121094E-1	3.09255011E-5	3.09255011E-5	3.49121094E-1	0.00000000E+0	0.00000000E+0
3.46679687E-1	3.07041992E-5	3.07041992E-5	3.46679687E-1	0.00000000E+0	0.00000000E+0
3.44238281E-1	3.04788991E-5	3.04788991E-5	3.44238281E-1	0.00000000E+0	0.00000000E+0
3.41796875E-1	3.02536992E-5	3.02536992E-5	3.41796875E-1	0.00000000E+0	0.00000000E+0
3.39355469E-1	3.00514002E-5	3.00514002E-5	3.39355469E-1	0.00000000E+0	0.00000000E+0
3.36914062E-1	2.98339000E-5	2.98339000E-5	3.36914062E-1	0.00000000E+0	0.00000000E+0
3.34472656E-1	2.96049002E-5	2.96049002E-5	3.34472656E-1	0.00000000E+0	0.00000000E+0
3.32031250E-1	2.93986996E-5	2.93986996E-5	3.32031250E-1	0.00000000E+0	0.00000000E+0
3.29589844E-1	2.91772994E-5	2.91772994E-5	3.29589844E-1	0.00000000E+0	0.00000000E+0
3.27148437E-1	2.89635991E-5	2.89635991E-5	3.27148437E-1	0.00000000E+0	0.00000000E+0
3.24707031E-1	2.87498005E-5	2.87498005E-5	3.24707031E-1	0.00000000E+0	0.00000000E+0
3.22265625E-1	2.85361002E-5	2.85361002E-5	3.22265625E-1	0.00000000E+0	0.00000000E+0
3.19824219E-1	2.83147001E-5	2.83147001E-5	3.19824219E-1	0.00000000E+0	0.00000000E+0
3.17382812E-1	2.81085995E-5	2.81085995E-5	3.17382812E-1	0.00000000E+0	0.00000000E+0
3.14941406E-1	2.78947991E-5	2.78947991E-5	3.14941406E-1	0.00000000E+0	0.00000000E+0
3.12500000E-1	2.76887004E-5	2.76887004E-5	3.12500000E-1	0.00000000E+0	0.00000000E+0
3.10058594E-1	2.74559006E-5	2.74559006E-5	3.10058594E-1	0.00000000E+0	0.00000000E+0
3.07617187E-1	2.72230009E-5	2.72230009E-5	3.07617187E-1	0.00000000E+0	0.00000000E+0
3.05175781E-1	2.70093005E-5	2.70093005E-5	3.05175781E-1	0.00000000E+0	0.00000000E+0
3.02734375E-1	2.68069998E-5	2.68069998E-5	3.02734375E-1	0.00000000E+0	0.00000000E+0
3.00292969E-1	2.65817998E-5	2.65817998E-5	3.00292969E-1	0.00000000E+0	0.00000000E+0
2.97851562E-1	2.63603997E-5	2.63603997E-5	2.97851562E-1	0.00000000E+0	0.00000000E+0
2.95410156E-1	2.61542991E-5	2.61542991E-5	2.95410156E-1	0.00000000E+0	0.00000000E+0
2.92968750E-1	2.59455992E-5	2.59455992E-5	2.92968750E-1	0.00000000E+0	0.00000000E+0
2.90527344E-1	2.57268002E-5	2.57268002E-5	2.90527344E-1	0.00000000E+0	0.00000000E+0
2.88085937E-1	2.55205996E-5	2.55205996E-5	2.88085937E-1	0.00000000E+0	0.00000000E+0
2.85644531E-1	2.52991995E-5	2.52991995E-5	2.85644531E-1	0.00000000E+0	0.00000000E+0
2.83203125E-1	2.50778994E-5	2.50778994E-5	2.83203125E-1	0.00000000E+0	0.00000000E+0
2.80761719E-1	2.48717006E-5	2.48717006E-5	2.80761719E-1	0.00000000E+0	0.00000000E+0
2.78320312E-1	2.46504005E-5	2.46504005E-5	2.78320312E-1	0.00000000E+0	0.00000000E+0
2.75878906E-1	2.44213006E-5	2.44213006E-5	2.75878906E-1	0.00000000E+0	0.00000000E+0
2.73437500E-1	2.42304995E-5	2.42304995E-5	2.73437500E-1	0.00000000E+0	0.00000000E+0
2.70996094E-1	2.39975998E-5	2.39975998E-5	2.70996094E-1	0.00000000E+0	0.00000000E+0
2.68554687E-1	2.37914992E-5	2.37914992E-5	2.68554687E-1	0.00000000E+0	0.00000000E+0
2.66113281E-1	2.35740008E-5	2.35740008E-5	2.66113281E-1	0.00000000E+0	0.00000000E+0
2.63671875E-1	2.33448991E-5	2.33448991E-5	2.63671875E-1	0.00000000E+0	0.00000000E+0
2.61230469E-1	2.31235008E-5	2.31235008E-5	2.61230469E-1	0.00000000E+0	0.00000000E+0
2.58789062E-1	2.29174002E-5	2.29174002E-5	2.58789062E-1	0.00000000E+0	0.00000000E+0
2.56347656E-1	2.26960001E-5	2.26960001E-5	2.56347656E-1	0.00000000E+0	0.00000000E+0
2.53906250E-1	2.24974992E-5	2.24974992E-5	2.53906250E-1	0.00000000E+0	0.00000000E+0
2.51464844E-1	2.22761992E-5	2.22761992E-5	2.51464844E-1	0.00000000E+0	0.00000000E+0
2.49023437E-1	2.20624006E-5	2.20624006E-5	2.49023437E-1	0.00000000E+0	0.00000000E+0
2.46582031E-1	2.18410005E-5	2.18410005E-5	2.46582031E-1	0.00000000E+0	0.00000000E+0
2.44140625E-1	2.16273002E-5	2.16273002E-5	2.44140625E-1	0.00000000E+0	0.00000000E+0
2.41699219E-1	2.14134998E-5	2.14134998E-5	2.41699219E-1	0.00000000E+0	0.00000000E+0
2.39257812E-1	2.11947008E-5	2.11947008E-5	2.39257812E-1	0.00000000E+0	0.00000000E+0
2.36816406E-1	2.09860009E-5	2.09860009E-5	2.36816406E-1	0.00000000E+0	0.00000000E+0
2.34375000E-1	2.07620997E-5	2.07620997E-5	2.34375000E-1	0.00000000E+0	0.00000000E+0
2.31933594E-1	2.05470005E-5	2.05470005E-5	2.31933594E-1	0.00000000E+0	0.00000000E+0
2.29492187E-1	2.03346008E-5	2.03346008E-5	2.29492187E-1	0.00000000E+0	0.00000000E+0
2.27050781E-1	2.01081002E-5	2.01081002E-5	2.27050781E-1	0.00000000E+0	0.00000000E+0
2.24609375E-1	1.98942998E-5	1.98942998E-5	2.24609375E-1	0.00000000E+0	0.00000000E+0
2.22167969E-1	1.96805995E-5	1.96805995E-5	2.22167969E-1	0.00000000E+0	0.00000000E+0
2.19726562E-1	1.94591994E-5	1.94591994E-5	2.19726562E-1	0.00000000E+0	0.00000000E+0
2.17285156E-1	1.92404004E-5	1.92404004E-5	2.17285156E-1	0.00000000E+0	0.00000000E+0
2.14843750E-1	1.90317005E-5	1.90317005E-5	2.14843750E-1	0.00000000E+0	0.00000000E+0
2.12402344E-1	1.88027007E-5	1.88027007E-5	2.12402344E-1	0.00000000E+0	0.00000000E+0
2.09960937E-1	1.86041998E-5	1.86041998E-5	2.09960937E-1	0.00000000E+0	0.00000000E+0
2.07519531E-1	1.83726006E-5	1.83726006E-5	2.07519531E-1	0.00000000E+0	0.00000000E+0
2.05078125E-1	1.81651994E-5	1.81651994E-5	2.05078125E-1	0.00000000E+0	0.00000000E+0
2.02636719E-1	1.79426006E-5	1.79426006E-5	2.02636719E-1	0.00000000E+0	0.00000000E+0
2.00195312E-1	1.77185993E-5	1.77185993E-5	2.00195312E-1	0.00000000E+0	0.00000000E+0
1.97753906E-1	1.75049008E-5	1.75049008E-5	1.97753906E-1	0.00000000E+0	0.00000000E+0
1.95312500E-1	1.72988002E-5	1.72988002E-5	1.95312500E-1	0.00000000E+0	0.00000000E+0
1.92871094E-1	1.70659005E-5	1.70659005E-5	1.92871094E-1	0.00000000E+0	0.00000000E+0
1.90429687E-1	1.68457991E-5	1.68457991E-5	1.90429687E-1	0.00000000E+0	0.00000000E+0
1.87988281E-1	1.66370992E-5	1.66370992E-5	1.87988281E-1	0.00000000E+0	0.00000000E+0
1.85546875E-1	1.64228004E-5	1.64228004E-5	1.85546875E-1	0.00000000E+0	0.00000000E+0
1.83105469E-1	1.61994994E-5	1.61994994E-5	1.83105469E-1	0.00000000E+0	0.00000000E+0
1.80664062E-1	1.59857009E-5	1.59857009E-5	1.80664062E-1	0.00000000E+0	0.00000000E+0
1.78222656E-1	1.57617997E-5	1.57617997E-5	1.78222656E-1	0.00000000E+0	0.00000000E+0
1.75781250E-1	1.55506004E-5	1.55506004E-5	1.75781250E-1	0.00000000E+0	0.00000000E+0
1.73339844E-1	1.53393994E-5	1.53393994E-5	1.73339844E-1	0.00000000E+0	0.00000000E+0
1.70898437E-1	1.51230997E-5	1.51230997E-5	1.70898437E-1	0.00000000E+0	0.00000000E+0
1.68457031E-1	1.48978997E-5	1.48978997E-5	1.68457031E-1	0.00000000E+0	0.00000000E+0
1.66015625E-1	1.46827997E-5	1.46827997E-5	1.66015625E-1	0.00000000E+0	0.00000000E+0
1.63574219E-1	1.44684000E-5	1.44684000E-5	1.63574219E-1	0.00000000E+0	0.00000000E+0
1.61132812E-1	1.42450999E-5	1.42450999E-5	1.61132812E-1	0.00000000E+0	0.00000000E+0
1.58691406E-1	1.40237998E-5	1.40237998E-5	1.58691406E-1	0.00000000E+0	0.00000000E+0
1.56250000E-1	1.38252999E-5	1.38252999E-5	1.56250000E-1	0.00000000E+0	0.00000000E+0
1.53808594E-1	1.35936998E-5	1.35936998E-5	1.53808594E-1	0.00000000E+0	0.00000000E+0
1.51367187E-1	1.33824997E-5	1.33824997E-5	1.51367187E-1	0.00000000E+0	0.00000000E+0
1.48925781E-1	1.31610996E-5	1.31610996E-5	1.48925781E-1	0.00000000E+0	0.00000000E+0
1.46484375E-1	1.29455002E-5	1.29455002E-5	1.46484375E-1	0.00000000E+0	0.00000000E+0
1.44042969E-1	1.27254998E-5	1.27254998E-5	1.44042969E-1	0.00000000E+0	0.00000000E+0
1.41601562E-1	1.25122997E-5	1.25122997E-5	1.41601562E-1	0.00000000E+0	0.00000000E+0
1.39160156E-1	1.22870997E-5	1.22870997E-5	1.39160156E-1	0.00000000E+0	0.00000000E+0
1.36718750E-1	1.20759996E-5	1.20759996E-5	1.36718750E-1	0.00000000E+0	0.00000000E+0
1.34277344E-1	1.18525004E-5	1.18525004E-5	1.34277344E-1	0.00000000E+0	0.00000000E+0
1.31835937E-1	1.16373003E-5	1.16373003E-5	1.31835937E-1	0.00000000E+0	0.00000000E+0
1.29394531E-1	1.14160002E-5	1.14160002E-5	1.29394531E-1	0.00000000E+0	0.00000000E+0
1.26953125E-1	1.12026000E-5	1.12026000E-5	1.26953125E-1	0.00000000E+0	0.00000000E+0
1.24511719E-1	1.09824005E-5	1.09824005E-5	1.24511719E-1	0.00000000E+0	0.00000000E+0
1.22070312E-1	1.07675996E-5	1.07675996E-5	1.22070312E-1	0.00000000E+0	0.00000000E+0
1.19628906E-1	1.05478002E-5	1.05478002E-5	1.19628906E-1	0.00000000E+0	0.00000000E+0
1.17187500E-1	1.03355997E-5	1.03355997E-5	1.17187500E-1	0.00000000E+0	0.00000000E+0
1.14746094E-1	1.01080996E-5	1.01080996E-5	1.14746094E-1	0.00000000E+0	0.00000000E+0
1.12304687E-1	9.89022010E-6	9.89022010E-6	1.12304687E-1	0.00000000E+0	0.00000000E+0
1.09863281E-1	9.66391963E-6	9.66391963E-6	1.09863281E-1	0.00000000E+0	0.00000000E+0
1.07421875E-1	9.44983003E-6	9.44983003E-6	1.07421875E-1	0.00000000E+0	0.00000000E+0
1.04980469E-1	9.22847994E-6	9.22847994E-6	1.04980469E-1	0.00000000E+0	0.00000000E+0
1.02539062E-1	9.01859039E-6	9.01859039E-6	1.02539062E-1	0.00000000E+0	0.00000000E+0
1.00097656E-1	8.79267009E-6	8.79267009E-6	1.00097656E-1	0.00000000E+0	0.00000000E+0
9.76562500E-2	8.57895975E-6	8.57895975E-6	9.76562500E-2	0.00000000E+0	0.00000000E+0
9.52148438E-2	8.36105028E-6	8.36105028E-6	9.52148438E-2	0.00000000E+0	0.00000000E+0
9.27734375E-2	8.14352006E-6	8.14352006E-6	9.27734375E-2	0.00000000E+0	0.00000000E+0
9.03320313E-2	7.92638002E-6	7.92638002E-6	9.03320313E-2	0.00000000E+0	0.00000000E+0
8.78906250E-2	7.71037958E-6	7.71037958E-6	8.78906250E-2	0.00000000E+0	0.00000000E+0
8.54492188E-2	7.48979983E-6	7.48979983E-6	8.54492188E-2	0.00000000E+0	0.00000000E+0
8.30078125E-2	7.27418001E-6	7.27418001E-6	8.30078125E-2	0.00000000E+0	0.00000000E+0
8.05664063E-2	7.05575985E-6	7.05575985E-6	8.05664063E-2	0.00000000E+0	0.00000000E+0
7.81250000E-2	6.84256020E-6	6.84256020E-6	7.81250000E-2	0.00000000E+0	0.00000000E+0
7.56835938E-2	6.61587001E-6	6.61587001E-6	7.56835938E-2	0.00000000E+0	0.00000000E+0
7.32421875E-2	6.39833979E-6	6.39833979E-6	7.32421875E-2	0.00000000E+0	0.00000000E+0
7.08007813E-2	6.17815022E-6	6.17815022E-6	7.08007813E-2	0.00000000E+0	0.00000000E+0
6.83593750E-2	5.96062000E-6	5.96062000E-6	6.83593750E-2	0.00000000E+0	0.00000000E+0
6.59179688E-2	5.73812986E-6	5.73812986E-6	6.59179688E-2	0.00000000E+0	0.00000000E+0
6.34765625E-2	5.52289021E-6	5.52289021E-6	6.34765625E-2	0.00000000E+0	0.00000000E+0
6.10351563E-2	5.30384023E-6	5.30384023E-6	6.10351563E-2	0.00000000E+0	0.00000000E+0
5.85937500E-2	5.08937001E-6	5.08937001E-6	5.85937500E-2	0.00000000E+0	0.00000000E+0
5.61523438E-2	4.86650015E-6	4.86650015E-6	5.61523438E-2	0.00000000E+0	0.00000000E+0
5.37109375E-2	4.65145013E-6	4.65145013E-6	5.37109375E-2	0.00000000E+0	0.00000000E+0
5.12695313E-2	4.42839018E-6	4.42839018E-6	5.12695313E-2	0.00000000E+0	0.00000000E+0
4.88281250E-2	4.21772984E-6	4.21772984E-6	4.88281250E-2	0.00000000E+0	0.00000000E+0
4.63867188E-2	3.99410010E-6	3.99410010E-6	4.63867188E-2	0.00000000E+0	0.00000000E+0
4.39453125E-2	3.78343998E-6	3.78343998E-6	4.39453125E-2	0.00000000E+0	0.00000000E+0
4.15039063E-2	3.56362989E-6	3.56362989E-6	4.15039063E-2	0.00000000E+0	0.00000000E+0
3.90625000E-2	3.35106006E-6	3.35106006E-6	3.90625000E-2	0.00000000E+0	0.00000000E+0
3.66210938E-2	3.12704992E-6	3.12704992E-6	3.66210938E-2	0.00000000E+0	0.00000000E+0
3.41796875E-2	2.91103993E-6	2.91103993E-6	3.41796875E-2	0.00000000E+0	0.00000000E+0
3.17382813E-2	2.69045995E-6	2.69045995E-6	3.17382813E-2	0.00000000E+0	0.00000000E+0
2.92968750E-2	2.47828007E-6	2.47828007E-6	2.92968750E-2	0.00000000E+0	0.00000000E+0
2.68554688E-2	2.25693998E-6	2.25693998E-6	2.68554688E-2	0.00000000E+0	0.00000000E+0
2.44140625E-2	2.04398998E-6	2.04398998E-6	2.44140625E-2	0.00000000E+0	0.00000000E+0
2.19726563E-2	1.82608005E-6	1.82608005E-6	2.19726563E-2	0.00000000E+0	0.00000000E+0
1.95312500E-2	1.61732999E-6	1.61732999E-6	1.95312500E-2	0.00000000E+0	0.00000000E+0
1.70898438E-2	1.39752001E-6	1.39752001E-6	1.70898438E-2	0.00000000E+0	0.00000000E+0
1.46484375E-2	1.18621995E-6	1.18621995E-6	1.46484375E-2	0.00000000E+0	0.00000000E+0
1.22070313E-2	9.67630967E-7	9.67630967E-7	1.22070313E-2	0.00000000E+0	0.00000000E+0
9.76562500E-3	7.58388978E-7	7.58388978E-7	9.76562500E-3	0.00000000E+0	0.00000000E+0
7.32421875E-3	5.40287999E-7	5.40287999E-7	7.32421875E-3	0.00000000E+0	0.00000000E+0
4.88281250E-3	3.30206007E-7	3.30206007E-7	4.88281250E-3	0.00000000E+0	0.00000000E+0
2.44140625E-3	1.17577002E-7	1.17577002E-7	2.44140625E-3	0.00000000E+0	0.00000000E+0
0.00000000E+0	-2.86921997E-9	-2.86921997E-9	0.00000000E+0	0.00000000E+0	0.00000000E+0
-2.44140625E-3	-2.66746014E-7	-2.66746014E-7	-2.44140625E-3	0.00000000E+0	0.00000000E+0
-4.88281250E-3	-4.90573996E-7	-4.90573996E-7	-4.88281250E-3	0.00000000E+0	0.00000000E+0
-7.32421875E-3	-7.21808988E-7	-7.21808988E-7	-7.32421875E-3	0.00000000E+0	0.00000000E+0
-9.76562500E-3	-9.45484999E-7	-9.45484999E-7	-9.76562500E-3	0.00000000E+0	0.00000000E+0
-1.22070313E-2	-1.17987997E-6	-1.17987997E-6	-1.22070313E-2	0.00000000E+0	0.00000000E+0
-1.46484375E-2	-1.40361999E-6	-1.40361999E-6	-1.46484375E-2	0.00000000E+0	0.00000000E+0
-1.70898438E-2	-1.63641005E-6	-1.63641005E-6	-1.70898438E-2	0.00000000E+0	0.00000000E+0
-1.95312500E-2	-1.85928002E-6	-1.85928002E-6	-1.95312500E-2	0.00000000E+0	0.00000000E+0
-2.19726563E-2	-2.09550990E-6	-2.09550990E-6	-2.19726563E-2	0.00000000E+0	0.00000000E+0
-2.44140625E-2	-2.32333991E-6	-2.32333991E-6	-2.44140625E-2	0.00000000E+0	0.00000000E+0
-2.68554688E-2	-2.55766008E-6	-2.55766008E-6	-2.68554688E-2	0.00000000E+0	0.00000000E+0
-2.92968750E-2	-2.78244011E-6	-2.78244011E-6	-2.92968750E-2	0.00000000E+0	0.00000000E+0
-3.17382813E-2	-3.01943010E-6	-3.01943010E-6	-3.17382813E-2	0.00000000E+0	0.00000000E+0
-3.41796875E-2	-3.24534994E-6	-3.24534994E-6	-3.41796875E-2	0.00000000E+0	0.00000000E+0
-3.66210938E-2	-3.47738001E-6	-3.47738001E-6	-3.66210938E-2	0.00000000E+0	0.00000000E+0
-3.90625000E-2	-3.70405996E-6	-3.70405996E-6	-3.90625000E-2	0.00000000E+0	0.00000000E+0
-4.15039063E-2	-3.94143990E-6	-3.94143990E-6	-4.15039063E-2	0.00000000E+0	0.00000000E+0
-4.39453125E-2	-4.17117008E-6	-4.17117008E-6	-4.39453125E-2	0.00000000E+0	0.00000000E+0
-4.63867188E-2	-4.40625990E-6	-4.40625990E-6	-4.63867188E-2	0.00000000E+0	0.00000000E+0
-4.88281250E-2	-4.63294009E-6	-4.63294009E-6	-4.88281250E-2	0.00000000E+0	0.00000000E+0
-5.12695313E-2	-4.87412990E-6	-4.87412990E-6	-5.12695313E-2	0.00000000E+0	0.00000000E+0
-5.37109375E-2	-5.10138989E-6	-5.10138989E-6	-5.37109375E-2	0.00000000E+0	0.00000000E+0
-5.61523438E-2	-5.33589991E-6	-5.33589991E-6	-5.61523438E-2	0.00000000E+0	0.00000000E+0
-5.85937500E-2	-5.55953011E-6	-5.55953011E-6	-5.85937500E-2	0.00000000E+0	0.00000000E+0
-6.10351563E-2	-5.79575999E-6	-5.79575999E-6	-6.10351563E-2	0.00000000E+0	0.00000000E+0
-6.34765625E-2	-6.02740010E-6	-6.02740010E-6	-6.34765625E-2	0.00000000E+0	0.00000000E+0
-6.59179688E-2	-6.25981011E-6	-6.25981011E-6	-6.59179688E-2	0.00000000E+0	0.00000000E+0
-6.83593750E-2	-6.48764990E-6	-6.48764990E-6	-6.83593750E-2	0.00000000E+0	0.00000000E+0
-7.08007813E-2	-6.72195983E-6	-6.72195983E-6	-7.08007813E-2	0.00000000E+0	0.00000000E+0
-7.32421875E-2	-6.94674009E-6	-6.94674009E-6	-7.32421875E-2	0.00000000E+0	0.00000000E+0
-7.56835938E-2	-7.17952980E-6	-7.17952980E-6	-7.56835938E-2	0.00000000E+0	0.00000000E+0
-7.81250000E-2	-7.40317000E-6	-7.40317000E-6	-7.81250000E-2	0.00000000E+0	0.00000000E+0
-8.05664063E-2	-7.63863045E-6	-7.63863045E-6	-8.05664063E-2	0.00000000E+0	0.00000000E+0
-8.30078125E-2	-7.86874989E-6	-7.86874989E-6	-8.30078125E-2	0.00000000E+0	0.00000000E+0
-8.54492188E-2	-8.09849007E-6	-8.09849007E-6	-8.54492188E-2	0.00000000E+0	0.00000000E+0
-8.78906250E-2	-8.32555997E-6	-8.32555997E-6	-8.78906250E-2	0.00000000E+0	0.00000000E+0
-9.03320313E-2	-8.56369024E-6	-8.56369024E-6	-9.03320313E-2	0.00000000E+0	0.00000000E+0
-9.27734375E-2	-8.78465016E-6	-8.78465016E-6	-9.27734375E-2	0.00000000E+0	0.00000000E+0
-9.52148438E-2	-9.01744988E-6	-9.01744988E-6	-9.52148438E-2	0.00000000E+0	0.00000000E+0
-9.76562500E-2	-9.23802963E-6	-9.23802963E-6	-9.76562500E-2	0.00000000E+0	0.00000000E+0
-1.00097656E-1	-9.46814998E-6	-9.46814998E-6	-1.00097656E-1	0.00000000E+0	0.00000000E+0
-1.02539062E-1	-9.69304983E-6	-9.69304983E-6	-1.02539062E-1	0.00000000E+0	0.00000000E+0
-1.04980469E-1	-9.92380956E-6	-9.92380956E-6	-1.04980469E-1	0.00000000E+0	0.00000000E+0
-1.07421875E-1	-1.01454998E-5	-1.01454998E-5	-1.07421875E-1	0.00000000E+0	0.00000000E+0
-1.09863281E-1	-1.03800003E-5	-1.03800003E-5	-1.09863281E-1	0.00000000E+0	0.00000000E+0
-1.12304687E-1	-1.06022999E-5	-1.06022999E-5	-1.12304687E-1	0.00000000E+0	0.00000000E+0
-1.14746094E-1	-1.08339000E-5	-1.08339000E-5	-1.14746094E-1	0.00000000E+0	0.00000000E+0
-1.17187500E-1	-1.10519004E-5	-1.10519004E-5	-1.17187500E-1	0.00000000E+0	0.00000000E+0
-1.19628906E-1	-1.12834996E-5	-1.12834996E-5	-1.19628906E-1	0.00000000E+0	0.00000000E+0
-1.22070312E-1	-1.15153998E-5	-1.15153998E-5	-1.22070312E-1	0.00000000E+0	0.00000000E+0
-1.24511719E-1	-1.17464997E-5	-1.17464997E-5	-1.24511719E-1	0.00000000E+0	0.00000000E+0
-1.26953125E-1	-1.19677998E-5	-1.19677998E-5	-1.26953125E-1	0.00000000E+0	0.00000000E+0
-1.29394531E-1	-1.22018000E-5	-1.22018000E-5	-1.29394531E-1	0.00000000E+0	0.00000000E+0
-1.31835937E-1	-1.24223998E-5	-1.24223998E-5	-1.31835937E-1	0.00000000E+0	0.00000000E+0
-1.34277344E-1	-1.26547002E-5	-1.26547002E-5	-1.34277344E-1	0.00000000E+0	0.00000000E+0
-1.36718750E-1	-1.28756001E-5	-1.28756001E-5	-1.36718750E-1	0.00000000E+0	0.00000000E+0
-1.39160156E-1	-1.31077004E-5	-1.31077004E-5	-1.39160156E-1	0.00000000E+0	0.00000000E+0
-1.41601562E-1	-1.33270996E-5	-1.33270996E-5	-1.41601562E-1	0.00000000E+0	0.00000000E+0
-1.44042969E-1	-1.35529999E-5	-1.35529999E-5	-1.44042969E-1	0.00000000E+0	0.00000000E+0
-1.46484375E-1	-1.37871002E-5	-1.37871002E-5	-1.46484375E-1	0.00000000E+0	0.00000000E+0
-1.48925781E-1	-1.40109996E-5	-1.40109996E-5	-1.48925781E-1	0.00000000E+0	0.00000000E+0
-1.51367187E-1	-1.42356002E-5	-1.42356002E-5	-1.51367187E-1	0.00000000E+0	0.00000000E+0
-1.53808594E-1	-1.44691003E-5	-1.44691003E-5	-1.53808594E-1	0.00000000E+0	0.00000000E+0
-1.56250000E-1	-1.46954999E-5	-1.46954999E-5	-1.56250000E-1	0.00000000E+0	0.00000000E+0
-1.58691406E-1	-1.49169000E-5	-1.49169000E-5	-1.58691406E-1	0.00000000E+0	0.00000000E+0
-1.61132812E-1	-1.51485001E-5	-1.51485001E-5	-1.61132812E-1	0.00000000E+0	0.00000000E+0
-1.63574219E-1	-1.53768997E-5	-1.53768997E-5	-1.63574219E-1	0.00000000E+0	0.00000000E+0
-1.66015625E-1	-1.56014994E-5	-1.56014994E-5	-1.66015625E-1	0.00000000E+0	0.00000000E+0
-1.68457031E-1	-1.58330004E-5	-1.58330004E-5	-1.68457031E-1	0.00000000E+0	0.00000000E+0
-1.70898437E-1	-1.60620002E-5	-1.60620002E-5	-1.70898437E-1	0.00000000E+0	0.00000000E+0
-1.73339844E-1	-1.63006007E-5	-1.63006007E-5	-1.73339844E-1	0.00000000E+0	0.00000000E+0
-1.75781250E-1	-1.65238998E-5	-1.65238998E-5	-1.75781250E-1	0.00000000E+0	0.00000000E+0
-1.78222656E-1	-1.67490998E-5	-1.67490998E-5	-1.78222656E-1	0.00000000E+0	0.00000000E+0
-1.80664062E-1	-1.69629002E-5	-1.69629002E-5	-1.80664062E-1	0.00000000E+0	0.00000000E+0
-1.83105469E-1	-1.71970005E-5	-1.71970005E-5	-1.83105469E-1	0.00000000E+0	0.00000000E+0
-1.85546875E-1	-1.74030993E-5	-1.74030993E-5	-1.85546875E-1	0.00000000E+0	0.00000000E+0
-1.87988281E-1	-1.76525009E-5	-1.76525009E-5	-1.87988281E-1	0.00000000E+0	0.00000000E+0
-1.90429687E-1	-1.78637001E-5	-1.78637001E-5	-1.90429687E-1	0.00000000E+0	0.00000000E+0
-1.92871094E-1	-1.80927000E-5	-1.80927000E-5	-1.92871094E-1	0.00000000E+0	0.00000000E+0
-1.95312500E-1	-1.83065004E-5	-1.83065004E-5	-1.95312500E-1	0.00000000E+0	0.00000000E+0
-1.97753906E-1	-1.85355002E-5	-1.85355002E-5	-1.97753906E-1	0.00000000E+0	0.00000000E+0
-2.00195312E-1	-1.87720998E-5	-1.87720998E-5	-2.00195312E-1	0.00000000E+0	0.00000000E+0
-2.02636719E-1	-1.89986004E-5	-1.89986004E-5	-2.02636719E-1	0.00000000E+0	0.00000000E+0
-2.05078125E-1	-1.92124007E-5	-1.92124007E-5	-2.05078125E-1	0.00000000E+0	0.00000000E+0
-2.07519531E-1	-1.94476997E-5	-1.94476997E-5	-2.07519531E-1	0.00000000E+0	0.00000000E+0
-2.09960937E-1	-1.96678993E-5	-1.96678993E-5	-2.09960937E-1	0.00000000E+0	0.00000000E+0
-2.12402344E-1	-1.98942998E-5	-1.98942998E-5	-2.12402344E-1	0.00000000E+0	0.00000000E+0
-2.14843750E-1	-2.01233997E-5	-2.01233997E-5	-2.14843750E-1	0.00000000E+0	0.00000000E+0
-2.17285156E-1	-2.03408999E-5	-2.03408999E-5	-2.17285156E-1	0.00000000E+0	0.00000000E+0
-2.19726562E-1	-2.05585002E-5	-2.05585002E-5	-2.19726562E-1	0.00000000E+0	0.00000000E+0
-2.22167969E-1	-2.07989997E-5	-2.07989997E-5	-2.22167969E-1	0.00000000E+0	0.00000000E+0
-2.24609375E-1	-2.10089001E-5	-2.10089001E-5	-2.24609375E-1	0.00000000E+0	0.00000000E+0
-2.27050781E-1	-2.12265004E-5	-2.12265004E-5	-2.27050781E-1	0.00000000E+0	0.00000000E+0
-2.29492187E-1	-2.14517004E-5	-2.14517004E-5	-2.29492187E-1	0.00000000E+0	0.00000000E+0
-2.31933594E-1	-2.16781991E-5	-2.16781991E-5	-2.31933594E-1	0.00000000E+0	0.00000000E+0
-2.34375000E-1	-2.18868008E-5	-2.18868008E-5	-2.34375000E-1	0.00000000E+0	0.00000000E+0
-2.36816406E-1	-2.21184000E-5	-2.21184000E-5	-2.36816406E-1	0.00000000E+0	0.00000000E+0
-2.39257812E-1	-2.23372008E-5	-2.23372008E-5	-2.39257812E-1	0.00000000E+0	0.00000000E+0
-2.41699219E-1	-2.25509993E-5	-2.25509993E-5	-2.41699219E-1	0.00000000E+0	0.00000000E+0
-2.44140625E-1	-2.27799992E-5	-2.27799992E-5	-2.44140625E-1	0.00000000E+0	0.00000000E+0
-2.46582031E-1	-2.30140995E-5	-2.30140995E-5	-2.46582031E-1	0.00000000E+0	0.00000000E+0
-2.49023437E-1	-2.32227994E-5	-2.32227994E-5	-2.49023437E-1	0.00000000E+0	0.00000000E+0
-2.51464844E-1	-2.34441995E-5	-2.34441995E-5	-2.51464844E-1	0.00000000E+0	0.00000000E+0
-2.53906250E-1	-2.36655997E-5	-2.36655997E-5	-2.53906250E-1	0.00000000E+0	0.00000000E+0
-2.56347656E-1	-2.38945995E-5	-2.38945995E-5	-2.56347656E-1	0.00000000E+0	0.00000000E+0
-2.58789062E-1	-2.41082998E-5	-2.41082998E-5	-2.58789062E-1	0.00000000E+0	0.00000000E+0
-2.61230469E-1	-2.43221002E-5	-2.43221002E-5	-2.61230469E-1	0.00000000E+0	0.00000000E+0
-2.63671875E-1	-2.45358005E-5	-2.45358005E-5	-2.63671875E-1	0.00000000E+0	0.00000000E+0
-2.66113281E-1	-2.47495991E-5	-2.47495991E-5	-2.66113281E-1	0.00000000E+0	0.00000000E+0
-2.68554687E-1	-2.49748009E-5	-2.49748009E-5	-2.68554687E-1	0.00000000E+0	0.00000000E+0
-2.70996094E-1	-2.52076006E-5	-2.52076006E-5	-2.70996094E-1	0.00000000E+0	0.00000000E+0
-2.73437500E-1	-2.54213992E-5	-2.54213992E-5	-2.73437500E-1	0.00000000E+0	0.00000000E+0
-2.75878906E-1	-2.56504009E-5	-2.56504009E-5	-2.75878906E-1	0.00000000E+0	0.00000000E+0
-2.78320312E-1	-2.58641994E-5	-2.58641994E-5	-2.78320312E-1	0.00000000E+0	0.00000000E+0
-2.80761719E-1	-2.60931993E-5	-2.60931993E-5	-2.80761719E-1	0.00000000E+0	0.00000000E+0
-2.83203125E-1	-2.63068996E-5	-2.63068996E-5	-2.83203125E-1	0.00000000E+0	0.00000000E+0
-2.85644531E-1	-2.65512008E-5	-2.65512008E-5	-2.85644531E-1	0.00000000E+0	0.00000000E+0
-2.88085937E-1	-2.67496998E-5	-2.67496998E-5	-2.88085937E-1	0.00000000E+0	0.00000000E+0
-2.90527344E-1	-2.69786997E-5	-2.69786997E-5	-2.90527344E-1	0.00000000E+0	0.00000000E+0
-2.92968750E-1	-2.71925001E-5	-2.71925001E-5	-2.92968750E-1	0.00000000E+0	0.00000000E+0
-2.95410156E-1	-2.74290996E-5	-2.74290996E-5	-2.95410156E-1	0.00000000E+0	0.00000000E+0
-2.97851562E-1	-2.76657993E-5	-2.76657993E-5	-2.97851562E-1	0.00000000E+0	0.00000000E+0
-3.00292969E-1	-2.78756997E-5	-2.78756997E-5	-3.00292969E-1	0.00000000E+0	0.00000000E+0
-3.02734375E-1	-2.80970999E-5	-2.80970999E-5	-3.02734375E-1	0.00000000E+0	0.00000000E+0
-3.05175781E-1	-2.83375994E-5	-2.83375994E-5	-3.05175781E-1	0.00000000E+0	0.00000000E+0
-3.07617187E-1	-2.85361002E-5	-2.85361002E-5	-3.07617187E-1	0.00000000E+0	0.00000000E+0
-3.10058594E-1	-2.87651001E-5	-2.87651001E-5	-3.10058594E-1	0.00000000E+0	0.00000000E+0
-3.12500000E-1	-2.89940999E-5	-2.89940999E-5	-3.12500000E-1	0.00000000E+0	0.00000000E+0
-3.14941406E-1	-2.92079003E-5	-2.92079003E-5	-3.14941406E-1	0.00000000E+0	0.00000000E+0
-3.17382812E-1	-2.94521997E-5	-2.94521997E-5	-3.17382812E-1	0.00000000E+0	0.00000000E+0
-3.19824219E-1	-2.96659000E-5	-2.96659000E-5	-3.19824219E-1	0.00000000E+0	0.00000000E+0
-3.22265625E-1	-2.99025996E-5	-2.99025996E-5	-3.22265625E-1	0.00000000E+0	0.00000000E+0
-3.24707031E-1	-3.01049004E-5	-3.01049004E-5	-3.24707031E-1	0.00000000E+0	0.00000000E+0
-3.27148437E-1	-3.03225006E-5	-3.03225006E-5	-3.27148437E-1	0.00000000E+0	0.00000000E+0
-3.29589844E-1	-3.05514986E-5	-3.05514986E-5	-3.29589844E-1	0.00000000E+0	0.00000000E+0
-3.32031250E-1	-3.07880982E-5	-3.07880982E-5	-3.32031250E-1	0.00000000E+0	0.00000000E+0
-3.34472656E-1	-3.10018986E-5	-3.10018986E-5	-3.34472656E-1	0.00000000E+0	0.00000000E+0
-3.36914062E-1	-3.12156008E-5	-3.12156008E-5	-3.36914062E-1	0.00000000E+0	0.00000000E+0
-3.39355469E-1	-3.14675999E-5	-3.14675999E-5	-3.39355469E-1	0.00000000E+0	0.00000000E+0
-3.41796875E-1	-3.16508012E-5	-3.16508012E-5	-3.41796875E-1	0.00000000E+0	0.00000000E+0
-3.44238281E-1	-3.18950988E-5	-3.18950988E-5	-3.44238281E-1	0.00000000E+0	0.00000000E+0
-3.46679687E-1	-3.21088010E-5	-3.21088010E-5	-3.46679687E-1	0.00000000E+0	0.00000000E+0
-3.49121094E-1	-3.23530985E-5	-3.23530985E-5	-3.49121094E-1	0.00000000E+0	0.00000000E+0
-3.51562500E-1	-3.25362998E-5	-3.25362998E-5	-3.51562500E-1	0.00000000E+0	0.00000000E+0
-3.54003906E-1	-3.27921007E-5	-3.27921007E-5	-3.54003906E-1	0.00000000E+0	0.00000000E+0
-3.56445312E-1	-3.30020011E-5	-3.30020011E-5	-3.56445312E-1	0.00000000E+0	0.00000000E+0
-3.58886719E-1	-3.32290983E-5	-3.32290983E-5	-3.58886719E-1	0.00000000E+0	0.00000000E+0
-3.61328125E-1	-3.34524011E-5	-3.34524011E-5	-3.61328125E-1	0.00000000E+0	0.00000000E+0
-3.63769531E-1	-3.36738012E-5	-3.36738012E-5	-3.63769531E-1	0.00000000E+0	0.00000000E+0
-3.66210937E-1	-3.38799000E-5	-3.38799000E-5	-3.66210937E-1	0.00000000E+0	0.00000000E+0
-3.68652344E-1	-3.41242012E-5	-3.41242012E-5	-3.68652344E-1	0.00000000E+0	0.00000000E+0
-3.71093750E-1	-3.43264983E-5	-3.43264983E-5	-3.71093750E-1	0.00000000E+0	0.00000000E+0
-3.73535156E-1	-3.45517001E-5	-3.45517001E-5	-3.73535156E-1	0.00000000E+0	0.00000000E+0
-3.75976562E-1	-3.47655005E-5	-3.47655005E-5	-3.75976562E-1	0.00000000E+0	0.00000000E+0
-3.78417969E-1	-3.50098016E-5	-3.50098016E-5	-3.78417969E-1	0.00000000E+0	0.00000000E+0
-3.80859375E-1	-3.52159004E-5	-3.52159004E-5	-3.80859375E-1	0.00000000E+0	0.00000000E+0
-3.83300781E-1	-3.54449003E-5	-3.54449003E-5	-3.83300781E-1	0.00000000E+0	0.00000000E+0
-3.85742187E-1	-3.56509991E-5	-3.56509991E-5	-3.85742187E-1	0.00000000E+0	0.00000000E+0
-3.88183594E-1	-3.58723992E-5	-3.58723992E-5	-3.88183594E-1	0.00000000E+0	0.00000000E+0
-3.90625000E-1	-3.60861995E-5	-3.60861995E-5	-3.90625000E-1	0.00000000E+0	0.00000000E+0
-3.93066406E-1	-3.63305007E-5	-3.63305007E-5	-3.93066406E-1	0.00000000E+0	0.00000000E+0
-3.95507812E-1	-3.65517990E-5	-3.65517990E-5	-3.95507812E-1	0.00000000E+0	0.00000000E+0
-3.97949219E-1	-3.67770008E-5	-3.67770008E-5	-3.97949219E-1	0.00000000E+0	0.00000000E+0
-4.00390625E-1	-3.70021990E-5	-3.70021990E-5	-4.00390625E-1	0.00000000E+0	0.00000000E+0
-4.02832031E-1	-3.72159993E-5	-3.72159993E-5	-4.02832031E-1	0.00000000E+0	0.00000000E+0
-4.05273437E-1	-3.74297997E-5	-3.74297997E-5	-4.05273437E-1	0.00000000E+0	0.00000000E+0
-4.07714844E-1	-3.76434982E-5	-3.76434982E-5	-4.07714844E-1	0.00000000E+0	0.00000000E+0
-4.10156250E-1	-3.78820987E-5	-3.78820987E-5	-4.10156250E-1	0.00000000E+0	0.00000000E+0
-4.12597656E-1	-3.81015998E-5	-3.81015998E-5	-4.12597656E-1	0.00000000E+0	0.00000000E+0
-4.15039062E-1	-3.83152983E-5	-3.83152983E-5	-4.15039062E-1	0.00000000E+0	0.00000000E+0
-4.17480469E-1	-3.85290987E-5	-3.85290987E-5	-4.17480469E-1	0.00000000E+0	0.00000000E+0
-4.19921875E-1	-3.87543005E-5	-3.87543005E-5	-4.19921875E-1	0.00000000E+0	0.00000000E+0
-4.22363281E-1	-3.89488996E-5	-3.89488996E-5	-4.22363281E-1	0.00000000E+0	0.00000000E+0
-4.24804687E-1	-3.91780013E-5	-3.91780013E-5	-4.24804687E-1	0.00000000E+0	0.00000000E+0
-4.27246094E-1	-3.94146009E-5	-3.94146009E-5	-4.27246094E-1	0.00000000E+0	0.00000000E+0
-4.29687500E-1	-3.96206997E-5	-3.96206997E-5	-4.29687500E-1	0.00000000E+0	0.00000000E+0
-4.32128906E-1	-3.98496995E-5	-3.98496995E-5	-4.32128906E-1	0.00000000E+0	0.00000000E+0
-4.34570312E-1	-4.00559002E-5	-4.00559002E-5	-4.34570312E-1	0.00000000E+0	0.00000000E+0
-4.37011719E-1	-4.02773003E-5	-4.02773003E-5	-4.37011719E-1	0.00000000E+0	0.00000000E+0
-4.39453125E-1	-4.05214996E-5	-4.05214996E-5	-4.39453125E-1	0.00000000E+0	0.00000000E+0
-4.41894531E-1	-4.07277003E-5	-4.07277003E-5	-4.41894531E-1	0.00000000E+0	0.00000000E+0
-4.44335937E-1	-4.09491004E-5	-4.09491004E-5	-4.44335937E-1	0.00000000E+0	0.00000000E+0
-4.46777344E-1	-4.11551991E-5	-4.11551991E-5	-4.46777344E-1	0.00000000E+0	0.00000000E+0
-4.49218750E-1	-4.13917987E-5	-4.13917987E-5	-4.49218750E-1	0.00000000E+0	0.00000000E+0
-4.51660156E-1	-4.16207986E-5	-4.16207986E-5	-4.51660156E-1	0.00000000E+0	0.00000000E+0
-4.54101562E-1	-4.18269992E-5	-4.18269992E-5	-4.54101562E-1	0.00000000E+0	0.00000000E+0
-4.56542969E-1	-4.20331016E-5	-4.20331016E-5	-4.56542969E-1	0.00000000E+0	0.00000000E+0
-4.58984375E-1	-4.22621015E-5	-4.22621015E-5	-4.58984375E-1	0.00000000E+0	0.00000000E+0
-4.61425781E-1	-4.24758982E-5	-4.24758982E-5	-4.61425781E-1	0.00000000E+0	0.00000000E+0
-4.63867187E-1	-4.26820006E-5	-4.26820006E-5	-4.63867187E-1	0.00000000E+0	0.00000000E+0
-4.66308594E-1	-4.29034008E-5	-4.29034008E-5	-4.66308594E-1	0.00000000E+0	0.00000000E+0
-4.68750000E-1	-4.31476983E-5	-4.31476983E-5	-4.68750000E-1	0.00000000E+0	0.00000000E+0
-4.71191406E-1	-4.33614005E-5	-4.33614005E-5	-4.71191406E-1	0.00000000E+0	0.00000000E+0
-4.73632812E-1	-4.35752008E-5	-4.35752008E-5	-4.73632812E-1	0.00000000E+0	0.00000000E+0
-4.76074219E-1	-4.37946001E-5	-4.37946001E-5	-4.76074219E-1	0.00000000E+0	0.00000000E+0
-4.78515625E-1	-4.40141011E-5	-4.40141011E-5	-4.78515625E-1	0.00000000E+0	0.00000000E+0
-4.80957031E-1	-4.42470009E-5	-4.42470009E-5	-4.80957031E-1	0.00000000E+0	0.00000000E+0
-4.83398437E-1	-4.44606994E-5	-4.44606994E-5	-4.83398437E-1	0.00000000E+0	0.00000000E+0
-4.85839844E-1	-4.46744998E-5	-4.46744998E-5	-4.85839844E-1	0.00000000E+0	0.00000000E+0
-4.88281250E-1	-4.48805986E-5	-4.48805986E-5	-4.88281250E-1	0.00000000E+0	0.00000000E+0
-4.90722656E-1	-4.51324995E-5	-4.51324995E-5	-4.90722656E-1	0.00000000E+0	0.00000000E+0
-4.93164062E-1	-4.53462999E-5	-4.53462999E-5	-4.93164062E-1	0.00000000E+0	0.00000000E+0
-4.90722656E-1	-4.51324995E-5	-4.51324995E-5	-4.90722656E-1	0.00000000E+0	0.00000000E+0
-4.88281250E-1	-4.48805986E-5	-4.48805986E-5	-4.88281250E-1	0.00000000E+0	0.00000000E+0
-4.85839844E-1	-4.46744998E-5	-4.46744998E-5	-4.85839844E-1	0.00000000E+0	0.00000000E+0
-4.83398437E-1	-4.44606994E-5	-4.44606994E-5	-4.83398437E-1	0.00000000E+0	0.00000000E+0
-4.80957031E-1	-4.42470009E-5	-4.42470009E-5	-4.80957031E-1	0.00000000E+0	0.00000000E+0
-4.78515625E-1	-4.40141011E-5	-4.40141011E-5	-4.78515625E-1	0.00000000E+0	0.00000000E+0
-4.76074219E-1	-4.37946001E-5	-4.37946001E-5	-4.76074219E-1	0.00000000E+0	0.00000000E+0
-4.73632812E-1	-4.35752008E-5	-4.35752008E-5	-4.73632812E-1	0.00000000E+0	0.00000000E+0
-4.71191406E-1	-4.33614005E-5	-4.33614005E-5	-4.71191406E-1	0.00000000E+0	0.00000000E+0
-4.68750000E-1	-4.31476983E-5	-4.31476983E-5	-4.68750000E-1	0.00000000E+0	0.00000000E+0
-4.66308594E-1	-4.29262982E-5	-4.29262982E-5	-4.66308594E-1	0.00000000E+0	0.00000000E+0
-4.63867187E-1	-4.27201994E-5	-4.27201994E-5	-4.63867187E-1	0.00000000E+0	0.00000000E+0
-4.61425781E-1	-4.24758982E-5	-4.24758982E-5	-4.61425781E-1	0.00000000E+0	0.00000000E+0
-4.58984375E-1	-4.22621015E-5	-4.22621015E-5	-4.58984375E-1	0.00000000E+0	0.00000000E+0
-4.56542969E-1	-4.20559991E-5	-4.20559991E-5	-4.56542969E-1	0.00000000E+0	0.00000000E+0
-4.54101562E-1	-4.18269992E-5	-4.18269992E-5	-4.54101562E-1	0.00000000E+0	0.00000000E+0
-4.51660156E-1	-4.16207986E-5	-4.16207986E-5	-4.51660156E-1	0.00000000E+0	0.00000000E+0
-4.49218750E-1	-4.13917987E-5	-4.13917987E-5	-4.49218750E-1	0.00000000E+0	0.00000000E+0
-4.46777344E-1	-4.11551991E-5	-4.11551991E-5	-4.46777344E-1	0.00000000E+0	0.00000000E+0
-4.44335937E-1	-4.09491004E-5	-4.09491004E-5	-4.44335937E-1	0.00000000E+0	0.00000000E+0
-4.41894531E-1	-4.07277003E-5	-4.07277003E-5	-4.41894531E-1	0.00000000E+0	0.00000000E+0
-4.39453125E-1	-4.05214996E-5	-4.05214996E-5	-4.39453125E-1	0.00000000E+0	0.00000000E+0
-4.37011719E-1	-4.02773003E-5	-4.02773003E-5	-4.37011719E-1	0.00000000E+0	0.00000000E+0
-4.34570312E-1	-4.00864010E-5	-4.00864010E-5	-4.34570312E-1	0.00000000E+0	0.00000000E+0
-4.32128906E-1	-3.98726006E-5	-3.98726006E-5	-4.32128906E-1	0.00000000E+0	0.00000000E+0
-4.29687500E-1	-3.96206997E-5	-3.96206997E-5	-4.29687500E-1	0.00000000E+0	0.00000000E+0
-4.27246094E-1	-3.94146009E-5	-3.94146009E-5	-4.27246094E-1	0.00000000E+0	0.00000000E+0
-4.24804687E-1	-3.91780013E-5	-3.91780013E-5	-4.24804687E-1	0.00000000E+0	0.00000000E+0
-4.22363281E-1	-3.89488996E-5	-3.89488996E-5	-4.22363281E-1	0.00000000E+0	0.00000000E+0
-4.19921875E-1	-3.87543005E-5	-3.87543005E-5	-4.19921875E-1	0.00000000E+0	0.00000000E+0
-4.17480469E-1	-3.85443018E-5	-3.85443018E-5	-4.17480469E-1	0.00000000E+0	0.00000000E+0
-4.15039062E-1	-3.83152983E-5	-3.83152983E-5	-4.15039062E-1	0.00000000E+0	0.00000000E+0
-4.12597656E-1	-3.81015998E-5	-3.81015998E-5	-4.12597656E-1	0.00000000E+0	0.00000000E+0
-4.10156250E-1	-3.78820987E-5	-3.78820987E-5	-4.10156250E-1	0.00000000E+0	0.00000000E+0
-4.07714844E-1	-3.76663993E-5	-3.76663993E-5	-4.07714844E-1	0.00000000E+0	0.00000000E+0
-4.05273437E-1	-3.74449992E-5	-3.74449992E-5	-4.05273437E-1	0.00000000E+0	0.00000000E+0
-4.02832031E-1	-3.72159993E-5	-3.72159993E-5	-4.02832031E-1	0.00000000E+0	0.00000000E+0
-4.00390625E-1	-3.70021990E-5	-3.70021990E-5	-4.00390625E-1	0.00000000E+0	0.00000000E+0
-3.97949219E-1	-3.67770008E-5	-3.67770008E-5	-3.97949219E-1	0.00000000E+0	0.00000000E+0
-3.95507812E-1	-3.65747001E-5	-3.65747001E-5	-3.95507812E-1	0.00000000E+0	0.00000000E+0
-3.93066406E-1	-3.63305007E-5	-3.63305007E-5	-3.93066406E-1	0.00000000E+0	0.00000000E+0
-3.90625000E-1	-3.60861995E-5	-3.60861995E-5	-3.90625000E-1	0.00000000E+0	0.00000000E+0
-3.88183594E-1	-3.59029000E-5	-3.59029000E-5	-3.88183594E-1	0.00000000E+0	0.00000000E+0
-3.85742187E-1	-3.56700984E-5	-3.56700984E-5	-3.85742187E-1	0.00000000E+0	0.00000000E+0
-3.83300781E-1	-3.54678014E-5	-3.54678014E-5	-3.83300781E-1	0.00000000E+0	0.00000000E+0
-3.80859375E-1	-3.52159004E-5	-3.52159004E-5	-3.80859375E-1	0.00000000E+0	0.00000000E+0
-3.78417969E-1	-3.50098016E-5	-3.50098016E-5	-3.78417969E-1	0.00000000E+0	0.00000000E+0
-3.75976562E-1	-3.47960013E-5	-3.47960013E-5	-3.75976562E-1	0.00000000E+0	0.00000000E+0
-3.73535156E-1	-3.45898989E-5	-3.45898989E-5	-3.73535156E-1	0.00000000E+0	0.00000000E+0
-3.71093750E-1	-3.43456013E-5	-3.43456013E-5	-3.71093750E-1	0.00000000E+0	0.00000000E+0
-3.68652344E-1	-3.41433006E-5	-3.41433006E-5	-3.68652344E-1	0.00000000E+0	0.00000000E+0
-3.66210937E-1	-3.39180988E-5	-3.39180988E-5	-3.66210937E-1	0.00000000E+0	0.00000000E+0
-3.63769531E-1	-3.36853009E-5	-3.36853009E-5	-3.63769531E-1	0.00000000E+0	0.00000000E+0
-3.61328125E-1	-3.34524011E-5	-3.34524011E-5	-3.61328125E-1	0.00000000E+0	0.00000000E+0
-3.58886719E-1	-3.32290983E-5	-3.32290983E-5	-3.58886719E-1	0.00000000E+0	0.00000000E+0
-3.56445312E-1	-3.30135008E-5	-3.30135008E-5	-3.56445312E-1	0.00000000E+0	0.00000000E+0
-3.54003906E-1	-3.27921007E-5	-3.27921007E-5	-3.54003906E-1	0.00000000E+0	0.00000000E+0
-3.51562500E-1	-3.25668989E-5	-3.25668989E-5	-3.51562500E-1	0.00000000E+0	0.00000000E+0
-3.49121094E-1	-3.23530985E-5	-3.23530985E-5	-3.49121094E-1	0.00000000E+0	0.00000000E+0
-3.46679687E-1	-3.21240987E-5	-3.21240987E-5	-3.46679687E-1	0.00000000E+0	0.00000000E+0
-3.44238281E-1	-3.19102983E-5	-3.19102983E-5	-3.44238281E-1	0.00000000E+0	0.00000000E+0
-3.41796875E-1	-3.16736987E-5	-3.16736987E-5	-3.41796875E-1	0.00000000E+0	0.00000000E+0
-3.39355469E-1	-3.14675999E-5	-3.14675999E-5	-3.39355469E-1	0.00000000E+0	0.00000000E+0
-3.36914062E-1	-3.12156008E-5	-3.12156008E-5	-3.36914062E-1	0.00000000E+0	0.00000000E+0
-3.34472656E-1	-3.10018986E-5	-3.10018986E-5	-3.34472656E-1	0.00000000E+0	0.00000000E+0
-3.32031250E-1	-3.07880982E-5	-3.07880982E-5	-3.32031250E-1	0.00000000E+0	0.00000000E+0
-3.29589844E-1	-3.05743997E-5	-3.05743997E-5	-3.29589844E-1	0.00000000E+0	0.00000000E+0
-3.27148437E-1	-3.03415000E-5	-3.03415000E-5	-3.27148437E-1	0.00000000E+0	0.00000000E+0
-3.24707031E-1	-3.01239997E-5	-3.01239997E-5	-3.24707031E-1	0.00000000E+0	0.00000000E+0
-3.22265625E-1	-2.99025996E-5	-2.99025996E-5	-3.22265625E-1	0.00000000E+0	0.00000000E+0
-3.19824219E-1	-2.96659000E-5	-2.96659000E-5	-3.19824219E-1	0.00000000E+0	0.00000000E+0
-3.17382812E-1	-2.94521997E-5	-2.94521997E-5	-3.17382812E-1	0.00000000E+0	0.00000000E+0
-3.14941406E-1	-2.92307996E-5	-2.92307996E-5	-3.14941406E-1	0.00000000E+0	0.00000000E+0
-3.12500000E-1	-2.89940999E-5	-2.89940999E-5	-3.12500000E-1	0.00000000E+0	0.00000000E+0
-3.10058594E-1	-2.87803996E-5	-2.87803996E-5	-3.10058594E-1	0.00000000E+0	0.00000000E+0
-3.07617187E-1	-2.85665992E-5	-2.85665992E-5	-3.07617187E-1	0.00000000E+0	0.00000000E+0
-3.05175781E-1	-2.83375994E-5	-2.83375994E-5	-3.05175781E-1	0.00000000E+0	0.00000000E+0
-3.02734375E-1	-2.81161992E-5	-2.81161992E-5	-3.02734375E-1	0.00000000E+0	0.00000000E+0
-3.00292969E-1	-2.78871994E-5	-2.78871994E-5	-3.00292969E-1	0.00000000E+0	0.00000000E+0
-2.97851562E-1	-2.76811006E-5	-2.76811006E-5	-2.97851562E-1	0.00000000E+0	0.00000000E+0
-2.95410156E-1	-2.74482009E-5	-2.74482009E-5	-2.95410156E-1	0.00000000E+0	0.00000000E+0
-2.92968750E-1	-2.72153993E-5	-2.72153993E-5	-2.92968750E-1	0.00000000E+0	0.00000000E+0
-2.90527344E-1	-2.69939992E-5	-2.69939992E-5	-2.90527344E-1	0.00000000E+0	0.00000000E+0
-2.88085937E-1	-2.67649993E-5	-2.67649993E-5	-2.88085937E-1	0.00000000E+0	0.00000000E+0
-2.85644531E-1	-2.65512008E-5	-2.65512008E-5	-2.85644531E-1	0.00000000E+0	0.00000000E+0
-2.83203125E-1	-2.63221991E-5	-2.63221991E-5	-2.83203125E-1	0.00000000E+0	0.00000000E+0
-2.80761719E-1	-2.61085006E-5	-2.61085006E-5	-2.80761719E-1	0.00000000E+0	0.00000000E+0
-2.78320312E-1	-2.58794007E-5	-2.58794007E-5	-2.78320312E-1	0.00000000E+0	0.00000000E+0
-2.75878906E-1	-2.56657004E-5	-2.56657004E-5	-2.75878906E-1	0.00000000E+0	0.00000000E+0
-2.73437500E-1	-2.54328006E-5	-2.54328006E-5	-2.73437500E-1	0.00000000E+0	0.00000000E+0
-2.70996094E-1	-2.52229001E-5	-2.52229001E-5	-2.70996094E-1	0.00000000E+0	0.00000000E+0
-2.68554687E-1	-2.49939003E-5	-2.49939003E-5	-2.68554687E-1	0.00000000E+0	0.00000000E+0
-2.66113281E-1	-2.47649004E-5	-2.47649004E-5	-2.66113281E-1	0.00000000E+0	0.00000000E+0
-2.63671875E-1	-2.45511001E-5	-2.45511001E-5	-2.63671875E-1	0.00000000E+0	0.00000000E+0
-2.61230469E-1	-2.43373997E-5	-2.43373997E-5	-2.61230469E-1	0.00000000E+0	0.00000000E+0
-2.58789062E-1	-2.41273992E-5	-2.41273992E-5	-2.58789062E-1	0.00000000E+0	0.00000000E+0
-2.56347656E-1	-2.38945995E-5	-2.38945995E-5	-2.56347656E-1	0.00000000E+0	0.00000000E+0
-2.53906250E-1	-2.36655997E-5	-2.36655997E-5	-2.53906250E-1	0.00000000E+0	0.00000000E+0
-2.51464844E-1	-2.34441995E-5	-2.34441995E-5	-2.51464844E-1	0.00000000E+0	0.00000000E+0
-2.49023437E-1	-2.32342009E-5	-2.32342009E-5	-2.49023437E-1	0.00000000E+0	0.00000000E+0
-2.46582031E-1	-2.30140995E-5	-2.30140995E-5	-2.46582031E-1	0.00000000E+0	0.00000000E+0
-2.44140625E-1	-2.27953005E-5	-2.27953005E-5	-2.44140625E-1	0.00000000E+0	0.00000000E+0
-2.41699219E-1	-2.25663007E-5	-2.25663007E-5	-2.41699219E-1	0.00000000E+0	0.00000000E+0
-2.39257812E-1	-2.23372008E-5	-2.23372008E-5	-2.39257812E-1	0.00000000E+0	0.00000000E+0
-2.36816406E-1	-2.21311002E-5	-2.21311002E-5	-2.36816406E-1	0.00000000E+0	0.00000000E+0
-2.34375000E-1	-2.19097001E-5	-2.19097001E-5	-2.34375000E-1	0.00000000E+0	0.00000000E+0
-2.31933594E-1	-2.16781991E-5	-2.16781991E-5	-2.31933594E-1	0.00000000E+0	0.00000000E+0
-2.29492187E-1	-2.14517004E-5	-2.14517004E-5	-2.29492187E-1	0.00000000E+0	0.00000000E+0
-2.27050781E-1	-2.12379000E-5	-2.12379000E-5	-2.27050781E-1	0.00000000E+0	0.00000000E+0
-2.24609375E-1	-2.10089001E-5	-2.10089001E-5	-2.24609375E-1	0.00000000E+0	0.00000000E+0
-2.22167969E-1	-2.07989997E-5	-2.07989997E-5	-2.22167969E-1	0.00000000E+0	0.00000000E+0
-2.19726562E-1	-2.05585002E-5	-2.05585002E-5	-2.19726562E-1	0.00000000E+0	0.00000000E+0
-2.17285156E-1	-2.03408999E-5	-2.03408999E-5	-2.17285156E-1	0.00000000E+0	0.00000000E+0
-2.14843750E-1	-2.01233997E-5	-2.01233997E-5	-2.14843750E-1	0.00000000E+0	0.00000000E+0
-2.12402344E-1	-1.99095994E-5	-1.99095994E-5	-2.12402344E-1	0.00000000E+0	0.00000000E+0
-2.09960937E-1	-1.96805995E-5	-1.96805995E-5	-2.09960937E-1	0.00000000E+0	0.00000000E+0
-2.07519531E-1	-1.94476997E-5	-1.94476997E-5	-2.07519531E-1	0.00000000E+0	0.00000000E+0
-2.05078125E-1	-1.92224998E-5	-1.92224998E-5	-2.05078125E-1	0.00000000E+0	0.00000000E+0
-2.02636719E-1	-1.90087994E-5	-1.90087994E-5	-2.02636719E-1	0.00000000E+0	0.00000000E+0
-2.00195312E-1	-1.87835994E-5	-1.87835994E-5	-2.00195312E-1	0.00000000E+0	0.00000000E+0
-1.97753906E-1	-1.85506997E-5	-1.85506997E-5	-1.97753906E-1	0.00000000E+0	0.00000000E+0
-1.95312500E-1	-1.83216998E-5	-1.83216998E-5	-1.95312500E-1	0.00000000E+0	0.00000000E+0
-1.92871094E-1	-1.81079995E-5	-1.81079995E-5	-1.92871094E-1	0.00000000E+0	0.00000000E+0
-1.90429687E-1	-1.78788996E-5	-1.78788996E-5	-1.90429687E-1	0.00000000E+0	0.00000000E+0
-1.87988281E-1	-1.76651993E-5	-1.76651993E-5	-1.87988281E-1	0.00000000E+0	0.00000000E+0
-1.85546875E-1	-1.74157994E-5	-1.74157994E-5	-1.85546875E-1	0.00000000E+0	0.00000000E+0
-1.83105469E-1	-1.71970005E-5	-1.71970005E-5	-1.83105469E-1	0.00000000E+0	0.00000000E+0
-1.80664062E-1	-1.69629002E-5	-1.69629002E-5	-1.80664062E-1	0.00000000E+0	0.00000000E+0
-1.78222656E-1	-1.67490998E-5	-1.67490998E-5	-1.78222656E-1	0.00000000E+0	0.00000000E+0
-1.75781250E-1	-1.65238998E-5	-1.65238998E-5	-1.75781250E-1	0.00000000E+0	0.00000000E+0
-1.73339844E-1	-1.63006007E-5	-1.63006007E-5	-1.73339844E-1	0.00000000E+0	0.00000000E+0
-1.70898437E-1	-1.60620002E-5	-1.60620002E-5	-1.70898437E-1	0.00000000E+0	0.00000000E+0
-1.68457031E-1	-1.58407001E-5	-1.58407001E-5	-1.68457031E-1	0.00000000E+0	0.00000000E+0
-1.66015625E-1	-1.56014994E-5	-1.56014994E-5	-1.66015625E-1	0.00000000E+0	0.00000000E+0
-1.63574219E-1	-1.53768997E-5	-1.53768997E-5	-1.63574219E-1	0.00000000E+0	0.00000000E+0
-1.61132812E-1	-1.51485001E-5	-1.51485001E-5	-1.61132812E-1	0.00000000E+0	0.00000000E+0
-1.58691406E-1	-1.49283997E-5	-1.49283997E-5	-1.58691406E-1	0.00000000E+0	0.00000000E+0
-1.56250000E-1	-1.46954999E-5	-1.46954999E-5	-1.56250000E-1	0.00000000E+0	0.00000000E+0
-1.53808594E-1	-1.44691003E-5	-1.44691003E-5	-1.53808594E-1	0.00000000E+0	0.00000000E+0
-1.51367187E-1	-1.42356002E-5	-1.42356002E-5	-1.51367187E-1	0.00000000E+0	0.00000000E+0
-1.48925781E-1	-1.40109996E-5	-1.40109996E-5	-1.48925781E-1	0.00000000E+0	0.00000000E+0
-1.46484375E-1	-1.37871002E-5	-1.37871002E-5	-1.46484375E-1	0.00000000E+0	0.00000000E+0
-1.44042969E-1	-1.35529999E-5	-1.35529999E-5	-1.44042969E-1	0.00000000E+0	0.00000000E+0
-1.41601562E-1	-1.33270996E-5	-1.33270996E-5	-1.41601562E-1	0.00000000E+0	0.00000000E+0
-1.39160156E-1	-1.31077004E-5	-1.31077004E-5	-1.39160156E-1	0.00000000E+0	0.00000000E+0
-1.36718750E-1	-1.28756001E-5	-1.28756001E-5	-1.36718750E-1	0.00000000E+0	0.00000000E+0
-1.34277344E-1	-1.26547002E-5	-1.26547002E-5	-1.34277344E-1	0.00000000E+0	0.00000000E+0
-1.31835937E-1	-1.24319004E-5	-1.24319004E-5	-1.31835937E-1	0.00000000E+0	0.00000000E+0
-1.29394531E-1	-1.22018000E-5	-1.22018000E-5	-1.29394531E-1	0.00000000E+0	0.00000000E+0
-1.26953125E-1	-1.19677998E-5	-1.19677998E-5	-1.26953125E-1	0.00000000E+0	0.00000000E+0
-1.24511719E-1	-1.17464997E-5	-1.17464997E-5	-1.24511719E-1	0.00000000E+0	0.00000000E+0
-1.22070312E-1	-1.15153998E-5	-1.15153998E-5	-1.22070312E-1	0.00000000E+0	0.00000000E+0
-1.19628906E-1	-1.12913003E-5	-1.12913003E-5	-1.19628906E-1	0.00000000E+0	0.00000000E+0
-1.17187500E-1	-1.10519004E-5	-1.10519004E-5	-1.17187500E-1	0.00000000E+0	0.00000000E+0
-1.14746094E-1	-1.08339000E-5	-1.08339000E-5	-1.14746094E-1	0.00000000E+0	0.00000000E+0
-1.12304687E-1	-1.06022999E-5	-1.06022999E-5	-1.12304687E-1	0.00000000E+0	0.00000000E+0
-1.09863281E-1	-1.03893999E-5	-1.03893999E-5	-1.09863281E-1	0.00000000E+0	0.00000000E+0
-1.07421875E-1	-1.01547002E-5	-1.01547002E-5	-1.07421875E-1	0.00000000E+0	0.00000000E+0
-1.04980469E-1	-9.93144022E-6	-9.93144022E-6	-1.04980469E-1	0.00000000E+0	0.00000000E+0
-1.02539062E-1	-9.70093970E-6	-9.70093970E-6	-1.02539062E-1	0.00000000E+0	0.00000000E+0
-1.00097656E-1	-9.47551962E-6	-9.47551962E-6	-1.00097656E-1	0.00000000E+0	0.00000000E+0
-9.76562500E-2	-9.24412961E-6	-9.24412961E-6	-9.76562500E-2	0.00000000E+0	0.00000000E+0
-9.52148438E-2	-9.02393003E-6	-9.02393003E-6	-9.52148438E-2	0.00000000E+0	0.00000000E+0
-9.27734375E-2	-8.79076015E-6	-8.79076015E-6	-9.27734375E-2	0.00000000E+0	0.00000000E+0
-9.03320313E-2	-8.56369024E-6	-8.56369024E-6	-9.03320313E-2	0.00000000E+0	0.00000000E+0
-8.78906250E-2	-8.33165996E-6	-8.33165996E-6	-8.78906250E-2	0.00000000E+0	0.00000000E+0
-8.54492188E-2	-8.10345045E-6	-8.10345045E-6	-8.54492188E-2	0.00000000E+0	0.00000000E+0
-8.30078125E-2	-7.86874989E-6	-7.86874989E-6	-8.30078125E-2	0.00000000E+0	0.00000000E+0
-8.05664063E-2	-7.64474044E-6	-7.64474044E-6	-8.05664063E-2	0.00000000E+0	0.00000000E+0
-7.81250000E-2	-7.40736004E-6	-7.40736004E-6	-7.81250000E-2	0.00000000E+0	0.00000000E+0
-7.56835938E-2	-7.17952980E-6	-7.17952980E-6	-7.56835938E-2	0.00000000E+0	0.00000000E+0
-7.32421875E-2	-6.95170002E-6	-6.95170002E-6	-7.32421875E-2	0.00000000E+0	0.00000000E+0
-7.08007813E-2	-6.72195983E-6	-6.72195983E-6	-7.08007813E-2	0.00000000E+0	0.00000000E+0
-6.83593750E-2	-6.49222011E-6	-6.49222011E-6	-6.83593750E-2	0.00000000E+0	0.00000000E+0
-6.59179688E-2	-6.26478004E-6	-6.26478004E-6	-6.59179688E-2	0.00000000E+0	0.00000000E+0
-6.34765625E-2	-6.03160015E-6	-6.03160015E-6	-6.34765625E-2	0.00000000E+0	0.00000000E+0
-6.10351563E-2	-5.80071992E-6	-5.80071992E-6	-6.10351563E-2	0.00000000E+0	0.00000000E+0
-5.85937500E-2	-5.56373016E-6	-5.56373016E-6	-5.85937500E-2	0.00000000E+0	0.00000000E+0
-5.61523438E-2	-5.33894990E-6	-5.33894990E-6	-5.61523438E-2	0.00000000E+0	0.00000000E+0
-5.37109375E-2	-5.10387008E-6	-5.10387008E-6	-5.37109375E-2	0.00000000E+0	0.00000000E+0
-5.12695313E-2	-4.87794978E-6	-4.87794978E-6	-5.12695313E-2	0.00000000E+0	0.00000000E+0
-4.88281250E-2	-4.63828019E-6	-4.63828019E-6	-4.88281250E-2	0.00000000E+0	0.00000000E+0
-4.63867188E-2	-4.41312977E-6	-4.41312977E-6	-4.63867188E-2	0.00000000E+0	0.00000000E+0
-4.39453125E-2	-4.17423007E-6	-4.17423007E-6	-4.39453125E-2	0.00000000E+0	0.00000000E+0
-4.15039063E-2	-3.94448989E-6	-3.94448989E-6	-4.15039063E-2	0.00000000E+0	0.00000000E+0
-3.90625000E-2	-3.70635007E-6	-3.70635007E-6	-3.90625000E-2	0.00000000E+0	0.00000000E+0
-3.66210938E-2	-3.47967011E-6	-3.47967011E-6	-3.66210938E-2	0.00000000E+0	0.00000000E+0
-3.41796875E-2	-3.24839993E-6	-3.24839993E-6	-3.41796875E-2	0.00000000E+0	0.00000000E+0
-3.17382813E-2	-3.02171998E-6	-3.02171998E-6	-3.17382813E-2	0.00000000E+0	0.00000000E+0
-2.92968750E-2	-2.78510993E-6	-2.78510993E-6	-2.92968750E-2	0.00000000E+0	0.00000000E+0
-2.68554688E-2	-2.56147996E-6	-2.56147996E-6	-2.68554688E-2	0.00000000E+0	0.00000000E+0
-2.44140625E-2	-2.32665002E-6	-2.32665002E-6	-2.44140625E-2	0.00000000E+0	0.00000000E+0
-2.19726563E-2	-2.09894006E-6	-2.09894006E-6	-2.19726563E-2	0.00000000E+0	0.00000000E+0
-1.95312500E-2	-1.86208001E-6	-1.86208001E-6	-1.95312500E-2	0.00000000E+0	0.00000000E+0
-1.70898438E-2	-1.63845004E-6	-1.63845004E-6	-1.70898438E-2	0.00000000E+0	0.00000000E+0
-1.46484375E-2	-1.40641998E-6	-1.40641998E-6	-1.46484375E-2	0.00000000E+0	0.00000000E+0
-1.22070313E-2	-1.18167998E-6	-1.18167998E-6	-1.22070313E-2	0.00000000E+0	0.00000000E+0
-9.76562500E-3	-9.47394028E-7	-9.47394028E-7	-9.76562500E-3	0.00000000E+0	0.00000000E+0
-7.32421875E-3	-7.23488995E-7	-7.23488995E-7	-7.32421875E-3	0.00000000E+0	0.00000000E+0
-4.88281250E-3	-4.92024981E-7	-4.92024981E-7	-4.88281250E-3	0.00000000E+0	0.00000000E+0
-2.44140625E-3	-2.68196999E-7	-2.68196999E-7	-2.44140625E-3	0.00000000E+0	0.00000000E+0
0.00000000E+0	-3.76163989E-8	-3.76163989E-8	0.00000000E+0	0.00000000E+0	0.00000000E+0
