Date: do 28 mrt 2013, Material: Au, Temp: 4.2 K
AO1 - module gain: 1.0E+0, R_out: 0.0
AO2 - module gain: 1.0E+2
MUX1 - ADC gain: 4, logarithmic amplifier: D:\LabVIEW Data\Lithographic MCBJ\MED24_070412.TXT, R_in: 0.000
MUX2 - ADC gain: 4, linear amplifier: 1.000000 x 1e10 V/A, R_in: 1.000
Breaking trace: 15 0
Axis position: -885.548442
Vbias (V)	<I> and Ii MUX1 (A)	Vbias (V)	<I> and Ii MUX2 (A)
@
0.00000000E+0	7.26634031E-11	7.26634031E-11	0.00000000E+0	0.00000000E+0	0.00000000E+0
2.44140625E-3	1.38815001E-10	1.38815001E-10	2.44140625E-3	0.00000000E+0	0.00000000E+0
4.88281250E-3	3.16700999E-10	3.16700999E-10	4.88281250E-3	0.00000000E+0	0.00000000E+0
7.32421875E-3	5.88738003E-10	5.88738003E-10	7.32421875E-3	0.00000000E+0	0.00000000E+0
9.76562500E-3	8.92682983E-10	8.92682983E-10	9.76562500E-3	0.00000000E+0	0.00000000E+0
1.22070313E-2	1.24017996E-9	1.24017996E-9	1.22070313E-2	0.00000000E+0	0.00000000E+0
1.46484375E-2	1.58227997E-9	1.58227997E-9	1.46484375E-2	0.00000000E+0	0.00000000E+0
1.70898438E-2	1.89306992E-9	1.89306992E-9	1.70898438E-2	0.00000000E+0	0.00000000E+0
1.95312500E-2	2.19613994E-9	2.19613994E-9	1.95312500E-2	0.00000000E+0	0.00000000E+0
2.19726563E-2	2.46415999E-9	2.46415999E-9	2.19726563E-2	0.00000000E+0	0.00000000E+0
2.44140625E-2	2.73521006E-9	2.73521006E-9	2.44140625E-2	0.00000000E+0	0.00000000E+0
2.68554688E-2	3.00133007E-9	3.00133007E-9	2.68554688E-2	0.00000000E+0	0.00000000E+0
2.92968750E-2	3.29819994E-9	3.29819994E-9	2.92968750E-2	0.00000000E+0	0.00000000E+0
3.17382813E-2	3.61100994E-9	3.61100994E-9	3.17382813E-2	0.00000000E+0	0.00000000E+0
3.41796875E-2	3.93976984E-9	3.93976984E-9	3.41796875E-2	0.00000000E+0	0.00000000E+0
3.66210938E-2	4.26435021E-9	4.26435021E-9	3.66210938E-2	0.00000000E+0	0.00000000E+0
3.90625000E-2	4.61549998E-9	4.61549998E-9	3.90625000E-2	0.00000000E+0	0.00000000E+0
4.15039063E-2	4.92167018E-9	4.92167018E-9	4.15039063E-2	0.00000000E+0	0.00000000E+0
4.39453125E-2	5.19785015E-9	5.19785015E-9	4.39453125E-2	0.00000000E+0	0.00000000E+0
4.63867188E-2	5.38235012E-9	5.38235012E-9	4.63867188E-2	0.00000000E+0	0.00000000E+0
4.88281250E-2	5.29200017E-9	5.29200017E-9	4.88281250E-2	0.00000000E+0	0.00000000E+0
5.12695313E-2	6.14996010E-9	6.14996010E-9	5.12695313E-2	0.00000000E+0	0.00000000E+0
5.37109375E-2	6.25170005E-9	6.25170005E-9	5.37109375E-2	0.00000000E+0	0.00000000E+0
5.61523438E-2	6.16704021E-9	6.16704021E-9	5.61523438E-2	0.00000000E+0	0.00000000E+0
5.85937500E-2	6.00038019E-9	6.00038019E-9	5.85937500E-2	0.00000000E+0	0.00000000E+0
6.10351563E-2	5.85461013E-9	5.85461013E-9	6.10351563E-2	0.00000000E+0	0.00000000E+0
6.34765625E-2	5.64733016E-9	5.64733016E-9	6.34765625E-2	0.00000000E+0	0.00000000E+0
6.59179688E-2	5.50459012E-9	5.50459012E-9	6.59179688E-2	0.00000000E+0	0.00000000E+0
6.83593750E-2	5.34893996E-9	5.34893996E-9	6.83593750E-2	0.00000000E+0	0.00000000E+0
7.08007813E-2	5.21644994E-9	5.21644994E-9	7.08007813E-2	0.00000000E+0	0.00000000E+0
7.32421875E-2	5.10598008E-9	5.10598008E-9	7.32421875E-2	0.00000000E+0	0.00000000E+0
7.56835938E-2	5.01032016E-9	5.01032016E-9	7.56835938E-2	0.00000000E+0	0.00000000E+0
7.81250000E-2	4.91465002E-9	4.91465002E-9	7.81250000E-2	0.00000000E+0	0.00000000E+0
8.05664063E-2	4.87669016E-9	4.87669016E-9	8.05664063E-2	0.00000000E+0	0.00000000E+0
8.30078125E-2	4.79165019E-9	4.79165019E-9	8.30078125E-2	0.00000000E+0	0.00000000E+0
8.54492188E-2	4.77038986E-9	4.77038986E-9	8.54492188E-2	0.00000000E+0	0.00000000E+0
8.78906250E-2	4.72484007E-9	4.72484007E-9	8.78906250E-2	0.00000000E+0	0.00000000E+0
9.03320313E-2	4.66864991E-9	4.66864991E-9	9.03320313E-2	0.00000000E+0	0.00000000E+0
9.27734375E-2	4.63980010E-9	4.63980010E-9	9.27734375E-2	0.00000000E+0	0.00000000E+0
9.52148438E-2	4.61246996E-9	4.61246996E-9	9.52148438E-2	0.00000000E+0	0.00000000E+0
9.76562500E-2	4.58324001E-9	4.58324001E-9	9.76562500E-2	0.00000000E+0	0.00000000E+0
1.00097656E-1	4.55856020E-9	4.55856020E-9	1.00097656E-1	0.00000000E+0	0.00000000E+0
1.02539062E-1	4.50237003E-9	4.50237003E-9	1.02539062E-1	0.00000000E+0	0.00000000E+0
1.04980469E-1	4.51073001E-9	4.51073001E-9	1.04980469E-1	0.00000000E+0	0.00000000E+0
1.07421875E-1	4.40822978E-9	4.40822978E-9	1.07421875E-1	0.00000000E+0	0.00000000E+0
1.09863281E-1	4.41733983E-9	4.41733983E-9	1.09863281E-1	0.00000000E+0	0.00000000E+0
1.12304687E-1	4.34748992E-9	4.34748992E-9	1.12304687E-1	0.00000000E+0	0.00000000E+0
1.14746094E-1	4.35964020E-9	4.35964020E-9	1.14746094E-1	0.00000000E+0	0.00000000E+0
1.17187500E-1	4.29053992E-9	4.29053992E-9	1.17187500E-1	0.00000000E+0	0.00000000E+0
1.19628906E-1	4.32926006E-9	4.32926006E-9	1.19628906E-1	0.00000000E+0	0.00000000E+0
1.22070312E-1	4.30800995E-9	4.30800995E-9	1.22070312E-1	0.00000000E+0	0.00000000E+0
1.24511719E-1	4.35659997E-9	4.35659997E-9	1.24511719E-1	0.00000000E+0	0.00000000E+0
1.26953125E-1	4.34140990E-9	4.34140990E-9	1.26953125E-1	0.00000000E+0	0.00000000E+0
1.29394531E-1	4.38088987E-9	4.38088987E-9	1.29394531E-1	0.00000000E+0	0.00000000E+0
1.31835937E-1	4.38393011E-9	4.38393011E-9	1.31835937E-1	0.00000000E+0	0.00000000E+0
1.34277344E-1	4.47067983E-9	4.47067983E-9	1.34277344E-1	0.00000000E+0	0.00000000E+0
1.36718750E-1	4.45758008E-9	4.45758008E-9	1.36718750E-1	0.00000000E+0	0.00000000E+0
1.39160156E-1	4.52970994E-9	4.52970994E-9	1.39160156E-1	0.00000000E+0	0.00000000E+0
1.41601562E-1	4.54793003E-9	4.54793003E-9	1.41601562E-1	0.00000000E+0	0.00000000E+0
1.44042969E-1	4.63980010E-9	4.63980010E-9	1.44042969E-1	0.00000000E+0	0.00000000E+0
1.46484375E-1	4.68003991E-9	4.68003991E-9	1.46484375E-1	0.00000000E+0	0.00000000E+0
1.48925781E-1	4.75368989E-9	4.75368989E-9	1.48925781E-1	0.00000000E+0	0.00000000E+0
1.51367187E-1	4.81594986E-9	4.81594986E-9	1.51367187E-1	0.00000000E+0	0.00000000E+0
1.53808594E-1	4.90706009E-9	4.90706009E-9	1.53808594E-1	0.00000000E+0	0.00000000E+0
1.56250000E-1	4.94596986E-9	4.94596986E-9	1.56250000E-1	0.00000000E+0	0.00000000E+0
1.58691406E-1	5.01032016E-9	5.01032016E-9	1.58691406E-1	0.00000000E+0	0.00000000E+0
1.61132812E-1	5.07978992E-9	5.07978992E-9	1.61132812E-1	0.00000000E+0	0.00000000E+0
1.63574219E-1	5.17887022E-9	5.17887022E-9	1.63574219E-1	0.00000000E+0	0.00000000E+0
1.66015625E-1	5.23847010E-9	5.23847010E-9	1.66015625E-1	0.00000000E+0	0.00000000E+0
1.68457031E-1	5.33982991E-9	5.33982991E-9	1.68457031E-1	0.00000000E+0	0.00000000E+0
1.70898437E-1	5.41272005E-9	5.41272005E-9	1.70898437E-1	0.00000000E+0	0.00000000E+0
1.73339844E-1	5.51293988E-9	5.51293988E-9	1.73339844E-1	0.00000000E+0	0.00000000E+0
1.75781250E-1	5.59266011E-9	5.59266011E-9	1.75781250E-1	0.00000000E+0	0.00000000E+0
1.78222656E-1	5.67465985E-9	5.67465985E-9	1.78222656E-1	0.00000000E+0	0.00000000E+0
1.80664062E-1	5.75135006E-9	5.75135006E-9	1.80664062E-1	0.00000000E+0	0.00000000E+0
1.83105469E-1	5.81511994E-9	5.81511994E-9	1.83105469E-1	0.00000000E+0	0.00000000E+0
1.85546875E-1	5.88953020E-9	5.88953020E-9	1.85546875E-1	0.00000000E+0	0.00000000E+0
1.87988281E-1	5.95785998E-9	5.95785998E-9	1.87988281E-1	0.00000000E+0	0.00000000E+0
1.90429687E-1	6.02125994E-9	6.02125994E-9	1.90429687E-1	0.00000000E+0	0.00000000E+0
1.92871094E-1	6.09073014E-9	6.09073014E-9	1.92871094E-1	0.00000000E+0	0.00000000E+0
1.95312500E-1	6.15374995E-9	6.15374995E-9	1.95312500E-1	0.00000000E+0	0.00000000E+0
1.97753906E-1	6.22322016E-9	6.22322016E-9	1.97753906E-1	0.00000000E+0	0.00000000E+0
2.00195312E-1	6.30446007E-9	6.30446007E-9	2.00195312E-1	0.00000000E+0	0.00000000E+0
2.02636719E-1	6.38152997E-9	6.38152997E-9	2.02636719E-1	0.00000000E+0	0.00000000E+0
2.05078125E-1	6.45631015E-9	6.45631015E-9	2.05078125E-1	0.00000000E+0	0.00000000E+0
2.07519531E-1	6.54552990E-9	6.54552990E-9	2.07519531E-1	0.00000000E+0	0.00000000E+0
2.09960937E-1	6.64347022E-9	6.64347022E-9	2.09960937E-1	0.00000000E+0	0.00000000E+0
2.12402344E-1	6.69585987E-9	6.69585987E-9	2.12402344E-1	0.00000000E+0	0.00000000E+0
2.14843750E-1	6.81544021E-9	6.81544021E-9	2.14843750E-1	0.00000000E+0	0.00000000E+0
2.17285156E-1	6.86365009E-9	6.86365009E-9	2.17285156E-1	0.00000000E+0	0.00000000E+0
2.19726562E-1	6.94678981E-9	6.94678981E-9	2.19726562E-1	0.00000000E+0	0.00000000E+0
2.22167969E-1	7.03068981E-9	7.03068981E-9	2.22167969E-1	0.00000000E+0	0.00000000E+0
2.24609375E-1	7.09749992E-9	7.09749992E-9	2.24609375E-1	0.00000000E+0	0.00000000E+0
2.27050781E-1	7.16660020E-9	7.16660020E-9	2.27050781E-1	0.00000000E+0	0.00000000E+0
2.29492187E-1	7.23568983E-9	7.23568983E-9	2.29492187E-1	0.00000000E+0	0.00000000E+0
2.31933594E-1	7.30630001E-9	7.30630001E-9	2.31933594E-1	0.00000000E+0	0.00000000E+0
2.34375000E-1	7.37272998E-9	7.37272998E-9	2.34375000E-1	0.00000000E+0	0.00000000E+0
2.36816406E-1	7.45283035E-9	7.45283035E-9	2.36816406E-1	0.00000000E+0	0.00000000E+0
2.39257812E-1	7.51243956E-9	7.51243956E-9	2.39257812E-1	0.00000000E+0	0.00000000E+0
2.41699219E-1	7.61644969E-9	7.61644969E-9	2.41699219E-1	0.00000000E+0	0.00000000E+0
2.44140625E-1	7.66543007E-9	7.66543007E-9	2.44140625E-1	0.00000000E+0	0.00000000E+0
2.46582031E-1	7.74134978E-9	7.74134978E-9	2.46582031E-1	0.00000000E+0	0.00000000E+0
2.49023437E-1	7.79905029E-9	7.79905029E-9	2.49023437E-1	0.00000000E+0	0.00000000E+0
2.51464844E-1	7.90307020E-9	7.90307020E-9	2.51464844E-1	0.00000000E+0	0.00000000E+0
2.53906250E-1	8.00670996E-9	8.00670996E-9	2.53906250E-1	0.00000000E+0	0.00000000E+0
2.56347656E-1	8.06176015E-9	8.06176015E-9	2.56347656E-1	0.00000000E+0	0.00000000E+0
2.58789062E-1	8.12705014E-9	8.12705014E-9	2.58789062E-1	0.00000000E+0	0.00000000E+0
2.61230469E-1	8.23828028E-9	8.23828028E-9	2.61230469E-1	0.00000000E+0	0.00000000E+0
2.63671875E-1	8.28041991E-9	8.28041991E-9	2.63671875E-1	0.00000000E+0	0.00000000E+0
2.66113281E-1	8.35559000E-9	8.35559000E-9	2.66113281E-1	0.00000000E+0	0.00000000E+0
2.68554687E-1	8.44555981E-9	8.44555981E-9	2.68554687E-1	0.00000000E+0	0.00000000E+0
2.70996094E-1	8.51844995E-9	8.51844995E-9	2.70996094E-1	0.00000000E+0	0.00000000E+0
2.73437500E-1	8.61752980E-9	8.61752980E-9	2.73437500E-1	0.00000000E+0	0.00000000E+0
2.75878906E-1	8.70408012E-9	8.70408012E-9	2.75878906E-1	0.00000000E+0	0.00000000E+0
2.78320312E-1	8.77318040E-9	8.77318040E-9	2.78320312E-1	0.00000000E+0	0.00000000E+0
2.80761719E-1	8.84833984E-9	8.84833984E-9	2.80761719E-1	0.00000000E+0	0.00000000E+0
2.83203125E-1	8.91034979E-9	8.91034979E-9	2.83203125E-1	0.00000000E+0	0.00000000E+0
2.85644531E-1	8.99450026E-9	8.99450026E-9	2.85644531E-1	0.00000000E+0	0.00000000E+0
2.88085937E-1	9.09243969E-9	9.09243969E-9	2.88085937E-1	0.00000000E+0	0.00000000E+0
2.90527344E-1	9.18316978E-9	9.18316978E-9	2.90527344E-1	0.00000000E+0	0.00000000E+0
2.92968750E-1	9.26821020E-9	9.26821020E-9	2.92968750E-1	0.00000000E+0	0.00000000E+0
2.95410156E-1	9.33604039E-9	9.33604039E-9	2.95410156E-1	0.00000000E+0	0.00000000E+0
2.97851562E-1	9.43107015E-9	9.43107015E-9	2.97851562E-1	0.00000000E+0	0.00000000E+0
3.00292969E-1	9.52559986E-9	9.52559986E-9	3.00292969E-1	0.00000000E+0	0.00000000E+0
3.02734375E-1	9.61443014E-9	9.61443014E-9	3.02734375E-1	0.00000000E+0	0.00000000E+0
3.05175781E-1	9.70744019E-9	9.70744019E-9	3.05175781E-1	0.00000000E+0	0.00000000E+0
3.07617187E-1	9.76451009E-9	9.76451009E-9	3.07617187E-1	0.00000000E+0	0.00000000E+0
3.10058594E-1	9.88433957E-9	9.88433957E-9	3.10058594E-1	0.00000000E+0	0.00000000E+0
3.12500000E-1	9.97062966E-9	9.97062966E-9	3.12500000E-1	0.00000000E+0	0.00000000E+0
3.14941406E-1	1.00683000E-8	1.00683000E-8	3.14941406E-1	0.00000000E+0	0.00000000E+0
3.17382812E-1	1.01784998E-8	1.01784998E-8	3.17382812E-1	0.00000000E+0	0.00000000E+0
3.19824219E-1	1.02516999E-8	1.02516999E-8	3.19824219E-1	0.00000000E+0	0.00000000E+0
3.22265625E-1	1.03352997E-8	1.03352997E-8	3.22265625E-1	0.00000000E+0	0.00000000E+0
3.24707031E-1	1.04223004E-8	1.04223004E-8	3.24707031E-1	0.00000000E+0	0.00000000E+0
3.27148437E-1	1.05201998E-8	1.05201998E-8	3.27148437E-1	0.00000000E+0	0.00000000E+0
3.29589844E-1	1.06049001E-8	1.06049001E-8	3.29589844E-1	0.00000000E+0	0.00000000E+0
3.32031250E-1	1.06774003E-8	1.06774003E-8	3.32031250E-1	0.00000000E+0	0.00000000E+0
3.34472656E-1	1.07642002E-8	1.07642002E-8	3.34472656E-1	0.00000000E+0	0.00000000E+0
3.36914062E-1	1.08886997E-8	1.08886997E-8	3.36914062E-1	0.00000000E+0	0.00000000E+0
3.39355469E-1	1.09535003E-8	1.09535003E-8	3.39355469E-1	0.00000000E+0	0.00000000E+0
3.41796875E-1	1.10737997E-8	1.10737997E-8	3.41796875E-1	0.00000000E+0	0.00000000E+0
3.44238281E-1	1.11513998E-8	1.11513998E-8	3.44238281E-1	0.00000000E+0	0.00000000E+0
3.46679687E-1	1.12462999E-8	1.12462999E-8	3.46679687E-1	0.00000000E+0	0.00000000E+0
3.49121094E-1	1.13447998E-8	1.13447998E-8	3.49121094E-1	0.00000000E+0	0.00000000E+0
3.51562500E-1	1.14017000E-8	1.14017000E-8	3.51562500E-1	0.00000000E+0	0.00000000E+0
3.54003906E-1	1.14769003E-8	1.14769003E-8	3.54003906E-1	0.00000000E+0	0.00000000E+0
3.56445312E-1	1.15976997E-8	1.15976997E-8	3.56445312E-1	0.00000000E+0	0.00000000E+0
3.58886719E-1	1.16481003E-8	1.16481003E-8	3.58886719E-1	0.00000000E+0	0.00000000E+0
3.61328125E-1	1.17405996E-8	1.17405996E-8	3.61328125E-1	0.00000000E+0	0.00000000E+0
3.63769531E-1	1.18539996E-8	1.18539996E-8	3.63769531E-1	0.00000000E+0	0.00000000E+0
3.66210937E-1	1.19117001E-8	1.19117001E-8	3.66210937E-1	0.00000000E+0	0.00000000E+0
3.68652344E-1	1.19815002E-8	1.19815002E-8	3.68652344E-1	0.00000000E+0	0.00000000E+0
3.71093750E-1	1.20585000E-8	1.20585000E-8	3.71093750E-1	0.00000000E+0	0.00000000E+0
3.73535156E-1	1.21649997E-8	1.21649997E-8	3.73535156E-1	0.00000000E+0	0.00000000E+0
3.75976562E-1	1.22171997E-8	1.22171997E-8	3.75976562E-1	0.00000000E+0	0.00000000E+0
3.78417969E-1	1.23374999E-8	1.23374999E-8	3.78417969E-1	0.00000000E+0	0.00000000E+0
3.80859375E-1	1.24017001E-8	1.24017001E-8	3.80859375E-1	0.00000000E+0	0.00000000E+0
3.83300781E-1	1.24890001E-8	1.24890001E-8	3.83300781E-1	0.00000000E+0	0.00000000E+0
3.85742187E-1	1.25542998E-8	1.25542998E-8	3.85742187E-1	0.00000000E+0	0.00000000E+0
3.88183594E-1	1.26524000E-8	1.26524000E-8	3.88183594E-1	0.00000000E+0	0.00000000E+0
3.90625000E-1	1.27252999E-8	1.27252999E-8	3.90625000E-1	0.00000000E+0	0.00000000E+0
3.93066406E-1	1.27959998E-8	1.27959998E-8	3.93066406E-1	0.00000000E+0	0.00000000E+0
3.95507812E-1	1.28137003E-8	1.28137003E-8	3.95507812E-1	0.00000000E+0	0.00000000E+0
3.97949219E-1	1.29254998E-8	1.29254998E-8	3.97949219E-1	0.00000000E+0	0.00000000E+0
4.00390625E-1	1.30893003E-8	1.30893003E-8	4.00390625E-1	0.00000000E+0	0.00000000E+0
4.02832031E-1	1.31771998E-8	1.31771998E-8	4.02832031E-1	0.00000000E+0	0.00000000E+0
4.05273437E-1	1.32498004E-8	1.32498004E-8	4.05273437E-1	0.00000000E+0	0.00000000E+0
4.07714844E-1	1.33492000E-8	1.33492000E-8	4.07714844E-1	0.00000000E+0	0.00000000E+0
4.10156250E-1	1.34219000E-8	1.34219000E-8	4.10156250E-1	0.00000000E+0	0.00000000E+0
4.12597656E-1	1.34792000E-8	1.34792000E-8	4.12597656E-1	0.00000000E+0	0.00000000E+0
4.15039062E-1	1.35824001E-8	1.35824001E-8	4.15039062E-1	0.00000000E+0	0.00000000E+0
4.17480469E-1	1.36473997E-8	1.36473997E-8	4.17480469E-1	0.00000000E+0	0.00000000E+0
4.19921875E-1	1.37366003E-8	1.37366003E-8	4.19921875E-1	0.00000000E+0	0.00000000E+0
4.22363281E-1	1.38193998E-8	1.38193998E-8	4.22363281E-1	0.00000000E+0	0.00000000E+0
4.24804687E-1	1.39015999E-8	1.39015999E-8	4.24804687E-1	0.00000000E+0	0.00000000E+0
4.27246094E-1	1.39812997E-8	1.39812997E-8	4.27246094E-1	0.00000000E+0	0.00000000E+0
4.29687500E-1	1.40507002E-8	1.40507002E-8	4.29687500E-1	0.00000000E+0	0.00000000E+0
4.32128906E-1	1.41519996E-8	1.41519996E-8	4.32128906E-1	0.00000000E+0	0.00000000E+0
4.34570312E-1	1.42080996E-8	1.42080996E-8	4.34570312E-1	0.00000000E+0	0.00000000E+0
4.37011719E-1	1.43278998E-8	1.43278998E-8	4.37011719E-1	0.00000000E+0	0.00000000E+0
4.39453125E-1	1.44100003E-8	1.44100003E-8	4.39453125E-1	0.00000000E+0	0.00000000E+0
4.41894531E-1	1.45036996E-8	1.45036996E-8	4.41894531E-1	0.00000000E+0	0.00000000E+0
4.44335937E-1	1.45802002E-8	1.45802002E-8	4.44335937E-1	0.00000000E+0	0.00000000E+0
4.46777344E-1	1.46643000E-8	1.46643000E-8	4.46777344E-1	0.00000000E+0	0.00000000E+0
4.49218750E-1	1.47560000E-8	1.47560000E-8	4.49218750E-1	0.00000000E+0	0.00000000E+0
4.51660156E-1	1.48585002E-8	1.48585002E-8	4.51660156E-1	0.00000000E+0	0.00000000E+0
4.54101562E-1	1.49446002E-8	1.49446002E-8	4.54101562E-1	0.00000000E+0	0.00000000E+0
4.56542969E-1	1.50101993E-8	1.50101993E-8	4.56542969E-1	0.00000000E+0	0.00000000E+0
4.58984375E-1	1.51154005E-8	1.51154005E-8	4.58984375E-1	0.00000000E+0	0.00000000E+0
4.61425781E-1	1.51944004E-8	1.51944004E-8	4.61425781E-1	0.00000000E+0	0.00000000E+0
4.63867187E-1	1.52740007E-8	1.52740007E-8	4.63867187E-1	0.00000000E+0	0.00000000E+0
4.66308594E-1	1.53524002E-8	1.53524002E-8	4.66308594E-1	0.00000000E+0	0.00000000E+0
4.68750000E-1	1.61806000E-8	1.61806000E-8	4.68750000E-1	0.00000000E+0	0.00000000E+0
4.71191406E-1	1.56327005E-8	1.56327005E-8	4.71191406E-1	0.00000000E+0	0.00000000E+0
4.73632812E-1	1.55816995E-8	1.55816995E-8	4.73632812E-1	0.00000000E+0	0.00000000E+0
4.76074219E-1	1.56836997E-8	1.56836997E-8	4.76074219E-1	0.00000000E+0	0.00000000E+0
4.78515625E-1	1.57601008E-8	1.57601008E-8	4.78515625E-1	0.00000000E+0	0.00000000E+0
4.80957031E-1	1.58569993E-8	1.58569993E-8	4.80957031E-1	0.00000000E+0	0.00000000E+0
4.83398437E-1	1.59029003E-8	1.59029003E-8	4.83398437E-1	0.00000000E+0	0.00000000E+0
4.85839844E-1	1.60328000E-8	1.60328000E-8	4.85839844E-1	0.00000000E+0	0.00000000E+0
4.88281250E-1	1.61551998E-8	1.61551998E-8	4.88281250E-1	0.00000000E+0	0.00000000E+0
4.90722656E-1	1.62087002E-8	1.62087002E-8	4.90722656E-1	0.00000000E+0	0.00000000E+0
4.93164062E-1	1.62978999E-8	1.62978999E-8	4.93164062E-1	0.00000000E+0	0.00000000E+0
4.90722656E-1	1.61551998E-8	1.61551998E-8	4.90722656E-1	0.00000000E+0	0.00000000E+0
4.88281250E-1	1.60863003E-8	1.60863003E-8	4.88281250E-1	0.00000000E+0	0.00000000E+0
4.85839844E-1	1.59921001E-8	1.59921001E-8	4.85839844E-1	0.00000000E+0	0.00000000E+0
4.83398437E-1	1.58799001E-8	1.58799001E-8	4.83398437E-1	0.00000000E+0	0.00000000E+0
4.80957031E-1	1.57843001E-8	1.57843001E-8	4.80957031E-1	0.00000000E+0	0.00000000E+0
4.78515625E-1	1.56836997E-8	1.56836997E-8	4.78515625E-1	0.00000000E+0	0.00000000E+0
4.76074219E-1	1.55741002E-8	1.55741002E-8	4.76074219E-1	0.00000000E+0	0.00000000E+0
4.73632812E-1	1.58263997E-8	1.58263997E-8	4.73632812E-1	0.00000000E+0	0.00000000E+0
4.71191406E-1	1.62239999E-8	1.62239999E-8	4.71191406E-1	0.00000000E+0	0.00000000E+0
4.68750000E-1	1.61321996E-8	1.61321996E-8	4.68750000E-1	0.00000000E+0	0.00000000E+0
4.66308594E-1	1.60175002E-8	1.60175002E-8	4.66308594E-1	0.00000000E+0	0.00000000E+0
4.63867187E-1	1.59487001E-8	1.59487001E-8	4.63867187E-1	0.00000000E+0	0.00000000E+0
4.61425781E-1	1.50618007E-8	1.50618007E-8	4.61425781E-1	0.00000000E+0	0.00000000E+0
4.58984375E-1	1.49446002E-8	1.49446002E-8	4.58984375E-1	0.00000000E+0	0.00000000E+0
4.56542969E-1	1.48646002E-8	1.48646002E-8	4.56542969E-1	0.00000000E+0	0.00000000E+0
4.54101562E-1	1.47790002E-8	1.47790002E-8	4.54101562E-1	0.00000000E+0	0.00000000E+0
4.51660156E-1	1.46719001E-8	1.46719001E-8	4.51660156E-1	0.00000000E+0	0.00000000E+0
4.49218750E-1	1.46031001E-8	1.46031001E-8	4.49218750E-1	0.00000000E+0	0.00000000E+0
4.46777344E-1	1.45036996E-8	1.45036996E-8	4.46777344E-1	0.00000000E+0	0.00000000E+0
4.44335937E-1	1.44424996E-8	1.44424996E-8	4.44335937E-1	0.00000000E+0	0.00000000E+0
4.41894531E-1	1.43814001E-8	1.43814001E-8	4.41894531E-1	0.00000000E+0	0.00000000E+0
4.39453125E-1	1.42844998E-8	1.42844998E-8	4.39453125E-1	0.00000000E+0	0.00000000E+0
4.37011719E-1	1.41978997E-8	1.41978997E-8	4.37011719E-1	0.00000000E+0	0.00000000E+0
4.34570312E-1	1.41061003E-8	1.41061003E-8	4.34570312E-1	0.00000000E+0	0.00000000E+0
4.32128906E-1	1.40219996E-8	1.40219996E-8	4.32128906E-1	0.00000000E+0	0.00000000E+0
4.29687500E-1	1.39405003E-8	1.39405003E-8	4.29687500E-1	0.00000000E+0	0.00000000E+0
4.27246094E-1	1.38615004E-8	1.38615004E-8	4.27246094E-1	0.00000000E+0	0.00000000E+0
4.24804687E-1	1.37773997E-8	1.37773997E-8	4.24804687E-1	0.00000000E+0	0.00000000E+0
4.22363281E-1	1.36856002E-8	1.36856002E-8	4.22363281E-1	0.00000000E+0	0.00000000E+0
4.19921875E-1	1.35824001E-8	1.35824001E-8	4.19921875E-1	0.00000000E+0	0.00000000E+0
4.17480469E-1	1.35327003E-8	1.35327003E-8	4.17480469E-1	0.00000000E+0	0.00000000E+0
4.15039062E-1	1.34410003E-8	1.34410003E-8	4.15039062E-1	0.00000000E+0	0.00000000E+0
4.12597656E-1	1.33798004E-8	1.33798004E-8	4.12597656E-1	0.00000000E+0	0.00000000E+0
4.10156250E-1	1.32803999E-8	1.32803999E-8	4.10156250E-1	0.00000000E+0	0.00000000E+0
4.07714844E-1	1.31868001E-8	1.31868001E-8	4.07714844E-1	0.00000000E+0	0.00000000E+0
4.05273437E-1	1.31275000E-8	1.31275000E-8	4.05273437E-1	0.00000000E+0	0.00000000E+0
4.02832031E-1	1.29536000E-8	1.29536000E-8	4.02832031E-1	0.00000000E+0	0.00000000E+0
4.00390625E-1	1.29254998E-8	1.29254998E-8	4.00390625E-1	0.00000000E+0	0.00000000E+0
3.97949219E-1	1.28610003E-8	1.28610003E-8	3.97949219E-1	0.00000000E+0	0.00000000E+0
3.95507812E-1	1.27959998E-8	1.27959998E-8	3.95507812E-1	0.00000000E+0	0.00000000E+0
3.93066406E-1	1.27327002E-8	1.27327002E-8	3.93066406E-1	0.00000000E+0	0.00000000E+0
3.90625000E-1	1.26449002E-8	1.26449002E-8	3.90625000E-1	0.00000000E+0	0.00000000E+0
3.88183594E-1	1.25542998E-8	1.25542998E-8	3.88183594E-1	0.00000000E+0	0.00000000E+0
3.85742187E-1	1.24890001E-8	1.24890001E-8	3.85742187E-1	0.00000000E+0	0.00000000E+0
3.83300781E-1	1.24110997E-8	1.24110997E-8	3.83300781E-1	0.00000000E+0	0.00000000E+0
3.80859375E-1	1.23146000E-8	1.23146000E-8	3.80859375E-1	0.00000000E+0	0.00000000E+0
3.78417969E-1	1.22585000E-8	1.22585000E-8	3.78417969E-1	0.00000000E+0	0.00000000E+0
3.75976562E-1	1.21893002E-8	1.21893002E-8	3.75976562E-1	0.00000000E+0	0.00000000E+0
3.73535156E-1	1.21298998E-8	1.21298998E-8	3.73535156E-1	0.00000000E+0	0.00000000E+0
3.71093750E-1	1.20508004E-8	1.20508004E-8	3.71093750E-1	0.00000000E+0	0.00000000E+0
3.68652344E-1	1.19815002E-8	1.19815002E-8	3.68652344E-1	0.00000000E+0	0.00000000E+0
3.66210937E-1	1.18613999E-8	1.18613999E-8	3.66210937E-1	0.00000000E+0	0.00000000E+0
3.63769531E-1	1.18018999E-8	1.18018999E-8	3.63769531E-1	0.00000000E+0	0.00000000E+0
3.61328125E-1	1.17166001E-8	1.17166001E-8	3.61328125E-1	0.00000000E+0	0.00000000E+0
3.58886719E-1	1.16713004E-8	1.16713004E-8	3.58886719E-1	0.00000000E+0	0.00000000E+0
3.56445312E-1	1.15698002E-8	1.15698002E-8	3.56445312E-1	0.00000000E+0	0.00000000E+0
3.54003906E-1	1.14769003E-8	1.14769003E-8	3.54003906E-1	0.00000000E+0	0.00000000E+0
3.51562500E-1	1.14010996E-8	1.14010996E-8	3.51562500E-1	0.00000000E+0	0.00000000E+0
3.49121094E-1	1.13186998E-8	1.13186998E-8	3.49121094E-1	0.00000000E+0	0.00000000E+0
3.46679687E-1	1.12405001E-8	1.12405001E-8	3.46679687E-1	0.00000000E+0	0.00000000E+0
3.44238281E-1	1.11669003E-8	1.11669003E-8	3.44238281E-1	0.00000000E+0	0.00000000E+0
3.41796875E-1	1.10984004E-8	1.10984004E-8	3.41796875E-1	0.00000000E+0	0.00000000E+0
3.39355469E-1	1.10008003E-8	1.10008003E-8	3.39355469E-1	0.00000000E+0	0.00000000E+0
3.36914062E-1	1.09128999E-8	1.09128999E-8	3.36914062E-1	0.00000000E+0	0.00000000E+0
3.34472656E-1	1.08227001E-8	1.08227001E-8	3.34472656E-1	0.00000000E+0	0.00000000E+0
3.32031250E-1	1.07317000E-8	1.07317000E-8	3.32031250E-1	0.00000000E+0	0.00000000E+0
3.29589844E-1	1.06469997E-8	1.06469997E-8	3.29589844E-1	0.00000000E+0	0.00000000E+0
3.27148437E-1	1.05584004E-8	1.05584004E-8	3.27148437E-1	0.00000000E+0	0.00000000E+0
3.24707031E-1	1.04537001E-8	1.04537001E-8	3.24707031E-1	0.00000000E+0	0.00000000E+0
3.22265625E-1	1.04028999E-8	1.04028999E-8	3.22265625E-1	0.00000000E+0	0.00000000E+0
3.19824219E-1	1.03054001E-8	1.03054001E-8	3.19824219E-1	0.00000000E+0	0.00000000E+0
3.17382812E-1	1.02064002E-8	1.02064002E-8	3.17382812E-1	0.00000000E+0	0.00000000E+0
3.14941406E-1	1.02064002E-8	1.02064002E-8	3.14941406E-1	0.00000000E+0	0.00000000E+0
3.12500000E-1	1.05433999E-8	1.05433999E-8	3.12500000E-1	0.00000000E+0	0.00000000E+0
3.10058594E-1	9.92571980E-9	9.92571980E-9	3.10058594E-1	0.00000000E+0	0.00000000E+0
3.07617187E-1	9.84790027E-9	9.84790027E-9	3.07617187E-1	0.00000000E+0	0.00000000E+0
3.05175781E-1	9.76451009E-9	9.76451009E-9	3.05175781E-1	0.00000000E+0	0.00000000E+0
3.02734375E-1	9.68782032E-9	9.68782032E-9	3.02734375E-1	0.00000000E+0	0.00000000E+0
3.00292969E-1	9.58558033E-9	9.58558033E-9	3.00292969E-1	0.00000000E+0	0.00000000E+0
2.97851562E-1	9.47625001E-9	9.47625001E-9	2.97851562E-1	0.00000000E+0	0.00000000E+0
2.95410156E-1	9.38968991E-9	9.38968991E-9	2.95410156E-1	0.00000000E+0	0.00000000E+0
2.92968750E-1	9.32237043E-9	9.32237043E-9	2.92968750E-1	0.00000000E+0	0.00000000E+0
2.90527344E-1	9.23594001E-9	9.23594001E-9	2.90527344E-1	0.00000000E+0	0.00000000E+0
2.88085937E-1	9.14369025E-9	9.14369025E-9	2.88085937E-1	0.00000000E+0	0.00000000E+0
2.85644531E-1	9.02448960E-9	9.02448960E-9	2.85644531E-1	0.00000000E+0	0.00000000E+0
2.83203125E-1	8.94362984E-9	8.94362984E-9	2.83203125E-1	0.00000000E+0	0.00000000E+0
2.80761719E-1	8.84833984E-9	8.84833984E-9	2.80761719E-1	0.00000000E+0	0.00000000E+0
2.78320312E-1	8.78645956E-9	8.78645956E-9	2.78320312E-1	0.00000000E+0	0.00000000E+0
2.75878906E-1	8.67068017E-9	8.67068017E-9	2.75878906E-1	0.00000000E+0	0.00000000E+0
2.73437500E-1	8.58563975E-9	8.58563975E-9	2.73437500E-1	0.00000000E+0	0.00000000E+0
2.70996094E-1	8.47555004E-9	8.47555004E-9	2.70996094E-1	0.00000000E+0	0.00000000E+0
2.68554687E-1	8.39924041E-9	8.39924041E-9	2.68554687E-1	0.00000000E+0	0.00000000E+0
2.66113281E-1	8.33242986E-9	8.33242986E-9	2.66113281E-1	0.00000000E+0	0.00000000E+0
2.63671875E-1	8.25042967E-9	8.25042967E-9	2.63671875E-1	0.00000000E+0	0.00000000E+0
2.61230469E-1	8.13161005E-9	8.13161005E-9	2.61230469E-1	0.00000000E+0	0.00000000E+0
2.58789062E-1	8.45847037E-9	8.45847037E-9	2.58789062E-1	0.00000000E+0	0.00000000E+0
2.56347656E-1	8.40417957E-9	8.40417957E-9	2.56347656E-1	0.00000000E+0	0.00000000E+0
2.53906250E-1	8.30888958E-9	8.30888958E-9	2.53906250E-1	0.00000000E+0	0.00000000E+0
2.51464844E-1	8.05226996E-9	8.05226996E-9	2.51464844E-1	0.00000000E+0	0.00000000E+0
2.49023437E-1	7.72957964E-9	7.72957964E-9	2.49023437E-1	0.00000000E+0	0.00000000E+0
2.46582031E-1	7.62936025E-9	7.62936025E-9	2.46582031E-1	0.00000000E+0	0.00000000E+0
2.44140625E-1	7.55570984E-9	7.55570984E-9	2.44140625E-1	0.00000000E+0	0.00000000E+0
2.41699219E-1	7.45814965E-9	7.45814965E-9	2.41699219E-1	0.00000000E+0	0.00000000E+0
2.39257812E-1	7.37272998E-9	7.37272998E-9	2.39257812E-1	0.00000000E+0	0.00000000E+0
2.36816406E-1	7.28770022E-9	7.28770022E-9	2.36816406E-1	0.00000000E+0	0.00000000E+0
2.34375000E-1	7.22012006E-9	7.22012006E-9	2.34375000E-1	0.00000000E+0	0.00000000E+0
2.31933594E-1	7.12786985E-9	7.12786985E-9	2.31933594E-1	0.00000000E+0	0.00000000E+0
2.29492187E-1	7.07548997E-9	7.07548997E-9	2.29492187E-1	0.00000000E+0	0.00000000E+0
2.27050781E-1	7.00639013E-9	7.00639013E-9	2.27050781E-1	0.00000000E+0	0.00000000E+0
2.24609375E-1	6.92212021E-9	6.92212021E-9	2.24609375E-1	0.00000000E+0	0.00000000E+0
2.22167969E-1	6.85378021E-9	6.85378021E-9	2.22167969E-1	0.00000000E+0	0.00000000E+0
2.19726562E-1	6.79456003E-9	6.79456003E-9	2.19726562E-1	0.00000000E+0	0.00000000E+0
2.17285156E-1	6.71483980E-9	6.71483980E-9	2.17285156E-1	0.00000000E+0	0.00000000E+0
2.14843750E-1	6.64878996E-9	6.64878996E-9	2.14843750E-1	0.00000000E+0	0.00000000E+0
2.12402344E-1	6.57361987E-9	6.57361987E-9	2.12402344E-1	0.00000000E+0	0.00000000E+0
2.09960937E-1	6.49882992E-9	6.49882992E-9	2.09960937E-1	0.00000000E+0	0.00000000E+0
2.07519531E-1	6.41683018E-9	6.41683018E-9	2.07519531E-1	0.00000000E+0	0.00000000E+0
2.05078125E-1	6.33672981E-9	6.33672981E-9	2.05078125E-1	0.00000000E+0	0.00000000E+0
2.02636719E-1	6.26081009E-9	6.26081009E-9	2.02636719E-1	0.00000000E+0	0.00000000E+0
2.00195312E-1	6.17500984E-9	6.17500984E-9	2.00195312E-1	0.00000000E+0	0.00000000E+0
1.97753906E-1	6.11731021E-9	6.11731021E-9	1.97753906E-1	0.00000000E+0	0.00000000E+0
1.95312500E-1	6.02658012E-9	6.02658012E-9	1.95312500E-1	0.00000000E+0	0.00000000E+0
1.92871094E-1	5.99127015E-9	5.99127015E-9	1.92871094E-1	0.00000000E+0	0.00000000E+0
1.90429687E-1	5.90168003E-9	5.90168003E-9	1.90429687E-1	0.00000000E+0	0.00000000E+0
1.87988281E-1	5.85764015E-9	5.85764015E-9	1.87988281E-1	0.00000000E+0	0.00000000E+0
1.85546875E-1	5.67465985E-9	5.67465985E-9	1.85546875E-1	0.00000000E+0	0.00000000E+0
1.83105469E-1	5.64239011E-9	5.64239011E-9	1.83105469E-1	0.00000000E+0	0.00000000E+0
1.80664062E-1	5.57254021E-9	5.57254021E-9	1.80664062E-1	0.00000000E+0	0.00000000E+0
1.78222656E-1	5.52090995E-9	5.52090995E-9	1.78222656E-1	0.00000000E+0	0.00000000E+0
1.75781250E-1	5.45600010E-9	5.45600010E-9	1.75781250E-1	0.00000000E+0	0.00000000E+0
1.73339844E-1	5.40057021E-9	5.40057021E-9	1.73339844E-1	0.00000000E+0	0.00000000E+0
1.70898437E-1	5.32579003E-9	5.32579003E-9	1.70898437E-1	0.00000000E+0	0.00000000E+0
1.68457031E-1	5.25783017E-9	5.25783017E-9	1.68457031E-1	0.00000000E+0	0.00000000E+0
1.66015625E-1	5.18721999E-9	5.18721999E-9	1.66015625E-1	0.00000000E+0	0.00000000E+0
1.63574219E-1	5.11546983E-9	5.11546983E-9	1.63574219E-1	0.00000000E+0	0.00000000E+0
1.61132812E-1	5.03841013E-9	5.03841013E-9	1.61132812E-1	0.00000000E+0	0.00000000E+0
1.58691406E-1	4.96324004E-9	4.96324004E-9	1.58691406E-1	0.00000000E+0	0.00000000E+0
1.56250000E-1	4.90098007E-9	4.90098007E-9	1.56250000E-1	0.00000000E+0	0.00000000E+0
1.53808594E-1	4.82202012E-9	4.82202012E-9	1.53808594E-1	0.00000000E+0	0.00000000E+0
1.51367187E-1	4.77038986E-9	4.77038986E-9	1.51367187E-1	0.00000000E+0	0.00000000E+0
1.48925781E-1	4.69351980E-9	4.69351980E-9	1.48925781E-1	0.00000000E+0	0.00000000E+0
1.46484375E-1	4.64966998E-9	4.64966998E-9	1.46484375E-1	0.00000000E+0	0.00000000E+0
1.44042969E-1	4.57109017E-9	4.57109017E-9	1.44042969E-1	0.00000000E+0	0.00000000E+0
1.41601562E-1	4.53349980E-9	4.53349980E-9	1.41601562E-1	0.00000000E+0	0.00000000E+0
1.39160156E-1	4.48300996E-9	4.48300996E-9	1.39160156E-1	0.00000000E+0	0.00000000E+0
1.36718750E-1	4.44163017E-9	4.44163017E-9	1.36718750E-1	0.00000000E+0	0.00000000E+0
1.34277344E-1	4.37557990E-9	4.37557990E-9	1.34277344E-1	0.00000000E+0	0.00000000E+0
1.31835937E-1	4.34748992E-9	4.34748992E-9	1.31835937E-1	0.00000000E+0	0.00000000E+0
1.29394531E-1	4.31484004E-9	4.31484004E-9	1.29394531E-1	0.00000000E+0	0.00000000E+0
1.26953125E-1	4.28675007E-9	4.28675007E-9	1.26953125E-1	0.00000000E+0	0.00000000E+0
1.24511719E-1	4.26852020E-9	4.26852020E-9	1.24511719E-1	0.00000000E+0	0.00000000E+0
1.22070312E-1	4.24347002E-9	4.24347002E-9	1.22070312E-1	0.00000000E+0	0.00000000E+0
1.19628906E-1	4.21690016E-9	4.21690016E-9	1.19628906E-1	0.00000000E+0	0.00000000E+0
1.17187500E-1	4.25333990E-9	4.25333990E-9	1.17187500E-1	0.00000000E+0	0.00000000E+0
1.14746094E-1	4.24119007E-9	4.24119007E-9	1.14746094E-1	0.00000000E+0	0.00000000E+0
1.12304687E-1	4.25941016E-9	4.25941016E-9	1.12304687E-1	0.00000000E+0	0.00000000E+0
1.09863281E-1	4.24119007E-9	4.24119007E-9	1.09863281E-1	0.00000000E+0	0.00000000E+0
1.07421875E-1	4.27459979E-9	4.27459979E-9	1.07421875E-1	0.00000000E+0	0.00000000E+0
1.04980469E-1	4.32242997E-9	4.32242997E-9	1.04980469E-1	0.00000000E+0	0.00000000E+0
1.02539062E-1	4.36571002E-9	4.36571002E-9	1.02539062E-1	0.00000000E+0	0.00000000E+0
1.00097656E-1	4.39532011E-9	4.39532011E-9	1.00097656E-1	0.00000000E+0	0.00000000E+0
9.76562500E-2	4.42949011E-9	4.42949011E-9	9.76562500E-2	0.00000000E+0	0.00000000E+0
9.52148438E-2	4.43632020E-9	4.43632020E-9	9.52148438E-2	0.00000000E+0	0.00000000E+0
9.27734375E-2	4.45453985E-9	4.45453985E-9	9.27734375E-2	0.00000000E+0	0.00000000E+0
9.03320313E-2	4.51073001E-9	4.51073001E-9	9.03320313E-2	0.00000000E+0	0.00000000E+0
8.78906250E-2	4.50806992E-9	4.50806992E-9	8.78906250E-2	0.00000000E+0	0.00000000E+0
8.54492188E-2	4.54565008E-9	4.54565008E-9	8.54492188E-2	0.00000000E+0	0.00000000E+0
8.30078125E-2	4.60335992E-9	4.60335992E-9	8.30078125E-2	0.00000000E+0	0.00000000E+0
8.05664063E-2	4.61246996E-9	4.61246996E-9	8.05664063E-2	0.00000000E+0	0.00000000E+0
7.81250000E-2	4.69351980E-9	4.69351980E-9	7.81250000E-2	0.00000000E+0	0.00000000E+0
7.56835938E-2	4.72976991E-9	4.72976991E-9	7.56835938E-2	0.00000000E+0	0.00000000E+0
7.32421875E-2	4.78405981E-9	4.78405981E-9	7.32421875E-2	0.00000000E+0	0.00000000E+0
7.08007813E-2	4.89187002E-9	4.89187002E-9	7.08007813E-2	0.00000000E+0	0.00000000E+0
6.83593750E-2	4.98374009E-9	4.98374009E-9	6.83593750E-2	0.00000000E+0	0.00000000E+0
6.59179688E-2	5.09914999E-9	5.09914999E-9	6.59179688E-2	0.00000000E+0	0.00000000E+0
6.34765625E-2	5.22063015E-9	5.22063015E-9	6.34765625E-2	0.00000000E+0	0.00000000E+0
6.10351563E-2	5.33982991E-9	5.33982991E-9	6.10351563E-2	0.00000000E+0	0.00000000E+0
5.85937500E-2	5.51293988E-9	5.51293988E-9	5.85937500E-2	0.00000000E+0	0.00000000E+0
5.61523438E-2	5.65415981E-9	5.65415981E-9	5.61523438E-2	0.00000000E+0	0.00000000E+0
5.37109375E-2	5.78399995E-9	5.78399995E-9	5.37109375E-2	0.00000000E+0	0.00000000E+0
5.12695313E-2	5.78399995E-9	5.78399995E-9	5.12695313E-2	0.00000000E+0	0.00000000E+0
4.88281250E-2	5.71034997E-9	5.71034997E-9	4.88281250E-2	0.00000000E+0	0.00000000E+0
4.63867188E-2	4.90706009E-9	4.90706009E-9	4.63867188E-2	0.00000000E+0	0.00000000E+0
4.39453125E-2	5.16140997E-9	5.16140997E-9	4.39453125E-2	0.00000000E+0	0.00000000E+0
4.15039063E-2	4.78936979E-9	4.78936979E-9	4.15039063E-2	0.00000000E+0	0.00000000E+0
3.90625000E-2	4.52136018E-9	4.52136018E-9	3.90625000E-2	0.00000000E+0	0.00000000E+0
3.66210938E-2	4.22221014E-9	4.22221014E-9	3.66210938E-2	0.00000000E+0	0.00000000E+0
3.41796875E-2	3.89117982E-9	3.89117982E-9	3.41796875E-2	0.00000000E+0	0.00000000E+0
3.17382813E-2	3.56545993E-9	3.56545993E-9	3.17382813E-2	0.00000000E+0	0.00000000E+0
2.92968750E-2	3.23746008E-9	3.23746008E-9	2.92968750E-2	0.00000000E+0	0.00000000E+0
2.68554688E-2	2.88934010E-9	2.88934010E-9	2.68554688E-2	0.00000000E+0	0.00000000E+0
2.44140625E-2	2.60348010E-9	2.60348010E-9	2.44140625E-2	0.00000000E+0	0.00000000E+0
2.19726563E-2	2.30434005E-9	2.30434005E-9	2.19726563E-2	0.00000000E+0	0.00000000E+0
1.95312500E-2	2.08871009E-9	2.08871009E-9	1.95312500E-2	0.00000000E+0	0.00000000E+0
1.70898438E-2	1.83322002E-9	1.83322002E-9	1.70898438E-2	0.00000000E+0	0.00000000E+0
1.46484375E-2	1.54355995E-9	1.54355995E-9	1.46484375E-2	0.00000000E+0	0.00000000E+0
1.22070313E-2	1.24233002E-9	1.24233002E-9	1.22070313E-2	0.00000000E+0	0.00000000E+0
9.76562500E-3	8.58515981E-10	8.58515981E-10	9.76562500E-3	0.00000000E+0	0.00000000E+0
7.32421875E-3	5.17875021E-10	5.17875021E-10	7.32421875E-3	0.00000000E+0	0.00000000E+0
4.88281250E-3	2.39249009E-10	2.39249009E-10	4.88281250E-3	0.00000000E+0	0.00000000E+0
2.44140625E-3	3.29417986E-11	3.29417986E-11	2.44140625E-3	0.00000000E+0	0.00000000E+0
0.00000000E+0	-1.10202000E-10	-1.10202000E-10	0.00000000E+0	0.00000000E+0	0.00000000E+0
-2.44140625E-3	-2.84275992E-10	-2.84275992E-10	-2.44140625E-3	0.00000000E+0	0.00000000E+0
-4.88281250E-3	-5.34346012E-10	-5.34346012E-10	-4.88281250E-3	0.00000000E+0	0.00000000E+0
-7.32421875E-3	-8.34729008E-10	-8.34729008E-10	-7.32421875E-3	0.00000000E+0	0.00000000E+0
-9.76562500E-3	-1.18187005E-9	-1.18187005E-9	-9.76562500E-3	0.00000000E+0	0.00000000E+0
-1.22070313E-2	-1.51876001E-9	-1.51876001E-9	-1.22070313E-2	0.00000000E+0	0.00000000E+0
-1.46484375E-2	-1.85068005E-9	-1.85068005E-9	-1.46484375E-2	0.00000000E+0	0.00000000E+0
-1.70898438E-2	-2.15046003E-9	-2.15046003E-9	-1.70898438E-2	0.00000000E+0	0.00000000E+0
-1.95312500E-2	-2.43493004E-9	-2.43493004E-9	-1.95312500E-2	0.00000000E+0	0.00000000E+0
-2.19726563E-2	-2.71547007E-9	-2.71547007E-9	-2.19726563E-2	0.00000000E+0	0.00000000E+0
-2.44140625E-2	-2.99222003E-9	-2.99222003E-9	-2.44140625E-2	0.00000000E+0	0.00000000E+0
-2.68554688E-2	-3.28452998E-9	-3.28452998E-9	-2.68554688E-2	0.00000000E+0	0.00000000E+0
-2.92968750E-2	-3.58975005E-9	-3.58975005E-9	-2.92968750E-2	0.00000000E+0	0.00000000E+0
-3.17382813E-2	-3.92003008E-9	-3.92003008E-9	-3.17382813E-2	0.00000000E+0	0.00000000E+0
-3.41796875E-2	-4.25125002E-9	-4.25125002E-9	-3.41796875E-2	0.00000000E+0	0.00000000E+0
-3.66210938E-2	-4.60107996E-9	-4.60107996E-9	-3.66210938E-2	0.00000000E+0	0.00000000E+0
-3.90625000E-2	-4.94882002E-9	-4.94882002E-9	-3.90625000E-2	0.00000000E+0	0.00000000E+0
-4.15039063E-2	-5.31401989E-9	-5.31401989E-9	-4.15039063E-2	0.00000000E+0	0.00000000E+0
-4.39453125E-2	-5.56077007E-9	-5.56077007E-9	-4.39453125E-2	0.00000000E+0	0.00000000E+0
-4.63867188E-2	-5.76729020E-9	-5.76729020E-9	-4.63867188E-2	0.00000000E+0	0.00000000E+0
-4.88281250E-2	-6.33444985E-9	-6.33444985E-9	-4.88281250E-2	0.00000000E+0	0.00000000E+0
-5.12695313E-2	-6.43923004E-9	-6.43923004E-9	-5.12695313E-2	0.00000000E+0	0.00000000E+0
-5.37109375E-2	-6.26307983E-9	-6.26307983E-9	-5.37109375E-2	0.00000000E+0	0.00000000E+0
-5.61523438E-2	-6.01139005E-9	-6.01139005E-9	-5.61523438E-2	0.00000000E+0	0.00000000E+0
-5.85937500E-2	-5.68832981E-9	-5.68832981E-9	-5.85937500E-2	0.00000000E+0	0.00000000E+0
-6.10351563E-2	-5.46283019E-9	-5.46283019E-9	-6.10351563E-2	0.00000000E+0	0.00000000E+0
-6.34765625E-2	-5.20999999E-9	-5.20999999E-9	-6.34765625E-2	0.00000000E+0	0.00000000E+0
-6.59179688E-2	-4.97615016E-9	-4.97615016E-9	-6.59179688E-2	0.00000000E+0	0.00000000E+0
-6.83593750E-2	-4.81822005E-9	-4.81822005E-9	-6.83593750E-2	0.00000000E+0	0.00000000E+0
-7.08007813E-2	-4.69826000E-9	-4.69826000E-9	-7.08007813E-2	0.00000000E+0	0.00000000E+0
-7.32421875E-2	-4.57449989E-9	-4.57449989E-9	-7.32421875E-2	0.00000000E+0	0.00000000E+0
-7.56835938E-2	-4.50161997E-9	-4.50161997E-9	-7.56835938E-2	0.00000000E+0	0.00000000E+0
-7.81250000E-2	-4.47125004E-9	-4.47125004E-9	-7.81250000E-2	0.00000000E+0	0.00000000E+0
-8.05664063E-2	-4.37710002E-9	-4.37710002E-9	-8.05664063E-2	0.00000000E+0	0.00000000E+0
-8.30078125E-2	-4.33762004E-9	-4.33762004E-9	-8.30078125E-2	0.00000000E+0	0.00000000E+0
-8.54492188E-2	-4.29509983E-9	-4.29509983E-9	-8.54492188E-2	0.00000000E+0	0.00000000E+0
-8.78906250E-2	-4.30420988E-9	-4.30420988E-9	-8.78906250E-2	0.00000000E+0	0.00000000E+0
-9.03320313E-2	-4.28580016E-9	-4.28580016E-9	-9.03320313E-2	0.00000000E+0	0.00000000E+0
-9.27734375E-2	-4.28333014E-9	-4.28333014E-9	-9.27734375E-2	0.00000000E+0	0.00000000E+0
-9.52148438E-2	-4.28827018E-9	-4.28827018E-9	-9.52148438E-2	0.00000000E+0	0.00000000E+0
-9.76562500E-2	-4.30420988E-9	-4.30420988E-9	-9.76562500E-2	0.00000000E+0	0.00000000E+0
-1.00097656E-1	-4.30420988E-9	-4.30420988E-9	-1.00097656E-1	0.00000000E+0	0.00000000E+0
-1.02539062E-1	-4.28580016E-9	-4.28580016E-9	-1.02539062E-1	0.00000000E+0	0.00000000E+0
-1.04980469E-1	-4.30117009E-9	-4.30117009E-9	-1.04980469E-1	0.00000000E+0	0.00000000E+0
-1.07421875E-1	-4.34065006E-9	-4.34065006E-9	-1.07421875E-1	0.00000000E+0	0.00000000E+0
-1.09863281E-1	-4.36190994E-9	-4.36190994E-9	-1.09863281E-1	0.00000000E+0	0.00000000E+0
-1.12304687E-1	-4.40671011E-9	-4.40671011E-9	-1.12304687E-1	0.00000000E+0	0.00000000E+0
-1.14746094E-1	-4.43783987E-9	-4.43783987E-9	-1.14746094E-1	0.00000000E+0	0.00000000E+0
-1.17187500E-1	-4.50769022E-9	-4.50769022E-9	-1.17187500E-1	0.00000000E+0	0.00000000E+0
-1.19628906E-1	-4.55779992E-9	-4.55779992E-9	-1.19628906E-1	0.00000000E+0	0.00000000E+0
-1.22070312E-1	-4.62005989E-9	-4.62005989E-9	-1.22070312E-1	0.00000000E+0	0.00000000E+0
-1.24511719E-1	-4.63961003E-9	-4.63961003E-9	-1.24511719E-1	0.00000000E+0	0.00000000E+0
-1.26953125E-1	-4.72028017E-9	-4.72028017E-9	-1.26953125E-1	0.00000000E+0	0.00000000E+0
-1.29394531E-1	-4.78405981E-9	-4.78405981E-9	-1.29394531E-1	0.00000000E+0	0.00000000E+0
-1.31835937E-1	-4.88503993E-9	-4.88503993E-9	-1.31835937E-1	0.00000000E+0	0.00000000E+0
-1.34277344E-1	-4.95413000E-9	-4.95413000E-9	-1.34277344E-1	0.00000000E+0	0.00000000E+0
-1.36718750E-1	-5.03764985E-9	-5.03764985E-9	-1.36718750E-1	0.00000000E+0	0.00000000E+0
-1.39160156E-1	-5.10673992E-9	-5.10673992E-9	-1.39160156E-1	0.00000000E+0	0.00000000E+0
-1.41601562E-1	-5.20999999E-9	-5.20999999E-9	-1.41601562E-1	0.00000000E+0	0.00000000E+0
-1.44042969E-1	-5.28667998E-9	-5.28667998E-9	-1.44042969E-1	0.00000000E+0	0.00000000E+0
-1.46484375E-1	-5.38691003E-9	-5.38691003E-9	-1.46484375E-1	0.00000000E+0	0.00000000E+0
-1.48925781E-1	-5.46890000E-9	-5.46890000E-9	-1.48925781E-1	0.00000000E+0	0.00000000E+0
-1.51367187E-1	-5.56305002E-9	-5.56305002E-9	-1.51367187E-1	0.00000000E+0	0.00000000E+0
-1.53808594E-1	-5.65415981E-9	-5.65415981E-9	-1.53808594E-1	0.00000000E+0	0.00000000E+0
-1.56250000E-1	-5.76957015E-9	-5.76957015E-9	-1.56250000E-1	0.00000000E+0	0.00000000E+0
-1.58691406E-1	-5.84700999E-9	-5.84700999E-9	-1.58691406E-1	0.00000000E+0	0.00000000E+0
-1.61132812E-1	-5.94648020E-9	-5.94648020E-9	-1.61132812E-1	0.00000000E+0	0.00000000E+0
-1.63574219E-1	-6.03683015E-9	-6.03683015E-9	-1.63574219E-1	0.00000000E+0	0.00000000E+0
-1.66015625E-1	-6.13401019E-9	-6.13401019E-9	-1.66015625E-1	0.00000000E+0	0.00000000E+0
-1.68457031E-1	-6.23270990E-9	-6.23270990E-9	-1.68457031E-1	0.00000000E+0	0.00000000E+0
-1.70898437E-1	-6.33901021E-9	-6.33901021E-9	-1.70898437E-1	0.00000000E+0	0.00000000E+0
-1.73339844E-1	-6.42253006E-9	-6.42253006E-9	-1.73339844E-1	0.00000000E+0	0.00000000E+0
-1.75781250E-1	-6.49882992E-9	-6.49882992E-9	-1.75781250E-1	0.00000000E+0	0.00000000E+0
-1.78222656E-1	-6.59069999E-9	-6.59069999E-9	-1.78222656E-1	0.00000000E+0	0.00000000E+0
-1.80664062E-1	-6.67270017E-9	-6.67270017E-9	-1.80664062E-1	0.00000000E+0	0.00000000E+0
-1.83105469E-1	-6.75546019E-9	-6.75546019E-9	-1.83105469E-1	0.00000000E+0	0.00000000E+0
-1.85546875E-1	-6.89819979E-9	-6.89819979E-9	-1.85546875E-1	0.00000000E+0	0.00000000E+0
-1.87988281E-1	-7.03599978E-9	-7.03599978E-9	-1.87988281E-1	0.00000000E+0	0.00000000E+0
-1.90429687E-1	-7.10510006E-9	-7.10510006E-9	-1.90429687E-1	0.00000000E+0	0.00000000E+0
-1.92871094E-1	-7.20494020E-9	-7.20494020E-9	-1.92871094E-1	0.00000000E+0	0.00000000E+0
-1.95312500E-1	-7.27137017E-9	-7.27137017E-9	-1.95312500E-1	0.00000000E+0	0.00000000E+0
-1.97753906E-1	-7.36400008E-9	-7.36400008E-9	-1.97753906E-1	0.00000000E+0	0.00000000E+0
-2.00195312E-1	-7.45548956E-9	-7.45548956E-9	-2.00195312E-1	0.00000000E+0	0.00000000E+0
-2.02636719E-1	-7.55913021E-9	-7.55913021E-9	-2.02636719E-1	0.00000000E+0	0.00000000E+0
-2.05078125E-1	-7.64720021E-9	-7.64720021E-9	-2.05078125E-1	0.00000000E+0	0.00000000E+0
-2.07519531E-1	-7.74096964E-9	-7.74096964E-9	-2.07519531E-1	0.00000000E+0	0.00000000E+0
-2.09960937E-1	-7.81955034E-9	-7.81955034E-9	-2.09960937E-1	0.00000000E+0	0.00000000E+0
-2.12402344E-1	-7.93115973E-9	-7.93115973E-9	-2.12402344E-1	0.00000000E+0	0.00000000E+0
-2.14843750E-1	-8.00860978E-9	-8.00860978E-9	-2.14843750E-1	0.00000000E+0	0.00000000E+0
-2.17285156E-1	-8.08909029E-9	-8.08909029E-9	-2.17285156E-1	0.00000000E+0	0.00000000E+0
-2.19726562E-1	-8.17843038E-9	-8.17843038E-9	-2.19726562E-1	0.00000000E+0	0.00000000E+0
-2.22167969E-1	-8.26219981E-9	-8.26219981E-9	-2.22167969E-1	0.00000000E+0	0.00000000E+0
-2.24609375E-1	-8.34571967E-9	-8.34571967E-9	-2.24609375E-1	0.00000000E+0	0.00000000E+0
-2.27050781E-1	-8.43606962E-9	-8.43606962E-9	-2.27050781E-1	0.00000000E+0	0.00000000E+0
-2.29492187E-1	-8.52794013E-9	-8.52794013E-9	-2.29492187E-1	0.00000000E+0	0.00000000E+0
-2.31933594E-1	-8.63802985E-9	-8.63802985E-9	-2.31933594E-1	0.00000000E+0	0.00000000E+0
-2.34375000E-1	-8.73901040E-9	-8.73901040E-9	-2.34375000E-1	0.00000000E+0	0.00000000E+0
-2.36816406E-1	-8.81759021E-9	-8.81759021E-9	-2.36816406E-1	0.00000000E+0	0.00000000E+0
-2.39257812E-1	-8.89768970E-9	-8.89768970E-9	-2.39257812E-1	0.00000000E+0	0.00000000E+0
-2.41699219E-1	-8.98539021E-9	-8.98539021E-9	-2.41699219E-1	0.00000000E+0	0.00000000E+0
-2.44140625E-1	-9.07384035E-9	-9.07384035E-9	-2.44140625E-1	0.00000000E+0	0.00000000E+0
-2.46582031E-1	-9.17837006E-9	-9.17837006E-9	-2.46582031E-1	0.00000000E+0	0.00000000E+0
-2.49023437E-1	-9.30768973E-9	-9.30768973E-9	-2.49023437E-1	0.00000000E+0	0.00000000E+0
-2.51464844E-1	-9.36918987E-9	-9.36918987E-9	-2.51464844E-1	0.00000000E+0	0.00000000E+0
-2.53906250E-1	-9.43397982E-9	-9.43397982E-9	-2.53906250E-1	0.00000000E+0	0.00000000E+0
-2.56347656E-1	-9.52863033E-9	-9.52863033E-9	-2.56347656E-1	0.00000000E+0	0.00000000E+0
-2.58789062E-1	-9.62886038E-9	-9.62886038E-9	-2.58789062E-1	0.00000000E+0	0.00000000E+0
-2.61230469E-1	-9.72147962E-9	-9.72147962E-9	-2.61230469E-1	0.00000000E+0	0.00000000E+0
-2.63671875E-1	-9.80273018E-9	-9.80273018E-9	-2.63671875E-1	0.00000000E+0	0.00000000E+0
-2.66113281E-1	-9.90674032E-9	-9.90674032E-9	-2.66113281E-1	0.00000000E+0	0.00000000E+0
-2.68554687E-1	-9.98000971E-9	-9.98000971E-9	-2.68554687E-1	0.00000000E+0	0.00000000E+0
-2.70996094E-1	-1.00572999E-8	-1.00572999E-8	-2.70996094E-1	0.00000000E+0	0.00000000E+0
-2.73437500E-1	-1.01420996E-8	-1.01420996E-8	-2.73437500E-1	0.00000000E+0	0.00000000E+0
-2.75878906E-1	-1.02415996E-8	-1.02415996E-8	-2.75878906E-1	0.00000000E+0	0.00000000E+0
-2.78320312E-1	-1.04037001E-8	-1.04037001E-8	-2.78320312E-1	0.00000000E+0	0.00000000E+0
-2.80761719E-1	-1.04242002E-8	-1.04242002E-8	-2.80761719E-1	0.00000000E+0	0.00000000E+0
-2.83203125E-1	-1.04886997E-8	-1.04886997E-8	-2.83203125E-1	0.00000000E+0	0.00000000E+0
-2.85644531E-1	-1.05944000E-8	-1.05944000E-8	-2.85644531E-1	0.00000000E+0	0.00000000E+0
-2.88085937E-1	-1.07059002E-8	-1.07059002E-8	-2.88085937E-1	0.00000000E+0	0.00000000E+0
-2.90527344E-1	-1.07837002E-8	-1.07837002E-8	-2.90527344E-1	0.00000000E+0	0.00000000E+0
-2.92968750E-1	-1.08930003E-8	-1.08930003E-8	-2.92968750E-1	0.00000000E+0	0.00000000E+0
-2.95410156E-1	-1.09511999E-8	-1.09511999E-8	-2.95410156E-1	0.00000000E+0	0.00000000E+0
-2.97851562E-1	-1.10323004E-8	-1.10323004E-8	-2.97851562E-1	0.00000000E+0	0.00000000E+0
-3.00292969E-1	-1.11401999E-8	-1.11401999E-8	-3.00292969E-1	0.00000000E+0	0.00000000E+0
-3.02734375E-1	-1.12249996E-8	-1.12249996E-8	-3.02734375E-1	0.00000000E+0	0.00000000E+0
-3.05175781E-1	-1.13237997E-8	-1.13237997E-8	-3.05175781E-1	0.00000000E+0	0.00000000E+0
-3.07617187E-1	-1.13786998E-8	-1.13786998E-8	-3.07617187E-1	0.00000000E+0	0.00000000E+0
-3.10058594E-1	-1.14764003E-8	-1.14764003E-8	-3.10058594E-1	0.00000000E+0	0.00000000E+0
-3.12500000E-1	-1.15918999E-8	-1.15918999E-8	-3.12500000E-1	0.00000000E+0	0.00000000E+0
-3.14941406E-1	-1.16527996E-8	-1.16527996E-8	-3.14941406E-1	0.00000000E+0	0.00000000E+0
-3.17382812E-1	-1.17486003E-8	-1.17486003E-8	-3.17382812E-1	0.00000000E+0	0.00000000E+0
-3.19824219E-1	-1.18359997E-8	-1.18359997E-8	-3.19824219E-1	0.00000000E+0	0.00000000E+0
-3.22265625E-1	-1.19532997E-8	-1.19532997E-8	-3.22265625E-1	0.00000000E+0	0.00000000E+0
-3.24707031E-1	-1.20103003E-8	-1.20103003E-8	-3.24707031E-1	0.00000000E+0	0.00000000E+0
-3.27148437E-1	-1.20463000E-8	-1.20463000E-8	-3.27148437E-1	0.00000000E+0	0.00000000E+0
-3.29589844E-1	-1.21508004E-8	-1.21508004E-8	-3.29589844E-1	0.00000000E+0	0.00000000E+0
-3.32031250E-1	-1.22298003E-8	-1.22298003E-8	-3.32031250E-1	0.00000000E+0	0.00000000E+0
-3.34472656E-1	-1.22998998E-8	-1.22998998E-8	-3.34472656E-1	0.00000000E+0	0.00000000E+0
-3.36914062E-1	-1.23874999E-8	-1.23874999E-8	-3.36914062E-1	0.00000000E+0	0.00000000E+0
-3.39355469E-1	-1.24752999E-8	-1.24752999E-8	-3.39355469E-1	0.00000000E+0	0.00000000E+0
-3.41796875E-1	-1.25988002E-8	-1.25988002E-8	-3.41796875E-1	0.00000000E+0	0.00000000E+0
-3.44238281E-1	-1.26183997E-8	-1.26183997E-8	-3.44238281E-1	0.00000000E+0	0.00000000E+0
-3.46679687E-1	-1.26951001E-8	-1.26951001E-8	-3.46679687E-1	0.00000000E+0	0.00000000E+0
-3.49121094E-1	-1.27774999E-8	-1.27774999E-8	-3.49121094E-1	0.00000000E+0	0.00000000E+0
-3.51562500E-1	-1.28764004E-8	-1.28764004E-8	-3.51562500E-1	0.00000000E+0	0.00000000E+0
-3.54003906E-1	-1.29681004E-8	-1.29681004E-8	-3.54003906E-1	0.00000000E+0	0.00000000E+0
-3.56445312E-1	-1.31173001E-8	-1.31173001E-8	-3.56445312E-1	0.00000000E+0	0.00000000E+0
-3.58886719E-1	-1.31963001E-8	-1.31963001E-8	-3.58886719E-1	0.00000000E+0	0.00000000E+0
-3.61328125E-1	-1.32803999E-8	-1.32803999E-8	-3.61328125E-1	0.00000000E+0	0.00000000E+0
-3.63769531E-1	-1.33746996E-8	-1.33746996E-8	-3.63769531E-1	0.00000000E+0	0.00000000E+0
-3.66210937E-1	-1.34180000E-8	-1.34180000E-8	-3.66210937E-1	0.00000000E+0	0.00000000E+0
-3.68652344E-1	-1.35020999E-8	-1.35020999E-8	-3.68652344E-1	0.00000000E+0	0.00000000E+0
-3.71093750E-1	-1.36015004E-8	-1.36015004E-8	-3.71093750E-1	0.00000000E+0	0.00000000E+0
-3.73535156E-1	-1.36549998E-8	-1.36549998E-8	-3.73535156E-1	0.00000000E+0	0.00000000E+0
-3.75976562E-1	-1.37583003E-8	-1.37583003E-8	-3.75976562E-1	0.00000000E+0	0.00000000E+0
-3.78417969E-1	-1.37927003E-8	-1.37927003E-8	-3.78417969E-1	0.00000000E+0	0.00000000E+0
-3.80859375E-1	-1.39015999E-8	-1.39015999E-8	-3.80859375E-1	0.00000000E+0	0.00000000E+0
-3.83300781E-1	-1.39507002E-8	-1.39507002E-8	-3.83300781E-1	0.00000000E+0	0.00000000E+0
-3.85742187E-1	-1.40334997E-8	-1.40334997E-8	-3.85742187E-1	0.00000000E+0	0.00000000E+0
-3.88183594E-1	-1.40832004E-8	-1.40832004E-8	-3.88183594E-1	0.00000000E+0	0.00000000E+0
-3.90625000E-1	-1.41648000E-8	-1.41648000E-8	-3.90625000E-1	0.00000000E+0	0.00000000E+0
-3.93066406E-1	-1.42476004E-8	-1.42476004E-8	-3.93066406E-1	0.00000000E+0	0.00000000E+0
-3.95507812E-1	-1.43176999E-8	-1.43176999E-8	-3.95507812E-1	0.00000000E+0	0.00000000E+0
-3.97949219E-1	-1.44119996E-8	-1.44119996E-8	-3.97949219E-1	0.00000000E+0	0.00000000E+0
-4.00390625E-1	-1.44807997E-8	-1.44807997E-8	-4.00390625E-1	0.00000000E+0	0.00000000E+0
-4.02832031E-1	-1.45419001E-8	-1.45419001E-8	-4.02832031E-1	0.00000000E+0	0.00000000E+0
-4.05273437E-1	-1.46031001E-8	-1.46031001E-8	-4.05273437E-1	0.00000000E+0	0.00000000E+0
-4.07714844E-1	-1.46795998E-8	-1.46795998E-8	-4.07714844E-1	0.00000000E+0	0.00000000E+0
-4.10156250E-1	-1.47483998E-8	-1.47483998E-8	-4.10156250E-1	0.00000000E+0	0.00000000E+0
-4.12597656E-1	-1.48095003E-8	-1.48095003E-8	-4.12597656E-1	0.00000000E+0	0.00000000E+0
-4.15039062E-1	-1.48897996E-8	-1.48897996E-8	-4.15039062E-1	0.00000000E+0	0.00000000E+0
-4.17480469E-1	-1.49599000E-8	-1.49599000E-8	-4.17480469E-1	0.00000000E+0	0.00000000E+0
-4.19921875E-1	-1.54822999E-8	-1.54822999E-8	-4.19921875E-1	0.00000000E+0	0.00000000E+0
-4.22363281E-1	-1.58188005E-8	-1.58188005E-8	-4.22363281E-1	0.00000000E+0	0.00000000E+0
-4.24804687E-1	-1.51765001E-8	-1.51765001E-8	-4.24804687E-1	0.00000000E+0	0.00000000E+0
-4.27246094E-1	-1.52479007E-8	-1.52479007E-8	-4.27246094E-1	0.00000000E+0	0.00000000E+0
-4.29687500E-1	-1.52683004E-8	-1.52683004E-8	-4.29687500E-1	0.00000000E+0	0.00000000E+0
-4.32128906E-1	-1.53484994E-8	-1.53484994E-8	-4.32128906E-1	0.00000000E+0	0.00000000E+0
-4.34570312E-1	-1.54287996E-8	-1.54287996E-8	-4.34570312E-1	0.00000000E+0	0.00000000E+0
-4.37011719E-1	-1.54708992E-8	-1.54708992E-8	-4.37011719E-1	0.00000000E+0	0.00000000E+0
-4.39453125E-1	-1.55230993E-8	-1.55230993E-8	-4.39453125E-1	0.00000000E+0	0.00000000E+0
-4.41894531E-1	-1.61321996E-8	-1.61321996E-8	-4.41894531E-1	0.00000000E+0	0.00000000E+0
-4.44335937E-1	-1.56504996E-8	-1.56504996E-8	-4.44335937E-1	0.00000000E+0	0.00000000E+0
-4.46777344E-1	-1.57289008E-8	-1.57289008E-8	-4.46777344E-1	0.00000000E+0	0.00000000E+0
-4.49218750E-1	-1.57677995E-8	-1.57677995E-8	-4.49218750E-1	0.00000000E+0	0.00000000E+0
-4.51660156E-1	-1.58188005E-8	-1.58188005E-8	-4.51660156E-1	0.00000000E+0	0.00000000E+0
-4.54101562E-1	-1.58876006E-8	-1.58876006E-8	-4.54101562E-1	0.00000000E+0	0.00000000E+0
-4.56542969E-1	-1.59232005E-8	-1.59232005E-8	-4.56542969E-1	0.00000000E+0	0.00000000E+0
-4.58984375E-1	-1.60002998E-8	-1.60002998E-8	-4.58984375E-1	0.00000000E+0	0.00000000E+0
-4.61425781E-1	-1.60252007E-8	-1.60252007E-8	-4.61425781E-1	0.00000000E+0	0.00000000E+0
-4.63867187E-1	-1.61067000E-8	-1.61067000E-8	-4.63867187E-1	0.00000000E+0	0.00000000E+0
-4.66308594E-1	-1.61679008E-8	-1.61679008E-8	-4.66308594E-1	0.00000000E+0	0.00000000E+0
-4.68750000E-1	-1.62290998E-8	-1.62290998E-8	-4.68750000E-1	0.00000000E+0	0.00000000E+0
-4.71191406E-1	-1.63062008E-8	-1.63062008E-8	-4.71191406E-1	0.00000000E+0	0.00000000E+0
-4.73632812E-1	-1.63386993E-8	-1.63386993E-8	-4.73632812E-1	0.00000000E+0	0.00000000E+0
-4.76074219E-1	-1.63514002E-8	-1.63514002E-8	-4.76074219E-1	0.00000000E+0	0.00000000E+0
-4.78515625E-1	-1.72203993E-8	-1.72203993E-8	-4.78515625E-1	0.00000000E+0	0.00000000E+0
-4.80957031E-1	-1.67948002E-8	-1.67948002E-8	-4.80957031E-1	0.00000000E+0	0.00000000E+0
-4.83398437E-1	-1.65757008E-8	-1.65757008E-8	-4.83398437E-1	0.00000000E+0	0.00000000E+0
-4.85839844E-1	-1.68050001E-8	-1.68050001E-8	-4.85839844E-1	0.00000000E+0	0.00000000E+0
-4.88281250E-1	-1.66521001E-8	-1.66521001E-8	-4.88281250E-1	0.00000000E+0	0.00000000E+0
-4.90722656E-1	-1.66941998E-8	-1.66941998E-8	-4.90722656E-1	0.00000000E+0	0.00000000E+0
-4.93164062E-1	-1.67541003E-8	-1.67541003E-8	-4.93164062E-1	0.00000000E+0	0.00000000E+0
-4.90722656E-1	-1.66368004E-8	-1.66368004E-8	-4.90722656E-1	0.00000000E+0	0.00000000E+0
-4.88281250E-1	-1.65680003E-8	-1.65680003E-8	-4.88281250E-1	0.00000000E+0	0.00000000E+0
-4.85839844E-1	-1.64992002E-8	-1.64992002E-8	-4.85839844E-1	0.00000000E+0	0.00000000E+0
-4.83398437E-1	-1.64379994E-8	-1.64379994E-8	-4.83398437E-1	0.00000000E+0	0.00000000E+0
-4.80957031E-1	-1.64176992E-8	-1.64176992E-8	-4.80957031E-1	0.00000000E+0	0.00000000E+0
-4.78515625E-1	-1.63271991E-8	-1.63271991E-8	-4.78515625E-1	0.00000000E+0	0.00000000E+0
-4.76074219E-1	-1.62775002E-8	-1.62775002E-8	-4.76074219E-1	0.00000000E+0	0.00000000E+0
-4.73632812E-1	-1.60002998E-8	-1.60002998E-8	-4.73632812E-1	0.00000000E+0	0.00000000E+0
-4.71191406E-1	-1.61679008E-8	-1.61679008E-8	-4.71191406E-1	0.00000000E+0	0.00000000E+0
-4.68750000E-1	-1.60940008E-8	-1.60940008E-8	-4.68750000E-1	0.00000000E+0	0.00000000E+0
-4.66308594E-1	-1.60405005E-8	-1.60405005E-8	-4.66308594E-1	0.00000000E+0	0.00000000E+0
-4.63867187E-1	-1.59907998E-8	-1.59907998E-8	-4.63867187E-1	0.00000000E+0	0.00000000E+0
-4.61425781E-1	-1.59487001E-8	-1.59487001E-8	-4.61425781E-1	0.00000000E+0	0.00000000E+0
-4.58984375E-1	-1.58951998E-8	-1.58951998E-8	-4.58984375E-1	0.00000000E+0	0.00000000E+0
-4.56542969E-1	-1.58340008E-8	-1.58340008E-8	-4.56542969E-1	0.00000000E+0	0.00000000E+0
-4.54101562E-1	-1.57575997E-8	-1.57575997E-8	-4.54101562E-1	0.00000000E+0	0.00000000E+0
-4.51660156E-1	-1.57193991E-8	-1.57193991E-8	-4.51660156E-1	0.00000000E+0	0.00000000E+0
-4.49218750E-1	-1.56582001E-8	-1.56582001E-8	-4.49218750E-1	0.00000000E+0	0.00000000E+0
-4.46777344E-1	-1.55537005E-8	-1.55537005E-8	-4.46777344E-1	0.00000000E+0	0.00000000E+0
-4.44335937E-1	-1.54924997E-8	-1.54924997E-8	-4.44335937E-1	0.00000000E+0	0.00000000E+0
-4.41894531E-1	-1.54594009E-8	-1.54594009E-8	-4.41894531E-1	0.00000000E+0	0.00000000E+0
-4.39453125E-1	-1.53791007E-8	-1.53791007E-8	-4.39453125E-1	0.00000000E+0	0.00000000E+0
-4.37011719E-1	-1.53243001E-8	-1.53243001E-8	-4.37011719E-1	0.00000000E+0	0.00000000E+0
-4.34570312E-1	-1.52479007E-8	-1.52479007E-8	-4.34570312E-1	0.00000000E+0	0.00000000E+0
-4.32128906E-1	-1.52172994E-8	-1.52172994E-8	-4.32128906E-1	0.00000000E+0	0.00000000E+0
-4.29687500E-1	-1.51408006E-8	-1.51408006E-8	-4.29687500E-1	0.00000000E+0	0.00000000E+0
-4.27246094E-1	-1.50924002E-8	-1.50924002E-8	-4.27246094E-1	0.00000000E+0	0.00000000E+0
-4.24804687E-1	-1.50313006E-8	-1.50313006E-8	-4.24804687E-1	0.00000000E+0	0.00000000E+0
-4.22363281E-1	-1.49930006E-8	-1.49930006E-8	-4.22363281E-1	0.00000000E+0	0.00000000E+0
-4.19921875E-1	-1.49395003E-8	-1.49395003E-8	-4.19921875E-1	0.00000000E+0	0.00000000E+0
-4.17480469E-1	-1.48222998E-8	-1.48222998E-8	-4.17480469E-1	0.00000000E+0	0.00000000E+0
-4.15039062E-1	-1.47890997E-8	-1.47890997E-8	-4.15039062E-1	0.00000000E+0	0.00000000E+0
-4.12597656E-1	-1.47253996E-8	-1.47253996E-8	-4.12597656E-1	0.00000000E+0	0.00000000E+0
-4.10156250E-1	-1.46546997E-8	-1.46546997E-8	-4.10156250E-1	0.00000000E+0	0.00000000E+0
-4.07714844E-1	-1.45827004E-8	-1.45827004E-8	-4.07714844E-1	0.00000000E+0	0.00000000E+0
-4.05273437E-1	-1.45227999E-8	-1.45227999E-8	-4.05273437E-1	0.00000000E+0	0.00000000E+0
-4.02832031E-1	-1.44119996E-8	-1.44119996E-8	-4.02832031E-1	0.00000000E+0	0.00000000E+0
-4.00390625E-1	-1.43380996E-8	-1.43380996E-8	-4.00390625E-1	0.00000000E+0	0.00000000E+0
-3.97949219E-1	-1.42973002E-8	-1.42973002E-8	-3.97949219E-1	0.00000000E+0	0.00000000E+0
-3.95507812E-1	-1.42156997E-8	-1.42156997E-8	-3.95507812E-1	0.00000000E+0	0.00000000E+0
-3.93066406E-1	-1.41749004E-8	-1.41749004E-8	-3.93066406E-1	0.00000000E+0	0.00000000E+0
-3.90625000E-1	-1.40832004E-8	-1.40832004E-8	-3.90625000E-1	0.00000000E+0	0.00000000E+0
-3.88183594E-1	-1.40334997E-8	-1.40334997E-8	-3.88183594E-1	0.00000000E+0	0.00000000E+0
-3.85742187E-1	-1.39507002E-8	-1.39507002E-8	-3.85742187E-1	0.00000000E+0	0.00000000E+0
-3.83300781E-1	-1.38690996E-8	-1.38690996E-8	-3.83300781E-1	0.00000000E+0	0.00000000E+0
-3.80859375E-1	-1.37849998E-8	-1.37849998E-8	-3.80859375E-1	0.00000000E+0	0.00000000E+0
-3.78417969E-1	-1.38690996E-8	-1.38690996E-8	-3.78417969E-1	0.00000000E+0	0.00000000E+0
-3.75976562E-1	-1.36549998E-8	-1.36549998E-8	-3.75976562E-1	0.00000000E+0	0.00000000E+0
-3.73535156E-1	-1.35734997E-8	-1.35734997E-8	-3.73535156E-1	0.00000000E+0	0.00000000E+0
-3.71093750E-1	-1.34919000E-8	-1.34919000E-8	-3.71093750E-1	0.00000000E+0	0.00000000E+0
-3.68652344E-1	-1.34332998E-8	-1.34332998E-8	-3.68652344E-1	0.00000000E+0	0.00000000E+0
-3.66210937E-1	-1.33390001E-8	-1.33390001E-8	-3.66210937E-1	0.00000000E+0	0.00000000E+0
-3.63769531E-1	-1.32881004E-8	-1.32881004E-8	-3.63769531E-1	0.00000000E+0	0.00000000E+0
-3.61328125E-1	-1.31886999E-8	-1.31886999E-8	-3.61328125E-1	0.00000000E+0	0.00000000E+0
-3.58886719E-1	-1.31503999E-8	-1.31503999E-8	-3.58886719E-1	0.00000000E+0	0.00000000E+0
-3.56445312E-1	-1.32166997E-8	-1.32166997E-8	-3.56445312E-1	0.00000000E+0	0.00000000E+0
-3.54003906E-1	-1.29395001E-8	-1.29395001E-8	-3.54003906E-1	0.00000000E+0	0.00000000E+0
-3.51562500E-1	-1.28668001E-8	-1.28668001E-8	-3.51562500E-1	0.00000000E+0	0.00000000E+0
-3.49121094E-1	-1.28032998E-8	-1.28032998E-8	-3.49121094E-1	0.00000000E+0	0.00000000E+0
-3.46679687E-1	-1.27315003E-8	-1.27315003E-8	-3.46679687E-1	0.00000000E+0	0.00000000E+0
-3.44238281E-1	-1.26354998E-8	-1.26354998E-8	-3.44238281E-1	0.00000000E+0	0.00000000E+0
-3.41796875E-1	-1.28949003E-8	-1.28949003E-8	-3.41796875E-1	0.00000000E+0	0.00000000E+0
-3.39355469E-1	-1.31656996E-8	-1.31656996E-8	-3.39355469E-1	0.00000000E+0	0.00000000E+0
-3.36914062E-1	-1.28032998E-8	-1.28032998E-8	-3.36914062E-1	0.00000000E+0	0.00000000E+0
-3.34472656E-1	-1.29681004E-8	-1.29681004E-8	-3.34472656E-1	0.00000000E+0	0.00000000E+0
-3.32031250E-1	-1.29130999E-8	-1.29130999E-8	-3.32031250E-1	0.00000000E+0	0.00000000E+0
-3.29589844E-1	-1.28032998E-8	-1.28032998E-8	-3.29589844E-1	0.00000000E+0	0.00000000E+0
-3.27148437E-1	-1.23607000E-8	-1.23607000E-8	-3.27148437E-1	0.00000000E+0	0.00000000E+0
-3.24707031E-1	-1.20803003E-8	-1.20803003E-8	-3.24707031E-1	0.00000000E+0	0.00000000E+0
-3.22265625E-1	-1.20103003E-8	-1.20103003E-8	-3.22265625E-1	0.00000000E+0	0.00000000E+0
-3.19824219E-1	-1.19276002E-8	-1.19276002E-8	-3.19824219E-1	0.00000000E+0	0.00000000E+0
-3.17382812E-1	-1.18359997E-8	-1.18359997E-8	-3.17382812E-1	0.00000000E+0	0.00000000E+0
-3.14941406E-1	-1.17354997E-8	-1.17354997E-8	-3.14941406E-1	0.00000000E+0	0.00000000E+0
-3.12500000E-1	-1.16693997E-8	-1.16693997E-8	-3.12500000E-1	0.00000000E+0	0.00000000E+0
-3.10058594E-1	-1.15768000E-8	-1.15768000E-8	-3.10058594E-1	0.00000000E+0	0.00000000E+0
-3.07617187E-1	-1.15003003E-8	-1.15003003E-8	-3.07617187E-1	0.00000000E+0	0.00000000E+0
-3.05175781E-1	-1.13956000E-8	-1.13956000E-8	-3.05175781E-1	0.00000000E+0	0.00000000E+0
-3.02734375E-1	-1.12912000E-8	-1.12912000E-8	-3.02734375E-1	0.00000000E+0	0.00000000E+0
-3.00292969E-1	-1.12249996E-8	-1.12249996E-8	-3.00292969E-1	0.00000000E+0	0.00000000E+0
-2.97851562E-1	-1.11401999E-8	-1.11401999E-8	-2.97851562E-1	0.00000000E+0	0.00000000E+0
-2.95410156E-1	-1.10323004E-8	-1.10323004E-8	-2.95410156E-1	0.00000000E+0	0.00000000E+0
-2.92968750E-1	-1.09295000E-8	-1.09295000E-8	-2.92968750E-1	0.00000000E+0	0.00000000E+0
-2.90527344E-1	-1.08930003E-8	-1.08930003E-8	-2.90527344E-1	0.00000000E+0	0.00000000E+0
-2.88085937E-1	-1.07689004E-8	-1.07689004E-8	-2.88085937E-1	0.00000000E+0	0.00000000E+0
-2.85644531E-1	-1.06778000E-8	-1.06778000E-8	-2.85644531E-1	0.00000000E+0	0.00000000E+0
-2.83203125E-1	-1.05852997E-8	-1.05852997E-8	-2.83203125E-1	0.00000000E+0	0.00000000E+0
-2.80761719E-1	-1.04886997E-8	-1.04886997E-8	-2.80761719E-1	0.00000000E+0	0.00000000E+0
-2.78320312E-1	-1.03959996E-8	-1.03959996E-8	-2.78320312E-1	0.00000000E+0	0.00000000E+0
-2.75878906E-1	-1.03422000E-8	-1.03422000E-8	-2.75878906E-1	0.00000000E+0	0.00000000E+0
-2.73437500E-1	-1.02193001E-8	-1.02193001E-8	-2.73437500E-1	0.00000000E+0	0.00000000E+0
-2.70996094E-1	-1.01420996E-8	-1.01420996E-8	-2.70996094E-1	0.00000000E+0	0.00000000E+0
-2.68554687E-1	-1.00338999E-8	-1.00338999E-8	-2.68554687E-1	0.00000000E+0	0.00000000E+0
-2.66113281E-1	-9.97204008E-9	-9.97204008E-9	-2.66113281E-1	0.00000000E+0	0.00000000E+0
-2.63671875E-1	-9.87334037E-9	-9.87334037E-9	-2.63671875E-1	0.00000000E+0	0.00000000E+0
-2.61230469E-1	-9.77690995E-9	-9.77690995E-9	-2.61230469E-1	0.00000000E+0	0.00000000E+0
-2.58789062E-1	-9.67289004E-9	-9.67289004E-9	-2.58789062E-1	0.00000000E+0	0.00000000E+0
-2.56347656E-1	-9.60151958E-9	-9.60151958E-9	-2.56347656E-1	0.00000000E+0	0.00000000E+0
-2.53906250E-1	-9.45004963E-9	-9.45004963E-9	-2.53906250E-1	0.00000000E+0	0.00000000E+0
-2.51464844E-1	-9.35286959E-9	-9.35286959E-9	-2.51464844E-1	0.00000000E+0	0.00000000E+0
-2.49023437E-1	-9.24126020E-9	-9.24126020E-9	-2.49023437E-1	0.00000000E+0	0.00000000E+0
-2.46582031E-1	-9.15849974E-9	-9.15849974E-9	-2.46582031E-1	0.00000000E+0	0.00000000E+0
-2.44140625E-1	-9.04346997E-9	-9.04346997E-9	-2.44140625E-1	0.00000000E+0	0.00000000E+0
-2.41699219E-1	-8.96678998E-9	-8.96678998E-9	-2.41699219E-1	0.00000000E+0	0.00000000E+0
-2.39257812E-1	-8.83884965E-9	-8.83884965E-9	-2.39257812E-1	0.00000000E+0	0.00000000E+0
-2.36816406E-1	-8.77014017E-9	-8.77014017E-9	-2.36816406E-1	0.00000000E+0	0.00000000E+0
-2.34375000E-1	-8.65018013E-9	-8.65018013E-9	-2.34375000E-1	0.00000000E+0	0.00000000E+0
-2.31933594E-1	-8.58601990E-9	-8.58601990E-9	-2.31933594E-1	0.00000000E+0	0.00000000E+0
-2.29492187E-1	-8.49300985E-9	-8.49300985E-9	-2.29492187E-1	0.00000000E+0	0.00000000E+0
-2.27050781E-1	-8.37000957E-9	-8.37000957E-9	-2.27050781E-1	0.00000000E+0	0.00000000E+0
-2.24609375E-1	-8.26219981E-9	-8.26219981E-9	-2.24609375E-1	0.00000000E+0	0.00000000E+0
-2.22167969E-1	-8.18335977E-9	-8.18335977E-9	-2.22167969E-1	0.00000000E+0	0.00000000E+0
-2.19726562E-1	-8.05910005E-9	-8.05910005E-9	-2.19726562E-1	0.00000000E+0	0.00000000E+0
-2.17285156E-1	-7.95849964E-9	-7.95849964E-9	-2.17285156E-1	0.00000000E+0	0.00000000E+0
-2.14843750E-1	-7.85903964E-9	-7.85903964E-9	-2.14843750E-1	0.00000000E+0	0.00000000E+0
-2.12402344E-1	-7.77652964E-9	-7.77652964E-9	-2.12402344E-1	0.00000000E+0	0.00000000E+0
-2.09960937E-1	-7.70060016E-9	-7.70060016E-9	-2.09960937E-1	0.00000000E+0	0.00000000E+0
-2.07519531E-1	-7.60924035E-9	-7.60924035E-9	-2.07519531E-1	0.00000000E+0	0.00000000E+0
-2.05078125E-1	-7.48017026E-9	-7.48017026E-9	-2.05078125E-1	0.00000000E+0	0.00000000E+0
-2.02636719E-1	-7.39437001E-9	-7.39437001E-9	-2.02636719E-1	0.00000000E+0	0.00000000E+0
-2.00195312E-1	-7.30782013E-9	-7.30782013E-9	-2.00195312E-1	0.00000000E+0	0.00000000E+0
-1.97753906E-1	-7.20987003E-9	-7.20987003E-9	-1.97753906E-1	0.00000000E+0	0.00000000E+0
-1.95312500E-1	-7.12560011E-9	-7.12560011E-9	-1.95312500E-1	0.00000000E+0	0.00000000E+0
-1.92871094E-1	-7.04093983E-9	-7.04093983E-9	-1.92871094E-1	0.00000000E+0	0.00000000E+0
-1.90429687E-1	-6.96311986E-9	-6.96311986E-9	-1.90429687E-1	0.00000000E+0	0.00000000E+0
-1.87988281E-1	-6.87048995E-9	-6.87048995E-9	-1.87988281E-1	0.00000000E+0	0.00000000E+0
-1.85546875E-1	-6.79759982E-9	-6.79759982E-9	-1.85546875E-1	0.00000000E+0	0.00000000E+0
-1.83105469E-1	-6.72927003E-9	-6.72927003E-9	-1.83105469E-1	0.00000000E+0	0.00000000E+0
-1.80664062E-1	-6.65486022E-9	-6.65486022E-9	-1.80664062E-1	0.00000000E+0	0.00000000E+0
-1.78222656E-1	-6.56641008E-9	-6.56641008E-9	-1.78222656E-1	0.00000000E+0	0.00000000E+0
-1.75781250E-1	-6.49313980E-9	-6.49313980E-9	-1.75781250E-1	0.00000000E+0	0.00000000E+0
-1.73339844E-1	-6.42631992E-9	-6.42631992E-9	-1.73339844E-1	0.00000000E+0	0.00000000E+0
-1.70898437E-1	-6.34697983E-9	-6.34697983E-9	-1.70898437E-1	0.00000000E+0	0.00000000E+0
-1.68457031E-1	-6.26726004E-9	-6.26726004E-9	-1.68457031E-1	0.00000000E+0	0.00000000E+0
-1.66015625E-1	-6.18033003E-9	-6.18033003E-9	-1.66015625E-1	0.00000000E+0	0.00000000E+0
-1.63574219E-1	-6.10440010E-9	-6.10440010E-9	-1.63574219E-1	0.00000000E+0	0.00000000E+0
-1.61132812E-1	-6.00722005E-9	-6.00722005E-9	-1.61132812E-1	0.00000000E+0	0.00000000E+0
-1.58691406E-1	-5.93735994E-9	-5.93735994E-9	-1.58691406E-1	0.00000000E+0	0.00000000E+0
-1.56250000E-1	-5.83523985E-9	-5.83523985E-9	-1.56250000E-1	0.00000000E+0	0.00000000E+0
-1.53808594E-1	-5.75021009E-9	-5.75021009E-9	-1.53808594E-1	0.00000000E+0	0.00000000E+0
-1.51367187E-1	-5.65872016E-9	-5.65872016E-9	-1.51367187E-1	0.00000000E+0	0.00000000E+0
-1.48925781E-1	-5.58013991E-9	-5.58013991E-9	-1.48925781E-1	0.00000000E+0	0.00000000E+0
-1.46484375E-1	-5.48256995E-9	-5.48256995E-9	-1.46484375E-1	0.00000000E+0	0.00000000E+0
-1.44042969E-1	-5.40057021E-9	-5.40057021E-9	-1.44042969E-1	0.00000000E+0	0.00000000E+0
-1.41601562E-1	-5.31401989E-9	-5.31401989E-9	-1.41601562E-1	0.00000000E+0	0.00000000E+0
-1.39160156E-1	-5.23202015E-9	-5.23202015E-9	-1.39160156E-1	0.00000000E+0	0.00000000E+0
-1.36718750E-1	-5.17127985E-9	-5.17127985E-9	-1.36718750E-1	0.00000000E+0	0.00000000E+0
-1.34277344E-1	-5.08017006E-9	-5.08017006E-9	-1.34277344E-1	0.00000000E+0	0.00000000E+0
-1.31835937E-1	-4.99741004E-9	-4.99741004E-9	-1.31835937E-1	0.00000000E+0	0.00000000E+0
-1.29394531E-1	-4.91237007E-9	-4.91237007E-9	-1.29394531E-1	0.00000000E+0	0.00000000E+0
-1.26953125E-1	-4.80835016E-9	-4.80835016E-9	-1.26953125E-1	0.00000000E+0	0.00000000E+0
-1.24511719E-1	-4.74534012E-9	-4.74534012E-9	-1.24511719E-1	0.00000000E+0	0.00000000E+0
-1.22070312E-1	-4.67775996E-9	-4.67775996E-9	-1.22070312E-1	0.00000000E+0	0.00000000E+0
-1.19628906E-1	-4.61094984E-9	-4.61094984E-9	-1.19628906E-1	0.00000000E+0	0.00000000E+0
-1.17187500E-1	-4.55173010E-9	-4.55173010E-9	-1.17187500E-1	0.00000000E+0	0.00000000E+0
-1.14746094E-1	-4.49175008E-9	-4.49175008E-9	-1.14746094E-1	0.00000000E+0	0.00000000E+0
-1.12304687E-1	-4.44999015E-9	-4.44999015E-9	-1.12304687E-1	0.00000000E+0	0.00000000E+0
-1.09863281E-1	-4.38924985E-9	-4.38924985E-9	-1.09863281E-1	0.00000000E+0	0.00000000E+0
-1.07421875E-1	-4.35812009E-9	-4.35812009E-9	-1.07421875E-1	0.00000000E+0	0.00000000E+0
-1.04980469E-1	-4.29130020E-9	-4.29130020E-9	-1.04980469E-1	0.00000000E+0	0.00000000E+0
-1.02539062E-1	-4.28333014E-9	-4.28333014E-9	-1.02539062E-1	0.00000000E+0	0.00000000E+0
-1.00097656E-1	-4.25125002E-9	-4.25125002E-9	-1.00097656E-1	0.00000000E+0	0.00000000E+0
-9.76562500E-2	-4.25978985E-9	-4.25978985E-9	-9.76562500E-2	0.00000000E+0	0.00000000E+0
-9.52148438E-2	-4.23132018E-9	-4.23132018E-9	-9.52148438E-2	0.00000000E+0	0.00000000E+0
-9.27734375E-2	-4.25675983E-9	-4.25675983E-9	-9.27734375E-2	0.00000000E+0	0.00000000E+0
-9.03320313E-2	-4.22221014E-9	-4.22221014E-9	-9.03320313E-2	0.00000000E+0	0.00000000E+0
-8.78906250E-2	-4.23588009E-9	-4.23588009E-9	-8.78906250E-2	0.00000000E+0	0.00000000E+0
-8.54492188E-2	-4.20399004E-9	-4.20399004E-9	-8.54492188E-2	0.00000000E+0	0.00000000E+0
-8.30078125E-2	-4.25978985E-9	-4.25978985E-9	-8.30078125E-2	0.00000000E+0	0.00000000E+0
-8.05664063E-2	-4.28580016E-9	-4.28580016E-9	-8.05664063E-2	0.00000000E+0	0.00000000E+0
-7.81250000E-2	-4.32850999E-9	-4.32850999E-9	-7.81250000E-2	0.00000000E+0	0.00000000E+0
-7.56835938E-2	-4.42264980E-9	-4.42264980E-9	-7.56835938E-2	0.00000000E+0	0.00000000E+0
-7.32421875E-2	-4.45530013E-9	-4.45530013E-9	-7.32421875E-2	0.00000000E+0	0.00000000E+0
-7.08007813E-2	-4.50769022E-9	-4.50769022E-9	-7.08007813E-2	0.00000000E+0	0.00000000E+0
-6.83593750E-2	-4.64283989E-9	-4.64283989E-9	-6.83593750E-2	0.00000000E+0	0.00000000E+0
-6.59179688E-2	-4.77874007E-9	-4.77874007E-9	-6.59179688E-2	0.00000000E+0	0.00000000E+0
-6.34765625E-2	-4.91768981E-9	-4.91768981E-9	-6.34765625E-2	0.00000000E+0	0.00000000E+0
-6.10351563E-2	-5.13596987E-9	-5.13596987E-9	-6.10351563E-2	0.00000000E+0	0.00000000E+0
-5.85937500E-2	-5.35577982E-9	-5.35577982E-9	-5.85937500E-2	0.00000000E+0	0.00000000E+0
-5.61523438E-2	-5.61544011E-9	-5.61544011E-9	-5.61523438E-2	0.00000000E+0	0.00000000E+0
-5.37109375E-2	-5.85233018E-9	-5.85233018E-9	-5.37109375E-2	0.00000000E+0	0.00000000E+0
-5.12695313E-2	-6.04517991E-9	-6.04517991E-9	-5.12695313E-2	0.00000000E+0	0.00000000E+0
-4.88281250E-2	-6.17577012E-9	-6.17577012E-9	-4.88281250E-2	0.00000000E+0	0.00000000E+0
-4.63867188E-2	-6.04517991E-9	-6.04517991E-9	-4.63867188E-2	0.00000000E+0	0.00000000E+0
-4.39453125E-2	-5.35577982E-9	-5.35577982E-9	-4.39453125E-2	0.00000000E+0	0.00000000E+0
-4.15039063E-2	-5.26542010E-9	-5.26542010E-9	-4.15039063E-2	0.00000000E+0	0.00000000E+0
-3.90625000E-2	-4.91768981E-9	-4.91768981E-9	-3.90625000E-2	0.00000000E+0	0.00000000E+0
-3.66210938E-2	-4.62916994E-9	-4.62916994E-9	-3.66210938E-2	0.00000000E+0	0.00000000E+0
-3.41796875E-2	-4.25125002E-9	-4.25125002E-9	-3.41796875E-2	0.00000000E+0	0.00000000E+0
-3.17382813E-2	-3.93597022E-9	-3.93597022E-9	-3.17382813E-2	0.00000000E+0	0.00000000E+0
-2.92968750E-2	-3.53014995E-9	-3.53014995E-9	-2.92968750E-2	0.00000000E+0	0.00000000E+0
-2.68554688E-2	-3.21657989E-9	-3.21657989E-9	-2.68554688E-2	0.00000000E+0	0.00000000E+0
-2.44140625E-2	-2.87225999E-9	-2.87225999E-9	-2.44140625E-2	0.00000000E+0	0.00000000E+0
-2.19726563E-2	-2.57045008E-9	-2.57045008E-9	-2.19726563E-2	0.00000000E+0	0.00000000E+0
-1.95312500E-2	-2.32976993E-9	-2.32976993E-9	-1.95312500E-2	0.00000000E+0	0.00000000E+0
-1.70898438E-2	-2.05910000E-9	-2.05910000E-9	-1.70898438E-2	0.00000000E+0	0.00000000E+0
-1.46484375E-2	-1.82372994E-9	-1.82372994E-9	-1.46484375E-2	0.00000000E+0	0.00000000E+0
-1.22070313E-2	-1.53394997E-9	-1.53394997E-9	-1.22070313E-2	0.00000000E+0	0.00000000E+0
-9.76562500E-3	-1.13672005E-9	-1.13672005E-9	-9.76562500E-3	0.00000000E+0	0.00000000E+0
-7.32421875E-3	-7.99374011E-10	-7.99374011E-10	-7.32421875E-3	0.00000000E+0	0.00000000E+0
-4.88281250E-3	-4.30311009E-10	-4.30311009E-10	-4.88281250E-3	0.00000000E+0	0.00000000E+0
-2.44140625E-3	-1.82137000E-10	-1.82137000E-10	-2.44140625E-3	0.00000000E+0	0.00000000E+0
0.00000000E+0	5.10724987E-14	5.10724987E-14	0.00000000E+0	0.00000000E+0	0.00000000E+0
