Date: do 28 mrt 2013, Material: Au, Temp: 4.2 K
AO1 - module gain: 1.0E+0, R_out: 0.0
AO2 - module gain: 1.0E+2
MUX1 - ADC gain: 4, logarithmic amplifier: D:\LabVIEW Data\Lithographic MCBJ\MED24_070412.TXT, R_in: 0.000
MUX2 - ADC gain: 4, linear amplifier: 1.000000 x 1e10 V/A, R_in: 1.000
Breaking trace: 15 0
Axis position: -879.718157
Vbias (V)	<I> and Ii MUX1 (A)	Vbias (V)	<I> and Ii MUX2 (A)
@
0.00000000E+0	-2.73254996E-9	-2.73254996E-9	0.00000000E+0	0.00000000E+0	0.00000000E+0
2.44140625E-3	1.13307998E-7	1.13307998E-7	2.44140625E-3	0.00000000E+0	0.00000000E+0
4.88281250E-3	3.30854988E-7	3.30854988E-7	4.88281250E-3	0.00000000E+0	0.00000000E+0
7.32421875E-3	5.41586019E-7	5.41586019E-7	7.32421875E-3	0.00000000E+0	0.00000000E+0
9.76562500E-3	7.60335979E-7	7.60335979E-7	9.76562500E-3	0.00000000E+0	0.00000000E+0
1.22070313E-2	9.70418000E-7	9.70418000E-7	1.22070313E-2	0.00000000E+0	0.00000000E+0
1.46484375E-2	1.18917001E-6	1.18917001E-6	1.46484375E-2	0.00000000E+0	0.00000000E+0
1.70898438E-2	1.40038003E-6	1.40038003E-6	1.70898438E-2	0.00000000E+0	0.00000000E+0
1.95312500E-2	1.62114998E-6	1.62114998E-6	1.95312500E-2	0.00000000E+0	0.00000000E+0
2.19726563E-2	1.82913004E-6	1.82913004E-6	2.19726563E-2	0.00000000E+0	0.00000000E+0
2.44140625E-2	2.04894991E-6	2.04894991E-6	2.44140625E-2	0.00000000E+0	0.00000000E+0
2.68554688E-2	2.26151997E-6	2.26151997E-6	2.68554688E-2	0.00000000E+0	0.00000000E+0
2.92968750E-2	2.48248011E-6	2.48248011E-6	2.92968750E-2	0.00000000E+0	0.00000000E+0
3.17382813E-2	2.69389989E-6	2.69389989E-6	3.17382813E-2	0.00000000E+0	0.00000000E+0
3.41796875E-2	2.91448009E-6	2.91448009E-6	3.41796875E-2	0.00000000E+0	0.00000000E+0
3.66210938E-2	3.13086002E-6	3.13086002E-6	3.66210938E-2	0.00000000E+0	0.00000000E+0
3.90625000E-2	3.35601999E-6	3.35601999E-6	3.90625000E-2	0.00000000E+0	0.00000000E+0
4.15039063E-2	3.56668011E-6	3.56668011E-6	4.15039063E-2	0.00000000E+0	0.00000000E+0
4.39453125E-2	3.78839991E-6	3.78839991E-6	4.39453125E-2	0.00000000E+0	0.00000000E+0
4.63867188E-2	3.99715009E-6	3.99715009E-6	4.63867188E-2	0.00000000E+0	0.00000000E+0
4.88281250E-2	4.22383982E-6	4.22383982E-6	4.88281250E-2	0.00000000E+0	0.00000000E+0
5.12695313E-2	4.43335011E-6	4.43335011E-6	5.12695313E-2	0.00000000E+0	0.00000000E+0
5.37109375E-2	4.65812991E-6	4.65812991E-6	5.37109375E-2	0.00000000E+0	0.00000000E+0
5.61523438E-2	4.87202988E-6	4.87202988E-6	5.61523438E-2	0.00000000E+0	0.00000000E+0
5.85937500E-2	5.09317988E-6	5.09317988E-6	5.85937500E-2	0.00000000E+0	0.00000000E+0
6.10351563E-2	5.30841999E-6	5.30841999E-6	6.10351563E-2	0.00000000E+0	0.00000000E+0
6.34765625E-2	5.53052996E-6	5.53052996E-6	6.34765625E-2	0.00000000E+0	0.00000000E+0
6.59179688E-2	5.74308979E-6	5.74308979E-6	6.59179688E-2	0.00000000E+0	0.00000000E+0
6.83593750E-2	5.96939981E-6	5.96939981E-6	6.83593750E-2	0.00000000E+0	0.00000000E+0
7.08007813E-2	6.18311014E-6	6.18311014E-6	7.08007813E-2	0.00000000E+0	0.00000000E+0
7.32421875E-2	6.40750022E-6	6.40750022E-6	7.32421875E-2	0.00000000E+0	0.00000000E+0
7.56835938E-2	6.62541015E-6	6.62541015E-6	7.56835938E-2	0.00000000E+0	0.00000000E+0
7.81250000E-2	6.84866018E-6	6.84866018E-6	7.81250000E-2	0.00000000E+0	0.00000000E+0
8.05664063E-2	7.06084984E-6	7.06084984E-6	8.05664063E-2	0.00000000E+0	0.00000000E+0
8.30078125E-2	7.28448003E-6	7.28448003E-6	8.30078125E-2	0.00000000E+0	0.00000000E+0
8.54492188E-2	7.49438004E-6	7.49438004E-6	8.54492188E-2	0.00000000E+0	0.00000000E+0
8.78906250E-2	7.71673967E-6	7.71673967E-6	8.78906250E-2	0.00000000E+0	0.00000000E+0
9.03320313E-2	7.93096024E-6	7.93096024E-6	9.03320313E-2	0.00000000E+0	0.00000000E+0
9.27734375E-2	8.15343992E-6	8.15343992E-6	9.27734375E-2	0.00000000E+0	0.00000000E+0
9.52148438E-2	8.36715026E-6	8.36715026E-6	9.52148438E-2	0.00000000E+0	0.00000000E+0
9.76562500E-2	8.59193005E-6	8.59193005E-6	9.76562500E-2	0.00000000E+0	0.00000000E+0
1.00097656E-1	8.80564039E-6	8.80564039E-6	1.00097656E-1	0.00000000E+0	0.00000000E+0
1.02539062E-1	9.03080036E-6	9.03080036E-6	1.02539062E-1	0.00000000E+0	0.00000000E+0
1.04980469E-1	9.24069991E-6	9.24069991E-6	1.04980469E-1	0.00000000E+0	0.00000000E+0
1.07421875E-1	9.46204000E-6	9.46204000E-6	1.07421875E-1	0.00000000E+0	0.00000000E+0
1.09863281E-1	9.68389031E-6	9.68389031E-6	1.09863281E-1	0.00000000E+0	0.00000000E+0
1.12304687E-1	9.90691024E-6	9.90691024E-6	1.12304687E-1	0.00000000E+0	0.00000000E+0
1.14746094E-1	1.01223004E-5	1.01223004E-5	1.14746094E-1	0.00000000E+0	0.00000000E+0
1.17187500E-1	1.03470002E-5	1.03470002E-5	1.17187500E-1	0.00000000E+0	0.00000000E+0
1.19628906E-1	1.05613999E-5	1.05613999E-5	1.19628906E-1	0.00000000E+0	0.00000000E+0
1.22070312E-1	1.07797996E-5	1.07797996E-5	1.22070312E-1	0.00000000E+0	0.00000000E+0
1.24511719E-1	1.09967004E-5	1.09967004E-5	1.24511719E-1	0.00000000E+0	0.00000000E+0
1.26953125E-1	1.12166999E-5	1.12166999E-5	1.26953125E-1	0.00000000E+0	0.00000000E+0
1.29394531E-1	1.14311997E-5	1.14311997E-5	1.29394531E-1	0.00000000E+0	0.00000000E+0
1.31835937E-1	1.16520996E-5	1.16520996E-5	1.31835937E-1	0.00000000E+0	0.00000000E+0
1.34277344E-1	1.18711996E-5	1.18711996E-5	1.34277344E-1	0.00000000E+0	0.00000000E+0
1.36718750E-1	1.20908999E-5	1.20908999E-5	1.36718750E-1	0.00000000E+0	0.00000000E+0
1.39160156E-1	1.23024001E-5	1.23024001E-5	1.39160156E-1	0.00000000E+0	0.00000000E+0
1.41601562E-1	1.25273000E-5	1.25273000E-5	1.41601562E-1	0.00000000E+0	0.00000000E+0
1.44042969E-1	1.27449002E-5	1.27449002E-5	1.44042969E-1	0.00000000E+0	0.00000000E+0
1.46484375E-1	1.29710997E-5	1.29710997E-5	1.46484375E-1	0.00000000E+0	0.00000000E+0
1.48925781E-1	1.31839997E-5	1.31839997E-5	1.48925781E-1	0.00000000E+0	0.00000000E+0
1.51367187E-1	1.34003003E-5	1.34003003E-5	1.51367187E-1	0.00000000E+0	0.00000000E+0
1.53808594E-1	1.36140998E-5	1.36140998E-5	1.53808594E-1	0.00000000E+0	0.00000000E+0
1.56250000E-1	1.38405003E-5	1.38405003E-5	1.56250000E-1	0.00000000E+0	0.00000000E+0
1.58691406E-1	1.40619004E-5	1.40619004E-5	1.58691406E-1	0.00000000E+0	0.00000000E+0
1.61132812E-1	1.42680001E-5	1.42680001E-5	1.61132812E-1	0.00000000E+0	0.00000000E+0
1.63574219E-1	1.44875003E-5	1.44875003E-5	1.63574219E-1	0.00000000E+0	0.00000000E+0
1.66015625E-1	1.47133997E-5	1.47133997E-5	1.66015625E-1	0.00000000E+0	0.00000000E+0
1.68457031E-1	1.49271000E-5	1.49271000E-5	1.68457031E-1	0.00000000E+0	0.00000000E+0
1.70898437E-1	1.51421000E-5	1.51421000E-5	1.70898437E-1	0.00000000E+0	0.00000000E+0
1.73339844E-1	1.53634992E-5	1.53634992E-5	1.73339844E-1	0.00000000E+0	0.00000000E+0
1.75781250E-1	1.55786001E-5	1.55786001E-5	1.75781250E-1	0.00000000E+0	0.00000000E+0
1.78222656E-1	1.57923005E-5	1.57923005E-5	1.78222656E-1	0.00000000E+0	0.00000000E+0
1.80664062E-1	1.60061009E-5	1.60061009E-5	1.80664062E-1	0.00000000E+0	0.00000000E+0
1.83105469E-1	1.62300003E-5	1.62300003E-5	1.83105469E-1	0.00000000E+0	0.00000000E+0
1.85546875E-1	1.64417997E-5	1.64417997E-5	1.85546875E-1	0.00000000E+0	0.00000000E+0
1.87988281E-1	1.66574991E-5	1.66574991E-5	1.87988281E-1	0.00000000E+0	0.00000000E+0
1.90429687E-1	1.68865008E-5	1.68865008E-5	1.90429687E-1	0.00000000E+0	0.00000000E+0
1.92871094E-1	1.70901003E-5	1.70901003E-5	1.92871094E-1	0.00000000E+0	0.00000000E+0
1.95312500E-1	1.73139997E-5	1.73139997E-5	1.95312500E-1	0.00000000E+0	0.00000000E+0
1.97753906E-1	1.75302994E-5	1.75302994E-5	1.97753906E-1	0.00000000E+0	0.00000000E+0
2.00195312E-1	1.77619004E-5	1.77619004E-5	2.00195312E-1	0.00000000E+0	0.00000000E+0
2.02636719E-1	1.79629005E-5	1.79629005E-5	2.02636719E-1	0.00000000E+0	0.00000000E+0
2.05078125E-1	1.81869000E-5	1.81869000E-5	2.05078125E-1	0.00000000E+0	0.00000000E+0
2.07519531E-1	1.84095006E-5	1.84095006E-5	2.07519531E-1	0.00000000E+0	0.00000000E+0
2.09960937E-1	1.86296002E-5	1.86296002E-5	2.09960937E-1	0.00000000E+0	0.00000000E+0
2.12402344E-1	1.88484992E-5	1.88484992E-5	2.12402344E-1	0.00000000E+0	0.00000000E+0
2.14843750E-1	1.90621995E-5	1.90621995E-5	2.14843750E-1	0.00000000E+0	0.00000000E+0
2.17285156E-1	1.92645002E-5	1.92645002E-5	2.17285156E-1	0.00000000E+0	0.00000000E+0
2.19726562E-1	1.94974000E-5	1.94974000E-5	2.19726562E-1	0.00000000E+0	0.00000000E+0
2.22167969E-1	1.97035006E-5	1.97035006E-5	2.22167969E-1	0.00000000E+0	0.00000000E+0
2.24609375E-1	1.99363003E-5	1.99363003E-5	2.24609375E-1	0.00000000E+0	0.00000000E+0
2.27050781E-1	2.01412004E-5	2.01412004E-5	2.27050781E-1	0.00000000E+0	0.00000000E+0
2.29492187E-1	2.03599993E-5	2.03599993E-5	2.29492187E-1	0.00000000E+0	0.00000000E+0
2.31933594E-1	2.05839006E-5	2.05839006E-5	2.31933594E-1	0.00000000E+0	0.00000000E+0
2.34375000E-1	2.08027996E-5	2.08027996E-5	2.34375000E-1	0.00000000E+0	0.00000000E+0
2.36816406E-1	2.10164999E-5	2.10164999E-5	2.36816406E-1	0.00000000E+0	0.00000000E+0
2.39257812E-1	2.12303003E-5	2.12303003E-5	2.39257812E-1	0.00000000E+0	0.00000000E+0
2.41699219E-1	2.14593001E-5	2.14593001E-5	2.41699219E-1	0.00000000E+0	0.00000000E+0
2.44140625E-1	2.16769004E-5	2.16769004E-5	2.44140625E-1	0.00000000E+0	0.00000000E+0
2.46582031E-1	2.18868008E-5	2.18868008E-5	2.46582031E-1	0.00000000E+0	0.00000000E+0
2.49023437E-1	2.21056998E-5	2.21056998E-5	2.49023437E-1	0.00000000E+0	0.00000000E+0
2.51464844E-1	2.23180996E-5	2.23180996E-5	2.51464844E-1	0.00000000E+0	0.00000000E+0
2.53906250E-1	2.25319000E-5	2.25319000E-5	2.53906250E-1	0.00000000E+0	0.00000000E+0
2.56347656E-1	2.27495002E-5	2.27495002E-5	2.56347656E-1	0.00000000E+0	0.00000000E+0
2.58789062E-1	2.29594007E-5	2.29594007E-5	2.58789062E-1	0.00000000E+0	0.00000000E+0
2.61230469E-1	2.31769991E-5	2.31769991E-5	2.61230469E-1	0.00000000E+0	0.00000000E+0
2.63671875E-1	2.33868996E-5	2.33868996E-5	2.63671875E-1	0.00000000E+0	0.00000000E+0
2.66113281E-1	2.36120995E-5	2.36120995E-5	2.66113281E-1	0.00000000E+0	0.00000000E+0
2.68554687E-1	2.38182001E-5	2.38182001E-5	2.68554687E-1	0.00000000E+0	0.00000000E+0
2.70996094E-1	2.40396002E-5	2.40396002E-5	2.70996094E-1	0.00000000E+0	0.00000000E+0
2.73437500E-1	2.42686001E-5	2.42686001E-5	2.73437500E-1	0.00000000E+0	0.00000000E+0
2.75878906E-1	2.44798994E-5	2.44798994E-5	2.75878906E-1	0.00000000E+0	0.00000000E+0
2.78320312E-1	2.47000007E-5	2.47000007E-5	2.78320312E-1	0.00000000E+0	0.00000000E+0
2.80761719E-1	2.49098994E-5	2.49098994E-5	2.80761719E-1	0.00000000E+0	0.00000000E+0
2.83203125E-1	2.51274996E-5	2.51274996E-5	2.83203125E-1	0.00000000E+0	0.00000000E+0
2.85644531E-1	2.53411999E-5	2.53411999E-5	2.85644531E-1	0.00000000E+0	0.00000000E+0
2.88085937E-1	2.55663999E-5	2.55663999E-5	2.88085937E-1	0.00000000E+0	0.00000000E+0
2.90527344E-1	2.57649008E-5	2.57649008E-5	2.90527344E-1	0.00000000E+0	0.00000000E+0
2.92968750E-1	2.59939006E-5	2.59939006E-5	2.92968750E-1	0.00000000E+0	0.00000000E+0
2.95410156E-1	2.62038993E-5	2.62038993E-5	2.95410156E-1	0.00000000E+0	0.00000000E+0
2.97851562E-1	2.64214996E-5	2.64214996E-5	2.97851562E-1	0.00000000E+0	0.00000000E+0
3.00292969E-1	2.66427996E-5	2.66427996E-5	3.00292969E-1	0.00000000E+0	0.00000000E+0
3.02734375E-1	2.68490003E-5	2.68490003E-5	3.02734375E-1	0.00000000E+0	0.00000000E+0
3.05175781E-1	2.70551009E-5	2.70551009E-5	3.05175781E-1	0.00000000E+0	0.00000000E+0
3.07617187E-1	2.72725993E-5	2.72725993E-5	3.07617187E-1	0.00000000E+0	0.00000000E+0
3.10058594E-1	2.74978993E-5	2.74978993E-5	3.10058594E-1	0.00000000E+0	0.00000000E+0
3.12500000E-1	2.77115996E-5	2.77115996E-5	3.12500000E-1	0.00000000E+0	0.00000000E+0
3.14941406E-1	2.79329997E-5	2.79329997E-5	3.14941406E-1	0.00000000E+0	0.00000000E+0
3.17382812E-1	2.81391003E-5	2.81391003E-5	3.17382812E-1	0.00000000E+0	0.00000000E+0
3.19824219E-1	2.83337995E-5	2.83337995E-5	3.19824219E-1	0.00000000E+0	0.00000000E+0
3.22265625E-1	2.85589995E-5	2.85589995E-5	3.22265625E-1	0.00000000E+0	0.00000000E+0
3.24707031E-1	2.87803996E-5	2.87803996E-5	3.24707031E-1	0.00000000E+0	0.00000000E+0
3.27148437E-1	2.89940999E-5	2.89940999E-5	3.27148437E-1	0.00000000E+0	0.00000000E+0
3.29589844E-1	2.92079003E-5	2.92079003E-5	3.29589844E-1	0.00000000E+0	0.00000000E+0
3.32031250E-1	2.94216006E-5	2.94216006E-5	3.32031250E-1	0.00000000E+0	0.00000000E+0
3.34472656E-1	2.96430007E-5	2.96430007E-5	3.34472656E-1	0.00000000E+0	0.00000000E+0
3.36914062E-1	2.98873001E-5	2.98873001E-5	3.36914062E-1	0.00000000E+0	0.00000000E+0
3.39355469E-1	3.00704996E-5	3.00704996E-5	3.39355469E-1	0.00000000E+0	0.00000000E+0
3.41796875E-1	3.02956996E-5	3.02956996E-5	3.41796875E-1	0.00000000E+0	0.00000000E+0
3.44238281E-1	3.04980003E-5	3.04980003E-5	3.44238281E-1	0.00000000E+0	0.00000000E+0
3.46679687E-1	3.07232003E-5	3.07232003E-5	3.46679687E-1	0.00000000E+0	0.00000000E+0
3.49121094E-1	3.09407988E-5	3.09407988E-5	3.49121094E-1	0.00000000E+0	0.00000000E+0
3.51562500E-1	3.11621989E-5	3.11621989E-5	3.51562500E-1	0.00000000E+0	0.00000000E+0
3.54003906E-1	3.13911987E-5	3.13911987E-5	3.54003906E-1	0.00000000E+0	0.00000000E+0
3.56445312E-1	3.15897014E-5	3.15897014E-5	3.56445312E-1	0.00000000E+0	0.00000000E+0
3.58886719E-1	3.18111015E-5	3.18111015E-5	3.58886719E-1	0.00000000E+0	0.00000000E+0
3.61328125E-1	3.20325016E-5	3.20325016E-5	3.61328125E-1	0.00000000E+0	0.00000000E+0
3.63769531E-1	3.22539017E-5	3.22539017E-5	3.63769531E-1	0.00000000E+0	0.00000000E+0
3.66210937E-1	3.24829016E-5	3.24829016E-5	3.66210937E-1	0.00000000E+0	0.00000000E+0
3.68652344E-1	3.26814006E-5	3.26814006E-5	3.68652344E-1	0.00000000E+0	0.00000000E+0
3.71093750E-1	3.29104005E-5	3.29104005E-5	3.71093750E-1	0.00000000E+0	0.00000000E+0
3.73535156E-1	3.31088995E-5	3.31088995E-5	3.73535156E-1	0.00000000E+0	0.00000000E+0
3.75976562E-1	3.33302996E-5	3.33302996E-5	3.75976562E-1	0.00000000E+0	0.00000000E+0
3.78417969E-1	3.35402001E-5	3.35402001E-5	3.78417969E-1	0.00000000E+0	0.00000000E+0
3.80859375E-1	3.37769015E-5	3.37769015E-5	3.80859375E-1	0.00000000E+0	0.00000000E+0
3.83300781E-1	3.39944017E-5	3.39944017E-5	3.83300781E-1	0.00000000E+0	0.00000000E+0
3.85742187E-1	3.42234998E-5	3.42234998E-5	3.85742187E-1	0.00000000E+0	0.00000000E+0
3.88183594E-1	3.44295986E-5	3.44295986E-5	3.88183594E-1	0.00000000E+0	0.00000000E+0
3.90625000E-1	3.46318993E-5	3.46318993E-5	3.90625000E-1	0.00000000E+0	0.00000000E+0
3.93066406E-1	3.48342001E-5	3.48342001E-5	3.93066406E-1	0.00000000E+0	0.00000000E+0
3.95507812E-1	3.50861010E-5	3.50861010E-5	3.95507812E-1	0.00000000E+0	0.00000000E+0
3.97949219E-1	3.52921998E-5	3.52921998E-5	3.97949219E-1	0.00000000E+0	0.00000000E+0
4.00390625E-1	3.55135999E-5	3.55135999E-5	4.00390625E-1	0.00000000E+0	0.00000000E+0
4.02832031E-1	3.57196986E-5	3.57196986E-5	4.02832031E-1	0.00000000E+0	0.00000000E+0
4.05273437E-1	3.59410988E-5	3.59410988E-5	4.05273437E-1	0.00000000E+0	0.00000000E+0
4.07714844E-1	3.61472012E-5	3.61472012E-5	4.07714844E-1	0.00000000E+0	0.00000000E+0
4.10156250E-1	3.63610015E-5	3.63610015E-5	4.10156250E-1	0.00000000E+0	0.00000000E+0
4.12597656E-1	3.65747001E-5	3.65747001E-5	4.12597656E-1	0.00000000E+0	0.00000000E+0
4.15039062E-1	3.68075998E-5	3.68075998E-5	4.15039062E-1	0.00000000E+0	0.00000000E+0
4.17480469E-1	3.70021990E-5	3.70021990E-5	4.17480469E-1	0.00000000E+0	0.00000000E+0
4.19921875E-1	3.72235991E-5	3.72235991E-5	4.19921875E-1	0.00000000E+0	0.00000000E+0
4.22363281E-1	3.74527008E-5	3.74527008E-5	4.22363281E-1	0.00000000E+0	0.00000000E+0
4.24804687E-1	3.76434982E-5	3.76434982E-5	4.24804687E-1	0.00000000E+0	0.00000000E+0
4.27246094E-1	3.78762998E-5	3.78762998E-5	4.27246094E-1	0.00000000E+0	0.00000000E+0
4.29687500E-1	3.81015998E-5	3.81015998E-5	4.29687500E-1	0.00000000E+0	0.00000000E+0
4.32128906E-1	3.83000006E-5	3.83000006E-5	4.32128906E-1	0.00000000E+0	0.00000000E+0
4.34570312E-1	3.85062012E-5	3.85062012E-5	4.34570312E-1	0.00000000E+0	0.00000000E+0
4.37011719E-1	3.87198997E-5	3.87198997E-5	4.37011719E-1	0.00000000E+0	0.00000000E+0
4.39453125E-1	3.89412999E-5	3.89412999E-5	4.39453125E-1	0.00000000E+0	0.00000000E+0
4.41894531E-1	3.91665017E-5	3.91665017E-5	4.41894531E-1	0.00000000E+0	0.00000000E+0
4.44335937E-1	3.93763985E-5	3.93763985E-5	4.44335937E-1	0.00000000E+0	0.00000000E+0
4.46777344E-1	3.95673014E-5	3.95673014E-5	4.46777344E-1	0.00000000E+0	0.00000000E+0
4.49218750E-1	3.98191987E-5	3.98191987E-5	4.49218750E-1	0.00000000E+0	0.00000000E+0
4.51660156E-1	3.99948003E-5	3.99948003E-5	4.51660156E-1	0.00000000E+0	0.00000000E+0
4.54101562E-1	4.02084988E-5	4.02084988E-5	4.54101562E-1	0.00000000E+0	0.00000000E+0
4.56542969E-1	4.04298989E-5	4.04298989E-5	4.56542969E-1	0.00000000E+0	0.00000000E+0
4.58984375E-1	4.06436993E-5	4.06436993E-5	4.58984375E-1	0.00000000E+0	0.00000000E+0
4.61425781E-1	4.08574015E-5	4.08574015E-5	4.61425781E-1	0.00000000E+0	0.00000000E+0
4.63867187E-1	4.10940993E-5	4.10940993E-5	4.63867187E-1	0.00000000E+0	0.00000000E+0
4.66308594E-1	4.13154994E-5	4.13154994E-5	4.66308594E-1	0.00000000E+0	0.00000000E+0
4.68750000E-1	4.15598006E-5	4.15598006E-5	4.68750000E-1	0.00000000E+0	0.00000000E+0
4.71191406E-1	4.17429983E-5	4.17429983E-5	4.71191406E-1	0.00000000E+0	0.00000000E+0
4.73632812E-1	4.19700991E-5	4.19700991E-5	4.73632812E-1	0.00000000E+0	0.00000000E+0
4.76074219E-1	4.21933983E-5	4.21933983E-5	4.76074219E-1	0.00000000E+0	0.00000000E+0
4.78515625E-1	4.24147984E-5	4.24147984E-5	4.78515625E-1	0.00000000E+0	0.00000000E+0
4.80957031E-1	4.26170991E-5	4.26170991E-5	4.80957031E-1	0.00000000E+0	0.00000000E+0
4.83398437E-1	4.28441999E-5	4.28441999E-5	4.83398437E-1	0.00000000E+0	0.00000000E+0
4.85839844E-1	4.30483997E-5	4.30483997E-5	4.85839844E-1	0.00000000E+0	0.00000000E+0
4.88281250E-1	4.32773995E-5	4.32773995E-5	4.88281250E-1	0.00000000E+0	0.00000000E+0
4.90722656E-1	4.34836002E-5	4.34836002E-5	4.90722656E-1	0.00000000E+0	0.00000000E+0
4.93164062E-1	4.37048984E-5	4.37048984E-5	4.93164062E-1	0.00000000E+0	0.00000000E+0
4.90722656E-1	4.34836002E-5	4.34836002E-5	4.90722656E-1	0.00000000E+0	0.00000000E+0
4.88281250E-1	4.32773995E-5	4.32773995E-5	4.88281250E-1	0.00000000E+0	0.00000000E+0
4.85839844E-1	4.30483997E-5	4.30483997E-5	4.85839844E-1	0.00000000E+0	0.00000000E+0
4.83398437E-1	4.28441999E-5	4.28441999E-5	4.83398437E-1	0.00000000E+0	0.00000000E+0
4.80957031E-1	4.26170991E-5	4.26170991E-5	4.80957031E-1	0.00000000E+0	0.00000000E+0
4.78515625E-1	4.23843012E-5	4.23843012E-5	4.78515625E-1	0.00000000E+0	0.00000000E+0
4.76074219E-1	4.21933983E-5	4.21933983E-5	4.76074219E-1	0.00000000E+0	0.00000000E+0
4.73632812E-1	4.19700991E-5	4.19700991E-5	4.73632812E-1	0.00000000E+0	0.00000000E+0
4.71191406E-1	4.17429983E-5	4.17429983E-5	4.71191406E-1	0.00000000E+0	0.00000000E+0
4.68750000E-1	4.15598006E-5	4.15598006E-5	4.68750000E-1	0.00000000E+0	0.00000000E+0
4.66308594E-1	4.13154994E-5	4.13154994E-5	4.66308594E-1	0.00000000E+0	0.00000000E+0
4.63867187E-1	4.11207984E-5	4.11207984E-5	4.63867187E-1	0.00000000E+0	0.00000000E+0
4.61425781E-1	4.08956003E-5	4.08956003E-5	4.61425781E-1	0.00000000E+0	0.00000000E+0
4.58984375E-1	4.06742001E-5	4.06742001E-5	4.58984375E-1	0.00000000E+0	0.00000000E+0
4.56542969E-1	4.04605016E-5	4.04605016E-5	4.56542969E-1	0.00000000E+0	0.00000000E+0
4.54101562E-1	4.02391015E-5	4.02391015E-5	4.54101562E-1	0.00000000E+0	0.00000000E+0
4.51660156E-1	4.00329991E-5	4.00329991E-5	4.51660156E-1	0.00000000E+0	0.00000000E+0
4.49218750E-1	3.98191987E-5	3.98191987E-5	4.49218750E-1	0.00000000E+0	0.00000000E+0
4.46777344E-1	3.96055002E-5	3.96055002E-5	4.46777344E-1	0.00000000E+0	0.00000000E+0
4.44335937E-1	3.93916998E-5	3.93916998E-5	4.44335937E-1	0.00000000E+0	0.00000000E+0
4.41894531E-1	3.91665017E-5	3.91665017E-5	4.41894531E-1	0.00000000E+0	0.00000000E+0
4.39453125E-1	3.89412999E-5	3.89412999E-5	4.39453125E-1	0.00000000E+0	0.00000000E+0
4.37011719E-1	3.87352011E-5	3.87352011E-5	4.37011719E-1	0.00000000E+0	0.00000000E+0
4.34570312E-1	3.85290987E-5	3.85290987E-5	4.34570312E-1	0.00000000E+0	0.00000000E+0
4.32128906E-1	3.83000006E-5	3.83000006E-5	4.32128906E-1	0.00000000E+0	0.00000000E+0
4.29687500E-1	3.81015998E-5	3.81015998E-5	4.29687500E-1	0.00000000E+0	0.00000000E+0
4.27246094E-1	3.78762998E-5	3.78762998E-5	4.27246094E-1	0.00000000E+0	0.00000000E+0
4.24804687E-1	3.76739990E-5	3.76739990E-5	4.24804687E-1	0.00000000E+0	0.00000000E+0
4.22363281E-1	3.74527008E-5	3.74527008E-5	4.22363281E-1	0.00000000E+0	0.00000000E+0
4.19921875E-1	3.72465001E-5	3.72465001E-5	4.19921875E-1	0.00000000E+0	0.00000000E+0
4.17480469E-1	3.70328016E-5	3.70328016E-5	4.17480469E-1	0.00000000E+0	0.00000000E+0
4.15039062E-1	3.68075998E-5	3.68075998E-5	4.15039062E-1	0.00000000E+0	0.00000000E+0
4.12597656E-1	3.66052991E-5	3.66052991E-5	4.12597656E-1	0.00000000E+0	0.00000000E+0
4.10156250E-1	3.63914987E-5	3.63914987E-5	4.10156250E-1	0.00000000E+0	0.00000000E+0
4.07714844E-1	3.61778002E-5	3.61778002E-5	4.07714844E-1	0.00000000E+0	0.00000000E+0
4.05273437E-1	3.59564001E-5	3.59564001E-5	4.05273437E-1	0.00000000E+0	0.00000000E+0
4.02832031E-1	3.57388017E-5	3.57388017E-5	4.02832031E-1	0.00000000E+0	0.00000000E+0
4.00390625E-1	3.55250995E-5	3.55250995E-5	4.00390625E-1	0.00000000E+0	0.00000000E+0
3.97949219E-1	3.53075011E-5	3.53075011E-5	3.97949219E-1	0.00000000E+0	0.00000000E+0
3.95507812E-1	3.51089984E-5	3.51089984E-5	3.95507812E-1	0.00000000E+0	0.00000000E+0
3.93066406E-1	3.48647009E-5	3.48647009E-5	3.93066406E-1	0.00000000E+0	0.00000000E+0
3.90625000E-1	3.46509987E-5	3.46509987E-5	3.90625000E-1	0.00000000E+0	0.00000000E+0
3.88183594E-1	3.44487016E-5	3.44487016E-5	3.88183594E-1	0.00000000E+0	0.00000000E+0
3.85742187E-1	3.42234998E-5	3.42234998E-5	3.85742187E-1	0.00000000E+0	0.00000000E+0
3.83300781E-1	3.39944017E-5	3.39944017E-5	3.83300781E-1	0.00000000E+0	0.00000000E+0
3.80859375E-1	3.37769015E-5	3.37769015E-5	3.80859375E-1	0.00000000E+0	0.00000000E+0
3.78417969E-1	3.35592995E-5	3.35592995E-5	3.78417969E-1	0.00000000E+0	0.00000000E+0
3.75976562E-1	3.33493990E-5	3.33493990E-5	3.75976562E-1	0.00000000E+0	0.00000000E+0
3.73535156E-1	3.31240990E-5	3.31240990E-5	3.73535156E-1	0.00000000E+0	0.00000000E+0
3.71093750E-1	3.29104005E-5	3.29104005E-5	3.71093750E-1	0.00000000E+0	0.00000000E+0
3.68652344E-1	3.26814006E-5	3.26814006E-5	3.68652344E-1	0.00000000E+0	0.00000000E+0
3.66210937E-1	3.24981993E-5	3.24981993E-5	3.66210937E-1	0.00000000E+0	0.00000000E+0
3.63769531E-1	3.22539017E-5	3.22539017E-5	3.63769531E-1	0.00000000E+0	0.00000000E+0
3.61328125E-1	3.20629988E-5	3.20629988E-5	3.61328125E-1	0.00000000E+0	0.00000000E+0
3.58886719E-1	3.18302009E-5	3.18302009E-5	3.58886719E-1	0.00000000E+0	0.00000000E+0
3.56445312E-1	3.16049991E-5	3.16049991E-5	3.56445312E-1	0.00000000E+0	0.00000000E+0
3.54003906E-1	3.14065001E-5	3.14065001E-5	3.54003906E-1	0.00000000E+0	0.00000000E+0
3.51562500E-1	3.11775002E-5	3.11775002E-5	3.51562500E-1	0.00000000E+0	0.00000000E+0
3.49121094E-1	3.09561001E-5	3.09561001E-5	3.49121094E-1	0.00000000E+0	0.00000000E+0
3.46679687E-1	3.07422997E-5	3.07422997E-5	3.46679687E-1	0.00000000E+0	0.00000000E+0
3.44238281E-1	3.05208996E-5	3.05208996E-5	3.44238281E-1	0.00000000E+0	0.00000000E+0
3.41796875E-1	3.02956996E-5	3.02956996E-5	3.41796875E-1	0.00000000E+0	0.00000000E+0
3.39355469E-1	3.00704996E-5	3.00704996E-5	3.39355469E-1	0.00000000E+0	0.00000000E+0
3.36914062E-1	2.98873001E-5	2.98873001E-5	3.36914062E-1	0.00000000E+0	0.00000000E+0
3.34472656E-1	2.96430007E-5	2.96430007E-5	3.34472656E-1	0.00000000E+0	0.00000000E+0
3.32031250E-1	2.94827005E-5	2.94827005E-5	3.32031250E-1	0.00000000E+0	0.00000000E+0
3.29589844E-1	2.92383993E-5	2.92383993E-5	3.29589844E-1	0.00000000E+0	0.00000000E+0
3.27148437E-1	2.90247008E-5	2.90247008E-5	3.27148437E-1	0.00000000E+0	0.00000000E+0
3.24707031E-1	2.88109004E-5	2.88109004E-5	3.24707031E-1	0.00000000E+0	0.00000000E+0
3.22265625E-1	2.85972001E-5	2.85972001E-5	3.22265625E-1	0.00000000E+0	0.00000000E+0
3.19824219E-1	2.83833997E-5	2.83833997E-5	3.19824219E-1	0.00000000E+0	0.00000000E+0
3.17382812E-1	2.81581997E-5	2.81581997E-5	3.17382812E-1	0.00000000E+0	0.00000000E+0
3.14941406E-1	2.79559008E-5	2.79559008E-5	3.14941406E-1	0.00000000E+0	0.00000000E+0
3.12500000E-1	2.77421004E-5	2.77421004E-5	3.12500000E-1	0.00000000E+0	0.00000000E+0
3.10058594E-1	2.75131006E-5	2.75131006E-5	3.10058594E-1	0.00000000E+0	0.00000000E+0
3.07617187E-1	2.72841007E-5	2.72841007E-5	3.07617187E-1	0.00000000E+0	0.00000000E+0
3.05175781E-1	2.70703003E-5	2.70703003E-5	3.05175781E-1	0.00000000E+0	0.00000000E+0
3.02734375E-1	2.68679996E-5	2.68679996E-5	3.02734375E-1	0.00000000E+0	0.00000000E+0
3.00292969E-1	2.66580992E-5	2.66580992E-5	3.00292969E-1	0.00000000E+0	0.00000000E+0
2.97851562E-1	2.64405007E-5	2.64405007E-5	2.97851562E-1	0.00000000E+0	0.00000000E+0
2.95410156E-1	2.62230005E-5	2.62230005E-5	2.95410156E-1	0.00000000E+0	0.00000000E+0
2.92968750E-1	2.60092002E-5	2.60092002E-5	2.92968750E-1	0.00000000E+0	0.00000000E+0
2.90527344E-1	2.57802003E-5	2.57802003E-5	2.90527344E-1	0.00000000E+0	0.00000000E+0
2.88085937E-1	2.55854993E-5	2.55854993E-5	2.88085937E-1	0.00000000E+0	0.00000000E+0
2.85644531E-1	2.53602993E-5	2.53602993E-5	2.85644531E-1	0.00000000E+0	0.00000000E+0
2.83203125E-1	2.51388992E-5	2.51388992E-5	2.83203125E-1	0.00000000E+0	0.00000000E+0
2.80761719E-1	2.49252007E-5	2.49252007E-5	2.80761719E-1	0.00000000E+0	0.00000000E+0
2.78320312E-1	2.47191001E-5	2.47191001E-5	2.78320312E-1	0.00000000E+0	0.00000000E+0
2.75878906E-1	2.44925996E-5	2.44925996E-5	2.75878906E-1	0.00000000E+0	0.00000000E+0
2.73437500E-1	2.42800998E-5	2.42800998E-5	2.73437500E-1	0.00000000E+0	0.00000000E+0
2.70996094E-1	2.40701993E-5	2.40701993E-5	2.70996094E-1	0.00000000E+0	0.00000000E+0
2.68554687E-1	2.38564007E-5	2.38564007E-5	2.68554687E-1	0.00000000E+0	0.00000000E+0
2.66113281E-1	2.36247997E-5	2.36247997E-5	2.66113281E-1	0.00000000E+0	0.00000000E+0
2.63671875E-1	2.34175004E-5	2.34175004E-5	2.63671875E-1	0.00000000E+0	0.00000000E+0
2.61230469E-1	2.31922004E-5	2.31922004E-5	2.61230469E-1	0.00000000E+0	0.00000000E+0
2.58789062E-1	2.29785001E-5	2.29785001E-5	2.58789062E-1	0.00000000E+0	0.00000000E+0
2.56347656E-1	2.27646997E-5	2.27646997E-5	2.56347656E-1	0.00000000E+0	0.00000000E+0
2.53906250E-1	2.25624008E-5	2.25624008E-5	2.53906250E-1	0.00000000E+0	0.00000000E+0
2.51464844E-1	2.23295992E-5	2.23295992E-5	2.51464844E-1	0.00000000E+0	0.00000000E+0
2.49023437E-1	2.21158007E-5	2.21158007E-5	2.49023437E-1	0.00000000E+0	0.00000000E+0
2.46582031E-1	2.19021003E-5	2.19021003E-5	2.46582031E-1	0.00000000E+0	0.00000000E+0
2.44140625E-1	2.16959997E-5	2.16959997E-5	2.44140625E-1	0.00000000E+0	0.00000000E+0
2.41699219E-1	2.14745996E-5	2.14745996E-5	2.41699219E-1	0.00000000E+0	0.00000000E+0
2.39257812E-1	2.12493997E-5	2.12493997E-5	2.39257812E-1	0.00000000E+0	0.00000000E+0
2.36816406E-1	2.10317994E-5	2.10317994E-5	2.36816406E-1	0.00000000E+0	0.00000000E+0
2.34375000E-1	2.08219008E-5	2.08219008E-5	2.34375000E-1	0.00000000E+0	0.00000000E+0
2.31933594E-1	2.05967008E-5	2.05967008E-5	2.31933594E-1	0.00000000E+0	0.00000000E+0
2.29492187E-1	2.03981999E-5	2.03981999E-5	2.29492187E-1	0.00000000E+0	0.00000000E+0
2.27050781E-1	2.01615003E-5	2.01615003E-5	2.27050781E-1	0.00000000E+0	0.00000000E+0
2.24609375E-1	1.99478000E-5	1.99478000E-5	2.24609375E-1	0.00000000E+0	0.00000000E+0
2.22167969E-1	1.97416994E-5	1.97416994E-5	2.22167969E-1	0.00000000E+0	0.00000000E+0
2.19726562E-1	1.95087996E-5	1.95087996E-5	2.19726562E-1	0.00000000E+0	0.00000000E+0
2.17285156E-1	1.92950993E-5	1.92950993E-5	2.17285156E-1	0.00000000E+0	0.00000000E+0
2.14843750E-1	1.90825995E-5	1.90825995E-5	2.14843750E-1	0.00000000E+0	0.00000000E+0
2.12402344E-1	1.88611994E-5	1.88611994E-5	2.12402344E-1	0.00000000E+0	0.00000000E+0
2.09960937E-1	1.86424004E-5	1.86424004E-5	2.09960937E-1	0.00000000E+0	0.00000000E+0
2.07519531E-1	1.84210003E-5	1.84210003E-5	2.07519531E-1	0.00000000E+0	0.00000000E+0
2.05078125E-1	1.82071999E-5	1.82071999E-5	2.05078125E-1	0.00000000E+0	0.00000000E+0
2.02636719E-1	1.79782000E-5	1.79782000E-5	2.02636719E-1	0.00000000E+0	0.00000000E+0
2.00195312E-1	1.77746006E-5	1.77746006E-5	2.00195312E-1	0.00000000E+0	0.00000000E+0
1.97753906E-1	1.75544992E-5	1.75544992E-5	1.97753906E-1	0.00000000E+0	0.00000000E+0
1.95312500E-1	1.73407007E-5	1.73407007E-5	1.95312500E-1	0.00000000E+0	0.00000000E+0
1.92871094E-1	1.71155007E-5	1.71155007E-5	1.92871094E-1	0.00000000E+0	0.00000000E+0
1.90429687E-1	1.69018003E-5	1.69018003E-5	1.90429687E-1	0.00000000E+0	0.00000000E+0
1.87988281E-1	1.66778991E-5	1.66778991E-5	1.87988281E-1	0.00000000E+0	0.00000000E+0
1.85546875E-1	1.64628000E-5	1.64628000E-5	1.85546875E-1	0.00000000E+0	0.00000000E+0
1.83105469E-1	1.62504002E-5	1.62504002E-5	1.83105469E-1	0.00000000E+0	0.00000000E+0
1.80664062E-1	1.60161999E-5	1.60161999E-5	1.80664062E-1	0.00000000E+0	0.00000000E+0
1.78222656E-1	1.58024995E-5	1.58024995E-5	1.78222656E-1	0.00000000E+0	0.00000000E+0
1.75781250E-1	1.55886992E-5	1.55886992E-5	1.75781250E-1	0.00000000E+0	0.00000000E+0
1.73339844E-1	1.53750007E-5	1.53750007E-5	1.73339844E-1	0.00000000E+0	0.00000000E+0
1.70898437E-1	1.51516997E-5	1.51516997E-5	1.70898437E-1	0.00000000E+0	0.00000000E+0
1.68457031E-1	1.49373000E-5	1.49373000E-5	1.68457031E-1	0.00000000E+0	0.00000000E+0
1.66015625E-1	1.47234996E-5	1.47234996E-5	1.66015625E-1	0.00000000E+0	0.00000000E+0
1.63574219E-1	1.44971000E-5	1.44971000E-5	1.63574219E-1	0.00000000E+0	0.00000000E+0
1.61132812E-1	1.42934996E-5	1.42934996E-5	1.61132812E-1	0.00000000E+0	0.00000000E+0
1.58691406E-1	1.40696002E-5	1.40696002E-5	1.58691406E-1	0.00000000E+0	0.00000000E+0
1.56250000E-1	1.38595997E-5	1.38595997E-5	1.56250000E-1	0.00000000E+0	0.00000000E+0
1.53808594E-1	1.36343997E-5	1.36343997E-5	1.53808594E-1	0.00000000E+0	0.00000000E+0
1.51367187E-1	1.34105003E-5	1.34105003E-5	1.51367187E-1	0.00000000E+0	0.00000000E+0
1.48925781E-1	1.31993002E-5	1.31993002E-5	1.48925781E-1	0.00000000E+0	0.00000000E+0
1.46484375E-1	1.29783002E-5	1.29783002E-5	1.46484375E-1	0.00000000E+0	0.00000000E+0
1.44042969E-1	1.27527001E-5	1.27527001E-5	1.44042969E-1	0.00000000E+0	0.00000000E+0
1.41601562E-1	1.25364004E-5	1.25364004E-5	1.41601562E-1	0.00000000E+0	0.00000000E+0
1.39160156E-1	1.23144000E-5	1.23144000E-5	1.39160156E-1	0.00000000E+0	0.00000000E+0
1.36718750E-1	1.20983004E-5	1.20983004E-5	1.36718750E-1	0.00000000E+0	0.00000000E+0
1.34277344E-1	1.18776998E-5	1.18776998E-5	1.34277344E-1	0.00000000E+0	0.00000000E+0
1.31835937E-1	1.16612000E-5	1.16612000E-5	1.31835937E-1	0.00000000E+0	0.00000000E+0
1.29394531E-1	1.14400000E-5	1.14400000E-5	1.29394531E-1	0.00000000E+0	0.00000000E+0
1.26953125E-1	1.12257003E-5	1.12257003E-5	1.26953125E-1	0.00000000E+0	0.00000000E+0
1.24511719E-1	1.10052997E-5	1.10052997E-5	1.24511719E-1	0.00000000E+0	0.00000000E+0
1.22070312E-1	1.07884998E-5	1.07884998E-5	1.22070312E-1	0.00000000E+0	0.00000000E+0
1.19628906E-1	1.05684003E-5	1.05684003E-5	1.19628906E-1	0.00000000E+0	0.00000000E+0
1.17187500E-1	1.03535003E-5	1.03535003E-5	1.17187500E-1	0.00000000E+0	0.00000000E+0
1.14746094E-1	1.01311998E-5	1.01311998E-5	1.14746094E-1	0.00000000E+0	0.00000000E+0
1.12304687E-1	9.91197976E-6	9.91197976E-6	1.12304687E-1	0.00000000E+0	0.00000000E+0
1.09863281E-1	9.68389031E-6	9.68389031E-6	1.09863281E-1	0.00000000E+0	0.00000000E+0
1.07421875E-1	9.47424996E-6	9.47424996E-6	1.07421875E-1	0.00000000E+0	0.00000000E+0
1.04980469E-1	9.25290988E-6	9.25290988E-6	1.04980469E-1	0.00000000E+0	0.00000000E+0
1.02539062E-1	9.03615000E-6	9.03615000E-6	1.02539062E-1	0.00000000E+0	0.00000000E+0
1.00097656E-1	8.81175038E-6	8.81175038E-6	1.00097656E-1	0.00000000E+0	0.00000000E+0
9.76562500E-2	8.59917964E-6	8.59917964E-6	9.76562500E-2	0.00000000E+0	0.00000000E+0
9.52148438E-2	8.37708012E-6	8.37708012E-6	9.52148438E-2	0.00000000E+0	0.00000000E+0
9.27734375E-2	8.16526972E-6	8.16526972E-6	9.27734375E-2	0.00000000E+0	0.00000000E+0
9.03320313E-2	7.93858999E-6	7.93858999E-6	9.03320313E-2	0.00000000E+0	0.00000000E+0
8.78906250E-2	7.72678959E-6	7.72678959E-6	8.78906250E-2	0.00000000E+0	0.00000000E+0
8.54492188E-2	7.50659001E-6	7.50659001E-6	8.54492188E-2	0.00000000E+0	0.00000000E+0
8.30078125E-2	7.28868008E-6	7.28868008E-6	8.30078125E-2	0.00000000E+0	0.00000000E+0
8.05664063E-2	7.06923993E-6	7.06923993E-6	8.05664063E-2	0.00000000E+0	0.00000000E+0
7.81250000E-2	6.85819987E-6	6.85819987E-6	7.81250000E-2	0.00000000E+0	0.00000000E+0
7.56835938E-2	6.63037008E-6	6.63037008E-6	7.56835938E-2	0.00000000E+0	0.00000000E+0
7.32421875E-2	6.41207998E-6	6.41207998E-6	7.32421875E-2	0.00000000E+0	0.00000000E+0
7.08007813E-2	6.18921013E-6	6.18921013E-6	7.08007813E-2	0.00000000E+0	0.00000000E+0
6.83593750E-2	5.97473991E-6	5.97473991E-6	6.83593750E-2	0.00000000E+0	0.00000000E+0
6.59179688E-2	5.75111017E-6	5.75111017E-6	6.59179688E-2	0.00000000E+0	0.00000000E+0
6.34765625E-2	5.53548989E-6	5.53548989E-6	6.34765625E-2	0.00000000E+0	0.00000000E+0
6.10351563E-2	5.31491014E-6	5.31491014E-6	6.10351563E-2	0.00000000E+0	0.00000000E+0
5.85937500E-2	5.10042992E-6	5.10042992E-6	5.85937500E-2	0.00000000E+0	0.00000000E+0
5.61523438E-2	4.87451007E-6	4.87451007E-6	5.61523438E-2	0.00000000E+0	0.00000000E+0
5.37109375E-2	4.66117990E-6	4.66117990E-6	5.37109375E-2	0.00000000E+0	0.00000000E+0
5.12695313E-2	4.44060015E-6	4.44060015E-6	5.12695313E-2	0.00000000E+0	0.00000000E+0
4.88281250E-2	4.22993980E-6	4.22993980E-6	4.88281250E-2	0.00000000E+0	0.00000000E+0
4.63867188E-2	4.00326007E-6	4.00326007E-6	4.63867188E-2	0.00000000E+0	0.00000000E+0
4.39453125E-2	3.79259995E-6	3.79259995E-6	4.39453125E-2	0.00000000E+0	0.00000000E+0
4.15039063E-2	3.57126009E-6	3.57126009E-6	4.15039063E-2	0.00000000E+0	0.00000000E+0
3.90625000E-2	3.35831010E-6	3.35831010E-6	3.90625000E-2	0.00000000E+0	0.00000000E+0
3.66210938E-2	3.13506007E-6	3.13506007E-6	3.66210938E-2	0.00000000E+0	0.00000000E+0
3.41796875E-2	2.91867991E-6	2.91867991E-6	3.41796875E-2	0.00000000E+0	0.00000000E+0
3.17382813E-2	2.69809993E-6	2.69809993E-6	3.17382813E-2	0.00000000E+0	0.00000000E+0
2.92968750E-2	2.48361994E-6	2.48361994E-6	2.92968750E-2	0.00000000E+0	0.00000000E+0
2.68554688E-2	2.26381007E-6	2.26381007E-6	2.68554688E-2	0.00000000E+0	0.00000000E+0
2.44140625E-2	2.05009997E-6	2.05009997E-6	2.44140625E-2	0.00000000E+0	0.00000000E+0
2.19726563E-2	1.83219004E-6	1.83219004E-6	2.19726563E-2	0.00000000E+0	0.00000000E+0
1.95312500E-2	1.62190997E-6	1.62190997E-6	1.95312500E-2	0.00000000E+0	0.00000000E+0
1.70898438E-2	1.40208999E-6	1.40208999E-6	1.70898438E-2	0.00000000E+0	0.00000000E+0
1.46484375E-2	1.19056006E-6	1.19056006E-6	1.46484375E-2	0.00000000E+0	0.00000000E+0
1.22070313E-2	9.71602049E-7	9.71602049E-7	1.22070313E-2	0.00000000E+0	0.00000000E+0
9.76562500E-3	7.61748993E-7	7.61748993E-7	9.76562500E-3	0.00000000E+0	0.00000000E+0
7.32421875E-3	5.42731982E-7	5.42731982E-7	7.32421875E-3	0.00000000E+0	0.00000000E+0
4.88281250E-3	3.32496995E-7	3.32496995E-7	4.88281250E-3	0.00000000E+0	0.00000000E+0
2.44140625E-3	1.18978001E-7	1.18978001E-7	2.44140625E-3	0.00000000E+0	0.00000000E+0
0.00000000E+0	-2.66117994E-9	-2.66117994E-9	0.00000000E+0	0.00000000E+0	0.00000000E+0
-2.44140625E-3	-2.66592991E-7	-2.66592991E-7	-2.44140625E-3	0.00000000E+0	0.00000000E+0
-4.88281250E-3	-4.90803018E-7	-4.90803018E-7	-4.88281250E-3	0.00000000E+0	0.00000000E+0
-7.32421875E-3	-7.22190975E-7	-7.22190975E-7	-7.32421875E-3	0.00000000E+0	0.00000000E+0
-9.76562500E-3	-9.46744990E-7	-9.46744990E-7	-9.76562500E-3	0.00000000E+0	0.00000000E+0
-1.22070313E-2	-1.18167998E-6	-1.18167998E-6	-1.22070313E-2	0.00000000E+0	0.00000000E+0
-1.46484375E-2	-1.40743998E-6	-1.40743998E-6	-1.46484375E-2	0.00000000E+0	0.00000000E+0
-1.70898438E-2	-1.63947004E-6	-1.63947004E-6	-1.70898438E-2	0.00000000E+0	0.00000000E+0
-1.95312500E-2	-1.86463001E-6	-1.86463001E-6	-1.95312500E-2	0.00000000E+0	0.00000000E+0
-2.19726563E-2	-2.10047006E-6	-2.10047006E-6	-2.19726563E-2	0.00000000E+0	0.00000000E+0
-2.44140625E-2	-2.32868001E-6	-2.32868001E-6	-2.44140625E-2	0.00000000E+0	0.00000000E+0
-2.68554688E-2	-2.56376006E-6	-2.56376006E-6	-2.68554688E-2	0.00000000E+0	0.00000000E+0
-2.92968750E-2	-2.78968992E-6	-2.78968992E-6	-2.92968750E-2	0.00000000E+0	0.00000000E+0
-3.17382813E-2	-3.02476997E-6	-3.02476997E-6	-3.17382813E-2	0.00000000E+0	0.00000000E+0
-3.41796875E-2	-3.25374003E-6	-3.25374003E-6	-3.41796875E-2	0.00000000E+0	0.00000000E+0
-3.66210938E-2	-3.48653998E-6	-3.48653998E-6	-3.66210938E-2	0.00000000E+0	0.00000000E+0
-3.90625000E-2	-3.70941007E-6	-3.70941007E-6	-3.90625000E-2	0.00000000E+0	0.00000000E+0
-4.15039063E-2	-3.95058987E-6	-3.95058987E-6	-4.15039063E-2	0.00000000E+0	0.00000000E+0
-4.39453125E-2	-4.18262016E-6	-4.18262016E-6	-4.39453125E-2	0.00000000E+0	0.00000000E+0
-4.63867188E-2	-4.41541988E-6	-4.41541988E-6	-4.63867188E-2	0.00000000E+0	0.00000000E+0
-4.88281250E-2	-4.64667983E-6	-4.64667983E-6	-4.88281250E-2	0.00000000E+0	0.00000000E+0
-5.12695313E-2	-4.88328988E-6	-4.88328988E-6	-5.12695313E-2	0.00000000E+0	0.00000000E+0
-5.37109375E-2	-5.11226017E-6	-5.11226017E-6	-5.37109375E-2	0.00000000E+0	0.00000000E+0
-5.61523438E-2	-5.34695982E-6	-5.34695982E-6	-5.61523438E-2	0.00000000E+0	0.00000000E+0
-5.85937500E-2	-5.57098019E-6	-5.57098019E-6	-5.85937500E-2	0.00000000E+0	0.00000000E+0
-6.10351563E-2	-5.80987989E-6	-5.80987989E-6	-6.10351563E-2	0.00000000E+0	0.00000000E+0
-6.34765625E-2	-6.03580020E-6	-6.03580020E-6	-6.34765625E-2	0.00000000E+0	0.00000000E+0
-6.59179688E-2	-6.27278996E-6	-6.27278996E-6	-6.59179688E-2	0.00000000E+0	0.00000000E+0
-6.83593750E-2	-6.49985986E-6	-6.49985986E-6	-6.83593750E-2	0.00000000E+0	0.00000000E+0
-7.08007813E-2	-6.73265004E-6	-6.73265004E-6	-7.08007813E-2	0.00000000E+0	0.00000000E+0
-7.32421875E-2	-6.96010011E-6	-6.96010011E-6	-7.32421875E-2	0.00000000E+0	0.00000000E+0
-7.56835938E-2	-7.18906995E-6	-7.18906995E-6	-7.56835938E-2	0.00000000E+0	0.00000000E+0
-7.81250000E-2	-7.41652002E-6	-7.41652002E-6	-7.81250000E-2	0.00000000E+0	0.00000000E+0
-8.05664063E-2	-7.65160985E-6	-7.65160985E-6	-8.05664063E-2	0.00000000E+0	0.00000000E+0
-8.30078125E-2	-7.87828958E-6	-7.87828958E-6	-8.30078125E-2	0.00000000E+0	0.00000000E+0
-8.54492188E-2	-8.11374957E-6	-8.11374957E-6	-8.54492188E-2	0.00000000E+0	0.00000000E+0
-8.78906250E-2	-8.33776994E-6	-8.33776994E-6	-8.78906250E-2	0.00000000E+0	0.00000000E+0
-9.03320313E-2	-8.57284977E-6	-8.57284977E-6	-9.03320313E-2	0.00000000E+0	0.00000000E+0
-9.27734375E-2	-8.79687013E-6	-8.79687013E-6	-9.27734375E-2	0.00000000E+0	0.00000000E+0
-9.52148438E-2	-9.02965985E-6	-9.02965985E-6	-9.52148438E-2	0.00000000E+0	0.00000000E+0
-9.76562500E-2	-9.25023960E-6	-9.25023960E-6	-9.76562500E-2	0.00000000E+0	0.00000000E+0
-1.00097656E-1	-9.48341039E-6	-9.48341039E-6	-1.00097656E-1	0.00000000E+0	0.00000000E+0
-1.02539062E-1	-9.71314967E-6	-9.71314967E-6	-1.02539062E-1	0.00000000E+0	0.00000000E+0
-1.04980469E-1	-9.93881986E-6	-9.93881986E-6	-1.04980469E-1	0.00000000E+0	0.00000000E+0
-1.07421875E-1	-1.01686001E-5	-1.01686001E-5	-1.07421875E-1	0.00000000E+0	0.00000000E+0
-1.09863281E-1	-1.04007004E-5	-1.04007004E-5	-1.09863281E-1	0.00000000E+0	0.00000000E+0
-1.12304687E-1	-1.06125999E-5	-1.06125999E-5	-1.12304687E-1	0.00000000E+0	0.00000000E+0
-1.14746094E-1	-1.08430004E-5	-1.08430004E-5	-1.14746094E-1	0.00000000E+0	0.00000000E+0
-1.17187500E-1	-1.10599003E-5	-1.10599003E-5	-1.17187500E-1	0.00000000E+0	0.00000000E+0
-1.19628906E-1	-1.12988000E-5	-1.12988000E-5	-1.19628906E-1	0.00000000E+0	0.00000000E+0
-1.22070312E-1	-1.15246003E-5	-1.15246003E-5	-1.22070312E-1	0.00000000E+0	0.00000000E+0
-1.24511719E-1	-1.17571999E-5	-1.17571999E-5	-1.24511719E-1	0.00000000E+0	0.00000000E+0
-1.26953125E-1	-1.19758997E-5	-1.19758997E-5	-1.26953125E-1	0.00000000E+0	0.00000000E+0
-1.29394531E-1	-1.22101001E-5	-1.22101001E-5	-1.29394531E-1	0.00000000E+0	0.00000000E+0
-1.31835937E-1	-1.24404996E-5	-1.24404996E-5	-1.31835937E-1	0.00000000E+0	0.00000000E+0
-1.34277344E-1	-1.26638997E-5	-1.26638997E-5	-1.34277344E-1	0.00000000E+0	0.00000000E+0
-1.36718750E-1	-1.28860001E-5	-1.28860001E-5	-1.36718750E-1	0.00000000E+0	0.00000000E+0
-1.39160156E-1	-1.31153001E-5	-1.31153001E-5	-1.39160156E-1	0.00000000E+0	0.00000000E+0
-1.41601562E-1	-1.33443000E-5	-1.33443000E-5	-1.41601562E-1	0.00000000E+0	0.00000000E+0
-1.44042969E-1	-1.35732998E-5	-1.35732998E-5	-1.44042969E-1	0.00000000E+0	0.00000000E+0
-1.46484375E-1	-1.38061996E-5	-1.38061996E-5	-1.46484375E-1	0.00000000E+0	0.00000000E+0
-1.48925781E-1	-1.40313996E-5	-1.40313996E-5	-1.48925781E-1	0.00000000E+0	0.00000000E+0
-1.51367187E-1	-1.42552999E-5	-1.42552999E-5	-1.51367187E-1	0.00000000E+0	0.00000000E+0
-1.53808594E-1	-1.44894002E-5	-1.44894002E-5	-1.53808594E-1	0.00000000E+0	0.00000000E+0
-1.56250000E-1	-1.47146002E-5	-1.47146002E-5	-1.56250000E-1	0.00000000E+0	0.00000000E+0
-1.58691406E-1	-1.49398002E-5	-1.49398002E-5	-1.58691406E-1	0.00000000E+0	0.00000000E+0
-1.61132812E-1	-1.51726999E-5	-1.51726999E-5	-1.61132812E-1	0.00000000E+0	0.00000000E+0
-1.63574219E-1	-1.53960009E-5	-1.53960009E-5	-1.63574219E-1	0.00000000E+0	0.00000000E+0
-1.66015625E-1	-1.56217993E-5	-1.56217993E-5	-1.66015625E-1	0.00000000E+0	0.00000000E+0
-1.68457031E-1	-1.58558996E-5	-1.58558996E-5	-1.68457031E-1	0.00000000E+0	0.00000000E+0
-1.70898437E-1	-1.60772997E-5	-1.60772997E-5	-1.70898437E-1	0.00000000E+0	0.00000000E+0
-1.73339844E-1	-1.63197001E-5	-1.63197001E-5	-1.73339844E-1	0.00000000E+0	0.00000000E+0
-1.75781250E-1	-1.65455003E-5	-1.65455003E-5	-1.75781250E-1	0.00000000E+0	0.00000000E+0
-1.78222656E-1	-1.67694998E-5	-1.67694998E-5	-1.78222656E-1	0.00000000E+0	0.00000000E+0
-1.80664062E-1	-1.69883006E-5	-1.69883006E-5	-1.80664062E-1	0.00000000E+0	0.00000000E+0
-1.83105469E-1	-1.72262007E-5	-1.72262007E-5	-1.83105469E-1	0.00000000E+0	0.00000000E+0
-1.85546875E-1	-1.74399993E-5	-1.74399993E-5	-1.85546875E-1	0.00000000E+0	0.00000000E+0
-1.87988281E-1	-1.76805006E-5	-1.76805006E-5	-1.87988281E-1	0.00000000E+0	0.00000000E+0
-1.90429687E-1	-1.79044000E-5	-1.79044000E-5	-1.90429687E-1	0.00000000E+0	0.00000000E+0
-1.92871094E-1	-1.81333999E-5	-1.81333999E-5	-1.92871094E-1	0.00000000E+0	0.00000000E+0
-1.95312500E-1	-1.83523007E-5	-1.83523007E-5	-1.95312500E-1	0.00000000E+0	0.00000000E+0
-1.97753906E-1	-1.85813005E-5	-1.85813005E-5	-1.97753906E-1	0.00000000E+0	0.00000000E+0
-2.00195312E-1	-1.88077993E-5	-1.88077993E-5	-2.00195312E-1	0.00000000E+0	0.00000000E+0
-2.02636719E-1	-1.90393002E-5	-1.90393002E-5	-2.02636719E-1	0.00000000E+0	0.00000000E+0
-2.05078125E-1	-1.92531006E-5	-1.92531006E-5	-2.05078125E-1	0.00000000E+0	0.00000000E+0
-2.07519531E-1	-1.94974000E-5	-1.94974000E-5	-2.07519531E-1	0.00000000E+0	0.00000000E+0
-2.09960937E-1	-1.97111003E-5	-1.97111003E-5	-2.09960937E-1	0.00000000E+0	0.00000000E+0
-2.12402344E-1	-1.99249007E-5	-1.99249007E-5	-2.12402344E-1	0.00000000E+0	0.00000000E+0
-2.14843750E-1	-2.01513994E-5	-2.01513994E-5	-2.14843750E-1	0.00000000E+0	0.00000000E+0
-2.17285156E-1	-2.03715008E-5	-2.03715008E-5	-2.17285156E-1	0.00000000E+0	0.00000000E+0
-2.19726562E-1	-2.05967008E-5	-2.05967008E-5	-2.19726562E-1	0.00000000E+0	0.00000000E+0
-2.22167969E-1	-2.08295005E-5	-2.08295005E-5	-2.22167969E-1	0.00000000E+0	0.00000000E+0
-2.24609375E-1	-2.10355993E-5	-2.10355993E-5	-2.24609375E-1	0.00000000E+0	0.00000000E+0
-2.27050781E-1	-2.12685009E-5	-2.12685009E-5	-2.27050781E-1	0.00000000E+0	0.00000000E+0
-2.29492187E-1	-2.14821994E-5	-2.14821994E-5	-2.29492187E-1	0.00000000E+0	0.00000000E+0
-2.31933594E-1	-2.17035995E-5	-2.17035995E-5	-2.31933594E-1	0.00000000E+0	0.00000000E+0
-2.34375000E-1	-2.19352005E-5	-2.19352005E-5	-2.34375000E-1	0.00000000E+0	0.00000000E+0
-2.36816406E-1	-2.21666996E-5	-2.21666996E-5	-2.36816406E-1	0.00000000E+0	0.00000000E+0
-2.39257812E-1	-2.23753996E-5	-2.23753996E-5	-2.39257812E-1	0.00000000E+0	0.00000000E+0
-2.41699219E-1	-2.25967997E-5	-2.25967997E-5	-2.41699219E-1	0.00000000E+0	0.00000000E+0
-2.44140625E-1	-2.28257995E-5	-2.28257995E-5	-2.44140625E-1	0.00000000E+0	0.00000000E+0
-2.46582031E-1	-2.30395999E-5	-2.30395999E-5	-2.46582031E-1	0.00000000E+0	0.00000000E+0
-2.49023437E-1	-2.32647999E-5	-2.32647999E-5	-2.49023437E-1	0.00000000E+0	0.00000000E+0
-2.51464844E-1	-2.34899999E-5	-2.34899999E-5	-2.51464844E-1	0.00000000E+0	0.00000000E+0
-2.53906250E-1	-2.36961005E-5	-2.36961005E-5	-2.53906250E-1	0.00000000E+0	0.00000000E+0
-2.56347656E-1	-2.39175006E-5	-2.39175006E-5	-2.56347656E-1	0.00000000E+0	0.00000000E+0
-2.58789062E-1	-2.41465004E-5	-2.41465004E-5	-2.58789062E-1	0.00000000E+0	0.00000000E+0
-2.61230469E-1	-2.43679006E-5	-2.43679006E-5	-2.61230469E-1	0.00000000E+0	0.00000000E+0
-2.63671875E-1	-2.45969004E-5	-2.45969004E-5	-2.63671875E-1	0.00000000E+0	0.00000000E+0
-2.66113281E-1	-2.48183005E-5	-2.48183005E-5	-2.66113281E-1	0.00000000E+0	0.00000000E+0
-2.68554687E-1	-2.50370995E-5	-2.50370995E-5	-2.68554687E-1	0.00000000E+0	0.00000000E+0
-2.70996094E-1	-2.52533991E-5	-2.52533991E-5	-2.70996094E-1	0.00000000E+0	0.00000000E+0
-2.73437500E-1	-2.54595998E-5	-2.54595998E-5	-2.73437500E-1	0.00000000E+0	0.00000000E+0
-2.75878906E-1	-2.56961994E-5	-2.56961994E-5	-2.75878906E-1	0.00000000E+0	0.00000000E+0
-2.78320312E-1	-2.59099997E-5	-2.59099997E-5	-2.78320312E-1	0.00000000E+0	0.00000000E+0
-2.80761719E-1	-2.61389996E-5	-2.61389996E-5	-2.80761719E-1	0.00000000E+0	0.00000000E+0
-2.83203125E-1	-2.63679995E-5	-2.63679995E-5	-2.83203125E-1	0.00000000E+0	0.00000000E+0
-2.85644531E-1	-2.65817998E-5	-2.65817998E-5	-2.85644531E-1	0.00000000E+0	0.00000000E+0
-2.88085937E-1	-2.68107997E-5	-2.68107997E-5	-2.88085937E-1	0.00000000E+0	0.00000000E+0
-2.90527344E-1	-2.70397995E-5	-2.70397995E-5	-2.90527344E-1	0.00000000E+0	0.00000000E+0
-2.92968750E-1	-2.72535999E-5	-2.72535999E-5	-2.92968750E-1	0.00000000E+0	0.00000000E+0
-2.95410156E-1	-2.74825998E-5	-2.74825998E-5	-2.95410156E-1	0.00000000E+0	0.00000000E+0
-2.97851562E-1	-2.77115996E-5	-2.77115996E-5	-2.97851562E-1	0.00000000E+0	0.00000000E+0
-3.00292969E-1	-2.79405995E-5	-2.79405995E-5	-3.00292969E-1	0.00000000E+0	0.00000000E+0
-3.02734375E-1	-2.81543998E-5	-2.81543998E-5	-3.02734375E-1	0.00000000E+0	0.00000000E+0
-3.05175781E-1	-2.83948993E-5	-2.83948993E-5	-3.05175781E-1	0.00000000E+0	0.00000000E+0
-3.07617187E-1	-2.85972001E-5	-2.85972001E-5	-3.07617187E-1	0.00000000E+0	0.00000000E+0
-3.10058594E-1	-2.88261999E-5	-2.88261999E-5	-3.10058594E-1	0.00000000E+0	0.00000000E+0
-3.12500000E-1	-2.90551998E-5	-2.90551998E-5	-3.12500000E-1	0.00000000E+0	0.00000000E+0
-3.14941406E-1	-2.92690002E-5	-2.92690002E-5	-3.14941406E-1	0.00000000E+0	0.00000000E+0
-3.17382812E-1	-2.94942001E-5	-2.94942001E-5	-3.17382812E-1	0.00000000E+0	0.00000000E+0
-3.19824219E-1	-2.97383995E-5	-2.97383995E-5	-3.19824219E-1	0.00000000E+0	0.00000000E+0
-3.22265625E-1	-2.99407002E-5	-2.99407002E-5	-3.22265625E-1	0.00000000E+0	0.00000000E+0
-3.24707031E-1	-3.01849996E-5	-3.01849996E-5	-3.24707031E-1	0.00000000E+0	0.00000000E+0
-3.27148437E-1	-3.03912002E-5	-3.03912002E-5	-3.27148437E-1	0.00000000E+0	0.00000000E+0
-3.29589844E-1	-3.06125003E-5	-3.06125003E-5	-3.29589844E-1	0.00000000E+0	0.00000000E+0
-3.32031250E-1	-3.08492017E-5	-3.08492017E-5	-3.32031250E-1	0.00000000E+0	0.00000000E+0
-3.34472656E-1	-3.10782016E-5	-3.10782016E-5	-3.34472656E-1	0.00000000E+0	0.00000000E+0
-3.36914062E-1	-3.12996017E-5	-3.12996017E-5	-3.36914062E-1	0.00000000E+0	0.00000000E+0
-3.39355469E-1	-3.15286015E-5	-3.15286015E-5	-3.39355469E-1	0.00000000E+0	0.00000000E+0
-3.41796875E-1	-3.17347985E-5	-3.17347985E-5	-3.41796875E-1	0.00000000E+0	0.00000000E+0
-3.44238281E-1	-3.19714018E-5	-3.19714018E-5	-3.44238281E-1	0.00000000E+0	0.00000000E+0
-3.46679687E-1	-3.21851985E-5	-3.21851985E-5	-3.46679687E-1	0.00000000E+0	0.00000000E+0
-3.49121094E-1	-3.24141984E-5	-3.24141984E-5	-3.49121094E-1	0.00000000E+0	0.00000000E+0
-3.51562500E-1	-3.25973997E-5	-3.25973997E-5	-3.51562500E-1	0.00000000E+0	0.00000000E+0
-3.54003906E-1	-3.28417009E-5	-3.28417009E-5	-3.54003906E-1	0.00000000E+0	0.00000000E+0
-3.56445312E-1	-3.30707007E-5	-3.30707007E-5	-3.56445312E-1	0.00000000E+0	0.00000000E+0
-3.58886719E-1	-3.32997006E-5	-3.32997006E-5	-3.58886719E-1	0.00000000E+0	0.00000000E+0
-3.61328125E-1	-3.35229997E-5	-3.35229997E-5	-3.61328125E-1	0.00000000E+0	0.00000000E+0
-3.63769531E-1	-3.37501006E-5	-3.37501006E-5	-3.63769531E-1	0.00000000E+0	0.00000000E+0
-3.66210937E-1	-3.39791986E-5	-3.39791986E-5	-3.66210937E-1	0.00000000E+0	0.00000000E+0
-3.68652344E-1	-3.41853010E-5	-3.41853010E-5	-3.68652344E-1	0.00000000E+0	0.00000000E+0
-3.71093750E-1	-3.44067012E-5	-3.44067012E-5	-3.71093750E-1	0.00000000E+0	0.00000000E+0
-3.73535156E-1	-3.46509987E-5	-3.46509987E-5	-3.73535156E-1	0.00000000E+0	0.00000000E+0
-3.75976562E-1	-3.48571011E-5	-3.48571011E-5	-3.75976562E-1	0.00000000E+0	0.00000000E+0
-3.78417969E-1	-3.50707996E-5	-3.50707996E-5	-3.78417969E-1	0.00000000E+0	0.00000000E+0
-3.80859375E-1	-3.52846000E-5	-3.52846000E-5	-3.80859375E-1	0.00000000E+0	0.00000000E+0
-3.83300781E-1	-3.55060001E-5	-3.55060001E-5	-3.83300781E-1	0.00000000E+0	0.00000000E+0
-3.85742187E-1	-3.57120989E-5	-3.57120989E-5	-3.85742187E-1	0.00000000E+0	0.00000000E+0
-3.88183594E-1	-3.59564001E-5	-3.59564001E-5	-3.88183594E-1	0.00000000E+0	0.00000000E+0
-3.90625000E-1	-3.61778002E-5	-3.61778002E-5	-3.90625000E-1	0.00000000E+0	0.00000000E+0
-3.93066406E-1	-3.63914987E-5	-3.63914987E-5	-3.93066406E-1	0.00000000E+0	0.00000000E+0
-3.95507812E-1	-3.66052991E-5	-3.66052991E-5	-3.95507812E-1	0.00000000E+0	0.00000000E+0
-3.97949219E-1	-3.68381006E-5	-3.68381006E-5	-3.97949219E-1	0.00000000E+0	0.00000000E+0
-4.00390625E-1	-3.70556991E-5	-3.70556991E-5	-4.00390625E-1	0.00000000E+0	0.00000000E+0
-4.02832031E-1	-3.72770992E-5	-3.72770992E-5	-4.02832031E-1	0.00000000E+0	0.00000000E+0
-4.05273437E-1	-3.74908013E-5	-3.74908013E-5	-4.05273437E-1	0.00000000E+0	0.00000000E+0
-4.07714844E-1	-3.77198012E-5	-3.77198012E-5	-4.07714844E-1	0.00000000E+0	0.00000000E+0
-4.10156250E-1	-3.79488993E-5	-3.79488993E-5	-4.10156250E-1	0.00000000E+0	0.00000000E+0
-4.12597656E-1	-3.81550017E-5	-3.81550017E-5	-4.12597656E-1	0.00000000E+0	0.00000000E+0
-4.15039062E-1	-3.83764018E-5	-3.83764018E-5	-4.15039062E-1	0.00000000E+0	0.00000000E+0
-4.17480469E-1	-3.85825006E-5	-3.85825006E-5	-4.17480469E-1	0.00000000E+0	0.00000000E+0
-4.19921875E-1	-3.88039007E-5	-3.88039007E-5	-4.19921875E-1	0.00000000E+0	0.00000000E+0
-4.22363281E-1	-3.90481982E-5	-3.90481982E-5	-4.22363281E-1	0.00000000E+0	0.00000000E+0
-4.24804687E-1	-3.92543006E-5	-3.92543006E-5	-4.24804687E-1	0.00000000E+0	0.00000000E+0
-4.27246094E-1	-3.94757008E-5	-3.94757008E-5	-4.27246094E-1	0.00000000E+0	0.00000000E+0
-4.29687500E-1	-3.97084987E-5	-3.97084987E-5	-4.29687500E-1	0.00000000E+0	0.00000000E+0
-4.32128906E-1	-3.99031996E-5	-3.99031996E-5	-4.32128906E-1	0.00000000E+0	0.00000000E+0
-4.34570312E-1	-4.01475008E-5	-4.01475008E-5	-4.34570312E-1	0.00000000E+0	0.00000000E+0
-4.37011719E-1	-4.03746017E-5	-4.03746017E-5	-4.37011719E-1	0.00000000E+0	0.00000000E+0
-4.39453125E-1	-4.05940991E-5	-4.05940991E-5	-4.39453125E-1	0.00000000E+0	0.00000000E+0
-4.41894531E-1	-4.08269007E-5	-4.08269007E-5	-4.41894531E-1	0.00000000E+0	0.00000000E+0
-4.44335937E-1	-4.10329994E-5	-4.10329994E-5	-4.44335937E-1	0.00000000E+0	0.00000000E+0
-4.46777344E-1	-4.12543995E-5	-4.12543995E-5	-4.46777344E-1	0.00000000E+0	0.00000000E+0
-4.49218750E-1	-4.14604983E-5	-4.14604983E-5	-4.49218750E-1	0.00000000E+0	0.00000000E+0
-4.51660156E-1	-4.16934017E-5	-4.16934017E-5	-4.51660156E-1	0.00000000E+0	0.00000000E+0
-4.54101562E-1	-4.19261996E-5	-4.19261996E-5	-4.54101562E-1	0.00000000E+0	0.00000000E+0
-4.56542969E-1	-4.21322984E-5	-4.21322984E-5	-4.56542969E-1	0.00000000E+0	0.00000000E+0
-4.58984375E-1	-4.23423007E-5	-4.23423007E-5	-4.58984375E-1	0.00000000E+0	0.00000000E+0
-4.61425781E-1	-4.25522012E-5	-4.25522012E-5	-4.61425781E-1	0.00000000E+0	0.00000000E+0
-4.63867187E-1	-4.27927007E-5	-4.27927007E-5	-4.63867187E-1	0.00000000E+0	0.00000000E+0
-4.66308594E-1	-4.29872998E-5	-4.29872998E-5	-4.66308594E-1	0.00000000E+0	0.00000000E+0
-4.68750000E-1	-4.32316010E-5	-4.32316010E-5	-4.68750000E-1	0.00000000E+0	0.00000000E+0
-4.71191406E-1	-4.34530011E-5	-4.34530011E-5	-4.71191406E-1	0.00000000E+0	0.00000000E+0
-4.73632812E-1	-4.36668015E-5	-4.36668015E-5	-4.73632812E-1	0.00000000E+0	0.00000000E+0
-4.76074219E-1	-4.38805000E-5	-4.38805000E-5	-4.76074219E-1	0.00000000E+0	0.00000000E+0
-4.78515625E-1	-4.40943004E-5	-4.40943004E-5	-4.78515625E-1	0.00000000E+0	0.00000000E+0
-4.80957031E-1	-4.43386016E-5	-4.43386016E-5	-4.80957031E-1	0.00000000E+0	0.00000000E+0
-4.83398437E-1	-4.45523001E-5	-4.45523001E-5	-4.83398437E-1	0.00000000E+0	0.00000000E+0
-4.85839844E-1	-4.47583989E-5	-4.47583989E-5	-4.85839844E-1	0.00000000E+0	0.00000000E+0
-4.88281250E-1	-4.49912986E-5	-4.49912986E-5	-4.88281250E-1	0.00000000E+0	0.00000000E+0
-4.90722656E-1	-4.52241002E-5	-4.52241002E-5	-4.90722656E-1	0.00000000E+0	0.00000000E+0
-4.93164062E-1	-4.54379006E-5	-4.54379006E-5	-4.93164062E-1	0.00000000E+0	0.00000000E+0
-4.90722656E-1	-4.52241002E-5	-4.52241002E-5	-4.90722656E-1	0.00000000E+0	0.00000000E+0
-4.88281250E-1	-4.49912986E-5	-4.49912986E-5	-4.88281250E-1	0.00000000E+0	0.00000000E+0
-4.85839844E-1	-4.47583989E-5	-4.47583989E-5	-4.85839844E-1	0.00000000E+0	0.00000000E+0
-4.83398437E-1	-4.45523001E-5	-4.45523001E-5	-4.83398437E-1	0.00000000E+0	0.00000000E+0
-4.80957031E-1	-4.43386016E-5	-4.43386016E-5	-4.80957031E-1	0.00000000E+0	0.00000000E+0
-4.78515625E-1	-4.40943004E-5	-4.40943004E-5	-4.78515625E-1	0.00000000E+0	0.00000000E+0
-4.76074219E-1	-4.38805000E-5	-4.38805000E-5	-4.76074219E-1	0.00000000E+0	0.00000000E+0
-4.73632812E-1	-4.36668015E-5	-4.36668015E-5	-4.73632812E-1	0.00000000E+0	0.00000000E+0
-4.71191406E-1	-4.34530011E-5	-4.34530011E-5	-4.71191406E-1	0.00000000E+0	0.00000000E+0
-4.68750000E-1	-4.32316010E-5	-4.32316010E-5	-4.68750000E-1	0.00000000E+0	0.00000000E+0
-4.66308594E-1	-4.30178989E-5	-4.30178989E-5	-4.66308594E-1	0.00000000E+0	0.00000000E+0
-4.63867187E-1	-4.27927007E-5	-4.27927007E-5	-4.63867187E-1	0.00000000E+0	0.00000000E+0
-4.61425781E-1	-4.25522012E-5	-4.25522012E-5	-4.61425781E-1	0.00000000E+0	0.00000000E+0
-4.58984375E-1	-4.23423007E-5	-4.23423007E-5	-4.58984375E-1	0.00000000E+0	0.00000000E+0
-4.56542969E-1	-4.21322984E-5	-4.21322984E-5	-4.56542969E-1	0.00000000E+0	0.00000000E+0
-4.54101562E-1	-4.19261996E-5	-4.19261996E-5	-4.54101562E-1	0.00000000E+0	0.00000000E+0
-4.51660156E-1	-4.16934017E-5	-4.16934017E-5	-4.51660156E-1	0.00000000E+0	0.00000000E+0
-4.49218750E-1	-4.14604983E-5	-4.14604983E-5	-4.49218750E-1	0.00000000E+0	0.00000000E+0
-4.46777344E-1	-4.12543995E-5	-4.12543995E-5	-4.46777344E-1	0.00000000E+0	0.00000000E+0
-4.44335937E-1	-4.10329994E-5	-4.10329994E-5	-4.44335937E-1	0.00000000E+0	0.00000000E+0
-4.41894531E-1	-4.08269007E-5	-4.08269007E-5	-4.41894531E-1	0.00000000E+0	0.00000000E+0
-4.39453125E-1	-4.05940991E-5	-4.05940991E-5	-4.39453125E-1	0.00000000E+0	0.00000000E+0
-4.37011719E-1	-4.03746017E-5	-4.03746017E-5	-4.37011719E-1	0.00000000E+0	0.00000000E+0
-4.34570312E-1	-4.01284015E-5	-4.01284015E-5	-4.34570312E-1	0.00000000E+0	0.00000000E+0
-4.32128906E-1	-3.99337005E-5	-3.99337005E-5	-4.32128906E-1	0.00000000E+0	0.00000000E+0
-4.29687500E-1	-3.97084987E-5	-3.97084987E-5	-4.29687500E-1	0.00000000E+0	0.00000000E+0
-4.27246094E-1	-3.94757008E-5	-3.94757008E-5	-4.27246094E-1	0.00000000E+0	0.00000000E+0
-4.24804687E-1	-3.92734000E-5	-3.92734000E-5	-4.24804687E-1	0.00000000E+0	0.00000000E+0
-4.22363281E-1	-3.90481982E-5	-3.90481982E-5	-4.22363281E-1	0.00000000E+0	0.00000000E+0
-4.19921875E-1	-3.88344015E-5	-3.88344015E-5	-4.19921875E-1	0.00000000E+0	0.00000000E+0
-4.17480469E-1	-3.86206993E-5	-3.86206993E-5	-4.17480469E-1	0.00000000E+0	0.00000000E+0
-4.15039062E-1	-3.83992992E-5	-3.83992992E-5	-4.15039062E-1	0.00000000E+0	0.00000000E+0
-4.12597656E-1	-3.81932005E-5	-3.81932005E-5	-4.12597656E-1	0.00000000E+0	0.00000000E+0
-4.10156250E-1	-3.79488993E-5	-3.79488993E-5	-4.10156250E-1	0.00000000E+0	0.00000000E+0
-4.07714844E-1	-3.77350989E-5	-3.77350989E-5	-4.07714844E-1	0.00000000E+0	0.00000000E+0
-4.05273437E-1	-3.75290001E-5	-3.75290001E-5	-4.05273437E-1	0.00000000E+0	0.00000000E+0
-4.02832031E-1	-3.73076000E-5	-3.73076000E-5	-4.02832031E-1	0.00000000E+0	0.00000000E+0
-4.00390625E-1	-3.70556991E-5	-3.70556991E-5	-4.00390625E-1	0.00000000E+0	0.00000000E+0
-3.97949219E-1	-3.68381006E-5	-3.68381006E-5	-3.97949219E-1	0.00000000E+0	0.00000000E+0
-3.95507812E-1	-3.66052991E-5	-3.66052991E-5	-3.95507812E-1	0.00000000E+0	0.00000000E+0
-3.93066406E-1	-3.63914987E-5	-3.63914987E-5	-3.93066406E-1	0.00000000E+0	0.00000000E+0
-3.90625000E-1	-3.61778002E-5	-3.61778002E-5	-3.90625000E-1	0.00000000E+0	0.00000000E+0
-3.88183594E-1	-3.59564001E-5	-3.59564001E-5	-3.88183594E-1	0.00000000E+0	0.00000000E+0
-3.85742187E-1	-3.57120989E-5	-3.57120989E-5	-3.85742187E-1	0.00000000E+0	0.00000000E+0
-3.83300781E-1	-3.55060001E-5	-3.55060001E-5	-3.83300781E-1	0.00000000E+0	0.00000000E+0
-3.80859375E-1	-3.52846000E-5	-3.52846000E-5	-3.80859375E-1	0.00000000E+0	0.00000000E+0
-3.78417969E-1	-3.50707996E-5	-3.50707996E-5	-3.78417969E-1	0.00000000E+0	0.00000000E+0
-3.75976562E-1	-3.48571011E-5	-3.48571011E-5	-3.75976562E-1	0.00000000E+0	0.00000000E+0
-3.73535156E-1	-3.46509987E-5	-3.46509987E-5	-3.73535156E-1	0.00000000E+0	0.00000000E+0
-3.71093750E-1	-3.44180989E-5	-3.44180989E-5	-3.71093750E-1	0.00000000E+0	0.00000000E+0
-3.68652344E-1	-3.42157982E-5	-3.42157982E-5	-3.68652344E-1	0.00000000E+0	0.00000000E+0
-3.66210937E-1	-3.39791986E-5	-3.39791986E-5	-3.66210937E-1	0.00000000E+0	0.00000000E+0
-3.63769531E-1	-3.37501006E-5	-3.37501006E-5	-3.63769531E-1	0.00000000E+0	0.00000000E+0
-3.61328125E-1	-3.35229997E-5	-3.35229997E-5	-3.61328125E-1	0.00000000E+0	0.00000000E+0
-3.58886719E-1	-3.32997006E-5	-3.32997006E-5	-3.58886719E-1	0.00000000E+0	0.00000000E+0
-3.56445312E-1	-3.30707007E-5	-3.30707007E-5	-3.56445312E-1	0.00000000E+0	0.00000000E+0
-3.54003906E-1	-3.28417009E-5	-3.28417009E-5	-3.54003906E-1	0.00000000E+0	0.00000000E+0
-3.51562500E-1	-3.26355985E-5	-3.26355985E-5	-3.51562500E-1	0.00000000E+0	0.00000000E+0
-3.49121094E-1	-3.24141984E-5	-3.24141984E-5	-3.49121094E-1	0.00000000E+0	0.00000000E+0
-3.46679687E-1	-3.21851985E-5	-3.21851985E-5	-3.46679687E-1	0.00000000E+0	0.00000000E+0
-3.44238281E-1	-3.19714018E-5	-3.19714018E-5	-3.44238281E-1	0.00000000E+0	0.00000000E+0
-3.41796875E-1	-3.17347985E-5	-3.17347985E-5	-3.41796875E-1	0.00000000E+0	0.00000000E+0
-3.39355469E-1	-3.15286015E-5	-3.15286015E-5	-3.39355469E-1	0.00000000E+0	0.00000000E+0
-3.36914062E-1	-3.12996017E-5	-3.12996017E-5	-3.36914062E-1	0.00000000E+0	0.00000000E+0
-3.34472656E-1	-3.10782016E-5	-3.10782016E-5	-3.34472656E-1	0.00000000E+0	0.00000000E+0
-3.32031250E-1	-3.08492017E-5	-3.08492017E-5	-3.32031250E-1	0.00000000E+0	0.00000000E+0
-3.29589844E-1	-3.06354013E-5	-3.06354013E-5	-3.29589844E-1	0.00000000E+0	0.00000000E+0
-3.27148437E-1	-3.04101995E-5	-3.04101995E-5	-3.27148437E-1	0.00000000E+0	0.00000000E+0
-3.24707031E-1	-3.01849996E-5	-3.01849996E-5	-3.24707031E-1	0.00000000E+0	0.00000000E+0
-3.22265625E-1	-2.99712992E-5	-2.99712992E-5	-3.22265625E-1	0.00000000E+0	0.00000000E+0
-3.19824219E-1	-2.97383995E-5	-2.97383995E-5	-3.19824219E-1	0.00000000E+0	0.00000000E+0
-3.17382812E-1	-2.95131995E-5	-2.95131995E-5	-3.17382812E-1	0.00000000E+0	0.00000000E+0
-3.14941406E-1	-2.92918994E-5	-2.92918994E-5	-3.14941406E-1	0.00000000E+0	0.00000000E+0
-3.12500000E-1	-2.90551998E-5	-2.90551998E-5	-3.12500000E-1	0.00000000E+0	0.00000000E+0
-3.10058594E-1	-2.88413994E-5	-2.88413994E-5	-3.10058594E-1	0.00000000E+0	0.00000000E+0
-3.07617187E-1	-2.85972001E-5	-2.85972001E-5	-3.07617187E-1	0.00000000E+0	0.00000000E+0
-3.05175781E-1	-2.83948993E-5	-2.83948993E-5	-3.05175781E-1	0.00000000E+0	0.00000000E+0
-3.02734375E-1	-2.81543998E-5	-2.81543998E-5	-3.02734375E-1	0.00000000E+0	0.00000000E+0
-3.00292969E-1	-2.79559008E-5	-2.79559008E-5	-3.00292969E-1	0.00000000E+0	0.00000000E+0
-2.97851562E-1	-2.77268991E-5	-2.77268991E-5	-2.97851562E-1	0.00000000E+0	0.00000000E+0
-2.95410156E-1	-2.74978993E-5	-2.74978993E-5	-2.95410156E-1	0.00000000E+0	0.00000000E+0
-2.92968750E-1	-2.72764992E-5	-2.72764992E-5	-2.92968750E-1	0.00000000E+0	0.00000000E+0
-2.90527344E-1	-2.70551009E-5	-2.70551009E-5	-2.90527344E-1	0.00000000E+0	0.00000000E+0
-2.88085937E-1	-2.68260992E-5	-2.68260992E-5	-2.88085937E-1	0.00000000E+0	0.00000000E+0
-2.85644531E-1	-2.65817998E-5	-2.65817998E-5	-2.85644531E-1	0.00000000E+0	0.00000000E+0
-2.83203125E-1	-2.63833008E-5	-2.63833008E-5	-2.83203125E-1	0.00000000E+0	0.00000000E+0
-2.80761719E-1	-2.61542991E-5	-2.61542991E-5	-2.80761719E-1	0.00000000E+0	0.00000000E+0
-2.78320312E-1	-2.59329008E-5	-2.59329008E-5	-2.78320312E-1	0.00000000E+0	0.00000000E+0
-2.75878906E-1	-2.57064003E-5	-2.57064003E-5	-2.75878906E-1	0.00000000E+0	0.00000000E+0
-2.73437500E-1	-2.54747993E-5	-2.54747993E-5	-2.73437500E-1	0.00000000E+0	0.00000000E+0
-2.70996094E-1	-2.52687005E-5	-2.52687005E-5	-2.70996094E-1	0.00000000E+0	0.00000000E+0
-2.68554687E-1	-2.50498997E-5	-2.50498997E-5	-2.68554687E-1	0.00000000E+0	0.00000000E+0
-2.66113281E-1	-2.48298002E-5	-2.48298002E-5	-2.66113281E-1	0.00000000E+0	0.00000000E+0
-2.63671875E-1	-2.46159998E-5	-2.46159998E-5	-2.63671875E-1	0.00000000E+0	0.00000000E+0
-2.61230469E-1	-2.43832001E-5	-2.43832001E-5	-2.61230469E-1	0.00000000E+0	0.00000000E+0
-2.58789062E-1	-2.41580001E-5	-2.41580001E-5	-2.58789062E-1	0.00000000E+0	0.00000000E+0
-2.56347656E-1	-2.39366000E-5	-2.39366000E-5	-2.56347656E-1	0.00000000E+0	0.00000000E+0
-2.53906250E-1	-2.37114000E-5	-2.37114000E-5	-2.53906250E-1	0.00000000E+0	0.00000000E+0
-2.51464844E-1	-2.35051994E-5	-2.35051994E-5	-2.51464844E-1	0.00000000E+0	0.00000000E+0
-2.49023437E-1	-2.32838993E-5	-2.32838993E-5	-2.49023437E-1	0.00000000E+0	0.00000000E+0
-2.46582031E-1	-2.30701007E-5	-2.30701007E-5	-2.46582031E-1	0.00000000E+0	0.00000000E+0
-2.44140625E-1	-2.28384997E-5	-2.28384997E-5	-2.44140625E-1	0.00000000E+0	0.00000000E+0
-2.41699219E-1	-2.26120992E-5	-2.26120992E-5	-2.41699219E-1	0.00000000E+0	0.00000000E+0
-2.39257812E-1	-2.23983006E-5	-2.23983006E-5	-2.39257812E-1	0.00000000E+0	0.00000000E+0
-2.36816406E-1	-2.21794999E-5	-2.21794999E-5	-2.36816406E-1	0.00000000E+0	0.00000000E+0
-2.34375000E-1	-2.19479007E-5	-2.19479007E-5	-2.34375000E-1	0.00000000E+0	0.00000000E+0
-2.31933594E-1	-2.17456000E-5	-2.17456000E-5	-2.31933594E-1	0.00000000E+0	0.00000000E+0
-2.29492187E-1	-2.14975007E-5	-2.14975007E-5	-2.29492187E-1	0.00000000E+0	0.00000000E+0
-2.27050781E-1	-2.12837003E-5	-2.12837003E-5	-2.27050781E-1	0.00000000E+0	0.00000000E+0
-2.24609375E-1	-2.10471007E-5	-2.10471007E-5	-2.24609375E-1	0.00000000E+0	0.00000000E+0
-2.22167969E-1	-2.08485999E-5	-2.08485999E-5	-2.22167969E-1	0.00000000E+0	0.00000000E+0
-2.19726562E-1	-2.06119003E-5	-2.06119003E-5	-2.19726562E-1	0.00000000E+0	0.00000000E+0
-2.17285156E-1	-2.03829004E-5	-2.03829004E-5	-2.17285156E-1	0.00000000E+0	0.00000000E+0
-2.14843750E-1	-2.01640996E-5	-2.01640996E-5	-2.14843750E-1	0.00000000E+0	0.00000000E+0
-2.12402344E-1	-1.99401002E-5	-1.99401002E-5	-2.12402344E-1	0.00000000E+0	0.00000000E+0
-2.09960937E-1	-1.97111003E-5	-1.97111003E-5	-2.09960937E-1	0.00000000E+0	0.00000000E+0
-2.07519531E-1	-1.94974000E-5	-1.94974000E-5	-2.07519531E-1	0.00000000E+0	0.00000000E+0
-2.05078125E-1	-1.92683001E-5	-1.92683001E-5	-2.05078125E-1	0.00000000E+0	0.00000000E+0
-2.02636719E-1	-1.90393002E-5	-1.90393002E-5	-2.02636719E-1	0.00000000E+0	0.00000000E+0
-2.00195312E-1	-1.88077993E-5	-1.88077993E-5	-2.00195312E-1	0.00000000E+0	0.00000000E+0
-1.97753906E-1	-1.85927001E-5	-1.85927001E-5	-1.97753906E-1	0.00000000E+0	0.00000000E+0
-1.95312500E-1	-1.83523007E-5	-1.83523007E-5	-1.95312500E-1	0.00000000E+0	0.00000000E+0
-1.92871094E-1	-1.81333999E-5	-1.81333999E-5	-1.92871094E-1	0.00000000E+0	0.00000000E+0
-1.90429687E-1	-1.79044000E-5	-1.79044000E-5	-1.90429687E-1	0.00000000E+0	0.00000000E+0
-1.87988281E-1	-1.76805006E-5	-1.76805006E-5	-1.87988281E-1	0.00000000E+0	0.00000000E+0
-1.85546875E-1	-1.74514007E-5	-1.74514007E-5	-1.85546875E-1	0.00000000E+0	0.00000000E+0
-1.83105469E-1	-1.72453001E-5	-1.72453001E-5	-1.83105469E-1	0.00000000E+0	0.00000000E+0
-1.80664062E-1	-1.70010007E-5	-1.70010007E-5	-1.80664062E-1	0.00000000E+0	0.00000000E+0
-1.78222656E-1	-1.67796006E-5	-1.67796006E-5	-1.78222656E-1	0.00000000E+0	0.00000000E+0
-1.75781250E-1	-1.65455003E-5	-1.65455003E-5	-1.75781250E-1	0.00000000E+0	0.00000000E+0
-1.73339844E-1	-1.63197001E-5	-1.63197001E-5	-1.73339844E-1	0.00000000E+0	0.00000000E+0
-1.70898437E-1	-1.60925993E-5	-1.60925993E-5	-1.70898437E-1	0.00000000E+0	0.00000000E+0
-1.68457031E-1	-1.58558996E-5	-1.58558996E-5	-1.68457031E-1	0.00000000E+0	0.00000000E+0
-1.66015625E-1	-1.56320002E-5	-1.56320002E-5	-1.66015625E-1	0.00000000E+0	0.00000000E+0
-1.63574219E-1	-1.54054997E-5	-1.54054997E-5	-1.63574219E-1	0.00000000E+0	0.00000000E+0
-1.61132812E-1	-1.51841004E-5	-1.51841004E-5	-1.61132812E-1	0.00000000E+0	0.00000000E+0
-1.58691406E-1	-1.49526004E-5	-1.49526004E-5	-1.58691406E-1	0.00000000E+0	0.00000000E+0
-1.56250000E-1	-1.47241999E-5	-1.47241999E-5	-1.56250000E-1	0.00000000E+0	0.00000000E+0
-1.53808594E-1	-1.44971000E-5	-1.44971000E-5	-1.53808594E-1	0.00000000E+0	0.00000000E+0
-1.51367187E-1	-1.42654999E-5	-1.42654999E-5	-1.51367187E-1	0.00000000E+0	0.00000000E+0
-1.48925781E-1	-1.40440998E-5	-1.40440998E-5	-1.48925781E-1	0.00000000E+0	0.00000000E+0
-1.46484375E-1	-1.38157002E-5	-1.38157002E-5	-1.46484375E-1	0.00000000E+0	0.00000000E+0
-1.44042969E-1	-1.35834998E-5	-1.35834998E-5	-1.44042969E-1	0.00000000E+0	0.00000000E+0
-1.41601562E-1	-1.33519998E-5	-1.33519998E-5	-1.41601562E-1	0.00000000E+0	0.00000000E+0
-1.39160156E-1	-1.31344004E-5	-1.31344004E-5	-1.39160156E-1	0.00000000E+0	0.00000000E+0
-1.36718750E-1	-1.29020000E-5	-1.29020000E-5	-1.36718750E-1	0.00000000E+0	0.00000000E+0
-1.34277344E-1	-1.26806999E-5	-1.26806999E-5	-1.34277344E-1	0.00000000E+0	0.00000000E+0
-1.31835937E-1	-1.24504004E-5	-1.24504004E-5	-1.31835937E-1	0.00000000E+0	0.00000000E+0
-1.29394531E-1	-1.22273004E-5	-1.22273004E-5	-1.29394531E-1	0.00000000E+0	0.00000000E+0
-1.26953125E-1	-1.19869001E-5	-1.19869001E-5	-1.26953125E-1	0.00000000E+0	0.00000000E+0
-1.24511719E-1	-1.17647996E-5	-1.17647996E-5	-1.24511719E-1	0.00000000E+0	0.00000000E+0
-1.22070312E-1	-1.15388002E-5	-1.15388002E-5	-1.22070312E-1	0.00000000E+0	0.00000000E+0
-1.19628906E-1	-1.13082997E-5	-1.13082997E-5	-1.19628906E-1	0.00000000E+0	0.00000000E+0
-1.17187500E-1	-1.10763003E-5	-1.10763003E-5	-1.17187500E-1	0.00000000E+0	0.00000000E+0
-1.14746094E-1	-1.08569002E-5	-1.08569002E-5	-1.14746094E-1	0.00000000E+0	0.00000000E+0
-1.12304687E-1	-1.06257003E-5	-1.06257003E-5	-1.12304687E-1	0.00000000E+0	0.00000000E+0
-1.09863281E-1	-1.04015999E-5	-1.04015999E-5	-1.09863281E-1	0.00000000E+0	0.00000000E+0
-1.07421875E-1	-1.01686001E-5	-1.01686001E-5	-1.07421875E-1	0.00000000E+0	0.00000000E+0
-1.04980469E-1	-9.95243045E-6	-9.95243045E-6	-1.04980469E-1	0.00000000E+0	0.00000000E+0
-1.02539062E-1	-9.71925965E-6	-9.71925965E-6	-1.02539062E-1	0.00000000E+0	0.00000000E+0
-1.00097656E-1	-9.49524019E-6	-9.49524019E-6	-1.00097656E-1	0.00000000E+0	0.00000000E+0
-9.76562500E-2	-9.26244957E-6	-9.26244957E-6	-9.76562500E-2	0.00000000E+0	0.00000000E+0
-9.52148438E-2	-9.03615000E-6	-9.03615000E-6	-9.52148438E-2	0.00000000E+0	0.00000000E+0
-9.27734375E-2	-8.80297011E-6	-8.80297011E-6	-9.27734375E-2	0.00000000E+0	0.00000000E+0
-9.03320313E-2	-8.57284977E-6	-8.57284977E-6	-9.03320313E-2	0.00000000E+0	0.00000000E+0
-8.78906250E-2	-8.34845014E-6	-8.34845014E-6	-8.78906250E-2	0.00000000E+0	0.00000000E+0
-8.54492188E-2	-8.11985956E-6	-8.11985956E-6	-8.54492188E-2	0.00000000E+0	0.00000000E+0
-8.30078125E-2	-7.88363013E-6	-7.88363013E-6	-8.30078125E-2	0.00000000E+0	0.00000000E+0
-8.05664063E-2	-7.65732966E-6	-7.65732966E-6	-8.05664063E-2	0.00000000E+0	0.00000000E+0
-7.81250000E-2	-7.41958002E-6	-7.41958002E-6	-7.81250000E-2	0.00000000E+0	0.00000000E+0
-7.56835938E-2	-7.19480022E-6	-7.19480022E-6	-7.56835938E-2	0.00000000E+0	0.00000000E+0
-7.32421875E-2	-6.96544021E-6	-6.96544021E-6	-7.32421875E-2	0.00000000E+0	0.00000000E+0
-7.08007813E-2	-6.73722980E-6	-6.73722980E-6	-7.08007813E-2	0.00000000E+0	0.00000000E+0
-6.83593750E-2	-6.50444008E-6	-6.50444008E-6	-6.83593750E-2	0.00000000E+0	0.00000000E+0
-6.59179688E-2	-6.27774989E-6	-6.27774989E-6	-6.59179688E-2	0.00000000E+0	0.00000000E+0
-6.34765625E-2	-6.04342995E-6	-6.04342995E-6	-6.34765625E-2	0.00000000E+0	0.00000000E+0
-6.10351563E-2	-5.81292988E-6	-5.81292988E-6	-6.10351563E-2	0.00000000E+0	0.00000000E+0
-5.85937500E-2	-5.57480007E-6	-5.57480007E-6	-5.85937500E-2	0.00000000E+0	0.00000000E+0
-5.61523438E-2	-5.35193021E-6	-5.35193021E-6	-5.61523438E-2	0.00000000E+0	0.00000000E+0
-5.37109375E-2	-5.11608005E-6	-5.11608005E-6	-5.37109375E-2	0.00000000E+0	0.00000000E+0
-5.12695313E-2	-4.88633987E-6	-4.88633987E-6	-5.12695313E-2	0.00000000E+0	0.00000000E+0
-4.88281250E-2	-4.65050016E-6	-4.65050016E-6	-4.88281250E-2	0.00000000E+0	0.00000000E+0
-4.63867188E-2	-4.42151986E-6	-4.42151986E-6	-4.63867188E-2	0.00000000E+0	0.00000000E+0
-4.39453125E-2	-4.18644004E-6	-4.18644004E-6	-4.39453125E-2	0.00000000E+0	0.00000000E+0
-4.15039063E-2	-3.95441020E-6	-3.95441020E-6	-4.15039063E-2	0.00000000E+0	0.00000000E+0
-3.90625000E-2	-3.71246006E-6	-3.71246006E-6	-3.90625000E-2	0.00000000E+0	0.00000000E+0
-3.66210938E-2	-3.48958997E-6	-3.48958997E-6	-3.66210938E-2	0.00000000E+0	0.00000000E+0
-3.41796875E-2	-3.25755991E-6	-3.25755991E-6	-3.41796875E-2	0.00000000E+0	0.00000000E+0
-3.17382813E-2	-3.02934995E-6	-3.02934995E-6	-3.17382813E-2	0.00000000E+0	0.00000000E+0
-2.92968750E-2	-2.79273991E-6	-2.79273991E-6	-2.92968750E-2	0.00000000E+0	0.00000000E+0
-2.68554688E-2	-2.56567000E-6	-2.56567000E-6	-2.68554688E-2	0.00000000E+0	0.00000000E+0
-2.44140625E-2	-2.33174001E-6	-2.33174001E-6	-2.44140625E-2	0.00000000E+0	0.00000000E+0
-2.19726563E-2	-2.10352005E-6	-2.10352005E-6	-2.19726563E-2	0.00000000E+0	0.00000000E+0
-1.95312500E-2	-1.86666000E-6	-1.86666000E-6	-1.95312500E-2	0.00000000E+0	0.00000000E+0
-1.70898438E-2	-1.64303003E-6	-1.64303003E-6	-1.70898438E-2	0.00000000E+0	0.00000000E+0
-1.46484375E-2	-1.40972998E-6	-1.40972998E-6	-1.46484375E-2	0.00000000E+0	0.00000000E+0
-1.22070313E-2	-1.18447997E-6	-1.18447997E-6	-1.22070313E-2	0.00000000E+0	0.00000000E+0
-9.76562500E-3	-9.49380023E-7	-9.49380023E-7	-9.76562500E-3	0.00000000E+0	0.00000000E+0
-7.32421875E-3	-7.25017003E-7	-7.25017003E-7	-7.32421875E-3	0.00000000E+0	0.00000000E+0
-4.88281250E-3	-4.92407025E-7	-4.92407025E-7	-4.88281250E-3	0.00000000E+0	0.00000000E+0
-2.44140625E-3	-2.68387993E-7	-2.68387993E-7	-2.44140625E-3	0.00000000E+0	0.00000000E+0
0.00000000E+0	-3.70582001E-8	-3.70582001E-8	0.00000000E+0	0.00000000E+0	0.00000000E+0
