Date: do 28 mrt 2013, Material: Au, Temp: 4.2 K
AO1 - module gain: 1.0E+0, R_out: 0.0
AO2 - module gain: 1.0E+2
MUX1 - ADC gain: 4, logarithmic amplifier: D:\LabVIEW Data\Lithographic MCBJ\MED24_070412.TXT, R_in: 0.000
MUX2 - ADC gain: 4, linear amplifier: 1.000000 x 1e10 V/A, R_in: 1.000
Breaking trace: 15 0
Axis position: -882.253049
Vbias (V)	<I> and Ii MUX1 (A)	Vbias (V)	<I> and Ii MUX2 (A)
@
0.00000000E+0	-2.86314994E-9	-2.86314994E-9	0.00000000E+0	0.00000000E+0	0.00000000E+0
2.44140625E-3	1.11494998E-7	1.11494998E-7	2.44140625E-3	0.00000000E+0	0.00000000E+0
4.88281250E-3	3.25776000E-7	3.25776000E-7	4.88281250E-3	0.00000000E+0	0.00000000E+0
7.32421875E-3	5.33185982E-7	5.33185982E-7	7.32421875E-3	0.00000000E+0	0.00000000E+0
9.76562500E-3	7.48232026E-7	7.48232026E-7	9.76562500E-3	0.00000000E+0	0.00000000E+0
1.22070313E-2	9.56404961E-7	9.56404961E-7	1.22070313E-2	0.00000000E+0	0.00000000E+0
1.46484375E-2	1.17136995E-6	1.17136995E-6	1.46484375E-2	0.00000000E+0	0.00000000E+0
1.70898438E-2	1.37919994E-6	1.37919994E-6	1.70898438E-2	0.00000000E+0	0.00000000E+0
1.95312500E-2	1.59469005E-6	1.59469005E-6	1.95312500E-2	0.00000000E+0	0.00000000E+0
2.19726563E-2	1.80076995E-6	1.80076995E-6	2.19726563E-2	0.00000000E+0	0.00000000E+0
2.44140625E-2	2.01727994E-6	2.01727994E-6	2.44140625E-2	0.00000000E+0	0.00000000E+0
2.68554688E-2	2.22386006E-6	2.22386006E-6	2.68554688E-2	0.00000000E+0	0.00000000E+0
2.92968750E-2	2.43974000E-6	2.43974000E-6	2.92968750E-2	0.00000000E+0	0.00000000E+0
3.17382813E-2	2.64491996E-6	2.64491996E-6	3.17382813E-2	0.00000000E+0	0.00000000E+0
3.41796875E-2	2.86220006E-6	2.86220006E-6	3.41796875E-2	0.00000000E+0	0.00000000E+0
3.66210938E-2	3.07284995E-6	3.07284995E-6	3.66210938E-2	0.00000000E+0	0.00000000E+0
3.90625000E-2	3.29114005E-6	3.29114005E-6	3.90625000E-2	0.00000000E+0	0.00000000E+0
4.15039063E-2	3.49646007E-6	3.49646007E-6	4.15039063E-2	0.00000000E+0	0.00000000E+0
4.39453125E-2	3.71321994E-6	3.71321994E-6	4.39453125E-2	0.00000000E+0	0.00000000E+0
4.63867188E-2	3.91930007E-6	3.91930007E-6	4.63867188E-2	0.00000000E+0	0.00000000E+0
4.88281250E-2	4.13454018E-6	4.13454018E-6	4.88281250E-2	0.00000000E+0	0.00000000E+0
5.12695313E-2	4.34290996E-6	4.34290996E-6	5.12695313E-2	0.00000000E+0	0.00000000E+0
5.37109375E-2	4.55661984E-6	4.55661984E-6	5.37109375E-2	0.00000000E+0	0.00000000E+0
5.61523438E-2	4.76879995E-6	4.76879995E-6	5.61523438E-2	0.00000000E+0	0.00000000E+0
5.85937500E-2	4.98404006E-6	4.98404006E-6	5.85937500E-2	0.00000000E+0	0.00000000E+0
6.10351563E-2	5.19163996E-6	5.19163996E-6	6.10351563E-2	0.00000000E+0	0.00000000E+0
6.34765625E-2	5.40153997E-6	5.40153997E-6	6.34765625E-2	0.00000000E+0	0.00000000E+0
6.59179688E-2	5.60991020E-6	5.60991020E-6	6.59179688E-2	0.00000000E+0	0.00000000E+0
6.83593750E-2	5.82591019E-6	5.82591019E-6	6.83593750E-2	0.00000000E+0	0.00000000E+0
7.08007813E-2	6.03656008E-6	6.03656008E-6	7.08007813E-2	0.00000000E+0	0.00000000E+0
7.32421875E-2	6.24951008E-6	6.24951008E-6	7.32421875E-2	0.00000000E+0	0.00000000E+0
7.56835938E-2	6.46169019E-6	6.46169019E-6	7.56835938E-2	0.00000000E+0	0.00000000E+0
7.81250000E-2	6.67731001E-6	6.67731001E-6	7.81250000E-2	0.00000000E+0	0.00000000E+0
8.05664063E-2	6.88491991E-6	6.88491991E-6	8.05664063E-2	0.00000000E+0	0.00000000E+0
8.30078125E-2	7.09825008E-6	7.09825008E-6	8.30078125E-2	0.00000000E+0	0.00000000E+0
8.54492188E-2	7.30433021E-6	7.30433021E-6	8.54492188E-2	0.00000000E+0	0.00000000E+0
8.78906250E-2	7.52033020E-6	7.52033020E-6	8.78906250E-2	0.00000000E+0	0.00000000E+0
9.03320313E-2	7.72678959E-6	7.72678959E-6	9.03320313E-2	0.00000000E+0	0.00000000E+0
9.27734375E-2	7.93858999E-6	7.93858999E-6	9.27734375E-2	0.00000000E+0	0.00000000E+0
9.52148438E-2	8.14848045E-6	8.14848045E-6	9.52148438E-2	0.00000000E+0	0.00000000E+0
9.76562500E-2	8.36715026E-6	8.36715026E-6	9.76562500E-2	0.00000000E+0	0.00000000E+0
1.00097656E-1	8.56673978E-6	8.56673978E-6	1.00097656E-1	0.00000000E+0	0.00000000E+0
1.02539062E-1	8.78579976E-6	8.78579976E-6	1.02539062E-1	0.00000000E+0	0.00000000E+0
1.04980469E-1	8.99188035E-6	8.99188035E-6	1.04980469E-1	0.00000000E+0	0.00000000E+0
1.07421875E-1	9.21055016E-6	9.21055016E-6	1.07421875E-1	0.00000000E+0	0.00000000E+0
1.09863281E-1	9.41968028E-6	9.41968028E-6	1.09863281E-1	0.00000000E+0	0.00000000E+0
1.12304687E-1	9.63301045E-6	9.63301045E-6	1.12304687E-1	0.00000000E+0	0.00000000E+0
1.14746094E-1	9.84671988E-6	9.84671988E-6	1.14746094E-1	0.00000000E+0	0.00000000E+0
1.17187500E-1	1.00623001E-5	1.00623001E-5	1.17187500E-1	0.00000000E+0	0.00000000E+0
1.19628906E-1	1.02702998E-5	1.02702998E-5	1.19628906E-1	0.00000000E+0	0.00000000E+0
1.22070312E-1	1.04865003E-5	1.04865003E-5	1.22070312E-1	0.00000000E+0	0.00000000E+0
1.24511719E-1	1.06935004E-5	1.06935004E-5	1.24511719E-1	0.00000000E+0	0.00000000E+0
1.26953125E-1	1.09073999E-5	1.09073999E-5	1.26953125E-1	0.00000000E+0	0.00000000E+0
1.29394531E-1	1.11107001E-5	1.11107001E-5	1.29394531E-1	0.00000000E+0	0.00000000E+0
1.31835937E-1	1.13239003E-5	1.13239003E-5	1.31835937E-1	0.00000000E+0	0.00000000E+0
1.34277344E-1	1.15334997E-5	1.15334997E-5	1.34277344E-1	0.00000000E+0	0.00000000E+0
1.36718750E-1	1.17490999E-5	1.17490999E-5	1.36718750E-1	0.00000000E+0	0.00000000E+0
1.39160156E-1	1.19589004E-5	1.19589004E-5	1.39160156E-1	0.00000000E+0	0.00000000E+0
1.41601562E-1	1.21722996E-5	1.21722996E-5	1.41601562E-1	0.00000000E+0	0.00000000E+0
1.44042969E-1	1.23837999E-5	1.23837999E-5	1.44042969E-1	0.00000000E+0	0.00000000E+0
1.46484375E-1	1.25944998E-5	1.25944998E-5	1.46484375E-1	0.00000000E+0	0.00000000E+0
1.48925781E-1	1.28042002E-5	1.28042002E-5	1.48925781E-1	0.00000000E+0	0.00000000E+0
1.51367187E-1	1.30239996E-5	1.30239996E-5	1.51367187E-1	0.00000000E+0	0.00000000E+0
1.53808594E-1	1.32373998E-5	1.32373998E-5	1.53808594E-1	0.00000000E+0	0.00000000E+0
1.56250000E-1	1.34493002E-5	1.34493002E-5	1.56250000E-1	0.00000000E+0	0.00000000E+0
1.58691406E-1	1.36497001E-5	1.36497001E-5	1.58691406E-1	0.00000000E+0	0.00000000E+0
1.61132812E-1	1.38692003E-5	1.38692003E-5	1.61132812E-1	0.00000000E+0	0.00000000E+0
1.63574219E-1	1.40696002E-5	1.40696002E-5	1.63574219E-1	0.00000000E+0	0.00000000E+0
1.66015625E-1	1.42934996E-5	1.42934996E-5	1.66015625E-1	0.00000000E+0	0.00000000E+0
1.68457031E-1	1.44971000E-5	1.44971000E-5	1.68457031E-1	0.00000000E+0	0.00000000E+0
1.70898437E-1	1.47133997E-5	1.47133997E-5	1.70898437E-1	0.00000000E+0	0.00000000E+0
1.73339844E-1	1.49169000E-5	1.49169000E-5	1.73339844E-1	0.00000000E+0	0.00000000E+0
1.75781250E-1	1.51326003E-5	1.51326003E-5	1.75781250E-1	0.00000000E+0	0.00000000E+0
1.78222656E-1	1.53393994E-5	1.53393994E-5	1.78222656E-1	0.00000000E+0	0.00000000E+0
1.80664062E-1	1.55506004E-5	1.55506004E-5	1.80664062E-1	0.00000000E+0	0.00000000E+0
1.83105469E-1	1.57617997E-5	1.57617997E-5	1.83105469E-1	0.00000000E+0	0.00000000E+0
1.85546875E-1	1.59742995E-5	1.59742995E-5	1.85546875E-1	0.00000000E+0	0.00000000E+0
1.87988281E-1	1.61893004E-5	1.61893004E-5	1.87988281E-1	0.00000000E+0	0.00000000E+0
1.90429687E-1	1.63979003E-5	1.63979003E-5	1.90429687E-1	0.00000000E+0	0.00000000E+0
1.92871094E-1	1.66141999E-5	1.66141999E-5	1.92871094E-1	0.00000000E+0	0.00000000E+0
1.95312500E-1	1.68253991E-5	1.68253991E-5	1.95312500E-1	0.00000000E+0	0.00000000E+0
1.97753906E-1	1.70353997E-5	1.70353997E-5	1.97753906E-1	0.00000000E+0	0.00000000E+0
2.00195312E-1	1.72491000E-5	1.72491000E-5	2.00195312E-1	0.00000000E+0	0.00000000E+0
2.02636719E-1	1.74615998E-5	1.74615998E-5	2.02636719E-1	0.00000000E+0	0.00000000E+0
2.05078125E-1	1.76766007E-5	1.76766007E-5	2.05078125E-1	0.00000000E+0	0.00000000E+0
2.07519531E-1	1.78809005E-5	1.78809005E-5	2.07519531E-1	0.00000000E+0	0.00000000E+0
2.09960937E-1	1.80851002E-5	1.80851002E-5	2.09960937E-1	0.00000000E+0	0.00000000E+0
2.12402344E-1	1.82988006E-5	1.82988006E-5	2.12402344E-1	0.00000000E+0	0.00000000E+0
2.14843750E-1	1.85125991E-5	1.85125991E-5	2.14843750E-1	0.00000000E+0	0.00000000E+0
2.17285156E-1	1.87262995E-5	1.87262995E-5	2.17285156E-1	0.00000000E+0	0.00000000E+0
2.19726562E-1	1.89400998E-5	1.89400998E-5	2.19726562E-1	0.00000000E+0	0.00000000E+0
2.22167969E-1	1.91424006E-5	1.91424006E-5	2.22167969E-1	0.00000000E+0	0.00000000E+0
2.24609375E-1	1.93446995E-5	1.93446995E-5	2.24609375E-1	0.00000000E+0	0.00000000E+0
2.27050781E-1	1.95456996E-5	1.95456996E-5	2.27050781E-1	0.00000000E+0	0.00000000E+0
2.29492187E-1	1.97646004E-5	1.97646004E-5	2.29492187E-1	0.00000000E+0	0.00000000E+0
2.31933594E-1	1.99859005E-5	1.99859005E-5	2.31933594E-1	0.00000000E+0	0.00000000E+0
2.34375000E-1	2.01920993E-5	2.01920993E-5	2.34375000E-1	0.00000000E+0	0.00000000E+0
2.36816406E-1	2.03981999E-5	2.03981999E-5	2.36816406E-1	0.00000000E+0	0.00000000E+0
2.39257812E-1	2.05967008E-5	2.05967008E-5	2.39257812E-1	0.00000000E+0	0.00000000E+0
2.41699219E-1	2.08027996E-5	2.08027996E-5	2.41699219E-1	0.00000000E+0	0.00000000E+0
2.44140625E-1	2.10064009E-5	2.10064009E-5	2.44140625E-1	0.00000000E+0	0.00000000E+0
2.46582031E-1	2.12188006E-5	2.12188006E-5	2.46582031E-1	0.00000000E+0	0.00000000E+0
2.49023437E-1	2.14287993E-5	2.14287993E-5	2.49023437E-1	0.00000000E+0	0.00000000E+0
2.51464844E-1	2.16424996E-5	2.16424996E-5	2.51464844E-1	0.00000000E+0	0.00000000E+0
2.53906250E-1	2.18563000E-5	2.18563000E-5	2.53906250E-1	0.00000000E+0	0.00000000E+0
2.56347656E-1	2.20497004E-5	2.20497004E-5	2.56347656E-1	0.00000000E+0	0.00000000E+0
2.58789062E-1	2.22761992E-5	2.22761992E-5	2.58789062E-1	0.00000000E+0	0.00000000E+0
2.61230469E-1	2.24670002E-5	2.24670002E-5	2.61230469E-1	0.00000000E+0	0.00000000E+0
2.63671875E-1	2.26808006E-5	2.26808006E-5	2.63671875E-1	0.00000000E+0	0.00000000E+0
2.66113281E-1	2.28983008E-5	2.28983008E-5	2.66113281E-1	0.00000000E+0	0.00000000E+0
2.68554687E-1	2.31120994E-5	2.31120994E-5	2.68554687E-1	0.00000000E+0	0.00000000E+0
2.70996094E-1	2.33296996E-5	2.33296996E-5	2.70996094E-1	0.00000000E+0	0.00000000E+0
2.73437500E-1	2.35586995E-5	2.35586995E-5	2.73437500E-1	0.00000000E+0	0.00000000E+0
2.75878906E-1	2.37610002E-5	2.37610002E-5	2.75878906E-1	0.00000000E+0	0.00000000E+0
2.78320312E-1	2.39556994E-5	2.39556994E-5	2.78320312E-1	0.00000000E+0	0.00000000E+0
2.80761719E-1	2.41808993E-5	2.41808993E-5	2.80761719E-1	0.00000000E+0	0.00000000E+0
2.83203125E-1	2.43945997E-5	2.43945997E-5	2.83203125E-1	0.00000000E+0	0.00000000E+0
2.85644531E-1	2.46084001E-5	2.46084001E-5	2.85644531E-1	0.00000000E+0	0.00000000E+0
2.88085937E-1	2.48336000E-5	2.48336000E-5	2.88085937E-1	0.00000000E+0	0.00000000E+0
2.90527344E-1	2.50550002E-5	2.50550002E-5	2.90527344E-1	0.00000000E+0	0.00000000E+0
2.92968750E-1	2.52687005E-5	2.52687005E-5	2.92968750E-1	0.00000000E+0	0.00000000E+0
2.95410156E-1	2.54723000E-5	2.54723000E-5	2.95410156E-1	0.00000000E+0	0.00000000E+0
2.97851562E-1	2.57064003E-5	2.57064003E-5	2.97851562E-1	0.00000000E+0	0.00000000E+0
3.00292969E-1	2.59023000E-5	2.59023000E-5	3.00292969E-1	0.00000000E+0	0.00000000E+0
3.02734375E-1	2.61161003E-5	2.61161003E-5	3.02734375E-1	0.00000000E+0	0.00000000E+0
3.05175781E-1	2.63375005E-5	2.63375005E-5	3.05175781E-1	0.00000000E+0	0.00000000E+0
3.07617187E-1	2.65435992E-5	2.65435992E-5	3.07617187E-1	0.00000000E+0	0.00000000E+0
3.10058594E-1	2.67649993E-5	2.67649993E-5	3.10058594E-1	0.00000000E+0	0.00000000E+0
3.12500000E-1	2.69786997E-5	2.69786997E-5	3.12500000E-1	0.00000000E+0	0.00000000E+0
3.14941406E-1	2.71873996E-5	2.71873996E-5	3.14941406E-1	0.00000000E+0	0.00000000E+0
3.17382812E-1	2.74252998E-5	2.74252998E-5	3.17382812E-1	0.00000000E+0	0.00000000E+0
3.19824219E-1	2.76200008E-5	2.76200008E-5	3.19824219E-1	0.00000000E+0	0.00000000E+0
3.22265625E-1	2.78490006E-5	2.78490006E-5	3.22265625E-1	0.00000000E+0	0.00000000E+0
3.24707031E-1	2.80474997E-5	2.80474997E-5	3.24707031E-1	0.00000000E+0	0.00000000E+0
3.27148437E-1	2.82918008E-5	2.82918008E-5	3.27148437E-1	0.00000000E+0	0.00000000E+0
3.29589844E-1	2.84978996E-5	2.84978996E-5	3.29589844E-1	0.00000000E+0	0.00000000E+0
3.32031250E-1	2.87040002E-5	2.87040002E-5	3.32031250E-1	0.00000000E+0	0.00000000E+0
3.34472656E-1	2.89331001E-5	2.89331001E-5	3.34472656E-1	0.00000000E+0	0.00000000E+0
3.36914062E-1	2.91392007E-5	2.91392007E-5	3.36914062E-1	0.00000000E+0	0.00000000E+0
3.39355469E-1	2.93490993E-5	2.93490993E-5	3.39355469E-1	0.00000000E+0	0.00000000E+0
3.41796875E-1	2.95742993E-5	2.95742993E-5	3.41796875E-1	0.00000000E+0	0.00000000E+0
3.44238281E-1	2.97575007E-5	2.97575007E-5	3.44238281E-1	0.00000000E+0	0.00000000E+0
3.46679687E-1	2.99904004E-5	2.99904004E-5	3.46679687E-1	0.00000000E+0	0.00000000E+0
3.49121094E-1	3.02156004E-5	3.02156004E-5	3.49121094E-1	0.00000000E+0	0.00000000E+0
3.51562500E-1	3.04446003E-5	3.04446003E-5	3.51562500E-1	0.00000000E+0	0.00000000E+0
3.54003906E-1	3.06506990E-5	3.06506990E-5	3.54003906E-1	0.00000000E+0	0.00000000E+0
3.56445312E-1	3.08529998E-5	3.08529998E-5	3.56445312E-1	0.00000000E+0	0.00000000E+0
3.58886719E-1	3.10553005E-5	3.10553005E-5	3.58886719E-1	0.00000000E+0	0.00000000E+0
3.61328125E-1	3.12996017E-5	3.12996017E-5	3.61328125E-1	0.00000000E+0	0.00000000E+0
3.63769531E-1	3.15057005E-5	3.15057005E-5	3.63769531E-1	0.00000000E+0	0.00000000E+0
3.66210937E-1	3.17195008E-5	3.17195008E-5	3.66210937E-1	0.00000000E+0	0.00000000E+0
3.68652344E-1	3.19331994E-5	3.19331994E-5	3.68652344E-1	0.00000000E+0	0.00000000E+0
3.71093750E-1	3.21545995E-5	3.21545995E-5	3.71093750E-1	0.00000000E+0	0.00000000E+0
3.73535156E-1	3.23606982E-5	3.23606982E-5	3.73535156E-1	0.00000000E+0	0.00000000E+0
3.75976562E-1	3.25820984E-5	3.25820984E-5	3.75976562E-1	0.00000000E+0	0.00000000E+0
3.78417969E-1	3.27882990E-5	3.27882990E-5	3.78417969E-1	0.00000000E+0	0.00000000E+0
3.80859375E-1	3.30096009E-5	3.30096009E-5	3.80859375E-1	0.00000000E+0	0.00000000E+0
3.83300781E-1	3.32310010E-5	3.32310010E-5	3.83300781E-1	0.00000000E+0	0.00000000E+0
3.85742187E-1	3.34409997E-5	3.34409997E-5	3.85742187E-1	0.00000000E+0	0.00000000E+0
3.88183594E-1	3.36546982E-5	3.36546982E-5	3.88183594E-1	0.00000000E+0	0.00000000E+0
3.90625000E-1	3.38799000E-5	3.38799000E-5	3.90625000E-1	0.00000000E+0	0.00000000E+0
3.93066406E-1	3.40707993E-5	3.40707993E-5	3.93066406E-1	0.00000000E+0	0.00000000E+0
3.95507812E-1	3.42845015E-5	3.42845015E-5	3.95507812E-1	0.00000000E+0	0.00000000E+0
3.97949219E-1	3.44982982E-5	3.44982982E-5	3.97949219E-1	0.00000000E+0	0.00000000E+0
4.00390625E-1	3.47120003E-5	3.47120003E-5	4.00390625E-1	0.00000000E+0	0.00000000E+0
4.02832031E-1	3.49258007E-5	3.49258007E-5	4.02832031E-1	0.00000000E+0	0.00000000E+0
4.05273437E-1	3.51394992E-5	3.51394992E-5	4.05273437E-1	0.00000000E+0	0.00000000E+0
4.07714844E-1	3.53532996E-5	3.53532996E-5	4.07714844E-1	0.00000000E+0	0.00000000E+0
4.10156250E-1	3.55746997E-5	3.55746997E-5	4.10156250E-1	0.00000000E+0	0.00000000E+0
4.12597656E-1	3.57579011E-5	3.57579011E-5	4.12597656E-1	0.00000000E+0	0.00000000E+0
4.15039062E-1	3.59715996E-5	3.59715996E-5	4.15039062E-1	0.00000000E+0	0.00000000E+0
4.17480469E-1	3.62083010E-5	3.62083010E-5	4.17480469E-1	0.00000000E+0	0.00000000E+0
4.19921875E-1	3.64068001E-5	3.64068001E-5	4.19921875E-1	0.00000000E+0	0.00000000E+0
4.22363281E-1	3.66357999E-5	3.66357999E-5	4.22363281E-1	0.00000000E+0	0.00000000E+0
4.24804687E-1	3.68572000E-5	3.68572000E-5	4.24804687E-1	0.00000000E+0	0.00000000E+0
4.27246094E-1	3.70632988E-5	3.70632988E-5	4.27246094E-1	0.00000000E+0	0.00000000E+0
4.29687500E-1	3.72770992E-5	3.72770992E-5	4.29687500E-1	0.00000000E+0	0.00000000E+0
4.32128906E-1	3.74908013E-5	3.74908013E-5	4.32128906E-1	0.00000000E+0	0.00000000E+0
4.34570312E-1	3.77350989E-5	3.77350989E-5	4.34570312E-1	0.00000000E+0	0.00000000E+0
4.37011719E-1	3.79259982E-5	3.79259982E-5	4.37011719E-1	0.00000000E+0	0.00000000E+0
4.39453125E-1	3.81817008E-5	3.81817008E-5	4.39453125E-1	0.00000000E+0	0.00000000E+0
4.41894531E-1	3.84144987E-5	3.84144987E-5	4.41894531E-1	0.00000000E+0	0.00000000E+0
4.44335937E-1	3.86512002E-5	3.86512002E-5	4.44335937E-1	0.00000000E+0	0.00000000E+0
4.46777344E-1	3.89031011E-5	3.89031011E-5	4.46777344E-1	0.00000000E+0	0.00000000E+0
4.49218750E-1	3.91473986E-5	3.91473986E-5	4.49218750E-1	0.00000000E+0	0.00000000E+0
4.51660156E-1	3.93763985E-5	3.93763985E-5	4.51660156E-1	0.00000000E+0	0.00000000E+0
4.54101562E-1	3.96284013E-5	3.96284013E-5	4.54101562E-1	0.00000000E+0	0.00000000E+0
4.56542969E-1	3.98496995E-5	3.98496995E-5	4.56542969E-1	0.00000000E+0	0.00000000E+0
4.58984375E-1	4.00864010E-5	4.00864010E-5	4.58984375E-1	0.00000000E+0	0.00000000E+0
4.61425781E-1	4.03002014E-5	4.03002014E-5	4.61425781E-1	0.00000000E+0	0.00000000E+0
4.63867187E-1	4.05214996E-5	4.05214996E-5	4.63867187E-1	0.00000000E+0	0.00000000E+0
4.66308594E-1	4.07277003E-5	4.07277003E-5	4.66308594E-1	0.00000000E+0	0.00000000E+0
4.68750000E-1	4.09720014E-5	4.09720014E-5	4.68750000E-1	0.00000000E+0	0.00000000E+0
4.71191406E-1	4.12010013E-5	4.12010013E-5	4.71191406E-1	0.00000000E+0	0.00000000E+0
4.73632812E-1	4.14071001E-5	4.14071001E-5	4.73632812E-1	0.00000000E+0	0.00000000E+0
4.76074219E-1	4.16436997E-5	4.16436997E-5	4.76074219E-1	0.00000000E+0	0.00000000E+0
4.78515625E-1	4.18593991E-5	4.18593991E-5	4.78515625E-1	0.00000000E+0	0.00000000E+0
4.80957031E-1	4.20864999E-5	4.20864999E-5	4.80957031E-1	0.00000000E+0	0.00000000E+0
4.83398437E-1	4.22925987E-5	4.22925987E-5	4.83398437E-1	0.00000000E+0	0.00000000E+0
4.85839844E-1	4.25063990E-5	4.25063990E-5	4.85839844E-1	0.00000000E+0	0.00000000E+0
4.88281250E-1	4.27277992E-5	4.27277992E-5	4.88281250E-1	0.00000000E+0	0.00000000E+0
4.90722656E-1	4.29721003E-5	4.29721003E-5	4.90722656E-1	0.00000000E+0	0.00000000E+0
4.93164062E-1	4.31781991E-5	4.31781991E-5	4.93164062E-1	0.00000000E+0	0.00000000E+0
4.90722656E-1	4.29721003E-5	4.29721003E-5	4.90722656E-1	0.00000000E+0	0.00000000E+0
4.88281250E-1	4.27277992E-5	4.27277992E-5	4.88281250E-1	0.00000000E+0	0.00000000E+0
4.85839844E-1	4.25063990E-5	4.25063990E-5	4.85839844E-1	0.00000000E+0	0.00000000E+0
4.83398437E-1	4.22621015E-5	4.22621015E-5	4.83398437E-1	0.00000000E+0	0.00000000E+0
4.80957031E-1	4.20635988E-5	4.20635988E-5	4.80957031E-1	0.00000000E+0	0.00000000E+0
4.78515625E-1	4.18593991E-5	4.18593991E-5	4.78515625E-1	0.00000000E+0	0.00000000E+0
4.76074219E-1	4.16436997E-5	4.16436997E-5	4.76074219E-1	0.00000000E+0	0.00000000E+0
4.73632812E-1	4.14071001E-5	4.14071001E-5	4.73632812E-1	0.00000000E+0	0.00000000E+0
4.71191406E-1	4.11857000E-5	4.11857000E-5	4.71191406E-1	0.00000000E+0	0.00000000E+0
4.68750000E-1	4.09491004E-5	4.09491004E-5	4.68750000E-1	0.00000000E+0	0.00000000E+0
4.66308594E-1	4.07277003E-5	4.07277003E-5	4.66308594E-1	0.00000000E+0	0.00000000E+0
4.63867187E-1	4.05214996E-5	4.05214996E-5	4.63867187E-1	0.00000000E+0	0.00000000E+0
4.61425781E-1	4.02773003E-5	4.02773003E-5	4.61425781E-1	0.00000000E+0	0.00000000E+0
4.58984375E-1	4.00559002E-5	4.00559002E-5	4.58984375E-1	0.00000000E+0	0.00000000E+0
4.56542969E-1	3.98496995E-5	3.98496995E-5	4.56542969E-1	0.00000000E+0	0.00000000E+0
4.54101562E-1	3.96055002E-5	3.96055002E-5	4.54101562E-1	0.00000000E+0	0.00000000E+0
4.51660156E-1	3.93763985E-5	3.93763985E-5	4.51660156E-1	0.00000000E+0	0.00000000E+0
4.49218750E-1	3.91473986E-5	3.91473986E-5	4.49218750E-1	0.00000000E+0	0.00000000E+0
4.46777344E-1	3.88726003E-5	3.88726003E-5	4.46777344E-1	0.00000000E+0	0.00000000E+0
4.44335937E-1	3.86512002E-5	3.86512002E-5	4.44335937E-1	0.00000000E+0	0.00000000E+0
4.41894531E-1	3.83840015E-5	3.83840015E-5	4.41894531E-1	0.00000000E+0	0.00000000E+0
4.39453125E-1	3.81626014E-5	3.81626014E-5	4.39453125E-1	0.00000000E+0	0.00000000E+0
4.37011719E-1	3.79259982E-5	3.79259982E-5	4.37011719E-1	0.00000000E+0	0.00000000E+0
4.34570312E-1	3.77122014E-5	3.77122014E-5	4.34570312E-1	0.00000000E+0	0.00000000E+0
4.32128906E-1	3.74679003E-5	3.74679003E-5	4.32128906E-1	0.00000000E+0	0.00000000E+0
4.29687500E-1	3.72770992E-5	3.72770992E-5	4.29687500E-1	0.00000000E+0	0.00000000E+0
4.27246094E-1	3.70632988E-5	3.70632988E-5	4.27246094E-1	0.00000000E+0	0.00000000E+0
4.24804687E-1	3.68572000E-5	3.68572000E-5	4.24804687E-1	0.00000000E+0	0.00000000E+0
4.22363281E-1	3.66357999E-5	3.66357999E-5	4.22363281E-1	0.00000000E+0	0.00000000E+0
4.19921875E-1	3.64068001E-5	3.64068001E-5	4.19921875E-1	0.00000000E+0	0.00000000E+0
4.17480469E-1	3.62083010E-5	3.62083010E-5	4.17480469E-1	0.00000000E+0	0.00000000E+0
4.15039062E-1	3.59715996E-5	3.59715996E-5	4.15039062E-1	0.00000000E+0	0.00000000E+0
4.12597656E-1	3.57579011E-5	3.57579011E-5	4.12597656E-1	0.00000000E+0	0.00000000E+0
4.10156250E-1	3.55746997E-5	3.55746997E-5	4.10156250E-1	0.00000000E+0	0.00000000E+0
4.07714844E-1	3.53532996E-5	3.53532996E-5	4.07714844E-1	0.00000000E+0	0.00000000E+0
4.05273437E-1	3.51394992E-5	3.51394992E-5	4.05273437E-1	0.00000000E+0	0.00000000E+0
4.02832031E-1	3.48952017E-5	3.48952017E-5	4.02832031E-1	0.00000000E+0	0.00000000E+0
4.00390625E-1	3.47120003E-5	3.47120003E-5	4.00390625E-1	0.00000000E+0	0.00000000E+0
3.97949219E-1	3.44982982E-5	3.44982982E-5	3.97949219E-1	0.00000000E+0	0.00000000E+0
3.95507812E-1	3.42845015E-5	3.42845015E-5	3.95507812E-1	0.00000000E+0	0.00000000E+0
3.93066406E-1	3.40707993E-5	3.40707993E-5	3.93066406E-1	0.00000000E+0	0.00000000E+0
3.90625000E-1	3.38799000E-5	3.38799000E-5	3.90625000E-1	0.00000000E+0	0.00000000E+0
3.88183594E-1	3.36546982E-5	3.36546982E-5	3.88183594E-1	0.00000000E+0	0.00000000E+0
3.85742187E-1	3.34295000E-5	3.34295000E-5	3.85742187E-1	0.00000000E+0	0.00000000E+0
3.83300781E-1	3.32158015E-5	3.32158015E-5	3.83300781E-1	0.00000000E+0	0.00000000E+0
3.80859375E-1	3.30096009E-5	3.30096009E-5	3.80859375E-1	0.00000000E+0	0.00000000E+0
3.78417969E-1	3.27882990E-5	3.27882990E-5	3.78417969E-1	0.00000000E+0	0.00000000E+0
3.75976562E-1	3.25629990E-5	3.25629990E-5	3.75976562E-1	0.00000000E+0	0.00000000E+0
3.73535156E-1	3.23606982E-5	3.23606982E-5	3.73535156E-1	0.00000000E+0	0.00000000E+0
3.71093750E-1	3.21545995E-5	3.21545995E-5	3.71093750E-1	0.00000000E+0	0.00000000E+0
3.68652344E-1	3.19331994E-5	3.19331994E-5	3.68652344E-1	0.00000000E+0	0.00000000E+0
3.66210937E-1	3.17195008E-5	3.17195008E-5	3.66210937E-1	0.00000000E+0	0.00000000E+0
3.63769531E-1	3.14827994E-5	3.14827994E-5	3.63769531E-1	0.00000000E+0	0.00000000E+0
3.61328125E-1	3.12996017E-5	3.12996017E-5	3.61328125E-1	0.00000000E+0	0.00000000E+0
3.58886719E-1	3.10553005E-5	3.10553005E-5	3.58886719E-1	0.00000000E+0	0.00000000E+0
3.56445312E-1	3.08529998E-5	3.08529998E-5	3.56445312E-1	0.00000000E+0	0.00000000E+0
3.54003906E-1	3.06506990E-5	3.06506990E-5	3.54003906E-1	0.00000000E+0	0.00000000E+0
3.51562500E-1	3.04293008E-5	3.04293008E-5	3.51562500E-1	0.00000000E+0	0.00000000E+0
3.49121094E-1	3.02156004E-5	3.02156004E-5	3.49121094E-1	0.00000000E+0	0.00000000E+0
3.46679687E-1	2.99904004E-5	2.99904004E-5	3.46679687E-1	0.00000000E+0	0.00000000E+0
3.44238281E-1	2.97575007E-5	2.97575007E-5	3.44238281E-1	0.00000000E+0	0.00000000E+0
3.41796875E-1	2.95742993E-5	2.95742993E-5	3.41796875E-1	0.00000000E+0	0.00000000E+0
3.39355469E-1	2.93490993E-5	2.93490993E-5	3.39355469E-1	0.00000000E+0	0.00000000E+0
3.36914062E-1	2.91238994E-5	2.91238994E-5	3.36914062E-1	0.00000000E+0	0.00000000E+0
3.34472656E-1	2.89102009E-5	2.89102009E-5	3.34472656E-1	0.00000000E+0	0.00000000E+0
3.32031250E-1	2.87040002E-5	2.87040002E-5	3.32031250E-1	0.00000000E+0	0.00000000E+0
3.29589844E-1	2.84750004E-5	2.84750004E-5	3.29589844E-1	0.00000000E+0	0.00000000E+0
3.27148437E-1	2.82536002E-5	2.82536002E-5	3.27148437E-1	0.00000000E+0	0.00000000E+0
3.24707031E-1	2.80474997E-5	2.80474997E-5	3.24707031E-1	0.00000000E+0	0.00000000E+0
3.22265625E-1	2.78490006E-5	2.78490006E-5	3.22265625E-1	0.00000000E+0	0.00000000E+0
3.19824219E-1	2.76200008E-5	2.76200008E-5	3.19824219E-1	0.00000000E+0	0.00000000E+0
3.17382812E-1	2.74252998E-5	2.74252998E-5	3.17382812E-1	0.00000000E+0	0.00000000E+0
3.14941406E-1	2.71873996E-5	2.71873996E-5	3.14941406E-1	0.00000000E+0	0.00000000E+0
3.12500000E-1	2.69939992E-5	2.69939992E-5	3.12500000E-1	0.00000000E+0	0.00000000E+0
3.10058594E-1	2.67649993E-5	2.67649993E-5	3.10058594E-1	0.00000000E+0	0.00000000E+0
3.07617187E-1	2.65435992E-5	2.65435992E-5	3.07617187E-1	0.00000000E+0	0.00000000E+0
3.05175781E-1	2.63375005E-5	2.63375005E-5	3.05175781E-1	0.00000000E+0	0.00000000E+0
3.02734375E-1	2.61161003E-5	2.61161003E-5	3.02734375E-1	0.00000000E+0	0.00000000E+0
3.00292969E-1	2.58871005E-5	2.58871005E-5	3.00292969E-1	0.00000000E+0	0.00000000E+0
2.97851562E-1	2.56961994E-5	2.56961994E-5	2.97851562E-1	0.00000000E+0	0.00000000E+0
2.95410156E-1	2.54723000E-5	2.54723000E-5	2.95410156E-1	0.00000000E+0	0.00000000E+0
2.92968750E-1	2.52687005E-5	2.52687005E-5	2.92968750E-1	0.00000000E+0	0.00000000E+0
2.90527344E-1	2.50550002E-5	2.50550002E-5	2.90527344E-1	0.00000000E+0	0.00000000E+0
2.88085937E-1	2.48336000E-5	2.48336000E-5	2.88085937E-1	0.00000000E+0	0.00000000E+0
2.85644531E-1	2.46084001E-5	2.46084001E-5	2.85644531E-1	0.00000000E+0	0.00000000E+0
2.83203125E-1	2.43945997E-5	2.43945997E-5	2.83203125E-1	0.00000000E+0	0.00000000E+0
2.80761719E-1	2.41808993E-5	2.41808993E-5	2.80761719E-1	0.00000000E+0	0.00000000E+0
2.78320312E-1	2.39671008E-5	2.39671008E-5	2.78320312E-1	0.00000000E+0	0.00000000E+0
2.75878906E-1	2.37419008E-5	2.37419008E-5	2.75878906E-1	0.00000000E+0	0.00000000E+0
2.73437500E-1	2.35586995E-5	2.35586995E-5	2.73437500E-1	0.00000000E+0	0.00000000E+0
2.70996094E-1	2.33296996E-5	2.33296996E-5	2.70996094E-1	0.00000000E+0	0.00000000E+0
2.68554687E-1	2.31120994E-5	2.31120994E-5	2.68554687E-1	0.00000000E+0	0.00000000E+0
2.66113281E-1	2.28983008E-5	2.28983008E-5	2.66113281E-1	0.00000000E+0	0.00000000E+0
2.63671875E-1	2.26808006E-5	2.26808006E-5	2.63671875E-1	0.00000000E+0	0.00000000E+0
2.61230469E-1	2.24670002E-5	2.24670002E-5	2.61230469E-1	0.00000000E+0	0.00000000E+0
2.58789062E-1	2.22761992E-5	2.22761992E-5	2.58789062E-1	0.00000000E+0	0.00000000E+0
2.56347656E-1	2.20624006E-5	2.20624006E-5	2.56347656E-1	0.00000000E+0	0.00000000E+0
2.53906250E-1	2.18563000E-5	2.18563000E-5	2.53906250E-1	0.00000000E+0	0.00000000E+0
2.51464844E-1	2.16273002E-5	2.16273002E-5	2.51464844E-1	0.00000000E+0	0.00000000E+0
2.49023437E-1	2.14287993E-5	2.14287993E-5	2.49023437E-1	0.00000000E+0	0.00000000E+0
2.46582031E-1	2.12188006E-5	2.12188006E-5	2.46582031E-1	0.00000000E+0	0.00000000E+0
2.44140625E-1	2.10164999E-5	2.10164999E-5	2.44140625E-1	0.00000000E+0	0.00000000E+0
2.41699219E-1	2.08027996E-5	2.08027996E-5	2.41699219E-1	0.00000000E+0	0.00000000E+0
2.39257812E-1	2.05967008E-5	2.05967008E-5	2.39257812E-1	0.00000000E+0	0.00000000E+0
2.36816406E-1	2.03981999E-5	2.03981999E-5	2.36816406E-1	0.00000000E+0	0.00000000E+0
2.34375000E-1	2.01920993E-5	2.01920993E-5	2.34375000E-1	0.00000000E+0	0.00000000E+0
2.31933594E-1	1.99859005E-5	1.99859005E-5	2.31933594E-1	0.00000000E+0	0.00000000E+0
2.29492187E-1	1.97646004E-5	1.97646004E-5	2.29492187E-1	0.00000000E+0	0.00000000E+0
2.27050781E-1	1.95456996E-5	1.95456996E-5	2.27050781E-1	0.00000000E+0	0.00000000E+0
2.24609375E-1	1.93446995E-5	1.93446995E-5	2.24609375E-1	0.00000000E+0	0.00000000E+0
2.22167969E-1	1.91308991E-5	1.91308991E-5	2.22167969E-1	0.00000000E+0	0.00000000E+0
2.19726562E-1	1.89248003E-5	1.89248003E-5	2.19726562E-1	0.00000000E+0	0.00000000E+0
2.17285156E-1	1.87262995E-5	1.87262995E-5	2.17285156E-1	0.00000000E+0	0.00000000E+0
2.14843750E-1	1.85125991E-5	1.85125991E-5	2.14843750E-1	0.00000000E+0	0.00000000E+0
2.12402344E-1	1.82988006E-5	1.82988006E-5	2.12402344E-1	0.00000000E+0	0.00000000E+0
2.09960937E-1	1.80851002E-5	1.80851002E-5	2.09960937E-1	0.00000000E+0	0.00000000E+0
2.07519531E-1	1.78809005E-5	1.78809005E-5	2.07519531E-1	0.00000000E+0	0.00000000E+0
2.05078125E-1	1.76766007E-5	1.76766007E-5	2.05078125E-1	0.00000000E+0	0.00000000E+0
2.02636719E-1	1.74615998E-5	1.74615998E-5	2.02636719E-1	0.00000000E+0	0.00000000E+0
2.00195312E-1	1.72491000E-5	1.72491000E-5	2.00195312E-1	0.00000000E+0	0.00000000E+0
1.97753906E-1	1.70353997E-5	1.70353997E-5	1.97753906E-1	0.00000000E+0	0.00000000E+0
1.95312500E-1	1.68253991E-5	1.68253991E-5	1.95312500E-1	0.00000000E+0	0.00000000E+0
1.92871094E-1	1.66014997E-5	1.66014997E-5	1.92871094E-1	0.00000000E+0	0.00000000E+0
1.90429687E-1	1.63979003E-5	1.63979003E-5	1.90429687E-1	0.00000000E+0	0.00000000E+0
1.87988281E-1	1.61893004E-5	1.61893004E-5	1.87988281E-1	0.00000000E+0	0.00000000E+0
1.85546875E-1	1.59742995E-5	1.59742995E-5	1.85546875E-1	0.00000000E+0	0.00000000E+0
1.83105469E-1	1.57617997E-5	1.57617997E-5	1.83105469E-1	0.00000000E+0	0.00000000E+0
1.80664062E-1	1.55506004E-5	1.55506004E-5	1.80664062E-1	0.00000000E+0	0.00000000E+0
1.78222656E-1	1.53393994E-5	1.53393994E-5	1.78222656E-1	0.00000000E+0	0.00000000E+0
1.75781250E-1	1.51326003E-5	1.51326003E-5	1.75781250E-1	0.00000000E+0	0.00000000E+0
1.73339844E-1	1.49169000E-5	1.49169000E-5	1.73339844E-1	0.00000000E+0	0.00000000E+0
1.70898437E-1	1.47133997E-5	1.47133997E-5	1.70898437E-1	0.00000000E+0	0.00000000E+0
1.68457031E-1	1.44971000E-5	1.44971000E-5	1.68457031E-1	0.00000000E+0	0.00000000E+0
1.66015625E-1	1.42934996E-5	1.42934996E-5	1.66015625E-1	0.00000000E+0	0.00000000E+0
1.63574219E-1	1.40771999E-5	1.40771999E-5	1.63574219E-1	0.00000000E+0	0.00000000E+0
1.61132812E-1	1.38692003E-5	1.38692003E-5	1.61132812E-1	0.00000000E+0	0.00000000E+0
1.58691406E-1	1.36572999E-5	1.36572999E-5	1.58691406E-1	0.00000000E+0	0.00000000E+0
1.56250000E-1	1.34587999E-5	1.34587999E-5	1.56250000E-1	0.00000000E+0	0.00000000E+0
1.53808594E-1	1.32470004E-5	1.32470004E-5	1.53808594E-1	0.00000000E+0	0.00000000E+0
1.51367187E-1	1.30313001E-5	1.30313001E-5	1.51367187E-1	0.00000000E+0	0.00000000E+0
1.48925781E-1	1.28130996E-5	1.28130996E-5	1.48925781E-1	0.00000000E+0	0.00000000E+0
1.46484375E-1	1.26036002E-5	1.26036002E-5	1.46484375E-1	0.00000000E+0	0.00000000E+0
1.44042969E-1	1.23929003E-5	1.23929003E-5	1.44042969E-1	0.00000000E+0	0.00000000E+0
1.41601562E-1	1.21722996E-5	1.21722996E-5	1.41601562E-1	0.00000000E+0	0.00000000E+0
1.39160156E-1	1.19677998E-5	1.19677998E-5	1.39160156E-1	0.00000000E+0	0.00000000E+0
1.36718750E-1	1.17548998E-5	1.17548998E-5	1.36718750E-1	0.00000000E+0	0.00000000E+0
1.34277344E-1	1.15421999E-5	1.15421999E-5	1.34277344E-1	0.00000000E+0	0.00000000E+0
1.31835937E-1	1.13320002E-5	1.13320002E-5	1.31835937E-1	0.00000000E+0	0.00000000E+0
1.29394531E-1	1.11168001E-5	1.11168001E-5	1.29394531E-1	0.00000000E+0	0.00000000E+0
1.26953125E-1	1.09073999E-5	1.09073999E-5	1.26953125E-1	0.00000000E+0	0.00000000E+0
1.24511719E-1	1.06935004E-5	1.06935004E-5	1.24511719E-1	0.00000000E+0	0.00000000E+0
1.22070312E-1	1.04865003E-5	1.04865003E-5	1.22070312E-1	0.00000000E+0	0.00000000E+0
1.19628906E-1	1.02702998E-5	1.02702998E-5	1.19628906E-1	0.00000000E+0	0.00000000E+0
1.17187500E-1	1.00706002E-5	1.00706002E-5	1.17187500E-1	0.00000000E+0	0.00000000E+0
1.14746094E-1	9.84671988E-6	9.84671988E-6	1.14746094E-1	0.00000000E+0	0.00000000E+0
1.12304687E-1	9.63949969E-6	9.63949969E-6	1.12304687E-1	0.00000000E+0	0.00000000E+0
1.09863281E-1	9.41968028E-6	9.41968028E-6	1.09863281E-1	0.00000000E+0	0.00000000E+0
1.07421875E-1	9.21626997E-6	9.21626997E-6	1.07421875E-1	0.00000000E+0	0.00000000E+0
1.04980469E-1	8.99773022E-6	8.99773022E-6	1.04980469E-1	0.00000000E+0	0.00000000E+0
1.02539062E-1	8.79267009E-6	8.79267009E-6	1.02539062E-1	0.00000000E+0	0.00000000E+0
1.00097656E-1	8.57322993E-6	8.57322993E-6	1.00097656E-1	0.00000000E+0	0.00000000E+0
9.76562500E-2	8.36715026E-6	8.36715026E-6	9.76562500E-2	0.00000000E+0	0.00000000E+0
9.52148438E-2	8.15343992E-6	8.15343992E-6	9.52148438E-2	0.00000000E+0	0.00000000E+0
9.27734375E-2	7.94317020E-6	7.94317020E-6	9.27734375E-2	0.00000000E+0	0.00000000E+0
9.03320313E-2	7.72678959E-6	7.72678959E-6	9.03320313E-2	0.00000000E+0	0.00000000E+0
8.78906250E-2	7.52033020E-6	7.52033020E-6	8.78906250E-2	0.00000000E+0	0.00000000E+0
8.54492188E-2	7.30889997E-6	7.30889997E-6	8.54492188E-2	0.00000000E+0	0.00000000E+0
8.30078125E-2	7.09825008E-6	7.09825008E-6	8.30078125E-2	0.00000000E+0	0.00000000E+0
8.05664063E-2	6.88491991E-6	6.88491991E-6	8.05664063E-2	0.00000000E+0	0.00000000E+0
7.81250000E-2	6.68226994E-6	6.68226994E-6	7.81250000E-2	0.00000000E+0	0.00000000E+0
7.56835938E-2	6.46475019E-6	6.46475019E-6	7.56835938E-2	0.00000000E+0	0.00000000E+0
7.32421875E-2	6.25408984E-6	6.25408984E-6	7.32421875E-2	0.00000000E+0	0.00000000E+0
7.08007813E-2	6.03885019E-6	6.03885019E-6	7.08007813E-2	0.00000000E+0	0.00000000E+0
6.83593750E-2	5.82933990E-6	5.82933990E-6	6.83593750E-2	0.00000000E+0	0.00000000E+0
6.59179688E-2	5.61296019E-6	5.61296019E-6	6.59179688E-2	0.00000000E+0	0.00000000E+0
6.34765625E-2	5.40534984E-6	5.40534984E-6	6.34765625E-2	0.00000000E+0	0.00000000E+0
6.10351563E-2	5.19163996E-6	5.19163996E-6	6.10351563E-2	0.00000000E+0	0.00000000E+0
5.85937500E-2	4.98404006E-6	4.98404006E-6	5.85937500E-2	0.00000000E+0	0.00000000E+0
5.61523438E-2	4.76879995E-6	4.76879995E-6	5.61523438E-2	0.00000000E+0	0.00000000E+0
5.37109375E-2	4.55661984E-6	4.55661984E-6	5.37109375E-2	0.00000000E+0	0.00000000E+0
5.12695313E-2	4.34595995E-6	4.34595995E-6	5.12695313E-2	0.00000000E+0	0.00000000E+0
4.88281250E-2	4.13835005E-6	4.13835005E-6	4.88281250E-2	0.00000000E+0	0.00000000E+0
4.63867188E-2	3.92159018E-6	3.92159018E-6	4.63867188E-2	0.00000000E+0	0.00000000E+0
4.39453125E-2	3.71321994E-6	3.71321994E-6	4.39453125E-2	0.00000000E+0	0.00000000E+0
4.15039063E-2	3.49646007E-6	3.49646007E-6	4.15039063E-2	0.00000000E+0	0.00000000E+0
3.90625000E-2	3.29304999E-6	3.29304999E-6	3.90625000E-2	0.00000000E+0	0.00000000E+0
3.66210938E-2	3.07284995E-6	3.07284995E-6	3.66210938E-2	0.00000000E+0	0.00000000E+0
3.41796875E-2	2.86220006E-6	2.86220006E-6	3.41796875E-2	0.00000000E+0	0.00000000E+0
3.17382813E-2	2.64620007E-6	2.64620007E-6	3.17382813E-2	0.00000000E+0	0.00000000E+0
2.92968750E-2	2.43974000E-6	2.43974000E-6	2.92968750E-2	0.00000000E+0	0.00000000E+0
2.68554688E-2	2.22386006E-6	2.22386006E-6	2.68554688E-2	0.00000000E+0	0.00000000E+0
2.44140625E-2	2.01574994E-6	2.01574994E-6	2.44140625E-2	0.00000000E+0	0.00000000E+0
2.19726563E-2	1.80177994E-6	1.80177994E-6	2.19726563E-2	0.00000000E+0	0.00000000E+0
1.95312500E-2	1.59571005E-6	1.59571005E-6	1.95312500E-2	0.00000000E+0	0.00000000E+0
1.70898438E-2	1.37996005E-6	1.37996005E-6	1.70898438E-2	0.00000000E+0	0.00000000E+0
1.46484375E-2	1.17136995E-6	1.17136995E-6	1.46484375E-2	0.00000000E+0	0.00000000E+0
1.22070313E-2	9.55717951E-7	9.55717951E-7	1.22070313E-2	0.00000000E+0	0.00000000E+0
9.76562500E-3	7.48727985E-7	7.48727985E-7	9.76562500E-3	0.00000000E+0	0.00000000E+0
7.32421875E-3	5.33491004E-7	5.33491004E-7	7.32421875E-3	0.00000000E+0	0.00000000E+0
4.88281250E-3	3.26692998E-7	3.26692998E-7	4.88281250E-3	0.00000000E+0	0.00000000E+0
2.44140625E-3	1.16338001E-7	1.16338001E-7	2.44140625E-3	0.00000000E+0	0.00000000E+0
0.00000000E+0	-2.84416002E-9	-2.84416002E-9	0.00000000E+0	0.00000000E+0	0.00000000E+0
-2.44140625E-3	-2.64302003E-7	-2.64302003E-7	-2.44140625E-3	0.00000000E+0	0.00000000E+0
-4.88281250E-3	-4.85305009E-7	-4.85305009E-7	-4.88281250E-3	0.00000000E+0	0.00000000E+0
-7.32421875E-3	-7.15241981E-7	-7.15241981E-7	-7.32421875E-3	0.00000000E+0	0.00000000E+0
-9.76562500E-3	-9.36168021E-7	-9.36168021E-7	-9.76562500E-3	0.00000000E+0	0.00000000E+0
-1.22070313E-2	-1.16725005E-6	-1.16725005E-6	-1.22070313E-2	0.00000000E+0	0.00000000E+0
-1.46484375E-2	-1.38912003E-6	-1.38912003E-6	-1.46484375E-2	0.00000000E+0	0.00000000E+0
-1.70898438E-2	-1.61783998E-6	-1.61783998E-6	-1.70898438E-2	0.00000000E+0	0.00000000E+0
-1.95312500E-2	-1.83841996E-6	-1.83841996E-6	-1.95312500E-2	0.00000000E+0	0.00000000E+0
-2.19726563E-2	-2.07172002E-6	-2.07172002E-6	-2.19726563E-2	0.00000000E+0	0.00000000E+0
-2.44140625E-2	-2.29663010E-6	-2.29663010E-6	-2.44140625E-2	0.00000000E+0	0.00000000E+0
-2.68554688E-2	-2.52712994E-6	-2.52712994E-6	-2.68554688E-2	0.00000000E+0	0.00000000E+0
-2.92968750E-2	-2.75075990E-6	-2.75075990E-6	-2.92968750E-2	0.00000000E+0	0.00000000E+0
-3.17382813E-2	-2.98278997E-6	-2.98278997E-6	-3.17382813E-2	0.00000000E+0	0.00000000E+0
-3.41796875E-2	-3.20680010E-6	-3.20680010E-6	-3.41796875E-2	0.00000000E+0	0.00000000E+0
-3.66210938E-2	-3.43463989E-6	-3.43463989E-6	-3.66210938E-2	0.00000000E+0	0.00000000E+0
-3.90625000E-2	-3.65522010E-6	-3.65522010E-6	-3.90625000E-2	0.00000000E+0	0.00000000E+0
-4.15039063E-2	-3.89564002E-6	-3.89564002E-6	-4.15039063E-2	0.00000000E+0	0.00000000E+0
-4.39453125E-2	-4.11927022E-6	-4.11927022E-6	-4.39453125E-2	0.00000000E+0	0.00000000E+0
-4.63867188E-2	-4.35130005E-6	-4.35130005E-6	-4.63867188E-2	0.00000000E+0	0.00000000E+0
-4.88281250E-2	-4.57798978E-6	-4.57798978E-6	-4.88281250E-2	0.00000000E+0	0.00000000E+0
-5.12695313E-2	-4.81002007E-6	-4.81002007E-6	-5.12695313E-2	0.00000000E+0	0.00000000E+0
-5.37109375E-2	-5.03593992E-6	-5.03593992E-6	-5.37109375E-2	0.00000000E+0	0.00000000E+0
-5.61523438E-2	-5.26568010E-6	-5.26568010E-6	-5.61523438E-2	0.00000000E+0	0.00000000E+0
-5.85937500E-2	-5.49084007E-6	-5.49084007E-6	-5.85937500E-2	0.00000000E+0	0.00000000E+0
-6.10351563E-2	-5.72134013E-6	-5.72134013E-6	-6.10351563E-2	0.00000000E+0	0.00000000E+0
-6.34765625E-2	-5.94725998E-6	-5.94725998E-6	-6.34765625E-2	0.00000000E+0	0.00000000E+0
-6.59179688E-2	-6.17928981E-6	-6.17928981E-6	-6.59179688E-2	0.00000000E+0	0.00000000E+0
-6.83593750E-2	-6.40368989E-6	-6.40368989E-6	-6.83593750E-2	0.00000000E+0	0.00000000E+0
-7.08007813E-2	-6.63572018E-6	-6.63572018E-6	-7.08007813E-2	0.00000000E+0	0.00000000E+0
-7.32421875E-2	-6.85629993E-6	-6.85629993E-6	-7.32421875E-2	0.00000000E+0	0.00000000E+0
-7.56835938E-2	-7.08755988E-6	-7.08755988E-6	-7.56835938E-2	0.00000000E+0	0.00000000E+0
-7.81250000E-2	-7.31119007E-6	-7.31119007E-6	-7.81250000E-2	0.00000000E+0	0.00000000E+0
-8.05664063E-2	-7.54092980E-6	-7.54092980E-6	-8.05664063E-2	0.00000000E+0	0.00000000E+0
-8.30078125E-2	-7.76417983E-6	-7.76417983E-6	-8.30078125E-2	0.00000000E+0	0.00000000E+0
-8.54492188E-2	-8.00041016E-6	-8.00041016E-6	-8.54492188E-2	0.00000000E+0	0.00000000E+0
-8.78906250E-2	-8.22060974E-6	-8.22060974E-6	-8.78906250E-2	0.00000000E+0	0.00000000E+0
-9.03320313E-2	-8.45913019E-6	-8.45913019E-6	-9.03320313E-2	0.00000000E+0	0.00000000E+0
-9.27734375E-2	-8.67436029E-6	-8.67436029E-6	-9.27734375E-2	0.00000000E+0	0.00000000E+0
-9.52148438E-2	-8.90537012E-6	-8.90537012E-6	-9.52148438E-2	0.00000000E+0	0.00000000E+0
-9.76562500E-2	-9.13041004E-6	-9.13041004E-6	-9.76562500E-2	0.00000000E+0	0.00000000E+0
-1.00097656E-1	-9.36663037E-6	-9.36663037E-6	-1.00097656E-1	0.00000000E+0	0.00000000E+0
-1.02539062E-1	-9.58759028E-6	-9.58759028E-6	-1.02539062E-1	0.00000000E+0	0.00000000E+0
-1.04980469E-1	-9.81428002E-6	-9.81428002E-6	-1.04980469E-1	0.00000000E+0	0.00000000E+0
-1.07421875E-1	-1.00412999E-5	-1.00412999E-5	-1.07421875E-1	0.00000000E+0	0.00000000E+0
-1.09863281E-1	-1.02774002E-5	-1.02774002E-5	-1.09863281E-1	0.00000000E+0	0.00000000E+0
-1.12304687E-1	-1.04970004E-5	-1.04970004E-5	-1.12304687E-1	0.00000000E+0	0.00000000E+0
-1.14746094E-1	-1.07234000E-5	-1.07234000E-5	-1.14746094E-1	0.00000000E+0	0.00000000E+0
-1.17187500E-1	-1.09509001E-5	-1.09509001E-5	-1.17187500E-1	0.00000000E+0	0.00000000E+0
-1.19628906E-1	-1.11824002E-5	-1.11824002E-5	-1.19628906E-1	0.00000000E+0	0.00000000E+0
-1.22070312E-1	-1.14040004E-5	-1.14040004E-5	-1.22070312E-1	0.00000000E+0	0.00000000E+0
-1.24511719E-1	-1.16423998E-5	-1.16423998E-5	-1.24511719E-1	0.00000000E+0	0.00000000E+0
-1.26953125E-1	-1.18611997E-5	-1.18611997E-5	-1.26953125E-1	0.00000000E+0	0.00000000E+0
-1.29394531E-1	-1.21003004E-5	-1.21003004E-5	-1.29394531E-1	0.00000000E+0	0.00000000E+0
-1.31835937E-1	-1.23215996E-5	-1.23215996E-5	-1.31835937E-1	0.00000000E+0	0.00000000E+0
-1.34277344E-1	-1.25545002E-5	-1.25545002E-5	-1.34277344E-1	0.00000000E+0	0.00000000E+0
-1.36718750E-1	-1.27697003E-5	-1.27697003E-5	-1.36718750E-1	0.00000000E+0	0.00000000E+0
-1.39160156E-1	-1.30112003E-5	-1.30112003E-5	-1.39160156E-1	0.00000000E+0	0.00000000E+0
-1.41601562E-1	-1.32298001E-5	-1.32298001E-5	-1.41601562E-1	0.00000000E+0	0.00000000E+0
-1.44042969E-1	-1.34664997E-5	-1.34664997E-5	-1.44042969E-1	0.00000000E+0	0.00000000E+0
-1.46484375E-1	-1.36852996E-5	-1.36852996E-5	-1.46484375E-1	0.00000000E+0	0.00000000E+0
-1.48925781E-1	-1.39187996E-5	-1.39187996E-5	-1.48925781E-1	0.00000000E+0	0.00000000E+0
-1.51367187E-1	-1.41420996E-5	-1.41420996E-5	-1.51367187E-1	0.00000000E+0	0.00000000E+0
-1.53808594E-1	-1.43672996E-5	-1.43672996E-5	-1.53808594E-1	0.00000000E+0	0.00000000E+0
-1.56250000E-1	-1.45886997E-5	-1.45886997E-5	-1.56250000E-1	0.00000000E+0	0.00000000E+0
-1.58691406E-1	-1.48330000E-5	-1.48330000E-5	-1.58691406E-1	0.00000000E+0	0.00000000E+0
-1.61132812E-1	-1.50543001E-5	-1.50543001E-5	-1.61132812E-1	0.00000000E+0	0.00000000E+0
-1.63574219E-1	-1.52834000E-5	-1.52834000E-5	-1.63574219E-1	0.00000000E+0	0.00000000E+0
-1.66015625E-1	-1.54996997E-5	-1.54996997E-5	-1.66015625E-1	0.00000000E+0	0.00000000E+0
-1.68457031E-1	-1.57433005E-5	-1.57433005E-5	-1.68457031E-1	0.00000000E+0	0.00000000E+0
-1.70898437E-1	-1.59755000E-5	-1.59755000E-5	-1.70898437E-1	0.00000000E+0	0.00000000E+0
-1.73339844E-1	-1.61994994E-5	-1.61994994E-5	-1.73339844E-1	0.00000000E+0	0.00000000E+0
-1.75781250E-1	-1.64207995E-5	-1.64207995E-5	-1.75781250E-1	0.00000000E+0	0.00000000E+0
-1.78222656E-1	-1.66594000E-5	-1.66594000E-5	-1.78222656E-1	0.00000000E+0	0.00000000E+0
-1.80664062E-1	-1.68903007E-5	-1.68903007E-5	-1.80664062E-1	0.00000000E+0	0.00000000E+0
-1.83105469E-1	-1.71053998E-5	-1.71053998E-5	-1.83105469E-1	0.00000000E+0	0.00000000E+0
-1.85546875E-1	-1.73292992E-5	-1.73292992E-5	-1.85546875E-1	0.00000000E+0	0.00000000E+0
-1.87988281E-1	-1.75736004E-5	-1.75736004E-5	-1.87988281E-1	0.00000000E+0	0.00000000E+0
-1.90429687E-1	-1.77950005E-5	-1.77950005E-5	-1.90429687E-1	0.00000000E+0	0.00000000E+0
-1.92871094E-1	-1.80214993E-5	-1.80214993E-5	-1.92871094E-1	0.00000000E+0	0.00000000E+0
-1.95312500E-1	-1.82339008E-5	-1.82339008E-5	-1.95312500E-1	0.00000000E+0	0.00000000E+0
-1.97753906E-1	-1.84782002E-5	-1.84782002E-5	-1.97753906E-1	0.00000000E+0	0.00000000E+0
-2.00195312E-1	-1.87034002E-5	-1.87034002E-5	-2.00195312E-1	0.00000000E+0	0.00000000E+0
-2.02636719E-1	-1.89363000E-5	-1.89363000E-5	-2.02636719E-1	0.00000000E+0	0.00000000E+0
-2.05078125E-1	-1.91614999E-5	-1.91614999E-5	-2.05078125E-1	0.00000000E+0	0.00000000E+0
-2.07519531E-1	-1.93853994E-5	-1.93853994E-5	-2.07519531E-1	0.00000000E+0	0.00000000E+0
-2.09960937E-1	-1.96194997E-5	-1.96194997E-5	-2.09960937E-1	0.00000000E+0	0.00000000E+0
-2.12402344E-1	-1.98434009E-5	-1.98434009E-5	-2.12402344E-1	0.00000000E+0	0.00000000E+0
-2.14843750E-1	-2.00585000E-5	-2.00585000E-5	-2.14843750E-1	0.00000000E+0	0.00000000E+0
-2.17285156E-1	-2.02988995E-5	-2.02988995E-5	-2.17285156E-1	0.00000000E+0	0.00000000E+0
-2.19726562E-1	-2.05202996E-5	-2.05202996E-5	-2.19726562E-1	0.00000000E+0	0.00000000E+0
-2.22167969E-1	-2.07493995E-5	-2.07493995E-5	-2.22167969E-1	0.00000000E+0	0.00000000E+0
-2.24609375E-1	-2.09706996E-5	-2.09706996E-5	-2.24609375E-1	0.00000000E+0	0.00000000E+0
-2.27050781E-1	-2.11958995E-5	-2.11958995E-5	-2.27050781E-1	0.00000000E+0	0.00000000E+0
-2.29492187E-1	-2.14059000E-5	-2.14059000E-5	-2.29492187E-1	0.00000000E+0	0.00000000E+0
-2.31933594E-1	-2.16539993E-5	-2.16539993E-5	-2.31933594E-1	0.00000000E+0	0.00000000E+0
-2.34375000E-1	-2.18487003E-5	-2.18487003E-5	-2.34375000E-1	0.00000000E+0	0.00000000E+0
-2.36816406E-1	-2.21056998E-5	-2.21056998E-5	-2.36816406E-1	0.00000000E+0	0.00000000E+0
-2.39257812E-1	-2.23067000E-5	-2.23067000E-5	-2.39257812E-1	0.00000000E+0	0.00000000E+0
-2.41699219E-1	-2.25382992E-5	-2.25382992E-5	-2.41699219E-1	0.00000000E+0	0.00000000E+0
-2.44140625E-1	-2.27646997E-5	-2.27646997E-5	-2.44140625E-1	0.00000000E+0	0.00000000E+0
-2.46582031E-1	-2.30013993E-5	-2.30013993E-5	-2.46582031E-1	0.00000000E+0	0.00000000E+0
-2.49023437E-1	-2.32227994E-5	-2.32227994E-5	-2.49023437E-1	0.00000000E+0	0.00000000E+0
-2.51464844E-1	-2.34289000E-5	-2.34289000E-5	-2.51464844E-1	0.00000000E+0	0.00000000E+0
-2.53906250E-1	-2.36503001E-5	-2.36503001E-5	-2.53906250E-1	0.00000000E+0	0.00000000E+0
-2.56347656E-1	-2.38793000E-5	-2.38793000E-5	-2.56347656E-1	0.00000000E+0	0.00000000E+0
-2.58789062E-1	-2.41082998E-5	-2.41082998E-5	-2.58789062E-1	0.00000000E+0	0.00000000E+0
-2.61230469E-1	-2.43221002E-5	-2.43221002E-5	-2.61230469E-1	0.00000000E+0	0.00000000E+0
-2.63671875E-1	-2.45358005E-5	-2.45358005E-5	-2.63671875E-1	0.00000000E+0	0.00000000E+0
-2.66113281E-1	-2.47649004E-5	-2.47649004E-5	-2.66113281E-1	0.00000000E+0	0.00000000E+0
-2.68554687E-1	-2.49939003E-5	-2.49939003E-5	-2.68554687E-1	0.00000000E+0	0.00000000E+0
-2.70996094E-1	-2.52229001E-5	-2.52229001E-5	-2.70996094E-1	0.00000000E+0	0.00000000E+0
-2.73437500E-1	-2.54328006E-5	-2.54328006E-5	-2.73437500E-1	0.00000000E+0	0.00000000E+0
-2.75878906E-1	-2.56657004E-5	-2.56657004E-5	-2.75878906E-1	0.00000000E+0	0.00000000E+0
-2.78320312E-1	-2.58794007E-5	-2.58794007E-5	-2.78320312E-1	0.00000000E+0	0.00000000E+0
-2.80761719E-1	-2.61085006E-5	-2.61085006E-5	-2.80761719E-1	0.00000000E+0	0.00000000E+0
-2.83203125E-1	-2.63221991E-5	-2.63221991E-5	-2.83203125E-1	0.00000000E+0	0.00000000E+0
-2.85644531E-1	-2.65613999E-5	-2.65613999E-5	-2.85644531E-1	0.00000000E+0	0.00000000E+0
-2.88085937E-1	-2.67649993E-5	-2.67649993E-5	-2.88085937E-1	0.00000000E+0	0.00000000E+0
-2.90527344E-1	-2.69939992E-5	-2.69939992E-5	-2.90527344E-1	0.00000000E+0	0.00000000E+0
-2.92968750E-1	-2.72153993E-5	-2.72153993E-5	-2.92968750E-1	0.00000000E+0	0.00000000E+0
-2.95410156E-1	-2.74482009E-5	-2.74482009E-5	-2.95410156E-1	0.00000000E+0	0.00000000E+0
-2.97851562E-1	-2.76811006E-5	-2.76811006E-5	-2.97851562E-1	0.00000000E+0	0.00000000E+0
-3.00292969E-1	-2.78871994E-5	-2.78871994E-5	-3.00292969E-1	0.00000000E+0	0.00000000E+0
-3.02734375E-1	-2.81161992E-5	-2.81161992E-5	-3.02734375E-1	0.00000000E+0	0.00000000E+0
-3.05175781E-1	-2.83375994E-5	-2.83375994E-5	-3.05175781E-1	0.00000000E+0	0.00000000E+0
-3.07617187E-1	-2.85665992E-5	-2.85665992E-5	-3.07617187E-1	0.00000000E+0	0.00000000E+0
-3.10058594E-1	-2.87803996E-5	-2.87803996E-5	-3.10058594E-1	0.00000000E+0	0.00000000E+0
-3.12500000E-1	-2.89940999E-5	-2.89940999E-5	-3.12500000E-1	0.00000000E+0	0.00000000E+0
-3.14941406E-1	-2.92307996E-5	-2.92307996E-5	-3.14941406E-1	0.00000000E+0	0.00000000E+0
-3.17382812E-1	-2.94521997E-5	-2.94521997E-5	-3.17382812E-1	0.00000000E+0	0.00000000E+0
-3.19824219E-1	-2.96659000E-5	-2.96659000E-5	-3.19824219E-1	0.00000000E+0	0.00000000E+0
-3.22265625E-1	-2.99025996E-5	-2.99025996E-5	-3.22265625E-1	0.00000000E+0	0.00000000E+0
-3.24707031E-1	-3.01239997E-5	-3.01239997E-5	-3.24707031E-1	0.00000000E+0	0.00000000E+0
-3.27148437E-1	-3.03415000E-5	-3.03415000E-5	-3.27148437E-1	0.00000000E+0	0.00000000E+0
-3.29589844E-1	-3.05743997E-5	-3.05743997E-5	-3.29589844E-1	0.00000000E+0	0.00000000E+0
-3.32031250E-1	-3.07880982E-5	-3.07880982E-5	-3.32031250E-1	0.00000000E+0	0.00000000E+0
-3.34472656E-1	-3.10018986E-5	-3.10018986E-5	-3.34472656E-1	0.00000000E+0	0.00000000E+0
-3.36914062E-1	-3.12156008E-5	-3.12156008E-5	-3.36914062E-1	0.00000000E+0	0.00000000E+0
-3.39355469E-1	-3.14294011E-5	-3.14294011E-5	-3.39355469E-1	0.00000000E+0	0.00000000E+0
-3.41796875E-1	-3.16508012E-5	-3.16508012E-5	-3.41796875E-1	0.00000000E+0	0.00000000E+0
-3.44238281E-1	-3.18644998E-5	-3.18644998E-5	-3.44238281E-1	0.00000000E+0	0.00000000E+0
-3.46679687E-1	-3.20783001E-5	-3.20783001E-5	-3.46679687E-1	0.00000000E+0	0.00000000E+0
-3.49121094E-1	-3.22843989E-5	-3.22843989E-5	-3.49121094E-1	0.00000000E+0	0.00000000E+0
-3.51562500E-1	-3.24752982E-5	-3.24752982E-5	-3.51562500E-1	0.00000000E+0	0.00000000E+0
-3.54003906E-1	-3.26584995E-5	-3.26584995E-5	-3.54003906E-1	0.00000000E+0	0.00000000E+0
-3.56445312E-1	-3.28417009E-5	-3.28417009E-5	-3.56445312E-1	0.00000000E+0	0.00000000E+0
-3.58886719E-1	-3.30248986E-5	-3.30248986E-5	-3.58886719E-1	0.00000000E+0	0.00000000E+0
-3.61328125E-1	-3.32080999E-5	-3.32080999E-5	-3.61328125E-1	0.00000000E+0	0.00000000E+0
-3.63769531E-1	-3.33913013E-5	-3.33913013E-5	-3.63769531E-1	0.00000000E+0	0.00000000E+0
-3.66210937E-1	-3.35746008E-5	-3.35746008E-5	-3.66210937E-1	0.00000000E+0	0.00000000E+0
-3.68652344E-1	-3.37691999E-5	-3.37691999E-5	-3.68652344E-1	0.00000000E+0	0.00000000E+0
-3.71093750E-1	-3.39791986E-5	-3.39791986E-5	-3.71093750E-1	0.00000000E+0	0.00000000E+0
-3.73535156E-1	-3.41624000E-5	-3.41624000E-5	-3.73535156E-1	0.00000000E+0	0.00000000E+0
-3.75976562E-1	-3.43684987E-5	-3.43684987E-5	-3.75976562E-1	0.00000000E+0	0.00000000E+0
-3.78417969E-1	-3.46013003E-5	-3.46013003E-5	-3.78417969E-1	0.00000000E+0	0.00000000E+0
-3.80859375E-1	-3.48112990E-5	-3.48112990E-5	-3.80859375E-1	0.00000000E+0	0.00000000E+0
-3.83300781E-1	-3.50402988E-5	-3.50402988E-5	-3.83300781E-1	0.00000000E+0	0.00000000E+0
-3.85742187E-1	-3.52349998E-5	-3.52349998E-5	-3.85742187E-1	0.00000000E+0	0.00000000E+0
-3.88183594E-1	-3.54449003E-5	-3.54449003E-5	-3.88183594E-1	0.00000000E+0	0.00000000E+0
-3.90625000E-1	-3.56509991E-5	-3.56509991E-5	-3.90625000E-1	0.00000000E+0	0.00000000E+0
-3.93066406E-1	-3.58723992E-5	-3.58723992E-5	-3.93066406E-1	0.00000000E+0	0.00000000E+0
-3.95507812E-1	-3.60746999E-5	-3.60746999E-5	-3.95507812E-1	0.00000000E+0	0.00000000E+0
-3.97949219E-1	-3.63305007E-5	-3.63305007E-5	-3.97949219E-1	0.00000000E+0	0.00000000E+0
-4.00390625E-1	-3.65136984E-5	-3.65136984E-5	-4.00390625E-1	0.00000000E+0	0.00000000E+0
-4.02832031E-1	-3.67579996E-5	-3.67579996E-5	-4.02832031E-1	0.00000000E+0	0.00000000E+0
-4.05273437E-1	-3.69717018E-5	-3.69717018E-5	-4.05273437E-1	0.00000000E+0	0.00000000E+0
-4.07714844E-1	-3.71968999E-5	-3.71968999E-5	-4.07714844E-1	0.00000000E+0	0.00000000E+0
-4.10156250E-1	-3.74068986E-5	-3.74068986E-5	-4.10156250E-1	0.00000000E+0	0.00000000E+0
-4.12597656E-1	-3.76130010E-5	-3.76130010E-5	-4.12597656E-1	0.00000000E+0	0.00000000E+0
-4.15039062E-1	-3.78572986E-5	-3.78572986E-5	-4.15039062E-1	0.00000000E+0	0.00000000E+0
-4.17480469E-1	-3.80710007E-5	-3.80710007E-5	-4.17480469E-1	0.00000000E+0	0.00000000E+0
-4.19921875E-1	-3.82848011E-5	-3.82848011E-5	-4.19921875E-1	0.00000000E+0	0.00000000E+0
-4.22363281E-1	-3.85062012E-5	-3.85062012E-5	-4.22363281E-1	0.00000000E+0	0.00000000E+0
-4.24804687E-1	-3.87123000E-5	-3.87123000E-5	-4.24804687E-1	0.00000000E+0	0.00000000E+0
-4.27246094E-1	-3.89259985E-5	-3.89259985E-5	-4.27246094E-1	0.00000000E+0	0.00000000E+0
-4.29687500E-1	-3.91627000E-5	-3.91627000E-5	-4.29687500E-1	0.00000000E+0	0.00000000E+0
-4.32128906E-1	-3.93763985E-5	-3.93763985E-5	-4.32128906E-1	0.00000000E+0	0.00000000E+0
-4.34570312E-1	-3.95977986E-5	-3.95977986E-5	-4.34570312E-1	0.00000000E+0	0.00000000E+0
-4.37011719E-1	-3.98115990E-5	-3.98115990E-5	-4.37011719E-1	0.00000000E+0	0.00000000E+0
-4.39453125E-1	-4.00253011E-5	-4.00253011E-5	-4.39453125E-1	0.00000000E+0	0.00000000E+0
-4.41894531E-1	-4.02582009E-5	-4.02582009E-5	-4.41894531E-1	0.00000000E+0	0.00000000E+0
-4.44335937E-1	-4.04833991E-5	-4.04833991E-5	-4.44335937E-1	0.00000000E+0	0.00000000E+0
-4.46777344E-1	-4.07047992E-5	-4.07047992E-5	-4.46777344E-1	0.00000000E+0	0.00000000E+0
-4.49218750E-1	-4.09109016E-5	-4.09109016E-5	-4.49218750E-1	0.00000000E+0	0.00000000E+0
-4.51660156E-1	-4.11246001E-5	-4.11246001E-5	-4.51660156E-1	0.00000000E+0	0.00000000E+0
-4.54101562E-1	-4.13765993E-5	-4.13765993E-5	-4.54101562E-1	0.00000000E+0	0.00000000E+0
-4.56542969E-1	-4.15827017E-5	-4.15827017E-5	-4.56542969E-1	0.00000000E+0	0.00000000E+0
-4.58984375E-1	-4.17734991E-5	-4.17734991E-5	-4.58984375E-1	0.00000000E+0	0.00000000E+0
-4.61425781E-1	-4.20102006E-5	-4.20102006E-5	-4.61425781E-1	0.00000000E+0	0.00000000E+0
-4.63867187E-1	-4.22316007E-5	-4.22316007E-5	-4.63867187E-1	0.00000000E+0	0.00000000E+0
-4.66308594E-1	-4.24511018E-5	-4.24511018E-5	-4.66308594E-1	0.00000000E+0	0.00000000E+0
-4.68750000E-1	-4.26590996E-5	-4.26590996E-5	-4.68750000E-1	0.00000000E+0	0.00000000E+0
-4.71191406E-1	-4.28651983E-5	-4.28651983E-5	-4.71191406E-1	0.00000000E+0	0.00000000E+0
-4.73632812E-1	-4.31094995E-5	-4.31094995E-5	-4.73632812E-1	0.00000000E+0	0.00000000E+0
-4.76074219E-1	-4.33308996E-5	-4.33308996E-5	-4.76074219E-1	0.00000000E+0	0.00000000E+0
-4.78515625E-1	-4.35369984E-5	-4.35369984E-5	-4.78515625E-1	0.00000000E+0	0.00000000E+0
-4.80957031E-1	-4.37698000E-5	-4.37698000E-5	-4.80957031E-1	0.00000000E+0	0.00000000E+0
-4.83398437E-1	-4.39721007E-5	-4.39721007E-5	-4.83398437E-1	0.00000000E+0	0.00000000E+0
-4.85839844E-1	-4.42163982E-5	-4.42163982E-5	-4.85839844E-1	0.00000000E+0	0.00000000E+0
-4.88281250E-1	-4.44301986E-5	-4.44301986E-5	-4.88281250E-1	0.00000000E+0	0.00000000E+0
-4.90722656E-1	-4.46439008E-5	-4.46439008E-5	-4.90722656E-1	0.00000000E+0	0.00000000E+0
-4.93164062E-1	-4.48577011E-5	-4.48577011E-5	-4.93164062E-1	0.00000000E+0	0.00000000E+0
-4.90722656E-1	-4.46439008E-5	-4.46439008E-5	-4.90722656E-1	0.00000000E+0	0.00000000E+0
-4.88281250E-1	-4.44301986E-5	-4.44301986E-5	-4.88281250E-1	0.00000000E+0	0.00000000E+0
-4.85839844E-1	-4.42163982E-5	-4.42163982E-5	-4.85839844E-1	0.00000000E+0	0.00000000E+0
-4.83398437E-1	-4.39721007E-5	-4.39721007E-5	-4.83398437E-1	0.00000000E+0	0.00000000E+0
-4.80957031E-1	-4.37698000E-5	-4.37698000E-5	-4.80957031E-1	0.00000000E+0	0.00000000E+0
-4.78515625E-1	-4.35369984E-5	-4.35369984E-5	-4.78515625E-1	0.00000000E+0	0.00000000E+0
-4.76074219E-1	-4.33308996E-5	-4.33308996E-5	-4.76074219E-1	0.00000000E+0	0.00000000E+0
-4.73632812E-1	-4.31094995E-5	-4.31094995E-5	-4.73632812E-1	0.00000000E+0	0.00000000E+0
-4.71191406E-1	-4.28651983E-5	-4.28651983E-5	-4.71191406E-1	0.00000000E+0	0.00000000E+0
-4.68750000E-1	-4.26590996E-5	-4.26590996E-5	-4.68750000E-1	0.00000000E+0	0.00000000E+0
-4.66308594E-1	-4.24511018E-5	-4.24511018E-5	-4.66308594E-1	0.00000000E+0	0.00000000E+0
-4.63867187E-1	-4.22316007E-5	-4.22316007E-5	-4.63867187E-1	0.00000000E+0	0.00000000E+0
-4.61425781E-1	-4.20102006E-5	-4.20102006E-5	-4.61425781E-1	0.00000000E+0	0.00000000E+0
-4.58984375E-1	-4.17734991E-5	-4.17734991E-5	-4.58984375E-1	0.00000000E+0	0.00000000E+0
-4.56542969E-1	-4.15827017E-5	-4.15827017E-5	-4.56542969E-1	0.00000000E+0	0.00000000E+0
-4.54101562E-1	-4.13765993E-5	-4.13765993E-5	-4.54101562E-1	0.00000000E+0	0.00000000E+0
-4.51660156E-1	-4.11246001E-5	-4.11246001E-5	-4.51660156E-1	0.00000000E+0	0.00000000E+0
-4.49218750E-1	-4.08802989E-5	-4.08802989E-5	-4.49218750E-1	0.00000000E+0	0.00000000E+0
-4.46777344E-1	-4.07047992E-5	-4.07047992E-5	-4.46777344E-1	0.00000000E+0	0.00000000E+0
-4.44335937E-1	-4.04833991E-5	-4.04833991E-5	-4.44335937E-1	0.00000000E+0	0.00000000E+0
-4.41894531E-1	-4.02582009E-5	-4.02582009E-5	-4.41894531E-1	0.00000000E+0	0.00000000E+0
-4.39453125E-1	-4.00253011E-5	-4.00253011E-5	-4.39453125E-1	0.00000000E+0	0.00000000E+0
-4.37011719E-1	-3.98115990E-5	-3.98115990E-5	-4.37011719E-1	0.00000000E+0	0.00000000E+0
-4.34570312E-1	-3.95977986E-5	-3.95977986E-5	-4.34570312E-1	0.00000000E+0	0.00000000E+0
-4.32128906E-1	-3.93763985E-5	-3.93763985E-5	-4.32128906E-1	0.00000000E+0	0.00000000E+0
-4.29687500E-1	-3.91627000E-5	-3.91627000E-5	-4.29687500E-1	0.00000000E+0	0.00000000E+0
-4.27246094E-1	-3.89259985E-5	-3.89259985E-5	-4.27246094E-1	0.00000000E+0	0.00000000E+0
-4.24804687E-1	-3.87123000E-5	-3.87123000E-5	-4.24804687E-1	0.00000000E+0	0.00000000E+0
-4.22363281E-1	-3.85062012E-5	-3.85062012E-5	-4.22363281E-1	0.00000000E+0	0.00000000E+0
-4.19921875E-1	-3.82541984E-5	-3.82541984E-5	-4.19921875E-1	0.00000000E+0	0.00000000E+0
-4.17480469E-1	-3.80556994E-5	-3.80556994E-5	-4.17480469E-1	0.00000000E+0	0.00000000E+0
-4.15039062E-1	-3.78344012E-5	-3.78344012E-5	-4.15039062E-1	0.00000000E+0	0.00000000E+0
-4.12597656E-1	-3.76130010E-5	-3.76130010E-5	-4.12597656E-1	0.00000000E+0	0.00000000E+0
-4.10156250E-1	-3.74068986E-5	-3.74068986E-5	-4.10156250E-1	0.00000000E+0	0.00000000E+0
-4.07714844E-1	-3.71968999E-5	-3.71968999E-5	-4.07714844E-1	0.00000000E+0	0.00000000E+0
-4.05273437E-1	-3.69717018E-5	-3.69717018E-5	-4.05273437E-1	0.00000000E+0	0.00000000E+0
-4.02832031E-1	-3.67579996E-5	-3.67579996E-5	-4.02832031E-1	0.00000000E+0	0.00000000E+0
-4.00390625E-1	-3.65136984E-5	-3.65136984E-5	-4.00390625E-1	0.00000000E+0	0.00000000E+0
-3.97949219E-1	-3.63305007E-5	-3.63305007E-5	-3.97949219E-1	0.00000000E+0	0.00000000E+0
-3.95507812E-1	-3.60861995E-5	-3.60861995E-5	-3.95507812E-1	0.00000000E+0	0.00000000E+0
-3.93066406E-1	-3.59029000E-5	-3.59029000E-5	-3.93066406E-1	0.00000000E+0	0.00000000E+0
-3.90625000E-1	-3.56509991E-5	-3.56509991E-5	-3.90625000E-1	0.00000000E+0	0.00000000E+0
-3.88183594E-1	-3.54678014E-5	-3.54678014E-5	-3.88183594E-1	0.00000000E+0	0.00000000E+0
-3.85742187E-1	-3.52349998E-5	-3.52349998E-5	-3.85742187E-1	0.00000000E+0	0.00000000E+0
-3.83300781E-1	-3.50402988E-5	-3.50402988E-5	-3.83300781E-1	0.00000000E+0	0.00000000E+0
-3.80859375E-1	-3.47960013E-5	-3.47960013E-5	-3.80859375E-1	0.00000000E+0	0.00000000E+0
-3.78417969E-1	-3.46013003E-5	-3.46013003E-5	-3.78417969E-1	0.00000000E+0	0.00000000E+0
-3.75976562E-1	-3.43684987E-5	-3.43684987E-5	-3.75976562E-1	0.00000000E+0	0.00000000E+0
-3.73535156E-1	-3.41853010E-5	-3.41853010E-5	-3.73535156E-1	0.00000000E+0	0.00000000E+0
-3.71093750E-1	-3.39791986E-5	-3.39791986E-5	-3.71093750E-1	0.00000000E+0	0.00000000E+0
-3.68652344E-1	-3.37691999E-5	-3.37691999E-5	-3.68652344E-1	0.00000000E+0	0.00000000E+0
-3.66210937E-1	-3.35935983E-5	-3.35935983E-5	-3.66210937E-1	0.00000000E+0	0.00000000E+0
-3.63769531E-1	-3.34104006E-5	-3.34104006E-5	-3.63769531E-1	0.00000000E+0	0.00000000E+0
-3.61328125E-1	-3.32290983E-5	-3.32290983E-5	-3.61328125E-1	0.00000000E+0	0.00000000E+0
-3.58886719E-1	-3.30553994E-5	-3.30553994E-5	-3.58886719E-1	0.00000000E+0	0.00000000E+0
-3.56445312E-1	-3.28417009E-5	-3.28417009E-5	-3.56445312E-1	0.00000000E+0	0.00000000E+0
-3.54003906E-1	-3.26775989E-5	-3.26775989E-5	-3.54003906E-1	0.00000000E+0	0.00000000E+0
-3.51562500E-1	-3.24905013E-5	-3.24905013E-5	-3.51562500E-1	0.00000000E+0	0.00000000E+0
-3.49121094E-1	-3.23034983E-5	-3.23034983E-5	-3.49121094E-1	0.00000000E+0	0.00000000E+0
-3.46679687E-1	-3.20783001E-5	-3.20783001E-5	-3.46679687E-1	0.00000000E+0	0.00000000E+0
-3.44238281E-1	-3.18950988E-5	-3.18950988E-5	-3.44238281E-1	0.00000000E+0	0.00000000E+0
-3.41796875E-1	-3.16736987E-5	-3.16736987E-5	-3.41796875E-1	0.00000000E+0	0.00000000E+0
-3.39355469E-1	-3.14675999E-5	-3.14675999E-5	-3.39355469E-1	0.00000000E+0	0.00000000E+0
-3.36914062E-1	-3.12156008E-5	-3.12156008E-5	-3.36914062E-1	0.00000000E+0	0.00000000E+0
-3.34472656E-1	-3.10018986E-5	-3.10018986E-5	-3.34472656E-1	0.00000000E+0	0.00000000E+0
-3.32031250E-1	-3.08109993E-5	-3.08109993E-5	-3.32031250E-1	0.00000000E+0	0.00000000E+0
-3.29589844E-1	-3.05743997E-5	-3.05743997E-5	-3.29589844E-1	0.00000000E+0	0.00000000E+0
-3.27148437E-1	-3.03415000E-5	-3.03415000E-5	-3.27148437E-1	0.00000000E+0	0.00000000E+0
-3.24707031E-1	-3.01239997E-5	-3.01239997E-5	-3.24707031E-1	0.00000000E+0	0.00000000E+0
-3.22265625E-1	-2.99025996E-5	-2.99025996E-5	-3.22265625E-1	0.00000000E+0	0.00000000E+0
-3.19824219E-1	-2.96965009E-5	-2.96965009E-5	-3.19824219E-1	0.00000000E+0	0.00000000E+0
-3.17382812E-1	-2.94521997E-5	-2.94521997E-5	-3.17382812E-1	0.00000000E+0	0.00000000E+0
-3.14941406E-1	-2.92307996E-5	-2.92307996E-5	-3.14941406E-1	0.00000000E+0	0.00000000E+0
-3.12500000E-1	-2.90093994E-5	-2.90093994E-5	-3.12500000E-1	0.00000000E+0	0.00000000E+0
-3.10058594E-1	-2.87803996E-5	-2.87803996E-5	-3.10058594E-1	0.00000000E+0	0.00000000E+0
-3.07617187E-1	-2.85665992E-5	-2.85665992E-5	-3.07617187E-1	0.00000000E+0	0.00000000E+0
-3.05175781E-1	-2.83529007E-5	-2.83529007E-5	-3.05175781E-1	0.00000000E+0	0.00000000E+0
-3.02734375E-1	-2.81161992E-5	-2.81161992E-5	-3.02734375E-1	0.00000000E+0	0.00000000E+0
-3.00292969E-1	-2.79254000E-5	-2.79254000E-5	-3.00292969E-1	0.00000000E+0	0.00000000E+0
-2.97851562E-1	-2.76963001E-5	-2.76963001E-5	-2.97851562E-1	0.00000000E+0	0.00000000E+0
-2.95410156E-1	-2.74673002E-5	-2.74673002E-5	-2.95410156E-1	0.00000000E+0	0.00000000E+0
-2.92968750E-1	-2.72153993E-5	-2.72153993E-5	-2.92968750E-1	0.00000000E+0	0.00000000E+0
-2.90527344E-1	-2.70093005E-5	-2.70093005E-5	-2.90527344E-1	0.00000000E+0	0.00000000E+0
-2.88085937E-1	-2.67955002E-5	-2.67955002E-5	-2.88085937E-1	0.00000000E+0	0.00000000E+0
-2.85644531E-1	-2.65716008E-5	-2.65716008E-5	-2.85644531E-1	0.00000000E+0	0.00000000E+0
-2.83203125E-1	-2.63375005E-5	-2.63375005E-5	-2.83203125E-1	0.00000000E+0	0.00000000E+0
-2.80761719E-1	-2.61237001E-5	-2.61237001E-5	-2.80761719E-1	0.00000000E+0	0.00000000E+0
-2.78320312E-1	-2.58947002E-5	-2.58947002E-5	-2.78320312E-1	0.00000000E+0	0.00000000E+0
-2.75878906E-1	-2.56657004E-5	-2.56657004E-5	-2.75878906E-1	0.00000000E+0	0.00000000E+0
-2.73437500E-1	-2.54443003E-5	-2.54443003E-5	-2.73437500E-1	0.00000000E+0	0.00000000E+0
-2.70996094E-1	-2.52381997E-5	-2.52381997E-5	-2.70996094E-1	0.00000000E+0	0.00000000E+0
-2.68554687E-1	-2.50243993E-5	-2.50243993E-5	-2.68554687E-1	0.00000000E+0	0.00000000E+0
-2.66113281E-1	-2.47800999E-5	-2.47800999E-5	-2.66113281E-1	0.00000000E+0	0.00000000E+0
-2.63671875E-1	-2.45511001E-5	-2.45511001E-5	-2.63671875E-1	0.00000000E+0	0.00000000E+0
-2.61230469E-1	-2.43373997E-5	-2.43373997E-5	-2.61230469E-1	0.00000000E+0	0.00000000E+0
-2.58789062E-1	-2.41273992E-5	-2.41273992E-5	-2.58789062E-1	0.00000000E+0	0.00000000E+0
-2.56347656E-1	-2.39059991E-5	-2.39059991E-5	-2.56347656E-1	0.00000000E+0	0.00000000E+0
-2.53906250E-1	-2.36655997E-5	-2.36655997E-5	-2.53906250E-1	0.00000000E+0	0.00000000E+0
-2.51464844E-1	-2.34441995E-5	-2.34441995E-5	-2.51464844E-1	0.00000000E+0	0.00000000E+0
-2.49023437E-1	-2.32342009E-5	-2.32342009E-5	-2.49023437E-1	0.00000000E+0	0.00000000E+0
-2.46582031E-1	-2.30140995E-5	-2.30140995E-5	-2.46582031E-1	0.00000000E+0	0.00000000E+0
-2.44140625E-1	-2.27799992E-5	-2.27799992E-5	-2.44140625E-1	0.00000000E+0	0.00000000E+0
-2.41699219E-1	-2.25509993E-5	-2.25509993E-5	-2.41699219E-1	0.00000000E+0	0.00000000E+0
-2.39257812E-1	-2.23219995E-5	-2.23219995E-5	-2.39257812E-1	0.00000000E+0	0.00000000E+0
-2.36816406E-1	-2.21184000E-5	-2.21184000E-5	-2.36816406E-1	0.00000000E+0	0.00000000E+0
-2.34375000E-1	-2.18676996E-5	-2.18676996E-5	-2.34375000E-1	0.00000000E+0	0.00000000E+0
-2.31933594E-1	-2.16654007E-5	-2.16654007E-5	-2.31933594E-1	0.00000000E+0	0.00000000E+0
-2.29492187E-1	-2.14210995E-5	-2.14210995E-5	-2.29492187E-1	0.00000000E+0	0.00000000E+0
-2.27050781E-1	-2.12150007E-5	-2.12150007E-5	-2.27050781E-1	0.00000000E+0	0.00000000E+0
-2.24609375E-1	-2.09821992E-5	-2.09821992E-5	-2.24609375E-1	0.00000000E+0	0.00000000E+0
-2.22167969E-1	-2.07684006E-5	-2.07684006E-5	-2.22167969E-1	0.00000000E+0	0.00000000E+0
-2.19726562E-1	-2.05355991E-5	-2.05355991E-5	-2.19726562E-1	0.00000000E+0	0.00000000E+0
-2.17285156E-1	-2.03103991E-5	-2.03103991E-5	-2.17285156E-1	0.00000000E+0	0.00000000E+0
-2.14843750E-1	-2.00698996E-5	-2.00698996E-5	-2.14843750E-1	0.00000000E+0	0.00000000E+0
-2.12402344E-1	-1.98536000E-5	-1.98536000E-5	-2.12402344E-1	0.00000000E+0	0.00000000E+0
-2.09960937E-1	-1.96309993E-5	-1.96309993E-5	-2.09960937E-1	0.00000000E+0	0.00000000E+0
-2.07519531E-1	-1.93956002E-5	-1.93956002E-5	-2.07519531E-1	0.00000000E+0	0.00000000E+0
-2.05078125E-1	-1.91766994E-5	-1.91766994E-5	-2.05078125E-1	0.00000000E+0	0.00000000E+0
-2.02636719E-1	-1.89363000E-5	-1.89363000E-5	-2.02636719E-1	0.00000000E+0	0.00000000E+0
-2.00195312E-1	-1.87186997E-5	-1.87186997E-5	-2.00195312E-1	0.00000000E+0	0.00000000E+0
-1.97753906E-1	-1.84896999E-5	-1.84896999E-5	-1.97753906E-1	0.00000000E+0	0.00000000E+0
-1.95312500E-1	-1.82454005E-5	-1.82454005E-5	-1.95312500E-1	0.00000000E+0	0.00000000E+0
-1.92871094E-1	-1.80316001E-5	-1.80316001E-5	-1.92871094E-1	0.00000000E+0	0.00000000E+0
-1.90429687E-1	-1.77950005E-5	-1.77950005E-5	-1.90429687E-1	0.00000000E+0	0.00000000E+0
-1.87988281E-1	-1.75736004E-5	-1.75736004E-5	-1.87988281E-1	0.00000000E+0	0.00000000E+0
-1.85546875E-1	-1.73419994E-5	-1.73419994E-5	-1.85546875E-1	0.00000000E+0	0.00000000E+0
-1.83105469E-1	-1.71155007E-5	-1.71155007E-5	-1.83105469E-1	0.00000000E+0	0.00000000E+0
-1.80664062E-1	-1.68903007E-5	-1.68903007E-5	-1.80664062E-1	0.00000000E+0	0.00000000E+0
-1.78222656E-1	-1.66690006E-5	-1.66690006E-5	-1.78222656E-1	0.00000000E+0	0.00000000E+0
-1.75781250E-1	-1.64284993E-5	-1.64284993E-5	-1.75781250E-1	0.00000000E+0	0.00000000E+0
-1.73339844E-1	-1.62096003E-5	-1.62096003E-5	-1.73339844E-1	0.00000000E+0	0.00000000E+0
-1.70898437E-1	-1.59857009E-5	-1.59857009E-5	-1.70898437E-1	0.00000000E+0	0.00000000E+0
-1.68457031E-1	-1.57528993E-5	-1.57528993E-5	-1.68457031E-1	0.00000000E+0	0.00000000E+0
-1.66015625E-1	-1.55098005E-5	-1.55098005E-5	-1.66015625E-1	0.00000000E+0	0.00000000E+0
-1.63574219E-1	-1.52947996E-5	-1.52947996E-5	-1.63574219E-1	0.00000000E+0	0.00000000E+0
-1.61132812E-1	-1.50695996E-5	-1.50695996E-5	-1.61132812E-1	0.00000000E+0	0.00000000E+0
-1.58691406E-1	-1.48405998E-5	-1.48405998E-5	-1.58691406E-1	0.00000000E+0	0.00000000E+0
-1.56250000E-1	-1.46039001E-5	-1.46039001E-5	-1.56250000E-1	0.00000000E+0	0.00000000E+0
-1.53808594E-1	-1.43875995E-5	-1.43875995E-5	-1.53808594E-1	0.00000000E+0	0.00000000E+0
-1.51367187E-1	-1.41535002E-5	-1.41535002E-5	-1.51367187E-1	0.00000000E+0	0.00000000E+0
-1.48925781E-1	-1.39283002E-5	-1.39283002E-5	-1.48925781E-1	0.00000000E+0	0.00000000E+0
-1.46484375E-1	-1.37031002E-5	-1.37031002E-5	-1.46484375E-1	0.00000000E+0	0.00000000E+0
-1.44042969E-1	-1.34741003E-5	-1.34741003E-5	-1.44042969E-1	0.00000000E+0	0.00000000E+0
-1.41601562E-1	-1.32393998E-5	-1.32393998E-5	-1.41601562E-1	0.00000000E+0	0.00000000E+0
-1.39160156E-1	-1.30188000E-5	-1.30188000E-5	-1.39160156E-1	0.00000000E+0	0.00000000E+0
-1.36718750E-1	-1.27880003E-5	-1.27880003E-5	-1.36718750E-1	0.00000000E+0	0.00000000E+0
-1.34277344E-1	-1.25619999E-5	-1.25619999E-5	-1.34277344E-1	0.00000000E+0	0.00000000E+0
-1.31835937E-1	-1.23292002E-5	-1.23292002E-5	-1.31835937E-1	0.00000000E+0	0.00000000E+0
-1.29394531E-1	-1.21112998E-5	-1.21112998E-5	-1.29394531E-1	0.00000000E+0	0.00000000E+0
-1.26953125E-1	-1.18772004E-5	-1.18772004E-5	-1.26953125E-1	0.00000000E+0	0.00000000E+0
-1.24511719E-1	-1.16502997E-5	-1.16502997E-5	-1.24511719E-1	0.00000000E+0	0.00000000E+0
-1.22070312E-1	-1.14171999E-5	-1.14171999E-5	-1.22070312E-1	0.00000000E+0	0.00000000E+0
-1.19628906E-1	-1.11931004E-5	-1.11931004E-5	-1.19628906E-1	0.00000000E+0	0.00000000E+0
-1.17187500E-1	-1.09545999E-5	-1.09545999E-5	-1.17187500E-1	0.00000000E+0	0.00000000E+0
-1.14746094E-1	-1.07362002E-5	-1.07362002E-5	-1.14746094E-1	0.00000000E+0	0.00000000E+0
-1.12304687E-1	-1.05043000E-5	-1.05043000E-5	-1.12304687E-1	0.00000000E+0	0.00000000E+0
-1.09863281E-1	-1.02799004E-5	-1.02799004E-5	-1.09863281E-1	0.00000000E+0	0.00000000E+0
-1.07421875E-1	-1.00525003E-5	-1.00525003E-5	-1.07421875E-1	0.00000000E+0	0.00000000E+0
-1.04980469E-1	-9.83030986E-6	-9.83030986E-6	-1.04980469E-1	0.00000000E+0	0.00000000E+0
-1.02539062E-1	-9.59293993E-6	-9.59293993E-6	-1.02539062E-1	0.00000000E+0	0.00000000E+0
-1.00097656E-1	-9.37236018E-6	-9.37236018E-6	-1.00097656E-1	0.00000000E+0	0.00000000E+0
-9.76562500E-2	-9.13728036E-6	-9.13728036E-6	-9.76562500E-2	0.00000000E+0	0.00000000E+0
-9.52148438E-2	-8.91784020E-6	-8.91784020E-6	-9.52148438E-2	0.00000000E+0	0.00000000E+0
-9.27734375E-2	-8.68733969E-6	-8.68733969E-6	-9.27734375E-2	0.00000000E+0	0.00000000E+0
-9.03320313E-2	-8.46332023E-6	-8.46332023E-6	-9.03320313E-2	0.00000000E+0	0.00000000E+0
-8.78906250E-2	-8.22671973E-6	-8.22671973E-6	-8.78906250E-2	0.00000000E+0	0.00000000E+0
-8.54492188E-2	-8.00652015E-6	-8.00652015E-6	-8.54492188E-2	0.00000000E+0	0.00000000E+0
-8.30078125E-2	-7.77448986E-6	-7.77448986E-6	-8.30078125E-2	0.00000000E+0	0.00000000E+0
-8.05664063E-2	-7.55046995E-6	-7.55046995E-6	-8.05664063E-2	0.00000000E+0	0.00000000E+0
-7.81250000E-2	-7.31767977E-6	-7.31767977E-6	-7.81250000E-2	0.00000000E+0	0.00000000E+0
-7.56835938E-2	-7.09329015E-6	-7.09329015E-6	-7.56835938E-2	0.00000000E+0	0.00000000E+0
-7.32421875E-2	-6.86125986E-6	-6.86125986E-6	-7.32421875E-2	0.00000000E+0	0.00000000E+0
-7.08007813E-2	-6.63991023E-6	-6.63991023E-6	-7.08007813E-2	0.00000000E+0	0.00000000E+0
-6.83593750E-2	-6.40788994E-6	-6.40788994E-6	-6.83593750E-2	0.00000000E+0	0.00000000E+0
-6.59179688E-2	-6.18692002E-6	-6.18692002E-6	-6.59179688E-2	0.00000000E+0	0.00000000E+0
-6.34765625E-2	-5.95412985E-6	-5.95412985E-6	-6.34765625E-2	0.00000000E+0	0.00000000E+0
-6.10351563E-2	-5.72896988E-6	-5.72896988E-6	-6.10351563E-2	0.00000000E+0	0.00000000E+0
-5.85937500E-2	-5.49464994E-6	-5.49464994E-6	-5.85937500E-2	0.00000000E+0	0.00000000E+0
-5.61523438E-2	-5.27025986E-6	-5.27025986E-6	-5.61523438E-2	0.00000000E+0	0.00000000E+0
-5.37109375E-2	-5.03823003E-6	-5.03823003E-6	-5.37109375E-2	0.00000000E+0	0.00000000E+0
-5.12695313E-2	-4.81307006E-6	-4.81307006E-6	-5.12695313E-2	0.00000000E+0	0.00000000E+0
-4.88281250E-2	-4.57951000E-6	-4.57951000E-6	-4.88281250E-2	0.00000000E+0	0.00000000E+0
-4.63867188E-2	-4.35359016E-6	-4.35359016E-6	-4.63867188E-2	0.00000000E+0	0.00000000E+0
-4.39453125E-2	-4.12155987E-6	-4.12155987E-6	-4.39453125E-2	0.00000000E+0	0.00000000E+0
-4.15039063E-2	-3.89564002E-6	-3.89564002E-6	-4.15039063E-2	0.00000000E+0	0.00000000E+0
-3.90625000E-2	-3.65750998E-6	-3.65750998E-6	-3.90625000E-2	0.00000000E+0	0.00000000E+0
-3.66210938E-2	-3.43769011E-6	-3.43769011E-6	-3.66210938E-2	0.00000000E+0	0.00000000E+0
-3.41796875E-2	-3.20871004E-6	-3.20871004E-6	-3.41796875E-2	0.00000000E+0	0.00000000E+0
-3.17382813E-2	-2.98431996E-6	-2.98431996E-6	-3.17382813E-2	0.00000000E+0	0.00000000E+0
-2.92968750E-2	-2.75190996E-6	-2.75190996E-6	-2.92968750E-2	0.00000000E+0	0.00000000E+0
-2.68554688E-2	-2.53094004E-6	-2.53094004E-6	-2.68554688E-2	0.00000000E+0	0.00000000E+0
-2.44140625E-2	-2.29968009E-6	-2.29968009E-6	-2.44140625E-2	0.00000000E+0	0.00000000E+0
-2.19726563E-2	-2.07451990E-6	-2.07451990E-6	-2.19726563E-2	0.00000000E+0	0.00000000E+0
-1.95312500E-2	-1.84248995E-6	-1.84248995E-6	-1.95312500E-2	0.00000000E+0	0.00000000E+0
-1.70898438E-2	-1.62037998E-6	-1.62037998E-6	-1.70898438E-2	0.00000000E+0	0.00000000E+0
-1.46484375E-2	-1.39141002E-6	-1.39141002E-6	-1.46484375E-2	0.00000000E+0	0.00000000E+0
-1.22070313E-2	-1.16944000E-6	-1.16944000E-6	-1.22070313E-2	0.00000000E+0	0.00000000E+0
-9.76562500E-3	-9.38115988E-7	-9.38115988E-7	-9.76562500E-3	0.00000000E+0	0.00000000E+0
-7.32421875E-3	-7.16464001E-7	-7.16464001E-7	-7.32421875E-3	0.00000000E+0	0.00000000E+0
-4.88281250E-3	-4.87137015E-7	-4.87137015E-7	-4.88281250E-3	0.00000000E+0	0.00000000E+0
-2.44140625E-3	-2.65523994E-7	-2.65523994E-7	-2.44140625E-3	0.00000000E+0	0.00000000E+0
0.00000000E+0	-3.66301016E-8	-3.66301016E-8	0.00000000E+0	0.00000000E+0	0.00000000E+0
