Date: do 28 mrt 2013, Material: Au, Temp: 4.2 K
AO1 - module gain: 1.0E+0, R_out: 0.0
AO2 - module gain: 1.0E+2
MUX1 - ADC gain: 4, logarithmic amplifier: D:\LabVIEW Data\Lithographic MCBJ\MED24_070412.TXT, R_in: 0.000
MUX2 - ADC gain: 4, linear amplifier: 1.000000 x 1e10 V/A, R_in: 1.000
Breaking trace: 15 0
Axis position: -881.641938
Vbias (V)	<I> and Ii MUX1 (A)	Vbias (V)	<I> and Ii MUX2 (A)
@
0.00000000E+0	-2.89655011E-9	-2.89655011E-9	0.00000000E+0	0.00000000E+0	0.00000000E+0
2.44140625E-3	1.11932003E-7	1.11932003E-7	2.44140625E-3	0.00000000E+0	0.00000000E+0
4.88281250E-3	3.27457002E-7	3.27457002E-7	4.88281250E-3	0.00000000E+0	0.00000000E+0
7.32421875E-3	5.35401000E-7	5.35401000E-7	7.32421875E-3	0.00000000E+0	0.00000000E+0
9.76562500E-3	7.51287018E-7	7.51287018E-7	9.76562500E-3	0.00000000E+0	0.00000000E+0
1.22070313E-2	9.58504984E-7	9.58504984E-7	1.22070313E-2	0.00000000E+0	0.00000000E+0
1.46484375E-2	1.17453999E-6	1.17453999E-6	1.46484375E-2	0.00000000E+0	0.00000000E+0
1.70898438E-2	1.38225005E-6	1.38225005E-6	1.70898438E-2	0.00000000E+0	0.00000000E+0
1.95312500E-2	1.59978003E-6	1.59978003E-6	1.95312500E-2	0.00000000E+0	0.00000000E+0
2.19726563E-2	1.80713005E-6	1.80713005E-6	2.19726563E-2	0.00000000E+0	0.00000000E+0
2.44140625E-2	2.02146998E-6	2.02146998E-6	2.44140625E-2	0.00000000E+0	0.00000000E+0
2.68554688E-2	2.22983999E-6	2.22983999E-6	2.68554688E-2	0.00000000E+0	0.00000000E+0
2.92968750E-2	2.44774992E-6	2.44774992E-6	2.92968750E-2	0.00000000E+0	0.00000000E+0
3.17382813E-2	2.65536005E-6	2.65536005E-6	3.17382813E-2	0.00000000E+0	0.00000000E+0
3.41796875E-2	2.87211992E-6	2.87211992E-6	3.41796875E-2	0.00000000E+0	0.00000000E+0
3.66210938E-2	3.08353992E-6	3.08353992E-6	3.66210938E-2	0.00000000E+0	0.00000000E+0
3.90625000E-2	3.30411990E-6	3.30411990E-6	3.90625000E-2	0.00000000E+0	0.00000000E+0
4.15039063E-2	3.51095991E-6	3.51095991E-6	4.15039063E-2	0.00000000E+0	0.00000000E+0
4.39453125E-2	3.72695990E-6	3.72695990E-6	4.39453125E-2	0.00000000E+0	0.00000000E+0
4.63867188E-2	3.93608980E-6	3.93608980E-6	4.63867188E-2	0.00000000E+0	0.00000000E+0
4.88281250E-2	4.15286013E-6	4.15286013E-6	4.88281250E-2	0.00000000E+0	0.00000000E+0
5.12695313E-2	4.36121991E-6	4.36121991E-6	5.12695313E-2	0.00000000E+0	0.00000000E+0
5.37109375E-2	4.57951000E-6	4.57951000E-6	5.37109375E-2	0.00000000E+0	0.00000000E+0
5.61523438E-2	4.78941001E-6	4.78941001E-6	5.61523438E-2	0.00000000E+0	0.00000000E+0
5.85937500E-2	5.00884016E-6	5.00884016E-6	5.85937500E-2	0.00000000E+0	0.00000000E+0
6.10351563E-2	5.21606989E-6	5.21606989E-6	6.10351563E-2	0.00000000E+0	0.00000000E+0
6.34765625E-2	5.43091983E-6	5.43091983E-6	6.34765625E-2	0.00000000E+0	0.00000000E+0
6.59179688E-2	5.64425000E-6	5.64425000E-6	6.59179688E-2	0.00000000E+0	0.00000000E+0
6.83593750E-2	5.86101987E-6	5.86101987E-6	6.83593750E-2	0.00000000E+0	0.00000000E+0
7.08007813E-2	6.07129004E-6	6.07129004E-6	7.08007813E-2	0.00000000E+0	0.00000000E+0
7.32421875E-2	6.28919997E-6	6.28919997E-6	7.32421875E-2	0.00000000E+0	0.00000000E+0
7.56835938E-2	6.50253014E-6	6.50253014E-6	7.56835938E-2	0.00000000E+0	0.00000000E+0
7.81250000E-2	6.71814996E-6	6.71814996E-6	7.81250000E-2	0.00000000E+0	0.00000000E+0
8.05664063E-2	6.92652020E-6	6.92652020E-6	8.05664063E-2	0.00000000E+0	0.00000000E+0
8.30078125E-2	7.14213002E-6	7.14213002E-6	8.30078125E-2	0.00000000E+0	0.00000000E+0
8.54492188E-2	7.35469985E-6	7.35469985E-6	8.54492188E-2	0.00000000E+0	0.00000000E+0
8.78906250E-2	7.57069984E-6	7.57069984E-6	8.78906250E-2	0.00000000E+0	0.00000000E+0
9.03320313E-2	7.77945024E-6	7.77945024E-6	9.03320313E-2	0.00000000E+0	0.00000000E+0
9.27734375E-2	7.99353984E-6	7.99353984E-6	9.27734375E-2	0.00000000E+0	0.00000000E+0
9.52148438E-2	8.20877995E-6	8.20877995E-6	9.52148438E-2	0.00000000E+0	0.00000000E+0
9.76562500E-2	8.42591999E-6	8.42591999E-6	9.76562500E-2	0.00000000E+0	0.00000000E+0
1.00097656E-1	8.63428977E-6	8.63428977E-6	1.00097656E-1	0.00000000E+0	0.00000000E+0
1.02539062E-1	8.84838028E-6	8.84838028E-6	1.02539062E-1	0.00000000E+0	0.00000000E+0
1.04980469E-1	9.05827983E-6	9.05827983E-6	1.04980469E-1	0.00000000E+0	0.00000000E+0
1.07421875E-1	9.27810015E-6	9.27810015E-6	1.07421875E-1	0.00000000E+0	0.00000000E+0
1.09863281E-1	9.48989964E-6	9.48989964E-6	1.09863281E-1	0.00000000E+0	0.00000000E+0
1.12304687E-1	9.70628025E-6	9.70628025E-6	1.12304687E-1	0.00000000E+0	0.00000000E+0
1.14746094E-1	9.91885008E-6	9.91885008E-6	1.14746094E-1	0.00000000E+0	0.00000000E+0
1.17187500E-1	1.01374999E-5	1.01374999E-5	1.17187500E-1	0.00000000E+0	0.00000000E+0
1.19628906E-1	1.03470002E-5	1.03470002E-5	1.19628906E-1	0.00000000E+0	0.00000000E+0
1.22070312E-1	1.05613999E-5	1.05613999E-5	1.22070312E-1	0.00000000E+0	0.00000000E+0
1.24511719E-1	1.07733003E-5	1.07733003E-5	1.24511719E-1	0.00000000E+0	0.00000000E+0
1.26953125E-1	1.09885004E-5	1.09885004E-5	1.26953125E-1	0.00000000E+0	0.00000000E+0
1.29394531E-1	1.11955997E-5	1.11955997E-5	1.29394531E-1	0.00000000E+0	0.00000000E+0
1.31835937E-1	1.14083005E-5	1.14083005E-5	1.31835937E-1	0.00000000E+0	0.00000000E+0
1.34277344E-1	1.16240999E-5	1.16240999E-5	1.34277344E-1	0.00000000E+0	0.00000000E+0
1.36718750E-1	1.18451999E-5	1.18451999E-5	1.36718750E-1	0.00000000E+0	0.00000000E+0
1.39160156E-1	1.20505001E-5	1.20505001E-5	1.39160156E-1	0.00000000E+0	0.00000000E+0
1.41601562E-1	1.22642996E-5	1.22642996E-5	1.41601562E-1	0.00000000E+0	0.00000000E+0
1.44042969E-1	1.24839999E-5	1.24839999E-5	1.44042969E-1	0.00000000E+0	0.00000000E+0
1.46484375E-1	1.26980003E-5	1.26980003E-5	1.46484375E-1	0.00000000E+0	0.00000000E+0
1.48925781E-1	1.29081000E-5	1.29081000E-5	1.48925781E-1	0.00000000E+0	0.00000000E+0
1.51367187E-1	1.31172001E-5	1.31172001E-5	1.51367187E-1	0.00000000E+0	0.00000000E+0
1.53808594E-1	1.33392004E-5	1.33392004E-5	1.53808594E-1	0.00000000E+0	0.00000000E+0
1.56250000E-1	1.35581004E-5	1.35581004E-5	1.56250000E-1	0.00000000E+0	0.00000000E+0
1.58691406E-1	1.37667002E-5	1.37667002E-5	1.58691406E-1	0.00000000E+0	0.00000000E+0
1.61132812E-1	1.39702997E-5	1.39702997E-5	1.61132812E-1	0.00000000E+0	0.00000000E+0
1.63574219E-1	1.41764003E-5	1.41764003E-5	1.63574219E-1	0.00000000E+0	0.00000000E+0
1.66015625E-1	1.43978004E-5	1.43978004E-5	1.66015625E-1	0.00000000E+0	0.00000000E+0
1.68457031E-1	1.46115999E-5	1.46115999E-5	1.68457031E-1	0.00000000E+0	0.00000000E+0
1.70898437E-1	1.48272002E-5	1.48272002E-5	1.70898437E-1	0.00000000E+0	0.00000000E+0
1.73339844E-1	1.50390997E-5	1.50390997E-5	1.73339844E-1	0.00000000E+0	0.00000000E+0
1.75781250E-1	1.52605007E-5	1.52605007E-5	1.75781250E-1	0.00000000E+0	0.00000000E+0
1.78222656E-1	1.54691006E-5	1.54691006E-5	1.78222656E-1	0.00000000E+0	0.00000000E+0
1.80664062E-1	1.56802998E-5	1.56802998E-5	1.80664062E-1	0.00000000E+0	0.00000000E+0
1.83105469E-1	1.58889998E-5	1.58889998E-5	1.83105469E-1	0.00000000E+0	0.00000000E+0
1.85546875E-1	1.61002008E-5	1.61002008E-5	1.85546875E-1	0.00000000E+0	0.00000000E+0
1.87988281E-1	1.63089007E-5	1.63089007E-5	1.87988281E-1	0.00000000E+0	0.00000000E+0
1.90429687E-1	1.65276997E-5	1.65276997E-5	1.90429687E-1	0.00000000E+0	0.00000000E+0
1.92871094E-1	1.67363996E-5	1.67363996E-5	1.92871094E-1	0.00000000E+0	0.00000000E+0
1.95312500E-1	1.69629002E-5	1.69629002E-5	1.95312500E-1	0.00000000E+0	0.00000000E+0
1.97753906E-1	1.71639003E-5	1.71639003E-5	1.97753906E-1	0.00000000E+0	0.00000000E+0
2.00195312E-1	1.73802000E-5	1.73802000E-5	2.00195312E-1	0.00000000E+0	0.00000000E+0
2.02636719E-1	1.75913992E-5	1.75913992E-5	2.02636719E-1	0.00000000E+0	0.00000000E+0
2.05078125E-1	1.78102000E-5	1.78102000E-5	2.05078125E-1	0.00000000E+0	0.00000000E+0
2.07519531E-1	1.80137995E-5	1.80137995E-5	2.07519531E-1	0.00000000E+0	0.00000000E+0
2.09960937E-1	1.82224994E-5	1.82224994E-5	2.09960937E-1	0.00000000E+0	0.00000000E+0
2.12402344E-1	1.84400997E-5	1.84400997E-5	2.12402344E-1	0.00000000E+0	0.00000000E+0
2.14843750E-1	1.86538000E-5	1.86538000E-5	2.14843750E-1	0.00000000E+0	0.00000000E+0
2.17285156E-1	1.88611994E-5	1.88611994E-5	2.17285156E-1	0.00000000E+0	0.00000000E+0
2.19726562E-1	1.90724004E-5	1.90724004E-5	2.19726562E-1	0.00000000E+0	0.00000000E+0
2.22167969E-1	1.92759999E-5	1.92759999E-5	2.22167969E-1	0.00000000E+0	0.00000000E+0
2.24609375E-1	1.94974000E-5	1.94974000E-5	2.24609375E-1	0.00000000E+0	0.00000000E+0
2.27050781E-1	1.97035006E-5	1.97035006E-5	2.27050781E-1	0.00000000E+0	0.00000000E+0
2.29492187E-1	1.99249007E-5	1.99249007E-5	2.29492187E-1	0.00000000E+0	0.00000000E+0
2.31933594E-1	2.01309995E-5	2.01309995E-5	2.31933594E-1	0.00000000E+0	0.00000000E+0
2.34375000E-1	2.03472991E-5	2.03472991E-5	2.34375000E-1	0.00000000E+0	0.00000000E+0
2.36816406E-1	2.05470005E-5	2.05470005E-5	2.36816406E-1	0.00000000E+0	0.00000000E+0
2.39257812E-1	2.07620997E-5	2.07620997E-5	2.39257812E-1	0.00000000E+0	0.00000000E+0
2.41699219E-1	2.09860009E-5	2.09860009E-5	2.41699219E-1	0.00000000E+0	0.00000000E+0
2.44140625E-1	2.11819006E-5	2.11819006E-5	2.44140625E-1	0.00000000E+0	0.00000000E+0
2.46582031E-1	2.14021002E-5	2.14021002E-5	2.46582031E-1	0.00000000E+0	0.00000000E+0
2.49023437E-1	2.16069002E-5	2.16069002E-5	2.49023437E-1	0.00000000E+0	0.00000000E+0
2.51464844E-1	2.18079003E-5	2.18079003E-5	2.51464844E-1	0.00000000E+0	0.00000000E+0
2.53906250E-1	2.20370002E-5	2.20370002E-5	2.53906250E-1	0.00000000E+0	0.00000000E+0
2.56347656E-1	2.22265007E-5	2.22265007E-5	2.56347656E-1	0.00000000E+0	0.00000000E+0
2.58789062E-1	2.24364994E-5	2.24364994E-5	2.58789062E-1	0.00000000E+0	0.00000000E+0
2.61230469E-1	2.26501998E-5	2.26501998E-5	2.61230469E-1	0.00000000E+0	0.00000000E+0
2.63671875E-1	2.28678000E-5	2.28678000E-5	2.63671875E-1	0.00000000E+0	0.00000000E+0
2.66113281E-1	2.30701007E-5	2.30701007E-5	2.66113281E-1	0.00000000E+0	0.00000000E+0
2.68554687E-1	2.32915008E-5	2.32915008E-5	2.68554687E-1	0.00000000E+0	0.00000000E+0
2.70996094E-1	2.34975996E-5	2.34975996E-5	2.70996094E-1	0.00000000E+0	0.00000000E+0
2.73437500E-1	2.37265995E-5	2.37265995E-5	2.73437500E-1	0.00000000E+0	0.00000000E+0
2.75878906E-1	2.39366000E-5	2.39366000E-5	2.75878906E-1	0.00000000E+0	0.00000000E+0
2.78320312E-1	2.41389007E-5	2.41389007E-5	2.78320312E-1	0.00000000E+0	0.00000000E+0
2.80761719E-1	2.43449995E-5	2.43449995E-5	2.80761719E-1	0.00000000E+0	0.00000000E+0
2.83203125E-1	2.45586998E-5	2.45586998E-5	2.83203125E-1	0.00000000E+0	0.00000000E+0
2.85644531E-1	2.47725002E-5	2.47725002E-5	2.85644531E-1	0.00000000E+0	0.00000000E+0
2.88085937E-1	2.49939003E-5	2.49939003E-5	2.88085937E-1	0.00000000E+0	0.00000000E+0
2.90527344E-1	2.51923993E-5	2.51923993E-5	2.90527344E-1	0.00000000E+0	0.00000000E+0
2.92968750E-1	2.54328006E-5	2.54328006E-5	2.92968750E-1	0.00000000E+0	0.00000000E+0
2.95410156E-1	2.56161002E-5	2.56161002E-5	2.95410156E-1	0.00000000E+0	0.00000000E+0
2.97851562E-1	2.58310993E-5	2.58310993E-5	2.97851562E-1	0.00000000E+0	0.00000000E+0
3.00292969E-1	2.60244997E-5	2.60244997E-5	3.00292969E-1	0.00000000E+0	0.00000000E+0
3.02734375E-1	2.62764006E-5	2.62764006E-5	3.02734375E-1	0.00000000E+0	0.00000000E+0
3.05175781E-1	2.64596001E-5	2.64596001E-5	3.05175781E-1	0.00000000E+0	0.00000000E+0
3.07617187E-1	2.66734005E-5	2.66734005E-5	3.07617187E-1	0.00000000E+0	0.00000000E+0
3.10058594E-1	2.68871008E-5	2.68871008E-5	3.10058594E-1	0.00000000E+0	0.00000000E+0
3.12500000E-1	2.71008994E-5	2.71008994E-5	3.12500000E-1	0.00000000E+0	0.00000000E+0
3.14941406E-1	2.73032001E-5	2.73032001E-5	3.14941406E-1	0.00000000E+0	0.00000000E+0
3.17382812E-1	2.75284001E-5	2.75284001E-5	3.17382812E-1	0.00000000E+0	0.00000000E+0
3.19824219E-1	2.77421004E-5	2.77421004E-5	3.19824219E-1	0.00000000E+0	0.00000000E+0
3.22265625E-1	2.79559008E-5	2.79559008E-5	3.22265625E-1	0.00000000E+0	0.00000000E+0
3.24707031E-1	2.81391003E-5	2.81391003E-5	3.24707031E-1	0.00000000E+0	0.00000000E+0
3.27148437E-1	2.83833997E-5	2.83833997E-5	3.27148437E-1	0.00000000E+0	0.00000000E+0
3.29589844E-1	2.85972001E-5	2.85972001E-5	3.29589844E-1	0.00000000E+0	0.00000000E+0
3.32031250E-1	2.88109004E-5	2.88109004E-5	3.32031250E-1	0.00000000E+0	0.00000000E+0
3.34472656E-1	2.89940999E-5	2.89940999E-5	3.34472656E-1	0.00000000E+0	0.00000000E+0
3.36914062E-1	2.92079003E-5	2.92079003E-5	3.36914062E-1	0.00000000E+0	0.00000000E+0
3.39355469E-1	2.94521997E-5	2.94521997E-5	3.39355469E-1	0.00000000E+0	0.00000000E+0
3.41796875E-1	2.96430007E-5	2.96430007E-5	3.41796875E-1	0.00000000E+0	0.00000000E+0
3.44238281E-1	2.98873001E-5	2.98873001E-5	3.44238281E-1	0.00000000E+0	0.00000000E+0
3.46679687E-1	3.01011005E-5	3.01011005E-5	3.46679687E-1	0.00000000E+0	0.00000000E+0
3.49121094E-1	3.03148008E-5	3.03148008E-5	3.49121094E-1	0.00000000E+0	0.00000000E+0
3.51562500E-1	3.05590984E-5	3.05590984E-5	3.51562500E-1	0.00000000E+0	0.00000000E+0
3.54003906E-1	3.07422997E-5	3.07422997E-5	3.54003906E-1	0.00000000E+0	0.00000000E+0
3.56445312E-1	3.09561001E-5	3.09561001E-5	3.56445312E-1	0.00000000E+0	0.00000000E+0
3.58886719E-1	3.11775002E-5	3.11775002E-5	3.58886719E-1	0.00000000E+0	0.00000000E+0
3.61328125E-1	3.15438992E-5	3.15438992E-5	3.61328125E-1	0.00000000E+0	0.00000000E+0
3.63769531E-1	3.17691010E-5	3.17691010E-5	3.63769531E-1	0.00000000E+0	0.00000000E+0
3.66210937E-1	3.19942992E-5	3.19942992E-5	3.66210937E-1	0.00000000E+0	0.00000000E+0
3.68652344E-1	3.22386004E-5	3.22386004E-5	3.68652344E-1	0.00000000E+0	0.00000000E+0
3.71093750E-1	3.24829016E-5	3.24829016E-5	3.71093750E-1	0.00000000E+0	0.00000000E+0
3.73535156E-1	3.26660993E-5	3.26660993E-5	3.73535156E-1	0.00000000E+0	0.00000000E+0
3.75976562E-1	3.28798997E-5	3.28798997E-5	3.75976562E-1	0.00000000E+0	0.00000000E+0
3.78417969E-1	3.31088995E-5	3.31088995E-5	3.78417969E-1	0.00000000E+0	0.00000000E+0
3.80859375E-1	3.33493990E-5	3.33493990E-5	3.80859375E-1	0.00000000E+0	0.00000000E+0
3.83300781E-1	3.35746008E-5	3.35746008E-5	3.83300781E-1	0.00000000E+0	0.00000000E+0
3.85742187E-1	3.37769015E-5	3.37769015E-5	3.85742187E-1	0.00000000E+0	0.00000000E+0
3.88183594E-1	3.40096994E-5	3.40096994E-5	3.88183594E-1	0.00000000E+0	0.00000000E+0
3.90625000E-1	3.42349012E-5	3.42349012E-5	3.90625000E-1	0.00000000E+0	0.00000000E+0
3.93066406E-1	3.44487016E-5	3.44487016E-5	3.93066406E-1	0.00000000E+0	0.00000000E+0
3.95507812E-1	3.46509987E-5	3.46509987E-5	3.95507812E-1	0.00000000E+0	0.00000000E+0
3.97949219E-1	3.48799986E-5	3.48799986E-5	3.97949219E-1	0.00000000E+0	0.00000000E+0
4.00390625E-1	3.51089984E-5	3.51089984E-5	4.00390625E-1	0.00000000E+0	0.00000000E+0
4.02832031E-1	3.53075011E-5	3.53075011E-5	4.02832031E-1	0.00000000E+0	0.00000000E+0
4.05273437E-1	3.55250995E-5	3.55250995E-5	4.05273437E-1	0.00000000E+0	0.00000000E+0
4.07714844E-1	3.57388017E-5	3.57388017E-5	4.07714844E-1	0.00000000E+0	0.00000000E+0
4.10156250E-1	3.59564001E-5	3.59564001E-5	4.10156250E-1	0.00000000E+0	0.00000000E+0
4.12597656E-1	3.61778002E-5	3.61778002E-5	4.12597656E-1	0.00000000E+0	0.00000000E+0
4.15039062E-1	3.64068001E-5	3.64068001E-5	4.15039062E-1	0.00000000E+0	0.00000000E+0
4.17480469E-1	3.66052991E-5	3.66052991E-5	4.17480469E-1	0.00000000E+0	0.00000000E+0
4.19921875E-1	3.68190013E-5	3.68190013E-5	4.19921875E-1	0.00000000E+0	0.00000000E+0
4.22363281E-1	3.70632988E-5	3.70632988E-5	4.22363281E-1	0.00000000E+0	0.00000000E+0
4.24804687E-1	3.72770992E-5	3.72770992E-5	4.24804687E-1	0.00000000E+0	0.00000000E+0
4.27246094E-1	3.74679003E-5	3.74679003E-5	4.27246094E-1	0.00000000E+0	0.00000000E+0
4.29687500E-1	3.77122014E-5	3.77122014E-5	4.29687500E-1	0.00000000E+0	0.00000000E+0
4.32128906E-1	3.78953991E-5	3.78953991E-5	4.32128906E-1	0.00000000E+0	0.00000000E+0
4.34570312E-1	3.81397003E-5	3.81397003E-5	4.34570312E-1	0.00000000E+0	0.00000000E+0
4.37011719E-1	3.83457991E-5	3.83457991E-5	4.37011719E-1	0.00000000E+0	0.00000000E+0
4.39453125E-1	3.85671992E-5	3.85671992E-5	4.39453125E-1	0.00000000E+0	0.00000000E+0
4.41894531E-1	3.87504006E-5	3.87504006E-5	4.41894531E-1	0.00000000E+0	0.00000000E+0
4.44335937E-1	3.90099995E-5	3.90099995E-5	4.44335937E-1	0.00000000E+0	0.00000000E+0
4.46777344E-1	3.92084985E-5	3.92084985E-5	4.46777344E-1	0.00000000E+0	0.00000000E+0
4.49218750E-1	3.94527997E-5	3.94527997E-5	4.49218750E-1	0.00000000E+0	0.00000000E+0
4.51660156E-1	3.96551004E-5	3.96551004E-5	4.51660156E-1	0.00000000E+0	0.00000000E+0
4.54101562E-1	3.98802986E-5	3.98802986E-5	4.54101562E-1	0.00000000E+0	0.00000000E+0
4.56542969E-1	4.00864010E-5	4.00864010E-5	4.56542969E-1	0.00000000E+0	0.00000000E+0
4.58984375E-1	4.03002014E-5	4.03002014E-5	4.58984375E-1	0.00000000E+0	0.00000000E+0
4.61425781E-1	4.05214996E-5	4.05214996E-5	4.61425781E-1	0.00000000E+0	0.00000000E+0
4.63867187E-1	4.07277003E-5	4.07277003E-5	4.63867187E-1	0.00000000E+0	0.00000000E+0
4.66308594E-1	4.09720014E-5	4.09720014E-5	4.66308594E-1	0.00000000E+0	0.00000000E+0
4.68750000E-1	4.12010013E-5	4.12010013E-5	4.68750000E-1	0.00000000E+0	0.00000000E+0
4.71191406E-1	4.14071001E-5	4.14071001E-5	4.71191406E-1	0.00000000E+0	0.00000000E+0
4.73632812E-1	4.16436997E-5	4.16436997E-5	4.73632812E-1	0.00000000E+0	0.00000000E+0
4.76074219E-1	4.18593991E-5	4.18593991E-5	4.76074219E-1	0.00000000E+0	0.00000000E+0
4.78515625E-1	4.20864999E-5	4.20864999E-5	4.78515625E-1	0.00000000E+0	0.00000000E+0
4.80957031E-1	4.22621015E-5	4.22621015E-5	4.80957031E-1	0.00000000E+0	0.00000000E+0
4.83398437E-1	4.25063990E-5	4.25063990E-5	4.83398437E-1	0.00000000E+0	0.00000000E+0
4.85839844E-1	4.27277992E-5	4.27277992E-5	4.85839844E-1	0.00000000E+0	0.00000000E+0
4.88281250E-1	4.29721003E-5	4.29721003E-5	4.88281250E-1	0.00000000E+0	0.00000000E+0
4.90722656E-1	4.31553017E-5	4.31553017E-5	4.90722656E-1	0.00000000E+0	0.00000000E+0
4.93164062E-1	4.33995992E-5	4.33995992E-5	4.93164062E-1	0.00000000E+0	0.00000000E+0
4.90722656E-1	4.31553017E-5	4.31553017E-5	4.90722656E-1	0.00000000E+0	0.00000000E+0
4.88281250E-1	4.29339016E-5	4.29339016E-5	4.88281250E-1	0.00000000E+0	0.00000000E+0
4.85839844E-1	4.27277992E-5	4.27277992E-5	4.85839844E-1	0.00000000E+0	0.00000000E+0
4.83398437E-1	4.25063990E-5	4.25063990E-5	4.83398437E-1	0.00000000E+0	0.00000000E+0
4.80957031E-1	4.22621015E-5	4.22621015E-5	4.80957031E-1	0.00000000E+0	0.00000000E+0
4.78515625E-1	4.20635988E-5	4.20635988E-5	4.78515625E-1	0.00000000E+0	0.00000000E+0
4.76074219E-1	4.18345990E-5	4.18345990E-5	4.76074219E-1	0.00000000E+0	0.00000000E+0
4.73632812E-1	4.16207986E-5	4.16207986E-5	4.73632812E-1	0.00000000E+0	0.00000000E+0
4.71191406E-1	4.13841990E-5	4.13841990E-5	4.71191406E-1	0.00000000E+0	0.00000000E+0
4.68750000E-1	4.11857000E-5	4.11857000E-5	4.68750000E-1	0.00000000E+0	0.00000000E+0
4.66308594E-1	4.09491004E-5	4.09491004E-5	4.66308594E-1	0.00000000E+0	0.00000000E+0
4.63867187E-1	4.07277003E-5	4.07277003E-5	4.63867187E-1	0.00000000E+0	0.00000000E+0
4.61425781E-1	4.05214996E-5	4.05214996E-5	4.61425781E-1	0.00000000E+0	0.00000000E+0
4.58984375E-1	4.03002014E-5	4.03002014E-5	4.58984375E-1	0.00000000E+0	0.00000000E+0
4.56542969E-1	4.00559002E-5	4.00559002E-5	4.56542969E-1	0.00000000E+0	0.00000000E+0
4.54101562E-1	3.98496995E-5	3.98496995E-5	4.54101562E-1	0.00000000E+0	0.00000000E+0
4.51660156E-1	3.96284013E-5	3.96284013E-5	4.51660156E-1	0.00000000E+0	0.00000000E+0
4.49218750E-1	3.94298986E-5	3.94298986E-5	4.49218750E-1	0.00000000E+0	0.00000000E+0
4.46777344E-1	3.91856011E-5	3.91856011E-5	4.46777344E-1	0.00000000E+0	0.00000000E+0
4.44335937E-1	3.89642009E-5	3.89642009E-5	4.44335937E-1	0.00000000E+0	0.00000000E+0
4.41894531E-1	3.87504006E-5	3.87504006E-5	4.41894531E-1	0.00000000E+0	0.00000000E+0
4.39453125E-1	3.85671992E-5	3.85671992E-5	4.39453125E-1	0.00000000E+0	0.00000000E+0
4.37011719E-1	3.83152983E-5	3.83152983E-5	4.37011719E-1	0.00000000E+0	0.00000000E+0
4.34570312E-1	3.81397003E-5	3.81397003E-5	4.34570312E-1	0.00000000E+0	0.00000000E+0
4.32128906E-1	3.78953991E-5	3.78953991E-5	4.32128906E-1	0.00000000E+0	0.00000000E+0
4.29687500E-1	3.77122014E-5	3.77122014E-5	4.29687500E-1	0.00000000E+0	0.00000000E+0
4.27246094E-1	3.74527008E-5	3.74527008E-5	4.27246094E-1	0.00000000E+0	0.00000000E+0
4.24804687E-1	3.72465001E-5	3.72465001E-5	4.24804687E-1	0.00000000E+0	0.00000000E+0
4.22363281E-1	3.70328016E-5	3.70328016E-5	4.22363281E-1	0.00000000E+0	0.00000000E+0
4.19921875E-1	3.68190013E-5	3.68190013E-5	4.19921875E-1	0.00000000E+0	0.00000000E+0
4.17480469E-1	3.66052991E-5	3.66052991E-5	4.17480469E-1	0.00000000E+0	0.00000000E+0
4.15039062E-1	3.63914987E-5	3.63914987E-5	4.15039062E-1	0.00000000E+0	0.00000000E+0
4.12597656E-1	3.61778002E-5	3.61778002E-5	4.12597656E-1	0.00000000E+0	0.00000000E+0
4.10156250E-1	3.59564001E-5	3.59564001E-5	4.10156250E-1	0.00000000E+0	0.00000000E+0
4.07714844E-1	3.57388017E-5	3.57388017E-5	4.07714844E-1	0.00000000E+0	0.00000000E+0
4.05273437E-1	3.55250995E-5	3.55250995E-5	4.05273437E-1	0.00000000E+0	0.00000000E+0
4.02832031E-1	3.52921998E-5	3.52921998E-5	4.02832031E-1	0.00000000E+0	0.00000000E+0
4.00390625E-1	3.51089984E-5	3.51089984E-5	4.00390625E-1	0.00000000E+0	0.00000000E+0
3.97949219E-1	3.48647009E-5	3.48647009E-5	3.97949219E-1	0.00000000E+0	0.00000000E+0
3.95507812E-1	3.46509987E-5	3.46509987E-5	3.95507812E-1	0.00000000E+0	0.00000000E+0
3.93066406E-1	3.44295986E-5	3.44295986E-5	3.93066406E-1	0.00000000E+0	0.00000000E+0
3.90625000E-1	3.42234998E-5	3.42234998E-5	3.90625000E-1	0.00000000E+0	0.00000000E+0
3.88183594E-1	3.39944017E-5	3.39944017E-5	3.88183594E-1	0.00000000E+0	0.00000000E+0
3.85742187E-1	3.37769015E-5	3.37769015E-5	3.85742187E-1	0.00000000E+0	0.00000000E+0
3.83300781E-1	3.35592995E-5	3.35592995E-5	3.83300781E-1	0.00000000E+0	0.00000000E+0
3.80859375E-1	3.33302996E-5	3.33302996E-5	3.80859375E-1	0.00000000E+0	0.00000000E+0
3.78417969E-1	3.31088995E-5	3.31088995E-5	3.78417969E-1	0.00000000E+0	0.00000000E+0
3.75976562E-1	3.28798997E-5	3.28798997E-5	3.75976562E-1	0.00000000E+0	0.00000000E+0
3.73535156E-1	3.26660993E-5	3.26660993E-5	3.73535156E-1	0.00000000E+0	0.00000000E+0
3.71093750E-1	3.24524008E-5	3.24524008E-5	3.71093750E-1	0.00000000E+0	0.00000000E+0
3.68652344E-1	3.22080996E-5	3.22080996E-5	3.68652344E-1	0.00000000E+0	0.00000000E+0
3.66210937E-1	3.19942992E-5	3.19942992E-5	3.66210937E-1	0.00000000E+0	0.00000000E+0
3.63769531E-1	3.17691010E-5	3.17691010E-5	3.63769531E-1	0.00000000E+0	0.00000000E+0
3.61328125E-1	3.15438992E-5	3.15438992E-5	3.61328125E-1	0.00000000E+0	0.00000000E+0
3.58886719E-1	3.12613993E-5	3.12613993E-5	3.58886719E-1	0.00000000E+0	0.00000000E+0
3.56445312E-1	3.10553005E-5	3.10553005E-5	3.56445312E-1	0.00000000E+0	0.00000000E+0
3.54003906E-1	3.08033996E-5	3.08033996E-5	3.54003906E-1	0.00000000E+0	0.00000000E+0
3.51562500E-1	3.05895992E-5	3.05895992E-5	3.51562500E-1	0.00000000E+0	0.00000000E+0
3.49121094E-1	3.03377001E-5	3.03377001E-5	3.49121094E-1	0.00000000E+0	0.00000000E+0
3.46679687E-1	3.01200998E-5	3.01200998E-5	3.46679687E-1	0.00000000E+0	0.00000000E+0
3.44238281E-1	2.98987998E-5	2.98987998E-5	3.44238281E-1	0.00000000E+0	0.00000000E+0
3.41796875E-1	2.96659000E-5	2.96659000E-5	3.41796875E-1	0.00000000E+0	0.00000000E+0
3.39355469E-1	2.94521997E-5	2.94521997E-5	3.39355469E-1	0.00000000E+0	0.00000000E+0
3.36914062E-1	2.92383993E-5	2.92383993E-5	3.36914062E-1	0.00000000E+0	0.00000000E+0
3.34472656E-1	2.90247008E-5	2.90247008E-5	3.34472656E-1	0.00000000E+0	0.00000000E+0
3.32031250E-1	2.88261999E-5	2.88261999E-5	3.32031250E-1	0.00000000E+0	0.00000000E+0
3.29589844E-1	2.85972001E-5	2.85972001E-5	3.29589844E-1	0.00000000E+0	0.00000000E+0
3.27148437E-1	2.83833997E-5	2.83833997E-5	3.27148437E-1	0.00000000E+0	0.00000000E+0
3.24707031E-1	2.81581997E-5	2.81581997E-5	3.24707031E-1	0.00000000E+0	0.00000000E+0
3.22265625E-1	2.79712003E-5	2.79712003E-5	3.22265625E-1	0.00000000E+0	0.00000000E+0
3.19824219E-1	2.77421004E-5	2.77421004E-5	3.19824219E-1	0.00000000E+0	0.00000000E+0
3.17382812E-1	2.75284001E-5	2.75284001E-5	3.17382812E-1	0.00000000E+0	0.00000000E+0
3.14941406E-1	2.73222995E-5	2.73222995E-5	3.14941406E-1	0.00000000E+0	0.00000000E+0
3.12500000E-1	2.71008994E-5	2.71008994E-5	3.12500000E-1	0.00000000E+0	0.00000000E+0
3.10058594E-1	2.69024004E-5	2.69024004E-5	3.10058594E-1	0.00000000E+0	0.00000000E+0
3.07617187E-1	2.66886000E-5	2.66886000E-5	3.07617187E-1	0.00000000E+0	0.00000000E+0
3.05175781E-1	2.64824994E-5	2.64824994E-5	3.05175781E-1	0.00000000E+0	0.00000000E+0
3.02734375E-1	2.62764006E-5	2.62764006E-5	3.02734375E-1	0.00000000E+0	0.00000000E+0
3.00292969E-1	2.60396992E-5	2.60396992E-5	3.00292969E-1	0.00000000E+0	0.00000000E+0
2.97851562E-1	2.58310993E-5	2.58310993E-5	2.97851562E-1	0.00000000E+0	0.00000000E+0
2.95410156E-1	2.56274998E-5	2.56274998E-5	2.95410156E-1	0.00000000E+0	0.00000000E+0
2.92968750E-1	2.54328006E-5	2.54328006E-5	2.92968750E-1	0.00000000E+0	0.00000000E+0
2.90527344E-1	2.51923993E-5	2.51923993E-5	2.90527344E-1	0.00000000E+0	0.00000000E+0
2.88085937E-1	2.49939003E-5	2.49939003E-5	2.88085937E-1	0.00000000E+0	0.00000000E+0
2.85644531E-1	2.47725002E-5	2.47725002E-5	2.85644531E-1	0.00000000E+0	0.00000000E+0
2.83203125E-1	2.45586998E-5	2.45586998E-5	2.83203125E-1	0.00000000E+0	0.00000000E+0
2.80761719E-1	2.43449995E-5	2.43449995E-5	2.80761719E-1	0.00000000E+0	0.00000000E+0
2.78320312E-1	2.41261005E-5	2.41261005E-5	2.78320312E-1	0.00000000E+0	0.00000000E+0
2.75878906E-1	2.39175006E-5	2.39175006E-5	2.75878906E-1	0.00000000E+0	0.00000000E+0
2.73437500E-1	2.37114000E-5	2.37114000E-5	2.73437500E-1	0.00000000E+0	0.00000000E+0
2.70996094E-1	2.34975996E-5	2.34975996E-5	2.70996094E-1	0.00000000E+0	0.00000000E+0
2.68554687E-1	2.32915008E-5	2.32915008E-5	2.68554687E-1	0.00000000E+0	0.00000000E+0
2.66113281E-1	2.30701007E-5	2.30701007E-5	2.66113281E-1	0.00000000E+0	0.00000000E+0
2.63671875E-1	2.28678000E-5	2.28678000E-5	2.63671875E-1	0.00000000E+0	0.00000000E+0
2.61230469E-1	2.26501998E-5	2.26501998E-5	2.61230469E-1	0.00000000E+0	0.00000000E+0
2.58789062E-1	2.24364994E-5	2.24364994E-5	2.58789062E-1	0.00000000E+0	0.00000000E+0
2.56347656E-1	2.22265007E-5	2.22265007E-5	2.56347656E-1	0.00000000E+0	0.00000000E+0
2.53906250E-1	2.20242000E-5	2.20242000E-5	2.53906250E-1	0.00000000E+0	0.00000000E+0
2.51464844E-1	2.18079003E-5	2.18079003E-5	2.51464844E-1	0.00000000E+0	0.00000000E+0
2.49023437E-1	2.16069002E-5	2.16069002E-5	2.49023437E-1	0.00000000E+0	0.00000000E+0
2.46582031E-1	2.13906005E-5	2.13906005E-5	2.46582031E-1	0.00000000E+0	0.00000000E+0
2.44140625E-1	2.11819006E-5	2.11819006E-5	2.44140625E-1	0.00000000E+0	0.00000000E+0
2.41699219E-1	2.09555001E-5	2.09555001E-5	2.41699219E-1	0.00000000E+0	0.00000000E+0
2.39257812E-1	2.07620997E-5	2.07620997E-5	2.39257812E-1	0.00000000E+0	0.00000000E+0
2.36816406E-1	2.05470005E-5	2.05470005E-5	2.36816406E-1	0.00000000E+0	0.00000000E+0
2.34375000E-1	2.03472991E-5	2.03472991E-5	2.34375000E-1	0.00000000E+0	0.00000000E+0
2.31933594E-1	2.01309995E-5	2.01309995E-5	2.31933594E-1	0.00000000E+0	0.00000000E+0
2.29492187E-1	1.99249007E-5	1.99249007E-5	2.29492187E-1	0.00000000E+0	0.00000000E+0
2.27050781E-1	1.97035006E-5	1.97035006E-5	2.27050781E-1	0.00000000E+0	0.00000000E+0
2.24609375E-1	1.94974000E-5	1.94974000E-5	2.24609375E-1	0.00000000E+0	0.00000000E+0
2.22167969E-1	1.92759999E-5	1.92759999E-5	2.22167969E-1	0.00000000E+0	0.00000000E+0
2.19726562E-1	1.90724004E-5	1.90724004E-5	2.19726562E-1	0.00000000E+0	0.00000000E+0
2.17285156E-1	1.88611994E-5	1.88611994E-5	2.17285156E-1	0.00000000E+0	0.00000000E+0
2.14843750E-1	1.86538000E-5	1.86538000E-5	2.14843750E-1	0.00000000E+0	0.00000000E+0
2.12402344E-1	1.84400997E-5	1.84400997E-5	2.12402344E-1	0.00000000E+0	0.00000000E+0
2.09960937E-1	1.82377007E-5	1.82377007E-5	2.09960937E-1	0.00000000E+0	0.00000000E+0
2.07519531E-1	1.80137995E-5	1.80137995E-5	2.07519531E-1	0.00000000E+0	0.00000000E+0
2.05078125E-1	1.78102000E-5	1.78102000E-5	2.05078125E-1	0.00000000E+0	0.00000000E+0
2.02636719E-1	1.75913992E-5	1.75913992E-5	2.02636719E-1	0.00000000E+0	0.00000000E+0
2.00195312E-1	1.73904009E-5	1.73904009E-5	2.00195312E-1	0.00000000E+0	0.00000000E+0
1.97753906E-1	1.71639003E-5	1.71639003E-5	1.97753906E-1	0.00000000E+0	0.00000000E+0
1.95312500E-1	1.69729992E-5	1.69729992E-5	1.95312500E-1	0.00000000E+0	0.00000000E+0
1.92871094E-1	1.67490998E-5	1.67490998E-5	1.92871094E-1	0.00000000E+0	0.00000000E+0
1.90429687E-1	1.65276997E-5	1.65276997E-5	1.90429687E-1	0.00000000E+0	0.00000000E+0
1.87988281E-1	1.63089007E-5	1.63089007E-5	1.87988281E-1	0.00000000E+0	0.00000000E+0
1.85546875E-1	1.61002008E-5	1.61002008E-5	1.85546875E-1	0.00000000E+0	0.00000000E+0
1.83105469E-1	1.58889998E-5	1.58889998E-5	1.83105469E-1	0.00000000E+0	0.00000000E+0
1.80664062E-1	1.56802998E-5	1.56802998E-5	1.80664062E-1	0.00000000E+0	0.00000000E+0
1.78222656E-1	1.54691006E-5	1.54691006E-5	1.78222656E-1	0.00000000E+0	0.00000000E+0
1.75781250E-1	1.52605007E-5	1.52605007E-5	1.75781250E-1	0.00000000E+0	0.00000000E+0
1.73339844E-1	1.50390997E-5	1.50390997E-5	1.73339844E-1	0.00000000E+0	0.00000000E+0
1.70898437E-1	1.48272002E-5	1.48272002E-5	1.70898437E-1	0.00000000E+0	0.00000000E+0
1.68457031E-1	1.46115999E-5	1.46115999E-5	1.68457031E-1	0.00000000E+0	0.00000000E+0
1.66015625E-1	1.44080004E-5	1.44080004E-5	1.66015625E-1	0.00000000E+0	0.00000000E+0
1.63574219E-1	1.41764003E-5	1.41764003E-5	1.63574219E-1	0.00000000E+0	0.00000000E+0
1.61132812E-1	1.39779004E-5	1.39779004E-5	1.61132812E-1	0.00000000E+0	0.00000000E+0
1.58691406E-1	1.37667002E-5	1.37667002E-5	1.58691406E-1	0.00000000E+0	0.00000000E+0
1.56250000E-1	1.35581004E-5	1.35581004E-5	1.56250000E-1	0.00000000E+0	0.00000000E+0
1.53808594E-1	1.33392004E-5	1.33392004E-5	1.53808594E-1	0.00000000E+0	0.00000000E+0
1.51367187E-1	1.31267998E-5	1.31267998E-5	1.51367187E-1	0.00000000E+0	0.00000000E+0
1.48925781E-1	1.29081000E-5	1.29081000E-5	1.48925781E-1	0.00000000E+0	0.00000000E+0
1.46484375E-1	1.26980003E-5	1.26980003E-5	1.46484375E-1	0.00000000E+0	0.00000000E+0
1.44042969E-1	1.24839999E-5	1.24839999E-5	1.44042969E-1	0.00000000E+0	0.00000000E+0
1.41601562E-1	1.22700003E-5	1.22700003E-5	1.41601562E-1	0.00000000E+0	0.00000000E+0
1.39160156E-1	1.20505001E-5	1.20505001E-5	1.39160156E-1	0.00000000E+0	0.00000000E+0
1.36718750E-1	1.18451999E-5	1.18451999E-5	1.36718750E-1	0.00000000E+0	0.00000000E+0
1.34277344E-1	1.16293004E-5	1.16293004E-5	1.34277344E-1	0.00000000E+0	0.00000000E+0
1.31835937E-1	1.14160002E-5	1.14160002E-5	1.31835937E-1	0.00000000E+0	0.00000000E+0
1.29394531E-1	1.12026000E-5	1.12026000E-5	1.29394531E-1	0.00000000E+0	0.00000000E+0
1.26953125E-1	1.09885004E-5	1.09885004E-5	1.26953125E-1	0.00000000E+0	0.00000000E+0
1.24511719E-1	1.07733003E-5	1.07733003E-5	1.24511719E-1	0.00000000E+0	0.00000000E+0
1.22070312E-1	1.05613999E-5	1.05613999E-5	1.22070312E-1	0.00000000E+0	0.00000000E+0
1.19628906E-1	1.03470002E-5	1.03470002E-5	1.19628906E-1	0.00000000E+0	0.00000000E+0
1.17187500E-1	1.01374999E-5	1.01374999E-5	1.17187500E-1	0.00000000E+0	0.00000000E+0
1.14746094E-1	9.91885008E-6	9.91885008E-6	1.14746094E-1	0.00000000E+0	0.00000000E+0
1.12304687E-1	9.70628025E-6	9.70628025E-6	1.12304687E-1	0.00000000E+0	0.00000000E+0
1.09863281E-1	9.48989964E-6	9.48989964E-6	1.09863281E-1	0.00000000E+0	0.00000000E+0
1.07421875E-1	9.27810015E-6	9.27810015E-6	1.07421875E-1	0.00000000E+0	0.00000000E+0
1.04980469E-1	9.05827983E-6	9.05827983E-6	1.04980469E-1	0.00000000E+0	0.00000000E+0
1.02539062E-1	8.85295958E-6	8.85295958E-6	1.02539062E-1	0.00000000E+0	0.00000000E+0
1.00097656E-1	8.63428977E-6	8.63428977E-6	1.00097656E-1	0.00000000E+0	0.00000000E+0
9.76562500E-2	8.43164980E-6	8.43164980E-6	9.76562500E-2	0.00000000E+0	0.00000000E+0
9.52148438E-2	8.20877995E-6	8.20877995E-6	9.52148438E-2	0.00000000E+0	0.00000000E+0
9.27734375E-2	7.99812005E-6	7.99812005E-6	9.27734375E-2	0.00000000E+0	0.00000000E+0
9.03320313E-2	7.77945024E-6	7.77945024E-6	9.03320313E-2	0.00000000E+0	0.00000000E+0
8.78906250E-2	7.57069984E-6	7.57069984E-6	8.78906250E-2	0.00000000E+0	0.00000000E+0
8.54492188E-2	7.35469985E-6	7.35469985E-6	8.54492188E-2	0.00000000E+0	0.00000000E+0
8.30078125E-2	7.14213002E-6	7.14213002E-6	8.30078125E-2	0.00000000E+0	0.00000000E+0
8.05664063E-2	6.92652020E-6	6.92652020E-6	8.05664063E-2	0.00000000E+0	0.00000000E+0
7.81250000E-2	6.72310989E-6	6.72310989E-6	7.81250000E-2	0.00000000E+0	0.00000000E+0
7.56835938E-2	6.50673019E-6	6.50673019E-6	7.56835938E-2	0.00000000E+0	0.00000000E+0
7.32421875E-2	6.28919997E-6	6.28919997E-6	7.32421875E-2	0.00000000E+0	0.00000000E+0
7.08007813E-2	6.07129004E-6	6.07129004E-6	7.08007813E-2	0.00000000E+0	0.00000000E+0
6.83593750E-2	5.86101987E-6	5.86101987E-6	6.83593750E-2	0.00000000E+0	0.00000000E+0
6.59179688E-2	5.64425000E-6	5.64425000E-6	6.59179688E-2	0.00000000E+0	0.00000000E+0
6.34765625E-2	5.43435999E-6	5.43435999E-6	6.34765625E-2	0.00000000E+0	0.00000000E+0
6.10351563E-2	5.21836000E-6	5.21836000E-6	6.10351563E-2	0.00000000E+0	0.00000000E+0
5.85937500E-2	5.01304021E-6	5.01304021E-6	5.85937500E-2	0.00000000E+0	0.00000000E+0
5.61523438E-2	4.78941001E-6	4.78941001E-6	5.61523438E-2	0.00000000E+0	0.00000000E+0
5.37109375E-2	4.57951000E-6	4.57951000E-6	5.37109375E-2	0.00000000E+0	0.00000000E+0
5.12695313E-2	4.36427990E-6	4.36427990E-6	5.12695313E-2	0.00000000E+0	0.00000000E+0
4.88281250E-2	4.15286013E-6	4.15286013E-6	4.88281250E-2	0.00000000E+0	0.00000000E+0
4.63867188E-2	3.93800019E-6	3.93800019E-6	4.63867188E-2	0.00000000E+0	0.00000000E+0
4.39453125E-2	3.72848990E-6	3.72848990E-6	4.39453125E-2	0.00000000E+0	0.00000000E+0
4.15039063E-2	3.51287008E-6	3.51287008E-6	4.15039063E-2	0.00000000E+0	0.00000000E+0
3.90625000E-2	3.30794001E-6	3.30794001E-6	3.90625000E-2	0.00000000E+0	0.00000000E+0
3.66210938E-2	3.08353992E-6	3.08353992E-6	3.66210938E-2	0.00000000E+0	0.00000000E+0
3.41796875E-2	2.87364992E-6	2.87364992E-6	3.41796875E-2	0.00000000E+0	0.00000000E+0
3.17382813E-2	2.65536005E-6	2.65536005E-6	3.17382813E-2	0.00000000E+0	0.00000000E+0
2.92968750E-2	2.44876992E-6	2.44876992E-6	2.92968750E-2	0.00000000E+0	0.00000000E+0
2.68554688E-2	2.23174993E-6	2.23174993E-6	2.68554688E-2	0.00000000E+0	0.00000000E+0
2.44140625E-2	2.02146998E-6	2.02146998E-6	2.44140625E-2	0.00000000E+0	0.00000000E+0
2.19726563E-2	1.80713005E-6	1.80713005E-6	2.19726563E-2	0.00000000E+0	0.00000000E+0
1.95312500E-2	1.59978003E-6	1.59978003E-6	1.95312500E-2	0.00000000E+0	0.00000000E+0
1.70898438E-2	1.38225005E-6	1.38225005E-6	1.70898438E-2	0.00000000E+0	0.00000000E+0
1.46484375E-2	1.17371997E-6	1.17371997E-6	1.46484375E-2	0.00000000E+0	0.00000000E+0
1.22070313E-2	9.58504984E-7	9.58504984E-7	1.22070313E-2	0.00000000E+0	0.00000000E+0
9.76562500E-3	7.50867002E-7	7.50867002E-7	9.76562500E-3	0.00000000E+0	0.00000000E+0
7.32421875E-3	5.34865990E-7	5.34865990E-7	7.32421875E-3	0.00000000E+0	0.00000000E+0
4.88281250E-3	3.27304008E-7	3.27304008E-7	4.88281250E-3	0.00000000E+0	0.00000000E+0
2.44140625E-3	1.16338001E-7	1.16338001E-7	2.44140625E-3	0.00000000E+0	0.00000000E+0
0.00000000E+0	-2.85402990E-9	-2.85402990E-9	0.00000000E+0	0.00000000E+0	0.00000000E+0
-2.44140625E-3	-2.65371000E-7	-2.65371000E-7	-2.44140625E-3	0.00000000E+0	0.00000000E+0
-4.88281250E-3	-4.87137015E-7	-4.87137015E-7	-4.88281250E-3	0.00000000E+0	0.00000000E+0
-7.32421875E-3	-7.16921988E-7	-7.16921988E-7	-7.32421875E-3	0.00000000E+0	0.00000000E+0
-9.76562500E-3	-9.38765027E-7	-9.38765027E-7	-9.76562500E-3	0.00000000E+0	0.00000000E+0
-1.22070313E-2	-1.17107004E-6	-1.17107004E-6	-1.22070313E-2	0.00000000E+0	0.00000000E+0
-1.46484375E-2	-1.39331996E-6	-1.39331996E-6	-1.46484375E-2	0.00000000E+0	0.00000000E+0
-1.70898438E-2	-1.62343997E-6	-1.62343997E-6	-1.70898438E-2	0.00000000E+0	0.00000000E+0
-1.95312500E-2	-1.84605005E-6	-1.84605005E-6	-1.95312500E-2	0.00000000E+0	0.00000000E+0
-2.19726563E-2	-2.07910011E-6	-2.07910011E-6	-2.19726563E-2	0.00000000E+0	0.00000000E+0
-2.44140625E-2	-2.30426008E-6	-2.30426008E-6	-2.44140625E-2	0.00000000E+0	0.00000000E+0
-2.68554688E-2	-2.53628991E-6	-2.53628991E-6	-2.68554688E-2	0.00000000E+0	0.00000000E+0
-2.92968750E-2	-2.75916000E-6	-2.75916000E-6	-2.92968750E-2	0.00000000E+0	0.00000000E+0
-3.17382813E-2	-2.99308999E-6	-2.99308999E-6	-3.17382813E-2	0.00000000E+0	0.00000000E+0
-3.41796875E-2	-3.21710991E-6	-3.21710991E-6	-3.41796875E-2	0.00000000E+0	0.00000000E+0
-3.66210938E-2	-3.44913997E-6	-3.44913997E-6	-3.66210938E-2	0.00000000E+0	0.00000000E+0
-3.90625000E-2	-3.66971994E-6	-3.66971994E-6	-3.90625000E-2	0.00000000E+0	0.00000000E+0
-4.15039063E-2	-3.90709010E-6	-3.90709010E-6	-4.15039063E-2	0.00000000E+0	0.00000000E+0
-4.39453125E-2	-4.13376983E-6	-4.13376983E-6	-4.39453125E-2	0.00000000E+0	0.00000000E+0
-4.63867188E-2	-4.36962000E-6	-4.36962000E-6	-4.63867188E-2	0.00000000E+0	0.00000000E+0
-4.88281250E-2	-4.59553985E-6	-4.59553985E-6	-4.88281250E-2	0.00000000E+0	0.00000000E+0
-5.12695313E-2	-4.83023996E-6	-4.83023996E-6	-5.12695313E-2	0.00000000E+0	0.00000000E+0
-5.37109375E-2	-5.05578009E-6	-5.05578009E-6	-5.37109375E-2	0.00000000E+0	0.00000000E+0
-5.61523438E-2	-5.28533019E-6	-5.28533019E-6	-5.61523438E-2	0.00000000E+0	0.00000000E+0
-5.85937500E-2	-5.50991990E-6	-5.50991990E-6	-5.85937500E-2	0.00000000E+0	0.00000000E+0
-6.10351563E-2	-5.74576006E-6	-5.74576006E-6	-6.10351563E-2	0.00000000E+0	0.00000000E+0
-6.34765625E-2	-5.96787004E-6	-5.96787004E-6	-6.34765625E-2	0.00000000E+0	0.00000000E+0
-6.59179688E-2	-6.20372020E-6	-6.20372020E-6	-6.59179688E-2	0.00000000E+0	0.00000000E+0
-6.83593750E-2	-6.42659006E-6	-6.42659006E-6	-6.83593750E-2	0.00000000E+0	0.00000000E+0
-7.08007813E-2	-6.65860989E-6	-6.65860989E-6	-7.08007813E-2	0.00000000E+0	0.00000000E+0
-7.32421875E-2	-6.87651982E-6	-6.87651982E-6	-7.32421875E-2	0.00000000E+0	0.00000000E+0
-7.56835938E-2	-7.10626000E-6	-7.10626000E-6	-7.56835938E-2	0.00000000E+0	0.00000000E+0
-7.81250000E-2	-7.33180013E-6	-7.33180013E-6	-7.81250000E-2	0.00000000E+0	0.00000000E+0
-8.05664063E-2	-7.56573991E-6	-7.56573991E-6	-8.05664063E-2	0.00000000E+0	0.00000000E+0
-8.30078125E-2	-7.79128004E-6	-7.79128004E-6	-8.30078125E-2	0.00000000E+0	0.00000000E+0
-8.54492188E-2	-8.02751038E-6	-8.02751038E-6	-8.54492188E-2	0.00000000E+0	0.00000000E+0
-8.78906250E-2	-8.25076040E-6	-8.25076040E-6	-8.78906250E-2	0.00000000E+0	0.00000000E+0
-9.03320313E-2	-8.47896990E-6	-8.47896990E-6	-9.03320313E-2	0.00000000E+0	0.00000000E+0
-9.27734375E-2	-8.70794975E-6	-8.70794975E-6	-9.27734375E-2	0.00000000E+0	0.00000000E+0
-9.52148438E-2	-8.93768993E-6	-8.93768993E-6	-9.52148438E-2	0.00000000E+0	0.00000000E+0
-9.76562500E-2	-9.15482997E-6	-9.15482997E-6	-9.76562500E-2	0.00000000E+0	0.00000000E+0
-1.00097656E-1	-9.39068013E-6	-9.39068013E-6	-1.00097656E-1	0.00000000E+0	0.00000000E+0
-1.02539062E-1	-9.61506976E-6	-9.61506976E-6	-1.02539062E-1	0.00000000E+0	0.00000000E+0
-1.04980469E-1	-9.84519011E-6	-9.84519011E-6	-1.04980469E-1	0.00000000E+0	0.00000000E+0
-1.07421875E-1	-1.00648003E-5	-1.00648003E-5	-1.07421875E-1	0.00000000E+0	0.00000000E+0
-1.09863281E-1	-1.02992999E-5	-1.02992999E-5	-1.09863281E-1	0.00000000E+0	0.00000000E+0
-1.12304687E-1	-1.05206000E-5	-1.05206000E-5	-1.12304687E-1	0.00000000E+0	0.00000000E+0
-1.14746094E-1	-1.07450996E-5	-1.07450996E-5	-1.14746094E-1	0.00000000E+0	0.00000000E+0
-1.17187500E-1	-1.09733000E-5	-1.09733000E-5	-1.17187500E-1	0.00000000E+0	0.00000000E+0
-1.19628906E-1	-1.12068001E-5	-1.12068001E-5	-1.19628906E-1	0.00000000E+0	0.00000000E+0
-1.22070312E-1	-1.14267004E-5	-1.14267004E-5	-1.22070312E-1	0.00000000E+0	0.00000000E+0
-1.24511719E-1	-1.16575002E-5	-1.16575002E-5	-1.24511719E-1	0.00000000E+0	0.00000000E+0
-1.26953125E-1	-1.18866001E-5	-1.18866001E-5	-1.26953125E-1	0.00000000E+0	0.00000000E+0
-1.29394531E-1	-1.21193998E-5	-1.21193998E-5	-1.29394531E-1	0.00000000E+0	0.00000000E+0
-1.31835937E-1	-1.23372001E-5	-1.23372001E-5	-1.31835937E-1	0.00000000E+0	0.00000000E+0
-1.34277344E-1	-1.25708002E-5	-1.25708002E-5	-1.34277344E-1	0.00000000E+0	0.00000000E+0
-1.36718750E-1	-1.27880003E-5	-1.27880003E-5	-1.36718750E-1	0.00000000E+0	0.00000000E+0
-1.39160156E-1	-1.30188000E-5	-1.30188000E-5	-1.39160156E-1	0.00000000E+0	0.00000000E+0
-1.41601562E-1	-1.32393998E-5	-1.32393998E-5	-1.41601562E-1	0.00000000E+0	0.00000000E+0
-1.44042969E-1	-1.34741003E-5	-1.34741003E-5	-1.44042969E-1	0.00000000E+0	0.00000000E+0
-1.46484375E-1	-1.37031002E-5	-1.37031002E-5	-1.46484375E-1	0.00000000E+0	0.00000000E+0
-1.48925781E-1	-1.39378999E-5	-1.39378999E-5	-1.48925781E-1	0.00000000E+0	0.00000000E+0
-1.51367187E-1	-1.41637001E-5	-1.41637001E-5	-1.51367187E-1	0.00000000E+0	0.00000000E+0
-1.53808594E-1	-1.43875995E-5	-1.43875995E-5	-1.53808594E-1	0.00000000E+0	0.00000000E+0
-1.56250000E-1	-1.46039001E-5	-1.46039001E-5	-1.56250000E-1	0.00000000E+0	0.00000000E+0
-1.58691406E-1	-1.48405998E-5	-1.48405998E-5	-1.58691406E-1	0.00000000E+0	0.00000000E+0
-1.61132812E-1	-1.50695996E-5	-1.50695996E-5	-1.61132812E-1	0.00000000E+0	0.00000000E+0
-1.63574219E-1	-1.52947996E-5	-1.52947996E-5	-1.63574219E-1	0.00000000E+0	0.00000000E+0
-1.66015625E-1	-1.55098005E-5	-1.55098005E-5	-1.66015625E-1	0.00000000E+0	0.00000000E+0
-1.68457031E-1	-1.57528993E-5	-1.57528993E-5	-1.68457031E-1	0.00000000E+0	0.00000000E+0
-1.70898437E-1	-1.59755000E-5	-1.59755000E-5	-1.70898437E-1	0.00000000E+0	0.00000000E+0
-1.73339844E-1	-1.62096003E-5	-1.62096003E-5	-1.73339844E-1	0.00000000E+0	0.00000000E+0
-1.75781250E-1	-1.64284993E-5	-1.64284993E-5	-1.75781250E-1	0.00000000E+0	0.00000000E+0
-1.78222656E-1	-1.66594000E-5	-1.66594000E-5	-1.78222656E-1	0.00000000E+0	0.00000000E+0
-1.80664062E-1	-1.68903007E-5	-1.68903007E-5	-1.80664062E-1	0.00000000E+0	0.00000000E+0
-1.83105469E-1	-1.71053998E-5	-1.71053998E-5	-1.83105469E-1	0.00000000E+0	0.00000000E+0
-1.85546875E-1	-1.73292992E-5	-1.73292992E-5	-1.85546875E-1	0.00000000E+0	0.00000000E+0
-1.87988281E-1	-1.75583009E-5	-1.75583009E-5	-1.87988281E-1	0.00000000E+0	0.00000000E+0
-1.90429687E-1	-1.77823003E-5	-1.77823003E-5	-1.90429687E-1	0.00000000E+0	0.00000000E+0
-1.92871094E-1	-1.80113002E-5	-1.80113002E-5	-1.92871094E-1	0.00000000E+0	0.00000000E+0
-1.95312500E-1	-1.82224994E-5	-1.82224994E-5	-1.95312500E-1	0.00000000E+0	0.00000000E+0
-1.97753906E-1	-1.84668006E-5	-1.84668006E-5	-1.97753906E-1	0.00000000E+0	0.00000000E+0
-2.00195312E-1	-1.86831003E-5	-1.86831003E-5	-2.00195312E-1	0.00000000E+0	0.00000000E+0
-2.02636719E-1	-1.89069997E-5	-1.89069997E-5	-2.02636719E-1	0.00000000E+0	0.00000000E+0
-2.05078125E-1	-1.91411000E-5	-1.91411000E-5	-2.05078125E-1	0.00000000E+0	0.00000000E+0
-2.07519531E-1	-1.93625001E-5	-1.93625001E-5	-2.07519531E-1	0.00000000E+0	0.00000000E+0
-2.09960937E-1	-1.95940993E-5	-1.95940993E-5	-2.09960937E-1	0.00000000E+0	0.00000000E+0
-2.12402344E-1	-1.98180005E-5	-1.98180005E-5	-2.12402344E-1	0.00000000E+0	0.00000000E+0
-2.14843750E-1	-2.00318009E-5	-2.00318009E-5	-2.14843750E-1	0.00000000E+0	0.00000000E+0
-2.17285156E-1	-2.02530991E-5	-2.02530991E-5	-2.17285156E-1	0.00000000E+0	0.00000000E+0
-2.19726562E-1	-2.04744993E-5	-2.04744993E-5	-2.19726562E-1	0.00000000E+0	0.00000000E+0
-2.22167969E-1	-2.07074008E-5	-2.07074008E-5	-2.22167969E-1	0.00000000E+0	0.00000000E+0
-2.24609375E-1	-2.09210993E-5	-2.09210993E-5	-2.24609375E-1	0.00000000E+0	0.00000000E+0
-2.27050781E-1	-2.11539991E-5	-2.11539991E-5	-2.27050781E-1	0.00000000E+0	0.00000000E+0
-2.29492187E-1	-2.13703006E-5	-2.13703006E-5	-2.29492187E-1	0.00000000E+0	0.00000000E+0
-2.31933594E-1	-2.15890996E-5	-2.15890996E-5	-2.31933594E-1	0.00000000E+0	0.00000000E+0
-2.34375000E-1	-2.18066998E-5	-2.18066998E-5	-2.34375000E-1	0.00000000E+0	0.00000000E+0
-2.36816406E-1	-2.20242000E-5	-2.20242000E-5	-2.36816406E-1	0.00000000E+0	0.00000000E+0
-2.39257812E-1	-2.22342005E-5	-2.22342005E-5	-2.39257812E-1	0.00000000E+0	0.00000000E+0
-2.41699219E-1	-2.24594005E-5	-2.24594005E-5	-2.41699219E-1	0.00000000E+0	0.00000000E+0
-2.44140625E-1	-2.26808006E-5	-2.26808006E-5	-2.44140625E-1	0.00000000E+0	0.00000000E+0
-2.46582031E-1	-2.28868994E-5	-2.28868994E-5	-2.46582031E-1	0.00000000E+0	0.00000000E+0
-2.49023437E-1	-2.30854002E-5	-2.30854002E-5	-2.49023437E-1	0.00000000E+0	0.00000000E+0
-2.51464844E-1	-2.33144001E-5	-2.33144001E-5	-2.51464844E-1	0.00000000E+0	0.00000000E+0
-2.53906250E-1	-2.35051994E-5	-2.35051994E-5	-2.53906250E-1	0.00000000E+0	0.00000000E+0
-2.56347656E-1	-2.37342992E-5	-2.37342992E-5	-2.56347656E-1	0.00000000E+0	0.00000000E+0
-2.58789062E-1	-2.39175006E-5	-2.39175006E-5	-2.58789062E-1	0.00000000E+0	0.00000000E+0
-2.61230469E-1	-2.41465004E-5	-2.41465004E-5	-2.61230469E-1	0.00000000E+0	0.00000000E+0
-2.63671875E-1	-2.43525992E-5	-2.43525992E-5	-2.63671875E-1	0.00000000E+0	0.00000000E+0
-2.66113281E-1	-2.45663996E-5	-2.45663996E-5	-2.66113281E-1	0.00000000E+0	0.00000000E+0
-2.68554687E-1	-2.47649004E-5	-2.47649004E-5	-2.68554687E-1	0.00000000E+0	0.00000000E+0
-2.70996094E-1	-2.49939003E-5	-2.49939003E-5	-2.70996094E-1	0.00000000E+0	0.00000000E+0
-2.73437500E-1	-2.52076006E-5	-2.52076006E-5	-2.73437500E-1	0.00000000E+0	0.00000000E+0
-2.75878906E-1	-2.54328006E-5	-2.54328006E-5	-2.75878906E-1	0.00000000E+0	0.00000000E+0
-2.78320312E-1	-2.56350995E-5	-2.56350995E-5	-2.78320312E-1	0.00000000E+0	0.00000000E+0
-2.80761719E-1	-2.58641994E-5	-2.58641994E-5	-2.80761719E-1	0.00000000E+0	0.00000000E+0
-2.83203125E-1	-2.60778997E-5	-2.60778997E-5	-2.83203125E-1	0.00000000E+0	0.00000000E+0
-2.85644531E-1	-2.63068996E-5	-2.63068996E-5	-2.85644531E-1	0.00000000E+0	0.00000000E+0
-2.88085937E-1	-2.65207000E-5	-2.65207000E-5	-2.88085937E-1	0.00000000E+0	0.00000000E+0
-2.90527344E-1	-2.67344003E-5	-2.67344003E-5	-2.90527344E-1	0.00000000E+0	0.00000000E+0
-2.92968750E-1	-2.69635002E-5	-2.69635002E-5	-2.92968750E-1	0.00000000E+0	0.00000000E+0
-2.95410156E-1	-2.71734007E-5	-2.71734007E-5	-2.95410156E-1	0.00000000E+0	0.00000000E+0
-2.97851562E-1	-2.74101003E-5	-2.74101003E-5	-2.97851562E-1	0.00000000E+0	0.00000000E+0
-3.00292969E-1	-2.76504998E-5	-2.76504998E-5	-3.00292969E-1	0.00000000E+0	0.00000000E+0
-3.02734375E-1	-2.78643001E-5	-2.78643001E-5	-3.02734375E-1	0.00000000E+0	0.00000000E+0
-3.05175781E-1	-2.80627992E-5	-2.80627992E-5	-3.05175781E-1	0.00000000E+0	0.00000000E+0
-3.07617187E-1	-2.82918008E-5	-2.82918008E-5	-3.07617187E-1	0.00000000E+0	0.00000000E+0
-3.10058594E-1	-2.85054994E-5	-2.85054994E-5	-3.10058594E-1	0.00000000E+0	0.00000000E+0
-3.12500000E-1	-2.87268995E-5	-2.87268995E-5	-3.12500000E-1	0.00000000E+0	0.00000000E+0
-3.14941406E-1	-2.89635991E-5	-2.89635991E-5	-3.14941406E-1	0.00000000E+0	0.00000000E+0
-3.17382812E-1	-2.91772994E-5	-2.91772994E-5	-3.17382812E-1	0.00000000E+0	0.00000000E+0
-3.19824219E-1	-2.93835001E-5	-2.93835001E-5	-3.19824219E-1	0.00000000E+0	0.00000000E+0
-3.22265625E-1	-2.96162998E-5	-2.96162998E-5	-3.22265625E-1	0.00000000E+0	0.00000000E+0
-3.24707031E-1	-2.98605992E-5	-2.98605992E-5	-3.24707031E-1	0.00000000E+0	0.00000000E+0
-3.27148437E-1	-3.00628999E-5	-3.00628999E-5	-3.27148437E-1	0.00000000E+0	0.00000000E+0
-3.29589844E-1	-3.02880999E-5	-3.02880999E-5	-3.29589844E-1	0.00000000E+0	0.00000000E+0
-3.32031250E-1	-3.05132999E-5	-3.05132999E-5	-3.32031250E-1	0.00000000E+0	0.00000000E+0
-3.34472656E-1	-3.07347000E-5	-3.07347000E-5	-3.34472656E-1	0.00000000E+0	0.00000000E+0
-3.36914062E-1	-3.09407988E-5	-3.09407988E-5	-3.36914062E-1	0.00000000E+0	0.00000000E+0
-3.39355469E-1	-3.11775002E-5	-3.11775002E-5	-3.39355469E-1	0.00000000E+0	0.00000000E+0
-3.41796875E-1	-3.13835990E-5	-3.13835990E-5	-3.41796875E-1	0.00000000E+0	0.00000000E+0
-3.44238281E-1	-3.16125988E-5	-3.16125988E-5	-3.44238281E-1	0.00000000E+0	0.00000000E+0
-3.46679687E-1	-3.18148996E-5	-3.18148996E-5	-3.46679687E-1	0.00000000E+0	0.00000000E+0
-3.49121094E-1	-3.20401014E-5	-3.20401014E-5	-3.49121094E-1	0.00000000E+0	0.00000000E+0
-3.51562500E-1	-3.22615015E-5	-3.22615015E-5	-3.51562500E-1	0.00000000E+0	0.00000000E+0
-3.54003906E-1	-3.24905013E-5	-3.24905013E-5	-3.54003906E-1	0.00000000E+0	0.00000000E+0
-3.56445312E-1	-3.26966001E-5	-3.26966001E-5	-3.56445312E-1	0.00000000E+0	0.00000000E+0
-3.58886719E-1	-3.29409013E-5	-3.29409013E-5	-3.58886719E-1	0.00000000E+0	0.00000000E+0
-3.61328125E-1	-3.31623014E-5	-3.31623014E-5	-3.61328125E-1	0.00000000E+0	0.00000000E+0
-3.63769531E-1	-3.33913013E-5	-3.33913013E-5	-3.63769531E-1	0.00000000E+0	0.00000000E+0
-3.66210937E-1	-3.35935983E-5	-3.35935983E-5	-3.66210937E-1	0.00000000E+0	0.00000000E+0
-3.68652344E-1	-3.38188001E-5	-3.38188001E-5	-3.68652344E-1	0.00000000E+0	0.00000000E+0
-3.71093750E-1	-3.40402003E-5	-3.40402003E-5	-3.71093750E-1	0.00000000E+0	0.00000000E+0
-3.73535156E-1	-3.42616004E-5	-3.42616004E-5	-3.73535156E-1	0.00000000E+0	0.00000000E+0
-3.75976562E-1	-3.44906002E-5	-3.44906002E-5	-3.75976562E-1	0.00000000E+0	0.00000000E+0
-3.78417969E-1	-3.47120003E-5	-3.47120003E-5	-3.78417969E-1	0.00000000E+0	0.00000000E+0
-3.80859375E-1	-3.49067013E-5	-3.49067013E-5	-3.80859375E-1	0.00000000E+0	0.00000000E+0
-3.83300781E-1	-3.51624003E-5	-3.51624003E-5	-3.83300781E-1	0.00000000E+0	0.00000000E+0
-3.85742187E-1	-3.53456999E-5	-3.53456999E-5	-3.85742187E-1	0.00000000E+0	0.00000000E+0
-3.88183594E-1	-3.55785014E-5	-3.55785014E-5	-3.88183594E-1	0.00000000E+0	0.00000000E+0
-3.90625000E-1	-3.57921999E-5	-3.57921999E-5	-3.90625000E-1	0.00000000E+0	0.00000000E+0
-3.93066406E-1	-3.60097984E-5	-3.60097984E-5	-3.93066406E-1	0.00000000E+0	0.00000000E+0
-3.95507812E-1	-3.62387982E-5	-3.62387982E-5	-3.95507812E-1	0.00000000E+0	0.00000000E+0
-3.97949219E-1	-3.64640000E-5	-3.64640000E-5	-3.97949219E-1	0.00000000E+0	0.00000000E+0
-4.00390625E-1	-3.66663007E-5	-3.66663007E-5	-4.00390625E-1	0.00000000E+0	0.00000000E+0
-4.02832031E-1	-3.68801011E-5	-3.68801011E-5	-4.02832031E-1	0.00000000E+0	0.00000000E+0
-4.05273437E-1	-3.71167989E-5	-3.71167989E-5	-4.05273437E-1	0.00000000E+0	0.00000000E+0
-4.07714844E-1	-3.73381008E-5	-3.73381008E-5	-4.07714844E-1	0.00000000E+0	0.00000000E+0
-4.10156250E-1	-3.75519012E-5	-3.75519012E-5	-4.10156250E-1	0.00000000E+0	0.00000000E+0
-4.12597656E-1	-3.77733013E-5	-3.77733013E-5	-4.12597656E-1	0.00000000E+0	0.00000000E+0
-4.15039062E-1	-3.80175989E-5	-3.80175989E-5	-4.15039062E-1	0.00000000E+0	0.00000000E+0
-4.17480469E-1	-3.82083999E-5	-3.82083999E-5	-4.17480469E-1	0.00000000E+0	0.00000000E+0
-4.19921875E-1	-3.84183986E-5	-3.84183986E-5	-4.19921875E-1	0.00000000E+0	0.00000000E+0
-4.22363281E-1	-3.86436004E-5	-3.86436004E-5	-4.22363281E-1	0.00000000E+0	0.00000000E+0
-4.24804687E-1	-3.88650005E-5	-3.88650005E-5	-4.24804687E-1	0.00000000E+0	0.00000000E+0
-4.27246094E-1	-3.91016001E-5	-3.91016001E-5	-4.27246094E-1	0.00000000E+0	0.00000000E+0
-4.29687500E-1	-3.92924994E-5	-3.92924994E-5	-4.29687500E-1	0.00000000E+0	0.00000000E+0
-4.32128906E-1	-3.95368006E-5	-3.95368006E-5	-4.32128906E-1	0.00000000E+0	0.00000000E+0
-4.34570312E-1	-3.97504991E-5	-3.97504991E-5	-4.34570312E-1	0.00000000E+0	0.00000000E+0
-4.37011719E-1	-3.99948003E-5	-3.99948003E-5	-4.37011719E-1	0.00000000E+0	0.00000000E+0
-4.39453125E-1	-4.02162004E-5	-4.02162004E-5	-4.39453125E-1	0.00000000E+0	0.00000000E+0
-4.41894531E-1	-4.04222992E-5	-4.04222992E-5	-4.41894531E-1	0.00000000E+0	0.00000000E+0
-4.44335937E-1	-4.06360996E-5	-4.06360996E-5	-4.44335937E-1	0.00000000E+0	0.00000000E+0
-4.46777344E-1	-4.08650994E-5	-4.08650994E-5	-4.46777344E-1	0.00000000E+0	0.00000000E+0
-4.49218750E-1	-4.10749999E-5	-4.10749999E-5	-4.49218750E-1	0.00000000E+0	0.00000000E+0
-4.51660156E-1	-4.13154994E-5	-4.13154994E-5	-4.51660156E-1	0.00000000E+0	0.00000000E+0
-4.54101562E-1	-4.15216018E-5	-4.15216018E-5	-4.54101562E-1	0.00000000E+0	0.00000000E+0
-4.56542969E-1	-4.17429983E-5	-4.17429983E-5	-4.56542969E-1	0.00000000E+0	0.00000000E+0
-4.58984375E-1	-4.19796015E-5	-4.19796015E-5	-4.58984375E-1	0.00000000E+0	0.00000000E+0
-4.61425781E-1	-4.21933983E-5	-4.21933983E-5	-4.61425781E-1	0.00000000E+0	0.00000000E+0
-4.63867187E-1	-4.23976016E-5	-4.23976016E-5	-4.63867187E-1	0.00000000E+0	0.00000000E+0
-4.66308594E-1	-4.26209008E-5	-4.26209008E-5	-4.66308594E-1	0.00000000E+0	0.00000000E+0
-4.68750000E-1	-4.28347012E-5	-4.28347012E-5	-4.68750000E-1	0.00000000E+0	0.00000000E+0
-4.71191406E-1	-4.30789987E-5	-4.30789987E-5	-4.71191406E-1	0.00000000E+0	0.00000000E+0
-4.73632812E-1	-4.32812994E-5	-4.32812994E-5	-4.73632812E-1	0.00000000E+0	0.00000000E+0
-4.76074219E-1	-4.35141010E-5	-4.35141010E-5	-4.76074219E-1	0.00000000E+0	0.00000000E+0
-4.78515625E-1	-4.37277995E-5	-4.37277995E-5	-4.78515625E-1	0.00000000E+0	0.00000000E+0
-4.80957031E-1	-4.39415999E-5	-4.39415999E-5	-4.80957031E-1	0.00000000E+0	0.00000000E+0
-4.83398437E-1	-4.41859011E-5	-4.41859011E-5	-4.83398437E-1	0.00000000E+0	0.00000000E+0
-4.85839844E-1	-4.43995996E-5	-4.43995996E-5	-4.85839844E-1	0.00000000E+0	0.00000000E+0
-4.88281250E-1	-4.46134000E-5	-4.46134000E-5	-4.88281250E-1	0.00000000E+0	0.00000000E+0
-4.90722656E-1	-4.48270985E-5	-4.48270985E-5	-4.90722656E-1	0.00000000E+0	0.00000000E+0
-4.93164062E-1	-4.50332991E-5	-4.50332991E-5	-4.93164062E-1	0.00000000E+0	0.00000000E+0
-4.90722656E-1	-4.48270985E-5	-4.48270985E-5	-4.90722656E-1	0.00000000E+0	0.00000000E+0
-4.88281250E-1	-4.46134000E-5	-4.46134000E-5	-4.88281250E-1	0.00000000E+0	0.00000000E+0
-4.85839844E-1	-4.43995996E-5	-4.43995996E-5	-4.85839844E-1	0.00000000E+0	0.00000000E+0
-4.83398437E-1	-4.41554002E-5	-4.41554002E-5	-4.83398437E-1	0.00000000E+0	0.00000000E+0
-4.80957031E-1	-4.39415999E-5	-4.39415999E-5	-4.80957031E-1	0.00000000E+0	0.00000000E+0
-4.78515625E-1	-4.37277995E-5	-4.37277995E-5	-4.78515625E-1	0.00000000E+0	0.00000000E+0
-4.76074219E-1	-4.35141010E-5	-4.35141010E-5	-4.76074219E-1	0.00000000E+0	0.00000000E+0
-4.73632812E-1	-4.32812994E-5	-4.32812994E-5	-4.73632812E-1	0.00000000E+0	0.00000000E+0
-4.71191406E-1	-4.30407999E-5	-4.30407999E-5	-4.71191406E-1	0.00000000E+0	0.00000000E+0
-4.68750000E-1	-4.28347012E-5	-4.28347012E-5	-4.68750000E-1	0.00000000E+0	0.00000000E+0
-4.66308594E-1	-4.26209008E-5	-4.26209008E-5	-4.66308594E-1	0.00000000E+0	0.00000000E+0
-4.63867187E-1	-4.23976016E-5	-4.23976016E-5	-4.63867187E-1	0.00000000E+0	0.00000000E+0
-4.61425781E-1	-4.21933983E-5	-4.21933983E-5	-4.61425781E-1	0.00000000E+0	0.00000000E+0
-4.58984375E-1	-4.19796015E-5	-4.19796015E-5	-4.58984375E-1	0.00000000E+0	0.00000000E+0
-4.56542969E-1	-4.17429983E-5	-4.17429983E-5	-4.56542969E-1	0.00000000E+0	0.00000000E+0
-4.54101562E-1	-4.15216018E-5	-4.15216018E-5	-4.54101562E-1	0.00000000E+0	0.00000000E+0
-4.51660156E-1	-4.13154994E-5	-4.13154994E-5	-4.51660156E-1	0.00000000E+0	0.00000000E+0
-4.49218750E-1	-4.10749999E-5	-4.10749999E-5	-4.49218750E-1	0.00000000E+0	0.00000000E+0
-4.46777344E-1	-4.08650994E-5	-4.08650994E-5	-4.46777344E-1	0.00000000E+0	0.00000000E+0
-4.44335937E-1	-4.06360996E-5	-4.06360996E-5	-4.44335937E-1	0.00000000E+0	0.00000000E+0
-4.41894531E-1	-4.04222992E-5	-4.04222992E-5	-4.41894531E-1	0.00000000E+0	0.00000000E+0
-4.39453125E-1	-4.02162004E-5	-4.02162004E-5	-4.39453125E-1	0.00000000E+0	0.00000000E+0
-4.37011719E-1	-3.99948003E-5	-3.99948003E-5	-4.37011719E-1	0.00000000E+0	0.00000000E+0
-4.34570312E-1	-3.97504991E-5	-3.97504991E-5	-4.34570312E-1	0.00000000E+0	0.00000000E+0
-4.32128906E-1	-3.95368006E-5	-3.95368006E-5	-4.32128906E-1	0.00000000E+0	0.00000000E+0
-4.29687500E-1	-3.93154005E-5	-3.93154005E-5	-4.29687500E-1	0.00000000E+0	0.00000000E+0
-4.27246094E-1	-3.91016001E-5	-3.91016001E-5	-4.27246094E-1	0.00000000E+0	0.00000000E+0
-4.24804687E-1	-3.88879016E-5	-3.88879016E-5	-4.24804687E-1	0.00000000E+0	0.00000000E+0
-4.22363281E-1	-3.86817010E-5	-3.86817010E-5	-4.22363281E-1	0.00000000E+0	0.00000000E+0
-4.19921875E-1	-3.84373998E-5	-3.84373998E-5	-4.19921875E-1	0.00000000E+0	0.00000000E+0
-4.17480469E-1	-3.82237013E-5	-3.82237013E-5	-4.17480469E-1	0.00000000E+0	0.00000000E+0
-4.15039062E-1	-3.80175989E-5	-3.80175989E-5	-4.15039062E-1	0.00000000E+0	0.00000000E+0
-4.12597656E-1	-3.77961987E-5	-3.77961987E-5	-4.12597656E-1	0.00000000E+0	0.00000000E+0
-4.10156250E-1	-3.75823984E-5	-3.75823984E-5	-4.10156250E-1	0.00000000E+0	0.00000000E+0
-4.07714844E-1	-3.73381008E-5	-3.73381008E-5	-4.07714844E-1	0.00000000E+0	0.00000000E+0
-4.05273437E-1	-3.71548995E-5	-3.71548995E-5	-4.05273437E-1	0.00000000E+0	0.00000000E+0
-4.02832031E-1	-3.69105983E-5	-3.69105983E-5	-4.02832031E-1	0.00000000E+0	0.00000000E+0
-4.00390625E-1	-3.66893000E-5	-3.66893000E-5	-4.00390625E-1	0.00000000E+0	0.00000000E+0
-3.97949219E-1	-3.64640000E-5	-3.64640000E-5	-3.97949219E-1	0.00000000E+0	0.00000000E+0
-3.95507812E-1	-3.62503015E-5	-3.62503015E-5	-3.95507812E-1	0.00000000E+0	0.00000000E+0
-3.93066406E-1	-3.60250997E-5	-3.60250997E-5	-3.93066406E-1	0.00000000E+0	0.00000000E+0
-3.90625000E-1	-3.57921999E-5	-3.57921999E-5	-3.90625000E-1	0.00000000E+0	0.00000000E+0
-3.88183594E-1	-3.55898992E-5	-3.55898992E-5	-3.88183594E-1	0.00000000E+0	0.00000000E+0
-3.85742187E-1	-3.53838004E-5	-3.53838004E-5	-3.85742187E-1	0.00000000E+0	0.00000000E+0
-3.83300781E-1	-3.51624003E-5	-3.51624003E-5	-3.83300781E-1	0.00000000E+0	0.00000000E+0
-3.80859375E-1	-3.49182010E-5	-3.49182010E-5	-3.80859375E-1	0.00000000E+0	0.00000000E+0
-3.78417969E-1	-3.47349014E-5	-3.47349014E-5	-3.78417969E-1	0.00000000E+0	0.00000000E+0
-3.75976562E-1	-3.44906002E-5	-3.44906002E-5	-3.75976562E-1	0.00000000E+0	0.00000000E+0
-3.73535156E-1	-3.42769017E-5	-3.42769017E-5	-3.73535156E-1	0.00000000E+0	0.00000000E+0
-3.71093750E-1	-3.40402003E-5	-3.40402003E-5	-3.71093750E-1	0.00000000E+0	0.00000000E+0
-3.68652344E-1	-3.38188001E-5	-3.38188001E-5	-3.68652344E-1	0.00000000E+0	0.00000000E+0
-3.66210937E-1	-3.36127014E-5	-3.36127014E-5	-3.66210937E-1	0.00000000E+0	0.00000000E+0
-3.63769531E-1	-3.33913013E-5	-3.33913013E-5	-3.63769531E-1	0.00000000E+0	0.00000000E+0
-3.61328125E-1	-3.31775991E-5	-3.31775991E-5	-3.61328125E-1	0.00000000E+0	0.00000000E+0
-3.58886719E-1	-3.29637987E-5	-3.29637987E-5	-3.58886719E-1	0.00000000E+0	0.00000000E+0
-3.56445312E-1	-3.27195012E-5	-3.27195012E-5	-3.56445312E-1	0.00000000E+0	0.00000000E+0
-3.54003906E-1	-3.24905013E-5	-3.24905013E-5	-3.54003906E-1	0.00000000E+0	0.00000000E+0
-3.51562500E-1	-3.22843989E-5	-3.22843989E-5	-3.51562500E-1	0.00000000E+0	0.00000000E+0
-3.49121094E-1	-3.20592007E-5	-3.20592007E-5	-3.49121094E-1	0.00000000E+0	0.00000000E+0
-3.46679687E-1	-3.18339989E-5	-3.18339989E-5	-3.46679687E-1	0.00000000E+0	0.00000000E+0
-3.44238281E-1	-3.16316982E-5	-3.16316982E-5	-3.44238281E-1	0.00000000E+0	0.00000000E+0
-3.41796875E-1	-3.13989003E-5	-3.13989003E-5	-3.41796875E-1	0.00000000E+0	0.00000000E+0
-3.39355469E-1	-3.11775002E-5	-3.11775002E-5	-3.39355469E-1	0.00000000E+0	0.00000000E+0
-3.36914062E-1	-3.09407988E-5	-3.09407988E-5	-3.36914062E-1	0.00000000E+0	0.00000000E+0
-3.34472656E-1	-3.07347000E-5	-3.07347000E-5	-3.34472656E-1	0.00000000E+0	0.00000000E+0
-3.32031250E-1	-3.05132999E-5	-3.05132999E-5	-3.32031250E-1	0.00000000E+0	0.00000000E+0
-3.29589844E-1	-3.02880999E-5	-3.02880999E-5	-3.29589844E-1	0.00000000E+0	0.00000000E+0
-3.27148437E-1	-3.00857992E-5	-3.00857992E-5	-3.27148437E-1	0.00000000E+0	0.00000000E+0
-3.24707031E-1	-2.98605992E-5	-2.98605992E-5	-3.24707031E-1	0.00000000E+0	0.00000000E+0
-3.22265625E-1	-2.96353992E-5	-2.96353992E-5	-3.22265625E-1	0.00000000E+0	0.00000000E+0
-3.19824219E-1	-2.94140009E-5	-2.94140009E-5	-3.19824219E-1	0.00000000E+0	0.00000000E+0
-3.17382812E-1	-2.91926008E-5	-2.91926008E-5	-3.17382812E-1	0.00000000E+0	0.00000000E+0
-3.14941406E-1	-2.89789004E-5	-2.89789004E-5	-3.14941406E-1	0.00000000E+0	0.00000000E+0
-3.12500000E-1	-2.87498005E-5	-2.87498005E-5	-3.12500000E-1	0.00000000E+0	0.00000000E+0
-3.10058594E-1	-2.85208007E-5	-2.85208007E-5	-3.10058594E-1	0.00000000E+0	0.00000000E+0
-3.07617187E-1	-2.82918008E-5	-2.82918008E-5	-3.07617187E-1	0.00000000E+0	0.00000000E+0
-3.05175781E-1	-2.80780005E-5	-2.80780005E-5	-3.05175781E-1	0.00000000E+0	0.00000000E+0
-3.02734375E-1	-2.78643001E-5	-2.78643001E-5	-3.02734375E-1	0.00000000E+0	0.00000000E+0
-3.00292969E-1	-2.76504998E-5	-2.76504998E-5	-3.00292969E-1	0.00000000E+0	0.00000000E+0
-2.97851562E-1	-2.74101003E-5	-2.74101003E-5	-2.97851562E-1	0.00000000E+0	0.00000000E+0
-2.95410156E-1	-2.71925001E-5	-2.71925001E-5	-2.95410156E-1	0.00000000E+0	0.00000000E+0
-2.92968750E-1	-2.69786997E-5	-2.69786997E-5	-2.92968750E-1	0.00000000E+0	0.00000000E+0
-2.90527344E-1	-2.67496998E-5	-2.67496998E-5	-2.90527344E-1	0.00000000E+0	0.00000000E+0
-2.88085937E-1	-2.65512008E-5	-2.65512008E-5	-2.88085937E-1	0.00000000E+0	0.00000000E+0
-2.85644531E-1	-2.63221991E-5	-2.63221991E-5	-2.85644531E-1	0.00000000E+0	0.00000000E+0
-2.83203125E-1	-2.60931993E-5	-2.60931993E-5	-2.83203125E-1	0.00000000E+0	0.00000000E+0
-2.80761719E-1	-2.58794007E-5	-2.58794007E-5	-2.80761719E-1	0.00000000E+0	0.00000000E+0
-2.78320312E-1	-2.56504009E-5	-2.56504009E-5	-2.78320312E-1	0.00000000E+0	0.00000000E+0
-2.75878906E-1	-2.54443003E-5	-2.54443003E-5	-2.75878906E-1	0.00000000E+0	0.00000000E+0
-2.73437500E-1	-2.52229001E-5	-2.52229001E-5	-2.73437500E-1	0.00000000E+0	0.00000000E+0
-2.70996094E-1	-2.50243993E-5	-2.50243993E-5	-2.70996094E-1	0.00000000E+0	0.00000000E+0
-2.68554687E-1	-2.47800999E-5	-2.47800999E-5	-2.68554687E-1	0.00000000E+0	0.00000000E+0
-2.66113281E-1	-2.45663996E-5	-2.45663996E-5	-2.66113281E-1	0.00000000E+0	0.00000000E+0
-2.63671875E-1	-2.43525992E-5	-2.43525992E-5	-2.63671875E-1	0.00000000E+0	0.00000000E+0
-2.61230469E-1	-2.41465004E-5	-2.41465004E-5	-2.61230469E-1	0.00000000E+0	0.00000000E+0
-2.58789062E-1	-2.39366000E-5	-2.39366000E-5	-2.58789062E-1	0.00000000E+0	0.00000000E+0
-2.56347656E-1	-2.37342992E-5	-2.37342992E-5	-2.56347656E-1	0.00000000E+0	0.00000000E+0
-2.53906250E-1	-2.35051994E-5	-2.35051994E-5	-2.53906250E-1	0.00000000E+0	0.00000000E+0
-2.51464844E-1	-2.32991006E-5	-2.32991006E-5	-2.51464844E-1	0.00000000E+0	0.00000000E+0
-2.49023437E-1	-2.30854002E-5	-2.30854002E-5	-2.49023437E-1	0.00000000E+0	0.00000000E+0
-2.46582031E-1	-2.28868994E-5	-2.28868994E-5	-2.46582031E-1	0.00000000E+0	0.00000000E+0
-2.44140625E-1	-2.26922002E-5	-2.26922002E-5	-2.44140625E-1	0.00000000E+0	0.00000000E+0
-2.41699219E-1	-2.24746000E-5	-2.24746000E-5	-2.41699219E-1	0.00000000E+0	0.00000000E+0
-2.39257812E-1	-2.22342005E-5	-2.22342005E-5	-2.39257812E-1	0.00000000E+0	0.00000000E+0
-2.36816406E-1	-2.20242000E-5	-2.20242000E-5	-2.36816406E-1	0.00000000E+0	0.00000000E+0
-2.34375000E-1	-2.18066998E-5	-2.18066998E-5	-2.34375000E-1	0.00000000E+0	0.00000000E+0
-2.31933594E-1	-2.15890996E-5	-2.15890996E-5	-2.31933594E-1	0.00000000E+0	0.00000000E+0
-2.29492187E-1	-2.13703006E-5	-2.13703006E-5	-2.29492187E-1	0.00000000E+0	0.00000000E+0
-2.27050781E-1	-2.11539991E-5	-2.11539991E-5	-2.27050781E-1	0.00000000E+0	0.00000000E+0
-2.24609375E-1	-2.09326008E-5	-2.09326008E-5	-2.24609375E-1	0.00000000E+0	0.00000000E+0
-2.22167969E-1	-2.07264002E-5	-2.07264002E-5	-2.22167969E-1	0.00000000E+0	0.00000000E+0
-2.19726562E-1	-2.04898006E-5	-2.04898006E-5	-2.19726562E-1	0.00000000E+0	0.00000000E+0
-2.17285156E-1	-2.02608007E-5	-2.02608007E-5	-2.17285156E-1	0.00000000E+0	0.00000000E+0
-2.14843750E-1	-2.00318009E-5	-2.00318009E-5	-2.14843750E-1	0.00000000E+0	0.00000000E+0
-2.12402344E-1	-1.98180005E-5	-1.98180005E-5	-2.12402344E-1	0.00000000E+0	0.00000000E+0
-2.09960937E-1	-1.96067995E-5	-1.96067995E-5	-2.09960937E-1	0.00000000E+0	0.00000000E+0
-2.07519531E-1	-1.93752003E-5	-1.93752003E-5	-2.07519531E-1	0.00000000E+0	0.00000000E+0
-2.05078125E-1	-1.91513009E-5	-1.91513009E-5	-2.05078125E-1	0.00000000E+0	0.00000000E+0
-2.02636719E-1	-1.89172006E-5	-1.89172006E-5	-2.02636719E-1	0.00000000E+0	0.00000000E+0
-2.00195312E-1	-1.86931993E-5	-1.86931993E-5	-2.00195312E-1	0.00000000E+0	0.00000000E+0
-1.97753906E-1	-1.84782002E-5	-1.84782002E-5	-1.97753906E-1	0.00000000E+0	0.00000000E+0
-1.95312500E-1	-1.82339008E-5	-1.82339008E-5	-1.95312500E-1	0.00000000E+0	0.00000000E+0
-1.92871094E-1	-1.80214993E-5	-1.80214993E-5	-1.92871094E-1	0.00000000E+0	0.00000000E+0
-1.90429687E-1	-1.77950005E-5	-1.77950005E-5	-1.90429687E-1	0.00000000E+0	0.00000000E+0
-1.87988281E-1	-1.75736004E-5	-1.75736004E-5	-1.87988281E-1	0.00000000E+0	0.00000000E+0
-1.85546875E-1	-1.73419994E-5	-1.73419994E-5	-1.85546875E-1	0.00000000E+0	0.00000000E+0
-1.83105469E-1	-1.71155007E-5	-1.71155007E-5	-1.83105469E-1	0.00000000E+0	0.00000000E+0
-1.80664062E-1	-1.68903007E-5	-1.68903007E-5	-1.80664062E-1	0.00000000E+0	0.00000000E+0
-1.78222656E-1	-1.66690006E-5	-1.66690006E-5	-1.78222656E-1	0.00000000E+0	0.00000000E+0
-1.75781250E-1	-1.64361009E-5	-1.64361009E-5	-1.75781250E-1	0.00000000E+0	0.00000000E+0
-1.73339844E-1	-1.62197994E-5	-1.62197994E-5	-1.73339844E-1	0.00000000E+0	0.00000000E+0
-1.70898437E-1	-1.59857009E-5	-1.59857009E-5	-1.70898437E-1	0.00000000E+0	0.00000000E+0
-1.68457031E-1	-1.57623999E-5	-1.57623999E-5	-1.68457031E-1	0.00000000E+0	0.00000000E+0
-1.66015625E-1	-1.55199996E-5	-1.55199996E-5	-1.66015625E-1	0.00000000E+0	0.00000000E+0
-1.63574219E-1	-1.53062992E-5	-1.53062992E-5	-1.63574219E-1	0.00000000E+0	0.00000000E+0
-1.61132812E-1	-1.50773003E-5	-1.50773003E-5	-1.61132812E-1	0.00000000E+0	0.00000000E+0
-1.58691406E-1	-1.48482004E-5	-1.48482004E-5	-1.58691406E-1	0.00000000E+0	0.00000000E+0
-1.56250000E-1	-1.46115999E-5	-1.46115999E-5	-1.56250000E-1	0.00000000E+0	0.00000000E+0
-1.53808594E-1	-1.43978004E-5	-1.43978004E-5	-1.53808594E-1	0.00000000E+0	0.00000000E+0
-1.51367187E-1	-1.41637001E-5	-1.41637001E-5	-1.51367187E-1	0.00000000E+0	0.00000000E+0
-1.48925781E-1	-1.39378999E-5	-1.39378999E-5	-1.48925781E-1	0.00000000E+0	0.00000000E+0
-1.46484375E-1	-1.37108000E-5	-1.37108000E-5	-1.46484375E-1	0.00000000E+0	0.00000000E+0
-1.44042969E-1	-1.34817001E-5	-1.34817001E-5	-1.44042969E-1	0.00000000E+0	0.00000000E+0
-1.41601562E-1	-1.32489004E-5	-1.32489004E-5	-1.41601562E-1	0.00000000E+0	0.00000000E+0
-1.39160156E-1	-1.30285998E-5	-1.30285998E-5	-1.39160156E-1	0.00000000E+0	0.00000000E+0
-1.36718750E-1	-1.28068996E-5	-1.28068996E-5	-1.36718750E-1	0.00000000E+0	0.00000000E+0
-1.34277344E-1	-1.25789002E-5	-1.25789002E-5	-1.34277344E-1	0.00000000E+0	0.00000000E+0
-1.31835937E-1	-1.23440996E-5	-1.23440996E-5	-1.31835937E-1	0.00000000E+0	0.00000000E+0
-1.29394531E-1	-1.21272997E-5	-1.21272997E-5	-1.29394531E-1	0.00000000E+0	0.00000000E+0
-1.26953125E-1	-1.18937996E-5	-1.18937996E-5	-1.26953125E-1	0.00000000E+0	0.00000000E+0
-1.24511719E-1	-1.16731999E-5	-1.16731999E-5	-1.24511719E-1	0.00000000E+0	0.00000000E+0
-1.22070312E-1	-1.14372997E-5	-1.14372997E-5	-1.22070312E-1	0.00000000E+0	0.00000000E+0
-1.19628906E-1	-1.12144999E-5	-1.12144999E-5	-1.19628906E-1	0.00000000E+0	0.00000000E+0
-1.17187500E-1	-1.09787998E-5	-1.09787998E-5	-1.17187500E-1	0.00000000E+0	0.00000000E+0
-1.14746094E-1	-1.07633005E-5	-1.07633005E-5	-1.14746094E-1	0.00000000E+0	0.00000000E+0
-1.12304687E-1	-1.05334002E-5	-1.05334002E-5	-1.12304687E-1	0.00000000E+0	0.00000000E+0
-1.09863281E-1	-1.03114999E-5	-1.03114999E-5	-1.09863281E-1	0.00000000E+0	0.00000000E+0
-1.07421875E-1	-1.00787001E-5	-1.00787001E-5	-1.07421875E-1	0.00000000E+0	0.00000000E+0
-1.04980469E-1	-9.85817042E-6	-9.85817042E-6	-1.04980469E-1	0.00000000E+0	0.00000000E+0
-1.02539062E-1	-9.62117974E-6	-9.62117974E-6	-1.02539062E-1	0.00000000E+0	0.00000000E+0
-1.00097656E-1	-9.39601978E-6	-9.39601978E-6	-1.00097656E-1	0.00000000E+0	0.00000000E+0
-9.76562500E-2	-9.16781028E-6	-9.16781028E-6	-9.76562500E-2	0.00000000E+0	0.00000000E+0
-9.52148438E-2	-8.94417008E-6	-8.94417008E-6	-9.52148438E-2	0.00000000E+0	0.00000000E+0
-9.27734375E-2	-8.72053988E-6	-8.72053988E-6	-9.27734375E-2	0.00000000E+0	0.00000000E+0
-9.03320313E-2	-8.49079970E-6	-8.49079970E-6	-9.03320313E-2	0.00000000E+0	0.00000000E+0
-8.78906250E-2	-8.25496045E-6	-8.25496045E-6	-8.78906250E-2	0.00000000E+0	0.00000000E+0
-8.54492188E-2	-8.03246985E-6	-8.03246985E-6	-8.54492188E-2	0.00000000E+0	0.00000000E+0
-8.30078125E-2	-7.79777019E-6	-7.79777019E-6	-8.30078125E-2	0.00000000E+0	0.00000000E+0
-8.05664063E-2	-7.57184989E-6	-7.57184989E-6	-8.05664063E-2	0.00000000E+0	0.00000000E+0
-7.81250000E-2	-7.33942989E-6	-7.33942989E-6	-7.81250000E-2	0.00000000E+0	0.00000000E+0
-7.56835938E-2	-7.11503981E-6	-7.11503981E-6	-7.56835938E-2	0.00000000E+0	0.00000000E+0
-7.32421875E-2	-6.88567980E-6	-6.88567980E-6	-7.32421875E-2	0.00000000E+0	0.00000000E+0
-7.08007813E-2	-6.66395999E-6	-6.66395999E-6	-7.08007813E-2	0.00000000E+0	0.00000000E+0
-6.83593750E-2	-6.43115982E-6	-6.43115982E-6	-6.83593750E-2	0.00000000E+0	0.00000000E+0
-6.59179688E-2	-6.20828996E-6	-6.20828996E-6	-6.59179688E-2	0.00000000E+0	0.00000000E+0
-6.34765625E-2	-5.97321014E-6	-5.97321014E-6	-6.34765625E-2	0.00000000E+0	0.00000000E+0
-6.10351563E-2	-5.74576006E-6	-5.74576006E-6	-6.10351563E-2	0.00000000E+0	0.00000000E+0
-5.85937500E-2	-5.50991990E-6	-5.50991990E-6	-5.85937500E-2	0.00000000E+0	0.00000000E+0
-5.61523438E-2	-5.28857981E-6	-5.28857981E-6	-5.61523438E-2	0.00000000E+0	0.00000000E+0
-5.37109375E-2	-5.05903017E-6	-5.05903017E-6	-5.37109375E-2	0.00000000E+0	0.00000000E+0
-5.12695313E-2	-4.83233998E-6	-4.83233998E-6	-5.12695313E-2	0.00000000E+0	0.00000000E+0
-4.88281250E-2	-4.59782996E-6	-4.59782996E-6	-4.88281250E-2	0.00000000E+0	0.00000000E+0
-4.63867188E-2	-4.37266999E-6	-4.37266999E-6	-4.63867188E-2	0.00000000E+0	0.00000000E+0
-4.39453125E-2	-4.13759017E-6	-4.13759017E-6	-4.39453125E-2	0.00000000E+0	0.00000000E+0
-4.15039063E-2	-3.91090998E-6	-3.91090998E-6	-4.15039063E-2	0.00000000E+0	0.00000000E+0
-3.90625000E-2	-3.67429993E-6	-3.67429993E-6	-3.90625000E-2	0.00000000E+0	0.00000000E+0
-3.66210938E-2	-3.45104991E-6	-3.45104991E-6	-3.66210938E-2	0.00000000E+0	0.00000000E+0
-3.41796875E-2	-3.22093001E-6	-3.22093001E-6	-3.41796875E-2	0.00000000E+0	0.00000000E+0
-3.17382813E-2	-2.99729004E-6	-2.99729004E-6	-3.17382813E-2	0.00000000E+0	0.00000000E+0
-2.92968750E-2	-2.76106994E-6	-2.76106994E-6	-2.92968750E-2	0.00000000E+0	0.00000000E+0
-2.68554688E-2	-2.53780991E-6	-2.53780991E-6	-2.68554688E-2	0.00000000E+0	0.00000000E+0
-2.44140625E-2	-2.30731007E-6	-2.30731007E-6	-2.44140625E-2	0.00000000E+0	0.00000000E+0
-2.19726563E-2	-2.08023994E-6	-2.08023994E-6	-2.19726563E-2	0.00000000E+0	0.00000000E+0
-1.95312500E-2	-1.84821999E-6	-1.84821999E-6	-1.95312500E-2	0.00000000E+0	0.00000000E+0
-1.70898438E-2	-1.62535002E-6	-1.62535002E-6	-1.70898438E-2	0.00000000E+0	0.00000000E+0
-1.46484375E-2	-1.39636995E-6	-1.39636995E-6	-1.46484375E-2	0.00000000E+0	0.00000000E+0
-1.22070313E-2	-1.17341006E-6	-1.17341006E-6	-1.22070313E-2	0.00000000E+0	0.00000000E+0
-9.76562500E-3	-9.41207986E-7	-9.41207986E-7	-9.76562500E-3	0.00000000E+0	0.00000000E+0
-7.32421875E-3	-7.18983983E-7	-7.18983983E-7	-7.32421875E-3	0.00000000E+0	0.00000000E+0
-4.88281250E-3	-4.88969988E-7	-4.88969988E-7	-4.88281250E-3	0.00000000E+0	0.00000000E+0
-2.44140625E-3	-2.67166001E-7	-2.67166001E-7	-2.44140625E-3	0.00000000E+0	0.00000000E+0
0.00000000E+0	-3.73144005E-8	-3.73144005E-8	0.00000000E+0	0.00000000E+0	0.00000000E+0
