Date: do 28 mrt 2013, Material: Au, Temp: 4.2 K
AO1 - module gain: 1.0E+0, R_out: 0.0
AO2 - module gain: 1.0E+2
MUX1 - ADC gain: 4, logarithmic amplifier: D:\LabVIEW Data\Lithographic MCBJ\MED24_070412.TXT, R_in: 0.000
MUX2 - ADC gain: 4, linear amplifier: 1.000000 x 1e10 V/A, R_in: 1.000
Breaking trace: 15 0
Axis position: -887.498984
Vbias (V)	<I> and Ii MUX1 (A)	Vbias (V)	<I> and Ii MUX2 (A)
@
0.00000000E+0	1.68156003E-10	1.68156003E-10	0.00000000E+0	0.00000000E+0	0.00000000E+0
2.44140625E-3	-1.06486001E-11	-1.06486001E-11	2.44140625E-3	0.00000000E+0	0.00000000E+0
4.88281250E-3	-2.17759994E-11	-2.17759994E-11	4.88281250E-3	0.00000000E+0	0.00000000E+0
7.32421875E-3	-8.88661020E-12	-8.88661020E-12	7.32421875E-3	0.00000000E+0	0.00000000E+0
9.76562500E-3	-1.57048003E-11	-1.57048003E-11	9.76562500E-3	0.00000000E+0	0.00000000E+0
1.22070313E-2	2.04289995E-13	2.04289995E-13	1.22070313E-2	0.00000000E+0	0.00000000E+0
1.46484375E-2	-7.60979994E-12	-7.60979994E-12	1.46484375E-2	0.00000000E+0	0.00000000E+0
1.70898438E-2	3.60061004E-12	3.60061004E-12	1.70898438E-2	0.00000000E+0	0.00000000E+0
1.95312500E-2	-1.02656002E-12	-1.02656002E-12	1.95312500E-2	0.00000000E+0	0.00000000E+0
2.19726563E-2	1.31001000E-11	1.31001000E-11	2.19726563E-2	0.00000000E+0	0.00000000E+0
2.44140625E-2	7.59702978E-12	7.59702978E-12	2.44140625E-2	0.00000000E+0	0.00000000E+0
2.68554688E-2	1.99182996E-11	1.99182996E-11	2.68554688E-2	0.00000000E+0	0.00000000E+0
2.92968750E-2	1.50152998E-11	1.50152998E-11	2.92968750E-2	0.00000000E+0	0.00000000E+0
3.17382813E-2	2.74805994E-11	2.74805994E-11	3.17382813E-2	0.00000000E+0	0.00000000E+0
3.41796875E-2	2.30592004E-11	2.30592004E-11	3.41796875E-2	0.00000000E+0	0.00000000E+0
3.66210938E-2	3.28650995E-11	3.28650995E-11	3.66210938E-2	0.00000000E+0	0.00000000E+0
3.90625000E-2	2.93284008E-11	2.93284008E-11	3.90625000E-2	0.00000000E+0	0.00000000E+0
4.15039063E-2	4.13687001E-11	4.13687001E-11	4.15039063E-2	0.00000000E+0	0.00000000E+0
4.39453125E-2	3.61785012E-11	3.61785012E-11	4.39453125E-2	0.00000000E+0	0.00000000E+0
4.63867188E-2	4.64248986E-11	4.64248986E-11	4.63867188E-2	0.00000000E+0	0.00000000E+0
4.88281250E-2	4.28242997E-11	4.28242997E-11	4.88281250E-2	0.00000000E+0	0.00000000E+0
5.12695313E-2	5.37793005E-11	5.37793005E-11	5.12695313E-2	0.00000000E+0	0.00000000E+0
5.37109375E-2	5.11363001E-11	5.11363001E-11	5.37109375E-2	0.00000000E+0	0.00000000E+0
5.61523438E-2	5.89887028E-11	5.89887028E-11	5.61523438E-2	0.00000000E+0	0.00000000E+0
5.85937500E-2	5.87013979E-11	5.87013979E-11	5.85937500E-2	0.00000000E+0	0.00000000E+0
6.10351563E-2	7.00203992E-11	7.00203992E-11	6.10351563E-2	0.00000000E+0	0.00000000E+0
6.34765625E-2	6.85903973E-11	6.85903973E-11	6.34765625E-2	0.00000000E+0	0.00000000E+0
6.59179688E-2	7.41572984E-11	7.41572984E-11	6.59179688E-2	0.00000000E+0	0.00000000E+0
6.83593750E-2	7.41572984E-11	7.41572984E-11	6.83593750E-2	0.00000000E+0	0.00000000E+0
7.08007813E-2	8.35954986E-11	8.35954986E-11	7.08007813E-2	0.00000000E+0	0.00000000E+0
7.32421875E-2	8.34078015E-11	8.34078015E-11	7.32421875E-2	0.00000000E+0	0.00000000E+0
7.56835938E-2	9.19559984E-11	9.19559984E-11	7.56835938E-2	0.00000000E+0	0.00000000E+0
7.81250000E-2	9.40564016E-11	9.40564016E-11	7.81250000E-2	0.00000000E+0	0.00000000E+0
8.05664063E-2	1.05604997E-10	1.05604997E-10	8.05664063E-2	0.00000000E+0	0.00000000E+0
8.30078125E-2	1.06255997E-10	1.06255997E-10	8.30078125E-2	0.00000000E+0	0.00000000E+0
8.54492188E-2	1.12033001E-10	1.12033001E-10	8.54492188E-2	0.00000000E+0	0.00000000E+0
8.78906250E-2	1.12652998E-10	1.12652998E-10	8.78906250E-2	0.00000000E+0	0.00000000E+0
9.03320313E-2	1.19784002E-10	1.19784002E-10	9.03320313E-2	0.00000000E+0	0.00000000E+0
9.27734375E-2	1.22879998E-10	1.22879998E-10	9.27734375E-2	0.00000000E+0	0.00000000E+0
9.52148438E-2	1.28396002E-10	1.28396002E-10	9.52148438E-2	0.00000000E+0	0.00000000E+0
9.76562500E-2	1.31230998E-10	1.31230998E-10	9.76562500E-2	0.00000000E+0	0.00000000E+0
1.00097656E-1	1.39121006E-10	1.39121006E-10	1.00097656E-1	0.00000000E+0	0.00000000E+0
1.02539062E-1	1.39427997E-10	1.39427997E-10	1.02539062E-1	0.00000000E+0	0.00000000E+0
1.04980469E-1	1.44714005E-10	1.44714005E-10	1.04980469E-1	0.00000000E+0	0.00000000E+0
1.07421875E-1	1.47165002E-10	1.47165002E-10	1.07421875E-1	0.00000000E+0	0.00000000E+0
1.09863281E-1	1.53953003E-10	1.53953003E-10	1.09863281E-1	0.00000000E+0	0.00000000E+0
1.12304687E-1	1.56357996E-10	1.56357996E-10	1.12304687E-1	0.00000000E+0	0.00000000E+0
1.14746094E-1	1.58579996E-10	1.58579996E-10	1.14746094E-1	0.00000000E+0	0.00000000E+0
1.17187500E-1	1.57584001E-10	1.57584001E-10	1.17187500E-1	0.00000000E+0	0.00000000E+0
1.19628906E-1	1.59345995E-10	1.59345995E-10	1.19628906E-1	0.00000000E+0	0.00000000E+0
1.22070312E-1	1.55630994E-10	1.55630994E-10	1.22070312E-1	0.00000000E+0	0.00000000E+0
1.24511719E-1	1.51264001E-10	1.51264001E-10	1.24511719E-1	0.00000000E+0	0.00000000E+0
1.26953125E-1	1.46208004E-10	1.46208004E-10	1.26953125E-1	0.00000000E+0	0.00000000E+0
1.29394531E-1	1.47394999E-10	1.47394999E-10	1.29394531E-1	0.00000000E+0	0.00000000E+0
1.31835937E-1	1.49118995E-10	1.49118995E-10	1.31835937E-1	0.00000000E+0	0.00000000E+0
1.34277344E-1	1.49521007E-10	1.49521007E-10	1.34277344E-1	0.00000000E+0	0.00000000E+0
1.36718750E-1	1.52221999E-10	1.52221999E-10	1.36718750E-1	0.00000000E+0	0.00000000E+0
1.39160156E-1	1.55286006E-10	1.55286006E-10	1.39160156E-1	0.00000000E+0	0.00000000E+0
1.41601562E-1	1.58145996E-10	1.58145996E-10	1.41601562E-1	0.00000000E+0	0.00000000E+0
1.44042969E-1	1.61121005E-10	1.61121005E-10	1.44042969E-1	0.00000000E+0	0.00000000E+0
1.46484375E-1	1.64427999E-10	1.64427999E-10	1.46484375E-1	0.00000000E+0	0.00000000E+0
1.48925781E-1	1.66776995E-10	1.66776995E-10	1.48925781E-1	0.00000000E+0	0.00000000E+0
1.51367187E-1	1.69229006E-10	1.69229006E-10	1.51367187E-1	0.00000000E+0	0.00000000E+0
1.53808594E-1	1.69704001E-10	1.69704001E-10	1.53808594E-1	0.00000000E+0	0.00000000E+0
1.56250000E-1	1.72420994E-10	1.72420994E-10	1.56250000E-1	0.00000000E+0	0.00000000E+0
1.58691406E-1	1.80899004E-10	1.80899004E-10	1.58691406E-1	0.00000000E+0	0.00000000E+0
1.61132812E-1	1.84351007E-10	1.84351007E-10	1.61132812E-1	0.00000000E+0	0.00000000E+0
1.63574219E-1	1.87027005E-10	1.87027005E-10	1.63574219E-1	0.00000000E+0	0.00000000E+0
1.66015625E-1	1.91522007E-10	1.91522007E-10	1.66015625E-1	0.00000000E+0	0.00000000E+0
1.68457031E-1	1.93284000E-10	1.93284000E-10	1.68457031E-1	0.00000000E+0	0.00000000E+0
1.70898437E-1	1.97793004E-10	1.97793004E-10	1.70898437E-1	0.00000000E+0	0.00000000E+0
1.73339844E-1	2.00561998E-10	2.00561998E-10	1.73339844E-1	0.00000000E+0	0.00000000E+0
1.75781250E-1	2.03012995E-10	2.03012995E-10	1.75781250E-1	0.00000000E+0	0.00000000E+0
1.78222656E-1	2.07226999E-10	2.07226999E-10	1.78222656E-1	0.00000000E+0	0.00000000E+0
1.80664062E-1	2.12001999E-10	2.12001999E-10	1.80664062E-1	0.00000000E+0	0.00000000E+0
1.83105469E-1	2.12972001E-10	2.12972001E-10	1.83105469E-1	0.00000000E+0	0.00000000E+0
1.85546875E-1	2.16841003E-10	2.16841003E-10	1.85546875E-1	0.00000000E+0	0.00000000E+0
1.87988281E-1	2.19599006E-10	2.19599006E-10	1.87988281E-1	0.00000000E+0	0.00000000E+0
1.90429687E-1	2.24502000E-10	2.24502000E-10	1.90429687E-1	0.00000000E+0	0.00000000E+0
1.92871094E-1	2.25152993E-10	2.25152993E-10	1.92871094E-1	0.00000000E+0	0.00000000E+0
1.95312500E-1	2.29034999E-10	2.29034999E-10	1.95312500E-1	0.00000000E+0	0.00000000E+0
1.97753906E-1	2.35163000E-10	2.35163000E-10	1.97753906E-1	0.00000000E+0	0.00000000E+0
2.00195312E-1	2.38483011E-10	2.38483011E-10	2.00195312E-1	0.00000000E+0	0.00000000E+0
2.02636719E-1	2.39171988E-10	2.39171988E-10	2.02636719E-1	0.00000000E+0	0.00000000E+0
2.05078125E-1	2.42518006E-10	2.42518006E-10	2.05078125E-1	0.00000000E+0	0.00000000E+0
2.07519531E-1	2.45338999E-10	2.45338999E-10	2.07519531E-1	0.00000000E+0	0.00000000E+0
2.09960937E-1	2.49017001E-10	2.49017001E-10	2.09960937E-1	0.00000000E+0	0.00000000E+0
2.12402344E-1	2.48902010E-10	2.48902010E-10	2.12402344E-1	0.00000000E+0	0.00000000E+0
2.14843750E-1	2.55968996E-10	2.55968996E-10	2.14843750E-1	0.00000000E+0	0.00000000E+0
2.17285156E-1	2.58171012E-10	2.58171012E-10	2.17285156E-1	0.00000000E+0	0.00000000E+0
2.19726562E-1	2.62002003E-10	2.62002003E-10	2.19726562E-1	0.00000000E+0	0.00000000E+0
2.22167969E-1	2.59932992E-10	2.59932992E-10	2.22167969E-1	0.00000000E+0	0.00000000E+0
2.24609375E-1	2.64452987E-10	2.64452987E-10	2.24609375E-1	0.00000000E+0	0.00000000E+0
2.27050781E-1	2.65167999E-10	2.65167999E-10	2.27050781E-1	0.00000000E+0	0.00000000E+0
2.29492187E-1	2.70070993E-10	2.70070993E-10	2.29492187E-1	0.00000000E+0	0.00000000E+0
2.31933594E-1	2.68819994E-10	2.68819994E-10	2.31933594E-1	0.00000000E+0	0.00000000E+0
2.34375000E-1	2.72573991E-10	2.72573991E-10	2.34375000E-1	0.00000000E+0	0.00000000E+0
2.36816406E-1	2.74718998E-10	2.74718998E-10	2.36816406E-1	0.00000000E+0	0.00000000E+0
2.39257812E-1	2.78703005E-10	2.78703005E-10	2.39257812E-1	0.00000000E+0	0.00000000E+0
2.41699219E-1	2.71986988E-10	2.71986988E-10	2.41699219E-1	0.00000000E+0	0.00000000E+0
2.44140625E-1	2.76978995E-10	2.76978995E-10	2.44140625E-1	0.00000000E+0	0.00000000E+0
2.46582031E-1	2.75944989E-10	2.75944989E-10	2.46582031E-1	0.00000000E+0	0.00000000E+0
2.49023437E-1	2.78779000E-10	2.78779000E-10	2.49023437E-1	0.00000000E+0	0.00000000E+0
2.51464844E-1	2.70070993E-10	2.70070993E-10	2.51464844E-1	0.00000000E+0	0.00000000E+0
2.53906250E-1	2.78855994E-10	2.78855994E-10	2.53906250E-1	0.00000000E+0	0.00000000E+0
2.56347656E-1	2.76978995E-10	2.76978995E-10	2.56347656E-1	0.00000000E+0	0.00000000E+0
2.58789062E-1	2.83146007E-10	2.83146007E-10	2.58789062E-1	0.00000000E+0	0.00000000E+0
2.61230469E-1	2.80004991E-10	2.80004991E-10	2.61230469E-1	0.00000000E+0	0.00000000E+0
2.63671875E-1	2.90806990E-10	2.90806990E-10	2.63671875E-1	0.00000000E+0	0.00000000E+0
2.66113281E-1	2.87513013E-10	2.87513013E-10	2.66113281E-1	0.00000000E+0	0.00000000E+0
2.68554687E-1	2.92275010E-10	2.92275010E-10	2.68554687E-1	0.00000000E+0	0.00000000E+0
2.70996094E-1	2.86900004E-10	2.86900004E-10	2.70996094E-1	0.00000000E+0	0.00000000E+0
2.73437500E-1	2.96296987E-10	2.96296987E-10	2.73437500E-1	0.00000000E+0	0.00000000E+0
2.75878906E-1	2.96093011E-10	2.96093011E-10	2.75878906E-1	0.00000000E+0	0.00000000E+0
2.78320312E-1	3.02604997E-10	3.02604997E-10	2.78320312E-1	0.00000000E+0	0.00000000E+0
2.80761719E-1	2.98543995E-10	2.98543995E-10	2.80761719E-1	0.00000000E+0	0.00000000E+0
2.83203125E-1	3.07506992E-10	3.07506992E-10	2.83203125E-1	0.00000000E+0	0.00000000E+0
2.85644531E-1	3.03101988E-10	3.03101988E-10	2.85644531E-1	0.00000000E+0	0.00000000E+0
2.88085937E-1	3.11184994E-10	3.11184994E-10	2.88085937E-1	0.00000000E+0	0.00000000E+0
2.90527344E-1	3.02604997E-10	3.02604997E-10	2.90527344E-1	0.00000000E+0	0.00000000E+0
2.92968750E-1	3.16087989E-10	3.16087989E-10	2.92968750E-1	0.00000000E+0	0.00000000E+0
2.95410156E-1	3.13482990E-10	3.13482990E-10	2.95410156E-1	0.00000000E+0	0.00000000E+0
2.97851562E-1	3.22216004E-10	3.22216004E-10	2.97851562E-1	0.00000000E+0	0.00000000E+0
3.00292969E-1	3.14019005E-10	3.14019005E-10	3.00292969E-1	0.00000000E+0	0.00000000E+0
3.02734375E-1	3.24361010E-10	3.24361010E-10	3.02734375E-1	0.00000000E+0	0.00000000E+0
3.05175781E-1	3.17007004E-10	3.17007004E-10	3.05175781E-1	0.00000000E+0	0.00000000E+0
3.07617187E-1	3.28677002E-10	3.28677002E-10	3.07617187E-1	0.00000000E+0	0.00000000E+0
3.10058594E-1	3.20684007E-10	3.20684007E-10	3.10058594E-1	0.00000000E+0	0.00000000E+0
3.12500000E-1	3.33631012E-10	3.33631012E-10	3.12500000E-1	0.00000000E+0	0.00000000E+0
3.14941406E-1	3.30337008E-10	3.30337008E-10	3.14941406E-1	0.00000000E+0	0.00000000E+0
3.17382812E-1	3.42746997E-10	3.42746997E-10	3.17382812E-1	0.00000000E+0	0.00000000E+0
3.19824219E-1	3.30974997E-10	3.30974997E-10	3.19824219E-1	0.00000000E+0	0.00000000E+0
3.22265625E-1	3.44100998E-10	3.44100998E-10	3.22265625E-1	0.00000000E+0	0.00000000E+0
3.24707031E-1	3.37078004E-10	3.37078004E-10	3.24707031E-1	0.00000000E+0	0.00000000E+0
3.27148437E-1	3.48377993E-10	3.48377993E-10	3.27148437E-1	0.00000000E+0	0.00000000E+0
3.29589844E-1	3.40717010E-10	3.40717010E-10	3.29589844E-1	0.00000000E+0	0.00000000E+0
3.32031250E-1	3.54212992E-10	3.54212992E-10	3.32031250E-1	0.00000000E+0	0.00000000E+0
3.34472656E-1	3.45811990E-10	3.45811990E-10	3.34472656E-1	0.00000000E+0	0.00000000E+0
3.36914062E-1	3.58989005E-10	3.58989005E-10	3.36914062E-1	0.00000000E+0	0.00000000E+0
3.39355469E-1	3.48684998E-10	3.48684998E-10	3.39355469E-1	0.00000000E+0	0.00000000E+0
3.41796875E-1	3.61324998E-10	3.61324998E-10	3.41796875E-1	0.00000000E+0	0.00000000E+0
3.44238281E-1	3.53779006E-10	3.53779006E-10	3.44238281E-1	0.00000000E+0	0.00000000E+0
3.46679687E-1	3.64146990E-10	3.64146990E-10	3.46679687E-1	0.00000000E+0	0.00000000E+0
3.49121094E-1	3.55311003E-10	3.55311003E-10	3.49121094E-1	0.00000000E+0	0.00000000E+0
3.51562500E-1	3.67159997E-10	3.67159997E-10	3.51562500E-1	0.00000000E+0	0.00000000E+0
3.54003906E-1	3.63278990E-10	3.63278990E-10	3.54003906E-1	0.00000000E+0	0.00000000E+0
3.56445312E-1	3.73544001E-10	3.73544001E-10	3.56445312E-1	0.00000000E+0	0.00000000E+0
3.58886719E-1	3.68142988E-10	3.68142988E-10	3.58886719E-1	0.00000000E+0	0.00000000E+0
3.61328125E-1	3.77067988E-10	3.77067988E-10	3.61328125E-1	0.00000000E+0	0.00000000E+0
3.63769531E-1	3.74310000E-10	3.74310000E-10	3.63769531E-1	0.00000000E+0	0.00000000E+0
3.66210937E-1	3.85725007E-10	3.85725007E-10	3.66210937E-1	0.00000000E+0	0.00000000E+0
3.68652344E-1	3.79212994E-10	3.79212994E-10	3.68652344E-1	0.00000000E+0	0.00000000E+0
3.71093750E-1	3.84039994E-10	3.84039994E-10	3.71093750E-1	0.00000000E+0	0.00000000E+0
3.73535156E-1	3.82660986E-10	3.82660986E-10	3.73535156E-1	0.00000000E+0	0.00000000E+0
3.75976562E-1	3.89517002E-10	3.89517002E-10	3.75976562E-1	0.00000000E+0	0.00000000E+0
3.78417969E-1	3.86759014E-10	3.86759014E-10	3.78417969E-1	0.00000000E+0	0.00000000E+0
3.80859375E-1	3.93768990E-10	3.93768990E-10	3.80859375E-1	0.00000000E+0	0.00000000E+0
3.83300781E-1	3.92773009E-10	3.92773009E-10	3.83300781E-1	0.00000000E+0	0.00000000E+0
3.85742187E-1	3.97982008E-10	3.97982008E-10	3.85742187E-1	0.00000000E+0	0.00000000E+0
3.88183594E-1	3.96603000E-10	3.96603000E-10	3.88183594E-1	0.00000000E+0	0.00000000E+0
3.90625000E-1	3.99821010E-10	3.99821010E-10	3.90625000E-1	0.00000000E+0	0.00000000E+0
3.93066406E-1	4.04724004E-10	4.04724004E-10	3.93066406E-1	0.00000000E+0	0.00000000E+0
3.95507812E-1	4.06025991E-10	4.06025991E-10	3.95507812E-1	0.00000000E+0	0.00000000E+0
3.97949219E-1	4.08764994E-10	4.08764994E-10	3.97949219E-1	0.00000000E+0	0.00000000E+0
4.00390625E-1	4.10546014E-10	4.10546014E-10	4.00390625E-1	0.00000000E+0	0.00000000E+0
4.02832031E-1	4.12538004E-10	4.12538004E-10	4.02832031E-1	0.00000000E+0	0.00000000E+0
4.05273437E-1	4.14810991E-10	4.14810991E-10	4.05273437E-1	0.00000000E+0	0.00000000E+0
4.07714844E-1	4.15449009E-10	4.15449009E-10	4.07714844E-1	0.00000000E+0	0.00000000E+0
4.10156250E-1	4.18016011E-10	4.18016011E-10	4.10156250E-1	0.00000000E+0	0.00000000E+0
4.12597656E-1	4.23014013E-10	4.23014013E-10	4.12597656E-1	0.00000000E+0	0.00000000E+0
4.15039062E-1	4.23014013E-10	4.23014013E-10	4.15039062E-1	0.00000000E+0	0.00000000E+0
4.17480469E-1	4.26328001E-10	4.26328001E-10	4.17480469E-1	0.00000000E+0	0.00000000E+0
4.19921875E-1	4.27093999E-10	4.27093999E-10	4.19921875E-1	0.00000000E+0	0.00000000E+0
4.22363281E-1	4.33299008E-10	4.33299008E-10	4.22363281E-1	0.00000000E+0	0.00000000E+0
4.24804687E-1	4.32878011E-10	4.32878011E-10	4.24804687E-1	0.00000000E+0	0.00000000E+0
4.27246094E-1	4.36133990E-10	4.36133990E-10	4.27246094E-1	0.00000000E+0	0.00000000E+0
4.29687500E-1	4.34983993E-10	4.34983993E-10	4.29687500E-1	0.00000000E+0	0.00000000E+0
4.32128906E-1	4.45785991E-10	4.45785991E-10	4.32128906E-1	0.00000000E+0	0.00000000E+0
4.34570312E-1	4.45785991E-10	4.45785991E-10	4.34570312E-1	0.00000000E+0	0.00000000E+0
4.37011719E-1	4.51378990E-10	4.51378990E-10	4.37011719E-1	0.00000000E+0	0.00000000E+0
4.39453125E-1	4.50038007E-10	4.50038007E-10	4.39453125E-1	0.00000000E+0	0.00000000E+0
4.41894531E-1	4.57392013E-10	4.57392013E-10	4.41894531E-1	0.00000000E+0	0.00000000E+0
4.44335937E-1	4.57392013E-10	4.57392013E-10	4.44335937E-1	0.00000000E+0	0.00000000E+0
4.46777344E-1	4.61261002E-10	4.61261002E-10	4.46777344E-1	0.00000000E+0	0.00000000E+0
4.49218750E-1	4.60264993E-10	4.60264993E-10	4.49218750E-1	0.00000000E+0	0.00000000E+0
4.51660156E-1	4.68691974E-10	4.68691974E-10	4.51660156E-1	0.00000000E+0	0.00000000E+0
4.54101562E-1	4.67619998E-10	4.67619998E-10	4.54101562E-1	0.00000000E+0	0.00000000E+0
4.56542969E-1	4.73594997E-10	4.73594997E-10	4.56542969E-1	0.00000000E+0	0.00000000E+0
4.58984375E-1	4.70301020E-10	4.70301020E-10	4.58984375E-1	0.00000000E+0	0.00000000E+0
4.61425781E-1	4.79033979E-10	4.79033979E-10	4.61425781E-1	0.00000000E+0	0.00000000E+0
4.63867187E-1	4.76888973E-10	4.76888973E-10	4.63867187E-1	0.00000000E+0	0.00000000E+0
4.66308594E-1	4.85163021E-10	4.85163021E-10	4.66308594E-1	0.00000000E+0	0.00000000E+0
4.68750000E-1	4.81178986E-10	4.81178986E-10	4.68750000E-1	0.00000000E+0	0.00000000E+0
4.71191406E-1	4.96501007E-10	4.96501007E-10	4.71191406E-1	0.00000000E+0	0.00000000E+0
4.73632812E-1	4.92824004E-10	4.92824004E-10	4.73632812E-1	0.00000000E+0	0.00000000E+0
4.76074219E-1	4.97114017E-10	4.97114017E-10	4.76074219E-1	0.00000000E+0	0.00000000E+0
4.78515625E-1	4.96883978E-10	4.96883978E-10	4.78515625E-1	0.00000000E+0	0.00000000E+0
4.80957031E-1	5.04238984E-10	5.04238984E-10	4.80957031E-1	0.00000000E+0	0.00000000E+0
4.83398437E-1	5.02323017E-10	5.02323017E-10	4.83398437E-1	0.00000000E+0	0.00000000E+0
4.85839844E-1	5.08146025E-10	5.08146025E-10	4.85839844E-1	0.00000000E+0	0.00000000E+0
4.88281250E-1	5.05579023E-10	5.05579023E-10	4.88281250E-1	0.00000000E+0	0.00000000E+0
4.90722656E-1	5.18334986E-10	5.18334986E-10	4.90722656E-1	0.00000000E+0	0.00000000E+0
4.93164062E-1	5.14121024E-10	5.14121024E-10	4.93164062E-1	0.00000000E+0	0.00000000E+0
4.90722656E-1	4.68691974E-10	4.68691974E-10	4.90722656E-1	0.00000000E+0	0.00000000E+0
4.88281250E-1	4.81332973E-10	4.81332973E-10	4.88281250E-1	0.00000000E+0	0.00000000E+0
4.85839844E-1	4.55975008E-10	4.55975008E-10	4.85839844E-1	0.00000000E+0	0.00000000E+0
4.83398437E-1	4.65781025E-10	4.65781025E-10	4.83398437E-1	0.00000000E+0	0.00000000E+0
4.80957031E-1	4.46928994E-10	4.46928994E-10	4.80957031E-1	0.00000000E+0	0.00000000E+0
4.78515625E-1	4.58273003E-10	4.58273003E-10	4.78515625E-1	0.00000000E+0	0.00000000E+0
4.76074219E-1	4.35827013E-10	4.35827013E-10	4.76074219E-1	0.00000000E+0	0.00000000E+0
4.73632812E-1	4.47816006E-10	4.47816006E-10	4.73632812E-1	0.00000000E+0	0.00000000E+0
4.71191406E-1	4.32533009E-10	4.32533009E-10	4.71191406E-1	0.00000000E+0	0.00000000E+0
4.68750000E-1	4.39236009E-10	4.39236009E-10	4.68750000E-1	0.00000000E+0	0.00000000E+0
4.66308594E-1	4.20965013E-10	4.20965013E-10	4.66308594E-1	0.00000000E+0	0.00000000E+0
4.63867187E-1	4.28090008E-10	4.28090008E-10	4.63867187E-1	0.00000000E+0	0.00000000E+0
4.61425781E-1	4.15449009E-10	4.15449009E-10	4.61425781E-1	0.00000000E+0	0.00000000E+0
4.58984375E-1	4.20965013E-10	4.20965013E-10	4.58984375E-1	0.00000000E+0	0.00000000E+0
4.56542969E-1	4.09498990E-10	4.09498990E-10	4.56542969E-1	0.00000000E+0	0.00000000E+0
4.54101562E-1	4.13917012E-10	4.13917012E-10	4.54101562E-1	0.00000000E+0	0.00000000E+0
4.51660156E-1	4.06025991E-10	4.06025991E-10	4.51660156E-1	0.00000000E+0	0.00000000E+0
4.49218750E-1	4.09498990E-10	4.09498990E-10	4.49218750E-1	0.00000000E+0	0.00000000E+0
4.46777344E-1	3.98390987E-10	3.98390987E-10	4.46777344E-1	0.00000000E+0	0.00000000E+0
4.44335937E-1	4.00050992E-10	4.00050992E-10	4.44335937E-1	0.00000000E+0	0.00000000E+0
4.41894531E-1	3.91853994E-10	3.91853994E-10	4.41894531E-1	0.00000000E+0	0.00000000E+0
4.39453125E-1	3.92773009E-10	3.92773009E-10	4.39453125E-1	0.00000000E+0	0.00000000E+0
4.37011719E-1	3.86337989E-10	3.86337989E-10	4.37011719E-1	0.00000000E+0	0.00000000E+0
4.34570312E-1	3.87947008E-10	3.87947008E-10	4.34570312E-1	0.00000000E+0	0.00000000E+0
4.32128906E-1	3.82583992E-10	3.82583992E-10	4.32128906E-1	0.00000000E+0	0.00000000E+0
4.29687500E-1	3.81665005E-10	3.81665005E-10	4.29687500E-1	0.00000000E+0	0.00000000E+0
4.27246094E-1	3.75306008E-10	3.75306008E-10	4.27246094E-1	0.00000000E+0	0.00000000E+0
4.24804687E-1	3.71194991E-10	3.71194991E-10	4.24804687E-1	0.00000000E+0	0.00000000E+0
4.22363281E-1	3.71067010E-10	3.71067010E-10	4.22363281E-1	0.00000000E+0	0.00000000E+0
4.19921875E-1	3.68335001E-10	3.68335001E-10	4.19921875E-1	0.00000000E+0	0.00000000E+0
4.17480469E-1	3.66726011E-10	3.66726011E-10	4.17480469E-1	0.00000000E+0	0.00000000E+0
4.15039062E-1	3.62781000E-10	3.62781000E-10	4.15039062E-1	0.00000000E+0	0.00000000E+0
4.12597656E-1	3.60213998E-10	3.60213998E-10	4.12597656E-1	0.00000000E+0	0.00000000E+0
4.10156250E-1	3.57302993E-10	3.57302993E-10	4.10156250E-1	0.00000000E+0	0.00000000E+0
4.07714844E-1	3.55694002E-10	3.55694002E-10	4.07714844E-1	0.00000000E+0	0.00000000E+0
4.05273437E-1	3.51481011E-10	3.51481011E-10	4.05273437E-1	0.00000000E+0	0.00000000E+0
4.02832031E-1	3.50102003E-10	3.50102003E-10	4.02832031E-1	0.00000000E+0	0.00000000E+0
4.00390625E-1	3.47305990E-10	3.47305990E-10	4.00390625E-1	0.00000000E+0	0.00000000E+0
3.97949219E-1	3.46731005E-10	3.46731005E-10	3.97949219E-1	0.00000000E+0	0.00000000E+0
3.95507812E-1	3.42211010E-10	3.42211010E-10	3.95507812E-1	0.00000000E+0	0.00000000E+0
3.93066406E-1	3.43589990E-10	3.43589990E-10	3.93066406E-1	0.00000000E+0	0.00000000E+0
3.90625000E-1	3.38074013E-10	3.38074013E-10	3.90625000E-1	0.00000000E+0	0.00000000E+0
3.88183594E-1	3.38572004E-10	3.38572004E-10	3.88183594E-1	0.00000000E+0	0.00000000E+0
3.85742187E-1	3.31103006E-10	3.31103006E-10	3.85742187E-1	0.00000000E+0	0.00000000E+0
3.83300781E-1	3.35105999E-10	3.35105999E-10	3.83300781E-1	0.00000000E+0	0.00000000E+0
3.80859375E-1	3.27834010E-10	3.27834010E-10	3.80859375E-1	0.00000000E+0	0.00000000E+0
3.78417969E-1	3.30183991E-10	3.30183991E-10	3.78417969E-1	0.00000000E+0	0.00000000E+0
3.75976562E-1	3.21296989E-10	3.21296989E-10	3.75976562E-1	0.00000000E+0	0.00000000E+0
3.73535156E-1	3.25739991E-10	3.25739991E-10	3.73535156E-1	0.00000000E+0	0.00000000E+0
3.71093750E-1	3.18793991E-10	3.18793991E-10	3.71093750E-1	0.00000000E+0	0.00000000E+0
3.68652344E-1	3.21144000E-10	3.21144000E-10	3.68652344E-1	0.00000000E+0	0.00000000E+0
3.66210937E-1	3.13636006E-10	3.13636006E-10	3.66210937E-1	0.00000000E+0	0.00000000E+0
3.63769531E-1	3.18539001E-10	3.18539001E-10	3.63769531E-1	0.00000000E+0	0.00000000E+0
3.61328125E-1	3.07967013E-10	3.07967013E-10	3.61328125E-1	0.00000000E+0	0.00000000E+0
3.58886719E-1	3.12870008E-10	3.12870008E-10	3.58886719E-1	0.00000000E+0	0.00000000E+0
3.56445312E-1	3.03957998E-10	3.03957998E-10	3.56445312E-1	0.00000000E+0	0.00000000E+0
3.54003906E-1	3.08656989E-10	3.08656989E-10	3.54003906E-1	0.00000000E+0	0.00000000E+0
3.51562500E-1	2.99847008E-10	2.99847008E-10	3.51562500E-1	0.00000000E+0	0.00000000E+0
3.49121094E-1	3.04673009E-10	3.04673009E-10	3.49121094E-1	0.00000000E+0	0.00000000E+0
3.46679687E-1	2.95786007E-10	2.95786007E-10	3.46679687E-1	0.00000000E+0	0.00000000E+0
3.44238281E-1	3.00785008E-10	3.00785008E-10	3.44238281E-1	0.00000000E+0	0.00000000E+0
3.41796875E-1	2.91994012E-10	2.91994012E-10	3.41796875E-1	0.00000000E+0	0.00000000E+0
3.39355469E-1	2.96398989E-10	2.96398989E-10	3.39355469E-1	0.00000000E+0	0.00000000E+0
3.36914062E-1	2.85751006E-10	2.85751006E-10	3.36914062E-1	0.00000000E+0	0.00000000E+0
3.34472656E-1	2.92416008E-10	2.92416008E-10	3.34472656E-1	0.00000000E+0	0.00000000E+0
3.32031250E-1	2.83529006E-10	2.83529006E-10	3.32031250E-1	0.00000000E+0	0.00000000E+0
3.29589844E-1	2.88967988E-10	2.88967988E-10	3.29589844E-1	0.00000000E+0	0.00000000E+0
3.27148437E-1	2.78703005E-10	2.78703005E-10	3.27148437E-1	0.00000000E+0	0.00000000E+0
3.24707031E-1	2.83298995E-10	2.83298995E-10	3.24707031E-1	0.00000000E+0	0.00000000E+0
3.22265625E-1	2.73110007E-10	2.73110007E-10	3.22265625E-1	0.00000000E+0	0.00000000E+0
3.19824219E-1	2.78703005E-10	2.78703005E-10	3.19824219E-1	0.00000000E+0	0.00000000E+0
3.17382812E-1	2.70275996E-10	2.70275996E-10	3.17382812E-1	0.00000000E+0	0.00000000E+0
3.14941406E-1	2.75944989E-10	2.75944989E-10	3.14941406E-1	0.00000000E+0	0.00000000E+0
3.12500000E-1	2.65679007E-10	2.65679007E-10	3.12500000E-1	0.00000000E+0	0.00000000E+0
3.10058594E-1	2.70965000E-10	2.70965000E-10	3.10058594E-1	0.00000000E+0	0.00000000E+0
3.07617187E-1	2.62256994E-10	2.62256994E-10	3.07617187E-1	0.00000000E+0	0.00000000E+0
3.05175781E-1	2.65870992E-10	2.65870992E-10	3.05175781E-1	0.00000000E+0	0.00000000E+0
3.02734375E-1	2.54954002E-10	2.54954002E-10	3.02734375E-1	0.00000000E+0	0.00000000E+0
3.00292969E-1	2.60163002E-10	2.60163002E-10	3.00292969E-1	0.00000000E+0	0.00000000E+0
2.97851562E-1	2.51226012E-10	2.51226012E-10	2.97851562E-1	0.00000000E+0	0.00000000E+0
2.95410156E-1	2.57711991E-10	2.57711991E-10	2.95410156E-1	0.00000000E+0	0.00000000E+0
2.92968750E-1	2.48902010E-10	2.48902010E-10	2.92968750E-1	0.00000000E+0	0.00000000E+0
2.90527344E-1	2.54954002E-10	2.54954002E-10	2.90527344E-1	0.00000000E+0	0.00000000E+0
2.88085937E-1	2.45626991E-10	2.45626991E-10	2.88085937E-1	0.00000000E+0	0.00000000E+0
2.85644531E-1	2.49017001E-10	2.49017001E-10	2.85644531E-1	0.00000000E+0	0.00000000E+0
2.83203125E-1	2.40653997E-10	2.40653997E-10	2.83203125E-1	0.00000000E+0	0.00000000E+0
2.80761719E-1	2.45626991E-10	2.45626991E-10	2.80761719E-1	0.00000000E+0	0.00000000E+0
2.78320312E-1	2.38227993E-10	2.38227993E-10	2.78320312E-1	0.00000000E+0	0.00000000E+0
2.75878906E-1	2.41776987E-10	2.41776987E-10	2.75878906E-1	0.00000000E+0	0.00000000E+0
2.73437500E-1	2.34704006E-10	2.34704006E-10	2.73437500E-1	0.00000000E+0	0.00000000E+0
2.70996094E-1	2.39326003E-10	2.39326003E-10	2.70996094E-1	0.00000000E+0	0.00000000E+0
2.68554687E-1	2.30898994E-10	2.30898994E-10	2.68554687E-1	0.00000000E+0	0.00000000E+0
2.66113281E-1	2.34806008E-10	2.34806008E-10	2.66113281E-1	0.00000000E+0	0.00000000E+0
2.63671875E-1	2.27527996E-10	2.27527996E-10	2.63671875E-1	0.00000000E+0	0.00000000E+0
2.61230469E-1	2.31817995E-10	2.31817995E-10	2.61230469E-1	0.00000000E+0	0.00000000E+0
2.58789062E-1	2.24259000E-10	2.24259000E-10	2.58789062E-1	0.00000000E+0	0.00000000E+0
2.56347656E-1	2.27273006E-10	2.27273006E-10	2.56347656E-1	0.00000000E+0	0.00000000E+0
2.53906250E-1	2.20388000E-10	2.20388000E-10	2.53906250E-1	0.00000000E+0	0.00000000E+0
2.51464844E-1	2.23850993E-10	2.23850993E-10	2.51464844E-1	0.00000000E+0	0.00000000E+0
2.49023437E-1	2.16036994E-10	2.16036994E-10	2.49023437E-1	0.00000000E+0	0.00000000E+0
2.46582031E-1	2.20327007E-10	2.20327007E-10	2.46582031E-1	0.00000000E+0	0.00000000E+0
2.44140625E-1	2.15423998E-10	2.15423998E-10	2.44140625E-1	0.00000000E+0	0.00000000E+0
2.41699219E-1	2.17569004E-10	2.17569004E-10	2.41699219E-1	0.00000000E+0	0.00000000E+0
2.39257812E-1	2.12359005E-10	2.12359005E-10	2.39257812E-1	0.00000000E+0	0.00000000E+0
2.36816406E-1	2.14452997E-10	2.14452997E-10	2.36816406E-1	0.00000000E+0	0.00000000E+0
2.34375000E-1	2.09677997E-10	2.09677997E-10	2.34375000E-1	0.00000000E+0	0.00000000E+0
2.31933594E-1	2.14096005E-10	2.14096005E-10	2.31933594E-1	0.00000000E+0	0.00000000E+0
2.29492187E-1	2.10213999E-10	2.10213999E-10	2.29492187E-1	0.00000000E+0	0.00000000E+0
2.27050781E-1	2.13892001E-10	2.13892001E-10	2.27050781E-1	0.00000000E+0	0.00000000E+0
2.24609375E-1	2.10572004E-10	2.10572004E-10	2.24609375E-1	0.00000000E+0	0.00000000E+0
2.22167969E-1	2.11746995E-10	2.11746995E-10	2.22167969E-1	0.00000000E+0	0.00000000E+0
2.19726562E-1	2.04737005E-10	2.04737005E-10	2.19726562E-1	0.00000000E+0	0.00000000E+0
2.17285156E-1	2.07455997E-10	2.07455997E-10	2.17285156E-1	0.00000000E+0	0.00000000E+0
2.14843750E-1	2.02001998E-10	2.02001998E-10	2.14843750E-1	0.00000000E+0	0.00000000E+0
2.12402344E-1	2.03778994E-10	2.03778994E-10	2.12402344E-1	0.00000000E+0	0.00000000E+0
2.09960937E-1	1.99488995E-10	1.99488995E-10	2.09960937E-1	0.00000000E+0	0.00000000E+0
2.07519531E-1	1.98263003E-10	1.98263003E-10	2.07519531E-1	0.00000000E+0	0.00000000E+0
2.05078125E-1	1.92798999E-10	1.92798999E-10	2.05078125E-1	0.00000000E+0	0.00000000E+0
2.02636719E-1	1.92952002E-10	1.92952002E-10	2.02636719E-1	0.00000000E+0	0.00000000E+0
2.00195312E-1	1.87845003E-10	1.87845003E-10	2.00195312E-1	0.00000000E+0	0.00000000E+0
1.97753906E-1	1.85814003E-10	1.85814003E-10	1.97753906E-1	0.00000000E+0	0.00000000E+0
1.95312500E-1	1.81204995E-10	1.81204995E-10	1.95312500E-1	0.00000000E+0	0.00000000E+0
1.92871094E-1	1.82252005E-10	1.82252005E-10	1.92871094E-1	0.00000000E+0	0.00000000E+0
1.90429687E-1	1.77181006E-10	1.77181006E-10	1.90429687E-1	0.00000000E+0	0.00000000E+0
1.87988281E-1	1.73148995E-10	1.73148995E-10	1.87988281E-1	0.00000000E+0	0.00000000E+0
1.85546875E-1	1.68998995E-10	1.68998995E-10	1.85546875E-1	0.00000000E+0	0.00000000E+0
1.83105469E-1	1.68615996E-10	1.68615996E-10	1.83105469E-1	0.00000000E+0	0.00000000E+0
1.80664062E-1	1.66393996E-10	1.66393996E-10	1.80664062E-1	0.00000000E+0	0.00000000E+0
1.78222656E-1	1.64198002E-10	1.64198002E-10	1.78222656E-1	0.00000000E+0	0.00000000E+0
1.75781250E-1	1.61874000E-10	1.61874000E-10	1.75781250E-1	0.00000000E+0	0.00000000E+0
1.73339844E-1	1.59345995E-10	1.59345995E-10	1.73339844E-1	0.00000000E+0	0.00000000E+0
1.70898437E-1	1.58503002E-10	1.58503002E-10	1.70898437E-1	0.00000000E+0	0.00000000E+0
1.68457031E-1	1.54327995E-10	1.54327995E-10	1.68457031E-1	0.00000000E+0	0.00000000E+0
1.66015625E-1	1.52782995E-10	1.52782995E-10	1.66015625E-1	0.00000000E+0	0.00000000E+0
1.63574219E-1	1.49061000E-10	1.49061000E-10	1.63574219E-1	0.00000000E+0	0.00000000E+0
1.61132812E-1	1.47548002E-10	1.47548002E-10	1.61132812E-1	0.00000000E+0	0.00000000E+0
1.58691406E-1	1.43392007E-10	1.43392007E-10	1.58691406E-1	0.00000000E+0	0.00000000E+0
1.56250000E-1	1.39427997E-10	1.39427997E-10	1.56250000E-1	0.00000000E+0	0.00000000E+0
1.53808594E-1	1.39888004E-10	1.39888004E-10	1.53808594E-1	0.00000000E+0	0.00000000E+0
1.51367187E-1	1.38585005E-10	1.38585005E-10	1.51367187E-1	0.00000000E+0	0.00000000E+0
1.48925781E-1	1.33451999E-10	1.33451999E-10	1.48925781E-1	0.00000000E+0	0.00000000E+0
1.46484375E-1	1.31843994E-10	1.31843994E-10	1.46484375E-1	0.00000000E+0	0.00000000E+0
1.44042969E-1	1.28614994E-10	1.28614994E-10	1.44042969E-1	0.00000000E+0	0.00000000E+0
1.41601562E-1	1.28451000E-10	1.28451000E-10	1.41601562E-1	0.00000000E+0	0.00000000E+0
1.39160156E-1	1.22651000E-10	1.22651000E-10	1.39160156E-1	0.00000000E+0	0.00000000E+0
1.36718750E-1	1.22431995E-10	1.22431995E-10	1.36718750E-1	0.00000000E+0	0.00000000E+0
1.34277344E-1	1.19164997E-10	1.19164997E-10	1.34277344E-1	0.00000000E+0	0.00000000E+0
1.31835937E-1	1.19420002E-10	1.19420002E-10	1.31835937E-1	0.00000000E+0	0.00000000E+0
1.29394531E-1	1.13968002E-10	1.13968002E-10	1.29394531E-1	0.00000000E+0	0.00000000E+0
1.26953125E-1	1.12094001E-10	1.12094001E-10	1.26953125E-1	0.00000000E+0	0.00000000E+0
1.24511719E-1	1.08293999E-10	1.08293999E-10	1.24511719E-1	0.00000000E+0	0.00000000E+0
1.22070312E-1	1.08293999E-10	1.08293999E-10	1.22070312E-1	0.00000000E+0	0.00000000E+0
1.19628906E-1	1.01965998E-10	1.01965998E-10	1.19628906E-1	0.00000000E+0	0.00000000E+0
1.17187500E-1	1.02273003E-10	1.02273003E-10	1.17187500E-1	0.00000000E+0	0.00000000E+0
1.14746094E-1	1.01383998E-10	1.01383998E-10	1.14746094E-1	0.00000000E+0	0.00000000E+0
1.12304687E-1	1.03575003E-10	1.03575003E-10	1.12304687E-1	0.00000000E+0	0.00000000E+0
1.09863281E-1	9.82378970E-11	9.82378970E-11	1.09863281E-1	0.00000000E+0	0.00000000E+0
1.07421875E-1	1.02119001E-10	1.02119001E-10	1.07421875E-1	0.00000000E+0	0.00000000E+0
1.04980469E-1	1.01383998E-10	1.01383998E-10	1.04980469E-1	0.00000000E+0	0.00000000E+0
1.02539062E-1	1.04059997E-10	1.04059997E-10	1.02539062E-1	0.00000000E+0	0.00000000E+0
1.00097656E-1	9.85954027E-11	9.85954027E-11	1.00097656E-1	0.00000000E+0	0.00000000E+0
9.76562500E-2	1.02119001E-10	1.02119001E-10	9.76562500E-2	0.00000000E+0	0.00000000E+0
9.52148438E-2	9.80399997E-11	9.80399997E-11	9.52148438E-2	0.00000000E+0	0.00000000E+0
9.27734375E-2	9.96219982E-11	9.96219982E-11	9.27734375E-2	0.00000000E+0	0.00000000E+0
9.03320313E-2	9.13941978E-11	9.13941978E-11	9.03320313E-2	0.00000000E+0	0.00000000E+0
8.78906250E-2	9.20837018E-11	9.20837018E-11	8.78906250E-2	0.00000000E+0	0.00000000E+0
8.54492188E-2	8.58784016E-11	8.58784016E-11	8.54492188E-2	0.00000000E+0	0.00000000E+0
8.30078125E-2	8.59550001E-11	8.59550001E-11	8.30078125E-2	0.00000000E+0	0.00000000E+0
8.05664063E-2	7.75279979E-11	7.75279979E-11	8.05664063E-2	0.00000000E+0	0.00000000E+0
7.81250000E-2	7.90219001E-11	7.90219001E-11	7.81250000E-2	0.00000000E+0	0.00000000E+0
7.56835938E-2	7.54850973E-11	7.54850973E-11	7.56835938E-2	0.00000000E+0	0.00000000E+0
7.32421875E-2	7.58341029E-11	7.58341029E-11	7.32421875E-2	0.00000000E+0	0.00000000E+0
7.08007813E-2	6.71092973E-11	6.71092973E-11	7.08007813E-2	0.00000000E+0	0.00000000E+0
6.83593750E-2	6.68922001E-11	6.68922001E-11	6.83593750E-2	0.00000000E+0	0.00000000E+0
6.59179688E-2	6.14402001E-11	6.14402001E-11	6.59179688E-2	0.00000000E+0	0.00000000E+0
6.34765625E-2	6.06103015E-11	6.06103015E-11	6.34765625E-2	0.00000000E+0	0.00000000E+0
6.10351563E-2	5.30515007E-11	5.30515007E-11	6.10351563E-2	0.00000000E+0	0.00000000E+0
5.85937500E-2	5.35604998E-11	5.35604998E-11	5.85937500E-2	0.00000000E+0	0.00000000E+0
5.61523438E-2	4.85699016E-11	4.85699016E-11	5.61523438E-2	0.00000000E+0	0.00000000E+0
5.37109375E-2	4.85699016E-11	4.85699016E-11	5.37109375E-2	0.00000000E+0	0.00000000E+0
5.12695313E-2	4.09090990E-11	4.09090990E-11	5.12695313E-2	0.00000000E+0	0.00000000E+0
4.88281250E-2	4.02195985E-11	4.02195985E-11	4.88281250E-2	0.00000000E+0	0.00000000E+0
4.63867188E-2	3.51889004E-11	3.51889004E-11	4.63867188E-2	0.00000000E+0	0.00000000E+0
4.39453125E-2	3.44228986E-11	3.44228986E-11	4.39453125E-2	0.00000000E+0	0.00000000E+0
4.15039063E-2	2.84983998E-11	2.84983998E-11	4.15039063E-2	0.00000000E+0	0.00000000E+0
3.90625000E-2	2.71960995E-11	2.71960995E-11	3.90625000E-2	0.00000000E+0	0.00000000E+0
3.66210938E-2	2.57149996E-11	2.57149996E-11	3.66210938E-2	0.00000000E+0	0.00000000E+0
3.41796875E-2	2.46106000E-11	2.46106000E-11	3.41796875E-2	0.00000000E+0	0.00000000E+0
3.17382813E-2	1.80540999E-11	1.80540999E-11	3.17382813E-2	0.00000000E+0	0.00000000E+0
2.92968750E-2	1.47854992E-11	1.47854992E-11	2.92968750E-2	0.00000000E+0	0.00000000E+0
2.68554688E-2	1.14913001E-11	1.14913001E-11	2.68554688E-2	0.00000000E+0	0.00000000E+0
2.44140625E-2	8.04391970E-12	8.04391970E-12	2.44140625E-2	0.00000000E+0	0.00000000E+0
2.19726563E-2	3.17159992E-12	3.17159992E-12	2.19726563E-2	0.00000000E+0	0.00000000E+0
1.95312500E-2	0.00000000E+0	0.00000000E+0	1.95312500E-2	0.00000000E+0	0.00000000E+0
1.70898438E-2	-2.22164995E-12	-2.22164995E-12	1.70898438E-2	0.00000000E+0	0.00000000E+0
1.46484375E-2	-2.84983994E-12	-2.84983994E-12	1.46484375E-2	0.00000000E+0	0.00000000E+0
1.22070313E-2	-7.96730997E-12	-7.96730997E-12	1.22070313E-2	0.00000000E+0	0.00000000E+0
9.76562500E-3	-9.95914028E-12	-9.95914028E-12	9.76562500E-3	0.00000000E+0	0.00000000E+0
7.32421875E-3	-9.95914028E-12	-9.95914028E-12	7.32421875E-3	0.00000000E+0	0.00000000E+0
4.88281250E-3	-1.37358996E-11	-1.37358996E-11	4.88281250E-3	0.00000000E+0	0.00000000E+0
2.44140625E-3	-1.38968004E-11	-1.38968004E-11	2.44140625E-3	0.00000000E+0	0.00000000E+0
0.00000000E+0	-1.89224001E-11	-1.89224001E-11	0.00000000E+0	0.00000000E+0	0.00000000E+0
-2.44140625E-3	-1.05975003E-11	-1.05975003E-11	-2.44140625E-3	0.00000000E+0	0.00000000E+0
-4.88281250E-3	-1.76199992E-11	-1.76199992E-11	-4.88281250E-3	0.00000000E+0	0.00000000E+0
-7.32421875E-3	-1.83860999E-11	-1.83860999E-11	-7.32421875E-3	0.00000000E+0	0.00000000E+0
-9.76562500E-3	-2.55106995E-11	-2.55106995E-11	-9.76562500E-3	0.00000000E+0	0.00000000E+0
-1.22070313E-2	-2.34423002E-11	-2.34423002E-11	-1.22070313E-2	0.00000000E+0	0.00000000E+0
-1.46484375E-2	-2.99923003E-11	-2.99923003E-11	-1.46484375E-2	0.00000000E+0	0.00000000E+0
-1.70898438E-2	-3.04903013E-11	-3.04903013E-11	-1.70898438E-2	0.00000000E+0	0.00000000E+0
-1.95312500E-2	-3.79519992E-11	-3.79519992E-11	-1.95312500E-2	0.00000000E+0	0.00000000E+0
-2.19726563E-2	-3.55574008E-11	-3.55574008E-11	-2.19726563E-2	0.00000000E+0	0.00000000E+0
-2.44140625E-2	-4.21251992E-11	-4.21251992E-11	-2.44140625E-2	0.00000000E+0	0.00000000E+0
-2.68554688E-2	-4.26518994E-11	-4.26518994E-11	-2.68554688E-2	0.00000000E+0	0.00000000E+0
-2.92968750E-2	-4.99488992E-11	-4.99488992E-11	-2.92968750E-2	0.00000000E+0	0.00000000E+0
-3.17382813E-2	-4.82635008E-11	-4.82635008E-11	-3.17382813E-2	0.00000000E+0	0.00000000E+0
-3.41796875E-2	-5.52635993E-11	-5.52635993E-11	-3.41796875E-2	0.00000000E+0	0.00000000E+0
-3.66210938E-2	-5.58861013E-11	-5.58861013E-11	-3.66210938E-2	0.00000000E+0	0.00000000E+0
-3.90625000E-2	-6.57303031E-11	-6.57303031E-11	-3.90625000E-2	0.00000000E+0	0.00000000E+0
-4.15039063E-2	-5.92075972E-11	-5.92075972E-11	-4.15039063E-2	0.00000000E+0	0.00000000E+0
-4.39453125E-2	-6.95606975E-11	-6.95606975E-11	-4.39453125E-2	0.00000000E+0	0.00000000E+0
-4.63867188E-2	-6.85647997E-11	-6.85647997E-11	-4.63867188E-2	0.00000000E+0	0.00000000E+0
-4.88281250E-2	-8.01710018E-11	-8.01710018E-11	-4.88281250E-2	0.00000000E+0	0.00000000E+0
-5.12695313E-2	-7.66852970E-11	-7.66852970E-11	-5.12695313E-2	0.00000000E+0	0.00000000E+0
-5.37109375E-2	-8.64147018E-11	-8.64147018E-11	-5.37109375E-2	0.00000000E+0	0.00000000E+0
-5.61523438E-2	-8.59805005E-11	-8.59805005E-11	-5.61523438E-2	0.00000000E+0	0.00000000E+0
-5.85937500E-2	-9.48875978E-11	-9.48875978E-11	-5.85937500E-2	0.00000000E+0	0.00000000E+0
-6.10351563E-2	-9.06062031E-11	-9.06062031E-11	-6.10351563E-2	0.00000000E+0	0.00000000E+0
-6.34765625E-2	-1.01302002E-10	-1.01302002E-10	-6.34765625E-2	0.00000000E+0	0.00000000E+0
-6.59179688E-2	-1.01557998E-10	-1.01557998E-10	-6.59179688E-2	0.00000000E+0	0.00000000E+0
-6.83593750E-2	-1.11236000E-10	-1.11236000E-10	-6.83593750E-2	0.00000000E+0	0.00000000E+0
-7.08007813E-2	-1.07559003E-10	-1.07559003E-10	-7.08007813E-2	0.00000000E+0	0.00000000E+0
-7.32421875E-2	-1.18999005E-10	-1.18999005E-10	-7.32421875E-2	0.00000000E+0	0.00000000E+0
-7.56835938E-2	-1.16200001E-10	-1.16200001E-10	-7.56835938E-2	0.00000000E+0	0.00000000E+0
-7.81250000E-2	-1.28886998E-10	-1.28886998E-10	-7.81250000E-2	0.00000000E+0	0.00000000E+0
-8.05664063E-2	-1.23692001E-10	-1.23692001E-10	-8.05664063E-2	0.00000000E+0	0.00000000E+0
-8.30078125E-2	-1.34754999E-10	-1.34754999E-10	-8.30078125E-2	0.00000000E+0	0.00000000E+0
-8.54492188E-2	-1.33912006E-10	-1.33912006E-10	-8.54492188E-2	0.00000000E+0	0.00000000E+0
-8.78906250E-2	-1.44714005E-10	-1.44714005E-10	-8.78906250E-2	0.00000000E+0	0.00000000E+0
-9.03320313E-2	-1.39785003E-10	-1.39785003E-10	-9.03320313E-2	0.00000000E+0	0.00000000E+0
-9.27734375E-2	-1.50210996E-10	-1.50210996E-10	-9.27734375E-2	0.00000000E+0	0.00000000E+0
-9.52148438E-2	-1.48926996E-10	-1.48926996E-10	-9.52148438E-2	0.00000000E+0	0.00000000E+0
-9.76562500E-2	-1.61184996E-10	-1.61184996E-10	-9.76562500E-2	0.00000000E+0	0.00000000E+0
-1.00097656E-1	-1.56025998E-10	-1.56025998E-10	-1.00097656E-1	0.00000000E+0	0.00000000E+0
-1.02539062E-1	-1.67466999E-10	-1.67466999E-10	-1.02539062E-1	0.00000000E+0	0.00000000E+0
-1.04980469E-1	-1.64441002E-10	-1.64441002E-10	-1.04980469E-1	0.00000000E+0	0.00000000E+0
-1.07421875E-1	-1.78192003E-10	-1.78192003E-10	-1.07421875E-1	0.00000000E+0	0.00000000E+0
-1.09863281E-1	-1.71066994E-10	-1.71066994E-10	-1.09863281E-1	0.00000000E+0	0.00000000E+0
-1.12304687E-1	-1.78958001E-10	-1.78958001E-10	-1.12304687E-1	0.00000000E+0	0.00000000E+0
-1.14746094E-1	-1.65360003E-10	-1.65360003E-10	-1.14746094E-1	0.00000000E+0	0.00000000E+0
-1.17187500E-1	-1.68998995E-10	-1.68998995E-10	-1.17187500E-1	0.00000000E+0	0.00000000E+0
-1.19628906E-1	-1.51735999E-10	-1.51735999E-10	-1.19628906E-1	0.00000000E+0	0.00000000E+0
-1.22070312E-1	-1.60553001E-10	-1.60553001E-10	-1.22070312E-1	0.00000000E+0	0.00000000E+0
-1.24511719E-1	-1.56154006E-10	-1.56154006E-10	-1.24511719E-1	0.00000000E+0	0.00000000E+0
-1.26953125E-1	-1.67007005E-10	-1.67007005E-10	-1.26953125E-1	0.00000000E+0	0.00000000E+0
-1.29394531E-1	-1.61440000E-10	-1.61440000E-10	-1.29394531E-1	0.00000000E+0	0.00000000E+0
-1.31835937E-1	-1.78039000E-10	-1.78039000E-10	-1.31835937E-1	0.00000000E+0	0.00000000E+0
-1.34277344E-1	-1.73366002E-10	-1.73366002E-10	-1.34277344E-1	0.00000000E+0	0.00000000E+0
-1.36718750E-1	-1.86787003E-10	-1.86787003E-10	-1.36718750E-1	0.00000000E+0	0.00000000E+0
-1.39160156E-1	-1.80387996E-10	-1.80387996E-10	-1.39160156E-1	0.00000000E+0	0.00000000E+0
-1.41601562E-1	-1.93114996E-10	-1.93114996E-10	-1.41601562E-1	0.00000000E+0	0.00000000E+0
-1.44042969E-1	-1.86703000E-10	-1.86703000E-10	-1.44042969E-1	0.00000000E+0	0.00000000E+0
-1.46484375E-1	-2.01270001E-10	-2.01270001E-10	-1.46484375E-1	0.00000000E+0	0.00000000E+0
-1.48925781E-1	-1.93054003E-10	-1.93054003E-10	-1.48925781E-1	0.00000000E+0	0.00000000E+0
-1.51367187E-1	-2.05311004E-10	-2.05311004E-10	-1.51367187E-1	0.00000000E+0	0.00000000E+0
-1.53808594E-1	-2.00102004E-10	-2.00102004E-10	-1.53808594E-1	0.00000000E+0	0.00000000E+0
-1.56250000E-1	-2.12257004E-10	-2.12257004E-10	-1.56250000E-1	0.00000000E+0	0.00000000E+0
-1.58691406E-1	-2.01270001E-10	-2.01270001E-10	-1.58691406E-1	0.00000000E+0	0.00000000E+0
-1.61132812E-1	-2.12512993E-10	-2.12512993E-10	-1.61132812E-1	0.00000000E+0	0.00000000E+0
-1.63574219E-1	-2.06077003E-10	-2.06077003E-10	-1.63574219E-1	0.00000000E+0	0.00000000E+0
-1.66015625E-1	-2.18589993E-10	-2.18589993E-10	-1.66015625E-1	0.00000000E+0	0.00000000E+0
-1.68457031E-1	-2.09985002E-10	-2.09985002E-10	-1.68457031E-1	0.00000000E+0	0.00000000E+0
-1.70898437E-1	-2.21961005E-10	-2.21961005E-10	-1.70898437E-1	0.00000000E+0	0.00000000E+0
-1.73339844E-1	-2.14275001E-10	-2.14275001E-10	-1.73339844E-1	0.00000000E+0	0.00000000E+0
-1.75781250E-1	-2.28293995E-10	-2.28293995E-10	-1.75781250E-1	0.00000000E+0	0.00000000E+0
-1.78222656E-1	-2.17416002E-10	-2.17416002E-10	-1.78222656E-1	0.00000000E+0	0.00000000E+0
-1.80664062E-1	-2.29137001E-10	-2.29137001E-10	-1.80664062E-1	0.00000000E+0	0.00000000E+0
-1.83105469E-1	-2.21762997E-10	-2.21762997E-10	-1.83105469E-1	0.00000000E+0	0.00000000E+0
-1.85546875E-1	-2.35265002E-10	-2.35265002E-10	-1.85546875E-1	0.00000000E+0	0.00000000E+0
-1.87988281E-1	-2.26966002E-10	-2.26966002E-10	-1.87988281E-1	0.00000000E+0	0.00000000E+0
-1.90429687E-1	-2.40398007E-10	-2.40398007E-10	-1.90429687E-1	0.00000000E+0	0.00000000E+0
-1.92871094E-1	-2.32507999E-10	-2.32507999E-10	-1.92871094E-1	0.00000000E+0	0.00000000E+0
-1.95312500E-1	-2.44765014E-10	-2.44765014E-10	-1.95312500E-1	0.00000000E+0	0.00000000E+0
-1.97753906E-1	-2.31281994E-10	-2.31281994E-10	-1.97753906E-1	0.00000000E+0	0.00000000E+0
-2.00195312E-1	-2.46067000E-10	-2.46067000E-10	-2.00195312E-1	0.00000000E+0	0.00000000E+0
-2.02636719E-1	-2.37142000E-10	-2.37142000E-10	-2.02636719E-1	0.00000000E+0	0.00000000E+0
-2.05078125E-1	-2.52195986E-10	-2.52195986E-10	-2.05078125E-1	0.00000000E+0	0.00000000E+0
-2.07519531E-1	-2.41930004E-10	-2.41930004E-10	-2.07519531E-1	0.00000000E+0	0.00000000E+0
-2.09960937E-1	-2.56588001E-10	-2.56588001E-10	-2.09960937E-1	0.00000000E+0	0.00000000E+0
-2.12402344E-1	-2.48824988E-10	-2.48824988E-10	-2.12402344E-1	0.00000000E+0	0.00000000E+0
-2.14843750E-1	-2.63409988E-10	-2.63409988E-10	-2.14843750E-1	0.00000000E+0	0.00000000E+0
-2.17285156E-1	-2.51583004E-10	-2.51583004E-10	-2.17285156E-1	0.00000000E+0	0.00000000E+0
-2.19726562E-1	-2.65986011E-10	-2.65986011E-10	-2.19726562E-1	0.00000000E+0	0.00000000E+0
-2.22167969E-1	-2.58439992E-10	-2.58439992E-10	-2.22167969E-1	0.00000000E+0	0.00000000E+0
-2.24609375E-1	-2.72841999E-10	-2.72841999E-10	-2.24609375E-1	0.00000000E+0	0.00000000E+0
-2.27050781E-1	-2.60929001E-10	-2.60929001E-10	-2.27050781E-1	0.00000000E+0	0.00000000E+0
-2.29492187E-1	-2.75715006E-10	-2.75715006E-10	-2.29492187E-1	0.00000000E+0	0.00000000E+0
-2.31933594E-1	-2.65373001E-10	-2.65373001E-10	-2.31933594E-1	0.00000000E+0	0.00000000E+0
-2.34375000E-1	-2.81614010E-10	-2.81614010E-10	-2.34375000E-1	0.00000000E+0	0.00000000E+0
-2.36816406E-1	-2.66291988E-10	-2.66291988E-10	-2.36816406E-1	0.00000000E+0	0.00000000E+0
-2.39257812E-1	-2.82953994E-10	-2.82953994E-10	-2.39257812E-1	0.00000000E+0	0.00000000E+0
-2.41699219E-1	-2.71782014E-10	-2.71782014E-10	-2.41699219E-1	0.00000000E+0	0.00000000E+0
-2.44140625E-1	-2.89171992E-10	-2.89171992E-10	-2.44140625E-1	0.00000000E+0	0.00000000E+0
-2.46582031E-1	-2.75458989E-10	-2.75458989E-10	-2.46582031E-1	0.00000000E+0	0.00000000E+0
-2.49023437E-1	-2.94050007E-10	-2.94050007E-10	-2.49023437E-1	0.00000000E+0	0.00000000E+0
-2.51464844E-1	-2.81919987E-10	-2.81919987E-10	-2.51464844E-1	0.00000000E+0	0.00000000E+0
-2.53906250E-1	-2.99692993E-10	-2.99692993E-10	-2.53906250E-1	0.00000000E+0	0.00000000E+0
-2.56347656E-1	-2.85699991E-10	-2.85699991E-10	-2.56347656E-1	0.00000000E+0	0.00000000E+0
-2.58789062E-1	-3.04290010E-10	-3.04290010E-10	-2.58789062E-1	0.00000000E+0	0.00000000E+0
-2.61230469E-1	-2.90960006E-10	-2.90960006E-10	-2.61230469E-1	0.00000000E+0	0.00000000E+0
-2.63671875E-1	-3.08810005E-10	-3.08810005E-10	-2.63671875E-1	0.00000000E+0	0.00000000E+0
-2.66113281E-1	-2.91726004E-10	-2.91726004E-10	-2.66113281E-1	0.00000000E+0	0.00000000E+0
-2.68554687E-1	-3.11567994E-10	-3.11567994E-10	-2.68554687E-1	0.00000000E+0	0.00000000E+0
-2.70996094E-1	-2.98160996E-10	-2.98160996E-10	-2.70996094E-1	0.00000000E+0	0.00000000E+0
-2.73437500E-1	-3.18807009E-10	-3.18807009E-10	-2.73437500E-1	0.00000000E+0	0.00000000E+0
-2.75878906E-1	-2.99464009E-10	-2.99464009E-10	-2.75878906E-1	0.00000000E+0	0.00000000E+0
-2.78320312E-1	-3.21246002E-10	-3.21246002E-10	-2.78320312E-1	0.00000000E+0	0.00000000E+0
-2.80761719E-1	-3.05936998E-10	-3.05936998E-10	-2.80761719E-1	0.00000000E+0	0.00000000E+0
-2.83203125E-1	-3.25855010E-10	-3.25855010E-10	-2.83203125E-1	0.00000000E+0	0.00000000E+0
-2.85644531E-1	-3.10648007E-10	-3.10648007E-10	-2.85644531E-1	0.00000000E+0	0.00000000E+0
-2.88085937E-1	-3.30643013E-10	-3.30643013E-10	-2.88085937E-1	0.00000000E+0	0.00000000E+0
-2.90527344E-1	-3.18193999E-10	-3.18193999E-10	-2.90527344E-1	0.00000000E+0	0.00000000E+0
-2.92968750E-1	-3.37140010E-10	-3.37140010E-10	-2.92968750E-1	0.00000000E+0	0.00000000E+0
-2.95410156E-1	-3.19726995E-10	-3.19726995E-10	-2.95410156E-1	0.00000000E+0	0.00000000E+0
-2.97851562E-1	-3.39912987E-10	-3.39912987E-10	-2.97851562E-1	0.00000000E+0	0.00000000E+0
-3.00292969E-1	-3.25204003E-10	-3.25204003E-10	-3.00292969E-1	0.00000000E+0	0.00000000E+0
-3.02734375E-1	-3.45582007E-10	-3.45582007E-10	-3.02734375E-1	0.00000000E+0	0.00000000E+0
-3.05175781E-1	-3.30949990E-10	-3.30949990E-10	-3.05175781E-1	0.00000000E+0	0.00000000E+0
-3.07617187E-1	-3.48953005E-10	-3.48953005E-10	-3.07617187E-1	0.00000000E+0	0.00000000E+0
-3.10058594E-1	-3.37078004E-10	-3.37078004E-10	-3.10058594E-1	0.00000000E+0	0.00000000E+0
-3.12500000E-1	-3.55770996E-10	-3.55770996E-10	-3.12500000E-1	0.00000000E+0	0.00000000E+0
-3.14941406E-1	-3.36580014E-10	-3.36580014E-10	-3.14941406E-1	0.00000000E+0	0.00000000E+0
-3.17382812E-1	-3.56486007E-10	-3.56486007E-10	-3.17382812E-1	0.00000000E+0	0.00000000E+0
-3.19824219E-1	-3.45351997E-10	-3.45351997E-10	-3.19824219E-1	0.00000000E+0	0.00000000E+0
-3.22265625E-1	-3.61874003E-10	-3.61874003E-10	-3.22265625E-1	0.00000000E+0	0.00000000E+0
-3.24707031E-1	-3.49336005E-10	-3.49336005E-10	-3.24707031E-1	0.00000000E+0	0.00000000E+0
-3.27148437E-1	-3.66572994E-10	-3.66572994E-10	-3.27148437E-1	0.00000000E+0	0.00000000E+0
-3.29589844E-1	-3.56077001E-10	-3.56077001E-10	-3.29589844E-1	0.00000000E+0	0.00000000E+0
-3.32031250E-1	-3.69636988E-10	-3.69636988E-10	-3.32031250E-1	0.00000000E+0	0.00000000E+0
-3.34472656E-1	-3.58068991E-10	-3.58068991E-10	-3.34472656E-1	0.00000000E+0	0.00000000E+0
-3.36914062E-1	-3.71475989E-10	-3.71475989E-10	-3.36914062E-1	0.00000000E+0	0.00000000E+0
-3.39355469E-1	-3.63853003E-10	-3.63853003E-10	-3.39355469E-1	0.00000000E+0	0.00000000E+0
-3.41796875E-1	-3.78283987E-10	-3.78283987E-10	-3.41796875E-1	0.00000000E+0	0.00000000E+0
-3.44238281E-1	-3.68641007E-10	-3.68641007E-10	-3.44238281E-1	0.00000000E+0	0.00000000E+0
-3.46679687E-1	-3.81690013E-10	-3.81690013E-10	-3.46679687E-1	0.00000000E+0	0.00000000E+0
-3.49121094E-1	-3.75306008E-10	-3.75306008E-10	-3.49121094E-1	0.00000000E+0	0.00000000E+0
-3.51562500E-1	-3.86912002E-10	-3.86912002E-10	-3.51562500E-1	0.00000000E+0	0.00000000E+0
-3.54003906E-1	-3.76684989E-10	-3.76684989E-10	-3.54003906E-1	0.00000000E+0	0.00000000E+0
-3.56445312E-1	-3.88865995E-10	-3.88865995E-10	-3.56445312E-1	0.00000000E+0	0.00000000E+0
-3.58886719E-1	-3.84193011E-10	-3.84193011E-10	-3.58886719E-1	0.00000000E+0	0.00000000E+0
-3.61328125E-1	-3.95709993E-10	-3.95709993E-10	-3.61328125E-1	0.00000000E+0	0.00000000E+0
-3.63769531E-1	-3.87716997E-10	-3.87716997E-10	-3.63769531E-1	0.00000000E+0	0.00000000E+0
-3.66210937E-1	-3.95913996E-10	-3.95913996E-10	-3.66210937E-1	0.00000000E+0	0.00000000E+0
-3.68652344E-1	-3.94279998E-10	-3.94279998E-10	-3.68652344E-1	0.00000000E+0	0.00000000E+0
-3.71093750E-1	-4.02426009E-10	-4.02426009E-10	-3.71093750E-1	0.00000000E+0	0.00000000E+0
-3.73535156E-1	-3.96717992E-10	-3.96717992E-10	-3.73535156E-1	0.00000000E+0	0.00000000E+0
-3.75976562E-1	-4.04110995E-10	-4.04110995E-10	-3.75976562E-1	0.00000000E+0	0.00000000E+0
-3.78417969E-1	-4.02578998E-10	-4.02578998E-10	-3.78417969E-1	0.00000000E+0	0.00000000E+0
-3.80859375E-1	-4.10450007E-10	-4.10450007E-10	-3.80859375E-1	0.00000000E+0	0.00000000E+0
-3.83300781E-1	-4.06218004E-10	-4.06218004E-10	-3.83300781E-1	0.00000000E+0	0.00000000E+0
-3.85742187E-1	-4.14683010E-10	-4.14683010E-10	-3.85742187E-1	0.00000000E+0	0.00000000E+0
-3.88183594E-1	-4.12921003E-10	-4.12921003E-10	-3.88183594E-1	0.00000000E+0	0.00000000E+0
-3.90625000E-1	-4.19586005E-10	-4.19586005E-10	-3.90625000E-1	0.00000000E+0	0.00000000E+0
-3.93066406E-1	-4.15756013E-10	-4.15756013E-10	-3.93066406E-1	0.00000000E+0	0.00000000E+0
-3.95507812E-1	-4.21194996E-10	-4.21194996E-10	-3.95507812E-1	0.00000000E+0	0.00000000E+0
-3.97949219E-1	-4.18360013E-10	-4.18360013E-10	-3.97949219E-1	0.00000000E+0	0.00000000E+0
-4.00390625E-1	-4.27859997E-10	-4.27859997E-10	-4.00390625E-1	0.00000000E+0	0.00000000E+0
-4.02832031E-1	-4.23263008E-10	-4.23263008E-10	-4.02832031E-1	0.00000000E+0	0.00000000E+0
-4.05273437E-1	-4.30311009E-10	-4.30311009E-10	-4.05273437E-1	0.00000000E+0	0.00000000E+0
-4.07714844E-1	-4.31882002E-10	-4.31882002E-10	-4.07714844E-1	0.00000000E+0	0.00000000E+0
-4.10156250E-1	-4.38164005E-10	-4.38164005E-10	-4.10156250E-1	0.00000000E+0	0.00000000E+0
-4.12597656E-1	-4.33605013E-10	-4.33605013E-10	-4.12597656E-1	0.00000000E+0	0.00000000E+0
-4.15039062E-1	-4.39274006E-10	-4.39274006E-10	-4.15039062E-1	0.00000000E+0	0.00000000E+0
-4.17480469E-1	-4.39427994E-10	-4.39427994E-10	-4.17480469E-1	0.00000000E+0	0.00000000E+0
-4.19921875E-1	-4.44484005E-10	-4.44484005E-10	-4.19921875E-1	0.00000000E+0	0.00000000E+0
-4.22363281E-1	-4.43411002E-10	-4.43411002E-10	-4.22363281E-1	0.00000000E+0	0.00000000E+0
-4.24804687E-1	-4.49079995E-10	-4.49079995E-10	-4.24804687E-1	0.00000000E+0	0.00000000E+0
-4.27246094E-1	-4.50612991E-10	-4.50612991E-10	-4.27246094E-1	0.00000000E+0	0.00000000E+0
-4.29687500E-1	-4.53677013E-10	-4.53677013E-10	-4.29687500E-1	0.00000000E+0	0.00000000E+0
-4.32128906E-1	-4.48390991E-10	-4.48390991E-10	-4.32128906E-1	0.00000000E+0	0.00000000E+0
-4.34570312E-1	-4.53982990E-10	-4.53982990E-10	-4.34570312E-1	0.00000000E+0	0.00000000E+0
-4.37011719E-1	-4.54443011E-10	-4.54443011E-10	-4.37011719E-1	0.00000000E+0	0.00000000E+0
-4.39453125E-1	-4.61849003E-10	-4.61849003E-10	-4.39453125E-1	0.00000000E+0	0.00000000E+0
-4.41894531E-1	-4.60896987E-10	-4.60896987E-10	-4.41894531E-1	0.00000000E+0	0.00000000E+0
-4.44335937E-1	-4.65781025E-10	-4.65781025E-10	-4.44335937E-1	0.00000000E+0	0.00000000E+0
-4.46777344E-1	-4.65321004E-10	-4.65321004E-10	-4.46777344E-1	0.00000000E+0	0.00000000E+0
-4.49218750E-1	-4.70262995E-10	-4.70262995E-10	-4.49218750E-1	0.00000000E+0	0.00000000E+0
-4.51660156E-1	-4.66700012E-10	-4.66700012E-10	-4.51660156E-1	0.00000000E+0	0.00000000E+0
-4.54101562E-1	-4.72905992E-10	-4.72905992E-10	-4.54101562E-1	0.00000000E+0	0.00000000E+0
-4.56542969E-1	-4.74514983E-10	-4.74514983E-10	-4.56542969E-1	0.00000000E+0	0.00000000E+0
-4.58984375E-1	-4.79723983E-10	-4.79723983E-10	-4.58984375E-1	0.00000000E+0	0.00000000E+0
-4.61425781E-1	-4.76046980E-10	-4.76046980E-10	-4.61425781E-1	0.00000000E+0	0.00000000E+0
-4.63867187E-1	-4.80643025E-10	-4.80643025E-10	-4.63867187E-1	0.00000000E+0	0.00000000E+0
-4.66308594E-1	-4.84193019E-10	-4.84193019E-10	-4.66308594E-1	0.00000000E+0	0.00000000E+0
-4.68750000E-1	-4.85853024E-10	-4.85853024E-10	-4.68750000E-1	0.00000000E+0	0.00000000E+0
-4.71191406E-1	-4.80950002E-10	-4.80950002E-10	-4.71191406E-1	0.00000000E+0	0.00000000E+0
-4.73632812E-1	-4.88074026E-10	-4.88074026E-10	-4.73632812E-1	0.00000000E+0	0.00000000E+0
-4.76074219E-1	-4.90193997E-10	-4.90193997E-10	-4.76074219E-1	0.00000000E+0	0.00000000E+0
-4.78515625E-1	-4.92785979E-10	-4.92785979E-10	-4.78515625E-1	0.00000000E+0	0.00000000E+0
-4.80957031E-1	-4.92134999E-10	-4.92134999E-10	-4.80957031E-1	0.00000000E+0	0.00000000E+0
-4.83398437E-1	-4.95428976E-10	-4.95428976E-10	-4.83398437E-1	0.00000000E+0	0.00000000E+0
-4.85839844E-1	-4.96578001E-10	-4.96578001E-10	-4.85839844E-1	0.00000000E+0	0.00000000E+0
-4.88281250E-1	-5.00560982E-10	-5.00560982E-10	-4.88281250E-1	0.00000000E+0	0.00000000E+0
-4.90722656E-1	-5.01366004E-10	-5.01366004E-10	-4.90722656E-1	0.00000000E+0	0.00000000E+0
-4.93164062E-1	-5.01959974E-10	-5.01959974E-10	-4.93164062E-1	0.00000000E+0	0.00000000E+0
-4.90722656E-1	-4.56665011E-10	-4.56665011E-10	-4.90722656E-1	0.00000000E+0	0.00000000E+0
-4.88281250E-1	-4.47547999E-10	-4.47547999E-10	-4.88281250E-1	0.00000000E+0	0.00000000E+0
-4.85839844E-1	-4.43616005E-10	-4.43616005E-10	-4.85839844E-1	0.00000000E+0	0.00000000E+0
-4.83398437E-1	-4.38164005E-10	-4.38164005E-10	-4.83398437E-1	0.00000000E+0	0.00000000E+0
-4.80957031E-1	-4.37282988E-10	-4.37282988E-10	-4.80957031E-1	0.00000000E+0	0.00000000E+0
-4.78515625E-1	-4.29391994E-10	-4.29391994E-10	-4.78515625E-1	0.00000000E+0	0.00000000E+0
-4.76074219E-1	-4.30311009E-10	-4.30311009E-10	-4.76074219E-1	0.00000000E+0	0.00000000E+0
-4.73632812E-1	-4.24795005E-10	-4.24795005E-10	-4.73632812E-1	0.00000000E+0	0.00000000E+0
-4.71191406E-1	-4.25407987E-10	-4.25407987E-10	-4.71191406E-1	0.00000000E+0	0.00000000E+0
-4.68750000E-1	-4.16905011E-10	-4.16905011E-10	-4.68750000E-1	0.00000000E+0	0.00000000E+0
-4.66308594E-1	-4.21788993E-10	-4.21788993E-10	-4.66308594E-1	0.00000000E+0	0.00000000E+0
-4.63867187E-1	-4.15435991E-10	-4.15435991E-10	-4.63867187E-1	0.00000000E+0	0.00000000E+0
-4.61425781E-1	-4.17671009E-10	-4.17671009E-10	-4.61425781E-1	0.00000000E+0	0.00000000E+0
-4.58984375E-1	-4.08784007E-10	-4.08784007E-10	-4.58984375E-1	0.00000000E+0	0.00000000E+0
-4.56542969E-1	-4.13266005E-10	-4.13266005E-10	-4.56542969E-1	0.00000000E+0	0.00000000E+0
-4.54101562E-1	-4.03958006E-10	-4.03958006E-10	-4.54101562E-1	0.00000000E+0	0.00000000E+0
-4.51660156E-1	-4.07993000E-10	-4.07993000E-10	-4.51660156E-1	0.00000000E+0	0.00000000E+0
-4.49218750E-1	-3.97121003E-10	-3.97121003E-10	-4.49218750E-1	0.00000000E+0	0.00000000E+0
-4.46777344E-1	-4.02426009E-10	-4.02426009E-10	-4.46777344E-1	0.00000000E+0	0.00000000E+0
-4.44335937E-1	-3.94279998E-10	-3.94279998E-10	-4.44335937E-1	0.00000000E+0	0.00000000E+0
-4.41894531E-1	-3.97790995E-10	-3.97790995E-10	-4.41894531E-1	0.00000000E+0	0.00000000E+0
-4.39453125E-1	-3.88253013E-10	-3.88253013E-10	-4.39453125E-1	0.00000000E+0	0.00000000E+0
-4.37011719E-1	-3.95378008E-10	-3.95378008E-10	-4.37011719E-1	0.00000000E+0	0.00000000E+0
-4.34570312E-1	-3.83503007E-10	-3.83503007E-10	-4.34570312E-1	0.00000000E+0	0.00000000E+0
-4.32128906E-1	-3.90806998E-10	-3.90806998E-10	-4.32128906E-1	0.00000000E+0	0.00000000E+0
-4.29687500E-1	-3.79180992E-10	-3.79180992E-10	-4.29687500E-1	0.00000000E+0	0.00000000E+0
-4.27246094E-1	-3.87283011E-10	-3.87283011E-10	-4.27246094E-1	0.00000000E+0	0.00000000E+0
-4.24804687E-1	-3.75669995E-10	-3.75669995E-10	-4.24804687E-1	0.00000000E+0	0.00000000E+0
-4.22363281E-1	-3.82712001E-10	-3.82712001E-10	-4.22363281E-1	0.00000000E+0	0.00000000E+0
-4.19921875E-1	-3.70351999E-10	-3.70351999E-10	-4.19921875E-1	0.00000000E+0	0.00000000E+0
-4.17480469E-1	-3.78920006E-10	-3.78920006E-10	-4.17480469E-1	0.00000000E+0	0.00000000E+0
-4.15039062E-1	-3.65960012E-10	-3.65960012E-10	-4.15039062E-1	0.00000000E+0	0.00000000E+0
-4.12597656E-1	-3.72854997E-10	-3.72854997E-10	-4.12597656E-1	0.00000000E+0	0.00000000E+0
-4.10156250E-1	-3.60751012E-10	-3.60751012E-10	-4.10156250E-1	0.00000000E+0	0.00000000E+0
-4.07714844E-1	-3.69752007E-10	-3.69752007E-10	-4.07714844E-1	0.00000000E+0	0.00000000E+0
-4.05273437E-1	-3.57864988E-10	-3.57864988E-10	-4.05273437E-1	0.00000000E+0	0.00000000E+0
-4.02832031E-1	-3.65218994E-10	-3.65218994E-10	-4.02832031E-1	0.00000000E+0	0.00000000E+0
-4.00390625E-1	-3.51174007E-10	-3.51174007E-10	-4.00390625E-1	0.00000000E+0	0.00000000E+0
-3.97949219E-1	-3.59696994E-10	-3.59696994E-10	-3.97949219E-1	0.00000000E+0	0.00000000E+0
-3.95507812E-1	-3.48110013E-10	-3.48110013E-10	-3.95507812E-1	0.00000000E+0	0.00000000E+0
-3.93066406E-1	-3.55872998E-10	-3.55872998E-10	-3.93066406E-1	0.00000000E+0	0.00000000E+0
-3.90625000E-1	-3.44050011E-10	-3.44050011E-10	-3.90625000E-1	0.00000000E+0	0.00000000E+0
-3.88183594E-1	-3.52093993E-10	-3.52093993E-10	-3.88183594E-1	0.00000000E+0	0.00000000E+0
-3.85742187E-1	-3.40601991E-10	-3.40601991E-10	-3.85742187E-1	0.00000000E+0	0.00000000E+0
-3.83300781E-1	-3.46693008E-10	-3.46693008E-10	-3.83300781E-1	0.00000000E+0	0.00000000E+0
-3.80859375E-1	-3.34678008E-10	-3.34678008E-10	-3.80859375E-1	0.00000000E+0	0.00000000E+0
-3.78417969E-1	-3.42134987E-10	-3.42134987E-10	-3.78417969E-1	0.00000000E+0	0.00000000E+0
-3.75976562E-1	-3.30030003E-10	-3.30030003E-10	-3.75976562E-1	0.00000000E+0	0.00000000E+0
-3.73535156E-1	-3.37997991E-10	-3.37997991E-10	-3.73535156E-1	0.00000000E+0	0.00000000E+0
-3.71093750E-1	-3.26353000E-10	-3.26353000E-10	-3.71093750E-1	0.00000000E+0	0.00000000E+0
-3.68652344E-1	-3.34549999E-10	-3.34549999E-10	-3.68652344E-1	0.00000000E+0	0.00000000E+0
-3.66210937E-1	-3.22369992E-10	-3.22369992E-10	-3.66210937E-1	0.00000000E+0	0.00000000E+0
-3.63769531E-1	-3.30030003E-10	-3.30030003E-10	-3.63769531E-1	0.00000000E+0	0.00000000E+0
-3.61328125E-1	-3.18597010E-10	-3.18597010E-10	-3.61328125E-1	0.00000000E+0	0.00000000E+0
-3.58886719E-1	-3.25127009E-10	-3.25127009E-10	-3.58886719E-1	0.00000000E+0	0.00000000E+0
-3.56445312E-1	-3.14478998E-10	-3.14478998E-10	-3.56445312E-1	0.00000000E+0	0.00000000E+0
-3.54003906E-1	-3.20646010E-10	-3.20646010E-10	-3.54003906E-1	0.00000000E+0	0.00000000E+0
-3.51562500E-1	-3.11362991E-10	-3.11362991E-10	-3.51562500E-1	0.00000000E+0	0.00000000E+0
-3.49121094E-1	-3.15627996E-10	-3.15627996E-10	-3.49121094E-1	0.00000000E+0	0.00000000E+0
-3.46679687E-1	-3.05285991E-10	-3.05285991E-10	-3.46679687E-1	0.00000000E+0	0.00000000E+0
-3.44238281E-1	-3.10853010E-10	-3.10853010E-10	-3.44238281E-1	0.00000000E+0	0.00000000E+0
-3.41796875E-1	-3.03580994E-10	-3.03580994E-10	-3.41796875E-1	0.00000000E+0	0.00000000E+0
-3.39355469E-1	-3.07047998E-10	-3.07047998E-10	-3.39355469E-1	0.00000000E+0	0.00000000E+0
-3.36914062E-1	-2.98697012E-10	-2.98697012E-10	-3.36914062E-1	0.00000000E+0	0.00000000E+0
-3.34472656E-1	-3.04940989E-10	-3.04940989E-10	-3.34472656E-1	0.00000000E+0	0.00000000E+0
-3.32031250E-1	-2.95231006E-10	-2.95231006E-10	-3.32031250E-1	0.00000000E+0	0.00000000E+0
-3.29589844E-1	-2.99923003E-10	-2.99923003E-10	-3.29589844E-1	0.00000000E+0	0.00000000E+0
-3.27148437E-1	-2.90960006E-10	-2.90960006E-10	-3.27148437E-1	0.00000000E+0	0.00000000E+0
-3.24707031E-1	-2.96093011E-10	-2.96093011E-10	-3.24707031E-1	0.00000000E+0	0.00000000E+0
-3.22265625E-1	-2.88049001E-10	-2.88049001E-10	-3.22265625E-1	0.00000000E+0	0.00000000E+0
-3.19824219E-1	-2.91726004E-10	-2.91726004E-10	-3.19824219E-1	0.00000000E+0	0.00000000E+0
-3.17382812E-1	-2.83988999E-10	-2.83988999E-10	-3.17382812E-1	0.00000000E+0	0.00000000E+0
-3.14941406E-1	-2.86900004E-10	-2.86900004E-10	-3.14941406E-1	0.00000000E+0	0.00000000E+0
-3.12500000E-1	-2.80566986E-10	-2.80566986E-10	-3.12500000E-1	0.00000000E+0	0.00000000E+0
-3.10058594E-1	-2.81716012E-10	-2.81716012E-10	-3.10058594E-1	0.00000000E+0	0.00000000E+0
-3.07617187E-1	-2.74949008E-10	-2.74949008E-10	-3.07617187E-1	0.00000000E+0	0.00000000E+0
-3.05175781E-1	-2.77860013E-10	-2.77860013E-10	-3.05175781E-1	0.00000000E+0	0.00000000E+0
-3.02734375E-1	-2.71616007E-10	-2.71616007E-10	-3.02734375E-1	0.00000000E+0	0.00000000E+0
-3.00292969E-1	-2.72956990E-10	-2.72956990E-10	-3.00292969E-1	0.00000000E+0	0.00000000E+0
-2.97851562E-1	-2.68188000E-10	-2.68188000E-10	-2.97851562E-1	0.00000000E+0	0.00000000E+0
-2.95410156E-1	-2.69279987E-10	-2.69279987E-10	-2.95410156E-1	0.00000000E+0	0.00000000E+0
-2.92968750E-1	-2.65679007E-10	-2.65679007E-10	-2.92968750E-1	0.00000000E+0	0.00000000E+0
-2.90527344E-1	-2.63764011E-10	-2.63764011E-10	-2.90527344E-1	0.00000000E+0	0.00000000E+0
-2.88085937E-1	-2.61184990E-10	-2.61184990E-10	-2.88085937E-1	0.00000000E+0	0.00000000E+0
-2.85644531E-1	-2.60929001E-10	-2.60929001E-10	-2.85644531E-1	0.00000000E+0	0.00000000E+0
-2.83203125E-1	-2.57915994E-10	-2.57915994E-10	-2.83203125E-1	0.00000000E+0	0.00000000E+0
-2.80761719E-1	-2.56231009E-10	-2.56231009E-10	-2.80761719E-1	0.00000000E+0	0.00000000E+0
-2.78320312E-1	-2.53345012E-10	-2.53345012E-10	-2.78320312E-1	0.00000000E+0	0.00000000E+0
-2.75878906E-1	-2.53000010E-10	-2.53000010E-10	-2.75878906E-1	0.00000000E+0	0.00000000E+0
-2.73437500E-1	-2.51890009E-10	-2.51890009E-10	-2.73437500E-1	0.00000000E+0	0.00000000E+0
-2.70996094E-1	-2.48575993E-10	-2.48575993E-10	-2.70996094E-1	0.00000000E+0	0.00000000E+0
-2.68554687E-1	-2.45760995E-10	-2.45760995E-10	-2.68554687E-1	0.00000000E+0	0.00000000E+0
-2.66113281E-1	-2.44535003E-10	-2.44535003E-10	-2.66113281E-1	0.00000000E+0	0.00000000E+0
-2.63671875E-1	-2.43921994E-10	-2.43921994E-10	-2.63671875E-1	0.00000000E+0	0.00000000E+0
-2.61230469E-1	-2.39861991E-10	-2.39861991E-10	-2.61230469E-1	0.00000000E+0	0.00000000E+0
-2.58789062E-1	-2.39747000E-10	-2.39747000E-10	-2.58789062E-1	0.00000000E+0	0.00000000E+0
-2.56347656E-1	-2.36490993E-10	-2.36490993E-10	-2.56347656E-1	0.00000000E+0	0.00000000E+0
-2.53906250E-1	-2.37615011E-10	-2.37615011E-10	-2.53906250E-1	0.00000000E+0	0.00000000E+0
-2.51464844E-1	-2.31569000E-10	-2.31569000E-10	-2.51464844E-1	0.00000000E+0	0.00000000E+0
-2.49023437E-1	-2.32661002E-10	-2.32661002E-10	-2.49023437E-1	0.00000000E+0	0.00000000E+0
-2.46582031E-1	-2.27834002E-10	-2.27834002E-10	-2.46582031E-1	0.00000000E+0	0.00000000E+0
-2.44140625E-1	-2.28907004E-10	-2.28907004E-10	-2.44140625E-1	0.00000000E+0	0.00000000E+0
-2.41699219E-1	-2.24156999E-10	-2.24156999E-10	-2.41699219E-1	0.00000000E+0	0.00000000E+0
-2.39257812E-1	-2.25849006E-10	-2.25849006E-10	-2.39257812E-1	0.00000000E+0	0.00000000E+0
-2.36816406E-1	-2.21476004E-10	-2.21476004E-10	-2.36816406E-1	0.00000000E+0	0.00000000E+0
-2.34375000E-1	-2.23409999E-10	-2.23409999E-10	-2.34375000E-1	0.00000000E+0	0.00000000E+0
-2.31933594E-1	-2.14935000E-10	-2.14935000E-10	-2.31933594E-1	0.00000000E+0	0.00000000E+0
-2.29492187E-1	-2.18257995E-10	-2.18257995E-10	-2.29492187E-1	0.00000000E+0	0.00000000E+0
-2.27050781E-1	-2.12869999E-10	-2.12869999E-10	-2.27050781E-1	0.00000000E+0	0.00000000E+0
-2.24609375E-1	-2.16955995E-10	-2.16955995E-10	-2.24609375E-1	0.00000000E+0	0.00000000E+0
-2.22167969E-1	-2.07992998E-10	-2.07992998E-10	-2.22167969E-1	0.00000000E+0	0.00000000E+0
-2.19726562E-1	-2.13967996E-10	-2.13967996E-10	-2.19726562E-1	0.00000000E+0	0.00000000E+0
-2.17285156E-1	-2.05541001E-10	-2.05541001E-10	-2.17285156E-1	0.00000000E+0	0.00000000E+0
-2.14843750E-1	-2.10616996E-10	-2.10616996E-10	-2.14843750E-1	0.00000000E+0	0.00000000E+0
-2.12402344E-1	-1.99671002E-10	-1.99671002E-10	-2.12402344E-1	0.00000000E+0	0.00000000E+0
-2.09960937E-1	-2.05082007E-10	-2.05082007E-10	-2.09960937E-1	0.00000000E+0	0.00000000E+0
-2.07519531E-1	-1.95505001E-10	-1.95505001E-10	-2.07519531E-1	0.00000000E+0	0.00000000E+0
-2.05078125E-1	-2.02745001E-10	-2.02745001E-10	-2.05078125E-1	0.00000000E+0	0.00000000E+0
-2.02636719E-1	-1.92288005E-10	-1.92288005E-10	-2.02636719E-1	0.00000000E+0	0.00000000E+0
-2.00195312E-1	-2.00434003E-10	-2.00434003E-10	-2.00195312E-1	0.00000000E+0	0.00000000E+0
-1.97753906E-1	-1.90832003E-10	-1.90832003E-10	-1.97753906E-1	0.00000000E+0	0.00000000E+0
-1.95312500E-1	-1.97651007E-10	-1.97651007E-10	-1.95312500E-1	0.00000000E+0	0.00000000E+0
-1.92871094E-1	-1.83439999E-10	-1.83439999E-10	-1.92871094E-1	0.00000000E+0	0.00000000E+0
-1.90429687E-1	-1.91522007E-10	-1.91522007E-10	-1.90429687E-1	0.00000000E+0	0.00000000E+0
-1.87988281E-1	-1.81102994E-10	-1.81102994E-10	-1.87988281E-1	0.00000000E+0	0.00000000E+0
-1.85546875E-1	-1.90832003E-10	-1.90832003E-10	-1.85546875E-1	0.00000000E+0	0.00000000E+0
-1.83105469E-1	-1.78039000E-10	-1.78039000E-10	-1.83105469E-1	0.00000000E+0	0.00000000E+0
-1.80664062E-1	-1.87920998E-10	-1.87920998E-10	-1.80664062E-1	0.00000000E+0	0.00000000E+0
-1.78222656E-1	-1.72497003E-10	-1.72497003E-10	-1.78222656E-1	0.00000000E+0	0.00000000E+0
-1.75781250E-1	-1.83938004E-10	-1.83938004E-10	-1.75781250E-1	0.00000000E+0	0.00000000E+0
-1.73339844E-1	-1.68846007E-10	-1.68846007E-10	-1.73339844E-1	0.00000000E+0	0.00000000E+0
-1.70898437E-1	-1.80000001E-10	-1.80000001E-10	-1.70898437E-1	0.00000000E+0	0.00000000E+0
-1.68457031E-1	-1.67651004E-10	-1.67651004E-10	-1.68457031E-1	0.00000000E+0	0.00000000E+0
-1.66015625E-1	-1.77566004E-10	-1.77566004E-10	-1.66015625E-1	0.00000000E+0	0.00000000E+0
-1.63574219E-1	-1.63483005E-10	-1.63483005E-10	-1.63574219E-1	0.00000000E+0	0.00000000E+0
-1.61132812E-1	-1.75117004E-10	-1.75117004E-10	-1.61132812E-1	0.00000000E+0	0.00000000E+0
-1.58691406E-1	-1.61388999E-10	-1.61388999E-10	-1.58691406E-1	0.00000000E+0	0.00000000E+0
-1.56250000E-1	-1.74866996E-10	-1.74866996E-10	-1.56250000E-1	0.00000000E+0	0.00000000E+0
-1.53808594E-1	-1.54953994E-10	-1.54953994E-10	-1.53808594E-1	0.00000000E+0	0.00000000E+0
-1.51367187E-1	-1.67971997E-10	-1.67971997E-10	-1.51367187E-1	0.00000000E+0	0.00000000E+0
-1.48925781E-1	-1.53743004E-10	-1.53743004E-10	-1.48925781E-1	0.00000000E+0	0.00000000E+0
-1.46484375E-1	-1.65896005E-10	-1.65896005E-10	-1.46484375E-1	0.00000000E+0	0.00000000E+0
-1.44042969E-1	-1.49540005E-10	-1.49540005E-10	-1.44042969E-1	0.00000000E+0	0.00000000E+0
-1.41601562E-1	-1.60553001E-10	-1.60553001E-10	-1.41601562E-1	0.00000000E+0	0.00000000E+0
-1.39160156E-1	-1.46553006E-10	-1.46553006E-10	-1.39160156E-1	0.00000000E+0	0.00000000E+0
-1.36718750E-1	-1.58043995E-10	-1.58043995E-10	-1.36718750E-1	0.00000000E+0	0.00000000E+0
-1.34277344E-1	-1.39734002E-10	-1.39734002E-10	-1.34277344E-1	0.00000000E+0	0.00000000E+0
-1.31835937E-1	-1.50268006E-10	-1.50268006E-10	-1.31835937E-1	0.00000000E+0	0.00000000E+0
-1.29394531E-1	-1.34984995E-10	-1.34984995E-10	-1.29394531E-1	0.00000000E+0	0.00000000E+0
-1.26953125E-1	-1.46987006E-10	-1.46987006E-10	-1.26953125E-1	0.00000000E+0	0.00000000E+0
-1.24511719E-1	-1.28415001E-10	-1.28415001E-10	-1.24511719E-1	0.00000000E+0	0.00000000E+0
-1.22070312E-1	-1.39939005E-10	-1.39939005E-10	-1.22070312E-1	0.00000000E+0	0.00000000E+0
-1.19628906E-1	-1.24121005E-10	-1.24121005E-10	-1.19628906E-1	0.00000000E+0	0.00000000E+0
-1.17187500E-1	-1.37896000E-10	-1.37896000E-10	-1.17187500E-1	0.00000000E+0	0.00000000E+0
-1.14746094E-1	-1.14300000E-10	-1.14300000E-10	-1.14746094E-1	0.00000000E+0	0.00000000E+0
-1.12304687E-1	-1.24910998E-10	-1.24910998E-10	-1.12304687E-1	0.00000000E+0	0.00000000E+0
-1.09863281E-1	-1.09091000E-10	-1.09091000E-10	-1.09863281E-1	0.00000000E+0	0.00000000E+0
-1.07421875E-1	-1.22879998E-10	-1.22879998E-10	-1.07421875E-1	0.00000000E+0	0.00000000E+0
-1.04980469E-1	-1.06218000E-10	-1.06218000E-10	-1.04980469E-1	0.00000000E+0	0.00000000E+0
-1.02539062E-1	-1.21373994E-10	-1.21373994E-10	-1.02539062E-1	0.00000000E+0	0.00000000E+0
-1.00097656E-1	-1.10955002E-10	-1.10955002E-10	-1.00097656E-1	0.00000000E+0	0.00000000E+0
-9.76562500E-2	-1.27783006E-10	-1.27783006E-10	-9.76562500E-2	0.00000000E+0	0.00000000E+0
-9.52148438E-2	-1.11415002E-10	-1.11415002E-10	-9.52148438E-2	0.00000000E+0	0.00000000E+0
-9.27734375E-2	-1.27668001E-10	-1.27668001E-10	-9.27734375E-2	0.00000000E+0	0.00000000E+0
-9.03320313E-2	-1.14741001E-10	-1.14741001E-10	-9.03320313E-2	0.00000000E+0	0.00000000E+0
-8.78906250E-2	-1.25676997E-10	-1.25676997E-10	-8.78906250E-2	0.00000000E+0	0.00000000E+0
-8.54492188E-2	-1.08631000E-10	-1.08631000E-10	-8.54492188E-2	0.00000000E+0	0.00000000E+0
-8.30078125E-2	-1.23999006E-10	-1.23999006E-10	-8.30078125E-2	0.00000000E+0	0.00000000E+0
-8.05664063E-2	-1.06332998E-10	-1.06332998E-10	-8.05664063E-2	0.00000000E+0	0.00000000E+0
-7.81250000E-2	-1.14741001E-10	-1.14741001E-10	-7.81250000E-2	0.00000000E+0	0.00000000E+0
-7.56835938E-2	-9.41301967E-11	-9.41301967E-11	-7.56835938E-2	0.00000000E+0	0.00000000E+0
-7.32421875E-2	-1.03498002E-10	-1.03498002E-10	-7.32421875E-2	0.00000000E+0	0.00000000E+0
-7.08007813E-2	-9.02451031E-11	-9.02451031E-11	-7.08007813E-2	0.00000000E+0	0.00000000E+0
-6.83593750E-2	-9.92848997E-11	-9.92848997E-11	-6.83593750E-2	0.00000000E+0	0.00000000E+0
-6.59179688E-2	-8.28139987E-11	-8.28139987E-11	-6.59179688E-2	0.00000000E+0	0.00000000E+0
-6.34765625E-2	-9.23901025E-11	-9.23901025E-11	-6.34765625E-2	0.00000000E+0	0.00000000E+0
-6.10351563E-2	-7.81408965E-11	-7.81408965E-11	-6.10351563E-2	0.00000000E+0	0.00000000E+0
-5.85937500E-2	-8.64147018E-11	-8.64147018E-11	-5.85937500E-2	0.00000000E+0	0.00000000E+0
-5.61523438E-2	-7.06907033E-11	-7.06907033E-11	-5.61523438E-2	0.00000000E+0	0.00000000E+0
-5.37109375E-2	-7.85239998E-11	-7.85239998E-11	-5.37109375E-2	0.00000000E+0	0.00000000E+0
-5.12695313E-2	-6.76455003E-11	-6.76455003E-11	-5.12695313E-2	0.00000000E+0	0.00000000E+0
-4.88281250E-2	-7.41725986E-11	-7.41725986E-11	-4.88281250E-2	0.00000000E+0	0.00000000E+0
-4.63867188E-2	-5.96781999E-11	-5.96781999E-11	-4.63867188E-2	0.00000000E+0	0.00000000E+0
-4.39453125E-2	-6.69560032E-11	-6.69560032E-11	-4.39453125E-2	0.00000000E+0	0.00000000E+0
-4.15039063E-2	-5.46111004E-11	-5.46111004E-11	-4.15039063E-2	0.00000000E+0	0.00000000E+0
-3.90625000E-2	-6.21296972E-11	-6.21296972E-11	-3.90625000E-2	0.00000000E+0	0.00000000E+0
-3.66210938E-2	-4.64760001E-11	-4.64760001E-11	-3.66210938E-2	0.00000000E+0	0.00000000E+0
-3.41796875E-2	-5.19406983E-11	-5.19406983E-11	-3.41796875E-2	0.00000000E+0	0.00000000E+0
-3.17382813E-2	-4.26518994E-11	-4.26518994E-11	-3.17382813E-2	0.00000000E+0	0.00000000E+0
-2.92968750E-2	-4.84167012E-11	-4.84167012E-11	-2.92968750E-2	0.00000000E+0	0.00000000E+0
-2.68554688E-2	-3.42823998E-11	-3.42823998E-11	-2.68554688E-2	0.00000000E+0	0.00000000E+0
-2.44140625E-2	-4.12921017E-11	-4.12921017E-11	-2.44140625E-2	0.00000000E+0	0.00000000E+0
-2.19726563E-2	-3.12256991E-11	-3.12256991E-11	-2.19726563E-2	0.00000000E+0	0.00000000E+0
-1.95312500E-2	-3.54260996E-11	-3.54260996E-11	-1.95312500E-2	0.00000000E+0	0.00000000E+0
-1.70898438E-2	-2.33426993E-11	-2.33426993E-11	-1.70898438E-2	0.00000000E+0	0.00000000E+0
-1.46484375E-2	-2.78856001E-11	-2.78856001E-11	-1.46484375E-2	0.00000000E+0	0.00000000E+0
-1.22070313E-2	-2.08376007E-11	-2.08376007E-11	-1.22070313E-2	0.00000000E+0	0.00000000E+0
-9.76562500E-3	-2.48212007E-11	-2.48212007E-11	-9.76562500E-3	0.00000000E+0	0.00000000E+0
-7.32421875E-3	-1.63943008E-11	-1.63943008E-11	-7.32421875E-3	0.00000000E+0	0.00000000E+0
-4.88281250E-3	-1.97012007E-11	-1.97012007E-11	-4.88281250E-3	0.00000000E+0	0.00000000E+0
-2.44140625E-3	-1.35751002E-11	-1.35751002E-11	-2.44140625E-3	0.00000000E+0	0.00000000E+0
0.00000000E+0	-2.13482999E-11	-2.13482999E-11	0.00000000E+0	0.00000000E+0	0.00000000E+0
