Date: do 28 mrt 2013, Material: Au, Temp: 4.2 K
AO1 - module gain: 1.0E+0, R_out: 0.0
AO2 - module gain: 1.0E+2
MUX1 - ADC gain: 4, logarithmic amplifier: D:\LabVIEW Data\Lithographic MCBJ\MED24_070412.TXT, R_in: 0.000
MUX2 - ADC gain: 4, linear amplifier: 1.000000 x 1e10 V/A, R_in: 1.000
Breaking trace: 15 0
Axis position: -885.042005
Vbias (V)	<I> and Ii MUX1 (A)	Vbias (V)	<I> and Ii MUX2 (A)
@
0.00000000E+0	-1.53610999E-10	-1.53610999E-10	0.00000000E+0	0.00000000E+0	0.00000000E+0
2.44140625E-3	3.77707005E-10	3.77707005E-10	2.44140625E-3	0.00000000E+0	0.00000000E+0
4.88281250E-3	1.05077003E-9	1.05077003E-9	4.88281250E-3	0.00000000E+0	0.00000000E+0
7.32421875E-3	1.80930004E-9	1.80930004E-9	7.32421875E-3	0.00000000E+0	0.00000000E+0
9.76562500E-3	2.51084997E-9	2.51084997E-9	9.76562500E-3	0.00000000E+0	0.00000000E+0
1.22070313E-2	3.17367999E-9	3.17367999E-9	1.22070313E-2	0.00000000E+0	0.00000000E+0
1.46484375E-2	3.94279986E-9	3.94279986E-9	1.46484375E-2	0.00000000E+0	0.00000000E+0
1.70898438E-2	4.75596984E-9	4.75596984E-9	1.70898438E-2	0.00000000E+0	0.00000000E+0
1.95312500E-2	5.60594993E-9	5.60594993E-9	1.95312500E-2	0.00000000E+0	0.00000000E+0
2.19726563E-2	6.39367981E-9	6.39367981E-9	2.19726563E-2	0.00000000E+0	0.00000000E+0
2.44140625E-2	7.18253990E-9	7.18253990E-9	2.44140625E-2	0.00000000E+0	0.00000000E+0
2.68554688E-2	7.93343968E-9	7.93343968E-9	2.68554688E-2	0.00000000E+0	0.00000000E+0
2.92968750E-2	8.70408012E-9	8.70408012E-9	2.92968750E-2	0.00000000E+0	0.00000000E+0
3.17382813E-2	9.45802014E-9	9.45802014E-9	3.17382813E-2	0.00000000E+0	0.00000000E+0
3.41796875E-2	1.03133004E-8	1.03133004E-8	3.41796875E-2	0.00000000E+0	0.00000000E+0
3.66210938E-2	1.11325003E-8	1.11325003E-8	3.66210938E-2	0.00000000E+0	0.00000000E+0
3.90625000E-2	1.19469998E-8	1.19469998E-8	3.90625000E-2	0.00000000E+0	0.00000000E+0
4.15039063E-2	1.27010003E-8	1.27010003E-8	4.15039063E-2	0.00000000E+0	0.00000000E+0
4.39453125E-2	1.36473997E-8	1.36473997E-8	4.39453125E-2	0.00000000E+0	0.00000000E+0
4.63867188E-2	1.07552998E-8	1.07552998E-8	4.63867188E-2	0.00000000E+0	0.00000000E+0
4.88281250E-2	1.25105002E-8	1.25105002E-8	4.88281250E-2	0.00000000E+0	0.00000000E+0
5.12695313E-2	1.17166001E-8	1.17166001E-8	5.12695313E-2	0.00000000E+0	0.00000000E+0
5.37109375E-2	1.07984004E-8	1.07984004E-8	5.37109375E-2	0.00000000E+0	0.00000000E+0
5.61523438E-2	9.87826976E-9	9.87826976E-9	5.61523438E-2	0.00000000E+0	0.00000000E+0
5.85937500E-2	9.12394960E-9	9.12394960E-9	5.85937500E-2	0.00000000E+0	0.00000000E+0
6.10351563E-2	8.61752980E-9	8.61752980E-9	6.10351563E-2	0.00000000E+0	0.00000000E+0
6.34765625E-2	8.24397972E-9	8.24397972E-9	6.34765625E-2	0.00000000E+0	0.00000000E+0
6.59179688E-2	7.98354982E-9	7.98354982E-9	6.59179688E-2	0.00000000E+0	0.00000000E+0
6.83593750E-2	7.74779974E-9	7.74779974E-9	6.83593750E-2	0.00000000E+0	0.00000000E+0
7.08007813E-2	7.58912044E-9	7.58912044E-9	7.08007813E-2	0.00000000E+0	0.00000000E+0
7.32421875E-2	7.46384021E-9	7.46384021E-9	7.32421875E-2	0.00000000E+0	0.00000000E+0
7.56835938E-2	7.36323980E-9	7.36323980E-9	7.56835938E-2	0.00000000E+0	0.00000000E+0
7.81250000E-2	7.31730987E-9	7.31730987E-9	7.81250000E-2	0.00000000E+0	0.00000000E+0
8.05664063E-2	7.26606020E-9	7.26606020E-9	8.05664063E-2	0.00000000E+0	0.00000000E+0
8.30078125E-2	7.22923010E-9	7.22923010E-9	8.30078125E-2	0.00000000E+0	0.00000000E+0
8.54492188E-2	7.22012006E-9	7.22012006E-9	8.54492188E-2	0.00000000E+0	0.00000000E+0
8.78906250E-2	7.23568983E-9	7.23568983E-9	8.78906250E-2	0.00000000E+0	0.00000000E+0
9.03320313E-2	7.23568983E-9	7.23568983E-9	9.03320313E-2	0.00000000E+0	0.00000000E+0
9.27734375E-2	7.34350003E-9	7.34350003E-9	9.27734375E-2	0.00000000E+0	0.00000000E+0
9.52148438E-2	7.37272998E-9	7.37272998E-9	9.52148438E-2	0.00000000E+0	0.00000000E+0
9.76562500E-2	7.42170991E-9	7.42170991E-9	9.76562500E-2	0.00000000E+0	0.00000000E+0
1.00097656E-1	7.47485007E-9	7.47485007E-9	1.00097656E-1	0.00000000E+0	0.00000000E+0
1.02539062E-1	7.53028040E-9	7.53028040E-9	1.02539062E-1	0.00000000E+0	0.00000000E+0
1.04980469E-1	7.58912044E-9	7.58912044E-9	1.04980469E-1	0.00000000E+0	0.00000000E+0
1.07421875E-1	7.63960983E-9	7.63960983E-9	1.07421875E-1	0.00000000E+0	0.00000000E+0
1.09863281E-1	7.74134978E-9	7.74134978E-9	1.09863281E-1	0.00000000E+0	0.00000000E+0
1.12304687E-1	7.83663978E-9	7.83663978E-9	1.12304687E-1	0.00000000E+0	0.00000000E+0
1.14746094E-1	7.95165978E-9	7.95165978E-9	1.14746094E-1	0.00000000E+0	0.00000000E+0
1.17187500E-1	8.03100964E-9	8.03100964E-9	1.17187500E-1	0.00000000E+0	0.00000000E+0
1.19628906E-1	8.16122014E-9	8.16122014E-9	1.19628906E-1	0.00000000E+0	0.00000000E+0
1.22070312E-1	8.28687963E-9	8.28687963E-9	1.22070312E-1	0.00000000E+0	0.00000000E+0
1.24511719E-1	8.35103009E-9	8.35103009E-9	1.24511719E-1	0.00000000E+0	0.00000000E+0
1.26953125E-1	8.43910986E-9	8.43910986E-9	1.26953125E-1	0.00000000E+0	0.00000000E+0
1.29394531E-1	8.68547989E-9	8.68547989E-9	1.29394531E-1	0.00000000E+0	0.00000000E+0
1.31835937E-1	8.82366979E-9	8.82366979E-9	1.31835937E-1	0.00000000E+0	0.00000000E+0
1.34277344E-1	8.95501984E-9	8.95501984E-9	1.34277344E-1	0.00000000E+0	0.00000000E+0
1.36718750E-1	9.10382969E-9	9.10382969E-9	1.36718750E-1	0.00000000E+0	0.00000000E+0
1.39160156E-1	9.25644006E-9	9.25644006E-9	1.39160156E-1	0.00000000E+0	0.00000000E+0
1.41601562E-1	9.33604039E-9	9.33604039E-9	1.41601562E-1	0.00000000E+0	0.00000000E+0
1.44042969E-1	9.39690015E-9	9.39690015E-9	1.44042969E-1	0.00000000E+0	0.00000000E+0
1.46484375E-1	9.57191038E-9	9.57191038E-9	1.46484375E-1	0.00000000E+0	0.00000000E+0
1.48925781E-1	9.71389014E-9	9.71389014E-9	1.48925781E-1	0.00000000E+0	0.00000000E+0
1.51367187E-1	9.88433957E-9	9.88433957E-9	1.51367187E-1	0.00000000E+0	0.00000000E+0
1.53808594E-1	1.00552002E-8	1.00552002E-8	1.53808594E-1	0.00000000E+0	0.00000000E+0
1.56250000E-1	1.02301998E-8	1.02301998E-8	1.56250000E-1	0.00000000E+0	0.00000000E+0
1.58691406E-1	1.03949001E-8	1.03949001E-8	1.58691406E-1	0.00000000E+0	0.00000000E+0
1.61132812E-1	1.05676996E-8	1.05676996E-8	1.61132812E-1	0.00000000E+0	0.00000000E+0
1.63574219E-1	1.06049001E-8	1.06049001E-8	1.63574219E-1	0.00000000E+0	0.00000000E+0
1.66015625E-1	1.08923004E-8	1.08923004E-8	1.66015625E-1	0.00000000E+0	0.00000000E+0
1.68457031E-1	1.10900000E-8	1.10900000E-8	1.68457031E-1	0.00000000E+0	0.00000000E+0
1.70898437E-1	1.12903997E-8	1.12903997E-8	1.70898437E-1	0.00000000E+0	0.00000000E+0
1.73339844E-1	1.14618999E-8	1.14618999E-8	1.73339844E-1	0.00000000E+0	0.00000000E+0
1.75781250E-1	1.16744996E-8	1.16744996E-8	1.75781250E-1	0.00000000E+0	0.00000000E+0
1.78222656E-1	1.18532002E-8	1.18532002E-8	1.78222656E-1	0.00000000E+0	0.00000000E+0
1.80664062E-1	1.20052999E-8	1.20052999E-8	1.80664062E-1	0.00000000E+0	0.00000000E+0
1.83105469E-1	1.21798998E-8	1.21798998E-8	1.83105469E-1	0.00000000E+0	0.00000000E+0
1.85546875E-1	1.24017001E-8	1.24017001E-8	1.85546875E-1	0.00000000E+0	0.00000000E+0
1.87988281E-1	1.25903004E-8	1.25903004E-8	1.87988281E-1	0.00000000E+0	0.00000000E+0
1.90429687E-1	1.28137003E-8	1.28137003E-8	1.90429687E-1	0.00000000E+0	0.00000000E+0
1.92871094E-1	1.31122002E-8	1.31122002E-8	1.92871094E-1	0.00000000E+0	0.00000000E+0
1.95312500E-1	1.32702000E-8	1.32702000E-8	1.95312500E-1	0.00000000E+0	0.00000000E+0
1.97753906E-1	1.34027003E-8	1.34027003E-8	1.97753906E-1	0.00000000E+0	0.00000000E+0
2.00195312E-1	1.36244998E-8	1.36244998E-8	2.00195312E-1	0.00000000E+0	0.00000000E+0
2.02636719E-1	1.37849998E-8	1.37849998E-8	2.02636719E-1	0.00000000E+0	0.00000000E+0
2.05078125E-1	1.39405003E-8	1.39405003E-8	2.05078125E-1	0.00000000E+0	0.00000000E+0
2.07519531E-1	1.41902001E-8	1.41902001E-8	2.07519531E-1	0.00000000E+0	0.00000000E+0
2.09960937E-1	1.42387000E-8	1.42387000E-8	2.09960937E-1	0.00000000E+0	0.00000000E+0
2.12402344E-1	1.44005003E-8	1.44005003E-8	2.12402344E-1	0.00000000E+0	0.00000000E+0
2.14843750E-1	1.45305004E-8	1.45305004E-8	2.14843750E-1	0.00000000E+0	0.00000000E+0
2.17285156E-1	1.46999000E-8	1.46999000E-8	2.17285156E-1	0.00000000E+0	0.00000000E+0
2.19726562E-1	1.49242005E-8	1.49242005E-8	2.19726562E-1	0.00000000E+0	0.00000000E+0
2.22167969E-1	1.44883998E-8	1.44883998E-8	2.22167969E-1	0.00000000E+0	0.00000000E+0
2.24609375E-1	1.51740007E-8	1.51740007E-8	2.24609375E-1	0.00000000E+0	0.00000000E+0
2.27050781E-1	1.53524002E-8	1.53524002E-8	2.27050781E-1	0.00000000E+0	0.00000000E+0
2.29492187E-1	1.54747006E-8	1.54747006E-8	2.29492187E-1	0.00000000E+0	0.00000000E+0
2.31933594E-1	1.56582001E-8	1.56582001E-8	2.31933594E-1	0.00000000E+0	0.00000000E+0
2.34375000E-1	1.58060001E-8	1.58060001E-8	2.34375000E-1	0.00000000E+0	0.00000000E+0
2.36816406E-1	1.59921001E-8	1.59921001E-8	2.36816406E-1	0.00000000E+0	0.00000000E+0
2.39257812E-1	1.61195004E-8	1.61195004E-8	2.39257812E-1	0.00000000E+0	0.00000000E+0
2.41699219E-1	1.62341998E-8	1.62341998E-8	2.41699219E-1	0.00000000E+0	0.00000000E+0
2.44140625E-1	1.63921996E-8	1.63921996E-8	2.44140625E-1	0.00000000E+0	0.00000000E+0
2.46582031E-1	1.65833001E-8	1.65833001E-8	2.46582031E-1	0.00000000E+0	0.00000000E+0
2.49023437E-1	1.67311001E-8	1.67311001E-8	2.49023437E-1	0.00000000E+0	0.00000000E+0
2.51464844E-1	1.68789001E-8	1.68789001E-8	2.51464844E-1	0.00000000E+0	0.00000000E+0
2.53906250E-1	1.70930008E-8	1.70930008E-8	2.53906250E-1	0.00000000E+0	0.00000000E+0
2.56347656E-1	1.71338002E-8	1.71338002E-8	2.56347656E-1	0.00000000E+0	0.00000000E+0
2.58789062E-1	1.73427992E-8	1.73427992E-8	2.58789062E-1	0.00000000E+0	0.00000000E+0
2.61230469E-1	1.72765002E-8	1.72765002E-8	2.61230469E-1	0.00000000E+0	0.00000000E+0
2.63671875E-1	1.67667995E-8	1.67667995E-8	2.63671875E-1	0.00000000E+0	0.00000000E+0
2.66113281E-1	1.74371007E-8	1.74371007E-8	2.66113281E-1	0.00000000E+0	0.00000000E+0
2.68554687E-1	1.80717006E-8	1.80717006E-8	2.68554687E-1	0.00000000E+0	0.00000000E+0
2.70996094E-1	1.82450002E-8	1.82450002E-8	2.70996094E-1	0.00000000E+0	0.00000000E+0
2.73437500E-1	1.84182998E-8	1.84182998E-8	2.73437500E-1	0.00000000E+0	0.00000000E+0
2.75878906E-1	1.85406002E-8	1.85406002E-8	2.75878906E-1	0.00000000E+0	0.00000000E+0
2.78320312E-1	1.87444993E-8	1.87444993E-8	2.78320312E-1	0.00000000E+0	0.00000000E+0
2.80761719E-1	1.88922993E-8	1.88922993E-8	2.80761719E-1	0.00000000E+0	0.00000000E+0
2.83203125E-1	1.91216998E-8	1.91216998E-8	2.83203125E-1	0.00000000E+0	0.00000000E+0
2.85644531E-1	1.92287004E-8	1.92287004E-8	2.85644531E-1	0.00000000E+0	0.00000000E+0
2.88085937E-1	1.94542000E-8	1.94542000E-8	2.88085937E-1	0.00000000E+0	0.00000000E+0
2.90527344E-1	1.96263006E-8	1.96263006E-8	2.90527344E-1	0.00000000E+0	0.00000000E+0
2.92968750E-1	1.97830001E-8	1.97830001E-8	2.92968750E-1	0.00000000E+0	0.00000000E+0
2.95410156E-1	1.99664996E-8	1.99664996E-8	2.95410156E-1	0.00000000E+0	0.00000000E+0
2.97851562E-1	2.01500008E-8	2.01500008E-8	2.97851562E-1	0.00000000E+0	0.00000000E+0
3.00292969E-1	2.03144008E-8	2.03144008E-8	3.00292969E-1	0.00000000E+0	0.00000000E+0
3.02734375E-1	2.05475992E-8	2.05475992E-8	3.02734375E-1	0.00000000E+0	0.00000000E+0
3.05175781E-1	2.05361008E-8	2.05361008E-8	3.05175781E-1	0.00000000E+0	0.00000000E+0
3.07617187E-1	1.98786001E-8	1.98786001E-8	3.07617187E-1	0.00000000E+0	0.00000000E+0
3.10058594E-1	2.10789004E-8	2.10789004E-8	3.10058594E-1	0.00000000E+0	0.00000000E+0
3.12500000E-1	2.13464997E-8	2.13464997E-8	3.12500000E-1	0.00000000E+0	0.00000000E+0
3.14941406E-1	2.03029007E-8	2.03029007E-8	3.14941406E-1	0.00000000E+0	0.00000000E+0
3.17382812E-1	2.16905995E-8	2.16905995E-8	3.17382812E-1	0.00000000E+0	0.00000000E+0
3.19824219E-1	2.18281997E-8	2.18281997E-8	3.19824219E-1	0.00000000E+0	0.00000000E+0
3.22265625E-1	2.10178008E-8	2.10178008E-8	3.22265625E-1	0.00000000E+0	0.00000000E+0
3.24707031E-1	2.21492993E-8	2.21492993E-8	3.24707031E-1	0.00000000E+0	0.00000000E+0
3.27148437E-1	2.23863008E-8	2.23863008E-8	3.27148437E-1	0.00000000E+0	0.00000000E+0
3.29589844E-1	2.25162999E-8	2.25162999E-8	3.29589844E-1	0.00000000E+0	0.00000000E+0
3.32031250E-1	2.26997994E-8	2.26997994E-8	3.32031250E-1	0.00000000E+0	0.00000000E+0
3.34472656E-1	2.28475994E-8	2.28475994E-8	3.34472656E-1	0.00000000E+0	0.00000000E+0
3.36914062E-1	2.31203003E-8	2.31203003E-8	3.36914062E-1	0.00000000E+0	0.00000000E+0
3.39355469E-1	2.23596004E-8	2.23596004E-8	3.39355469E-1	0.00000000E+0	0.00000000E+0
3.41796875E-1	2.30055992E-8	2.30055992E-8	3.41796875E-1	0.00000000E+0	0.00000000E+0
3.44238281E-1	2.35841000E-8	2.35841000E-8	3.44238281E-1	0.00000000E+0	0.00000000E+0
3.46679687E-1	2.37471998E-8	2.37471998E-8	3.46679687E-1	0.00000000E+0	0.00000000E+0
3.49121094E-1	2.39421993E-8	2.39421993E-8	3.49121094E-1	0.00000000E+0	0.00000000E+0
3.51562500E-1	2.41218991E-8	2.41218991E-8	3.51562500E-1	0.00000000E+0	0.00000000E+0
3.54003906E-1	2.37777993E-8	2.37777993E-8	3.54003906E-1	0.00000000E+0	0.00000000E+0
3.56445312E-1	2.30858994E-8	2.30858994E-8	3.56445312E-1	0.00000000E+0	0.00000000E+0
3.58886719E-1	2.33190995E-8	2.33190995E-8	3.58886719E-1	0.00000000E+0	0.00000000E+0
3.61328125E-1	2.48252991E-8	2.48252991E-8	3.61328125E-1	0.00000000E+0	0.00000000E+0
3.63769531E-1	2.49820005E-8	2.49820005E-8	3.63769531E-1	0.00000000E+0	0.00000000E+0
3.66210937E-1	2.51654999E-8	2.51654999E-8	3.66210937E-1	0.00000000E+0	0.00000000E+0
3.68652344E-1	2.52955008E-8	2.52955008E-8	3.68652344E-1	0.00000000E+0	0.00000000E+0
3.71093750E-1	2.54292996E-8	2.54292996E-8	3.71093750E-1	0.00000000E+0	0.00000000E+0
3.73535156E-1	2.56356998E-8	2.56356998E-8	3.73535156E-1	0.00000000E+0	0.00000000E+0
3.75976562E-1	2.48252991E-8	2.48252991E-8	3.75976562E-1	0.00000000E+0	0.00000000E+0
3.78417969E-1	2.55515999E-8	2.55515999E-8	3.78417969E-1	0.00000000E+0	0.00000000E+0
3.80859375E-1	2.60027004E-8	2.60027004E-8	3.80859375E-1	0.00000000E+0	0.00000000E+0
3.83300781E-1	2.51464005E-8	2.51464005E-8	3.83300781E-1	0.00000000E+0	0.00000000E+0
3.85742187E-1	2.64614002E-8	2.64614002E-8	3.85742187E-1	0.00000000E+0	0.00000000E+0
3.88183594E-1	2.66754991E-8	2.66754991E-8	3.88183594E-1	0.00000000E+0	0.00000000E+0
3.90625000E-1	2.65302003E-8	2.65302003E-8	3.90625000E-1	0.00000000E+0	0.00000000E+0
3.93066406E-1	2.68971991E-8	2.68971991E-8	3.93066406E-1	0.00000000E+0	0.00000000E+0
3.95507812E-1	2.67136997E-8	2.67136997E-8	3.95507812E-1	0.00000000E+0	0.00000000E+0
3.97949219E-1	2.72336003E-8	2.72336003E-8	3.97949219E-1	0.00000000E+0	0.00000000E+0
4.00390625E-1	2.73750995E-8	2.73750995E-8	4.00390625E-1	0.00000000E+0	0.00000000E+0
4.02832031E-1	2.76005991E-8	2.76005991E-8	4.02832031E-1	0.00000000E+0	0.00000000E+0
4.05273437E-1	2.66946003E-8	2.66946003E-8	4.05273437E-1	0.00000000E+0	0.00000000E+0
4.07714844E-1	2.72947993E-8	2.72947993E-8	4.07714844E-1	0.00000000E+0	0.00000000E+0
4.10156250E-1	2.80594001E-8	2.80594001E-8	4.10156250E-1	0.00000000E+0	0.00000000E+0
4.12597656E-1	2.77611996E-8	2.77611996E-8	4.12597656E-1	0.00000000E+0	0.00000000E+0
4.15039062E-1	2.83499002E-8	2.83499002E-8	4.15039062E-1	0.00000000E+0	0.00000000E+0
4.17480469E-1	2.85180999E-8	2.85180999E-8	4.17480469E-1	0.00000000E+0	0.00000000E+0
4.19921875E-1	2.86709998E-8	2.86709998E-8	4.19921875E-1	0.00000000E+0	0.00000000E+0
4.22363281E-1	2.76312004E-8	2.76312004E-8	4.22363281E-1	0.00000000E+0	0.00000000E+0
4.24804687E-1	2.79675998E-8	2.79675998E-8	4.24804687E-1	0.00000000E+0	0.00000000E+0
4.27246094E-1	2.92137994E-8	2.92137994E-8	4.27246094E-1	0.00000000E+0	0.00000000E+0
4.29687500E-1	2.94737994E-8	2.94737994E-8	4.29687500E-1	0.00000000E+0	0.00000000E+0
4.32128906E-1	2.80594001E-8	2.80594001E-8	4.32128906E-1	0.00000000E+0	0.00000000E+0
4.34570312E-1	2.81282002E-8	2.81282002E-8	4.34570312E-1	0.00000000E+0	0.00000000E+0
4.37011719E-1	2.92520994E-8	2.92520994E-8	4.37011719E-1	0.00000000E+0	0.00000000E+0
4.39453125E-1	3.01237009E-8	3.01237009E-8	4.39453125E-1	0.00000000E+0	0.00000000E+0
4.41894531E-1	3.01389989E-8	3.01389989E-8	4.41894531E-1	0.00000000E+0	0.00000000E+0
4.44335937E-1	3.05060013E-8	3.05060013E-8	4.44335937E-1	0.00000000E+0	0.00000000E+0
4.46777344E-1	3.07047010E-8	3.07047010E-8	4.46777344E-1	0.00000000E+0	0.00000000E+0
4.49218750E-1	3.08499999E-8	3.08499999E-8	4.49218750E-1	0.00000000E+0	0.00000000E+0
4.51660156E-1	3.01237009E-8	3.01237009E-8	4.51660156E-1	0.00000000E+0	0.00000000E+0
4.54101562E-1	3.07277013E-8	3.07277013E-8	4.54101562E-1	0.00000000E+0	0.00000000E+0
4.56542969E-1	3.13317017E-8	3.13317017E-8	4.56542969E-1	0.00000000E+0	0.00000000E+0
4.58984375E-1	3.09494013E-8	3.09494013E-8	4.58984375E-1	0.00000000E+0	0.00000000E+0
4.61425781E-1	3.16031006E-8	3.16031006E-8	4.61425781E-1	0.00000000E+0	0.00000000E+0
4.63867187E-1	3.18592015E-8	3.18592015E-8	4.63867187E-1	0.00000000E+0	0.00000000E+0
4.66308594E-1	3.15610009E-8	3.15610009E-8	4.66308594E-1	0.00000000E+0	0.00000000E+0
4.68750000E-1	3.23179989E-8	3.23179989E-8	4.68750000E-1	0.00000000E+0	0.00000000E+0
4.71191406E-1	3.24709006E-8	3.24709006E-8	4.71191406E-1	0.00000000E+0	0.00000000E+0
4.73632812E-1	3.27576011E-8	3.27576011E-8	4.73632812E-1	0.00000000E+0	0.00000000E+0
4.76074219E-1	3.29067014E-8	3.29067014E-8	4.76074219E-1	0.00000000E+0	0.00000000E+0
4.78515625E-1	3.30671988E-8	3.30671988E-8	4.78515625E-1	0.00000000E+0	0.00000000E+0
4.80957031E-1	3.14386988E-8	3.14386988E-8	4.80957031E-1	0.00000000E+0	0.00000000E+0
4.83398437E-1	3.35565993E-8	3.35565993E-8	4.83398437E-1	0.00000000E+0	0.00000000E+0
4.85839844E-1	3.25931993E-8	3.25931993E-8	4.85839844E-1	0.00000000E+0	0.00000000E+0
4.88281250E-1	3.38165016E-8	3.38165016E-8	4.88281250E-1	0.00000000E+0	0.00000000E+0
4.90722656E-1	3.30825003E-8	3.30825003E-8	4.90722656E-1	0.00000000E+0	0.00000000E+0
4.93164062E-1	3.30825003E-8	3.30825003E-8	4.93164062E-1	0.00000000E+0	0.00000000E+0
4.90722656E-1	3.39312010E-8	3.39312010E-8	4.90722656E-1	0.00000000E+0	0.00000000E+0
4.88281250E-1	3.36520998E-8	3.36520998E-8	4.88281250E-1	0.00000000E+0	0.00000000E+0
4.85839844E-1	3.18057012E-8	3.18057012E-8	4.85839844E-1	0.00000000E+0	0.00000000E+0
4.83398437E-1	3.16031006E-8	3.16031006E-8	4.83398437E-1	0.00000000E+0	0.00000000E+0
4.80957031E-1	3.26850014E-8	3.26850014E-8	4.80957031E-1	0.00000000E+0	0.00000000E+0
4.78515625E-1	3.30671988E-8	3.30671988E-8	4.78515625E-1	0.00000000E+0	0.00000000E+0
4.76074219E-1	3.28378995E-8	3.28378995E-8	4.76074219E-1	0.00000000E+0	0.00000000E+0
4.73632812E-1	3.17674989E-8	3.17674989E-8	4.73632812E-1	0.00000000E+0	0.00000000E+0
4.71191406E-1	3.25625997E-8	3.25625997E-8	4.71191406E-1	0.00000000E+0	0.00000000E+0
4.68750000E-1	3.23484990E-8	3.23484990E-8	4.68750000E-1	0.00000000E+0	0.00000000E+0
4.66308594E-1	3.20732987E-8	3.20732987E-8	4.66308594E-1	0.00000000E+0	0.00000000E+0
4.63867187E-1	3.19815996E-8	3.19815996E-8	4.63867187E-1	0.00000000E+0	0.00000000E+0
4.61425781E-1	3.03835996E-8	3.03835996E-8	4.61425781E-1	0.00000000E+0	0.00000000E+0
4.58984375E-1	2.94737994E-8	2.94737994E-8	4.58984375E-1	0.00000000E+0	0.00000000E+0
4.56542969E-1	2.95272997E-8	2.95272997E-8	4.56542969E-1	0.00000000E+0	0.00000000E+0
4.54101562E-1	2.91296995E-8	2.91296995E-8	4.54101562E-1	0.00000000E+0	0.00000000E+0
4.51660156E-1	2.89462996E-8	2.89462996E-8	4.51660156E-1	0.00000000E+0	0.00000000E+0
4.49218750E-1	2.90073991E-8	2.90073991E-8	4.49218750E-1	0.00000000E+0	0.00000000E+0
4.46777344E-1	3.06664987E-8	3.06664987E-8	4.46777344E-1	0.00000000E+0	0.00000000E+0
4.44335937E-1	3.04332985E-8	3.04332985E-8	4.44335937E-1	0.00000000E+0	0.00000000E+0
4.41894531E-1	3.02154000E-8	3.02154000E-8	4.41894531E-1	0.00000000E+0	0.00000000E+0
4.39453125E-1	3.01237009E-8	3.01237009E-8	4.39453125E-1	0.00000000E+0	0.00000000E+0
4.37011719E-1	2.99249017E-8	2.99249017E-8	4.37011719E-1	0.00000000E+0	0.00000000E+0
4.34570312E-1	2.84722006E-8	2.84722006E-8	4.34570312E-1	0.00000000E+0	0.00000000E+0
4.32128906E-1	2.95732008E-8	2.95732008E-8	4.32128906E-1	0.00000000E+0	0.00000000E+0
4.29687500E-1	2.94049993E-8	2.94049993E-8	4.29687500E-1	0.00000000E+0	0.00000000E+0
4.27246094E-1	2.76159007E-8	2.76159007E-8	4.27246094E-1	0.00000000E+0	0.00000000E+0
4.24804687E-1	2.90838997E-8	2.90838997E-8	4.24804687E-1	0.00000000E+0	0.00000000E+0
4.22363281E-1	2.84492998E-8	2.84492998E-8	4.22363281E-1	0.00000000E+0	0.00000000E+0
4.19921875E-1	2.71037006E-8	2.71037006E-8	4.19921875E-1	0.00000000E+0	0.00000000E+0
4.17480469E-1	2.68971991E-8	2.68971991E-8	4.17480469E-1	0.00000000E+0	0.00000000E+0
4.15039062E-1	2.78452994E-8	2.78452994E-8	4.15039062E-1	0.00000000E+0	0.00000000E+0
4.12597656E-1	2.70042992E-8	2.70042992E-8	4.12597656E-1	0.00000000E+0	0.00000000E+0
4.10156250E-1	2.73750995E-8	2.73750995E-8	4.10156250E-1	0.00000000E+0	0.00000000E+0
4.07714844E-1	2.78146999E-8	2.78146999E-8	4.07714844E-1	0.00000000E+0	0.00000000E+0
4.05273437E-1	2.76159007E-8	2.76159007E-8	4.05273437E-1	0.00000000E+0	0.00000000E+0
4.02832031E-1	2.74973999E-8	2.74973999E-8	4.02832031E-1	0.00000000E+0	0.00000000E+0
4.00390625E-1	2.73750995E-8	2.73750995E-8	4.00390625E-1	0.00000000E+0	0.00000000E+0
3.97949219E-1	2.58077009E-8	2.58077009E-8	3.97949219E-1	0.00000000E+0	0.00000000E+0
3.95507812E-1	2.68170002E-8	2.68170002E-8	3.95507812E-1	0.00000000E+0	0.00000000E+0
3.93066406E-1	2.68170002E-8	2.68170002E-8	3.93066406E-1	0.00000000E+0	0.00000000E+0
3.90625000E-1	2.52075996E-8	2.52075996E-8	3.90625000E-1	0.00000000E+0	0.00000000E+0
3.88183594E-1	2.56204000E-8	2.56204000E-8	3.88183594E-1	0.00000000E+0	0.00000000E+0
3.85742187E-1	2.63888005E-8	2.63888005E-8	3.85742187E-1	0.00000000E+0	0.00000000E+0
3.83300781E-1	2.61633009E-8	2.61633009E-8	3.83300781E-1	0.00000000E+0	0.00000000E+0
3.80859375E-1	2.45729996E-8	2.45729996E-8	3.80859375E-1	0.00000000E+0	0.00000000E+0
3.78417969E-1	2.44505998E-8	2.44505998E-8	3.78417969E-1	0.00000000E+0	0.00000000E+0
3.75976562E-1	2.57465995E-8	2.57465995E-8	3.75976562E-1	0.00000000E+0	0.00000000E+0
3.73535156E-1	2.55133994E-8	2.55133994E-8	3.73535156E-1	0.00000000E+0	0.00000000E+0
3.71093750E-1	2.50010999E-8	2.50010999E-8	3.71093750E-1	0.00000000E+0	0.00000000E+0
3.68652344E-1	2.51654999E-8	2.51654999E-8	3.68652344E-1	0.00000000E+0	0.00000000E+0
3.66210937E-1	2.50126000E-8	2.50126000E-8	3.66210937E-1	0.00000000E+0	0.00000000E+0
3.63769531E-1	2.48481999E-8	2.48481999E-8	3.63769531E-1	0.00000000E+0	0.00000000E+0
3.61328125E-1	2.47068002E-8	2.47068002E-8	3.61328125E-1	0.00000000E+0	0.00000000E+0
3.58886719E-1	2.45346996E-8	2.45346996E-8	3.58886719E-1	0.00000000E+0	0.00000000E+0
3.56445312E-1	2.43589007E-8	2.43589007E-8	3.56445312E-1	0.00000000E+0	0.00000000E+0
3.54003906E-1	2.41868996E-8	2.41868996E-8	3.54003906E-1	0.00000000E+0	0.00000000E+0
3.51562500E-1	2.39843008E-8	2.39843008E-8	3.51562500E-1	0.00000000E+0	0.00000000E+0
3.49121094E-1	2.38580995E-8	2.38580995E-8	3.49121094E-1	0.00000000E+0	0.00000000E+0
3.46679687E-1	2.36555007E-8	2.36555007E-8	3.46679687E-1	0.00000000E+0	0.00000000E+0
3.44238281E-1	2.35026008E-8	2.35026008E-8	3.44238281E-1	0.00000000E+0	0.00000000E+0
3.41796875E-1	2.29942003E-8	2.29942003E-8	3.41796875E-1	0.00000000E+0	0.00000000E+0
3.39355469E-1	2.31356001E-8	2.31356001E-8	3.39355469E-1	0.00000000E+0	0.00000000E+0
3.36914062E-1	2.29827002E-8	2.29827002E-8	3.36914062E-1	0.00000000E+0	0.00000000E+0
3.34472656E-1	2.25966001E-8	2.25966001E-8	3.34472656E-1	0.00000000E+0	0.00000000E+0
3.32031250E-1	2.26156995E-8	2.26156995E-8	3.32031250E-1	0.00000000E+0	0.00000000E+0
3.29589844E-1	2.24397994E-8	2.24397994E-8	3.29589844E-1	0.00000000E+0	0.00000000E+0
3.27148437E-1	2.14000000E-8	2.14000000E-8	3.27148437E-1	0.00000000E+0	0.00000000E+0
3.24707031E-1	2.21377991E-8	2.21377991E-8	3.24707031E-1	0.00000000E+0	0.00000000E+0
3.22265625E-1	2.19810996E-8	2.19810996E-8	3.22265625E-1	0.00000000E+0	0.00000000E+0
3.19824219E-1	2.18128999E-8	2.18128999E-8	3.19824219E-1	0.00000000E+0	0.00000000E+0
3.17382812E-1	2.16179004E-8	2.16179004E-8	3.17382812E-1	0.00000000E+0	0.00000000E+0
3.14941406E-1	2.14230003E-8	2.14230003E-8	3.14941406E-1	0.00000000E+0	0.00000000E+0
3.12500000E-1	2.12318003E-8	2.12318003E-8	3.12500000E-1	0.00000000E+0	0.00000000E+0
3.10058594E-1	2.10483009E-8	2.10483009E-8	3.10058594E-1	0.00000000E+0	0.00000000E+0
3.07617187E-1	2.08840003E-8	2.08840003E-8	3.07617187E-1	0.00000000E+0	0.00000000E+0
3.05175781E-1	1.97524006E-8	1.97524006E-8	3.05175781E-1	0.00000000E+0	0.00000000E+0
3.02734375E-1	1.93891996E-8	1.93891996E-8	3.02734375E-1	0.00000000E+0	0.00000000E+0
3.00292969E-1	1.95192005E-8	1.95192005E-8	3.00292969E-1	0.00000000E+0	0.00000000E+0
2.97851562E-1	2.01104999E-8	2.01104999E-8	2.97851562E-1	0.00000000E+0	0.00000000E+0
2.95410156E-1	1.88565998E-8	1.88565998E-8	2.95410156E-1	0.00000000E+0	0.00000000E+0
2.92968750E-1	1.86629006E-8	1.86629006E-8	2.92968750E-1	0.00000000E+0	0.00000000E+0
2.90527344E-1	1.85100006E-8	1.85100006E-8	2.90527344E-1	0.00000000E+0	0.00000000E+0
2.88085937E-1	1.82958999E-8	1.82958999E-8	2.88085937E-1	0.00000000E+0	0.00000000E+0
2.85644531E-1	1.81430000E-8	1.81430000E-8	2.85644531E-1	0.00000000E+0	0.00000000E+0
2.83203125E-1	1.79544006E-8	1.79544006E-8	2.83203125E-1	0.00000000E+0	0.00000000E+0
2.80761719E-1	1.79135995E-8	1.79135995E-8	2.80761719E-1	0.00000000E+0	0.00000000E+0
2.78320312E-1	1.86884002E-8	1.86884002E-8	2.78320312E-1	0.00000000E+0	0.00000000E+0
2.75878906E-1	1.85304003E-8	1.85304003E-8	2.75878906E-1	0.00000000E+0	0.00000000E+0
2.73437500E-1	1.83264994E-8	1.83264994E-8	2.73437500E-1	0.00000000E+0	0.00000000E+0
2.70996094E-1	1.81531998E-8	1.81531998E-8	2.70996094E-1	0.00000000E+0	0.00000000E+0
2.68554687E-1	1.80615007E-8	1.80615007E-8	2.68554687E-1	0.00000000E+0	0.00000000E+0
2.66113281E-1	1.78524999E-8	1.78524999E-8	2.66113281E-1	0.00000000E+0	0.00000000E+0
2.63671875E-1	1.77657995E-8	1.77657995E-8	2.63671875E-1	0.00000000E+0	0.00000000E+0
2.61230469E-1	1.74371007E-8	1.74371007E-8	2.61230469E-1	0.00000000E+0	0.00000000E+0
2.58789062E-1	1.72968999E-8	1.72968999E-8	2.58789062E-1	0.00000000E+0	0.00000000E+0
2.56347656E-1	1.71185004E-8	1.71185004E-8	2.56347656E-1	0.00000000E+0	0.00000000E+0
2.53906250E-1	1.69758003E-8	1.69758003E-8	2.53906250E-1	0.00000000E+0	0.00000000E+0
2.51464844E-1	1.68127006E-8	1.68127006E-8	2.51464844E-1	0.00000000E+0	0.00000000E+0
2.49023437E-1	1.67056005E-8	1.67056005E-8	2.49023437E-1	0.00000000E+0	0.00000000E+0
2.46582031E-1	1.65069007E-8	1.65069007E-8	2.46582031E-1	0.00000000E+0	0.00000000E+0
2.44140625E-1	1.63673004E-8	1.63673004E-8	2.44140625E-1	0.00000000E+0	0.00000000E+0
2.41699219E-1	1.61934004E-8	1.61934004E-8	2.41699219E-1	0.00000000E+0	0.00000000E+0
2.39257812E-1	1.60558002E-8	1.60558002E-8	2.39257812E-1	0.00000000E+0	0.00000000E+0
2.36816406E-1	1.58646003E-8	1.58646003E-8	2.36816406E-1	0.00000000E+0	0.00000000E+0
2.34375000E-1	1.57473998E-8	1.57473998E-8	2.34375000E-1	0.00000000E+0	0.00000000E+0
2.31933594E-1	1.55186992E-8	1.55186992E-8	2.31933594E-1	0.00000000E+0	0.00000000E+0
2.29492187E-1	1.54287996E-8	1.54287996E-8	2.29492187E-1	0.00000000E+0	0.00000000E+0
2.27050781E-1	1.51842006E-8	1.51842006E-8	2.27050781E-1	0.00000000E+0	0.00000000E+0
2.24609375E-1	1.50720005E-8	1.50720005E-8	2.24609375E-1	0.00000000E+0	0.00000000E+0
2.22167969E-1	1.48585002E-8	1.48585002E-8	2.22167969E-1	0.00000000E+0	0.00000000E+0
2.19726562E-1	1.47127004E-8	1.47127004E-8	2.19726562E-1	0.00000000E+0	0.00000000E+0
2.17285156E-1	1.45400003E-8	1.45400003E-8	2.17285156E-1	0.00000000E+0	0.00000000E+0
2.14843750E-1	1.43814001E-8	1.43814001E-8	2.14843750E-1	0.00000000E+0	0.00000000E+0
2.12402344E-1	1.42488998E-8	1.42488998E-8	2.12402344E-1	0.00000000E+0	0.00000000E+0
2.09960937E-1	1.40985001E-8	1.40985001E-8	2.09960937E-1	0.00000000E+0	0.00000000E+0
2.07519531E-1	1.32803999E-8	1.32803999E-8	2.07519531E-1	0.00000000E+0	0.00000000E+0
2.05078125E-1	1.31376998E-8	1.31376998E-8	2.05078125E-1	0.00000000E+0	0.00000000E+0
2.02636719E-1	1.28354003E-8	1.28354003E-8	2.02636719E-1	0.00000000E+0	0.00000000E+0
2.00195312E-1	1.26251001E-8	1.26251001E-8	2.00195312E-1	0.00000000E+0	0.00000000E+0
1.97753906E-1	1.25795996E-8	1.25795996E-8	1.97753906E-1	0.00000000E+0	0.00000000E+0
1.95312500E-1	1.23449997E-8	1.23449997E-8	1.95312500E-1	0.00000000E+0	0.00000000E+0
1.92871094E-1	1.21649997E-8	1.21649997E-8	1.92871094E-1	0.00000000E+0	0.00000000E+0
1.90429687E-1	1.20685000E-8	1.20685000E-8	1.90429687E-1	0.00000000E+0	0.00000000E+0
1.87988281E-1	1.18532002E-8	1.18532002E-8	1.87988281E-1	0.00000000E+0	0.00000000E+0
1.85546875E-1	1.16713004E-8	1.16713004E-8	1.85546875E-1	0.00000000E+0	0.00000000E+0
1.83105469E-1	1.15603997E-8	1.15603997E-8	1.83105469E-1	0.00000000E+0	0.00000000E+0
1.80664062E-1	1.13929000E-8	1.13929000E-8	1.80664062E-1	0.00000000E+0	0.00000000E+0
1.78222656E-1	1.12081002E-8	1.12081002E-8	1.78222656E-1	0.00000000E+0	0.00000000E+0
1.75781250E-1	1.10389999E-8	1.10389999E-8	1.75781250E-1	0.00000000E+0	0.00000000E+0
1.73339844E-1	1.08606999E-8	1.08606999E-8	1.73339844E-1	0.00000000E+0	0.00000000E+0
1.70898437E-1	1.06945999E-8	1.06945999E-8	1.70898437E-1	0.00000000E+0	0.00000000E+0
1.68457031E-1	1.04996998E-8	1.04996998E-8	1.68457031E-1	0.00000000E+0	0.00000000E+0
1.66015625E-1	1.03557003E-8	1.03557003E-8	1.66015625E-1	0.00000000E+0	0.00000000E+0
1.63574219E-1	1.01784998E-8	1.01784998E-8	1.63574219E-1	0.00000000E+0	0.00000000E+0
1.61132812E-1	1.00413997E-8	1.00413997E-8	1.61132812E-1	0.00000000E+0	0.00000000E+0
1.58691406E-1	9.83574999E-9	9.83574999E-9	1.58691406E-1	0.00000000E+0	0.00000000E+0
1.56250000E-1	9.69567004E-9	9.69567004E-9	1.56250000E-1	0.00000000E+0	0.00000000E+0
1.53808594E-1	9.54039958E-9	9.54039958E-9	1.53808594E-1	0.00000000E+0	0.00000000E+0
1.51367187E-1	9.37563982E-9	9.37563982E-9	1.51367187E-1	0.00000000E+0	0.00000000E+0
1.48925781E-1	9.08560960E-9	9.08560960E-9	1.48925781E-1	0.00000000E+0	0.00000000E+0
1.46484375E-1	9.04524011E-9	9.04524011E-9	1.46484375E-1	0.00000000E+0	0.00000000E+0
1.44042969E-1	8.86428975E-9	8.86428975E-9	1.44042969E-1	0.00000000E+0	0.00000000E+0
1.41601562E-1	8.73672956E-9	8.73672956E-9	1.41601562E-1	0.00000000E+0	0.00000000E+0
1.39160156E-1	8.57995008E-9	8.57995008E-9	1.39160156E-1	0.00000000E+0	0.00000000E+0
1.36718750E-1	8.54350013E-9	8.54350013E-9	1.36718750E-1	0.00000000E+0	0.00000000E+0
1.34277344E-1	8.39924041E-9	8.39924041E-9	1.34277344E-1	0.00000000E+0	0.00000000E+0
1.31835937E-1	8.27473023E-9	8.27473023E-9	1.31835937E-1	0.00000000E+0	0.00000000E+0
1.29394531E-1	8.12250001E-9	8.12250001E-9	1.29394531E-1	0.00000000E+0	0.00000000E+0
1.26953125E-1	7.97798982E-9	7.97798982E-9	1.26953125E-1	0.00000000E+0	0.00000000E+0
1.24511719E-1	7.80929987E-9	7.80929987E-9	1.24511719E-1	0.00000000E+0	0.00000000E+0
1.22070312E-1	7.69276021E-9	7.69276021E-9	1.22070312E-1	0.00000000E+0	0.00000000E+0
1.19628906E-1	7.56141016E-9	7.56141016E-9	1.19628906E-1	0.00000000E+0	0.00000000E+0
1.17187500E-1	7.44865991E-9	7.44865991E-9	1.17187500E-1	0.00000000E+0	0.00000000E+0
1.14746094E-1	7.31730987E-9	7.31730987E-9	1.14746094E-1	0.00000000E+0	0.00000000E+0
1.12304687E-1	7.22923010E-9	7.22923010E-9	1.12304687E-1	0.00000000E+0	0.00000000E+0
1.09863281E-1	7.11193016E-9	7.11193016E-9	1.09863281E-1	0.00000000E+0	0.00000000E+0
1.07421875E-1	7.03487002E-9	7.03487002E-9	1.07421875E-1	0.00000000E+0	0.00000000E+0
1.04980469E-1	6.94678981E-9	6.94678981E-9	1.04980469E-1	0.00000000E+0	0.00000000E+0
1.02539062E-1	6.86821000E-9	6.86821000E-9	1.02539062E-1	0.00000000E+0	0.00000000E+0
1.00097656E-1	6.82037982E-9	6.82037982E-9	1.00097656E-1	0.00000000E+0	0.00000000E+0
9.76562500E-2	6.75736000E-9	6.75736000E-9	9.76562500E-2	0.00000000E+0	0.00000000E+0
9.52148438E-2	6.72243017E-9	6.72243017E-9	9.52148438E-2	0.00000000E+0	0.00000000E+0
9.27734375E-2	6.69205980E-9	6.69205980E-9	9.27734375E-2	0.00000000E+0	0.00000000E+0
9.03320313E-2	6.65751987E-9	6.65751987E-9	9.03320313E-2	0.00000000E+0	0.00000000E+0
8.78906250E-2	6.60664989E-9	6.60664989E-9	8.78906250E-2	0.00000000E+0	0.00000000E+0
8.54492188E-2	6.64878996E-9	6.64878996E-9	8.54492188E-2	0.00000000E+0	0.00000000E+0
8.30078125E-2	6.63625999E-9	6.63625999E-9	8.30078125E-2	0.00000000E+0	0.00000000E+0
8.05664063E-2	6.64118982E-9	6.64118982E-9	8.05664063E-2	0.00000000E+0	0.00000000E+0
7.81250000E-2	6.67232003E-9	6.67232003E-9	7.81250000E-2	0.00000000E+0	0.00000000E+0
7.56835938E-2	6.68788980E-9	6.68788980E-9	7.56835938E-2	0.00000000E+0	0.00000000E+0
7.32421875E-2	6.73154021E-9	6.73154021E-9	7.32421875E-2	0.00000000E+0	0.00000000E+0
7.08007813E-2	6.82948986E-9	6.82948986E-9	7.08007813E-2	0.00000000E+0	0.00000000E+0
6.83593750E-2	6.94185998E-9	6.94185998E-9	6.83593750E-2	0.00000000E+0	0.00000000E+0
6.59179688E-2	7.11685999E-9	7.11685999E-9	6.59179688E-2	0.00000000E+0	0.00000000E+0
6.34765625E-2	7.34350003E-9	7.34350003E-9	6.34765625E-2	0.00000000E+0	0.00000000E+0
6.10351563E-2	7.70187025E-9	7.70187025E-9	6.10351563E-2	0.00000000E+0	0.00000000E+0
5.85937500E-2	8.10389000E-9	8.10389000E-9	5.85937500E-2	0.00000000E+0	0.00000000E+0
5.61523438E-2	8.75494965E-9	8.75494965E-9	5.61523438E-2	0.00000000E+0	0.00000000E+0
5.37109375E-2	9.49713019E-9	9.49713019E-9	5.37109375E-2	0.00000000E+0	0.00000000E+0
5.12695313E-2	1.04301998E-8	1.04301998E-8	5.12695313E-2	0.00000000E+0	0.00000000E+0
4.88281250E-2	1.17166001E-8	1.17166001E-8	4.88281250E-2	0.00000000E+0	0.00000000E+0
4.63867188E-2	1.20052999E-8	1.20052999E-8	4.63867188E-2	0.00000000E+0	0.00000000E+0
4.39453125E-2	1.07562999E-8	1.07562999E-8	4.39453125E-2	0.00000000E+0	0.00000000E+0
4.15039063E-2	1.27252999E-8	1.27252999E-8	4.15039063E-2	0.00000000E+0	0.00000000E+0
3.90625000E-2	1.19530998E-8	1.19530998E-8	3.90625000E-2	0.00000000E+0	0.00000000E+0
3.66210938E-2	1.11193001E-8	1.11193001E-8	3.66210938E-2	0.00000000E+0	0.00000000E+0
3.41796875E-2	1.03381996E-8	1.03381996E-8	3.41796875E-2	0.00000000E+0	0.00000000E+0
3.17382813E-2	9.45802014E-9	9.45802014E-9	3.17382813E-2	0.00000000E+0	0.00000000E+0
2.92968750E-2	8.67068017E-9	8.67068017E-9	2.92968750E-2	0.00000000E+0	0.00000000E+0
2.68554688E-2	7.82030973E-9	7.82030973E-9	2.68554688E-2	0.00000000E+0	0.00000000E+0
2.44140625E-2	7.01967995E-9	7.01967995E-9	2.44140625E-2	0.00000000E+0	0.00000000E+0
2.19726563E-2	6.26081009E-9	6.26081009E-9	2.19726563E-2	0.00000000E+0	0.00000000E+0
1.95312500E-2	5.53799984E-9	5.53799984E-9	1.95312500E-2	0.00000000E+0	0.00000000E+0
1.70898438E-2	4.75368989E-9	4.75368989E-9	1.70898438E-2	0.00000000E+0	0.00000000E+0
1.46484375E-2	3.94279986E-9	3.94279986E-9	1.46484375E-2	0.00000000E+0	0.00000000E+0
1.22070313E-2	3.09548009E-9	3.09548009E-9	1.22070313E-2	0.00000000E+0	0.00000000E+0
9.76562500E-3	2.37645992E-9	2.37645992E-9	9.76562500E-3	0.00000000E+0	0.00000000E+0
7.32421875E-3	1.76906001E-9	1.76906001E-9	7.32421875E-3	0.00000000E+0	0.00000000E+0
4.88281250E-3	1.04585995E-9	1.04585995E-9	4.88281250E-3	0.00000000E+0	0.00000000E+0
2.44140625E-3	2.45090004E-10	2.45090004E-10	2.44140625E-3	0.00000000E+0	0.00000000E+0
0.00000000E+0	-2.36490993E-10	-2.36490993E-10	0.00000000E+0	0.00000000E+0	0.00000000E+0
-2.44140625E-3	-8.28216995E-10	-8.28216995E-10	-2.44140625E-3	0.00000000E+0	0.00000000E+0
-4.88281250E-3	-1.63543001E-9	-1.63543001E-9	-4.88281250E-3	0.00000000E+0	0.00000000E+0
-7.32421875E-3	-2.26560992E-9	-2.26560992E-9	-7.32421875E-3	0.00000000E+0	0.00000000E+0
-9.76562500E-3	-2.92615998E-9	-2.92615998E-9	-9.76562500E-3	0.00000000E+0	0.00000000E+0
-1.22070313E-2	-3.61935992E-9	-3.61935992E-9	-1.22070313E-2	0.00000000E+0	0.00000000E+0
-1.46484375E-2	-4.33914016E-9	-4.33914016E-9	-1.46484375E-2	0.00000000E+0	0.00000000E+0
-1.70898438E-2	-5.12876008E-9	-5.12876008E-9	-1.70898438E-2	0.00000000E+0	0.00000000E+0
-1.95312500E-2	-5.88421978E-9	-5.88421978E-9	-1.95312500E-2	0.00000000E+0	0.00000000E+0
-2.19726563E-2	-6.68674982E-9	-6.68674982E-9	-2.19726563E-2	0.00000000E+0	0.00000000E+0
-2.44140625E-2	-7.43423012E-9	-7.43423012E-9	-2.44140625E-2	0.00000000E+0	0.00000000E+0
-2.68554688E-2	-8.05301958E-9	-8.05301958E-9	-2.68554688E-2	0.00000000E+0	0.00000000E+0
-2.92968750E-2	-8.78115003E-9	-8.78115003E-9	-2.92968750E-2	0.00000000E+0	0.00000000E+0
-3.17382813E-2	-9.53876000E-9	-9.53876000E-9	-3.17382813E-2	0.00000000E+0	0.00000000E+0
-3.41796875E-2	-1.03091002E-8	-1.03091002E-8	-3.41796875E-2	0.00000000E+0	0.00000000E+0
-3.66210938E-2	-1.11401999E-8	-1.11401999E-8	-3.66210938E-2	0.00000000E+0	0.00000000E+0
-3.90625000E-2	-1.19469004E-8	-1.19469004E-8	-3.90625000E-2	0.00000000E+0	0.00000000E+0
-4.15039063E-2	-1.31300002E-8	-1.31300002E-8	-4.15039063E-2	0.00000000E+0	0.00000000E+0
-4.39453125E-2	-1.15859997E-8	-1.15859997E-8	-4.39453125E-2	0.00000000E+0	0.00000000E+0
-4.63867188E-2	-1.31963001E-8	-1.31963001E-8	-4.63867188E-2	0.00000000E+0	0.00000000E+0
-4.88281250E-2	-1.26600002E-8	-1.26600002E-8	-4.88281250E-2	0.00000000E+0	0.00000000E+0
-5.12695313E-2	-1.14579004E-8	-1.14579004E-8	-5.12695313E-2	0.00000000E+0	0.00000000E+0
-5.37109375E-2	-1.05332996E-8	-1.05332996E-8	-5.37109375E-2	0.00000000E+0	0.00000000E+0
-5.61523438E-2	-9.72147962E-9	-9.72147962E-9	-5.61523438E-2	0.00000000E+0	0.00000000E+0
-5.85937500E-2	-9.15280030E-9	-9.15280030E-9	-5.85937500E-2	0.00000000E+0	0.00000000E+0
-6.10351563E-2	-8.71470984E-9	-8.71470984E-9	-6.10351563E-2	0.00000000E+0	0.00000000E+0
-6.34765625E-2	-8.38215986E-9	-8.38215986E-9	-6.34765625E-2	0.00000000E+0	0.00000000E+0
-6.59179688E-2	-8.13199019E-9	-8.13199019E-9	-6.59179688E-2	0.00000000E+0	0.00000000E+0
-6.83593750E-2	-7.90686983E-9	-7.90686983E-9	-6.83593750E-2	0.00000000E+0	0.00000000E+0
-7.08007813E-2	-7.80246978E-9	-7.80246978E-9	-7.08007813E-2	0.00000000E+0	0.00000000E+0
-7.32421875E-2	-7.68542030E-9	-7.68542030E-9	-7.32421875E-2	0.00000000E+0	0.00000000E+0
-7.56835938E-2	-7.60469021E-9	-7.60469021E-9	-7.56835938E-2	0.00000000E+0	0.00000000E+0
-7.81250000E-2	-7.54395035E-9	-7.54395035E-9	-7.81250000E-2	0.00000000E+0	0.00000000E+0
-8.05664063E-2	-7.55457030E-9	-7.55457030E-9	-8.05664063E-2	0.00000000E+0	0.00000000E+0
-8.30078125E-2	-7.54395035E-9	-7.54395035E-9	-8.30078125E-2	0.00000000E+0	0.00000000E+0
-8.54492188E-2	-7.56558016E-9	-7.56558016E-9	-8.54492188E-2	0.00000000E+0	0.00000000E+0
-8.78906250E-2	-7.57735030E-9	-7.57735030E-9	-8.78906250E-2	0.00000000E+0	0.00000000E+0
-9.03320313E-2	-7.61987007E-9	-7.61987007E-9	-9.03320313E-2	0.00000000E+0	0.00000000E+0
-9.27734375E-2	-7.69238007E-9	-7.69238007E-9	-9.27734375E-2	0.00000000E+0	0.00000000E+0
-9.52148438E-2	-7.77652964E-9	-7.77652964E-9	-9.52148438E-2	0.00000000E+0	0.00000000E+0
-9.76562500E-2	-7.89737964E-9	-7.89737964E-9	-9.76562500E-2	0.00000000E+0	0.00000000E+0
-1.00097656E-1	-7.89053978E-9	-7.89053978E-9	-1.00097656E-1	0.00000000E+0	0.00000000E+0
-1.02539062E-1	-8.03708033E-9	-8.03708033E-9	-1.02539062E-1	0.00000000E+0	0.00000000E+0
-1.04980469E-1	-8.18335977E-9	-8.18335977E-9	-1.04980469E-1	0.00000000E+0	0.00000000E+0
-1.07421875E-1	-8.31686986E-9	-8.31686986E-9	-1.07421875E-1	0.00000000E+0	0.00000000E+0
-1.09863281E-1	-8.50060022E-9	-8.50060022E-9	-1.09863281E-1	0.00000000E+0	0.00000000E+0
-1.12304687E-1	-8.67106031E-9	-8.67106031E-9	-1.12304687E-1	0.00000000E+0	0.00000000E+0
-1.14746094E-1	-8.80582007E-9	-8.80582007E-9	-1.14746094E-1	0.00000000E+0	0.00000000E+0
-1.17187500E-1	-8.96678998E-9	-8.96678998E-9	-1.17187500E-1	0.00000000E+0	0.00000000E+0
-1.19628906E-1	-9.16494969E-9	-9.16494969E-9	-1.19628906E-1	0.00000000E+0	0.00000000E+0
-1.22070312E-1	-9.33427025E-9	-9.33427025E-9	-1.22070312E-1	0.00000000E+0	0.00000000E+0
-1.24511719E-1	-9.53319024E-9	-9.53319024E-9	-1.24511719E-1	0.00000000E+0	0.00000000E+0
-1.26953125E-1	-9.73691971E-9	-9.73691971E-9	-1.26953125E-1	0.00000000E+0	0.00000000E+0
-1.29394531E-1	-9.62239977E-9	-9.62239977E-9	-1.29394531E-1	0.00000000E+0	0.00000000E+0
-1.31835937E-1	-9.81829018E-9	-9.81829018E-9	-1.31835937E-1	0.00000000E+0	0.00000000E+0
-1.34277344E-1	-9.99354999E-9	-9.99354999E-9	-1.34277344E-1	0.00000000E+0	0.00000000E+0
-1.36718750E-1	-1.01625997E-8	-1.01625997E-8	-1.36718750E-1	0.00000000E+0	0.00000000E+0
-1.39160156E-1	-1.03727000E-8	-1.03727000E-8	-1.39160156E-1	0.00000000E+0	0.00000000E+0
-1.41601562E-1	-1.05654001E-8	-1.05654001E-8	-1.41601562E-1	0.00000000E+0	0.00000000E+0
-1.44042969E-1	-1.08208997E-8	-1.08208997E-8	-1.44042969E-1	0.00000000E+0	0.00000000E+0
-1.46484375E-1	-1.09511999E-8	-1.09511999E-8	-1.46484375E-1	0.00000000E+0	0.00000000E+0
-1.48925781E-1	-1.11157004E-8	-1.11157004E-8	-1.48925781E-1	0.00000000E+0	0.00000000E+0
-1.51367187E-1	-1.16693997E-8	-1.16693997E-8	-1.51367187E-1	0.00000000E+0	0.00000000E+0
-1.53808594E-1	-1.18890000E-8	-1.18890000E-8	-1.53808594E-1	0.00000000E+0	0.00000000E+0
-1.56250000E-1	-1.20471997E-8	-1.20471997E-8	-1.56250000E-1	0.00000000E+0	0.00000000E+0
-1.58691406E-1	-1.22547998E-8	-1.22547998E-8	-1.58691406E-1	0.00000000E+0	0.00000000E+0
-1.61132812E-1	-1.24395996E-8	-1.24395996E-8	-1.61132812E-1	0.00000000E+0	0.00000000E+0
-1.63574219E-1	-1.26354998E-8	-1.26354998E-8	-1.63574219E-1	0.00000000E+0	0.00000000E+0
-1.66015625E-1	-1.28032998E-8	-1.28032998E-8	-1.66015625E-1	0.00000000E+0	0.00000000E+0
-1.68457031E-1	-1.30842004E-8	-1.30842004E-8	-1.68457031E-1	0.00000000E+0	0.00000000E+0
-1.70898437E-1	-1.33032998E-8	-1.33032998E-8	-1.70898437E-1	0.00000000E+0	0.00000000E+0
-1.73339844E-1	-1.34715998E-8	-1.34715998E-8	-1.73339844E-1	0.00000000E+0	0.00000000E+0
-1.75781250E-1	-1.36702996E-8	-1.36702996E-8	-1.75781250E-1	0.00000000E+0	0.00000000E+0
-1.78222656E-1	-1.39207001E-8	-1.39207001E-8	-1.78222656E-1	0.00000000E+0	0.00000000E+0
-1.80664062E-1	-1.41749004E-8	-1.41749004E-8	-1.80664062E-1	0.00000000E+0	0.00000000E+0
-1.83105469E-1	-1.44043000E-8	-1.44043000E-8	-1.83105469E-1	0.00000000E+0	0.00000000E+0
-1.85546875E-1	-1.46356003E-8	-1.46356003E-8	-1.85546875E-1	0.00000000E+0	0.00000000E+0
-1.87988281E-1	-1.48222998E-8	-1.48222998E-8	-1.87988281E-1	0.00000000E+0	0.00000000E+0
-1.90429687E-1	-1.50541997E-8	-1.50541997E-8	-1.90429687E-1	0.00000000E+0	0.00000000E+0
-1.92871094E-1	-1.52581006E-8	-1.52581006E-8	-1.92871094E-1	0.00000000E+0	0.00000000E+0
-1.95312500E-1	-1.55128994E-8	-1.55128994E-8	-1.95312500E-1	0.00000000E+0	0.00000000E+0
-1.97753906E-1	-1.57385003E-8	-1.57385003E-8	-1.97753906E-1	0.00000000E+0	0.00000000E+0
-2.00195312E-1	-1.59029003E-8	-1.59029003E-8	-2.00195312E-1	0.00000000E+0	0.00000000E+0
-2.02636719E-1	-1.61195004E-8	-1.61195004E-8	-2.02636719E-1	0.00000000E+0	0.00000000E+0
-2.05078125E-1	-1.62660001E-8	-1.62660001E-8	-2.05078125E-1	0.00000000E+0	0.00000000E+0
-2.07519531E-1	-1.62965996E-8	-1.62965996E-8	-2.07519531E-1	0.00000000E+0	0.00000000E+0
-2.09960937E-1	-1.61551998E-8	-1.61551998E-8	-2.09960937E-1	0.00000000E+0	0.00000000E+0
-2.12402344E-1	-1.70037993E-8	-1.70037993E-8	-2.12402344E-1	0.00000000E+0	0.00000000E+0
-2.14843750E-1	-1.70191008E-8	-1.70191008E-8	-2.14843750E-1	0.00000000E+0	0.00000000E+0
-2.17285156E-1	-1.63514002E-8	-1.63514002E-8	-2.17285156E-1	0.00000000E+0	0.00000000E+0
-2.19726562E-1	-1.74281993E-8	-1.74281993E-8	-2.19726562E-1	0.00000000E+0	0.00000000E+0
-2.22167969E-1	-1.76460997E-8	-1.76460997E-8	-2.22167969E-1	0.00000000E+0	0.00000000E+0
-2.24609375E-1	-1.78066006E-8	-1.78066006E-8	-2.24609375E-1	0.00000000E+0	0.00000000E+0
-2.27050781E-1	-1.80181008E-8	-1.80181008E-8	-2.27050781E-1	0.00000000E+0	0.00000000E+0
-2.29492187E-1	-1.81990991E-8	-1.81990991E-8	-2.29492187E-1	0.00000000E+0	0.00000000E+0
-2.31933594E-1	-1.84972997E-8	-1.84972997E-8	-2.31933594E-1	0.00000000E+0	0.00000000E+0
-2.34375000E-1	-1.86094002E-8	-1.86094002E-8	-2.34375000E-1	0.00000000E+0	0.00000000E+0
-2.36816406E-1	-1.87623002E-8	-1.87623002E-8	-2.36816406E-1	0.00000000E+0	0.00000000E+0
-2.39257812E-1	-1.90477003E-8	-1.90477003E-8	-2.39257812E-1	0.00000000E+0	0.00000000E+0
-2.41699219E-1	-1.91650003E-8	-1.91650003E-8	-2.41699219E-1	0.00000000E+0	0.00000000E+0
-2.44140625E-1	-1.83952995E-8	-1.83952995E-8	-2.44140625E-1	0.00000000E+0	0.00000000E+0
-2.46582031E-1	-1.84718001E-8	-1.84718001E-8	-2.46582031E-1	0.00000000E+0	0.00000000E+0
-2.49023437E-1	-1.97524006E-8	-1.97524006E-8	-2.49023437E-1	0.00000000E+0	0.00000000E+0
-2.51464844E-1	-1.99396997E-8	-1.99396997E-8	-2.51464844E-1	0.00000000E+0	0.00000000E+0
-2.53906250E-1	-1.90145997E-8	-1.90145997E-8	-2.53906250E-1	0.00000000E+0	0.00000000E+0
-2.56347656E-1	-2.02607993E-8	-2.02607993E-8	-2.56347656E-1	0.00000000E+0	0.00000000E+0
-2.58789062E-1	-1.93969001E-8	-1.93969001E-8	-2.58789062E-1	0.00000000E+0	0.00000000E+0
-2.61230469E-1	-2.07094004E-8	-2.07094004E-8	-2.61230469E-1	0.00000000E+0	0.00000000E+0
-2.63671875E-1	-2.08304005E-8	-2.08304005E-8	-2.63671875E-1	0.00000000E+0	0.00000000E+0
-2.66113281E-1	-2.03678994E-8	-2.03678994E-8	-2.66113281E-1	0.00000000E+0	0.00000000E+0
-2.68554687E-1	-1.99753991E-8	-1.99753991E-8	-2.68554687E-1	0.00000000E+0	0.00000000E+0
-2.70996094E-1	-2.01691002E-8	-2.01691002E-8	-2.70996094E-1	0.00000000E+0	0.00000000E+0
-2.73437500E-1	-2.03678994E-8	-2.03678994E-8	-2.73437500E-1	0.00000000E+0	0.00000000E+0
-2.75878906E-1	-2.05054995E-8	-2.05054995E-8	-2.75878906E-1	0.00000000E+0	0.00000000E+0
-2.78320312E-1	-2.08928999E-8	-2.08928999E-8	-2.78320312E-1	0.00000000E+0	0.00000000E+0
-2.80761719E-1	-2.20040004E-8	-2.20040004E-8	-2.80761719E-1	0.00000000E+0	0.00000000E+0
-2.83203125E-1	-2.10979998E-8	-2.10979998E-8	-2.83203125E-1	0.00000000E+0	0.00000000E+0
-2.85644531E-1	-2.23404992E-8	-2.23404992E-8	-2.85644531E-1	0.00000000E+0	0.00000000E+0
-2.88085937E-1	-2.24933991E-8	-2.24933991E-8	-2.88085937E-1	0.00000000E+0	0.00000000E+0
-2.90527344E-1	-2.16675993E-8	-2.16675993E-8	-2.90527344E-1	0.00000000E+0	0.00000000E+0
-2.92968750E-1	-2.16370992E-8	-2.16370992E-8	-2.92968750E-1	0.00000000E+0	0.00000000E+0
-2.95410156E-1	-2.29010997E-8	-2.29010997E-8	-2.95410156E-1	0.00000000E+0	0.00000000E+0
-2.97851562E-1	-2.19735004E-8	-2.19735004E-8	-2.97851562E-1	0.00000000E+0	0.00000000E+0
-3.00292969E-1	-2.32272992E-8	-2.32272992E-8	-3.00292969E-1	0.00000000E+0	0.00000000E+0
-3.02734375E-1	-2.29214994E-8	-2.29214994E-8	-3.02734375E-1	0.00000000E+0	0.00000000E+0
-3.05175781E-1	-2.33725999E-8	-2.33725999E-8	-3.05175781E-1	0.00000000E+0	0.00000000E+0
-3.07617187E-1	-2.39613005E-8	-2.39613005E-8	-3.07617187E-1	0.00000000E+0	0.00000000E+0
-3.10058594E-1	-2.41295002E-8	-2.41295002E-8	-3.10058594E-1	0.00000000E+0	0.00000000E+0
-3.12500000E-1	-2.42786005E-8	-2.42786005E-8	-3.12500000E-1	0.00000000E+0	0.00000000E+0
-3.14941406E-1	-2.45233007E-8	-2.45233007E-8	-3.14941406E-1	0.00000000E+0	0.00000000E+0
-3.17382812E-1	-2.46647005E-8	-2.46647005E-8	-3.17382812E-1	0.00000000E+0	0.00000000E+0
-3.19824219E-1	-2.48329002E-8	-2.48329002E-8	-3.19824219E-1	0.00000000E+0	0.00000000E+0
-3.22265625E-1	-2.49858001E-8	-2.49858001E-8	-3.22265625E-1	0.00000000E+0	0.00000000E+0
-3.24707031E-1	-2.52152006E-8	-2.52152006E-8	-3.24707031E-1	0.00000000E+0	0.00000000E+0
-3.27148437E-1	-2.51234997E-8	-2.51234997E-8	-3.27148437E-1	0.00000000E+0	0.00000000E+0
-3.29589844E-1	-2.41142004E-8	-2.41142004E-8	-3.29589844E-1	0.00000000E+0	0.00000000E+0
-3.32031250E-1	-2.43282994E-8	-2.43282994E-8	-3.32031250E-1	0.00000000E+0	0.00000000E+0
-3.34472656E-1	-2.50776004E-8	-2.50776004E-8	-3.34472656E-1	0.00000000E+0	0.00000000E+0
-3.36914062E-1	-2.59644999E-8	-2.59644999E-8	-3.36914062E-1	0.00000000E+0	0.00000000E+0
-3.39355469E-1	-2.61479993E-8	-2.61479993E-8	-3.39355469E-1	0.00000000E+0	0.00000000E+0
-3.41796875E-1	-2.59797996E-8	-2.59797996E-8	-3.41796875E-1	0.00000000E+0	0.00000000E+0
-3.44238281E-1	-2.50929002E-8	-2.50929002E-8	-3.44238281E-1	0.00000000E+0	0.00000000E+0
-3.46679687E-1	-2.59644999E-8	-2.59644999E-8	-3.46679687E-1	0.00000000E+0	0.00000000E+0
-3.49121094E-1	-2.52878003E-8	-2.52878003E-8	-3.49121094E-1	0.00000000E+0	0.00000000E+0
-3.51562500E-1	-2.64384994E-8	-2.64384994E-8	-3.51562500E-1	0.00000000E+0	0.00000000E+0
-3.54003906E-1	-2.70424998E-8	-2.70424998E-8	-3.54003906E-1	0.00000000E+0	0.00000000E+0
-3.56445312E-1	-2.58116000E-8	-2.58116000E-8	-3.56445312E-1	0.00000000E+0	0.00000000E+0
-3.58886719E-1	-2.73788991E-8	-2.73788991E-8	-3.58886719E-1	0.00000000E+0	0.00000000E+0
-3.61328125E-1	-2.75509002E-8	-2.75509002E-8	-3.61328125E-1	0.00000000E+0	0.00000000E+0
-3.63769531E-1	-2.73788991E-8	-2.73788991E-8	-3.63769531E-1	0.00000000E+0	0.00000000E+0
-3.66210937E-1	-2.75929999E-8	-2.75929999E-8	-3.66210937E-1	0.00000000E+0	0.00000000E+0
-3.68652344E-1	-2.64537992E-8	-2.64537992E-8	-3.68652344E-1	0.00000000E+0	0.00000000E+0
-3.71093750E-1	-2.70922005E-8	-2.70922005E-8	-3.71093750E-1	0.00000000E+0	0.00000000E+0
-3.73535156E-1	-2.80441004E-8	-2.80441004E-8	-3.73535156E-1	0.00000000E+0	0.00000000E+0
-3.75976562E-1	-2.84264008E-8	-2.84264008E-8	-3.75976562E-1	0.00000000E+0	0.00000000E+0
-3.78417969E-1	-2.85716002E-8	-2.85716002E-8	-3.78417969E-1	0.00000000E+0	0.00000000E+0
-3.80859375E-1	-2.87628001E-8	-2.87628001E-8	-3.80859375E-1	0.00000000E+0	0.00000000E+0
-3.83300781E-1	-2.89157001E-8	-2.89157001E-8	-3.83300781E-1	0.00000000E+0	0.00000000E+0
-3.85742187E-1	-2.90801001E-8	-2.90801001E-8	-3.85742187E-1	0.00000000E+0	0.00000000E+0
-3.88183594E-1	-2.77841004E-8	-2.77841004E-8	-3.88183594E-1	0.00000000E+0	0.00000000E+0
-3.90625000E-1	-2.87322006E-8	-2.87322006E-8	-3.90625000E-1	0.00000000E+0	0.00000000E+0
-3.93066406E-1	-2.92330000E-8	-2.92330000E-8	-3.93066406E-1	0.00000000E+0	0.00000000E+0
-3.95507812E-1	-2.89767996E-8	-2.89767996E-8	-3.95507812E-1	0.00000000E+0	0.00000000E+0
-3.97949219E-1	-2.98140002E-8	-2.98140002E-8	-3.97949219E-1	0.00000000E+0	0.00000000E+0
-4.00390625E-1	-2.99631004E-8	-2.99631004E-8	-4.00390625E-1	0.00000000E+0	0.00000000E+0
-4.02832031E-1	-2.90991995E-8	-2.90991995E-8	-4.02832031E-1	0.00000000E+0	0.00000000E+0
-4.05273437E-1	-2.90801001E-8	-2.90801001E-8	-4.05273437E-1	0.00000000E+0	0.00000000E+0
-4.07714844E-1	-2.96113996E-8	-2.96113996E-8	-4.07714844E-1	0.00000000E+0	0.00000000E+0
-4.10156250E-1	-2.99477989E-8	-2.99477989E-8	-4.10156250E-1	0.00000000E+0	0.00000000E+0
-4.12597656E-1	-3.06818002E-8	-3.06818002E-8	-4.12597656E-1	0.00000000E+0	0.00000000E+0
-4.15039062E-1	-2.95503000E-8	-2.95503000E-8	-4.15039062E-1	0.00000000E+0	0.00000000E+0
-4.17480469E-1	-3.04676995E-8	-3.04676995E-8	-4.17480469E-1	0.00000000E+0	0.00000000E+0
-4.19921875E-1	-2.94394003E-8	-2.94394003E-8	-4.19921875E-1	0.00000000E+0	0.00000000E+0
-4.22363281E-1	-2.98942986E-8	-2.98942986E-8	-4.22363281E-1	0.00000000E+0	0.00000000E+0
-4.24804687E-1	-3.01389989E-8	-3.01389989E-8	-4.24804687E-1	0.00000000E+0	0.00000000E+0
-4.27246094E-1	-3.14921991E-8	-3.14921991E-8	-4.27246094E-1	0.00000000E+0	0.00000000E+0
-4.29687500E-1	-3.02841983E-8	-3.02841983E-8	-4.29687500E-1	0.00000000E+0	0.00000000E+0
-4.32128906E-1	-3.06206012E-8	-3.06206012E-8	-4.32128906E-1	0.00000000E+0	0.00000000E+0
-4.34570312E-1	-3.18515987E-8	-3.18515987E-8	-4.34570312E-1	0.00000000E+0	0.00000000E+0
-4.37011719E-1	-3.15686997E-8	-3.15686997E-8	-4.37011719E-1	0.00000000E+0	0.00000000E+0
-4.39453125E-1	-3.20350999E-8	-3.20350999E-8	-4.39453125E-1	0.00000000E+0	0.00000000E+0
-4.41894531E-1	-3.18133999E-8	-3.18133999E-8	-4.41894531E-1	0.00000000E+0	0.00000000E+0
-4.44335937E-1	-3.11328989E-8	-3.11328989E-8	-4.44335937E-1	0.00000000E+0	0.00000000E+0
-4.46777344E-1	-3.07735988E-8	-3.07735988E-8	-4.46777344E-1	0.00000000E+0	0.00000000E+0
-4.49218750E-1	-3.10296997E-8	-3.10296997E-8	-4.49218750E-1	0.00000000E+0	0.00000000E+0
-4.51660156E-1	-3.15877990E-8	-3.15877990E-8	-4.51660156E-1	0.00000000E+0	0.00000000E+0
-4.54101562E-1	-3.14080992E-8	-3.14080992E-8	-4.54101562E-1	0.00000000E+0	0.00000000E+0
-4.56542969E-1	-3.23103002E-8	-3.23103002E-8	-4.56542969E-1	0.00000000E+0	0.00000000E+0
-4.58984375E-1	-3.30595995E-8	-3.30595995E-8	-4.58984375E-1	0.00000000E+0	0.00000000E+0
-4.61425781E-1	-3.31360006E-8	-3.31360006E-8	-4.61425781E-1	0.00000000E+0	0.00000000E+0
-4.63867187E-1	-3.30136984E-8	-3.30136984E-8	-4.63867187E-1	0.00000000E+0	0.00000000E+0
-4.66308594E-1	-3.16451008E-8	-3.16451008E-8	-4.66308594E-1	0.00000000E+0	0.00000000E+0
-4.68750000E-1	-3.26276002E-8	-3.26276002E-8	-4.68750000E-1	0.00000000E+0	0.00000000E+0
-4.71191406E-1	-3.18515987E-8	-3.18515987E-8	-4.71191406E-1	0.00000000E+0	0.00000000E+0
-4.73632812E-1	-3.31819017E-8	-3.31819017E-8	-4.73632812E-1	0.00000000E+0	0.00000000E+0
-4.76074219E-1	-3.34418999E-8	-3.34418999E-8	-4.76074219E-1	0.00000000E+0	0.00000000E+0
-4.78515625E-1	-3.31360006E-8	-3.31360006E-8	-4.78515625E-1	0.00000000E+0	0.00000000E+0
-4.80957031E-1	-3.23293996E-8	-3.23293996E-8	-4.80957031E-1	0.00000000E+0	0.00000000E+0
-4.83398437E-1	-3.40840991E-8	-3.40840991E-8	-4.83398437E-1	0.00000000E+0	0.00000000E+0
-4.85839844E-1	-3.40229001E-8	-3.40229001E-8	-4.85839844E-1	0.00000000E+0	0.00000000E+0
-4.88281250E-1	-3.44893003E-8	-3.44893003E-8	-4.88281250E-1	0.00000000E+0	0.00000000E+0
-4.90722656E-1	-3.30595995E-8	-3.30595995E-8	-4.90722656E-1	0.00000000E+0	0.00000000E+0
-4.93164062E-1	-3.36061987E-8	-3.36061987E-8	-4.93164062E-1	0.00000000E+0	0.00000000E+0
-4.90722656E-1	-3.34724000E-8	-3.34724000E-8	-4.90722656E-1	0.00000000E+0	0.00000000E+0
-4.88281250E-1	-3.44893003E-8	-3.44893003E-8	-4.88281250E-1	0.00000000E+0	0.00000000E+0
-4.85839844E-1	-3.35029995E-8	-3.35029995E-8	-4.85839844E-1	0.00000000E+0	0.00000000E+0
-4.83398437E-1	-3.41300002E-8	-3.41300002E-8	-4.83398437E-1	0.00000000E+0	0.00000000E+0
-4.80957031E-1	-3.36711992E-8	-3.36711992E-8	-4.80957031E-1	0.00000000E+0	0.00000000E+0
-4.78515625E-1	-3.39618005E-8	-3.39618005E-8	-4.78515625E-1	0.00000000E+0	0.00000000E+0
-4.76074219E-1	-3.38317996E-8	-3.38317996E-8	-4.76074219E-1	0.00000000E+0	0.00000000E+0
-4.73632812E-1	-3.37936008E-8	-3.37936008E-8	-4.73632812E-1	0.00000000E+0	0.00000000E+0
-4.71191406E-1	-3.19433013E-8	-3.19433013E-8	-4.71191406E-1	0.00000000E+0	0.00000000E+0
-4.68750000E-1	-3.18133999E-8	-3.18133999E-8	-4.68750000E-1	0.00000000E+0	0.00000000E+0
-4.66308594E-1	-3.30595995E-8	-3.30595995E-8	-4.66308594E-1	0.00000000E+0	0.00000000E+0
-4.63867187E-1	-3.16298987E-8	-3.16298987E-8	-4.63867187E-1	0.00000000E+0	0.00000000E+0
-4.61425781E-1	-3.32201004E-8	-3.32201004E-8	-4.61425781E-1	0.00000000E+0	0.00000000E+0
-4.58984375E-1	-3.16603987E-8	-3.16603987E-8	-4.58984375E-1	0.00000000E+0	0.00000000E+0
-4.56542969E-1	-3.23753007E-8	-3.23753007E-8	-4.56542969E-1	0.00000000E+0	0.00000000E+0
-4.54101562E-1	-3.14769011E-8	-3.14769011E-8	-4.54101562E-1	0.00000000E+0	0.00000000E+0
-4.51660156E-1	-3.15381001E-8	-3.15381001E-8	-4.51660156E-1	0.00000000E+0	0.00000000E+0
-4.49218750E-1	-3.24249996E-8	-3.24249996E-8	-4.49218750E-1	0.00000000E+0	0.00000000E+0
-4.46777344E-1	-3.25053016E-8	-3.25053016E-8	-4.46777344E-1	0.00000000E+0	0.00000000E+0
-4.44335937E-1	-3.24249996E-8	-3.24249996E-8	-4.44335937E-1	0.00000000E+0	0.00000000E+0
-4.41894531E-1	-3.09570005E-8	-3.09570005E-8	-4.41894531E-1	0.00000000E+0	0.00000000E+0
-4.39453125E-1	-3.13469997E-8	-3.13469997E-8	-4.39453125E-1	0.00000000E+0	0.00000000E+0
-4.37011719E-1	-3.18669002E-8	-3.18669002E-8	-4.37011719E-1	0.00000000E+0	0.00000000E+0
-4.34570312E-1	-3.01389989E-8	-3.01389989E-8	-4.34570312E-1	0.00000000E+0	0.00000000E+0
-4.32128906E-1	-3.00166008E-8	-3.00166008E-8	-4.32128906E-1	0.00000000E+0	0.00000000E+0
-4.29687500E-1	-3.11711013E-8	-3.11711013E-8	-4.29687500E-1	0.00000000E+0	0.00000000E+0
-4.27246094E-1	-3.14921991E-8	-3.14921991E-8	-4.27246094E-1	0.00000000E+0	0.00000000E+0
-4.24804687E-1	-3.12132009E-8	-3.12132009E-8	-4.24804687E-1	0.00000000E+0	0.00000000E+0
-4.22363281E-1	-3.13010986E-8	-3.13010986E-8	-4.22363281E-1	0.00000000E+0	0.00000000E+0
-4.19921875E-1	-2.94890992E-8	-2.94890992E-8	-4.19921875E-1	0.00000000E+0	0.00000000E+0
-4.17480469E-1	-2.95693994E-8	-2.95693994E-8	-4.17480469E-1	0.00000000E+0	0.00000000E+0
-4.15039062E-1	-2.99325009E-8	-2.99325009E-8	-4.15039062E-1	0.00000000E+0	0.00000000E+0
-4.12597656E-1	-2.91832993E-8	-2.91832993E-8	-4.12597656E-1	0.00000000E+0	0.00000000E+0
-4.10156250E-1	-3.05288985E-8	-3.05288985E-8	-4.10156250E-1	0.00000000E+0	0.00000000E+0
-4.07714844E-1	-3.01618996E-8	-3.01618996E-8	-4.07714844E-1	0.00000000E+0	0.00000000E+0
-4.05273437E-1	-2.92330000E-8	-2.92330000E-8	-4.05273437E-1	0.00000000E+0	0.00000000E+0
-4.02832031E-1	-2.99171994E-8	-2.99171994E-8	-4.02832031E-1	0.00000000E+0	0.00000000E+0
-4.00390625E-1	-2.89271007E-8	-2.89271007E-8	-4.00390625E-1	0.00000000E+0	0.00000000E+0
-3.97949219E-1	-2.81664008E-8	-2.81664008E-8	-3.97949219E-1	0.00000000E+0	0.00000000E+0
-3.95507812E-1	-2.83039991E-8	-2.83039991E-8	-3.95507812E-1	0.00000000E+0	0.00000000E+0
-3.93066406E-1	-2.91603008E-8	-2.91603008E-8	-3.93066406E-1	0.00000000E+0	0.00000000E+0
-3.90625000E-1	-2.89767996E-8	-2.89767996E-8	-3.90625000E-1	0.00000000E+0	0.00000000E+0
-3.88183594E-1	-2.91832993E-8	-2.91832993E-8	-3.88183594E-1	0.00000000E+0	0.00000000E+0
-3.85742187E-1	-2.75929999E-8	-2.75929999E-8	-3.85742187E-1	0.00000000E+0	0.00000000E+0
-3.83300781E-1	-2.79217005E-8	-2.79217005E-8	-3.83300781E-1	0.00000000E+0	0.00000000E+0
-3.80859375E-1	-2.78912005E-8	-2.78912005E-8	-3.80859375E-1	0.00000000E+0	0.00000000E+0
-3.78417969E-1	-2.85601001E-8	-2.85601001E-8	-3.78417969E-1	0.00000000E+0	0.00000000E+0
-3.75976562E-1	-2.83346004E-8	-2.83346004E-8	-3.75976562E-1	0.00000000E+0	0.00000000E+0
-3.73535156E-1	-2.82045995E-8	-2.82045995E-8	-3.73535156E-1	0.00000000E+0	0.00000000E+0
-3.71093750E-1	-2.67749005E-8	-2.67749005E-8	-3.71093750E-1	0.00000000E+0	0.00000000E+0
-3.68652344E-1	-2.72872001E-8	-2.72872001E-8	-3.68652344E-1	0.00000000E+0	0.00000000E+0
-3.66210937E-1	-2.77153003E-8	-2.77153003E-8	-3.66210937E-1	0.00000000E+0	0.00000000E+0
-3.63769531E-1	-2.61937991E-8	-2.61937991E-8	-3.63769531E-1	0.00000000E+0	0.00000000E+0
-3.61328125E-1	-2.60408992E-8	-2.60408992E-8	-3.61328125E-1	0.00000000E+0	0.00000000E+0
-3.58886719E-1	-2.66526001E-8	-2.66526001E-8	-3.58886719E-1	0.00000000E+0	0.00000000E+0
-3.56445312E-1	-2.71725007E-8	-2.71725007E-8	-3.56445312E-1	0.00000000E+0	0.00000000E+0
-3.54003906E-1	-2.69928009E-8	-2.69928009E-8	-3.54003906E-1	0.00000000E+0	0.00000000E+0
-3.51562500E-1	-2.68780997E-8	-2.68780997E-8	-3.51562500E-1	0.00000000E+0	0.00000000E+0
-3.49121094E-1	-2.56739003E-8	-2.56739003E-8	-3.49121094E-1	0.00000000E+0	0.00000000E+0
-3.46679687E-1	-2.51387000E-8	-2.51387000E-8	-3.46679687E-1	0.00000000E+0	0.00000000E+0
-3.44238281E-1	-2.64384994E-8	-2.64384994E-8	-3.44238281E-1	0.00000000E+0	0.00000000E+0
-3.41796875E-1	-2.62244004E-8	-2.62244004E-8	-3.41796875E-1	0.00000000E+0	0.00000000E+0
-3.39355469E-1	-2.60868003E-8	-2.60868003E-8	-3.39355469E-1	0.00000000E+0	0.00000000E+0
-3.36914062E-1	-2.58421000E-8	-2.58421000E-8	-3.36914062E-1	0.00000000E+0	0.00000000E+0
-3.34472656E-1	-2.57580002E-8	-2.57580002E-8	-3.34472656E-1	0.00000000E+0	0.00000000E+0
-3.32031250E-1	-2.56892001E-8	-2.56892001E-8	-3.32031250E-1	0.00000000E+0	0.00000000E+0
-3.29589844E-1	-2.46494007E-8	-2.46494007E-8	-3.29589844E-1	0.00000000E+0	0.00000000E+0
-3.27148437E-1	-2.39421993E-8	-2.39421993E-8	-3.27148437E-1	0.00000000E+0	0.00000000E+0
-3.24707031E-1	-2.38199007E-8	-2.38199007E-8	-3.24707031E-1	0.00000000E+0	0.00000000E+0
-3.22265625E-1	-2.50431995E-8	-2.50431995E-8	-3.22265625E-1	0.00000000E+0	0.00000000E+0
-3.19824219E-1	-2.38848994E-8	-2.38848994E-8	-3.19824219E-1	0.00000000E+0	0.00000000E+0
-3.17382812E-1	-2.42786005E-8	-2.42786005E-8	-3.17382812E-1	0.00000000E+0	0.00000000E+0
-3.14941406E-1	-2.36363995E-8	-2.36363995E-8	-3.14941406E-1	0.00000000E+0	0.00000000E+0
-3.12500000E-1	-2.40454003E-8	-2.40454003E-8	-3.12500000E-1	0.00000000E+0	0.00000000E+0
-3.10058594E-1	-2.41295002E-8	-2.41295002E-8	-3.10058594E-1	0.00000000E+0	0.00000000E+0
-3.07617187E-1	-2.39613005E-8	-2.39613005E-8	-3.07617187E-1	0.00000000E+0	0.00000000E+0
-3.05175781E-1	-2.37777993E-8	-2.37777993E-8	-3.05175781E-1	0.00000000E+0	0.00000000E+0
-3.02734375E-1	-2.35739002E-8	-2.35739002E-8	-3.02734375E-1	0.00000000E+0	0.00000000E+0
-3.00292969E-1	-2.33725999E-8	-2.33725999E-8	-3.00292969E-1	0.00000000E+0	0.00000000E+0
-2.97851562E-1	-2.33000002E-8	-2.33000002E-8	-2.97851562E-1	0.00000000E+0	0.00000000E+0
-2.95410156E-1	-2.30437998E-8	-2.30437998E-8	-2.95410156E-1	0.00000000E+0	0.00000000E+0
-2.92968750E-1	-2.29010997E-8	-2.29010997E-8	-2.92968750E-1	0.00000000E+0	0.00000000E+0
-2.90527344E-1	-2.27532997E-8	-2.27532997E-8	-2.90527344E-1	0.00000000E+0	0.00000000E+0
-2.88085937E-1	-2.25775008E-8	-2.25775008E-8	-2.88085937E-1	0.00000000E+0	0.00000000E+0
-2.85644531E-1	-2.23863008E-8	-2.23863008E-8	-2.85644531E-1	0.00000000E+0	0.00000000E+0
-2.83203125E-1	-2.13796998E-8	-2.13796998E-8	-2.83203125E-1	0.00000000E+0	0.00000000E+0
-2.80761719E-1	-2.08827000E-8	-2.08827000E-8	-2.80761719E-1	0.00000000E+0	0.00000000E+0
-2.78320312E-1	-2.11285993E-8	-2.11285993E-8	-2.78320312E-1	0.00000000E+0	0.00000000E+0
-2.75878906E-1	-2.17288001E-8	-2.17288001E-8	-2.75878906E-1	0.00000000E+0	0.00000000E+0
-2.73437500E-1	-2.15874003E-8	-2.15874003E-8	-2.73437500E-1	0.00000000E+0	0.00000000E+0
-2.70996094E-1	-2.14230003E-8	-2.14230003E-8	-2.70996094E-1	0.00000000E+0	0.00000000E+0
-2.68554687E-1	-2.12088995E-8	-2.12088995E-8	-2.68554687E-1	0.00000000E+0	0.00000000E+0
-2.66113281E-1	-2.10712994E-8	-2.10712994E-8	-2.66113281E-1	0.00000000E+0	0.00000000E+0
-2.63671875E-1	-2.09030997E-8	-2.09030997E-8	-2.63671875E-1	0.00000000E+0	0.00000000E+0
-2.61230469E-1	-2.06890007E-8	-2.06890007E-8	-2.61230469E-1	0.00000000E+0	0.00000000E+0
-2.58789062E-1	-2.05514006E-8	-2.05514006E-8	-2.58789062E-1	0.00000000E+0	0.00000000E+0
-2.56347656E-1	-2.03372998E-8	-2.03372998E-8	-2.56347656E-1	0.00000000E+0	0.00000000E+0
-2.53906250E-1	-2.01308996E-8	-2.01308996E-8	-2.53906250E-1	0.00000000E+0	0.00000000E+0
-2.51464844E-1	-1.91139993E-8	-1.91139993E-8	-2.51464844E-1	0.00000000E+0	0.00000000E+0
-2.49023437E-1	-1.86399998E-8	-1.86399998E-8	-2.49023437E-1	0.00000000E+0	0.00000000E+0
-2.46582031E-1	-1.84718001E-8	-1.84718001E-8	-2.46582031E-1	0.00000000E+0	0.00000000E+0
-2.44140625E-1	-1.82678992E-8	-1.82678992E-8	-2.44140625E-1	0.00000000E+0	0.00000000E+0
-2.41699219E-1	-1.81507005E-8	-1.81507005E-8	-2.41699219E-1	0.00000000E+0	0.00000000E+0
-2.39257812E-1	-1.79288993E-8	-1.79288993E-8	-2.39257812E-1	0.00000000E+0	0.00000000E+0
-2.36816406E-1	-1.77453998E-8	-1.77453998E-8	-2.36816406E-1	0.00000000E+0	0.00000000E+0
-2.34375000E-1	-1.75542993E-8	-1.75542993E-8	-2.34375000E-1	0.00000000E+0	0.00000000E+0
-2.31933594E-1	-1.74064994E-8	-1.74064994E-8	-2.31933594E-1	0.00000000E+0	0.00000000E+0
-2.29492187E-1	-1.71618009E-8	-1.71618009E-8	-2.29492187E-1	0.00000000E+0	0.00000000E+0
-2.27050781E-1	-1.70318994E-8	-1.70318994E-8	-2.27050781E-1	0.00000000E+0	0.00000000E+0
-2.24609375E-1	-1.72944006E-8	-1.72944006E-8	-2.24609375E-1	0.00000000E+0	0.00000000E+0
-2.22167969E-1	-1.76104002E-8	-1.76104002E-8	-2.22167969E-1	0.00000000E+0	0.00000000E+0
-2.19726562E-1	-1.74524004E-8	-1.74524004E-8	-2.19726562E-1	0.00000000E+0	0.00000000E+0
-2.17285156E-1	-1.72484995E-8	-1.72484995E-8	-2.17285156E-1	0.00000000E+0	0.00000000E+0
-2.14843750E-1	-1.70572996E-8	-1.70572996E-8	-2.14843750E-1	0.00000000E+0	0.00000000E+0
-2.12402344E-1	-1.68534999E-8	-1.68534999E-8	-2.12402344E-1	0.00000000E+0	0.00000000E+0
-2.09960937E-1	-1.66623000E-8	-1.66623000E-8	-2.09960937E-1	0.00000000E+0	0.00000000E+0
-2.07519531E-1	-1.63921996E-8	-1.63921996E-8	-2.07519531E-1	0.00000000E+0	0.00000000E+0
-2.05078125E-1	-1.62162994E-8	-1.62162994E-8	-2.05078125E-1	0.00000000E+0	0.00000000E+0
-2.02636719E-1	-1.51866999E-8	-1.51866999E-8	-2.02636719E-1	0.00000000E+0	0.00000000E+0
-2.00195312E-1	-1.50464992E-8	-1.50464992E-8	-2.00195312E-1	0.00000000E+0	0.00000000E+0
-1.97753906E-1	-1.47151997E-8	-1.47151997E-8	-1.97753906E-1	0.00000000E+0	0.00000000E+0
-1.95312500E-1	-1.44922003E-8	-1.44922003E-8	-1.95312500E-1	0.00000000E+0	0.00000000E+0
-1.92871094E-1	-1.43075001E-8	-1.43075001E-8	-1.92871094E-1	0.00000000E+0	0.00000000E+0
-1.90429687E-1	-1.41648000E-8	-1.41648000E-8	-1.90429687E-1	0.00000000E+0	0.00000000E+0
-1.87988281E-1	-1.39710998E-8	-1.39710998E-8	-1.87988281E-1	0.00000000E+0	0.00000000E+0
-1.85546875E-1	-1.37927003E-8	-1.37927003E-8	-1.85546875E-1	0.00000000E+0	0.00000000E+0
-1.83105469E-1	-1.35939002E-8	-1.35939002E-8	-1.83105469E-1	0.00000000E+0	0.00000000E+0
-1.80664062E-1	-1.33620004E-8	-1.33620004E-8	-1.80664062E-1	0.00000000E+0	0.00000000E+0
-1.78222656E-1	-1.31300002E-8	-1.31300002E-8	-1.78222656E-1	0.00000000E+0	0.00000000E+0
-1.75781250E-1	-1.28668001E-8	-1.28668001E-8	-1.75781250E-1	0.00000000E+0	0.00000000E+0
-1.73339844E-1	-1.26778001E-8	-1.26778001E-8	-1.73339844E-1	0.00000000E+0	0.00000000E+0
-1.70898437E-1	-1.24752999E-8	-1.24752999E-8	-1.70898437E-1	0.00000000E+0	0.00000000E+0
-1.68457031E-1	-1.23242003E-8	-1.23242003E-8	-1.68457031E-1	0.00000000E+0	0.00000000E+0
-1.66015625E-1	-1.21412000E-8	-1.21412000E-8	-1.66015625E-1	0.00000000E+0	0.00000000E+0
-1.63574219E-1	-1.19469004E-8	-1.19469004E-8	-1.63574219E-1	0.00000000E+0	0.00000000E+0
-1.61132812E-1	-1.18049002E-8	-1.18049002E-8	-1.61132812E-1	0.00000000E+0	0.00000000E+0
-1.58691406E-1	-1.15630998E-8	-1.15630998E-8	-1.58691406E-1	0.00000000E+0	0.00000000E+0
-1.56250000E-1	-1.14418004E-8	-1.14418004E-8	-1.56250000E-1	0.00000000E+0	0.00000000E+0
-1.53808594E-1	-1.12347003E-8	-1.12347003E-8	-1.53808594E-1	0.00000000E+0	0.00000000E+0
-1.51367187E-1	-1.10459002E-8	-1.10459002E-8	-1.51367187E-1	0.00000000E+0	0.00000000E+0
-1.48925781E-1	-1.08849996E-8	-1.08849996E-8	-1.48925781E-1	0.00000000E+0	0.00000000E+0
-1.46484375E-1	-1.06542002E-8	-1.06542002E-8	-1.46484375E-1	0.00000000E+0	0.00000000E+0
-1.44042969E-1	-1.05057998E-8	-1.05057998E-8	-1.44042969E-1	0.00000000E+0	0.00000000E+0
-1.41601562E-1	-1.02864002E-8	-1.02864002E-8	-1.41601562E-1	0.00000000E+0	0.00000000E+0
-1.39160156E-1	-1.00920001E-8	-1.00920001E-8	-1.39160156E-1	0.00000000E+0	0.00000000E+0
-1.36718750E-1	-9.85941995E-9	-9.85941995E-9	-1.36718750E-1	0.00000000E+0	0.00000000E+0
-1.34277344E-1	-9.68694014E-9	-9.68694014E-9	-1.34277344E-1	0.00000000E+0	0.00000000E+0
-1.31835937E-1	-9.50015977E-9	-9.50015977E-9	-1.31835937E-1	0.00000000E+0	0.00000000E+0
-1.29394531E-1	-9.32022015E-9	-9.32022015E-9	-1.29394531E-1	0.00000000E+0	0.00000000E+0
-1.26953125E-1	-9.11331988E-9	-9.11331988E-9	-1.26953125E-1	0.00000000E+0	0.00000000E+0
-1.24511719E-1	-8.94249030E-9	-8.94249030E-9	-1.24511719E-1	0.00000000E+0	0.00000000E+0
-1.22070312E-1	-8.71470984E-9	-8.71470984E-9	-1.22070312E-1	0.00000000E+0	0.00000000E+0
-1.19628906E-1	-8.54919957E-9	-8.54919957E-9	-1.19628906E-1	0.00000000E+0	0.00000000E+0
-1.17187500E-1	-8.35976000E-9	-8.35976000E-9	-1.17187500E-1	0.00000000E+0	0.00000000E+0
-1.14746094E-1	-8.17146972E-9	-8.17146972E-9	-1.14746094E-1	0.00000000E+0	0.00000000E+0
-1.12304687E-1	-7.99798006E-9	-7.99798006E-9	-1.12304687E-1	0.00000000E+0	0.00000000E+0
-1.09863281E-1	-7.85068011E-9	-7.85068011E-9	-1.09863281E-1	0.00000000E+0	0.00000000E+0
-1.07421875E-1	-7.66163044E-9	-7.66163044E-9	-1.07421875E-1	0.00000000E+0	0.00000000E+0
-1.04980469E-1	-7.54964002E-9	-7.54964002E-9	-1.04980469E-1	0.00000000E+0	0.00000000E+0
-1.02539062E-1	-7.38830019E-9	-7.38830019E-9	-1.02539062E-1	0.00000000E+0	0.00000000E+0
-1.00097656E-1	-7.27137017E-9	-7.27137017E-9	-1.00097656E-1	0.00000000E+0	0.00000000E+0
-9.76562500E-2	-7.11572978E-9	-7.11572978E-9	-9.76562500E-2	0.00000000E+0	0.00000000E+0
-9.52148438E-2	-7.01095004E-9	-7.01095004E-9	-9.52148438E-2	0.00000000E+0	0.00000000E+0
-9.27734375E-2	-6.97070979E-9	-6.97070979E-9	-9.27734375E-2	0.00000000E+0	0.00000000E+0
-9.03320313E-2	-6.88490998E-9	-6.88490998E-9	-9.03320313E-2	0.00000000E+0	0.00000000E+0
-8.78906250E-2	-6.82189016E-9	-6.82189016E-9	-8.78906250E-2	0.00000000E+0	0.00000000E+0
-8.54492188E-2	-6.82189016E-9	-6.82189016E-9	-8.54492188E-2	0.00000000E+0	0.00000000E+0
-8.30078125E-2	-6.71940015E-9	-6.71940015E-9	-8.30078125E-2	0.00000000E+0	0.00000000E+0
-8.05664063E-2	-6.74938994E-9	-6.74938994E-9	-8.05664063E-2	0.00000000E+0	0.00000000E+0
-7.81250000E-2	-6.77481982E-9	-6.77481982E-9	-7.81250000E-2	0.00000000E+0	0.00000000E+0
-7.56835938E-2	-6.78583012E-9	-6.78583012E-9	-7.56835938E-2	0.00000000E+0	0.00000000E+0
-7.32421875E-2	-6.86593005E-9	-6.86593005E-9	-7.32421875E-2	0.00000000E+0	0.00000000E+0
-7.08007813E-2	-6.91755986E-9	-6.91755986E-9	-7.08007813E-2	0.00000000E+0	0.00000000E+0
-6.83593750E-2	-7.04587011E-9	-7.04587011E-9	-6.83593750E-2	0.00000000E+0	0.00000000E+0
-6.59179688E-2	-7.14989001E-9	-7.14989001E-9	-6.59179688E-2	0.00000000E+0	0.00000000E+0
-6.34765625E-2	-7.34882022E-9	-7.34882022E-9	-6.34765625E-2	0.00000000E+0	0.00000000E+0
-6.10351563E-2	-7.64720021E-9	-7.64720021E-9	-6.10351563E-2	0.00000000E+0	0.00000000E+0
-5.85937500E-2	-7.91902011E-9	-7.91902011E-9	-5.85937500E-2	0.00000000E+0	0.00000000E+0
-5.61523438E-2	-8.41594971E-9	-8.41594971E-9	-5.61523438E-2	0.00000000E+0	0.00000000E+0
-5.37109375E-2	-9.02829012E-9	-9.02829012E-9	-5.37109375E-2	0.00000000E+0	0.00000000E+0
-5.12695313E-2	-9.93672966E-9	-9.93672966E-9	-5.12695313E-2	0.00000000E+0	0.00000000E+0
-4.88281250E-2	-1.09754996E-8	-1.09754996E-8	-4.88281250E-2	0.00000000E+0	0.00000000E+0
-4.63867188E-2	-1.17181003E-8	-1.17181003E-8	-4.63867188E-2	0.00000000E+0	0.00000000E+0
-4.39453125E-2	-1.17615997E-8	-1.17615997E-8	-4.39453125E-2	0.00000000E+0	0.00000000E+0
-4.15039063E-2	-1.19532997E-8	-1.19532997E-8	-4.15039063E-2	0.00000000E+0	0.00000000E+0
-3.90625000E-2	-1.20742003E-8	-1.20742003E-8	-3.90625000E-2	0.00000000E+0	0.00000000E+0
-3.66210938E-2	-1.12761001E-8	-1.12761001E-8	-3.66210938E-2	0.00000000E+0	0.00000000E+0
-3.41796875E-2	-1.04747002E-8	-1.04747002E-8	-3.41796875E-2	0.00000000E+0	0.00000000E+0
-3.17382813E-2	-9.62239977E-9	-9.62239977E-9	-3.17382813E-2	0.00000000E+0	0.00000000E+0
-2.92968750E-2	-8.89768970E-9	-8.89768970E-9	-2.92968750E-2	0.00000000E+0	0.00000000E+0
-2.68554688E-2	-8.50060022E-9	-8.50060022E-9	-2.68554688E-2	0.00000000E+0	0.00000000E+0
-2.44140625E-2	-7.65669039E-9	-7.65669039E-9	-2.44140625E-2	0.00000000E+0	0.00000000E+0
-2.19726563E-2	-6.90844981E-9	-6.90844981E-9	-2.19726563E-2	0.00000000E+0	0.00000000E+0
-1.95312500E-2	-6.14388007E-9	-6.14388007E-9	-1.95312500E-2	0.00000000E+0	0.00000000E+0
-1.70898438E-2	-5.41424017E-9	-5.41424017E-9	-1.70898438E-2	0.00000000E+0	0.00000000E+0
-1.46484375E-2	-4.61094984E-9	-4.61094984E-9	-1.46484375E-2	0.00000000E+0	0.00000000E+0
-1.22070313E-2	-3.77501008E-9	-3.77501008E-9	-1.22070313E-2	0.00000000E+0	0.00000000E+0
-9.76562500E-3	-2.95274005E-9	-2.95274005E-9	-9.76562500E-3	0.00000000E+0	0.00000000E+0
-7.32421875E-3	-2.29724995E-9	-2.29724995E-9	-7.32421875E-3	0.00000000E+0	0.00000000E+0
-4.88281250E-3	-1.63290004E-9	-1.63290004E-9	-4.88281250E-3	0.00000000E+0	0.00000000E+0
-2.44140625E-3	-7.65320973E-10	-7.65320973E-10	-2.44140625E-3	0.00000000E+0	0.00000000E+0
0.00000000E+0	-3.99132012E-11	-3.99132012E-11	0.00000000E+0	0.00000000E+0	0.00000000E+0
