Date: do 28 mrt 2013, Material: Au, Temp: 4.2 K
AO1 - module gain: 1.0E+0, R_out: 0.0
AO2 - module gain: 1.0E+2
MUX1 - ADC gain: 4, logarithmic amplifier: D:\LabVIEW Data\Lithographic MCBJ\MED24_070412.TXT, R_in: 0.000
MUX2 - ADC gain: 4, linear amplifier: 1.000000 x 1e10 V/A, R_in: 1.000
Breaking trace: 15 0
Axis position: -885.299119
Vbias (V)	<I> and Ii MUX1 (A)	Vbias (V)	<I> and Ii MUX2 (A)
@
0.00000000E+0	-5.66904995E-11	-5.66904995E-11	0.00000000E+0	0.00000000E+0	0.00000000E+0
2.44140625E-3	2.64709005E-10	2.64709005E-10	2.44140625E-3	0.00000000E+0	0.00000000E+0
4.88281250E-3	7.13176018E-10	7.13176018E-10	4.88281250E-3	0.00000000E+0	0.00000000E+0
7.32421875E-3	1.28136002E-9	1.28136002E-9	7.32421875E-3	0.00000000E+0	0.00000000E+0
9.76562500E-3	1.86750992E-9	1.86750992E-9	9.76562500E-3	0.00000000E+0	0.00000000E+0
1.22070313E-2	2.37418996E-9	2.37418996E-9	1.22070313E-2	0.00000000E+0	0.00000000E+0
1.46484375E-2	2.87378010E-9	2.87378010E-9	1.46484375E-2	0.00000000E+0	0.00000000E+0
1.70898438E-2	3.39537998E-9	3.39537998E-9	1.70898438E-2	0.00000000E+0	0.00000000E+0
1.95312500E-2	3.94831012E-9	3.94831012E-9	1.95312500E-2	0.00000000E+0	0.00000000E+0
2.19726563E-2	4.53881999E-9	4.53881999E-9	2.19726563E-2	0.00000000E+0	0.00000000E+0
2.44140625E-2	5.16140997E-9	5.16140997E-9	2.44140625E-2	0.00000000E+0	0.00000000E+0
2.68554688E-2	5.76463011E-9	5.76463011E-9	2.68554688E-2	0.00000000E+0	0.00000000E+0
2.92968750E-2	6.35722985E-9	6.35722985E-9	2.92968750E-2	0.00000000E+0	0.00000000E+0
3.17382813E-2	6.92212021E-9	6.92212021E-9	3.17382813E-2	0.00000000E+0	0.00000000E+0
3.41796875E-2	7.47979012E-9	7.47979012E-9	3.41796875E-2	0.00000000E+0	0.00000000E+0
3.66210938E-2	8.00670996E-9	8.00670996E-9	3.66210938E-2	0.00000000E+0	0.00000000E+0
3.90625000E-2	8.57995008E-9	8.57995008E-9	3.90625000E-2	0.00000000E+0	0.00000000E+0
4.15039063E-2	9.13875997E-9	9.13875997E-9	4.15039063E-2	0.00000000E+0	0.00000000E+0
4.39453125E-2	9.70212000E-9	9.70212000E-9	4.39453125E-2	0.00000000E+0	0.00000000E+0
4.63867188E-2	8.88579965E-9	8.88579965E-9	4.63867188E-2	0.00000000E+0	0.00000000E+0
4.88281250E-2	9.84790027E-9	9.84790027E-9	4.88281250E-2	0.00000000E+0	0.00000000E+0
5.12695313E-2	9.84145032E-9	9.84145032E-9	5.12695313E-2	0.00000000E+0	0.00000000E+0
5.37109375E-2	9.34300015E-9	9.34300015E-9	5.37109375E-2	0.00000000E+0	0.00000000E+0
5.61523438E-2	8.73672956E-9	8.73672956E-9	5.61523438E-2	0.00000000E+0	0.00000000E+0
5.85937500E-2	8.21968005E-9	8.21968005E-9	5.85937500E-2	0.00000000E+0	0.00000000E+0
6.10351563E-2	7.82524978E-9	7.82524978E-9	6.10351563E-2	0.00000000E+0	0.00000000E+0
6.34765625E-2	7.45283035E-9	7.45283035E-9	6.34765625E-2	0.00000000E+0	0.00000000E+0
6.59179688E-2	7.17153004E-9	7.17153004E-9	6.59179688E-2	0.00000000E+0	0.00000000E+0
6.83593750E-2	6.93085012E-9	6.93085012E-9	6.83593750E-2	0.00000000E+0	0.00000000E+0
7.08007813E-2	6.75736000E-9	6.75736000E-9	7.08007813E-2	0.00000000E+0	0.00000000E+0
7.32421875E-2	6.59183996E-9	6.59183996E-9	7.32421875E-2	0.00000000E+0	0.00000000E+0
7.56835938E-2	6.48060983E-9	6.48060983E-9	7.56835938E-2	0.00000000E+0	0.00000000E+0
7.81250000E-2	6.39367981E-9	6.39367981E-9	7.81250000E-2	0.00000000E+0	0.00000000E+0
8.05664063E-2	6.36216990E-9	6.36216990E-9	8.05664063E-2	0.00000000E+0	0.00000000E+0
8.30078125E-2	6.20728002E-9	6.20728002E-9	8.30078125E-2	0.00000000E+0	0.00000000E+0
8.54492188E-2	6.14540019E-9	6.14540019E-9	8.54492188E-2	0.00000000E+0	0.00000000E+0
8.78906250E-2	6.14996010E-9	6.14996010E-9	8.78906250E-2	0.00000000E+0	0.00000000E+0
9.03320313E-2	6.14540019E-9	6.14540019E-9	9.03320313E-2	0.00000000E+0	0.00000000E+0
9.27734375E-2	6.11237017E-9	6.11237017E-9	9.27734375E-2	0.00000000E+0	0.00000000E+0
9.52148438E-2	6.14540019E-9	6.14540019E-9	9.52148438E-2	0.00000000E+0	0.00000000E+0
9.76562500E-2	6.14540019E-9	6.14540019E-9	9.76562500E-2	0.00000000E+0	0.00000000E+0
1.00097656E-1	6.17197005E-9	6.17197005E-9	1.00097656E-1	0.00000000E+0	0.00000000E+0
1.02539062E-1	6.27409014E-9	6.27409014E-9	1.02539062E-1	0.00000000E+0	0.00000000E+0
1.04980469E-1	6.32571995E-9	6.32571995E-9	1.04980469E-1	0.00000000E+0	0.00000000E+0
1.07421875E-1	6.36216990E-9	6.36216990E-9	1.07421875E-1	0.00000000E+0	0.00000000E+0
1.09863281E-1	6.37697006E-9	6.37697006E-9	1.09863281E-1	0.00000000E+0	0.00000000E+0
1.12304687E-1	6.43923004E-9	6.43923004E-9	1.12304687E-1	0.00000000E+0	0.00000000E+0
1.14746094E-1	6.50832011E-9	6.50832011E-9	1.14746094E-1	0.00000000E+0	0.00000000E+0
1.17187500E-1	6.57778987E-9	6.57778987E-9	1.17187500E-1	0.00000000E+0	0.00000000E+0
1.19628906E-1	6.65334010E-9	6.65334010E-9	1.19628906E-1	0.00000000E+0	0.00000000E+0
1.22070312E-1	6.72243017E-9	6.72243017E-9	1.22070312E-1	0.00000000E+0	0.00000000E+0
1.24511719E-1	6.82037982E-9	6.82037982E-9	1.24511719E-1	0.00000000E+0	0.00000000E+0
1.26953125E-1	6.92212021E-9	6.92212021E-9	1.26953125E-1	0.00000000E+0	0.00000000E+0
1.29394531E-1	7.03068981E-9	7.03068981E-9	1.29394531E-1	0.00000000E+0	0.00000000E+0
1.31835937E-1	7.11685999E-9	7.11685999E-9	1.31835937E-1	0.00000000E+0	0.00000000E+0
1.34277344E-1	7.22012006E-9	7.22012006E-9	1.34277344E-1	0.00000000E+0	0.00000000E+0
1.36718750E-1	7.31730987E-9	7.31730987E-9	1.36718750E-1	0.00000000E+0	0.00000000E+0
1.39160156E-1	7.40689998E-9	7.40689998E-9	1.39160156E-1	0.00000000E+0	0.00000000E+0
1.41601562E-1	7.53407026E-9	7.53407026E-9	1.41601562E-1	0.00000000E+0	0.00000000E+0
1.44042969E-1	7.62936025E-9	7.62936025E-9	1.44042969E-1	0.00000000E+0	0.00000000E+0
1.46484375E-1	7.74134978E-9	7.74134978E-9	1.46484375E-1	0.00000000E+0	0.00000000E+0
1.48925781E-1	7.90307020E-9	7.90307020E-9	1.48925781E-1	0.00000000E+0	0.00000000E+0
1.51367187E-1	7.95697996E-9	7.95697996E-9	1.51367187E-1	0.00000000E+0	0.00000000E+0
1.53808594E-1	8.05226996E-9	8.05226996E-9	1.53808594E-1	0.00000000E+0	0.00000000E+0
1.56250000E-1	8.16755019E-9	8.16755019E-9	1.56250000E-1	0.00000000E+0	0.00000000E+0
1.58691406E-1	8.32027958E-9	8.32027958E-9	1.58691406E-1	0.00000000E+0	0.00000000E+0
1.61132812E-1	8.40417957E-9	8.40417957E-9	1.61132812E-1	0.00000000E+0	0.00000000E+0
1.63574219E-1	8.57349036E-9	8.57349036E-9	1.63574219E-1	0.00000000E+0	0.00000000E+0
1.66015625E-1	8.69914984E-9	8.69914984E-9	1.66015625E-1	0.00000000E+0	0.00000000E+0
1.68457031E-1	8.84833984E-9	8.84833984E-9	1.68457031E-1	0.00000000E+0	0.00000000E+0
1.70898437E-1	8.96071040E-9	8.96071040E-9	1.70898437E-1	0.00000000E+0	0.00000000E+0
1.73339844E-1	9.13875997E-9	9.13875997E-9	1.73339844E-1	0.00000000E+0	0.00000000E+0
1.75781250E-1	9.25644006E-9	9.25644006E-9	1.75781250E-1	0.00000000E+0	0.00000000E+0
1.78222656E-1	9.39690015E-9	9.39690015E-9	1.78222656E-1	0.00000000E+0	0.00000000E+0
1.80664062E-1	9.50964996E-9	9.50964996E-9	1.80664062E-1	0.00000000E+0	0.00000000E+0
1.83105469E-1	9.66795977E-9	9.66795977E-9	1.83105469E-1	0.00000000E+0	0.00000000E+0
1.85546875E-1	9.77805037E-9	9.77805037E-9	1.85546875E-1	0.00000000E+0	0.00000000E+0
1.87988281E-1	9.93842963E-9	9.93842963E-9	1.87988281E-1	0.00000000E+0	0.00000000E+0
1.90429687E-1	1.00683000E-8	1.00683000E-8	1.90429687E-1	0.00000000E+0	0.00000000E+0
1.92871094E-1	1.02064002E-8	1.02064002E-8	1.92871094E-1	0.00000000E+0	0.00000000E+0
1.95312500E-1	1.03557003E-8	1.03557003E-8	1.95312500E-1	0.00000000E+0	0.00000000E+0
1.97753906E-1	1.05508002E-8	1.05508002E-8	1.97753906E-1	0.00000000E+0	0.00000000E+0
2.00195312E-1	1.06635003E-8	1.06635003E-8	2.00195312E-1	0.00000000E+0	0.00000000E+0
2.02636719E-1	1.07642002E-8	1.07642002E-8	2.02636719E-1	0.00000000E+0	0.00000000E+0
2.05078125E-1	1.09535003E-8	1.09535003E-8	2.05078125E-1	0.00000000E+0	0.00000000E+0
2.07519531E-1	1.10900000E-8	1.10900000E-8	2.07519531E-1	0.00000000E+0	0.00000000E+0
2.09960937E-1	1.11917000E-8	1.11917000E-8	2.09960937E-1	0.00000000E+0	0.00000000E+0
2.12402344E-1	1.13454997E-8	1.13454997E-8	2.12402344E-1	0.00000000E+0	0.00000000E+0
2.14843750E-1	1.12218004E-8	1.12218004E-8	2.14843750E-1	0.00000000E+0	0.00000000E+0
2.17285156E-1	1.09464997E-8	1.09464997E-8	2.17285156E-1	0.00000000E+0	0.00000000E+0
2.19726562E-1	1.12159002E-8	1.12159002E-8	2.19726562E-1	0.00000000E+0	0.00000000E+0
2.22167969E-1	1.14110996E-8	1.14110996E-8	2.22167969E-1	0.00000000E+0	0.00000000E+0
2.24609375E-1	1.20052999E-8	1.20052999E-8	2.24609375E-1	0.00000000E+0	0.00000000E+0
2.27050781E-1	1.21222001E-8	1.21222001E-8	2.27050781E-1	0.00000000E+0	0.00000000E+0
2.29492187E-1	1.23756001E-8	1.23756001E-8	2.29492187E-1	0.00000000E+0	0.00000000E+0
2.31933594E-1	1.23654003E-8	1.23654003E-8	2.31933594E-1	0.00000000E+0	0.00000000E+0
2.34375000E-1	1.25261996E-8	1.25261996E-8	2.34375000E-1	0.00000000E+0	0.00000000E+0
2.36816406E-1	1.26524000E-8	1.26524000E-8	2.36816406E-1	0.00000000E+0	0.00000000E+0
2.39257812E-1	1.28137003E-8	1.28137003E-8	2.39257812E-1	0.00000000E+0	0.00000000E+0
2.41699219E-1	1.30434001E-8	1.30434001E-8	2.41699219E-1	0.00000000E+0	0.00000000E+0
2.44140625E-1	1.29536000E-8	1.29536000E-8	2.44140625E-1	0.00000000E+0	0.00000000E+0
2.46582031E-1	1.25903004E-8	1.25903004E-8	2.46582031E-1	0.00000000E+0	0.00000000E+0
2.49023437E-1	1.27010003E-8	1.27010003E-8	2.49023437E-1	0.00000000E+0	0.00000000E+0
2.51464844E-1	1.28620998E-8	1.28620998E-8	2.51464844E-1	0.00000000E+0	0.00000000E+0
2.53906250E-1	1.29597000E-8	1.29597000E-8	2.53906250E-1	0.00000000E+0	0.00000000E+0
2.56347656E-1	1.31376998E-8	1.31376998E-8	2.56347656E-1	0.00000000E+0	0.00000000E+0
2.58789062E-1	1.32498004E-8	1.32498004E-8	2.58789062E-1	0.00000000E+0	0.00000000E+0
2.61230469E-1	1.40717002E-8	1.40717002E-8	2.61230469E-1	0.00000000E+0	0.00000000E+0
2.63671875E-1	1.41826000E-8	1.41826000E-8	2.63671875E-1	0.00000000E+0	0.00000000E+0
2.66113281E-1	1.43202001E-8	1.43202001E-8	2.66113281E-1	0.00000000E+0	0.00000000E+0
2.68554687E-1	1.44424996E-8	1.44424996E-8	2.68554687E-1	0.00000000E+0	0.00000000E+0
2.70996094E-1	1.45724997E-8	1.45724997E-8	2.70996094E-1	0.00000000E+0	0.00000000E+0
2.73437500E-1	1.47712997E-8	1.47712997E-8	2.73437500E-1	0.00000000E+0	0.00000000E+0
2.75878906E-1	1.47980996E-8	1.47980996E-8	2.75878906E-1	0.00000000E+0	0.00000000E+0
2.78320312E-1	1.43814001E-8	1.43814001E-8	2.78320312E-1	0.00000000E+0	0.00000000E+0
2.80761719E-1	1.43909000E-8	1.43909000E-8	2.80761719E-1	0.00000000E+0	0.00000000E+0
2.83203125E-1	1.45802002E-8	1.45802002E-8	2.83203125E-1	0.00000000E+0	0.00000000E+0
2.85644531E-1	1.48585002E-8	1.48585002E-8	2.85644531E-1	0.00000000E+0	0.00000000E+0
2.88085937E-1	1.49904995E-8	1.49904995E-8	2.88085937E-1	0.00000000E+0	0.00000000E+0
2.90527344E-1	1.51154005E-8	1.51154005E-8	2.90527344E-1	0.00000000E+0	0.00000000E+0
2.92968750E-1	1.53269006E-8	1.53269006E-8	2.92968750E-1	0.00000000E+0	0.00000000E+0
2.95410156E-1	1.58876006E-8	1.58876006E-8	2.95410156E-1	0.00000000E+0	0.00000000E+0
2.97851562E-1	1.60328000E-8	1.60328000E-8	2.97851562E-1	0.00000000E+0	0.00000000E+0
3.00292969E-1	1.61934004E-8	1.61934004E-8	3.00292969E-1	0.00000000E+0	0.00000000E+0
3.02734375E-1	1.63386993E-8	1.63386993E-8	3.02734375E-1	0.00000000E+0	0.00000000E+0
3.05175781E-1	1.64532992E-8	1.64532992E-8	3.05175781E-1	0.00000000E+0	0.00000000E+0
3.07617187E-1	1.64686007E-8	1.64686007E-8	3.07617187E-1	0.00000000E+0	0.00000000E+0
3.10058594E-1	1.60558002E-8	1.60558002E-8	3.10058594E-1	0.00000000E+0	0.00000000E+0
3.12500000E-1	1.60940008E-8	1.60940008E-8	3.12500000E-1	0.00000000E+0	0.00000000E+0
3.14941406E-1	1.63080998E-8	1.63080998E-8	3.14941406E-1	0.00000000E+0	0.00000000E+0
3.17382812E-1	1.63921996E-8	1.63921996E-8	3.17382812E-1	0.00000000E+0	0.00000000E+0
3.19824219E-1	1.65182996E-8	1.65182996E-8	3.19824219E-1	0.00000000E+0	0.00000000E+0
3.22265625E-1	1.67056005E-8	1.67056005E-8	3.22265625E-1	0.00000000E+0	0.00000000E+0
3.24707031E-1	1.76537007E-8	1.76537007E-8	3.24707031E-1	0.00000000E+0	0.00000000E+0
3.27148437E-1	1.71796994E-8	1.71796994E-8	3.27148437E-1	0.00000000E+0	0.00000000E+0
3.29589844E-1	1.70267995E-8	1.70267995E-8	3.29589844E-1	0.00000000E+0	0.00000000E+0
3.32031250E-1	1.78881994E-8	1.78881994E-8	3.32031250E-1	0.00000000E+0	0.00000000E+0
3.34472656E-1	1.80971007E-8	1.80971007E-8	3.34472656E-1	0.00000000E+0	0.00000000E+0
3.36914062E-1	1.82653004E-8	1.82653004E-8	3.36914062E-1	0.00000000E+0	0.00000000E+0
3.39355469E-1	1.83775004E-8	1.83775004E-8	3.39355469E-1	0.00000000E+0	0.00000000E+0
3.41796875E-1	1.85406002E-8	1.85406002E-8	3.41796875E-1	0.00000000E+0	0.00000000E+0
3.44238281E-1	1.86884002E-8	1.86884002E-8	3.44238281E-1	0.00000000E+0	0.00000000E+0
3.46679687E-1	1.88667997E-8	1.88667997E-8	3.46679687E-1	0.00000000E+0	0.00000000E+0
3.49121094E-1	1.89687004E-8	1.89687004E-8	3.49121094E-1	0.00000000E+0	0.00000000E+0
3.51562500E-1	1.89840001E-8	1.89840001E-8	3.51562500E-1	0.00000000E+0	0.00000000E+0
3.54003906E-1	1.83111997E-8	1.83111997E-8	3.54003906E-1	0.00000000E+0	0.00000000E+0
3.56445312E-1	1.84793993E-8	1.84793993E-8	3.56445312E-1	0.00000000E+0	0.00000000E+0
3.58886719E-1	1.86017992E-8	1.86017992E-8	3.58886719E-1	0.00000000E+0	0.00000000E+0
3.61328125E-1	1.95192005E-8	1.95192005E-8	3.61328125E-1	0.00000000E+0	0.00000000E+0
3.63769531E-1	1.89203000E-8	1.89203000E-8	3.63769531E-1	0.00000000E+0	0.00000000E+0
3.66210937E-1	1.96186001E-8	1.96186001E-8	3.66210937E-1	0.00000000E+0	0.00000000E+0
3.68652344E-1	2.00850003E-8	2.00850003E-8	3.68652344E-1	0.00000000E+0	0.00000000E+0
3.71093750E-1	2.02302992E-8	2.02302992E-8	3.71093750E-1	0.00000000E+0	0.00000000E+0
3.73535156E-1	2.03335002E-8	2.03335002E-8	3.73535156E-1	0.00000000E+0	0.00000000E+0
3.75976562E-1	2.04979003E-8	2.04979003E-8	3.75976562E-1	0.00000000E+0	0.00000000E+0
3.78417969E-1	1.96416003E-8	1.96416003E-8	3.78417969E-1	0.00000000E+0	0.00000000E+0
3.80859375E-1	1.99549994E-8	1.99549994E-8	3.80859375E-1	0.00000000E+0	0.00000000E+0
3.83300781E-1	2.08647997E-8	2.08647997E-8	3.83300781E-1	0.00000000E+0	0.00000000E+0
3.85742187E-1	2.10075992E-8	2.10075992E-8	3.85742187E-1	0.00000000E+0	0.00000000E+0
3.88183594E-1	2.11592006E-8	2.11592006E-8	3.88183594E-1	0.00000000E+0	0.00000000E+0
3.90625000E-1	2.13121005E-8	2.13121005E-8	3.90625000E-1	0.00000000E+0	0.00000000E+0
3.93066406E-1	2.12929994E-8	2.12929994E-8	3.93066406E-1	0.00000000E+0	0.00000000E+0
3.95507812E-1	2.09260005E-8	2.09260005E-8	3.95507812E-1	0.00000000E+0	0.00000000E+0
3.97949219E-1	2.09030997E-8	2.09030997E-8	3.97949219E-1	0.00000000E+0	0.00000000E+0
4.00390625E-1	2.08037001E-8	2.08037001E-8	4.00390625E-1	0.00000000E+0	0.00000000E+0
4.02832031E-1	2.08647997E-8	2.08647997E-8	4.02832031E-1	0.00000000E+0	0.00000000E+0
4.05273437E-1	2.10075992E-8	2.10075992E-8	4.05273437E-1	0.00000000E+0	0.00000000E+0
4.07714844E-1	2.15261995E-8	2.15261995E-8	4.07714844E-1	0.00000000E+0	0.00000000E+0
4.10156250E-1	2.12446007E-8	2.12446007E-8	4.10156250E-1	0.00000000E+0	0.00000000E+0
4.12597656E-1	2.20881002E-8	2.20881002E-8	4.12597656E-1	0.00000000E+0	0.00000000E+0
4.15039062E-1	2.15987992E-8	2.15987992E-8	4.15039062E-1	0.00000000E+0	0.00000000E+0
4.17480469E-1	2.16370992E-8	2.16370992E-8	4.17480469E-1	0.00000000E+0	0.00000000E+0
4.19921875E-1	2.28220998E-8	2.28220998E-8	4.19921875E-1	0.00000000E+0	0.00000000E+0
4.22363281E-1	2.29636008E-8	2.29636008E-8	4.22363281E-1	0.00000000E+0	0.00000000E+0
4.24804687E-1	2.31050006E-8	2.31050006E-8	4.24804687E-1	0.00000000E+0	0.00000000E+0
4.27246094E-1	2.32579005E-8	2.32579005E-8	4.27246094E-1	0.00000000E+0	0.00000000E+0
4.29687500E-1	2.33803004E-8	2.33803004E-8	4.29687500E-1	0.00000000E+0	0.00000000E+0
4.32128906E-1	2.25621992E-8	2.25621992E-8	4.32128906E-1	0.00000000E+0	0.00000000E+0
4.34570312E-1	2.27992007E-8	2.27992007E-8	4.34570312E-1	0.00000000E+0	0.00000000E+0
4.37011719E-1	2.38580995E-8	2.38580995E-8	4.37011719E-1	0.00000000E+0	0.00000000E+0
4.39453125E-1	2.39994993E-8	2.39994993E-8	4.39453125E-1	0.00000000E+0	0.00000000E+0
4.41894531E-1	2.41525004E-8	2.41525004E-8	4.41894531E-1	0.00000000E+0	0.00000000E+0
4.44335937E-1	2.42976999E-8	2.42976999E-8	4.44335937E-1	0.00000000E+0	0.00000000E+0
4.46777344E-1	2.44315004E-8	2.44315004E-8	4.46777344E-1	0.00000000E+0	0.00000000E+0
4.49218750E-1	2.45959004E-8	2.45959004E-8	4.49218750E-1	0.00000000E+0	0.00000000E+0
4.51660156E-1	2.38275000E-8	2.38275000E-8	4.51660156E-1	0.00000000E+0	0.00000000E+0
4.54101562E-1	2.38275000E-8	2.38275000E-8	4.54101562E-1	0.00000000E+0	0.00000000E+0
4.56542969E-1	2.38465994E-8	2.38465994E-8	4.56542969E-1	0.00000000E+0	0.00000000E+0
4.58984375E-1	2.51157992E-8	2.51157992E-8	4.58984375E-1	0.00000000E+0	0.00000000E+0
4.61425781E-1	2.41065994E-8	2.41065994E-8	4.61425781E-1	0.00000000E+0	0.00000000E+0
4.63867187E-1	2.49017003E-8	2.49017003E-8	4.63867187E-1	0.00000000E+0	0.00000000E+0
4.66308594E-1	2.44620999E-8	2.44620999E-8	4.66308594E-1	0.00000000E+0	0.00000000E+0
4.68750000E-1	2.45346996E-8	2.45346996E-8	4.68750000E-1	0.00000000E+0	0.00000000E+0
4.71191406E-1	2.51654999E-8	2.51654999E-8	4.71191406E-1	0.00000000E+0	0.00000000E+0
4.73632812E-1	2.51464005E-8	2.51464005E-8	4.73632812E-1	0.00000000E+0	0.00000000E+0
4.76074219E-1	2.61250008E-8	2.61250008E-8	4.76074219E-1	0.00000000E+0	0.00000000E+0
4.78515625E-1	2.51654999E-8	2.51654999E-8	4.78515625E-1	0.00000000E+0	0.00000000E+0
4.80957031E-1	2.52458001E-8	2.52458001E-8	4.80957031E-1	0.00000000E+0	0.00000000E+0
4.83398437E-1	2.62740993E-8	2.62740993E-8	4.83398437E-1	0.00000000E+0	0.00000000E+0
4.85839844E-1	2.64308007E-8	2.64308007E-8	4.85839844E-1	0.00000000E+0	0.00000000E+0
4.88281250E-1	2.68780997E-8	2.68780997E-8	4.88281250E-1	0.00000000E+0	0.00000000E+0
4.90722656E-1	2.69813007E-8	2.69813007E-8	4.90722656E-1	0.00000000E+0	0.00000000E+0
4.93164062E-1	2.68170002E-8	2.68170002E-8	4.93164062E-1	0.00000000E+0	0.00000000E+0
4.90722656E-1	2.59109001E-8	2.59109001E-8	4.90722656E-1	0.00000000E+0	0.00000000E+0
4.88281250E-1	2.55515999E-8	2.55515999E-8	4.88281250E-1	0.00000000E+0	0.00000000E+0
4.85839844E-1	2.66143001E-8	2.66143001E-8	4.85839844E-1	0.00000000E+0	0.00000000E+0
4.83398437E-1	2.64614002E-8	2.64614002E-8	4.83398437E-1	0.00000000E+0	0.00000000E+0
4.80957031E-1	2.63696993E-8	2.63696993E-8	4.80957031E-1	0.00000000E+0	0.00000000E+0
4.78515625E-1	2.55745007E-8	2.55745007E-8	4.78515625E-1	0.00000000E+0	0.00000000E+0
4.76074219E-1	2.48366998E-8	2.48366998E-8	4.76074219E-1	0.00000000E+0	0.00000000E+0
4.73632812E-1	2.50126000E-8	2.50126000E-8	4.73632812E-1	0.00000000E+0	0.00000000E+0
4.71191406E-1	2.55745007E-8	2.55745007E-8	4.71191406E-1	0.00000000E+0	0.00000000E+0
4.68750000E-1	2.55745007E-8	2.55745007E-8	4.68750000E-1	0.00000000E+0	0.00000000E+0
4.66308594E-1	2.54522003E-8	2.54522003E-8	4.66308594E-1	0.00000000E+0	0.00000000E+0
4.63867187E-1	2.50851997E-8	2.50851997E-8	4.63867187E-1	0.00000000E+0	0.00000000E+0
4.61425781E-1	2.51311008E-8	2.51311008E-8	4.61425781E-1	0.00000000E+0	0.00000000E+0
4.58984375E-1	2.40644997E-8	2.40644997E-8	4.58984375E-1	0.00000000E+0	0.00000000E+0
4.56542969E-1	2.38580995E-8	2.38580995E-8	4.56542969E-1	0.00000000E+0	0.00000000E+0
4.54101562E-1	2.43474005E-8	2.43474005E-8	4.54101562E-1	0.00000000E+0	0.00000000E+0
4.51660156E-1	2.45729996E-8	2.45729996E-8	4.51660156E-1	0.00000000E+0	0.00000000E+0
4.49218750E-1	2.44505998E-8	2.44505998E-8	4.49218750E-1	0.00000000E+0	0.00000000E+0
4.46777344E-1	2.41868996E-8	2.41868996E-8	4.46777344E-1	0.00000000E+0	0.00000000E+0
4.44335937E-1	2.41525004E-8	2.41525004E-8	4.44335937E-1	0.00000000E+0	0.00000000E+0
4.41894531E-1	2.32732003E-8	2.32732003E-8	4.41894531E-1	0.00000000E+0	0.00000000E+0
4.39453125E-1	2.34529001E-8	2.34529001E-8	4.39453125E-1	0.00000000E+0	0.00000000E+0
4.37011719E-1	2.26691999E-8	2.26691999E-8	4.37011719E-1	0.00000000E+0	0.00000000E+0
4.34570312E-1	2.32732003E-8	2.32732003E-8	4.34570312E-1	0.00000000E+0	0.00000000E+0
4.32128906E-1	2.23863008E-8	2.23863008E-8	4.32128906E-1	0.00000000E+0	0.00000000E+0
4.29687500E-1	2.29942003E-8	2.29942003E-8	4.29687500E-1	0.00000000E+0	0.00000000E+0
4.27246094E-1	2.31891004E-8	2.31891004E-8	4.27246094E-1	0.00000000E+0	0.00000000E+0
4.24804687E-1	2.30055992E-8	2.30055992E-8	4.24804687E-1	0.00000000E+0	0.00000000E+0
4.22363281E-1	2.23596004E-8	2.23596004E-8	4.22363281E-1	0.00000000E+0	0.00000000E+0
4.19921875E-1	2.17593996E-8	2.17593996E-8	4.19921875E-1	0.00000000E+0	0.00000000E+0
4.17480469E-1	2.26271997E-8	2.26271997E-8	4.17480469E-1	0.00000000E+0	0.00000000E+0
4.15039062E-1	2.14612008E-8	2.14612008E-8	4.15039062E-1	0.00000000E+0	0.00000000E+0
4.12597656E-1	2.12929994E-8	2.12929994E-8	4.12597656E-1	0.00000000E+0	0.00000000E+0
4.10156250E-1	2.21646008E-8	2.21646008E-8	4.10156250E-1	0.00000000E+0	0.00000000E+0
4.07714844E-1	2.13311999E-8	2.13311999E-8	4.07714844E-1	0.00000000E+0	0.00000000E+0
4.05273437E-1	2.09871995E-8	2.09871995E-8	4.05273437E-1	0.00000000E+0	0.00000000E+0
4.02832031E-1	2.08495994E-8	2.08495994E-8	4.02832031E-1	0.00000000E+0	0.00000000E+0
4.00390625E-1	2.10331006E-8	2.10331006E-8	4.00390625E-1	0.00000000E+0	0.00000000E+0
3.97949219E-1	2.15681997E-8	2.15681997E-8	3.97949219E-1	0.00000000E+0	0.00000000E+0
3.95507812E-1	2.14612008E-8	2.14612008E-8	3.95507812E-1	0.00000000E+0	0.00000000E+0
3.93066406E-1	2.13617994E-8	2.13617994E-8	3.93066406E-1	0.00000000E+0	0.00000000E+0
3.90625000E-1	2.11592006E-8	2.11592006E-8	3.90625000E-1	0.00000000E+0	0.00000000E+0
3.88183594E-1	2.05895994E-8	2.05895994E-8	3.88183594E-1	0.00000000E+0	0.00000000E+0
3.85742187E-1	2.09362003E-8	2.09362003E-8	3.85742187E-1	0.00000000E+0	0.00000000E+0
3.83300781E-1	2.08240998E-8	2.08240998E-8	3.83300781E-1	0.00000000E+0	0.00000000E+0
3.80859375E-1	2.06966000E-8	2.06966000E-8	3.80859375E-1	0.00000000E+0	0.00000000E+0
3.78417969E-1	2.05895994E-8	2.05895994E-8	3.78417969E-1	0.00000000E+0	0.00000000E+0
3.75976562E-1	2.04596002E-8	2.04596002E-8	3.75976562E-1	0.00000000E+0	0.00000000E+0
3.73535156E-1	2.03525996E-8	2.03525996E-8	3.73535156E-1	0.00000000E+0	0.00000000E+0
3.71093750E-1	1.92440002E-8	1.92440002E-8	3.71093750E-1	0.00000000E+0	0.00000000E+0
3.68652344E-1	1.91114999E-8	1.91114999E-8	3.68652344E-1	0.00000000E+0	0.00000000E+0
3.66210937E-1	1.89992999E-8	1.89992999E-8	3.66210937E-1	0.00000000E+0	0.00000000E+0
3.63769531E-1	1.89331004E-8	1.89331004E-8	3.63769531E-1	0.00000000E+0	0.00000000E+0
3.61328125E-1	1.96797991E-8	1.96797991E-8	3.61328125E-1	0.00000000E+0	0.00000000E+0
3.58886719E-1	1.95575005E-8	1.95575005E-8	3.58886719E-1	0.00000000E+0	0.00000000E+0
3.56445312E-1	1.91369001E-8	1.91369001E-8	3.56445312E-1	0.00000000E+0	0.00000000E+0
3.54003906E-1	1.83571007E-8	1.83571007E-8	3.54003906E-1	0.00000000E+0	0.00000000E+0
3.51562500E-1	1.82195006E-8	1.82195006E-8	3.51562500E-1	0.00000000E+0	0.00000000E+0
3.49121094E-1	1.89331004E-8	1.89331004E-8	3.49121094E-1	0.00000000E+0	0.00000000E+0
3.46679687E-1	1.88565998E-8	1.88565998E-8	3.46679687E-1	0.00000000E+0	0.00000000E+0
3.44238281E-1	1.86629006E-8	1.86629006E-8	3.44238281E-1	0.00000000E+0	0.00000000E+0
3.41796875E-1	1.85406002E-8	1.85406002E-8	3.41796875E-1	0.00000000E+0	0.00000000E+0
3.39355469E-1	1.78524999E-8	1.78524999E-8	3.39355469E-1	0.00000000E+0	0.00000000E+0
3.36914062E-1	1.73911996E-8	1.73911996E-8	3.36914062E-1	0.00000000E+0	0.00000000E+0
3.34472656E-1	1.72663004E-8	1.72663004E-8	3.34472656E-1	0.00000000E+0	0.00000000E+0
3.32031250E-1	1.71338002E-8	1.71338002E-8	3.32031250E-1	0.00000000E+0	0.00000000E+0
3.29589844E-1	1.69758003E-8	1.69758003E-8	3.29589844E-1	0.00000000E+0	0.00000000E+0
3.27148437E-1	1.68382002E-8	1.68382002E-8	3.27148437E-1	0.00000000E+0	0.00000000E+0
3.24707031E-1	1.67439005E-8	1.67439005E-8	3.24707031E-1	0.00000000E+0	0.00000000E+0
3.22265625E-1	1.72561005E-8	1.72561005E-8	3.22265625E-1	0.00000000E+0	0.00000000E+0
3.19824219E-1	1.72331998E-8	1.72331998E-8	3.19824219E-1	0.00000000E+0	0.00000000E+0
3.17382812E-1	1.66904002E-8	1.66904002E-8	3.17382812E-1	0.00000000E+0	0.00000000E+0
3.14941406E-1	1.61551998E-8	1.61551998E-8	3.14941406E-1	0.00000000E+0	0.00000000E+0
3.12500000E-1	1.64176992E-8	1.64176992E-8	3.12500000E-1	0.00000000E+0	0.00000000E+0
3.10058594E-1	1.66215006E-8	1.66215006E-8	3.10058594E-1	0.00000000E+0	0.00000000E+0
3.07617187E-1	1.64686007E-8	1.64686007E-8	3.07617187E-1	0.00000000E+0	0.00000000E+0
3.05175781E-1	1.60863003E-8	1.60863003E-8	3.05175781E-1	0.00000000E+0	0.00000000E+0
3.02734375E-1	1.58161999E-8	1.58161999E-8	3.02734375E-1	0.00000000E+0	0.00000000E+0
3.00292969E-1	1.59921001E-8	1.59921001E-8	3.00292969E-1	0.00000000E+0	0.00000000E+0
2.97851562E-1	1.58646003E-8	1.58646003E-8	2.97851562E-1	0.00000000E+0	0.00000000E+0
2.95410156E-1	1.51638009E-8	1.51638009E-8	2.95410156E-1	0.00000000E+0	0.00000000E+0
2.92968750E-1	1.48461998E-8	1.48461998E-8	2.92968750E-1	0.00000000E+0	0.00000000E+0
2.90527344E-1	1.53677000E-8	1.53677000E-8	2.90527344E-1	0.00000000E+0	0.00000000E+0
2.88085937E-1	1.53167008E-8	1.53167008E-8	2.88085937E-1	0.00000000E+0	0.00000000E+0
2.85644531E-1	1.51535993E-8	1.51535993E-8	2.85644531E-1	0.00000000E+0	0.00000000E+0
2.83203125E-1	1.50101993E-8	1.50101993E-8	2.83203125E-1	0.00000000E+0	0.00000000E+0
2.80761719E-1	1.48646002E-8	1.48646002E-8	2.80761719E-1	0.00000000E+0	0.00000000E+0
2.78320312E-1	1.47253996E-8	1.47253996E-8	2.78320312E-1	0.00000000E+0	0.00000000E+0
2.75878906E-1	1.46146002E-8	1.46146002E-8	2.75878906E-1	0.00000000E+0	0.00000000E+0
2.73437500E-1	1.44961003E-8	1.44961003E-8	2.73437500E-1	0.00000000E+0	0.00000000E+0
2.70996094E-1	1.43278998E-8	1.43278998E-8	2.70996094E-1	0.00000000E+0	0.00000000E+0
2.68554687E-1	1.41826000E-8	1.41826000E-8	2.68554687E-1	0.00000000E+0	0.00000000E+0
2.66113281E-1	1.40717002E-8	1.40717002E-8	2.66113281E-1	0.00000000E+0	0.00000000E+0
2.63671875E-1	1.39812997E-8	1.39812997E-8	2.63671875E-1	0.00000000E+0	0.00000000E+0
2.61230469E-1	1.38080001E-8	1.38080001E-8	2.61230469E-1	0.00000000E+0	0.00000000E+0
2.58789062E-1	1.36856002E-8	1.36856002E-8	2.58789062E-1	0.00000000E+0	0.00000000E+0
2.56347656E-1	1.29144997E-8	1.29144997E-8	2.56347656E-1	0.00000000E+0	0.00000000E+0
2.53906250E-1	1.34314000E-8	1.34314000E-8	2.53906250E-1	0.00000000E+0	0.00000000E+0
2.51464844E-1	1.27959998E-8	1.27959998E-8	2.51464844E-1	0.00000000E+0	0.00000000E+0
2.49023437E-1	1.25105002E-8	1.25105002E-8	2.49023437E-1	0.00000000E+0	0.00000000E+0
2.46582031E-1	1.24017001E-8	1.24017001E-8	2.46582031E-1	0.00000000E+0	0.00000000E+0
2.44140625E-1	1.22412001E-8	1.22412001E-8	2.44140625E-1	0.00000000E+0	0.00000000E+0
2.41699219E-1	1.21893002E-8	1.21893002E-8	2.41699219E-1	0.00000000E+0	0.00000000E+0
2.39257812E-1	1.23146000E-8	1.23146000E-8	2.39257812E-1	0.00000000E+0	0.00000000E+0
2.36816406E-1	1.25261996E-8	1.25261996E-8	2.36816406E-1	0.00000000E+0	0.00000000E+0
2.34375000E-1	1.23471997E-8	1.23471997E-8	2.34375000E-1	0.00000000E+0	0.00000000E+0
2.31933594E-1	1.22844996E-8	1.22844996E-8	2.31933594E-1	0.00000000E+0	0.00000000E+0
2.29492187E-1	1.15345999E-8	1.15345999E-8	2.29492187E-1	0.00000000E+0	0.00000000E+0
2.27050781E-1	1.14518004E-8	1.14518004E-8	2.27050781E-1	0.00000000E+0	0.00000000E+0
2.24609375E-1	1.13381997E-8	1.13381997E-8	2.24609375E-1	0.00000000E+0	0.00000000E+0
2.22167969E-1	1.12462999E-8	1.12462999E-8	2.22167969E-1	0.00000000E+0	0.00000000E+0
2.19726562E-1	1.10969998E-8	1.10969998E-8	2.19726562E-1	0.00000000E+0	0.00000000E+0
2.17285156E-1	1.10084004E-8	1.10084004E-8	2.17285156E-1	0.00000000E+0	0.00000000E+0
2.14843750E-1	1.08052998E-8	1.08052998E-8	2.14843750E-1	0.00000000E+0	0.00000000E+0
2.12402344E-1	1.07889999E-8	1.07889999E-8	2.12402344E-1	0.00000000E+0	0.00000000E+0
2.09960937E-1	1.05886002E-8	1.05886002E-8	2.09960937E-1	0.00000000E+0	0.00000000E+0
2.07519531E-1	1.04301998E-8	1.04301998E-8	2.07519531E-1	0.00000000E+0	0.00000000E+0
2.05078125E-1	1.03054001E-8	1.03054001E-8	2.05078125E-1	0.00000000E+0	0.00000000E+0
2.02636719E-1	1.02189999E-8	1.02189999E-8	2.02636719E-1	0.00000000E+0	0.00000000E+0
2.00195312E-1	1.00335003E-8	1.00335003E-8	2.00195312E-1	0.00000000E+0	0.00000000E+0
1.97753906E-1	9.85510962E-9	9.85510962E-9	1.97753906E-1	0.00000000E+0	0.00000000E+0
1.95312500E-1	9.77805037E-9	9.77805037E-9	1.95312500E-1	0.00000000E+0	0.00000000E+0
1.92871094E-1	9.60114033E-9	9.60114033E-9	1.92871094E-1	0.00000000E+0	0.00000000E+0
1.90429687E-1	9.49142986E-9	9.49142986E-9	1.90429687E-1	0.00000000E+0	0.00000000E+0
1.87988281E-1	9.36261024E-9	9.36261024E-9	1.87988281E-1	0.00000000E+0	0.00000000E+0
1.85546875E-1	9.24164034E-9	9.24164034E-9	1.85546875E-1	0.00000000E+0	0.00000000E+0
1.83105469E-1	9.06435016E-9	9.06435016E-9	1.83105469E-1	0.00000000E+0	0.00000000E+0
1.80664062E-1	8.93034002E-9	8.93034002E-9	1.80664062E-1	0.00000000E+0	0.00000000E+0
1.78222656E-1	8.79937012E-9	8.79937012E-9	1.78222656E-1	0.00000000E+0	0.00000000E+0
1.75781250E-1	8.64183036E-9	8.64183036E-9	1.75781250E-1	0.00000000E+0	0.00000000E+0
1.73339844E-1	8.46986037E-9	8.46986037E-9	1.73339844E-1	0.00000000E+0	0.00000000E+0
1.70898437E-1	8.38177971E-9	8.38177971E-9	1.70898437E-1	0.00000000E+0	0.00000000E+0
1.68457031E-1	8.21474977E-9	8.21474977E-9	1.68457031E-1	0.00000000E+0	0.00000000E+0
1.66015625E-1	8.12250001E-9	8.12250001E-9	1.66015625E-1	0.00000000E+0	0.00000000E+0
1.63574219E-1	7.92585020E-9	7.92585020E-9	1.63574219E-1	0.00000000E+0	0.00000000E+0
1.61132812E-1	7.86055043E-9	7.86055043E-9	1.61132812E-1	0.00000000E+0	0.00000000E+0
1.58691406E-1	7.72957964E-9	7.72957964E-9	1.58691406E-1	0.00000000E+0	0.00000000E+0
1.56250000E-1	7.61152030E-9	7.61152030E-9	1.56250000E-1	0.00000000E+0	0.00000000E+0
1.53808594E-1	7.39058015E-9	7.39058015E-9	1.53808594E-1	0.00000000E+0	0.00000000E+0
1.51367187E-1	7.28124006E-9	7.28124006E-9	1.51367187E-1	0.00000000E+0	0.00000000E+0
1.48925781E-1	7.16660020E-9	7.16660020E-9	1.48925781E-1	0.00000000E+0	0.00000000E+0
1.46484375E-1	7.06220016E-9	7.06220016E-9	1.46484375E-1	0.00000000E+0	0.00000000E+0
1.44042969E-1	6.93730007E-9	6.93730007E-9	1.44042969E-1	0.00000000E+0	0.00000000E+0
1.41601562E-1	6.85795998E-9	6.85795998E-9	1.41601562E-1	0.00000000E+0	0.00000000E+0
1.39160156E-1	6.75166012E-9	6.75166012E-9	1.39160156E-1	0.00000000E+0	0.00000000E+0
1.36718750E-1	6.64118982E-9	6.64118982E-9	1.36718750E-1	0.00000000E+0	0.00000000E+0
1.34277344E-1	6.53641985E-9	6.53641985E-9	1.34277344E-1	0.00000000E+0	0.00000000E+0
1.31835937E-1	6.46048992E-9	6.46048992E-9	1.31835937E-1	0.00000000E+0	0.00000000E+0
1.29394531E-1	6.35494990E-9	6.35494990E-9	1.29394531E-1	0.00000000E+0	0.00000000E+0
1.26953125E-1	6.28813979E-9	6.28813979E-9	1.26953125E-1	0.00000000E+0	0.00000000E+0
1.24511719E-1	6.19475005E-9	6.19475005E-9	1.24511719E-1	0.00000000E+0	0.00000000E+0
1.22070312E-1	6.10287998E-9	6.10287998E-9	1.22070312E-1	0.00000000E+0	0.00000000E+0
1.19628906E-1	6.05695005E-9	6.05695005E-9	1.19628906E-1	0.00000000E+0	0.00000000E+0
1.17187500E-1	5.97911987E-9	5.97911987E-9	1.17187500E-1	0.00000000E+0	0.00000000E+0
1.14746094E-1	5.93357008E-9	5.93357008E-9	1.14746094E-1	0.00000000E+0	0.00000000E+0
1.12304687E-1	5.86220006E-9	5.86220006E-9	1.12304687E-1	0.00000000E+0	0.00000000E+0
1.09863281E-1	5.82727022E-9	5.82727022E-9	1.09863281E-1	0.00000000E+0	0.00000000E+0
1.07421875E-1	5.77944004E-9	5.77944004E-9	1.07421875E-1	0.00000000E+0	0.00000000E+0
1.04980469E-1	5.77185011E-9	5.77185011E-9	1.04980469E-1	0.00000000E+0	0.00000000E+0
1.02539062E-1	5.72021985E-9	5.72021985E-9	1.02539062E-1	0.00000000E+0	0.00000000E+0
1.00097656E-1	5.72932990E-9	5.72932990E-9	1.00097656E-1	0.00000000E+0	0.00000000E+0
9.76562500E-2	5.70200021E-9	5.70200021E-9	9.76562500E-2	0.00000000E+0	0.00000000E+0
9.52148438E-2	5.70200021E-9	5.70200021E-9	9.52148438E-2	0.00000000E+0	0.00000000E+0
9.27734375E-2	5.67465985E-9	5.67465985E-9	9.27734375E-2	0.00000000E+0	0.00000000E+0
9.03320313E-2	5.67162983E-9	5.67162983E-9	9.03320313E-2	0.00000000E+0	0.00000000E+0
8.78906250E-2	5.69098990E-9	5.69098990E-9	8.78906250E-2	0.00000000E+0	0.00000000E+0
8.54492188E-2	5.77944004E-9	5.77944004E-9	8.54492188E-2	0.00000000E+0	0.00000000E+0
8.30078125E-2	5.73996006E-9	5.73996006E-9	8.30078125E-2	0.00000000E+0	0.00000000E+0
8.05664063E-2	5.76880987E-9	5.76880987E-9	8.05664063E-2	0.00000000E+0	0.00000000E+0
7.81250000E-2	5.83183013E-9	5.83183013E-9	7.81250000E-2	0.00000000E+0	0.00000000E+0
7.56835938E-2	5.89787996E-9	5.89787996E-9	7.56835938E-2	0.00000000E+0	0.00000000E+0
7.32421875E-2	5.97191008E-9	5.97191008E-9	7.32421875E-2	0.00000000E+0	0.00000000E+0
7.08007813E-2	6.08618000E-9	6.08618000E-9	7.08007813E-2	0.00000000E+0	0.00000000E+0
6.83593750E-2	6.20309981E-9	6.20309981E-9	6.83593750E-2	0.00000000E+0	0.00000000E+0
6.59179688E-2	6.38531983E-9	6.38531983E-9	6.59179688E-2	0.00000000E+0	0.00000000E+0
6.34765625E-2	6.59639987E-9	6.59639987E-9	6.34765625E-2	0.00000000E+0	0.00000000E+0
6.10351563E-2	6.91073021E-9	6.91073021E-9	6.10351563E-2	0.00000000E+0	0.00000000E+0
5.85937500E-2	7.25960003E-9	7.25960003E-9	5.85937500E-2	0.00000000E+0	0.00000000E+0
5.61523438E-2	7.74134978E-9	7.74134978E-9	5.61523438E-2	0.00000000E+0	0.00000000E+0
5.37109375E-2	8.33242986E-9	8.33242986E-9	5.37109375E-2	0.00000000E+0	0.00000000E+0
5.12695313E-2	8.96071040E-9	8.96071040E-9	5.12695313E-2	0.00000000E+0	0.00000000E+0
4.88281250E-2	9.21088983E-9	9.21088983E-9	4.88281250E-2	0.00000000E+0	0.00000000E+0
4.63867188E-2	9.16532983E-9	9.16532983E-9	4.63867188E-2	0.00000000E+0	0.00000000E+0
4.39453125E-2	8.96717012E-9	8.96717012E-9	4.39453125E-2	0.00000000E+0	0.00000000E+0
4.15039063E-2	8.98805030E-9	8.98805030E-9	4.15039063E-2	0.00000000E+0	0.00000000E+0
3.90625000E-2	8.46339976E-9	8.46339976E-9	3.90625000E-2	0.00000000E+0	0.00000000E+0
3.66210938E-2	7.85447973E-9	7.85447973E-9	3.66210938E-2	0.00000000E+0	0.00000000E+0
3.41796875E-2	7.29187022E-9	7.29187022E-9	3.41796875E-2	0.00000000E+0	0.00000000E+0
3.17382813E-2	6.71483980E-9	6.71483980E-9	3.17382813E-2	0.00000000E+0	0.00000000E+0
2.92968750E-2	6.17919005E-9	6.17919005E-9	2.92968750E-2	0.00000000E+0	0.00000000E+0
2.68554688E-2	5.65036995E-9	5.65036995E-9	2.68554688E-2	0.00000000E+0	0.00000000E+0
2.44140625E-2	5.11812992E-9	5.11812992E-9	2.44140625E-2	0.00000000E+0	0.00000000E+0
2.19726563E-2	4.52362992E-9	4.52362992E-9	2.19726563E-2	0.00000000E+0	0.00000000E+0
1.95312500E-2	3.93976984E-9	3.93976984E-9	1.95312500E-2	0.00000000E+0	0.00000000E+0
1.70898438E-2	3.28833005E-9	3.28833005E-9	1.70898438E-2	0.00000000E+0	0.00000000E+0
1.46484375E-2	2.70598011E-9	2.70598011E-9	1.46484375E-2	0.00000000E+0	0.00000000E+0
1.22070313E-2	2.21246998E-9	2.21246998E-9	1.22070313E-2	0.00000000E+0	0.00000000E+0
9.76562500E-3	1.77893000E-9	1.77893000E-9	9.76562500E-3	0.00000000E+0	0.00000000E+0
7.32421875E-3	1.20702004E-9	1.20702004E-9	7.32421875E-3	0.00000000E+0	0.00000000E+0
4.88281250E-3	6.04231998E-10	6.04231998E-10	4.88281250E-3	0.00000000E+0	0.00000000E+0
2.44140625E-3	1.20684004E-10	1.20684004E-10	2.44140625E-3	0.00000000E+0	0.00000000E+0
0.00000000E+0	-1.78268997E-10	-1.78268997E-10	0.00000000E+0	0.00000000E+0	0.00000000E+0
-2.44140625E-3	-5.32353994E-10	-5.32353994E-10	-2.44140625E-3	0.00000000E+0	0.00000000E+0
-4.88281250E-3	-1.04850995E-9	-1.04850995E-9	-4.88281250E-3	0.00000000E+0	0.00000000E+0
-7.32421875E-3	-1.64416003E-9	-1.64416003E-9	-7.32421875E-3	0.00000000E+0	0.00000000E+0
-9.76562500E-3	-2.14754992E-9	-2.14754992E-9	-9.76562500E-3	0.00000000E+0	0.00000000E+0
-1.22070313E-2	-2.64942002E-9	-2.64942002E-9	-1.22070313E-2	0.00000000E+0	0.00000000E+0
-1.46484375E-2	-3.06055004E-9	-3.06055004E-9	-1.46484375E-2	0.00000000E+0	0.00000000E+0
-1.70898438E-2	-3.60608010E-9	-3.60608010E-9	-1.70898438E-2	0.00000000E+0	0.00000000E+0
-1.95312500E-2	-4.12729984E-9	-4.12729984E-9	-1.95312500E-2	0.00000000E+0	0.00000000E+0
-2.19726563E-2	-4.69826000E-9	-4.69826000E-9	-2.19726563E-2	0.00000000E+0	0.00000000E+0
-2.44140625E-2	-5.28289013E-9	-5.28289013E-9	-2.44140625E-2	0.00000000E+0	0.00000000E+0
-2.68554688E-2	-5.88876992E-9	-5.88876992E-9	-2.68554688E-2	0.00000000E+0	0.00000000E+0
-2.92968750E-2	-6.45137987E-9	-6.45137987E-9	-2.92968750E-2	0.00000000E+0	0.00000000E+0
-3.17382813E-2	-7.03599978E-9	-7.03599978E-9	-3.17382813E-2	0.00000000E+0	0.00000000E+0
-3.41796875E-2	-7.59822960E-9	-7.59822960E-9	-3.41796875E-2	0.00000000E+0	0.00000000E+0
-3.66210938E-2	-8.16426038E-9	-8.16426038E-9	-3.66210938E-2	0.00000000E+0	0.00000000E+0
-3.90625000E-2	-8.69003980E-9	-8.69003980E-9	-3.90625000E-2	0.00000000E+0	0.00000000E+0
-4.15039063E-2	-9.28238020E-9	-9.28238020E-9	-4.15039063E-2	0.00000000E+0	0.00000000E+0
-4.39453125E-2	-9.71389014E-9	-9.71389014E-9	-4.39453125E-2	0.00000000E+0	0.00000000E+0
-4.63867188E-2	-9.45651024E-9	-9.45651024E-9	-4.63867188E-2	0.00000000E+0	0.00000000E+0
-4.88281250E-2	-9.98000971E-9	-9.98000971E-9	-4.88281250E-2	0.00000000E+0	0.00000000E+0
-5.12695313E-2	-9.60721991E-9	-9.60721991E-9	-5.12695313E-2	0.00000000E+0	0.00000000E+0
-5.37109375E-2	-9.03563002E-9	-9.03563002E-9	-5.37109375E-2	0.00000000E+0	0.00000000E+0
-5.61523438E-2	-8.39278957E-9	-8.39278957E-9	-5.61523438E-2	0.00000000E+0	0.00000000E+0
-5.85937500E-2	-7.94179034E-9	-7.94179034E-9	-5.85937500E-2	0.00000000E+0	0.00000000E+0
-6.10351563E-2	-7.51357998E-9	-7.51357998E-9	-6.10351563E-2	0.00000000E+0	0.00000000E+0
-6.34765625E-2	-7.18861015E-9	-7.18861015E-9	-6.34765625E-2	0.00000000E+0	0.00000000E+0
-6.59179688E-2	-6.99803993E-9	-6.99803993E-9	-6.59179688E-2	0.00000000E+0	0.00000000E+0
-6.83593750E-2	-6.78583012E-9	-6.78583012E-9	-6.83593750E-2	0.00000000E+0	0.00000000E+0
-7.08007813E-2	-6.56147003E-9	-6.56147003E-9	-7.08007813E-2	0.00000000E+0	0.00000000E+0
-7.32421875E-2	-6.47035980E-9	-6.47035980E-9	-7.32421875E-2	0.00000000E+0	0.00000000E+0
-7.56835938E-2	-6.35116004E-9	-6.35116004E-9	-7.56835938E-2	0.00000000E+0	0.00000000E+0
-7.81250000E-2	-6.24600016E-9	-6.24600016E-9	-7.81250000E-2	0.00000000E+0	0.00000000E+0
-8.05664063E-2	-6.14996010E-9	-6.14996010E-9	-8.05664063E-2	0.00000000E+0	0.00000000E+0
-8.30078125E-2	-6.12641982E-9	-6.12641982E-9	-8.30078125E-2	0.00000000E+0	0.00000000E+0
-8.54492188E-2	-6.18033003E-9	-6.18033003E-9	-8.54492188E-2	0.00000000E+0	0.00000000E+0
-8.78906250E-2	-6.16666007E-9	-6.16666007E-9	-8.78906250E-2	0.00000000E+0	0.00000000E+0
-9.03320313E-2	-6.14996010E-9	-6.14996010E-9	-9.03320313E-2	0.00000000E+0	0.00000000E+0
-9.27734375E-2	-6.18944007E-9	-6.18944007E-9	-9.27734375E-2	0.00000000E+0	0.00000000E+0
-9.52148438E-2	-6.16666007E-9	-6.16666007E-9	-9.52148438E-2	0.00000000E+0	0.00000000E+0
-9.76562500E-2	-6.25473007E-9	-6.25473007E-9	-9.76562500E-2	0.00000000E+0	0.00000000E+0
-1.00097656E-1	-6.33444985E-9	-6.33444985E-9	-1.00097656E-1	0.00000000E+0	0.00000000E+0
-1.02539062E-1	-6.38645981E-9	-6.38645981E-9	-1.02539062E-1	0.00000000E+0	0.00000000E+0
-1.04980469E-1	-6.44303011E-9	-6.44303011E-9	-1.04980469E-1	0.00000000E+0	0.00000000E+0
-1.07421875E-1	-6.56147003E-9	-6.56147003E-9	-1.07421875E-1	0.00000000E+0	0.00000000E+0
-1.09863281E-1	-6.63929001E-9	-6.63929001E-9	-1.09863281E-1	0.00000000E+0	0.00000000E+0
-1.12304687E-1	-6.74938994E-9	-6.74938994E-9	-1.12304687E-1	0.00000000E+0	0.00000000E+0
-1.14746094E-1	-6.81429979E-9	-6.81429979E-9	-1.14746094E-1	0.00000000E+0	0.00000000E+0
-1.17187500E-1	-6.84164014E-9	-6.84164014E-9	-1.17187500E-1	0.00000000E+0	0.00000000E+0
-1.19628906E-1	-6.97070979E-9	-6.97070979E-9	-1.19628906E-1	0.00000000E+0	0.00000000E+0
-1.22070312E-1	-7.08384018E-9	-7.08384018E-9	-1.22070312E-1	0.00000000E+0	0.00000000E+0
-1.24511719E-1	-7.22998994E-9	-7.22998994E-9	-1.24511719E-1	0.00000000E+0	0.00000000E+0
-1.26953125E-1	-7.35261008E-9	-7.35261008E-9	-1.26953125E-1	0.00000000E+0	0.00000000E+0
-1.29394531E-1	-7.50750040E-9	-7.50750040E-9	-1.29394531E-1	0.00000000E+0	0.00000000E+0
-1.31835937E-1	-7.62936025E-9	-7.62936025E-9	-1.31835937E-1	0.00000000E+0	0.00000000E+0
-1.34277344E-1	-7.78234988E-9	-7.78234988E-9	-1.34277344E-1	0.00000000E+0	0.00000000E+0
-1.36718750E-1	-7.91256038E-9	-7.91256038E-9	-1.36718750E-1	0.00000000E+0	0.00000000E+0
-1.39160156E-1	-8.04391043E-9	-8.04391043E-9	-1.39160156E-1	0.00000000E+0	0.00000000E+0
-1.41601562E-1	-8.07315015E-9	-8.07315015E-9	-1.41601562E-1	0.00000000E+0	0.00000000E+0
-1.44042969E-1	-8.13616019E-9	-8.13616019E-9	-1.44042969E-1	0.00000000E+0	0.00000000E+0
-1.46484375E-1	-8.18829982E-9	-8.18829982E-9	-1.46484375E-1	0.00000000E+0	0.00000000E+0
-1.48925781E-1	-8.34571967E-9	-8.34571967E-9	-1.48925781E-1	0.00000000E+0	0.00000000E+0
-1.51367187E-1	-8.43606962E-9	-8.43606962E-9	-1.51367187E-1	0.00000000E+0	0.00000000E+0
-1.53808594E-1	-8.75647022E-9	-8.75647022E-9	-1.53808594E-1	0.00000000E+0	0.00000000E+0
-1.56250000E-1	-8.89048035E-9	-8.89048035E-9	-1.56250000E-1	0.00000000E+0	0.00000000E+0
-1.58691406E-1	-9.07384035E-9	-9.07384035E-9	-1.58691406E-1	0.00000000E+0	0.00000000E+0
-1.61132812E-1	-9.25910015E-9	-9.25910015E-9	-1.61132812E-1	0.00000000E+0	0.00000000E+0
-1.63574219E-1	-9.42309963E-9	-9.42309963E-9	-1.63574219E-1	0.00000000E+0	0.00000000E+0
-1.66015625E-1	-9.54571977E-9	-9.54571977E-9	-1.66015625E-1	0.00000000E+0	0.00000000E+0
-1.68457031E-1	-9.65884972E-9	-9.65884972E-9	-1.68457031E-1	0.00000000E+0	0.00000000E+0
-1.70898437E-1	-9.82474013E-9	-9.82474013E-9	-1.70898437E-1	0.00000000E+0	0.00000000E+0
-1.73339844E-1	-9.99937022E-9	-9.99937022E-9	-1.73339844E-1	0.00000000E+0	0.00000000E+0
-1.75781250E-1	-1.01625997E-8	-1.01625997E-8	-1.75781250E-1	0.00000000E+0	0.00000000E+0
-1.78222656E-1	-1.03152002E-8	-1.03152002E-8	-1.78222656E-1	0.00000000E+0	0.00000000E+0
-1.80664062E-1	-1.04886997E-8	-1.04886997E-8	-1.80664062E-1	0.00000000E+0	0.00000000E+0
-1.83105469E-1	-1.06542002E-8	-1.06542002E-8	-1.83105469E-1	0.00000000E+0	0.00000000E+0
-1.85546875E-1	-1.08586002E-8	-1.08586002E-8	-1.85546875E-1	0.00000000E+0	0.00000000E+0
-1.87988281E-1	-1.09295000E-8	-1.09295000E-8	-1.87988281E-1	0.00000000E+0	0.00000000E+0
-1.90429687E-1	-1.11157004E-8	-1.11157004E-8	-1.90429687E-1	0.00000000E+0	0.00000000E+0
-1.92871094E-1	-1.12761001E-8	-1.12761001E-8	-1.92871094E-1	0.00000000E+0	0.00000000E+0
-1.95312500E-1	-1.14123004E-8	-1.14123004E-8	-1.95312500E-1	0.00000000E+0	0.00000000E+0
-1.97753906E-1	-1.16240999E-8	-1.16240999E-8	-1.97753906E-1	0.00000000E+0	0.00000000E+0
-2.00195312E-1	-1.17088002E-8	-1.17088002E-8	-2.00195312E-1	0.00000000E+0	0.00000000E+0
-2.02636719E-1	-1.23607000E-8	-1.23607000E-8	-2.02636719E-1	0.00000000E+0	0.00000000E+0
-2.05078125E-1	-1.27117001E-8	-1.27117001E-8	-2.05078125E-1	0.00000000E+0	0.00000000E+0
-2.07519531E-1	-1.29398003E-8	-1.29398003E-8	-2.07519531E-1	0.00000000E+0	0.00000000E+0
-2.09960937E-1	-1.24227002E-8	-1.24227002E-8	-2.09960937E-1	0.00000000E+0	0.00000000E+0
-2.12402344E-1	-1.26317001E-8	-1.26317001E-8	-2.12402344E-1	0.00000000E+0	0.00000000E+0
-2.14843750E-1	-1.27381998E-8	-1.27381998E-8	-2.14843750E-1	0.00000000E+0	0.00000000E+0
-2.17285156E-1	-1.29395001E-8	-1.29395001E-8	-2.17285156E-1	0.00000000E+0	0.00000000E+0
-2.19726562E-1	-1.31656996E-8	-1.31656996E-8	-2.19726562E-1	0.00000000E+0	0.00000000E+0
-2.22167969E-1	-1.32956997E-8	-1.32956997E-8	-2.22167969E-1	0.00000000E+0	0.00000000E+0
-2.24609375E-1	-1.35251002E-8	-1.35251002E-8	-2.24609375E-1	0.00000000E+0	0.00000000E+0
-2.27050781E-1	-1.36780001E-8	-1.36780001E-8	-2.27050781E-1	0.00000000E+0	0.00000000E+0
-2.29492187E-1	-1.37849998E-8	-1.37849998E-8	-2.29492187E-1	0.00000000E+0	0.00000000E+0
-2.31933594E-1	-1.42876999E-8	-1.42876999E-8	-2.31933594E-1	0.00000000E+0	0.00000000E+0
-2.34375000E-1	-1.48349999E-8	-1.48349999E-8	-2.34375000E-1	0.00000000E+0	0.00000000E+0
-2.36816406E-1	-1.46031001E-8	-1.46031001E-8	-2.36816406E-1	0.00000000E+0	0.00000000E+0
-2.39257812E-1	-1.43966998E-8	-1.43966998E-8	-2.39257812E-1	0.00000000E+0	0.00000000E+0
-2.41699219E-1	-1.46948000E-8	-1.46948000E-8	-2.41699219E-1	0.00000000E+0	0.00000000E+0
-2.44140625E-1	-1.46948000E-8	-1.46948000E-8	-2.44140625E-1	0.00000000E+0	0.00000000E+0
-2.46582031E-1	-1.48222998E-8	-1.48222998E-8	-2.46582031E-1	0.00000000E+0	0.00000000E+0
-2.49023437E-1	-1.49816000E-8	-1.49816000E-8	-2.49023437E-1	0.00000000E+0	0.00000000E+0
-2.51464844E-1	-1.51866999E-8	-1.51866999E-8	-2.51464844E-1	0.00000000E+0	0.00000000E+0
-2.53906250E-1	-1.56352993E-8	-1.56352993E-8	-2.53906250E-1	0.00000000E+0	0.00000000E+0
-2.56347656E-1	-1.61806000E-8	-1.61806000E-8	-2.56347656E-1	0.00000000E+0	0.00000000E+0
-2.58789062E-1	-1.62775002E-8	-1.62775002E-8	-2.58789062E-1	0.00000000E+0	0.00000000E+0
-2.61230469E-1	-1.64609997E-8	-1.64609997E-8	-2.61230469E-1	0.00000000E+0	0.00000000E+0
-2.63671875E-1	-1.65757008E-8	-1.65757008E-8	-2.63671875E-1	0.00000000E+0	0.00000000E+0
-2.66113281E-1	-1.67311001E-8	-1.67311001E-8	-2.66113281E-1	0.00000000E+0	0.00000000E+0
-2.68554687E-1	-1.68165002E-8	-1.68165002E-8	-2.68554687E-1	0.00000000E+0	0.00000000E+0
-2.70996094E-1	-1.69629999E-8	-1.69629999E-8	-2.70996094E-1	0.00000000E+0	0.00000000E+0
-2.73437500E-1	-1.70802998E-8	-1.70802998E-8	-2.73437500E-1	0.00000000E+0	0.00000000E+0
-2.75878906E-1	-1.71949992E-8	-1.71949992E-8	-2.75878906E-1	0.00000000E+0	0.00000000E+0
-2.78320312E-1	-1.73555001E-8	-1.73555001E-8	-2.78320312E-1	0.00000000E+0	0.00000000E+0
-2.80761719E-1	-1.75084001E-8	-1.75084001E-8	-2.80761719E-1	0.00000000E+0	0.00000000E+0
-2.83203125E-1	-1.67643002E-8	-1.67643002E-8	-2.83203125E-1	0.00000000E+0	0.00000000E+0
-2.85644531E-1	-1.69758003E-8	-1.69758003E-8	-2.85644531E-1	0.00000000E+0	0.00000000E+0
-2.88085937E-1	-1.79060002E-8	-1.79060002E-8	-2.88085937E-1	0.00000000E+0	0.00000000E+0
-2.90527344E-1	-1.80283006E-8	-1.80283006E-8	-2.90527344E-1	0.00000000E+0	0.00000000E+0
-2.92968750E-1	-1.74166992E-8	-1.74166992E-8	-2.92968750E-1	0.00000000E+0	0.00000000E+0
-2.95410156E-1	-1.74524004E-8	-1.74524004E-8	-2.95410156E-1	0.00000000E+0	0.00000000E+0
-2.97851562E-1	-1.75849006E-8	-1.75849006E-8	-2.97851562E-1	0.00000000E+0	0.00000000E+0
-3.00292969E-1	-1.80792998E-8	-1.80792998E-8	-3.00292969E-1	0.00000000E+0	0.00000000E+0
-3.02734375E-1	-1.79773991E-8	-1.79773991E-8	-3.02734375E-1	0.00000000E+0	0.00000000E+0
-3.05175781E-1	-1.82552000E-8	-1.82552000E-8	-3.05175781E-1	0.00000000E+0	0.00000000E+0
-3.07617187E-1	-1.89891001E-8	-1.89891001E-8	-3.07617187E-1	0.00000000E+0	0.00000000E+0
-3.10058594E-1	-1.86196001E-8	-1.86196001E-8	-3.10058594E-1	0.00000000E+0	0.00000000E+0
-3.12500000E-1	-1.84972997E-8	-1.84972997E-8	-3.12500000E-1	0.00000000E+0	0.00000000E+0
-3.14941406E-1	-1.93433998E-8	-1.93433998E-8	-3.14941406E-1	0.00000000E+0	0.00000000E+0
-3.17382812E-1	-1.86196001E-8	-1.86196001E-8	-3.17382812E-1	0.00000000E+0	0.00000000E+0
-3.19824219E-1	-1.87112992E-8	-1.87112992E-8	-3.19824219E-1	0.00000000E+0	0.00000000E+0
-3.22265625E-1	-1.91139993E-8	-1.91139993E-8	-3.22265625E-1	0.00000000E+0	0.00000000E+0
-3.24707031E-1	-1.98861994E-8	-1.98861994E-8	-3.24707031E-1	0.00000000E+0	0.00000000E+0
-3.27148437E-1	-1.96593994E-8	-1.96593994E-8	-3.27148437E-1	0.00000000E+0	0.00000000E+0
-3.29589844E-1	-2.01308996E-8	-2.01308996E-8	-3.29589844E-1	0.00000000E+0	0.00000000E+0
-3.32031250E-1	-1.93433998E-8	-1.93433998E-8	-3.32031250E-1	0.00000000E+0	0.00000000E+0
-3.34472656E-1	-1.94580991E-8	-1.94580991E-8	-3.34472656E-1	0.00000000E+0	0.00000000E+0
-3.36914062E-1	-1.99117007E-8	-1.99117007E-8	-3.36914062E-1	0.00000000E+0	0.00000000E+0
-3.39355469E-1	-2.04596002E-8	-2.04596002E-8	-3.39355469E-1	0.00000000E+0	0.00000000E+0
-3.41796875E-1	-2.05820001E-8	-2.05820001E-8	-3.41796875E-1	0.00000000E+0	0.00000000E+0
-3.44238281E-1	-2.04291002E-8	-2.04291002E-8	-3.44238281E-1	0.00000000E+0	0.00000000E+0
-3.46679687E-1	-2.10865991E-8	-2.10865991E-8	-3.46679687E-1	0.00000000E+0	0.00000000E+0
-3.49121094E-1	-2.05054995E-8	-2.05054995E-8	-3.49121094E-1	0.00000000E+0	0.00000000E+0
-3.51562500E-1	-2.08725002E-8	-2.08725002E-8	-3.51562500E-1	0.00000000E+0	0.00000000E+0
-3.54003906E-1	-2.05207993E-8	-2.05207993E-8	-3.54003906E-1	0.00000000E+0	0.00000000E+0
-3.56445312E-1	-2.15874003E-8	-2.15874003E-8	-3.56445312E-1	0.00000000E+0	0.00000000E+0
-3.58886719E-1	-2.18053007E-8	-2.18053007E-8	-3.58886719E-1	0.00000000E+0	0.00000000E+0
-3.61328125E-1	-2.14383000E-8	-2.14383000E-8	-3.61328125E-1	0.00000000E+0	0.00000000E+0
-3.63769531E-1	-2.20498997E-8	-2.20498997E-8	-3.63769531E-1	0.00000000E+0	0.00000000E+0
-3.66210937E-1	-2.21569998E-8	-2.21569998E-8	-3.66210937E-1	0.00000000E+0	0.00000000E+0
-3.68652344E-1	-2.21073009E-8	-2.21073009E-8	-3.68652344E-1	0.00000000E+0	0.00000000E+0
-3.71093750E-1	-2.13668994E-8	-2.13668994E-8	-3.71093750E-1	0.00000000E+0	0.00000000E+0
-3.73535156E-1	-2.21073009E-8	-2.21073009E-8	-3.73535156E-1	0.00000000E+0	0.00000000E+0
-3.75976562E-1	-2.26463008E-8	-2.26463008E-8	-3.75976562E-1	0.00000000E+0	0.00000000E+0
-3.78417969E-1	-2.27685995E-8	-2.27685995E-8	-3.78417969E-1	0.00000000E+0	0.00000000E+0
-3.80859375E-1	-2.27685995E-8	-2.27685995E-8	-3.80859375E-1	0.00000000E+0	0.00000000E+0
-3.83300781E-1	-2.23863008E-8	-2.23863008E-8	-3.83300781E-1	0.00000000E+0	0.00000000E+0
-3.85742187E-1	-2.31508999E-8	-2.31508999E-8	-3.85742187E-1	0.00000000E+0	0.00000000E+0
-3.88183594E-1	-2.33000002E-8	-2.33000002E-8	-3.88183594E-1	0.00000000E+0	0.00000000E+0
-3.90625000E-1	-2.29010997E-8	-2.29010997E-8	-3.90625000E-1	0.00000000E+0	0.00000000E+0
-3.93066406E-1	-2.27074004E-8	-2.27074004E-8	-3.93066406E-1	0.00000000E+0	0.00000000E+0
-3.95507812E-1	-2.28220998E-8	-2.28220998E-8	-3.95507812E-1	0.00000000E+0	0.00000000E+0
-3.97949219E-1	-2.33114008E-8	-2.33114008E-8	-3.97949219E-1	0.00000000E+0	0.00000000E+0
-4.00390625E-1	-2.27532997E-8	-2.27532997E-8	-4.00390625E-1	0.00000000E+0	0.00000000E+0
-4.02832031E-1	-2.38199007E-8	-2.38199007E-8	-4.02832031E-1	0.00000000E+0	0.00000000E+0
-4.05273437E-1	-2.40989007E-8	-2.40989007E-8	-4.05273437E-1	0.00000000E+0	0.00000000E+0
-4.07714844E-1	-2.40644997E-8	-2.40644997E-8	-4.07714844E-1	0.00000000E+0	0.00000000E+0
-4.10156250E-1	-2.35611992E-8	-2.35611992E-8	-4.10156250E-1	0.00000000E+0	0.00000000E+0
-4.12597656E-1	-2.33610997E-8	-2.33610997E-8	-4.12597656E-1	0.00000000E+0	0.00000000E+0
-4.15039062E-1	-2.45539002E-8	-2.45539002E-8	-4.15039062E-1	0.00000000E+0	0.00000000E+0
-4.17480469E-1	-2.35739002E-8	-2.35739002E-8	-4.17480469E-1	0.00000000E+0	0.00000000E+0
-4.19921875E-1	-2.43895002E-8	-2.43895002E-8	-4.19921875E-1	0.00000000E+0	0.00000000E+0
-4.22363281E-1	-2.40835991E-8	-2.40835991E-8	-4.22363281E-1	0.00000000E+0	0.00000000E+0
-4.24804687E-1	-2.44965008E-8	-2.44965008E-8	-4.24804687E-1	0.00000000E+0	0.00000000E+0
-4.27246094E-1	-2.45346996E-8	-2.45346996E-8	-4.27246094E-1	0.00000000E+0	0.00000000E+0
-4.29687500E-1	-2.51539998E-8	-2.51539998E-8	-4.29687500E-1	0.00000000E+0	0.00000000E+0
-4.32128906E-1	-2.53374992E-8	-2.53374992E-8	-4.32128906E-1	0.00000000E+0	0.00000000E+0
-4.34570312E-1	-2.53221994E-8	-2.53221994E-8	-4.34570312E-1	0.00000000E+0	0.00000000E+0
-4.37011719E-1	-2.54522003E-8	-2.54522003E-8	-4.37011719E-1	0.00000000E+0	0.00000000E+0
-4.39453125E-1	-2.47565008E-8	-2.47565008E-8	-4.39453125E-1	0.00000000E+0	0.00000000E+0
-4.41894531E-1	-2.44811993E-8	-2.44811993E-8	-4.41894531E-1	0.00000000E+0	0.00000000E+0
-4.44335937E-1	-2.54522003E-8	-2.54522003E-8	-4.44335937E-1	0.00000000E+0	0.00000000E+0
-4.46777344E-1	-2.46034997E-8	-2.46034997E-8	-4.46777344E-1	0.00000000E+0	0.00000000E+0
-4.49218750E-1	-2.59033008E-8	-2.59033008E-8	-4.49218750E-1	0.00000000E+0	0.00000000E+0
-4.51660156E-1	-2.60217998E-8	-2.60217998E-8	-4.51660156E-1	0.00000000E+0	0.00000000E+0
-4.54101562E-1	-2.59186006E-8	-2.59186006E-8	-4.54101562E-1	0.00000000E+0	0.00000000E+0
-4.56542969E-1	-2.62600999E-8	-2.62600999E-8	-4.56542969E-1	0.00000000E+0	0.00000000E+0
-4.58984375E-1	-2.54292996E-8	-2.54292996E-8	-4.58984375E-1	0.00000000E+0	0.00000000E+0
-4.61425781E-1	-2.52305004E-8	-2.52305004E-8	-4.61425781E-1	0.00000000E+0	0.00000000E+0
-4.63867187E-1	-2.56739003E-8	-2.56739003E-8	-4.63867187E-1	0.00000000E+0	0.00000000E+0
-4.66308594E-1	-2.56892001E-8	-2.56892001E-8	-4.66308594E-1	0.00000000E+0	0.00000000E+0
-4.68750000E-1	-2.62600999E-8	-2.62600999E-8	-4.68750000E-1	0.00000000E+0	0.00000000E+0
-4.71191406E-1	-2.68207998E-8	-2.68207998E-8	-4.71191406E-1	0.00000000E+0	0.00000000E+0
-4.73632812E-1	-2.60217998E-8	-2.60217998E-8	-4.73632812E-1	0.00000000E+0	0.00000000E+0
-4.76074219E-1	-2.57350994E-8	-2.57350994E-8	-4.76074219E-1	0.00000000E+0	0.00000000E+0
-4.78515625E-1	-2.58116000E-8	-2.58116000E-8	-4.78515625E-1	0.00000000E+0	0.00000000E+0
-4.80957031E-1	-2.67557994E-8	-2.67557994E-8	-4.80957031E-1	0.00000000E+0	0.00000000E+0
-4.83398437E-1	-2.67749005E-8	-2.67749005E-8	-4.83398437E-1	0.00000000E+0	0.00000000E+0
-4.85839844E-1	-2.69201994E-8	-2.69201994E-8	-4.85839844E-1	0.00000000E+0	0.00000000E+0
-4.88281250E-1	-2.67367000E-8	-2.67367000E-8	-4.88281250E-1	0.00000000E+0	0.00000000E+0
-4.90722656E-1	-2.71878005E-8	-2.71878005E-8	-4.90722656E-1	0.00000000E+0	0.00000000E+0
-4.93164062E-1	-2.70807003E-8	-2.70807003E-8	-4.93164062E-1	0.00000000E+0	0.00000000E+0
-4.90722656E-1	-2.62728008E-8	-2.62728008E-8	-4.90722656E-1	0.00000000E+0	0.00000000E+0
-4.88281250E-1	-2.65111009E-8	-2.65111009E-8	-4.88281250E-1	0.00000000E+0	0.00000000E+0
-4.85839844E-1	-2.72031002E-8	-2.72031002E-8	-4.85839844E-1	0.00000000E+0	0.00000000E+0
-4.83398437E-1	-2.67749005E-8	-2.67749005E-8	-4.83398437E-1	0.00000000E+0	0.00000000E+0
-4.80957031E-1	-2.58421000E-8	-2.58421000E-8	-4.80957031E-1	0.00000000E+0	0.00000000E+0
-4.78515625E-1	-2.57580002E-8	-2.57580002E-8	-4.78515625E-1	0.00000000E+0	0.00000000E+0
-4.76074219E-1	-2.65760995E-8	-2.65760995E-8	-4.76074219E-1	0.00000000E+0	0.00000000E+0
-4.73632812E-1	-2.60027004E-8	-2.60027004E-8	-4.73632812E-1	0.00000000E+0	0.00000000E+0
-4.71191406E-1	-2.62600999E-8	-2.62600999E-8	-4.71191406E-1	0.00000000E+0	0.00000000E+0
-4.68750000E-1	-2.60027004E-8	-2.60027004E-8	-4.68750000E-1	0.00000000E+0	0.00000000E+0
-4.66308594E-1	-2.53068997E-8	-2.53068997E-8	-4.66308594E-1	0.00000000E+0	0.00000000E+0
-4.63867187E-1	-2.57197996E-8	-2.57197996E-8	-4.63867187E-1	0.00000000E+0	0.00000000E+0
-4.61425781E-1	-2.63467008E-8	-2.63467008E-8	-4.61425781E-1	0.00000000E+0	0.00000000E+0
-4.58984375E-1	-2.62244004E-8	-2.62244004E-8	-4.58984375E-1	0.00000000E+0	0.00000000E+0
-4.56542969E-1	-2.50010999E-8	-2.50010999E-8	-4.56542969E-1	0.00000000E+0	0.00000000E+0
-4.54101562E-1	-2.61021000E-8	-2.61021000E-8	-4.54101562E-1	0.00000000E+0	0.00000000E+0
-4.51660156E-1	-2.54407002E-8	-2.54407002E-8	-4.51660156E-1	0.00000000E+0	0.00000000E+0
-4.49218750E-1	-2.58268003E-8	-2.58268003E-8	-4.49218750E-1	0.00000000E+0	0.00000000E+0
-4.46777344E-1	-2.57350994E-8	-2.57350994E-8	-4.46777344E-1	0.00000000E+0	0.00000000E+0
-4.44335937E-1	-2.57044999E-8	-2.57044999E-8	-4.44335937E-1	0.00000000E+0	0.00000000E+0
-4.41894531E-1	-2.55936996E-8	-2.55936996E-8	-4.41894531E-1	0.00000000E+0	0.00000000E+0
-4.39453125E-1	-2.48940992E-8	-2.48940992E-8	-4.39453125E-1	0.00000000E+0	0.00000000E+0
-4.37011719E-1	-2.50776004E-8	-2.50776004E-8	-4.37011719E-1	0.00000000E+0	0.00000000E+0
-4.34570312E-1	-2.46340992E-8	-2.46340992E-8	-4.34570312E-1	0.00000000E+0	0.00000000E+0
-4.32128906E-1	-2.47105998E-8	-2.47105998E-8	-4.32128906E-1	0.00000000E+0	0.00000000E+0
-4.29687500E-1	-2.40835991E-8	-2.40835991E-8	-4.29687500E-1	0.00000000E+0	0.00000000E+0
-4.27246094E-1	-2.44965008E-8	-2.44965008E-8	-4.27246094E-1	0.00000000E+0	0.00000000E+0
-4.24804687E-1	-2.37777993E-8	-2.37777993E-8	-4.24804687E-1	0.00000000E+0	0.00000000E+0
-4.22363281E-1	-2.36555007E-8	-2.36555007E-8	-4.22363281E-1	0.00000000E+0	0.00000000E+0
-4.19921875E-1	-2.46953000E-8	-2.46953000E-8	-4.19921875E-1	0.00000000E+0	0.00000000E+0
-4.17480469E-1	-2.45729996E-8	-2.45729996E-8	-4.17480469E-1	0.00000000E+0	0.00000000E+0
-4.15039062E-1	-2.33725999E-8	-2.33725999E-8	-4.15039062E-1	0.00000000E+0	0.00000000E+0
-4.12597656E-1	-2.38199007E-8	-2.38199007E-8	-4.12597656E-1	0.00000000E+0	0.00000000E+0
-4.10156250E-1	-2.39919000E-8	-2.39919000E-8	-4.10156250E-1	0.00000000E+0	0.00000000E+0
-4.07714844E-1	-2.41447999E-8	-2.41447999E-8	-4.07714844E-1	0.00000000E+0	0.00000000E+0
-4.05273437E-1	-2.37281004E-8	-2.37281004E-8	-4.05273437E-1	0.00000000E+0	0.00000000E+0
-4.02832031E-1	-2.30858994E-8	-2.30858994E-8	-4.02832031E-1	0.00000000E+0	0.00000000E+0
-4.00390625E-1	-2.27685995E-8	-2.27685995E-8	-4.00390625E-1	0.00000000E+0	0.00000000E+0
-3.97949219E-1	-2.29010997E-8	-2.29010997E-8	-3.97949219E-1	0.00000000E+0	0.00000000E+0
-3.95507812E-1	-2.36173001E-8	-2.36173001E-8	-3.95507812E-1	0.00000000E+0	0.00000000E+0
-3.93066406E-1	-2.31203003E-8	-2.31203003E-8	-3.93066406E-1	0.00000000E+0	0.00000000E+0
-3.90625000E-1	-2.22793002E-8	-2.22793002E-8	-3.90625000E-1	0.00000000E+0	0.00000000E+0
-3.88183594E-1	-2.29444996E-8	-2.29444996E-8	-3.88183594E-1	0.00000000E+0	0.00000000E+0
-3.85742187E-1	-2.20498997E-8	-2.20498997E-8	-3.85742187E-1	0.00000000E+0	0.00000000E+0
-3.83300781E-1	-2.18969998E-8	-2.18969998E-8	-3.83300781E-1	0.00000000E+0	0.00000000E+0
-3.80859375E-1	-2.20498997E-8	-2.20498997E-8	-3.80859375E-1	0.00000000E+0	0.00000000E+0
-3.78417969E-1	-2.19735004E-8	-2.19735004E-8	-3.78417969E-1	0.00000000E+0	0.00000000E+0
-3.75976562E-1	-2.26156995E-8	-2.26156995E-8	-3.75976562E-1	0.00000000E+0	0.00000000E+0
-3.73535156E-1	-2.14840998E-8	-2.14840998E-8	-3.73535156E-1	0.00000000E+0	0.00000000E+0
-3.71093750E-1	-2.20881002E-8	-2.20881002E-8	-3.71093750E-1	0.00000000E+0	0.00000000E+0
-3.68652344E-1	-2.22333991E-8	-2.22333991E-8	-3.68652344E-1	0.00000000E+0	0.00000000E+0
-3.66210937E-1	-2.20881002E-8	-2.20881002E-8	-3.66210937E-1	0.00000000E+0	0.00000000E+0
-3.63769531E-1	-2.16370992E-8	-2.16370992E-8	-3.63769531E-1	0.00000000E+0	0.00000000E+0
-3.61328125E-1	-2.18613003E-8	-2.18613003E-8	-3.61328125E-1	0.00000000E+0	0.00000000E+0
-3.58886719E-1	-2.16982006E-8	-2.16982006E-8	-3.58886719E-1	0.00000000E+0	0.00000000E+0
-3.56445312E-1	-2.06328998E-8	-2.06328998E-8	-3.56445312E-1	0.00000000E+0	0.00000000E+0
-3.54003906E-1	-2.04596002E-8	-2.04596002E-8	-3.54003906E-1	0.00000000E+0	0.00000000E+0
-3.51562500E-1	-2.05667003E-8	-2.05667003E-8	-3.51562500E-1	0.00000000E+0	0.00000000E+0
-3.49121094E-1	-2.12241993E-8	-2.12241993E-8	-3.49121094E-1	0.00000000E+0	0.00000000E+0
-3.46679687E-1	-2.07094004E-8	-2.07094004E-8	-3.46679687E-1	0.00000000E+0	0.00000000E+0
-3.44238281E-1	-2.00467998E-8	-2.00467998E-8	-3.44238281E-1	0.00000000E+0	0.00000000E+0
-3.41796875E-1	-2.06890007E-8	-2.06890007E-8	-3.41796875E-1	0.00000000E+0	0.00000000E+0
-3.39355469E-1	-2.07654995E-8	-2.07654995E-8	-3.39355469E-1	0.00000000E+0	0.00000000E+0
-3.36914062E-1	-2.06457003E-8	-2.06457003E-8	-3.36914062E-1	0.00000000E+0	0.00000000E+0
-3.34472656E-1	-2.02990993E-8	-2.02990993E-8	-3.34472656E-1	0.00000000E+0	0.00000000E+0
-3.32031250E-1	-2.03831991E-8	-2.03831991E-8	-3.32031250E-1	0.00000000E+0	0.00000000E+0
-3.29589844E-1	-1.95192005E-8	-1.95192005E-8	-3.29589844E-1	0.00000000E+0	0.00000000E+0
-3.27148437E-1	-1.96467003E-8	-1.96467003E-8	-3.27148437E-1	0.00000000E+0	0.00000000E+0
-3.24707031E-1	-1.92209999E-8	-1.92209999E-8	-3.24707031E-1	0.00000000E+0	0.00000000E+0
-3.22265625E-1	-1.88922993E-8	-1.88922993E-8	-3.22265625E-1	0.00000000E+0	0.00000000E+0
-3.19824219E-1	-1.87470004E-8	-1.87470004E-8	-3.19824219E-1	0.00000000E+0	0.00000000E+0
-3.17382812E-1	-1.86196001E-8	-1.86196001E-8	-3.17382812E-1	0.00000000E+0	0.00000000E+0
-3.14941406E-1	-1.84972997E-8	-1.84972997E-8	-3.14941406E-1	0.00000000E+0	0.00000000E+0
-3.12500000E-1	-1.83952995E-8	-1.83952995E-8	-3.12500000E-1	0.00000000E+0	0.00000000E+0
-3.10058594E-1	-1.81735995E-8	-1.81735995E-8	-3.10058594E-1	0.00000000E+0	0.00000000E+0
-3.07617187E-1	-1.80792998E-8	-1.80792998E-8	-3.07617187E-1	0.00000000E+0	0.00000000E+0
-3.05175781E-1	-1.78958004E-8	-1.78958004E-8	-3.05175781E-1	0.00000000E+0	0.00000000E+0
-3.02734375E-1	-1.87112992E-8	-1.87112992E-8	-3.02734375E-1	0.00000000E+0	0.00000000E+0
-3.00292969E-1	-1.85481994E-8	-1.85481994E-8	-3.00292969E-1	0.00000000E+0	0.00000000E+0
-2.97851562E-1	-1.78447994E-8	-1.78447994E-8	-2.97851562E-1	0.00000000E+0	0.00000000E+0
-2.95410156E-1	-1.73962995E-8	-1.73962995E-8	-2.95410156E-1	0.00000000E+0	0.00000000E+0
-2.92968750E-1	-1.72077002E-8	-1.72077002E-8	-2.92968750E-1	0.00000000E+0	0.00000000E+0
-2.90527344E-1	-1.71006995E-8	-1.71006995E-8	-2.90527344E-1	0.00000000E+0	0.00000000E+0
-2.88085937E-1	-1.70446004E-8	-1.70446004E-8	-2.88085937E-1	0.00000000E+0	0.00000000E+0
-2.85644531E-1	-1.76945001E-8	-1.76945001E-8	-2.85644531E-1	0.00000000E+0	0.00000000E+0
-2.83203125E-1	-1.75696009E-8	-1.75696009E-8	-2.83203125E-1	0.00000000E+0	0.00000000E+0
-2.80761719E-1	-1.71720007E-8	-1.71720007E-8	-2.80761719E-1	0.00000000E+0	0.00000000E+0
-2.78320312E-1	-1.72739991E-8	-1.72739991E-8	-2.78320312E-1	0.00000000E+0	0.00000000E+0
-2.75878906E-1	-1.71515993E-8	-1.71515993E-8	-2.75878906E-1	0.00000000E+0	0.00000000E+0
-2.73437500E-1	-1.63157008E-8	-1.63157008E-8	-2.73437500E-1	0.00000000E+0	0.00000000E+0
-2.70996094E-1	-1.60507003E-8	-1.60507003E-8	-2.70996094E-1	0.00000000E+0	0.00000000E+0
-2.68554687E-1	-1.59232005E-8	-1.59232005E-8	-2.68554687E-1	0.00000000E+0	0.00000000E+0
-2.66113281E-1	-1.57984008E-8	-1.57984008E-8	-2.66113281E-1	0.00000000E+0	0.00000000E+0
-2.63671875E-1	-1.57079008E-8	-1.57079008E-8	-2.63671875E-1	0.00000000E+0	0.00000000E+0
-2.61230469E-1	-1.55537005E-8	-1.55537005E-8	-2.61230469E-1	0.00000000E+0	0.00000000E+0
-2.58789062E-1	-1.58748001E-8	-1.58748001E-8	-2.58789062E-1	0.00000000E+0	0.00000000E+0
-2.56347656E-1	-1.60405005E-8	-1.60405005E-8	-2.56347656E-1	0.00000000E+0	0.00000000E+0
-2.53906250E-1	-1.55537005E-8	-1.55537005E-8	-2.53906250E-1	0.00000000E+0	0.00000000E+0
-2.51464844E-1	-1.57289008E-8	-1.57289008E-8	-2.51464844E-1	0.00000000E+0	0.00000000E+0
-2.49023437E-1	-1.56429003E-8	-1.56429003E-8	-2.49023437E-1	0.00000000E+0	0.00000000E+0
-2.46582031E-1	-1.54389994E-8	-1.54389994E-8	-2.46582031E-1	0.00000000E+0	0.00000000E+0
-2.44140625E-1	-1.52887001E-8	-1.52887001E-8	-2.44140625E-1	0.00000000E+0	0.00000000E+0
-2.41699219E-1	-1.52070996E-8	-1.52070996E-8	-2.41699219E-1	0.00000000E+0	0.00000000E+0
-2.39257812E-1	-1.43278998E-8	-1.43278998E-8	-2.39257812E-1	0.00000000E+0	0.00000000E+0
-2.36816406E-1	-1.40729997E-8	-1.40729997E-8	-2.36816406E-1	0.00000000E+0	0.00000000E+0
-2.34375000E-1	-1.39990997E-8	-1.39990997E-8	-2.34375000E-1	0.00000000E+0	0.00000000E+0
-2.31933594E-1	-1.38537999E-8	-1.38537999E-8	-2.31933594E-1	0.00000000E+0	0.00000000E+0
-2.29492187E-1	-1.37009000E-8	-1.37009000E-8	-2.29492187E-1	0.00000000E+0	0.00000000E+0
-2.27050781E-1	-1.36244998E-8	-1.36244998E-8	-2.27050781E-1	0.00000000E+0	0.00000000E+0
-2.24609375E-1	-1.34180000E-8	-1.34180000E-8	-2.24609375E-1	0.00000000E+0	0.00000000E+0
-2.22167969E-1	-1.32064999E-8	-1.32064999E-8	-2.22167969E-1	0.00000000E+0	0.00000000E+0
-2.19726562E-1	-1.31173001E-8	-1.31173001E-8	-2.19726562E-1	0.00000000E+0	0.00000000E+0
-2.17285156E-1	-1.29681004E-8	-1.29681004E-8	-2.17285156E-1	0.00000000E+0	0.00000000E+0
-2.14843750E-1	-1.27695996E-8	-1.27695996E-8	-2.14843750E-1	0.00000000E+0	0.00000000E+0
-2.12402344E-1	-1.25737003E-8	-1.25737003E-8	-2.12402344E-1	0.00000000E+0	0.00000000E+0
-2.09960937E-1	-1.25020003E-8	-1.25020003E-8	-2.09960937E-1	0.00000000E+0	0.00000000E+0
-2.07519531E-1	-1.23357999E-8	-1.23357999E-8	-2.07519531E-1	0.00000000E+0	0.00000000E+0
-2.05078125E-1	-1.21412000E-8	-1.21412000E-8	-2.05078125E-1	0.00000000E+0	0.00000000E+0
-2.02636719E-1	-1.20471997E-8	-1.20471997E-8	-2.02636719E-1	0.00000000E+0	0.00000000E+0
-2.00195312E-1	-1.18188996E-8	-1.18188996E-8	-2.00195312E-1	0.00000000E+0	0.00000000E+0
-1.97753906E-1	-1.16784999E-8	-1.16784999E-8	-1.97753906E-1	0.00000000E+0	0.00000000E+0
-1.95312500E-1	-1.15266001E-8	-1.15266001E-8	-1.95312500E-1	0.00000000E+0	0.00000000E+0
-1.92871094E-1	-1.13466996E-8	-1.13466996E-8	-1.92871094E-1	0.00000000E+0	0.00000000E+0
-1.90429687E-1	-1.11632996E-8	-1.11632996E-8	-1.90429687E-1	0.00000000E+0	0.00000000E+0
-1.87988281E-1	-1.10201004E-8	-1.10201004E-8	-1.87988281E-1	0.00000000E+0	0.00000000E+0
-1.85546875E-1	-1.08586002E-8	-1.08586002E-8	-1.85546875E-1	0.00000000E+0	0.00000000E+0
-1.83105469E-1	-1.06993996E-8	-1.06993996E-8	-1.83105469E-1	0.00000000E+0	0.00000000E+0
-1.80664062E-1	-1.05200000E-8	-1.05200000E-8	-1.80664062E-1	0.00000000E+0	0.00000000E+0
-1.78222656E-1	-1.04093001E-8	-1.04093001E-8	-1.78222656E-1	0.00000000E+0	0.00000000E+0
-1.75781250E-1	-1.01930002E-8	-1.01930002E-8	-1.75781250E-1	0.00000000E+0	0.00000000E+0
-1.73339844E-1	-1.00572999E-8	-1.00572999E-8	-1.73339844E-1	0.00000000E+0	0.00000000E+0
-1.70898437E-1	-9.90674032E-9	-9.90674032E-9	-1.70898437E-1	0.00000000E+0	0.00000000E+0
-1.68457031E-1	-9.70744019E-9	-9.70744019E-9	-1.68457031E-1	0.00000000E+0	0.00000000E+0
-1.66015625E-1	-9.53319024E-9	-9.53319024E-9	-1.66015625E-1	0.00000000E+0	0.00000000E+0
-1.63574219E-1	-9.44131973E-9	-9.44131973E-9	-1.63574219E-1	0.00000000E+0	0.00000000E+0
-1.61132812E-1	-9.24126020E-9	-9.24126020E-9	-1.61132812E-1	0.00000000E+0	0.00000000E+0
-1.58691406E-1	-9.05409969E-9	-9.05409969E-9	-1.58691406E-1	0.00000000E+0	0.00000000E+0
-1.56250000E-1	-8.85289975E-9	-8.85289975E-9	-1.56250000E-1	0.00000000E+0	0.00000000E+0
-1.53808594E-1	-8.71470984E-9	-8.71470984E-9	-1.53808594E-1	0.00000000E+0	0.00000000E+0
-1.51367187E-1	-8.56741966E-9	-8.56741966E-9	-1.51367187E-1	0.00000000E+0	0.00000000E+0
-1.48925781E-1	-8.42315995E-9	-8.42315995E-9	-1.48925781E-1	0.00000000E+0	0.00000000E+0
-1.46484375E-1	-8.25118995E-9	-8.25118995E-9	-1.46484375E-1	0.00000000E+0	0.00000000E+0
-1.44042969E-1	-8.10655010E-9	-8.10655010E-9	-1.44042969E-1	0.00000000E+0	0.00000000E+0
-1.41601562E-1	-7.93115973E-9	-7.93115973E-9	-1.41601562E-1	0.00000000E+0	0.00000000E+0
-1.39160156E-1	-7.81955034E-9	-7.81955034E-9	-1.39160156E-1	0.00000000E+0	0.00000000E+0
-1.36718750E-1	-7.68890018E-9	-7.68890018E-9	-1.36718750E-1	0.00000000E+0	0.00000000E+0
-1.34277344E-1	-7.61987007E-9	-7.61987007E-9	-1.34277344E-1	0.00000000E+0	0.00000000E+0
-1.31835937E-1	-7.44637996E-9	-7.44637996E-9	-1.31835937E-1	0.00000000E+0	0.00000000E+0
-1.29394531E-1	-7.32755989E-9	-7.32755989E-9	-1.29394531E-1	0.00000000E+0	0.00000000E+0
-1.26953125E-1	-7.18633997E-9	-7.18633997E-9	-1.26953125E-1	0.00000000E+0	0.00000000E+0
-1.24511719E-1	-7.05043002E-9	-7.05043002E-9	-1.24511719E-1	0.00000000E+0	0.00000000E+0
-1.22070312E-1	-6.96311986E-9	-6.96311986E-9	-1.22070312E-1	0.00000000E+0	0.00000000E+0
-1.19628906E-1	-6.81658019E-9	-6.81658019E-9	-1.19628906E-1	0.00000000E+0	0.00000000E+0
-1.17187500E-1	-6.70649003E-9	-6.70649003E-9	-1.17187500E-1	0.00000000E+0	0.00000000E+0
-1.14746094E-1	-6.59488020E-9	-6.59488020E-9	-1.14746094E-1	0.00000000E+0	0.00000000E+0
-1.12304687E-1	-6.47454002E-9	-6.47454002E-9	-1.12304687E-1	0.00000000E+0	0.00000000E+0
-1.09863281E-1	-6.38228981E-9	-6.38228981E-9	-1.09863281E-1	0.00000000E+0	0.00000000E+0
-1.07421875E-1	-6.27637009E-9	-6.27637009E-9	-1.07421875E-1	0.00000000E+0	0.00000000E+0
-1.04980469E-1	-6.17046014E-9	-6.17046014E-9	-1.04980469E-1	0.00000000E+0	0.00000000E+0
-1.02539062E-1	-6.09073014E-9	-6.09073014E-9	-1.02539062E-1	0.00000000E+0	0.00000000E+0
-1.00097656E-1	-6.02353989E-9	-6.02353989E-9	-1.00097656E-1	0.00000000E+0	0.00000000E+0
-9.76562500E-2	-5.96280003E-9	-5.96280003E-9	-9.76562500E-2	0.00000000E+0	0.00000000E+0
-9.52148438E-2	-5.92065996E-9	-5.92065996E-9	-9.52148438E-2	0.00000000E+0	0.00000000E+0
-9.27734375E-2	-5.86675020E-9	-5.86675020E-9	-9.27734375E-2	0.00000000E+0	0.00000000E+0
-9.03320313E-2	-5.85461013E-9	-5.85461013E-9	-9.03320313E-2	0.00000000E+0	0.00000000E+0
-8.78906250E-2	-5.82309978E-9	-5.82309978E-9	-8.78906250E-2	0.00000000E+0	0.00000000E+0
-8.54492188E-2	-5.79158987E-9	-5.79158987E-9	-8.54492188E-2	0.00000000E+0	0.00000000E+0
-8.30078125E-2	-5.83031001E-9	-5.83031001E-9	-8.30078125E-2	0.00000000E+0	0.00000000E+0
-8.05664063E-2	-5.84170001E-9	-5.84170001E-9	-8.05664063E-2	0.00000000E+0	0.00000000E+0
-7.81250000E-2	-5.91154992E-9	-5.91154992E-9	-7.81250000E-2	0.00000000E+0	0.00000000E+0
-7.56835938E-2	-6.00722005E-9	-6.00722005E-9	-7.56835938E-2	0.00000000E+0	0.00000000E+0
-7.32421875E-2	-5.97685013E-9	-5.97685013E-9	-7.32421875E-2	0.00000000E+0	0.00000000E+0
-7.08007813E-2	-6.16666007E-9	-6.16666007E-9	-7.08007813E-2	0.00000000E+0	0.00000000E+0
-6.83593750E-2	-6.31168007E-9	-6.31168007E-9	-6.83593750E-2	0.00000000E+0	0.00000000E+0
-6.59179688E-2	-6.43618980E-9	-6.43618980E-9	-6.59179688E-2	0.00000000E+0	0.00000000E+0
-6.34765625E-2	-6.61158017E-9	-6.61158017E-9	-6.34765625E-2	0.00000000E+0	0.00000000E+0
-6.10351563E-2	-6.80367007E-9	-6.80367007E-9	-6.10351563E-2	0.00000000E+0	0.00000000E+0
-5.85937500E-2	-7.12938997E-9	-7.12938997E-9	-5.85937500E-2	0.00000000E+0	0.00000000E+0
-5.61523438E-2	-7.50295026E-9	-7.50295026E-9	-5.61523438E-2	0.00000000E+0	0.00000000E+0
-5.37109375E-2	-8.06859024E-9	-8.06859024E-9	-5.37109375E-2	0.00000000E+0	0.00000000E+0
-5.12695313E-2	-8.65018013E-9	-8.65018013E-9	-5.12695313E-2	0.00000000E+0	0.00000000E+0
-4.88281250E-2	-9.34564959E-9	-9.34564959E-9	-4.88281250E-2	0.00000000E+0	0.00000000E+0
-4.63867188E-2	-9.60721991E-9	-9.60721991E-9	-4.63867188E-2	0.00000000E+0	0.00000000E+0
-4.39453125E-2	-9.21050969E-9	-9.21050969E-9	-4.39453125E-2	0.00000000E+0	0.00000000E+0
-4.15039063E-2	-9.39918010E-9	-9.39918010E-9	-4.15039063E-2	0.00000000E+0	0.00000000E+0
-3.90625000E-2	-8.94249030E-9	-8.94249030E-9	-3.90625000E-2	0.00000000E+0	0.00000000E+0
-3.66210938E-2	-8.35976000E-9	-8.35976000E-9	-3.66210938E-2	0.00000000E+0	0.00000000E+0
-3.41796875E-2	-7.78234988E-9	-7.78234988E-9	-3.41796875E-2	0.00000000E+0	0.00000000E+0
-3.17382813E-2	-7.22998994E-9	-7.22998994E-9	-3.17382813E-2	0.00000000E+0	0.00000000E+0
-2.92968750E-2	-6.65865985E-9	-6.65865985E-9	-2.92968750E-2	0.00000000E+0	0.00000000E+0
-2.68554688E-2	-6.10743989E-9	-6.10743989E-9	-2.68554688E-2	0.00000000E+0	0.00000000E+0
-2.44140625E-2	-5.55204016E-9	-5.55204016E-9	-2.44140625E-2	0.00000000E+0	0.00000000E+0
-2.19726563E-2	-4.97918995E-9	-4.97918995E-9	-2.19726563E-2	0.00000000E+0	0.00000000E+0
-1.95312500E-2	-4.35279990E-9	-4.35279990E-9	-1.95312500E-2	0.00000000E+0	0.00000000E+0
-1.70898438E-2	-3.76057985E-9	-3.76057985E-9	-1.70898438E-2	0.00000000E+0	0.00000000E+0
-1.46484375E-2	-3.14559001E-9	-3.14559001E-9	-1.46484375E-2	0.00000000E+0	0.00000000E+0
-1.22070313E-2	-2.62169997E-9	-2.62169997E-9	-1.22070313E-2	0.00000000E+0	0.00000000E+0
-9.76562500E-3	-2.16690998E-9	-2.16690998E-9	-9.76562500E-3	0.00000000E+0	0.00000000E+0
-7.32421875E-3	-1.70755998E-9	-1.70755998E-9	-7.32421875E-3	0.00000000E+0	0.00000000E+0
-4.88281250E-3	-1.07821996E-9	-1.07821996E-9	-4.88281250E-3	0.00000000E+0	0.00000000E+0
-2.44140625E-3	-4.60647992E-10	-4.60647992E-10	-2.44140625E-3	0.00000000E+0	0.00000000E+0
0.00000000E+0	-1.16444996E-11	-1.16444996E-11	0.00000000E+0	0.00000000E+0	0.00000000E+0
