Date: do 28 mrt 2013, Material: Au, Temp: 4.2 K
AO1 - module gain: 1.0E+0, R_out: 0.0
AO2 - module gain: 1.0E+2
MUX1 - ADC gain: 4, logarithmic amplifier: D:\LabVIEW Data\Lithographic MCBJ\MED24_070412.TXT, R_in: 0.000
MUX2 - ADC gain: 4, linear amplifier: 1.000000 x 1e10 V/A, R_in: 1.000
Breaking trace: 15 0
Axis position: -886.688686
Vbias (V)	<I> and Ii MUX1 (A)	Vbias (V)	<I> and Ii MUX2 (A)
@
0.00000000E+0	1.64069994E-10	1.64069994E-10	0.00000000E+0	0.00000000E+0	0.00000000E+0
2.44140625E-3	-1.65474995E-11	-1.65474995E-11	2.44140625E-3	0.00000000E+0	0.00000000E+0
4.88281250E-3	-1.57048003E-11	-1.57048003E-11	4.88281250E-3	0.00000000E+0	0.00000000E+0
7.32421875E-3	-1.48620994E-11	-1.48620994E-11	7.32421875E-3	0.00000000E+0	0.00000000E+0
9.76562500E-3	-9.86336967E-12	-9.86336967E-12	9.76562500E-3	0.00000000E+0	0.00000000E+0
1.22070313E-2	-3.47293006E-12	-3.47293006E-12	1.22070313E-2	0.00000000E+0	0.00000000E+0
1.46484375E-2	1.40959998E-12	1.40959998E-12	1.46484375E-2	0.00000000E+0	0.00000000E+0
1.70898438E-2	4.09857001E-12	4.09857001E-12	1.70898438E-2	0.00000000E+0	0.00000000E+0
1.95312500E-2	1.11083000E-11	1.11083000E-11	1.95312500E-2	0.00000000E+0	0.00000000E+0
2.19726563E-2	1.83094997E-11	1.83094997E-11	2.19726563E-2	0.00000000E+0	0.00000000E+0
2.44140625E-2	2.47446005E-11	2.47446005E-11	2.44140625E-2	0.00000000E+0	0.00000000E+0
2.68554688E-2	2.80388004E-11	2.80388004E-11	2.68554688E-2	0.00000000E+0	0.00000000E+0
2.92968750E-2	3.50868015E-11	3.50868015E-11	2.92968750E-2	0.00000000E+0	0.00000000E+0
3.17382813E-2	4.03727989E-11	4.03727989E-11	3.17382813E-2	0.00000000E+0	0.00000000E+0
3.41796875E-2	4.84167012E-11	4.84167012E-11	3.41796875E-2	0.00000000E+0	0.00000000E+0
3.66210938E-2	5.38669005E-11	5.38669005E-11	3.66210938E-2	0.00000000E+0	0.00000000E+0
3.90625000E-2	6.17658008E-11	6.17658008E-11	3.90625000E-2	0.00000000E+0	0.00000000E+0
4.15039063E-2	6.90245014E-11	6.90245014E-11	4.15039063E-2	0.00000000E+0	0.00000000E+0
4.39453125E-2	7.86333984E-11	7.86333984E-11	4.39453125E-2	0.00000000E+0	0.00000000E+0
4.63867188E-2	8.06689993E-11	8.06689993E-11	4.63867188E-2	0.00000000E+0	0.00000000E+0
4.88281250E-2	9.27923016E-11	9.27923016E-11	4.88281250E-2	0.00000000E+0	0.00000000E+0
5.12695313E-2	9.87486967E-11	9.87486967E-11	5.12695313E-2	0.00000000E+0	0.00000000E+0
5.37109375E-2	1.08477997E-10	1.08477997E-10	5.37109375E-2	0.00000000E+0	0.00000000E+0
5.61523438E-2	1.13611003E-10	1.13611003E-10	5.61523438E-2	0.00000000E+0	0.00000000E+0
5.85937500E-2	1.26020999E-10	1.26020999E-10	5.85937500E-2	0.00000000E+0	0.00000000E+0
6.10351563E-2	1.31582995E-10	1.31582995E-10	6.10351563E-2	0.00000000E+0	0.00000000E+0
6.34765625E-2	1.43717996E-10	1.43717996E-10	6.34765625E-2	0.00000000E+0	0.00000000E+0
6.59179688E-2	1.49004004E-10	1.49004004E-10	6.59179688E-2	0.00000000E+0	0.00000000E+0
6.83593750E-2	1.63330002E-10	1.63330002E-10	6.83593750E-2	0.00000000E+0	0.00000000E+0
7.08007813E-2	1.68692005E-10	1.68692005E-10	7.08007813E-2	0.00000000E+0	0.00000000E+0
7.32421875E-2	1.83676005E-10	1.83676005E-10	7.32421875E-2	0.00000000E+0	0.00000000E+0
7.56835938E-2	1.88381005E-10	1.88381005E-10	7.56835938E-2	0.00000000E+0	0.00000000E+0
7.81250000E-2	2.04794001E-10	2.04794001E-10	7.81250000E-2	0.00000000E+0	0.00000000E+0
8.05664063E-2	2.14452997E-10	2.14452997E-10	8.05664063E-2	0.00000000E+0	0.00000000E+0
8.30078125E-2	2.33234987E-10	2.33234987E-10	8.30078125E-2	0.00000000E+0	0.00000000E+0
8.54492188E-2	2.39326003E-10	2.39326003E-10	8.54492188E-2	0.00000000E+0	0.00000000E+0
8.78906250E-2	2.61082989E-10	2.61082989E-10	8.78906250E-2	0.00000000E+0	0.00000000E+0
9.03320313E-2	2.79737011E-10	2.79737011E-10	9.03320313E-2	0.00000000E+0	0.00000000E+0
9.27734375E-2	3.24055005E-10	3.24055005E-10	9.27734375E-2	0.00000000E+0	0.00000000E+0
9.52148438E-2	5.81613979E-10	5.81613979E-10	9.52148438E-2	0.00000000E+0	0.00000000E+0
9.76562500E-2	1.05789000E-9	1.05789000E-9	9.76562500E-2	0.00000000E+0	0.00000000E+0
1.00097656E-1	1.09908005E-9	1.09908005E-9	1.00097656E-1	0.00000000E+0	0.00000000E+0
1.02539062E-1	1.10825005E-9	1.10825005E-9	1.02539062E-1	0.00000000E+0	0.00000000E+0
1.04980469E-1	1.11021004E-9	1.11021004E-9	1.04980469E-1	0.00000000E+0	0.00000000E+0
1.07421875E-1	1.09857001E-9	1.09857001E-9	1.07421875E-1	0.00000000E+0	0.00000000E+0
1.09863281E-1	1.09146003E-9	1.09146003E-9	1.09863281E-1	0.00000000E+0	0.00000000E+0
1.12304687E-1	1.01713005E-9	1.01713005E-9	1.12304687E-1	0.00000000E+0	0.00000000E+0
1.14746094E-1	1.00246000E-9	1.00246000E-9	1.14746094E-1	0.00000000E+0	0.00000000E+0
1.17187500E-1	1.00909003E-9	1.00909003E-9	1.17187500E-1	0.00000000E+0	0.00000000E+0
1.19628906E-1	1.00909003E-9	1.00909003E-9	1.19628906E-1	0.00000000E+0	0.00000000E+0
1.22070312E-1	1.01138997E-9	1.01138997E-9	1.22070312E-1	0.00000000E+0	0.00000000E+0
1.24511719E-1	1.00246000E-9	1.00246000E-9	1.24511719E-1	0.00000000E+0	0.00000000E+0
1.26953125E-1	1.00687003E-9	1.00687003E-9	1.26953125E-1	0.00000000E+0	0.00000000E+0
1.29394531E-1	9.98570004E-10	9.98570004E-10	1.29394531E-1	0.00000000E+0	0.00000000E+0
1.31835937E-1	1.00909003E-9	1.00909003E-9	1.31835937E-1	0.00000000E+0	0.00000000E+0
1.34277344E-1	1.00369002E-9	1.00369002E-9	1.34277344E-1	0.00000000E+0	0.00000000E+0
1.36718750E-1	1.02256004E-9	1.02256004E-9	1.36718750E-1	0.00000000E+0	0.00000000E+0
1.39160156E-1	1.01138997E-9	1.01138997E-9	1.39160156E-1	0.00000000E+0	0.00000000E+0
1.41601562E-1	1.02900999E-9	1.02900999E-9	1.41601562E-1	0.00000000E+0	0.00000000E+0
1.44042969E-1	1.02512998E-9	1.02512998E-9	1.44042969E-1	0.00000000E+0	0.00000000E+0
1.46484375E-1	1.04751996E-9	1.04751996E-9	1.46484375E-1	0.00000000E+0	0.00000000E+0
1.48925781E-1	1.03858000E-9	1.03858000E-9	1.48925781E-1	0.00000000E+0	0.00000000E+0
1.51367187E-1	1.05834996E-9	1.05834996E-9	1.51367187E-1	0.00000000E+0	0.00000000E+0
1.53808594E-1	1.04858000E-9	1.04858000E-9	1.53808594E-1	0.00000000E+0	0.00000000E+0
1.56250000E-1	1.06416997E-9	1.06416997E-9	1.56250000E-1	0.00000000E+0	0.00000000E+0
1.58691406E-1	1.06283005E-9	1.06283005E-9	1.58691406E-1	0.00000000E+0	0.00000000E+0
1.61132812E-1	1.08815001E-9	1.08815001E-9	1.61132812E-1	0.00000000E+0	0.00000000E+0
1.63574219E-1	1.07569997E-9	1.07569997E-9	1.63574219E-1	0.00000000E+0	0.00000000E+0
1.66015625E-1	1.09857001E-9	1.09857001E-9	1.66015625E-1	0.00000000E+0	0.00000000E+0
1.68457031E-1	1.08380005E-9	1.08380005E-9	1.68457031E-1	0.00000000E+0	0.00000000E+0
1.70898437E-1	1.10825005E-9	1.10825005E-9	1.70898437E-1	0.00000000E+0	0.00000000E+0
1.73339844E-1	1.09908005E-9	1.09908005E-9	1.73339844E-1	0.00000000E+0	0.00000000E+0
1.75781250E-1	1.11650000E-9	1.11650000E-9	1.75781250E-1	0.00000000E+0	0.00000000E+0
1.78222656E-1	1.10120002E-9	1.10120002E-9	1.78222656E-1	0.00000000E+0	0.00000000E+0
1.80664062E-1	1.13081999E-9	1.13081999E-9	1.80664062E-1	0.00000000E+0	0.00000000E+0
1.83105469E-1	1.12232001E-9	1.12232001E-9	1.83105469E-1	0.00000000E+0	0.00000000E+0
1.85546875E-1	1.14345999E-9	1.14345999E-9	1.85546875E-1	0.00000000E+0	0.00000000E+0
1.87988281E-1	1.13021004E-9	1.13021004E-9	1.87988281E-1	0.00000000E+0	0.00000000E+0
1.90429687E-1	1.15174004E-9	1.15174004E-9	1.90429687E-1	0.00000000E+0	0.00000000E+0
1.92871094E-1	1.13621001E-9	1.13621001E-9	1.92871094E-1	0.00000000E+0	0.00000000E+0
1.95312500E-1	1.16576004E-9	1.16576004E-9	1.95312500E-1	0.00000000E+0	0.00000000E+0
1.97753906E-1	1.15733001E-9	1.15733001E-9	1.97753906E-1	0.00000000E+0	0.00000000E+0
2.00195312E-1	1.18059995E-9	1.18059995E-9	2.00195312E-1	0.00000000E+0	0.00000000E+0
2.02636719E-1	1.16847998E-9	1.16847998E-9	2.02636719E-1	0.00000000E+0	0.00000000E+0
2.05078125E-1	1.19421995E-9	1.19421995E-9	2.05078125E-1	0.00000000E+0	0.00000000E+0
2.07519531E-1	1.18528998E-9	1.18528998E-9	2.07519531E-1	0.00000000E+0	0.00000000E+0
2.09960937E-1	1.20563004E-9	1.20563004E-9	2.09960937E-1	0.00000000E+0	0.00000000E+0
2.12402344E-1	1.19678001E-9	1.19678001E-9	2.12402344E-1	0.00000000E+0	0.00000000E+0
2.14843750E-1	1.22262001E-9	1.22262001E-9	2.14843750E-1	0.00000000E+0	0.00000000E+0
2.17285156E-1	1.22171995E-9	1.22171995E-9	2.17285156E-1	0.00000000E+0	0.00000000E+0
2.19726562E-1	1.23398003E-9	1.23398003E-9	2.19726562E-1	0.00000000E+0	0.00000000E+0
2.22167969E-1	1.23249000E-9	1.23249000E-9	2.22167969E-1	0.00000000E+0	0.00000000E+0
2.24609375E-1	1.25267996E-9	1.25267996E-9	2.24609375E-1	0.00000000E+0	0.00000000E+0
2.27050781E-1	1.24773003E-9	1.24773003E-9	2.27050781E-1	0.00000000E+0	0.00000000E+0
2.29492187E-1	1.27044997E-9	1.27044997E-9	2.29492187E-1	0.00000000E+0	0.00000000E+0
2.31933594E-1	1.26097999E-9	1.26097999E-9	2.31933594E-1	0.00000000E+0	0.00000000E+0
2.34375000E-1	1.28841005E-9	1.28841005E-9	2.34375000E-1	0.00000000E+0	0.00000000E+0
2.36816406E-1	1.28376998E-9	1.28376998E-9	2.36816406E-1	0.00000000E+0	0.00000000E+0
2.39257812E-1	1.30448996E-9	1.30448996E-9	2.39257812E-1	0.00000000E+0	0.00000000E+0
2.41699219E-1	1.30167999E-9	1.30167999E-9	2.41699219E-1	0.00000000E+0	0.00000000E+0
2.44140625E-1	1.31654998E-9	1.31654998E-9	2.44140625E-1	0.00000000E+0	0.00000000E+0
2.46582031E-1	1.31427003E-9	1.31427003E-9	2.46582031E-1	0.00000000E+0	0.00000000E+0
2.49023437E-1	1.33628997E-9	1.33628997E-9	2.49023437E-1	0.00000000E+0	0.00000000E+0
2.51464844E-1	1.33742994E-9	1.33742994E-9	2.51464844E-1	0.00000000E+0	0.00000000E+0
2.53906250E-1	1.35527001E-9	1.35527001E-9	2.53906250E-1	0.00000000E+0	0.00000000E+0
2.56347656E-1	1.35602995E-9	1.35602995E-9	2.56347656E-1	0.00000000E+0	0.00000000E+0
2.58789062E-1	1.37273004E-9	1.37273004E-9	2.58789062E-1	0.00000000E+0	0.00000000E+0
2.61230469E-1	1.37273004E-9	1.37273004E-9	2.61230469E-1	0.00000000E+0	0.00000000E+0
2.63671875E-1	1.39513001E-9	1.39513001E-9	2.63671875E-1	0.00000000E+0	0.00000000E+0
2.66113281E-1	1.39778999E-9	1.39778999E-9	2.66113281E-1	0.00000000E+0	0.00000000E+0
2.68554687E-1	1.41752998E-9	1.41752998E-9	2.68554687E-1	0.00000000E+0	0.00000000E+0
2.70996094E-1	1.41752998E-9	1.41752998E-9	2.70996094E-1	0.00000000E+0	0.00000000E+0
2.73437500E-1	1.43651002E-9	1.43651002E-9	2.73437500E-1	0.00000000E+0	0.00000000E+0
2.75878906E-1	1.43955003E-9	1.43955003E-9	2.75878906E-1	0.00000000E+0	0.00000000E+0
2.78320312E-1	1.45700996E-9	1.45700996E-9	2.78320312E-1	0.00000000E+0	0.00000000E+0
2.80761719E-1	1.46080004E-9	1.46080004E-9	2.80761719E-1	0.00000000E+0	0.00000000E+0
2.83203125E-1	1.48232004E-9	1.48232004E-9	2.83203125E-1	0.00000000E+0	0.00000000E+0
2.85644531E-1	1.48585999E-9	1.48585999E-9	2.85644531E-1	0.00000000E+0	0.00000000E+0
2.88085937E-1	1.50711998E-9	1.50711998E-9	2.88085937E-1	0.00000000E+0	0.00000000E+0
2.90527344E-1	1.51066004E-9	1.51066004E-9	2.90527344E-1	0.00000000E+0	0.00000000E+0
2.92968750E-1	1.53293001E-9	1.53293001E-9	2.92968750E-1	0.00000000E+0	0.00000000E+0
2.95410156E-1	1.53293001E-9	1.53293001E-9	2.95410156E-1	0.00000000E+0	0.00000000E+0
2.97851562E-1	1.55913005E-9	1.55913005E-9	2.97851562E-1	0.00000000E+0	0.00000000E+0
3.00292969E-1	1.55913005E-9	1.55913005E-9	3.00292969E-1	0.00000000E+0	0.00000000E+0
3.02734375E-1	1.58227997E-9	1.58227997E-9	3.02734375E-1	0.00000000E+0	0.00000000E+0
3.05175781E-1	1.58658997E-9	1.58658997E-9	3.05175781E-1	0.00000000E+0	0.00000000E+0
3.07617187E-1	1.60784996E-9	1.60784996E-9	3.07617187E-1	0.00000000E+0	0.00000000E+0
3.10058594E-1	1.60683000E-9	1.60683000E-9	3.10058594E-1	0.00000000E+0	0.00000000E+0
3.12500000E-1	1.63164005E-9	1.63164005E-9	3.12500000E-1	0.00000000E+0	0.00000000E+0
3.14941406E-1	1.63809000E-9	1.63809000E-9	3.14941406E-1	0.00000000E+0	0.00000000E+0
3.17382812E-1	1.66200997E-9	1.66200997E-9	3.17382812E-1	0.00000000E+0	0.00000000E+0
3.19824219E-1	1.67073999E-9	1.67073999E-9	3.19824219E-1	0.00000000E+0	0.00000000E+0
3.22265625E-1	1.69161996E-9	1.69161996E-9	3.22265625E-1	0.00000000E+0	0.00000000E+0
3.24707031E-1	1.69616998E-9	1.69616998E-9	3.24707031E-1	0.00000000E+0	0.00000000E+0
3.27148437E-1	1.71438996E-9	1.71438996E-9	3.27148437E-1	0.00000000E+0	0.00000000E+0
3.29589844E-1	1.72046999E-9	1.72046999E-9	3.29589844E-1	0.00000000E+0	0.00000000E+0
3.32031250E-1	1.75007997E-9	1.75007997E-9	3.32031250E-1	0.00000000E+0	0.00000000E+0
3.34472656E-1	1.75159998E-9	1.75159998E-9	3.34472656E-1	0.00000000E+0	0.00000000E+0
3.36914062E-1	1.77665005E-9	1.77665005E-9	3.36914062E-1	0.00000000E+0	0.00000000E+0
3.39355469E-1	1.77893000E-9	1.77893000E-9	3.39355469E-1	0.00000000E+0	0.00000000E+0
3.41796875E-1	1.79943005E-9	1.79943005E-9	3.41796875E-1	0.00000000E+0	0.00000000E+0
3.44238281E-1	1.80246995E-9	1.80246995E-9	3.44238281E-1	0.00000000E+0	0.00000000E+0
3.46679687E-1	1.82619997E-9	1.82619997E-9	3.46679687E-1	0.00000000E+0	0.00000000E+0
3.49121094E-1	1.83881999E-9	1.83881999E-9	3.49121094E-1	0.00000000E+0	0.00000000E+0
3.51562500E-1	1.85662996E-9	1.85662996E-9	3.51562500E-1	0.00000000E+0	0.00000000E+0
3.54003906E-1	1.87003990E-9	1.87003990E-9	3.54003906E-1	0.00000000E+0	0.00000000E+0
3.56445312E-1	1.88749993E-9	1.88749993E-9	3.56445312E-1	0.00000000E+0	0.00000000E+0
3.58886719E-1	1.89434002E-9	1.89434002E-9	3.58886719E-1	0.00000000E+0	0.00000000E+0
3.61328125E-1	1.91484006E-9	1.91484006E-9	3.61328125E-1	0.00000000E+0	0.00000000E+0
3.63769531E-1	1.91862992E-9	1.91862992E-9	3.63769531E-1	0.00000000E+0	0.00000000E+0
3.66210937E-1	1.93483007E-9	1.93483007E-9	3.66210937E-1	0.00000000E+0	0.00000000E+0
3.68652344E-1	1.94369010E-9	1.94369010E-9	3.68652344E-1	0.00000000E+0	0.00000000E+0
3.71093750E-1	1.96469996E-9	1.96469996E-9	3.71093750E-1	0.00000000E+0	0.00000000E+0
3.73535156E-1	1.96596006E-9	1.96596006E-9	3.73535156E-1	0.00000000E+0	0.00000000E+0
3.75976562E-1	1.98545003E-9	1.98545003E-9	3.75976562E-1	0.00000000E+0	0.00000000E+0
3.78417969E-1	1.99556993E-9	1.99556993E-9	3.78417969E-1	0.00000000E+0	0.00000000E+0
3.80859375E-1	2.01328998E-9	2.01328998E-9	3.80859375E-1	0.00000000E+0	0.00000000E+0
3.83300781E-1	2.01581996E-9	2.01581996E-9	3.83300781E-1	0.00000000E+0	0.00000000E+0
3.85742187E-1	2.03100003E-9	2.03100003E-9	3.85742187E-1	0.00000000E+0	0.00000000E+0
3.88183594E-1	2.04492001E-9	2.04492001E-9	3.88183594E-1	0.00000000E+0	0.00000000E+0
3.90625000E-1	2.06668993E-9	2.06668993E-9	3.90625000E-1	0.00000000E+0	0.00000000E+0
3.93066406E-1	2.07656004E-9	2.07656004E-9	3.93066406E-1	0.00000000E+0	0.00000000E+0
3.95507812E-1	2.08871009E-9	2.08871009E-9	3.95507812E-1	0.00000000E+0	0.00000000E+0
3.97949219E-1	2.09706008E-9	2.09706008E-9	3.97949219E-1	0.00000000E+0	0.00000000E+0
4.00390625E-1	2.09249995E-9	2.09249995E-9	4.00390625E-1	0.00000000E+0	0.00000000E+0
4.02832031E-1	2.10616991E-9	2.10616991E-9	4.02832031E-1	0.00000000E+0	0.00000000E+0
4.05273437E-1	2.12059992E-9	2.12059992E-9	4.05273437E-1	0.00000000E+0	0.00000000E+0
4.07714844E-1	2.12970996E-9	2.12970996E-9	4.07714844E-1	0.00000000E+0	0.00000000E+0
4.10156250E-1	2.14148010E-9	2.14148010E-9	4.10156250E-1	0.00000000E+0	0.00000000E+0
4.12597656E-1	2.15400009E-9	2.15400009E-9	4.12597656E-1	0.00000000E+0	0.00000000E+0
4.15039062E-1	2.16463003E-9	2.16463003E-9	4.15039062E-1	0.00000000E+0	0.00000000E+0
4.17480469E-1	2.18096008E-9	2.18096008E-9	4.17480469E-1	0.00000000E+0	0.00000000E+0
4.19921875E-1	2.18463003E-9	2.18463003E-9	4.19921875E-1	0.00000000E+0	0.00000000E+0
4.22363281E-1	2.19917995E-9	2.19917995E-9	4.22363281E-1	0.00000000E+0	0.00000000E+0
4.24804687E-1	2.20638996E-9	2.20638996E-9	4.24804687E-1	0.00000000E+0	0.00000000E+0
4.27246094E-1	2.22308993E-9	2.22308993E-9	4.27246094E-1	0.00000000E+0	0.00000000E+0
4.29687500E-1	2.23676011E-9	2.23676011E-9	4.29687500E-1	0.00000000E+0	0.00000000E+0
4.32128906E-1	2.24472996E-9	2.24472996E-9	4.32128906E-1	0.00000000E+0	0.00000000E+0
4.34570312E-1	2.26282992E-9	2.26282992E-9	4.34570312E-1	0.00000000E+0	0.00000000E+0
4.37011719E-1	2.29409003E-9	2.29409003E-9	4.37011719E-1	0.00000000E+0	0.00000000E+0
4.39453125E-1	2.30434005E-9	2.30434005E-9	4.39453125E-1	0.00000000E+0	0.00000000E+0
4.41894531E-1	2.31951991E-9	2.31951991E-9	4.41894531E-1	0.00000000E+0	0.00000000E+0
4.44335937E-1	2.32990005E-9	2.32990005E-9	4.44335937E-1	0.00000000E+0	0.00000000E+0
4.46777344E-1	2.34571007E-9	2.34571007E-9	4.46777344E-1	0.00000000E+0	0.00000000E+0
4.49218750E-1	2.34458009E-9	2.34458009E-9	4.49218750E-1	0.00000000E+0	0.00000000E+0
4.51660156E-1	2.36356001E-9	2.36356001E-9	4.51660156E-1	0.00000000E+0	0.00000000E+0
4.54101562E-1	2.35671993E-9	2.35671993E-9	4.54101562E-1	0.00000000E+0	0.00000000E+0
4.56542969E-1	2.39241005E-9	2.39241005E-9	4.56542969E-1	0.00000000E+0	0.00000000E+0
4.58984375E-1	2.41215004E-9	2.41215004E-9	4.58984375E-1	0.00000000E+0	0.00000000E+0
4.61425781E-1	2.39772002E-9	2.39772002E-9	4.61425781E-1	0.00000000E+0	0.00000000E+0
4.63867187E-1	2.41215004E-9	2.41215004E-9	4.63867187E-1	0.00000000E+0	0.00000000E+0
4.66308594E-1	2.44935006E-9	2.44935006E-9	4.66308594E-1	0.00000000E+0	0.00000000E+0
4.68750000E-1	2.46225995E-9	2.46225995E-9	4.68750000E-1	0.00000000E+0	0.00000000E+0
4.71191406E-1	2.45543008E-9	2.45543008E-9	4.71191406E-1	0.00000000E+0	0.00000000E+0
4.73632812E-1	2.45921994E-9	2.45921994E-9	4.73632812E-1	0.00000000E+0	0.00000000E+0
4.76074219E-1	2.46832998E-9	2.46832998E-9	4.76074219E-1	0.00000000E+0	0.00000000E+0
4.78515625E-1	2.51084997E-9	2.51084997E-9	4.78515625E-1	0.00000000E+0	0.00000000E+0
4.80957031E-1	2.49794008E-9	2.49794008E-9	4.80957031E-1	0.00000000E+0	0.00000000E+0
4.83398437E-1	2.50680010E-9	2.50680010E-9	4.83398437E-1	0.00000000E+0	0.00000000E+0
4.85839844E-1	2.54539989E-9	2.54539989E-9	4.85839844E-1	0.00000000E+0	0.00000000E+0
4.88281250E-1	2.54121990E-9	2.54121990E-9	4.88281250E-1	0.00000000E+0	0.00000000E+0
4.90722656E-1	2.56666000E-9	2.56666000E-9	4.90722656E-1	0.00000000E+0	0.00000000E+0
4.93164062E-1	2.58980992E-9	2.58980992E-9	4.93164062E-1	0.00000000E+0	0.00000000E+0
4.90722656E-1	2.43303000E-9	2.43303000E-9	4.90722656E-1	0.00000000E+0	0.00000000E+0
4.88281250E-1	2.49187004E-9	2.49187004E-9	4.88281250E-1	0.00000000E+0	0.00000000E+0
4.85839844E-1	2.47858001E-9	2.47858001E-9	4.85839844E-1	0.00000000E+0	0.00000000E+0
4.83398437E-1	2.45921994E-9	2.45921994E-9	4.83398437E-1	0.00000000E+0	0.00000000E+0
4.80957031E-1	2.44782994E-9	2.44782994E-9	4.80957031E-1	0.00000000E+0	0.00000000E+0
4.78515625E-1	2.42505993E-9	2.42505993E-9	4.78515625E-1	0.00000000E+0	0.00000000E+0
4.76074219E-1	2.40911002E-9	2.40911002E-9	4.76074219E-1	0.00000000E+0	0.00000000E+0
4.73632812E-1	2.40266007E-9	2.40266007E-9	4.73632812E-1	0.00000000E+0	0.00000000E+0
4.71191406E-1	2.39355002E-9	2.39355002E-9	4.71191406E-1	0.00000000E+0	0.00000000E+0
4.68750000E-1	2.37645992E-9	2.37645992E-9	4.68750000E-1	0.00000000E+0	0.00000000E+0
4.66308594E-1	2.35293007E-9	2.35293007E-9	4.66308594E-1	0.00000000E+0	0.00000000E+0
4.63867187E-1	2.34268005E-9	2.34268005E-9	4.63867187E-1	0.00000000E+0	0.00000000E+0
4.61425781E-1	2.32558994E-9	2.32558994E-9	4.61425781E-1	0.00000000E+0	0.00000000E+0
4.58984375E-1	2.30281993E-9	2.30281993E-9	4.58984375E-1	0.00000000E+0	0.00000000E+0
4.56542969E-1	2.28788011E-9	2.28788011E-9	4.56542969E-1	0.00000000E+0	0.00000000E+0
4.54101562E-1	2.27395991E-9	2.27395991E-9	4.54101562E-1	0.00000000E+0	0.00000000E+0
4.51660156E-1	2.22537011E-9	2.22537011E-9	4.51660156E-1	0.00000000E+0	0.00000000E+0
4.49218750E-1	2.20766005E-9	2.20766005E-9	4.49218750E-1	0.00000000E+0	0.00000000E+0
4.46777344E-1	2.19803997E-9	2.19803997E-9	4.46777344E-1	0.00000000E+0	0.00000000E+0
4.44335937E-1	2.17071006E-9	2.17071006E-9	4.44335937E-1	0.00000000E+0	0.00000000E+0
4.41894531E-1	2.16563989E-9	2.16563989E-9	4.41894531E-1	0.00000000E+0	0.00000000E+0
4.39453125E-1	2.15906004E-9	2.15906004E-9	4.39453125E-1	0.00000000E+0	0.00000000E+0
4.37011719E-1	2.14717000E-9	2.14717000E-9	4.37011719E-1	0.00000000E+0	0.00000000E+0
4.34570312E-1	2.13844009E-9	2.13844009E-9	4.34570312E-1	0.00000000E+0	0.00000000E+0
4.32128906E-1	2.12059992E-9	2.12059992E-9	4.32128906E-1	0.00000000E+0	0.00000000E+0
4.29687500E-1	2.09959006E-9	2.09959006E-9	4.29687500E-1	0.00000000E+0	0.00000000E+0
4.27246094E-1	2.08187001E-9	2.08187001E-9	4.27246094E-1	0.00000000E+0	0.00000000E+0
4.24804687E-1	2.08744000E-9	2.08744000E-9	4.24804687E-1	0.00000000E+0	0.00000000E+0
4.22363281E-1	2.07528994E-9	2.07528994E-9	4.22363281E-1	0.00000000E+0	0.00000000E+0
4.19921875E-1	2.07656004E-9	2.07656004E-9	4.19921875E-1	0.00000000E+0	0.00000000E+0
4.17480469E-1	2.05529993E-9	2.05529993E-9	4.17480469E-1	0.00000000E+0	0.00000000E+0
4.15039062E-1	2.06060990E-9	2.06060990E-9	4.15039062E-1	0.00000000E+0	0.00000000E+0
4.12597656E-1	2.03251993E-9	2.03251993E-9	4.12597656E-1	0.00000000E+0	0.00000000E+0
4.10156250E-1	2.03884998E-9	2.03884998E-9	4.10156250E-1	0.00000000E+0	0.00000000E+0
4.07714844E-1	2.01885997E-9	2.01885997E-9	4.07714844E-1	0.00000000E+0	0.00000000E+0
4.05273437E-1	2.02493000E-9	2.02493000E-9	4.05273437E-1	0.00000000E+0	0.00000000E+0
4.02832031E-1	1.99556993E-9	1.99556993E-9	4.02832031E-1	0.00000000E+0	0.00000000E+0
4.00390625E-1	1.99760009E-9	1.99760009E-9	4.00390625E-1	0.00000000E+0	0.00000000E+0
3.97949219E-1	1.96469996E-9	1.96469996E-9	3.97949219E-1	0.00000000E+0	0.00000000E+0
3.95507812E-1	1.97886996E-9	1.97886996E-9	3.95507812E-1	0.00000000E+0	0.00000000E+0
3.93066406E-1	1.94798999E-9	1.94798999E-9	3.93066406E-1	0.00000000E+0	0.00000000E+0
3.90625000E-1	1.96114991E-9	1.96114991E-9	3.90625000E-1	0.00000000E+0	0.00000000E+0
3.88183594E-1	1.93686001E-9	1.93686001E-9	3.88183594E-1	0.00000000E+0	0.00000000E+0
3.85742187E-1	1.94697991E-9	1.94697991E-9	3.85742187E-1	0.00000000E+0	0.00000000E+0
3.83300781E-1	1.91370009E-9	1.91370009E-9	3.83300781E-1	0.00000000E+0	0.00000000E+0
3.80859375E-1	1.92166993E-9	1.92166993E-9	3.80859375E-1	0.00000000E+0	0.00000000E+0
3.78417969E-1	1.89434002E-9	1.89434002E-9	3.78417969E-1	0.00000000E+0	0.00000000E+0
3.75976562E-1	1.90269001E-9	1.90269001E-9	3.75976562E-1	0.00000000E+0	0.00000000E+0
3.73535156E-1	1.87536009E-9	1.87536009E-9	3.73535156E-1	0.00000000E+0	0.00000000E+0
3.71093750E-1	1.87991001E-9	1.87991001E-9	3.71093750E-1	0.00000000E+0	0.00000000E+0
3.68652344E-1	1.86017002E-9	1.86017002E-9	3.68652344E-1	0.00000000E+0	0.00000000E+0
3.66210937E-1	1.86117999E-9	1.86117999E-9	3.66210937E-1	0.00000000E+0	0.00000000E+0
3.63769531E-1	1.83777005E-9	1.83777005E-9	3.63769531E-1	0.00000000E+0	0.00000000E+0
3.61328125E-1	1.83436000E-9	1.83436000E-9	3.61328125E-1	0.00000000E+0	0.00000000E+0
3.58886719E-1	1.81954996E-9	1.81954996E-9	3.58886719E-1	0.00000000E+0	0.00000000E+0
3.56445312E-1	1.81954996E-9	1.81954996E-9	3.56445312E-1	0.00000000E+0	0.00000000E+0
3.54003906E-1	1.79639004E-9	1.79639004E-9	3.54003906E-1	0.00000000E+0	0.00000000E+0
3.51562500E-1	1.79184001E-9	1.79184001E-9	3.51562500E-1	0.00000000E+0	0.00000000E+0
3.49121094E-1	1.77665005E-9	1.77665005E-9	3.49121094E-1	0.00000000E+0	0.00000000E+0
3.46679687E-1	1.76703996E-9	1.76703996E-9	3.46679687E-1	0.00000000E+0	0.00000000E+0
3.44238281E-1	1.75260995E-9	1.75260995E-9	3.44238281E-1	0.00000000E+0	0.00000000E+0
3.41796875E-1	1.74324999E-9	1.74324999E-9	3.41796875E-1	0.00000000E+0	0.00000000E+0
3.39355469E-1	1.73134995E-9	1.73134995E-9	3.39355469E-1	0.00000000E+0	0.00000000E+0
3.36914062E-1	1.72426995E-9	1.72426995E-9	3.36914062E-1	0.00000000E+0	0.00000000E+0
3.34472656E-1	1.71085002E-9	1.71085002E-9	3.34472656E-1	0.00000000E+0	0.00000000E+0
3.32031250E-1	1.69313996E-9	1.69313996E-9	3.32031250E-1	0.00000000E+0	0.00000000E+0
3.29589844E-1	1.68326997E-9	1.68326997E-9	3.29589844E-1	0.00000000E+0	0.00000000E+0
3.27148437E-1	1.67264003E-9	1.67264003E-9	3.27148437E-1	0.00000000E+0	0.00000000E+0
3.24707031E-1	1.66580005E-9	1.66580005E-9	3.24707031E-1	0.00000000E+0	0.00000000E+0
3.22265625E-1	1.64834002E-9	1.64834002E-9	3.22265625E-1	0.00000000E+0	0.00000000E+0
3.19824219E-1	1.63999003E-9	1.63999003E-9	3.19824219E-1	0.00000000E+0	0.00000000E+0
3.17382812E-1	1.62479996E-9	1.62479996E-9	3.17382812E-1	0.00000000E+0	0.00000000E+0
3.14941406E-1	1.61796998E-9	1.61796998E-9	3.14941406E-1	0.00000000E+0	0.00000000E+0
3.12500000E-1	1.60050995E-9	1.60050995E-9	3.12500000E-1	0.00000000E+0	0.00000000E+0
3.10058594E-1	1.59469005E-9	1.59469005E-9	3.10058594E-1	0.00000000E+0	0.00000000E+0
3.07617187E-1	1.57240998E-9	1.57240998E-9	3.07617187E-1	0.00000000E+0	0.00000000E+0
3.05175781E-1	1.56583002E-9	1.56583002E-9	3.05175781E-1	0.00000000E+0	0.00000000E+0
3.02734375E-1	1.54963997E-9	1.54963997E-9	3.02734375E-1	0.00000000E+0	0.00000000E+0
3.00292969E-1	1.54659996E-9	1.54659996E-9	3.00292969E-1	0.00000000E+0	0.00000000E+0
2.97851562E-1	1.52585000E-9	1.52585000E-9	2.97851562E-1	0.00000000E+0	0.00000000E+0
2.95410156E-1	1.52229995E-9	1.52229995E-9	2.95410156E-1	0.00000000E+0	0.00000000E+0
2.92968750E-1	1.50180002E-9	1.50180002E-9	2.92968750E-1	0.00000000E+0	0.00000000E+0
2.90527344E-1	1.49850998E-9	1.49850998E-9	2.90527344E-1	0.00000000E+0	0.00000000E+0
2.88085937E-1	1.47928003E-9	1.47928003E-9	2.88085937E-1	0.00000000E+0	0.00000000E+0
2.85644531E-1	1.47599000E-9	1.47599000E-9	2.85644531E-1	0.00000000E+0	0.00000000E+0
2.83203125E-1	1.45016998E-9	1.45016998E-9	2.83203125E-1	0.00000000E+0	0.00000000E+0
2.80761719E-1	1.44942003E-9	1.44942003E-9	2.80761719E-1	0.00000000E+0	0.00000000E+0
2.78320312E-1	1.42739998E-9	1.42739998E-9	2.78320312E-1	0.00000000E+0	0.00000000E+0
2.75878906E-1	1.43069001E-9	1.43069001E-9	2.75878906E-1	0.00000000E+0	0.00000000E+0
2.73437500E-1	1.40556999E-9	1.40556999E-9	2.73437500E-1	0.00000000E+0	0.00000000E+0
2.70996094E-1	1.40005996E-9	1.40005996E-9	2.70996094E-1	0.00000000E+0	0.00000000E+0
2.68554687E-1	1.38123002E-9	1.38123002E-9	2.68554687E-1	0.00000000E+0	0.00000000E+0
2.66113281E-1	1.37805001E-9	1.37805001E-9	2.66113281E-1	0.00000000E+0	0.00000000E+0
2.63671875E-1	1.35679001E-9	1.35679001E-9	2.63671875E-1	0.00000000E+0	0.00000000E+0
2.61230469E-1	1.35450995E-9	1.35450995E-9	2.61230469E-1	0.00000000E+0	0.00000000E+0
2.58789062E-1	1.33856004E-9	1.33856004E-9	2.58789062E-1	0.00000000E+0	0.00000000E+0
2.56347656E-1	1.33983002E-9	1.33983002E-9	2.56347656E-1	0.00000000E+0	0.00000000E+0
2.53906250E-1	1.31760003E-9	1.31760003E-9	2.53906250E-1	0.00000000E+0	0.00000000E+0
2.51464844E-1	1.31190003E-9	1.31190003E-9	2.51464844E-1	0.00000000E+0	0.00000000E+0
2.49023437E-1	1.29753996E-9	1.29753996E-9	2.49023437E-1	0.00000000E+0	0.00000000E+0
2.46582031E-1	1.29676003E-9	1.29676003E-9	2.46582031E-1	0.00000000E+0	0.00000000E+0
2.44140625E-1	1.27754995E-9	1.27754995E-9	2.44140625E-1	0.00000000E+0	0.00000000E+0
2.41699219E-1	1.27810995E-9	1.27810995E-9	2.41699219E-1	0.00000000E+0	0.00000000E+0
2.39257812E-1	1.25610000E-9	1.25610000E-9	2.39257812E-1	0.00000000E+0	0.00000000E+0
2.36816406E-1	1.26354005E-9	1.26354005E-9	2.36816406E-1	0.00000000E+0	0.00000000E+0
2.34375000E-1	1.24017996E-9	1.24017996E-9	2.34375000E-1	0.00000000E+0	0.00000000E+0
2.31933594E-1	1.23462995E-9	1.23462995E-9	2.31933594E-1	0.00000000E+0	0.00000000E+0
2.29492187E-1	1.21568000E-9	1.21568000E-9	2.29492187E-1	0.00000000E+0	0.00000000E+0
2.27050781E-1	1.22262001E-9	1.22262001E-9	2.27050781E-1	0.00000000E+0	0.00000000E+0
2.24609375E-1	1.20765997E-9	1.20765997E-9	2.24609375E-1	0.00000000E+0	0.00000000E+0
2.22167969E-1	1.20347998E-9	1.20347998E-9	2.22167969E-1	0.00000000E+0	0.00000000E+0
2.19726562E-1	1.18528998E-9	1.18528998E-9	2.19726562E-1	0.00000000E+0	0.00000000E+0
2.17285156E-1	1.18686005E-9	1.18686005E-9	2.17285156E-1	0.00000000E+0	0.00000000E+0
2.14843750E-1	1.17084997E-9	1.17084997E-9	2.14843750E-1	0.00000000E+0	0.00000000E+0
2.12402344E-1	1.16438004E-9	1.16438004E-9	2.12402344E-1	0.00000000E+0	0.00000000E+0
2.09960937E-1	1.15085996E-9	1.15085996E-9	2.09960937E-1	0.00000000E+0	0.00000000E+0
2.07519531E-1	1.15380006E-9	1.15380006E-9	2.07519531E-1	0.00000000E+0	0.00000000E+0
2.05078125E-1	1.13962995E-9	1.13962995E-9	2.05078125E-1	0.00000000E+0	0.00000000E+0
2.02636719E-1	1.13021004E-9	1.13021004E-9	2.02636719E-1	0.00000000E+0	0.00000000E+0
2.00195312E-1	1.11335996E-9	1.11335996E-9	2.00195312E-1	0.00000000E+0	0.00000000E+0
1.97753906E-1	1.11222997E-9	1.11222997E-9	1.97753906E-1	0.00000000E+0	0.00000000E+0
1.95312500E-1	1.10556997E-9	1.10556997E-9	1.95312500E-1	0.00000000E+0	0.00000000E+0
1.92871094E-1	1.08815001E-9	1.08815001E-9	1.92871094E-1	0.00000000E+0	0.00000000E+0
1.90429687E-1	1.08769005E-9	1.08769005E-9	1.90429687E-1	0.00000000E+0	0.00000000E+0
1.87988281E-1	1.07761999E-9	1.07761999E-9	1.87988281E-1	0.00000000E+0	0.00000000E+0
1.85546875E-1	1.07094000E-9	1.07094000E-9	1.85546875E-1	0.00000000E+0	0.00000000E+0
1.83105469E-1	1.06161002E-9	1.06161002E-9	1.83105469E-1	0.00000000E+0	0.00000000E+0
1.80664062E-1	1.05900999E-9	1.05900999E-9	1.80664062E-1	0.00000000E+0	0.00000000E+0
1.78222656E-1	1.04807996E-9	1.04807996E-9	1.78222656E-1	0.00000000E+0	0.00000000E+0
1.75781250E-1	1.05141995E-9	1.05141995E-9	1.75781250E-1	0.00000000E+0	0.00000000E+0
1.73339844E-1	1.03092002E-9	1.03092002E-9	1.73339844E-1	0.00000000E+0	0.00000000E+0
1.70898437E-1	1.03338005E-9	1.03338005E-9	1.70898437E-1	0.00000000E+0	0.00000000E+0
1.68457031E-1	1.01756004E-9	1.01756004E-9	1.68457031E-1	0.00000000E+0	0.00000000E+0
1.66015625E-1	1.02372000E-9	1.02372000E-9	1.66015625E-1	0.00000000E+0	0.00000000E+0
1.63574219E-1	1.00101005E-9	1.00101005E-9	1.63574219E-1	0.00000000E+0	0.00000000E+0
1.61132812E-1	1.00951003E-9	1.00951003E-9	1.61132812E-1	0.00000000E+0	0.00000000E+0
1.58691406E-1	9.92465998E-10	9.92465998E-10	1.58691406E-1	0.00000000E+0	0.00000000E+0
1.56250000E-1	9.95607041E-10	9.95607041E-10	1.56250000E-1	0.00000000E+0	0.00000000E+0
1.53808594E-1	9.63393032E-10	9.63393032E-10	1.53808594E-1	0.00000000E+0	0.00000000E+0
1.51367187E-1	9.76072001E-10	9.76072001E-10	1.51367187E-1	0.00000000E+0	0.00000000E+0
1.48925781E-1	9.52017021E-10	9.52017021E-10	1.48925781E-1	0.00000000E+0	0.00000000E+0
1.46484375E-1	9.68156000E-10	9.68156000E-10	1.46484375E-1	0.00000000E+0	0.00000000E+0
1.44042969E-1	9.35545974E-10	9.35545974E-10	1.44042969E-1	0.00000000E+0	0.00000000E+0
1.41601562E-1	9.48990997E-10	9.48990997E-10	1.41601562E-1	0.00000000E+0	0.00000000E+0
1.39160156E-1	9.23825016E-10	9.23825016E-10	1.39160156E-1	0.00000000E+0	0.00000000E+0
1.36718750E-1	9.39913036E-10	9.39913036E-10	1.36718750E-1	0.00000000E+0	0.00000000E+0
1.34277344E-1	9.02374009E-10	9.02374009E-10	1.34277344E-1	0.00000000E+0	0.00000000E+0
1.31835937E-1	9.19559984E-10	9.19559984E-10	1.31835937E-1	0.00000000E+0	0.00000000E+0
1.29394531E-1	8.95365004E-10	8.95365004E-10	1.29394531E-1	0.00000000E+0	0.00000000E+0
1.26953125E-1	9.13252973E-10	9.13252973E-10	1.26953125E-1	0.00000000E+0	0.00000000E+0
1.24511719E-1	8.86593021E-10	8.86593021E-10	1.24511719E-1	0.00000000E+0	0.00000000E+0
1.22070312E-1	9.12179998E-10	9.12179998E-10	1.22070312E-1	0.00000000E+0	0.00000000E+0
1.19628906E-1	8.86133000E-10	8.86133000E-10	1.19628906E-1	0.00000000E+0	0.00000000E+0
1.17187500E-1	9.09039011E-10	9.09039011E-10	1.17187500E-1	0.00000000E+0	0.00000000E+0
1.14746094E-1	8.70773009E-10	8.70773009E-10	1.14746094E-1	0.00000000E+0	0.00000000E+0
1.12304687E-1	9.00458985E-10	9.00458985E-10	1.12304687E-1	0.00000000E+0	0.00000000E+0
1.09863281E-1	8.67715011E-10	8.67715011E-10	1.09863281E-1	0.00000000E+0	0.00000000E+0
1.07421875E-1	8.92682983E-10	8.92682983E-10	1.07421875E-1	0.00000000E+0	0.00000000E+0
1.04980469E-1	8.61389016E-10	8.61389016E-10	1.04980469E-1	0.00000000E+0	0.00000000E+0
1.02539062E-1	8.86593021E-10	8.86593021E-10	1.02539062E-1	0.00000000E+0	0.00000000E+0
1.00097656E-1	8.51659021E-10	8.51659021E-10	1.00097656E-1	0.00000000E+0	0.00000000E+0
9.76562500E-2	8.79238016E-10	8.79238016E-10	9.76562500E-2	0.00000000E+0	0.00000000E+0
9.52148438E-2	8.31396008E-10	8.31396008E-10	9.52148438E-2	0.00000000E+0	0.00000000E+0
9.27734375E-2	8.44458004E-10	8.44458004E-10	9.27734375E-2	0.00000000E+0	0.00000000E+0
9.03320313E-2	7.84856014E-10	7.84856014E-10	9.03320313E-2	0.00000000E+0	0.00000000E+0
8.78906250E-2	7.63635988E-10	7.63635988E-10	8.78906250E-2	0.00000000E+0	0.00000000E+0
8.54492188E-2	6.45812015E-10	6.45812015E-10	8.54492188E-2	0.00000000E+0	0.00000000E+0
8.30078125E-2	5.69969016E-10	5.69969016E-10	8.30078125E-2	0.00000000E+0	0.00000000E+0
8.05664063E-2	3.42861989E-10	3.42861989E-10	8.05664063E-2	0.00000000E+0	0.00000000E+0
7.81250000E-2	1.77794002E-10	1.77794002E-10	7.81250000E-2	0.00000000E+0	0.00000000E+0
7.56835938E-2	1.52528004E-10	1.52528004E-10	7.56835938E-2	0.00000000E+0	0.00000000E+0
7.32421875E-2	1.39657994E-10	1.39657994E-10	7.32421875E-2	0.00000000E+0	0.00000000E+0
7.08007813E-2	1.29316002E-10	1.29316002E-10	7.08007813E-2	0.00000000E+0	0.00000000E+0
6.83593750E-2	1.21041996E-10	1.21041996E-10	6.83593750E-2	0.00000000E+0	0.00000000E+0
6.59179688E-2	1.15985999E-10	1.15985999E-10	6.59179688E-2	0.00000000E+0	0.00000000E+0
6.34765625E-2	1.06255997E-10	1.06255997E-10	6.34765625E-2	0.00000000E+0	0.00000000E+0
6.10351563E-2	9.95760002E-11	9.95760002E-11	6.10351563E-2	0.00000000E+0	0.00000000E+0
5.85937500E-2	9.02451031E-11	9.02451031E-11	5.85937500E-2	0.00000000E+0	0.00000000E+0
5.61523438E-2	8.89427004E-11	8.89427004E-11	5.61523438E-2	0.00000000E+0	0.00000000E+0
5.37109375E-2	7.99411995E-11	7.99411995E-11	5.37109375E-2	0.00000000E+0	0.00000000E+0
5.12695313E-2	7.65167998E-11	7.65167998E-11	5.12695313E-2	0.00000000E+0	0.00000000E+0
4.88281250E-2	6.56536978E-11	6.56536978E-11	4.88281250E-2	0.00000000E+0	0.00000000E+0
4.63867188E-2	6.55005009E-11	6.55005009E-11	4.63867188E-2	0.00000000E+0	0.00000000E+0
4.39453125E-2	5.39981983E-11	5.39981983E-11	4.39453125E-2	0.00000000E+0	0.00000000E+0
4.15039063E-2	5.27195995E-11	5.27195995E-11	4.15039063E-2	0.00000000E+0	0.00000000E+0
3.90625000E-2	4.15767004E-11	4.15767004E-11	3.90625000E-2	0.00000000E+0	0.00000000E+0
3.66210938E-2	4.70378007E-11	4.70378007E-11	3.66210938E-2	0.00000000E+0	0.00000000E+0
3.41796875E-2	3.35546001E-11	3.35546001E-11	3.41796875E-2	0.00000000E+0	0.00000000E+0
3.17382813E-2	3.35546001E-11	3.35546001E-11	3.17382813E-2	0.00000000E+0	0.00000000E+0
2.92968750E-2	2.08156999E-11	2.08156999E-11	2.92968750E-2	0.00000000E+0	0.00000000E+0
2.68554688E-2	2.40806992E-11	2.40806992E-11	2.68554688E-2	0.00000000E+0	0.00000000E+0
2.44140625E-2	1.28511004E-11	1.28511004E-11	2.44140625E-2	0.00000000E+0	0.00000000E+0
2.19726563E-2	1.14530000E-11	1.14530000E-11	2.19726563E-2	0.00000000E+0	0.00000000E+0
1.95312500E-2	7.91623982E-13	7.91623982E-13	1.95312500E-2	0.00000000E+0	0.00000000E+0
1.70898438E-2	5.68437008E-12	5.68437008E-12	1.70898438E-2	0.00000000E+0	0.00000000E+0
1.46484375E-2	-5.05617987E-12	-5.05617987E-12	1.46484375E-2	0.00000000E+0	0.00000000E+0
1.22070313E-2	-2.91113010E-12	-2.91113010E-12	1.22070313E-2	0.00000000E+0	0.00000000E+0
9.76562500E-3	-1.50919000E-11	-1.50919000E-11	9.76562500E-3	0.00000000E+0	0.00000000E+0
7.32421875E-3	-7.45978019E-12	-7.45978019E-12	7.32421875E-3	0.00000000E+0	0.00000000E+0
4.88281250E-3	-1.74230005E-11	-1.74230005E-11	4.88281250E-3	0.00000000E+0	0.00000000E+0
2.44140625E-3	-1.17210998E-11	-1.17210998E-11	2.44140625E-3	0.00000000E+0	0.00000000E+0
0.00000000E+0	-2.13482999E-11	-2.13482999E-11	0.00000000E+0	0.00000000E+0	0.00000000E+0
-2.44140625E-3	-7.60979994E-12	-7.60979994E-12	-2.44140625E-3	0.00000000E+0	0.00000000E+0
-4.88281250E-3	-2.16036997E-11	-2.16036997E-11	-4.88281250E-3	0.00000000E+0	0.00000000E+0
-7.32421875E-3	-1.69305004E-11	-1.69305004E-11	-7.32421875E-3	0.00000000E+0	0.00000000E+0
-9.76562500E-3	-2.95709984E-11	-2.95709984E-11	-9.76562500E-3	0.00000000E+0	0.00000000E+0
-1.22070313E-2	-2.41010996E-11	-2.41010996E-11	-1.22070313E-2	0.00000000E+0	0.00000000E+0
-1.46484375E-2	-3.60061009E-11	-3.60061009E-11	-1.46484375E-2	0.00000000E+0	0.00000000E+0
-1.70898438E-2	-3.47804008E-11	-3.47804008E-11	-1.70898438E-2	0.00000000E+0	0.00000000E+0
-1.95312500E-2	-4.82635008E-11	-4.82635008E-11	-1.95312500E-2	0.00000000E+0	0.00000000E+0
-2.19726563E-2	-4.31052000E-11	-4.31052000E-11	-2.19726563E-2	0.00000000E+0	0.00000000E+0
-2.44140625E-2	-5.69969003E-11	-5.69969003E-11	-2.44140625E-2	0.00000000E+0	0.00000000E+0
-2.68554688E-2	-5.46111004E-11	-5.46111004E-11	-2.68554688E-2	0.00000000E+0	0.00000000E+0
-2.92968750E-2	-6.99438008E-11	-6.99438008E-11	-2.92968750E-2	0.00000000E+0	0.00000000E+0
-3.17382813E-2	-6.56689980E-11	-6.56689980E-11	-3.17382813E-2	0.00000000E+0	0.00000000E+0
-3.41796875E-2	-8.20096976E-11	-8.20096976E-11	-3.41796875E-2	0.00000000E+0	0.00000000E+0
-3.66210938E-2	-8.02668002E-11	-8.02668002E-11	-3.66210938E-2	0.00000000E+0	0.00000000E+0
-3.90625000E-2	-9.48875978E-11	-9.48875978E-11	-3.90625000E-2	0.00000000E+0	0.00000000E+0
-4.15039063E-2	-8.82302981E-11	-8.82302981E-11	-4.15039063E-2	0.00000000E+0	0.00000000E+0
-4.39453125E-2	-1.06920001E-10	-1.06920001E-10	-4.39453125E-2	0.00000000E+0	0.00000000E+0
-4.63867188E-2	-1.05872998E-10	-1.05872998E-10	-4.63867188E-2	0.00000000E+0	0.00000000E+0
-4.88281250E-2	-1.20019994E-10	-1.20019994E-10	-4.88281250E-2	0.00000000E+0	0.00000000E+0
-5.12695313E-2	-1.17824001E-10	-1.17824001E-10	-5.12695313E-2	0.00000000E+0	0.00000000E+0
-5.37109375E-2	-1.35061004E-10	-1.35061004E-10	-5.37109375E-2	0.00000000E+0	0.00000000E+0
-5.61523438E-2	-1.33912006E-10	-1.33912006E-10	-5.61523438E-2	0.00000000E+0	0.00000000E+0
-5.85937500E-2	-1.50638002E-10	-1.50638002E-10	-5.85937500E-2	0.00000000E+0	0.00000000E+0
-6.10351563E-2	-1.49846996E-10	-1.49846996E-10	-6.10351563E-2	0.00000000E+0	0.00000000E+0
-6.34765625E-2	-1.67210995E-10	-1.67210995E-10	-6.34765625E-2	0.00000000E+0	0.00000000E+0
-6.59179688E-2	-1.67466999E-10	-1.67466999E-10	-6.59179688E-2	0.00000000E+0	0.00000000E+0
-6.83593750E-2	-1.86159005E-10	-1.86159005E-10	-6.83593750E-2	0.00000000E+0	0.00000000E+0
-7.08007813E-2	-1.86159005E-10	-1.86159005E-10	-7.08007813E-2	0.00000000E+0	0.00000000E+0
-7.32421875E-2	-2.06153997E-10	-2.06153997E-10	-7.32421875E-2	0.00000000E+0	0.00000000E+0
-7.56835938E-2	-2.10189005E-10	-2.10189005E-10	-7.56835938E-2	0.00000000E+0	0.00000000E+0
-7.81250000E-2	-2.31167002E-10	-2.31167002E-10	-7.81250000E-2	0.00000000E+0	0.00000000E+0
-8.05664063E-2	-2.32967007E-10	-2.32967007E-10	-8.05664063E-2	0.00000000E+0	0.00000000E+0
-8.30078125E-2	-2.56690003E-10	-2.56690003E-10	-8.30078125E-2	0.00000000E+0	0.00000000E+0
-8.54492188E-2	-2.68590011E-10	-2.68590011E-10	-8.54492188E-2	0.00000000E+0	0.00000000E+0
-8.78906250E-2	-3.17083998E-10	-3.17083998E-10	-8.78906250E-2	0.00000000E+0	0.00000000E+0
-9.03320313E-2	-8.02419020E-10	-8.02419020E-10	-9.03320313E-2	0.00000000E+0	0.00000000E+0
-9.27734375E-2	-9.63278013E-10	-9.63278013E-10	-9.27734375E-2	0.00000000E+0	0.00000000E+0
-9.52148438E-2	-9.34580968E-10	-9.34580968E-10	-9.52148438E-2	0.00000000E+0	0.00000000E+0
-9.76562500E-2	-9.17849019E-10	-9.17849019E-10	-9.76562500E-2	0.00000000E+0	0.00000000E+0
-1.00097656E-1	-9.15512999E-10	-9.15512999E-10	-1.00097656E-1	0.00000000E+0	0.00000000E+0
-1.02539062E-1	-9.05514996E-10	-9.05514996E-10	-1.02539062E-1	0.00000000E+0	0.00000000E+0
-1.04980469E-1	-9.02833974E-10	-9.02833974E-10	-1.04980469E-1	0.00000000E+0	0.00000000E+0
-1.07421875E-1	-8.99692987E-10	-8.99692987E-10	-1.07421875E-1	0.00000000E+0	0.00000000E+0
-1.09863281E-1	-9.07276976E-10	-9.07276976E-10	-1.09863281E-1	0.00000000E+0	0.00000000E+0
-1.12304687E-1	-9.05055975E-10	-9.05055975E-10	-1.12304687E-1	0.00000000E+0	0.00000000E+0
-1.14746094E-1	-9.08886022E-10	-9.08886022E-10	-1.14746094E-1	0.00000000E+0	0.00000000E+0
-1.17187500E-1	-9.11643983E-10	-9.11643983E-10	-1.17187500E-1	0.00000000E+0	0.00000000E+0
-1.19628906E-1	-9.13252973E-10	-9.13252973E-10	-1.19628906E-1	0.00000000E+0	0.00000000E+0
-1.22070312E-1	-9.22751986E-10	-9.22751986E-10	-1.22070312E-1	0.00000000E+0	0.00000000E+0
-1.24511719E-1	-9.28573995E-10	-9.28573995E-10	-1.24511719E-1	0.00000000E+0	0.00000000E+0
-1.26953125E-1	-9.36427047E-10	-9.36427047E-10	-1.26953125E-1	0.00000000E+0	0.00000000E+0
-1.29394531E-1	-9.41023037E-10	-9.41023037E-10	-1.29394531E-1	0.00000000E+0	0.00000000E+0
-1.31835937E-1	-9.52935952E-10	-9.52935952E-10	-1.31835937E-1	0.00000000E+0	0.00000000E+0
-1.34277344E-1	-9.56382973E-10	-9.56382973E-10	-1.34277344E-1	0.00000000E+0	0.00000000E+0
-1.36718750E-1	-9.71450032E-10	-9.71450032E-10	-1.36718750E-1	0.00000000E+0	0.00000000E+0
-1.39160156E-1	-9.75688974E-10	-9.75688974E-10	-1.39160156E-1	0.00000000E+0	0.00000000E+0
-1.41601562E-1	-9.85673987E-10	-9.85673987E-10	-1.41601562E-1	0.00000000E+0	0.00000000E+0
-1.44042969E-1	-9.94840987E-10	-9.94840987E-10	-1.44042969E-1	0.00000000E+0	0.00000000E+0
-1.46484375E-1	-1.00465003E-9	-1.00465003E-9	-1.46484375E-1	0.00000000E+0	0.00000000E+0
-1.48925781E-1	-1.01606001E-9	-1.01606001E-9	-1.48925781E-1	0.00000000E+0	0.00000000E+0
-1.51367187E-1	-1.02840003E-9	-1.02840003E-9	-1.51367187E-1	0.00000000E+0	0.00000000E+0
-1.53808594E-1	-1.03051001E-9	-1.03051001E-9	-1.53808594E-1	0.00000000E+0	0.00000000E+0
-1.56250000E-1	-1.04733999E-9	-1.04733999E-9	-1.56250000E-1	0.00000000E+0	0.00000000E+0
-1.58691406E-1	-1.04665998E-9	-1.04665998E-9	-1.58691406E-1	0.00000000E+0	0.00000000E+0
-1.61132812E-1	-1.06707998E-9	-1.06707998E-9	-1.61132812E-1	0.00000000E+0	0.00000000E+0
-1.63574219E-1	-1.07765996E-9	-1.07765996E-9	-1.63574219E-1	0.00000000E+0	0.00000000E+0
-1.66015625E-1	-1.09053000E-9	-1.09053000E-9	-1.66015625E-1	0.00000000E+0	0.00000000E+0
-1.68457031E-1	-1.10030995E-9	-1.10030995E-9	-1.68457031E-1	0.00000000E+0	0.00000000E+0
-1.70898437E-1	-1.11124998E-9	-1.11124998E-9	-1.70898437E-1	0.00000000E+0	0.00000000E+0
-1.73339844E-1	-1.12334997E-9	-1.12334997E-9	-1.73339844E-1	0.00000000E+0	0.00000000E+0
-1.75781250E-1	-1.13748999E-9	-1.13748999E-9	-1.75781250E-1	0.00000000E+0	0.00000000E+0
-1.78222656E-1	-1.14487997E-9	-1.14487997E-9	-1.78222656E-1	0.00000000E+0	0.00000000E+0
-1.80664062E-1	-1.16353005E-9	-1.16353005E-9	-1.80664062E-1	0.00000000E+0	0.00000000E+0
-1.83105469E-1	-1.17089005E-9	-1.17089005E-9	-1.83105469E-1	0.00000000E+0	0.00000000E+0
-1.85546875E-1	-1.18750998E-9	-1.18750998E-9	-1.85546875E-1	0.00000000E+0	0.00000000E+0
-1.87988281E-1	-1.19206001E-9	-1.19206001E-9	-1.87988281E-1	0.00000000E+0	0.00000000E+0
-1.90429687E-1	-1.21026000E-9	-1.21026000E-9	-1.90429687E-1	0.00000000E+0	0.00000000E+0
-1.92871094E-1	-1.21689003E-9	-1.21689003E-9	-1.92871094E-1	0.00000000E+0	0.00000000E+0
-1.95312500E-1	-1.23095001E-9	-1.23095001E-9	-1.95312500E-1	0.00000000E+0	0.00000000E+0
-1.97753906E-1	-1.23646005E-9	-1.23646005E-9	-1.97753906E-1	0.00000000E+0	0.00000000E+0
-2.00195312E-1	-1.25707000E-9	-1.25707000E-9	-2.00195312E-1	0.00000000E+0	0.00000000E+0
-2.02636719E-1	-1.26181998E-9	-1.26181998E-9	-2.02636719E-1	0.00000000E+0	0.00000000E+0
-2.05078125E-1	-1.28223998E-9	-1.28223998E-9	-2.05078125E-1	0.00000000E+0	0.00000000E+0
-2.07519531E-1	-1.28699995E-9	-1.28699995E-9	-2.07519531E-1	0.00000000E+0	0.00000000E+0
-2.09960937E-1	-1.30886002E-9	-1.30886002E-9	-2.09960937E-1	0.00000000E+0	0.00000000E+0
-2.12402344E-1	-1.31350997E-9	-1.31350997E-9	-2.12402344E-1	0.00000000E+0	0.00000000E+0
-2.14843750E-1	-1.33553002E-9	-1.33553002E-9	-2.14843750E-1	0.00000000E+0	0.00000000E+0
-2.17285156E-1	-1.33553002E-9	-1.33553002E-9	-2.17285156E-1	0.00000000E+0	0.00000000E+0
-2.19726562E-1	-1.35800005E-9	-1.35800005E-9	-2.19726562E-1	0.00000000E+0	0.00000000E+0
-2.22167969E-1	-1.35800005E-9	-1.35800005E-9	-2.22167969E-1	0.00000000E+0	0.00000000E+0
-2.24609375E-1	-1.38392997E-9	-1.38392997E-9	-2.24609375E-1	0.00000000E+0	0.00000000E+0
-2.27050781E-1	-1.38716005E-9	-1.38716005E-9	-2.27050781E-1	0.00000000E+0	0.00000000E+0
-2.29492187E-1	-1.40917000E-9	-1.40917000E-9	-2.29492187E-1	0.00000000E+0	0.00000000E+0
-2.31933594E-1	-1.40822998E-9	-1.40822998E-9	-2.31933594E-1	0.00000000E+0	0.00000000E+0
-2.34375000E-1	-1.43447998E-9	-1.43447998E-9	-2.34375000E-1	0.00000000E+0	0.00000000E+0
-2.36816406E-1	-1.43270995E-9	-1.43270995E-9	-2.36816406E-1	0.00000000E+0	0.00000000E+0
-2.39257812E-1	-1.45625001E-9	-1.45625001E-9	-2.39257812E-1	0.00000000E+0	0.00000000E+0
-2.41699219E-1	-1.46106005E-9	-1.46106005E-9	-2.41699219E-1	0.00000000E+0	0.00000000E+0
-2.44140625E-1	-1.48585999E-9	-1.48585999E-9	-2.44140625E-1	0.00000000E+0	0.00000000E+0
-2.46582031E-1	-1.49345003E-9	-1.49345003E-9	-2.46582031E-1	0.00000000E+0	0.00000000E+0
-2.49023437E-1	-1.51319002E-9	-1.51319002E-9	-2.49023437E-1	0.00000000E+0	0.00000000E+0
-2.51464844E-1	-1.51680002E-9	-1.51680002E-9	-2.51464844E-1	0.00000000E+0	0.00000000E+0
-2.53906250E-1	-1.53976998E-9	-1.53976998E-9	-2.53906250E-1	0.00000000E+0	0.00000000E+0
-2.56347656E-1	-1.54507995E-9	-1.54507995E-9	-2.56347656E-1	0.00000000E+0	0.00000000E+0
-2.58789062E-1	-1.56748003E-9	-1.56748003E-9	-2.58789062E-1	0.00000000E+0	0.00000000E+0
-2.61230469E-1	-1.57240998E-9	-1.57240998E-9	-2.61230469E-1	0.00000000E+0	0.00000000E+0
-2.63671875E-1	-1.59063995E-9	-1.59063995E-9	-2.63671875E-1	0.00000000E+0	0.00000000E+0
-2.66113281E-1	-1.59771996E-9	-1.59771996E-9	-2.66113281E-1	0.00000000E+0	0.00000000E+0
-2.68554687E-1	-1.61492997E-9	-1.61492997E-9	-2.68554687E-1	0.00000000E+0	0.00000000E+0
-2.70996094E-1	-1.62404001E-9	-1.62404001E-9	-2.70996094E-1	0.00000000E+0	0.00000000E+0
-2.73437500E-1	-1.64720004E-9	-1.64720004E-9	-2.73437500E-1	0.00000000E+0	0.00000000E+0
-2.75878906E-1	-1.65239000E-9	-1.65239000E-9	-2.75878906E-1	0.00000000E+0	0.00000000E+0
-2.78320312E-1	-1.67035996E-9	-1.67035996E-9	-2.78320312E-1	0.00000000E+0	0.00000000E+0
-2.80761719E-1	-1.68251002E-9	-1.68251002E-9	-2.80761719E-1	0.00000000E+0	0.00000000E+0
-2.83203125E-1	-1.69578995E-9	-1.69578995E-9	-2.83203125E-1	0.00000000E+0	0.00000000E+0
-2.85644531E-1	-1.70554004E-9	-1.70554004E-9	-2.85644531E-1	0.00000000E+0	0.00000000E+0
-2.88085937E-1	-1.72123005E-9	-1.72123005E-9	-2.88085937E-1	0.00000000E+0	0.00000000E+0
-2.90527344E-1	-1.73489001E-9	-1.73489001E-9	-2.90527344E-1	0.00000000E+0	0.00000000E+0
-2.92968750E-1	-1.74654002E-9	-1.74654002E-9	-2.92968750E-1	0.00000000E+0	0.00000000E+0
-2.95410156E-1	-1.75818005E-9	-1.75818005E-9	-2.95410156E-1	0.00000000E+0	0.00000000E+0
-2.97851562E-1	-1.77563997E-9	-1.77563997E-9	-2.97851562E-1	0.00000000E+0	0.00000000E+0
-3.00292969E-1	-1.78449999E-9	-1.78449999E-9	-3.00292969E-1	0.00000000E+0	0.00000000E+0
-3.02734375E-1	-1.79791004E-9	-1.79791004E-9	-3.02734375E-1	0.00000000E+0	0.00000000E+0
-3.05175781E-1	-1.81360005E-9	-1.81360005E-9	-3.05175781E-1	0.00000000E+0	0.00000000E+0
-3.07617187E-1	-1.82827997E-9	-1.82827997E-9	-3.07617187E-1	0.00000000E+0	0.00000000E+0
-3.10058594E-1	-1.83941995E-9	-1.83941995E-9	-3.10058594E-1	0.00000000E+0	0.00000000E+0
-3.12500000E-1	-1.85940996E-9	-1.85940996E-9	-3.12500000E-1	0.00000000E+0	0.00000000E+0
-3.14941406E-1	-1.86826998E-9	-1.86826998E-9	-3.14941406E-1	0.00000000E+0	0.00000000E+0
-3.17382812E-1	-1.88496996E-9	-1.88496996E-9	-3.17382812E-1	0.00000000E+0	0.00000000E+0
-3.19824219E-1	-1.89610994E-9	-1.89610994E-9	-3.19824219E-1	0.00000000E+0	0.00000000E+0
-3.22265625E-1	-1.90799998E-9	-1.90799998E-9	-3.22265625E-1	0.00000000E+0	0.00000000E+0
-3.24707031E-1	-1.91964999E-9	-1.91964999E-9	-3.24707031E-1	0.00000000E+0	0.00000000E+0
-3.27148437E-1	-1.93280991E-9	-1.93280991E-9	-3.27148437E-1	0.00000000E+0	0.00000000E+0
-3.29589844E-1	-1.94900007E-9	-1.94900007E-9	-3.29589844E-1	0.00000000E+0	0.00000000E+0
-3.32031250E-1	-1.95963001E-9	-1.95963001E-9	-3.32031250E-1	0.00000000E+0	0.00000000E+0
-3.34472656E-1	-1.97760008E-9	-1.97760008E-9	-3.34472656E-1	0.00000000E+0	0.00000000E+0
-3.36914062E-1	-2.00113992E-9	-2.00113992E-9	-3.36914062E-1	0.00000000E+0	0.00000000E+0
-3.39355469E-1	-2.01658001E-9	-2.01658001E-9	-3.39355469E-1	0.00000000E+0	0.00000000E+0
-3.41796875E-1	-2.02493000E-9	-2.02493000E-9	-3.41796875E-1	0.00000000E+0	0.00000000E+0
-3.44238281E-1	-2.03480011E-9	-2.03480011E-9	-3.44238281E-1	0.00000000E+0	0.00000000E+0
-3.46679687E-1	-2.04594008E-9	-2.04594008E-9	-3.46679687E-1	0.00000000E+0	0.00000000E+0
-3.49121094E-1	-2.06023998E-9	-2.06023998E-9	-3.49121094E-1	0.00000000E+0	0.00000000E+0
-3.51562500E-1	-2.06821005E-9	-2.06821005E-9	-3.51562500E-1	0.00000000E+0	0.00000000E+0
-3.54003906E-1	-2.08567008E-9	-2.08567008E-9	-3.54003906E-1	0.00000000E+0	0.00000000E+0
-3.56445312E-1	-2.09781992E-9	-2.09781992E-9	-3.56445312E-1	0.00000000E+0	0.00000000E+0
-3.58886719E-1	-2.10996998E-9	-2.10996998E-9	-3.58886719E-1	0.00000000E+0	0.00000000E+0
-3.61328125E-1	-2.12211004E-9	-2.12211004E-9	-3.61328125E-1	0.00000000E+0	0.00000000E+0
-3.63769531E-1	-2.13097007E-9	-2.13097007E-9	-3.63769531E-1	0.00000000E+0	0.00000000E+0
-3.66210937E-1	-2.14489004E-9	-2.14489004E-9	-3.66210937E-1	0.00000000E+0	0.00000000E+0
-3.68652344E-1	-2.15247997E-9	-2.15247997E-9	-3.68652344E-1	0.00000000E+0	0.00000000E+0
-3.71093750E-1	-2.16690998E-9	-2.16690998E-9	-3.71093750E-1	0.00000000E+0	0.00000000E+0
-3.73535156E-1	-2.17602003E-9	-2.17602003E-9	-3.73535156E-1	0.00000000E+0	0.00000000E+0
-3.75976562E-1	-2.19121010E-9	-2.19121010E-9	-3.75976562E-1	0.00000000E+0	0.00000000E+0
-3.78417969E-1	-2.20107998E-9	-2.20107998E-9	-3.78417969E-1	0.00000000E+0	0.00000000E+0
-3.80859375E-1	-2.21499996E-9	-2.21499996E-9	-3.80859375E-1	0.00000000E+0	0.00000000E+0
-3.83300781E-1	-2.22119989E-9	-2.22119989E-9	-3.83300781E-1	0.00000000E+0	0.00000000E+0
-3.85742187E-1	-2.23447993E-9	-2.23447993E-9	-3.85742187E-1	0.00000000E+0	0.00000000E+0
-3.88183594E-1	-2.23600005E-9	-2.23600005E-9	-3.88183594E-1	0.00000000E+0	0.00000000E+0
-3.90625000E-1	-2.25347008E-9	-2.25347008E-9	-3.90625000E-1	0.00000000E+0	0.00000000E+0
-3.93066406E-1	-2.26106001E-9	-2.26106001E-9	-3.93066406E-1	0.00000000E+0	0.00000000E+0
-3.95507812E-1	-2.27889996E-9	-2.27889996E-9	-3.95507812E-1	0.00000000E+0	0.00000000E+0
-3.97949219E-1	-2.28610997E-9	-2.28610997E-9	-3.97949219E-1	0.00000000E+0	0.00000000E+0
-4.00390625E-1	-2.29724995E-9	-2.29724995E-9	-4.00390625E-1	0.00000000E+0	0.00000000E+0
-4.02832031E-1	-2.30584996E-9	-2.30584996E-9	-4.02832031E-1	0.00000000E+0	0.00000000E+0
-4.05273437E-1	-2.31951991E-9	-2.31951991E-9	-4.05273437E-1	0.00000000E+0	0.00000000E+0
-4.07714844E-1	-2.32255992E-9	-2.32255992E-9	-4.07714844E-1	0.00000000E+0	0.00000000E+0
-4.10156250E-1	-2.33319009E-9	-2.33319009E-9	-4.10156250E-1	0.00000000E+0	0.00000000E+0
-4.12597656E-1	-2.34458009E-9	-2.34458009E-9	-4.12597656E-1	0.00000000E+0	0.00000000E+0
-4.15039062E-1	-2.36052000E-9	-2.36052000E-9	-4.15039062E-1	0.00000000E+0	0.00000000E+0
-4.17480469E-1	-2.36318010E-9	-2.36318010E-9	-4.17480469E-1	0.00000000E+0	0.00000000E+0
-4.19921875E-1	-2.38025999E-9	-2.38025999E-9	-4.19921875E-1	0.00000000E+0	0.00000000E+0
-4.22363281E-1	-2.37721998E-9	-2.37721998E-9	-4.22363281E-1	0.00000000E+0	0.00000000E+0
-4.24804687E-1	-2.39545006E-9	-2.39545006E-9	-4.24804687E-1	0.00000000E+0	0.00000000E+0
-4.27246094E-1	-2.39695996E-9	-2.39695996E-9	-4.27246094E-1	0.00000000E+0	0.00000000E+0
-4.29687500E-1	-2.41062992E-9	-2.41062992E-9	-4.29687500E-1	0.00000000E+0	0.00000000E+0
-4.32128906E-1	-2.42164000E-9	-2.42164000E-9	-4.32128906E-1	0.00000000E+0	0.00000000E+0
-4.34570312E-1	-2.42783993E-9	-2.42783993E-9	-4.34570312E-1	0.00000000E+0	0.00000000E+0
-4.37011719E-1	-2.43340992E-9	-2.43340992E-9	-4.37011719E-1	0.00000000E+0	0.00000000E+0
-4.39453125E-1	-2.44896992E-9	-2.44896992E-9	-4.39453125E-1	0.00000000E+0	0.00000000E+0
-4.41894531E-1	-2.45010989E-9	-2.45010989E-9	-4.41894531E-1	0.00000000E+0	0.00000000E+0
-4.44335937E-1	-2.46225995E-9	-2.46225995E-9	-4.44335937E-1	0.00000000E+0	0.00000000E+0
-4.46777344E-1	-2.47327003E-9	-2.47327003E-9	-4.46777344E-1	0.00000000E+0	0.00000000E+0
-4.49218750E-1	-2.48124010E-9	-2.48124010E-9	-4.49218750E-1	0.00000000E+0	0.00000000E+0
-4.51660156E-1	-2.46832998E-9	-2.46832998E-9	-4.51660156E-1	0.00000000E+0	0.00000000E+0
-4.54101562E-1	-2.50554000E-9	-2.50554000E-9	-4.54101562E-1	0.00000000E+0	0.00000000E+0
-4.56542969E-1	-2.50933008E-9	-2.50933008E-9	-4.56542969E-1	0.00000000E+0	0.00000000E+0
-4.58984375E-1	-2.51945997E-9	-2.51945997E-9	-4.58984375E-1	0.00000000E+0	0.00000000E+0
-4.61425781E-1	-2.52755994E-9	-2.52755994E-9	-4.61425781E-1	0.00000000E+0	0.00000000E+0
-4.63867187E-1	-2.53439003E-9	-2.53439003E-9	-4.63867187E-1	0.00000000E+0	0.00000000E+0
-4.66308594E-1	-2.54121990E-9	-2.54121990E-9	-4.66308594E-1	0.00000000E+0	0.00000000E+0
-4.68750000E-1	-2.57045008E-9	-2.57045008E-9	-4.68750000E-1	0.00000000E+0	0.00000000E+0
-4.71191406E-1	-2.61791011E-9	-2.61791011E-9	-4.71191406E-1	0.00000000E+0	0.00000000E+0
-4.73632812E-1	-2.62626010E-9	-2.62626010E-9	-4.73632812E-1	0.00000000E+0	0.00000000E+0
-4.76074219E-1	-2.62626010E-9	-2.62626010E-9	-4.76074219E-1	0.00000000E+0	0.00000000E+0
-4.78515625E-1	-2.63689004E-9	-2.63689004E-9	-4.78515625E-1	0.00000000E+0	0.00000000E+0
-4.80957031E-1	-2.65663003E-9	-2.65663003E-9	-4.80957031E-1	0.00000000E+0	0.00000000E+0
-4.83398437E-1	-2.65435007E-9	-2.65435007E-9	-4.83398437E-1	0.00000000E+0	0.00000000E+0
-4.85839844E-1	-2.67788991E-9	-2.67788991E-9	-4.85839844E-1	0.00000000E+0	0.00000000E+0
-4.88281250E-1	-2.66878009E-9	-2.66878009E-9	-4.88281250E-1	0.00000000E+0	0.00000000E+0
-4.90722656E-1	-2.67181011E-9	-2.67181011E-9	-4.90722656E-1	0.00000000E+0	0.00000000E+0
-4.93164062E-1	-2.68270006E-9	-2.68270006E-9	-4.93164062E-1	0.00000000E+0	0.00000000E+0
-4.90722656E-1	-2.53211008E-9	-2.53211008E-9	-4.90722656E-1	0.00000000E+0	0.00000000E+0
-4.88281250E-1	-2.52300003E-9	-2.52300003E-9	-4.88281250E-1	0.00000000E+0	0.00000000E+0
-4.85839844E-1	-2.50933008E-9	-2.50933008E-9	-4.85839844E-1	0.00000000E+0	0.00000000E+0
-4.83398437E-1	-2.51084997E-9	-2.51084997E-9	-4.83398437E-1	0.00000000E+0	0.00000000E+0
-4.80957031E-1	-2.48832999E-9	-2.48832999E-9	-4.80957031E-1	0.00000000E+0	0.00000000E+0
-4.78515625E-1	-2.49263010E-9	-2.49263010E-9	-4.78515625E-1	0.00000000E+0	0.00000000E+0
-4.76074219E-1	-2.47820009E-9	-2.47820009E-9	-4.76074219E-1	0.00000000E+0	0.00000000E+0
-4.73632812E-1	-2.47213006E-9	-2.47213006E-9	-4.73632812E-1	0.00000000E+0	0.00000000E+0
-4.71191406E-1	-2.46478993E-9	-2.46478993E-9	-4.71191406E-1	0.00000000E+0	0.00000000E+0
-4.68750000E-1	-2.45770004E-9	-2.45770004E-9	-4.68750000E-1	0.00000000E+0	0.00000000E+0
-4.66308594E-1	-2.45390996E-9	-2.45390996E-9	-4.66308594E-1	0.00000000E+0	0.00000000E+0
-4.63867187E-1	-2.44782994E-9	-2.44782994E-9	-4.63867187E-1	0.00000000E+0	0.00000000E+0
-4.61425781E-1	-2.43607001E-9	-2.43607001E-9	-4.61425781E-1	0.00000000E+0	0.00000000E+0
-4.58984375E-1	-2.42164000E-9	-2.42164000E-9	-4.58984375E-1	0.00000000E+0	0.00000000E+0
-4.56542969E-1	-2.40758991E-9	-2.40758991E-9	-4.56542969E-1	0.00000000E+0	0.00000000E+0
-4.54101562E-1	-2.40341991E-9	-2.40341991E-9	-4.54101562E-1	0.00000000E+0	0.00000000E+0
-4.51660156E-1	-2.39848008E-9	-2.39848008E-9	-4.51660156E-1	0.00000000E+0	0.00000000E+0
-4.49218750E-1	-2.38860998E-9	-2.38860998E-9	-4.49218750E-1	0.00000000E+0	0.00000000E+0
-4.46777344E-1	-2.34203990E-9	-2.34203990E-9	-4.46777344E-1	0.00000000E+0	0.00000000E+0
-4.44335937E-1	-2.32408004E-9	-2.32408004E-9	-4.44335937E-1	0.00000000E+0	0.00000000E+0
-4.41894531E-1	-2.31192998E-9	-2.31192998E-9	-4.41894531E-1	0.00000000E+0	0.00000000E+0
-4.39453125E-1	-2.31041009E-9	-2.31041009E-9	-4.39453125E-1	0.00000000E+0	0.00000000E+0
-4.37011719E-1	-2.29977992E-9	-2.29977992E-9	-4.37011719E-1	0.00000000E+0	0.00000000E+0
-4.34570312E-1	-2.29724995E-9	-2.29724995E-9	-4.34570312E-1	0.00000000E+0	0.00000000E+0
-4.32128906E-1	-2.28610997E-9	-2.28610997E-9	-4.32128906E-1	0.00000000E+0	0.00000000E+0
-4.29687500E-1	-2.28459007E-9	-2.28459007E-9	-4.29687500E-1	0.00000000E+0	0.00000000E+0
-4.27246094E-1	-2.27093011E-9	-2.27093011E-9	-4.27246094E-1	0.00000000E+0	0.00000000E+0
-4.24804687E-1	-2.25574004E-9	-2.25574004E-9	-4.24804687E-1	0.00000000E+0	0.00000000E+0
-4.22363281E-1	-2.25157004E-9	-2.25157004E-9	-4.22363281E-1	0.00000000E+0	0.00000000E+0
-4.19921875E-1	-2.24410002E-9	-2.24410002E-9	-4.19921875E-1	0.00000000E+0	0.00000000E+0
-4.17480469E-1	-2.23904006E-9	-2.23904006E-9	-4.17480469E-1	0.00000000E+0	0.00000000E+0
-4.15039062E-1	-2.24283991E-9	-2.24283991E-9	-4.15039062E-1	0.00000000E+0	0.00000000E+0
-4.12597656E-1	-2.26940999E-9	-2.26940999E-9	-4.12597656E-1	0.00000000E+0	0.00000000E+0
-4.10156250E-1	-2.21930008E-9	-2.21930008E-9	-4.10156250E-1	0.00000000E+0	0.00000000E+0
-4.07714844E-1	-2.19956009E-9	-2.19956009E-9	-4.07714844E-1	0.00000000E+0	0.00000000E+0
-4.05273437E-1	-2.19652008E-9	-2.19652008E-9	-4.05273437E-1	0.00000000E+0	0.00000000E+0
-4.02832031E-1	-2.18412000E-9	-2.18412000E-9	-4.02832031E-1	0.00000000E+0	0.00000000E+0
-4.00390625E-1	-2.18057994E-9	-2.18057994E-9	-4.00390625E-1	0.00000000E+0	0.00000000E+0
-3.97949219E-1	-2.16843010E-9	-2.16843010E-9	-3.97949219E-1	0.00000000E+0	0.00000000E+0
-3.95507812E-1	-2.16843010E-9	-2.16843010E-9	-3.95507812E-1	0.00000000E+0	0.00000000E+0
-3.93066406E-1	-2.14754992E-9	-2.14754992E-9	-3.93066406E-1	0.00000000E+0	0.00000000E+0
-3.90625000E-1	-2.15146989E-9	-2.15146989E-9	-3.90625000E-1	0.00000000E+0	0.00000000E+0
-3.88183594E-1	-2.13197993E-9	-2.13197993E-9	-3.88183594E-1	0.00000000E+0	0.00000000E+0
-3.85742187E-1	-2.12995999E-9	-2.12995999E-9	-3.85742187E-1	0.00000000E+0	0.00000000E+0
-3.83300781E-1	-2.10769002E-9	-2.10769002E-9	-3.83300781E-1	0.00000000E+0	0.00000000E+0
-3.80859375E-1	-2.11780993E-9	-2.11780993E-9	-3.80859375E-1	0.00000000E+0	0.00000000E+0
-3.78417969E-1	-2.09098006E-9	-2.09098006E-9	-3.78417969E-1	0.00000000E+0	0.00000000E+0
-3.75976562E-1	-2.09934004E-9	-2.09934004E-9	-3.75976562E-1	0.00000000E+0	0.00000000E+0
-3.73535156E-1	-2.07605000E-9	-2.07605000E-9	-3.73535156E-1	0.00000000E+0	0.00000000E+0
-3.71093750E-1	-2.08453010E-9	-2.08453010E-9	-3.71093750E-1	0.00000000E+0	0.00000000E+0
-3.68652344E-1	-2.05378003E-9	-2.05378003E-9	-3.68652344E-1	0.00000000E+0	0.00000000E+0
-3.66210937E-1	-2.06517003E-9	-2.06517003E-9	-3.66210937E-1	0.00000000E+0	0.00000000E+0
-3.63769531E-1	-2.03833994E-9	-2.03833994E-9	-3.63769531E-1	0.00000000E+0	0.00000000E+0
-3.61328125E-1	-2.04594008E-9	-2.04594008E-9	-3.61328125E-1	0.00000000E+0	0.00000000E+0
-3.58886719E-1	-2.01405004E-9	-2.01405004E-9	-3.58886719E-1	0.00000000E+0	0.00000000E+0
-3.56445312E-1	-2.03327999E-9	-2.03327999E-9	-3.56445312E-1	0.00000000E+0	0.00000000E+0
-3.54003906E-1	-1.99227990E-9	-1.99227990E-9	-3.54003906E-1	0.00000000E+0	0.00000000E+0
-3.51562500E-1	-2.01049999E-9	-2.01049999E-9	-3.51562500E-1	0.00000000E+0	0.00000000E+0
-3.49121094E-1	-1.97278993E-9	-1.97278993E-9	-3.49121094E-1	0.00000000E+0	0.00000000E+0
-3.46679687E-1	-1.98164996E-9	-1.98164996E-9	-3.46679687E-1	0.00000000E+0	0.00000000E+0
-3.44238281E-1	-1.94444993E-9	-1.94444993E-9	-3.44238281E-1	0.00000000E+0	0.00000000E+0
-3.41796875E-1	-1.95710004E-9	-1.95710004E-9	-3.41796875E-1	0.00000000E+0	0.00000000E+0
-3.39355469E-1	-1.92584992E-9	-1.92584992E-9	-3.39355469E-1	0.00000000E+0	0.00000000E+0
-3.36914062E-1	-1.94697991E-9	-1.94697991E-9	-3.36914062E-1	0.00000000E+0	0.00000000E+0
-3.34472656E-1	-1.91047000E-9	-1.91047000E-9	-3.34472656E-1	0.00000000E+0	0.00000000E+0
-3.32031250E-1	-1.93077998E-9	-1.93077998E-9	-3.32031250E-1	0.00000000E+0	0.00000000E+0
-3.29589844E-1	-1.88496996E-9	-1.88496996E-9	-3.29589844E-1	0.00000000E+0	0.00000000E+0
-3.27148437E-1	-1.90521998E-9	-1.90521998E-9	-3.27148437E-1	0.00000000E+0	0.00000000E+0
-3.24707031E-1	-1.87079996E-9	-1.87079996E-9	-3.24707031E-1	0.00000000E+0	0.00000000E+0
-3.22265625E-1	-1.88167992E-9	-1.88167992E-9	-3.22265625E-1	0.00000000E+0	0.00000000E+0
-3.19824219E-1	-1.84953997E-9	-1.84953997E-9	-3.19824219E-1	0.00000000E+0	0.00000000E+0
-3.17382812E-1	-1.85535998E-9	-1.85535998E-9	-3.17382812E-1	0.00000000E+0	0.00000000E+0
-3.14941406E-1	-1.82372994E-9	-1.82372994E-9	-3.14941406E-1	0.00000000E+0	0.00000000E+0
-3.12500000E-1	-1.82093995E-9	-1.82093995E-9	-3.12500000E-1	0.00000000E+0	0.00000000E+0
-3.10058594E-1	-1.79083004E-9	-1.79083004E-9	-3.10058594E-1	0.00000000E+0	0.00000000E+0
-3.07617187E-1	-1.79791004E-9	-1.79791004E-9	-3.07617187E-1	0.00000000E+0	0.00000000E+0
-3.05175781E-1	-1.77563997E-9	-1.77563997E-9	-3.05175781E-1	0.00000000E+0	0.00000000E+0
-3.02734375E-1	-1.77235004E-9	-1.77235004E-9	-3.02734375E-1	0.00000000E+0	0.00000000E+0
-3.00292969E-1	-1.75159998E-9	-1.75159998E-9	-3.00292969E-1	0.00000000E+0	0.00000000E+0
-2.97851562E-1	-1.74654002E-9	-1.74654002E-9	-2.97851562E-1	0.00000000E+0	0.00000000E+0
-2.95410156E-1	-1.73110004E-9	-1.73110004E-9	-2.95410156E-1	0.00000000E+0	0.00000000E+0
-2.92968750E-1	-1.72123005E-9	-1.72123005E-9	-2.92968750E-1	0.00000000E+0	0.00000000E+0
-2.90527344E-1	-1.70426995E-9	-1.70426995E-9	-2.90527344E-1	0.00000000E+0	0.00000000E+0
-2.88085937E-1	-1.69161996E-9	-1.69161996E-9	-2.88085937E-1	0.00000000E+0	0.00000000E+0
-2.85644531E-1	-1.68148995E-9	-1.68148995E-9	-2.85644531E-1	0.00000000E+0	0.00000000E+0
-2.83203125E-1	-1.66782999E-9	-1.66782999E-9	-2.83203125E-1	0.00000000E+0	0.00000000E+0
-2.80761719E-1	-1.65859004E-9	-1.65859004E-9	-2.80761719E-1	0.00000000E+0	0.00000000E+0
-2.78320312E-1	-1.63822000E-9	-1.63822000E-9	-2.78320312E-1	0.00000000E+0	0.00000000E+0
-2.75878906E-1	-1.63822000E-9	-1.63822000E-9	-2.75878906E-1	0.00000000E+0	0.00000000E+0
-2.73437500E-1	-1.61000002E-9	-1.61000002E-9	-2.73437500E-1	0.00000000E+0	0.00000000E+0
-2.70996094E-1	-1.61114000E-9	-1.61114000E-9	-2.70996094E-1	0.00000000E+0	0.00000000E+0
-2.68554687E-1	-1.58683999E-9	-1.58683999E-9	-2.68554687E-1	0.00000000E+0	0.00000000E+0
-2.66113281E-1	-1.58253999E-9	-1.58253999E-9	-2.66113281E-1	0.00000000E+0	0.00000000E+0
-2.63671875E-1	-1.55950997E-9	-1.55950997E-9	-2.63671875E-1	0.00000000E+0	0.00000000E+0
-2.61230469E-1	-1.56272995E-9	-1.56272995E-9	-2.61230469E-1	0.00000000E+0	0.00000000E+0
-2.58789062E-1	-1.53293001E-9	-1.53293001E-9	-2.58789062E-1	0.00000000E+0	0.00000000E+0
-2.56347656E-1	-1.53597002E-9	-1.53597002E-9	-2.56347656E-1	0.00000000E+0	0.00000000E+0
-2.53906250E-1	-1.50180002E-9	-1.50180002E-9	-2.53906250E-1	0.00000000E+0	0.00000000E+0
-2.51464844E-1	-1.51242996E-9	-1.51242996E-9	-2.51464844E-1	0.00000000E+0	0.00000000E+0
-2.49023437E-1	-1.47446999E-9	-1.47446999E-9	-2.49023437E-1	0.00000000E+0	0.00000000E+0
-2.46582031E-1	-1.48129997E-9	-1.48129997E-9	-2.46582031E-1	0.00000000E+0	0.00000000E+0
-2.44140625E-1	-1.44409995E-9	-1.44409995E-9	-2.44140625E-1	0.00000000E+0	0.00000000E+0
-2.41699219E-1	-1.45802004E-9	-1.45802004E-9	-2.41699219E-1	0.00000000E+0	0.00000000E+0
-2.39257812E-1	-1.41752998E-9	-1.41752998E-9	-2.39257812E-1	0.00000000E+0	0.00000000E+0
-2.36816406E-1	-1.43043000E-9	-1.43043000E-9	-2.36816406E-1	0.00000000E+0	0.00000000E+0
-2.34375000E-1	-1.38392997E-9	-1.38392997E-9	-2.34375000E-1	0.00000000E+0	0.00000000E+0
-2.31933594E-1	-1.40727996E-9	-1.40727996E-9	-2.31933594E-1	0.00000000E+0	0.00000000E+0
-2.29492187E-1	-1.36286005E-9	-1.36286005E-9	-2.29492187E-1	0.00000000E+0	0.00000000E+0
-2.27050781E-1	-1.38108003E-9	-1.38108003E-9	-2.27050781E-1	0.00000000E+0	0.00000000E+0
-2.24609375E-1	-1.33021005E-9	-1.33021005E-9	-2.24609375E-1	0.00000000E+0	0.00000000E+0
-2.22167969E-1	-1.35070999E-9	-1.35070999E-9	-2.22167969E-1	0.00000000E+0	0.00000000E+0
-2.19726562E-1	-1.30029998E-9	-1.30029998E-9	-2.19726562E-1	0.00000000E+0	0.00000000E+0
-2.17285156E-1	-1.32216005E-9	-1.32216005E-9	-2.17285156E-1	0.00000000E+0	0.00000000E+0
-2.14843750E-1	-1.27094002E-9	-1.27094002E-9	-2.14843750E-1	0.00000000E+0	0.00000000E+0
-2.12402344E-1	-1.29958999E-9	-1.29958999E-9	-2.12402344E-1	0.00000000E+0	0.00000000E+0
-2.09960937E-1	-1.24340005E-9	-1.24340005E-9	-2.09960937E-1	0.00000000E+0	0.00000000E+0
-2.07519531E-1	-1.26710997E-9	-1.26710997E-9	-2.07519531E-1	0.00000000E+0	0.00000000E+0
-2.05078125E-1	-1.21026000E-9	-1.21026000E-9	-2.05078125E-1	0.00000000E+0	0.00000000E+0
-2.02636719E-1	-1.24392996E-9	-1.24392996E-9	-2.02636719E-1	0.00000000E+0	0.00000000E+0
-2.00195312E-1	-1.18210997E-9	-1.18210997E-9	-2.00195312E-1	0.00000000E+0	0.00000000E+0
-1.97753906E-1	-1.21369004E-9	-1.21369004E-9	-1.97753906E-1	0.00000000E+0	0.00000000E+0
-1.95312500E-1	-1.15151000E-9	-1.15151000E-9	-1.95312500E-1	0.00000000E+0	0.00000000E+0
-1.92871094E-1	-1.18950005E-9	-1.18950005E-9	-1.92871094E-1	0.00000000E+0	0.00000000E+0
-1.90429687E-1	-1.12905996E-9	-1.12905996E-9	-1.90429687E-1	0.00000000E+0	0.00000000E+0
-1.87988281E-1	-1.15709997E-9	-1.15709997E-9	-1.87988281E-1	0.00000000E+0	0.00000000E+0
-1.85546875E-1	-1.09699005E-9	-1.09699005E-9	-1.85546875E-1	0.00000000E+0	0.00000000E+0
-1.83105469E-1	-1.12905996E-9	-1.12905996E-9	-1.83105469E-1	0.00000000E+0	0.00000000E+0
-1.80664062E-1	-1.07459996E-9	-1.07459996E-9	-1.80664062E-1	0.00000000E+0	0.00000000E+0
-1.78222656E-1	-1.09910003E-9	-1.09910003E-9	-1.78222656E-1	0.00000000E+0	0.00000000E+0
-1.75781250E-1	-1.04553000E-9	-1.04553000E-9	-1.75781250E-1	0.00000000E+0	0.00000000E+0
-1.73339844E-1	-1.07678999E-9	-1.07678999E-9	-1.73339844E-1	0.00000000E+0	0.00000000E+0
-1.70898437E-1	-1.02900999E-9	-1.02900999E-9	-1.70898437E-1	0.00000000E+0	0.00000000E+0
-1.68457031E-1	-1.04341003E-9	-1.04341003E-9	-1.68457031E-1	0.00000000E+0	0.00000000E+0
-1.66015625E-1	-9.92849025E-10	-9.92849025E-10	-1.66015625E-1	0.00000000E+0	0.00000000E+0
-1.63574219E-1	-1.02384001E-9	-1.02384001E-9	-1.63574219E-1	0.00000000E+0	0.00000000E+0
-1.61132812E-1	-9.74845982E-10	-9.74845982E-10	-1.61132812E-1	0.00000000E+0	0.00000000E+0
-1.58691406E-1	-9.94151983E-10	-9.94151983E-10	-1.58691406E-1	0.00000000E+0	0.00000000E+0
-1.56250000E-1	-9.39632039E-10	-9.39632039E-10	-1.56250000E-1	0.00000000E+0	0.00000000E+0
-1.53808594E-1	-9.77298020E-10	-9.77298020E-10	-1.53808594E-1	0.00000000E+0	0.00000000E+0
-1.51367187E-1	-9.28345012E-10	-9.28345012E-10	-1.51367187E-1	0.00000000E+0	0.00000000E+0
-1.48925781E-1	-9.52322998E-10	-9.52322998E-10	-1.48925781E-1	0.00000000E+0	0.00000000E+0
-1.46484375E-1	-9.01224984E-10	-9.01224984E-10	-1.46484375E-1	0.00000000E+0	0.00000000E+0
-1.44042969E-1	-9.22751986E-10	-9.22751986E-10	-1.44042969E-1	0.00000000E+0	0.00000000E+0
-1.41601562E-1	-8.82340978E-10	-8.82340978E-10	-1.41601562E-1	0.00000000E+0	0.00000000E+0
-1.39160156E-1	-8.96628993E-10	-8.96628993E-10	-1.39160156E-1	0.00000000E+0	0.00000000E+0
-1.36718750E-1	-8.60623017E-10	-8.60623017E-10	-1.36718750E-1	0.00000000E+0	0.00000000E+0
-1.34277344E-1	-8.81766993E-10	-8.81766993E-10	-1.34277344E-1	0.00000000E+0	0.00000000E+0
-1.31835937E-1	-8.50050974E-10	-8.50050974E-10	-1.31835937E-1	0.00000000E+0	0.00000000E+0
-1.29394531E-1	-8.54379012E-10	-8.54379012E-10	-1.29394531E-1	0.00000000E+0	0.00000000E+0
-1.26953125E-1	-8.18563994E-10	-8.18563994E-10	-1.26953125E-1	0.00000000E+0	0.00000000E+0
-1.24511719E-1	-8.34576019E-10	-8.34576019E-10	-1.24511719E-1	0.00000000E+0	0.00000000E+0
-1.22070312E-1	-8.03778988E-10	-8.03778988E-10	-1.22070312E-1	0.00000000E+0	0.00000000E+0
-1.19628906E-1	-8.14886991E-10	-8.14886991E-10	-1.19628906E-1	0.00000000E+0	0.00000000E+0
-1.17187500E-1	-7.82251985E-10	-7.82251985E-10	-1.17187500E-1	0.00000000E+0	0.00000000E+0
-1.14746094E-1	-8.01633981E-10	-8.01633981E-10	-1.14746094E-1	0.00000000E+0	0.00000000E+0
-1.12304687E-1	-7.75011999E-10	-7.75011999E-10	-1.12304687E-1	0.00000000E+0	0.00000000E+0
-1.09863281E-1	-7.82251985E-10	-7.82251985E-10	-1.09863281E-1	0.00000000E+0	0.00000000E+0
-1.07421875E-1	-7.55233986E-10	-7.55233986E-10	-1.07421875E-1	0.00000000E+0	0.00000000E+0
-1.04980469E-1	-7.64708019E-10	-7.64708019E-10	-1.04980469E-1	0.00000000E+0	0.00000000E+0
-1.02539062E-1	-7.52450990E-10	-7.52450990E-10	-1.02539062E-1	0.00000000E+0	0.00000000E+0
-1.00097656E-1	-7.54595997E-10	-7.54595997E-10	-1.00097656E-1	0.00000000E+0	0.00000000E+0
-9.76562500E-2	-7.39829975E-10	-7.39829975E-10	-9.76562500E-2	0.00000000E+0	0.00000000E+0
-9.52148438E-2	-7.49258988E-10	-7.49258988E-10	-9.52148438E-2	0.00000000E+0	0.00000000E+0
-9.27734375E-2	-7.37869987E-10	-7.37869987E-10	-9.27734375E-2	0.00000000E+0	0.00000000E+0
-9.03320313E-2	-7.45122020E-10	-7.45122020E-10	-9.03320313E-2	0.00000000E+0	0.00000000E+0
-8.78906250E-2	-7.37869987E-10	-7.37869987E-10	-8.78906250E-2	0.00000000E+0	0.00000000E+0
-8.54492188E-2	-7.54443008E-10	-7.54443008E-10	-8.54492188E-2	0.00000000E+0	0.00000000E+0
-8.30078125E-2	-7.65320973E-10	-7.65320973E-10	-8.30078125E-2	0.00000000E+0	0.00000000E+0
-8.05664063E-2	-7.62869989E-10	-7.62869989E-10	-8.05664063E-2	0.00000000E+0	0.00000000E+0
-7.81250000E-2	-7.53829998E-10	-7.53829998E-10	-7.81250000E-2	0.00000000E+0	0.00000000E+0
-7.56835938E-2	-7.50000007E-10	-7.50000007E-10	-7.56835938E-2	0.00000000E+0	0.00000000E+0
-7.32421875E-2	-5.41393985E-10	-5.41393985E-10	-7.32421875E-2	0.00000000E+0	0.00000000E+0
-7.08007813E-2	-1.84779997E-10	-1.84779997E-10	-7.08007813E-2	0.00000000E+0	0.00000000E+0
-6.83593750E-2	-1.65449002E-10	-1.65449002E-10	-6.83593750E-2	0.00000000E+0	0.00000000E+0
-6.59179688E-2	-1.39785003E-10	-1.39785003E-10	-6.59179688E-2	0.00000000E+0	0.00000000E+0
-6.34765625E-2	-1.44522005E-10	-1.44522005E-10	-6.34765625E-2	0.00000000E+0	0.00000000E+0
-6.10351563E-2	-1.25006006E-10	-1.25006006E-10	-6.10351563E-2	0.00000000E+0	0.00000000E+0
-5.85937500E-2	-1.29507002E-10	-1.29507002E-10	-5.85937500E-2	0.00000000E+0	0.00000000E+0
-5.61523438E-2	-1.07988000E-10	-1.07988000E-10	-5.61523438E-2	0.00000000E+0	0.00000000E+0
-5.37109375E-2	-1.14913003E-10	-1.14913003E-10	-5.37109375E-2	0.00000000E+0	0.00000000E+0
-5.12695313E-2	-9.70414027E-11	-9.70414027E-11	-5.12695313E-2	0.00000000E+0	0.00000000E+0
-4.88281250E-2	-1.03141003E-10	-1.03141003E-10	-4.88281250E-2	0.00000000E+0	0.00000000E+0
-4.63867188E-2	-8.55720009E-11	-8.55720009E-11	-4.63867188E-2	0.00000000E+0	0.00000000E+0
-4.39453125E-2	-9.10877970E-11	-9.10877970E-11	-4.39453125E-2	0.00000000E+0	0.00000000E+0
-4.15039063E-2	-7.72982026E-11	-7.72982026E-11	-4.15039063E-2	0.00000000E+0	0.00000000E+0
-3.90625000E-2	-8.33174987E-11	-8.33174987E-11	-3.90625000E-2	0.00000000E+0	0.00000000E+0
-3.66210938E-2	-6.28957997E-11	-6.28957997E-11	-3.66210938E-2	0.00000000E+0	0.00000000E+0
-3.41796875E-2	-6.83541002E-11	-6.83541002E-11	-3.41796875E-2	0.00000000E+0	0.00000000E+0
-3.17382813E-2	-5.49284992E-11	-5.49284992E-11	-3.17382813E-2	0.00000000E+0	0.00000000E+0
-2.92968750E-2	-6.08273015E-11	-6.08273015E-11	-2.92968750E-2	0.00000000E+0	0.00000000E+0
-2.68554688E-2	-4.48415992E-11	-4.48415992E-11	-2.68554688E-2	0.00000000E+0	0.00000000E+0
-2.44140625E-2	-5.15066011E-11	-5.15066011E-11	-2.44140625E-2	0.00000000E+0	0.00000000E+0
-2.19726563E-2	-3.91725992E-11	-3.91725992E-11	-2.19726563E-2	0.00000000E+0	0.00000000E+0
-1.95312500E-2	-4.12154998E-11	-4.12154998E-11	-1.95312500E-2	0.00000000E+0	0.00000000E+0
-1.70898438E-2	-2.65831992E-11	-2.65831992E-11	-1.70898438E-2	0.00000000E+0	0.00000000E+0
-1.46484375E-2	-2.99923003E-11	-2.99923003E-11	-1.46484375E-2	0.00000000E+0	0.00000000E+0
-1.22070313E-2	-1.95735008E-11	-1.95735008E-11	-1.22070313E-2	0.00000000E+0	0.00000000E+0
-9.76562500E-3	-2.48212007E-11	-2.48212007E-11	-9.76562500E-3	0.00000000E+0	0.00000000E+0
-7.32421875E-3	-1.28703003E-11	-1.28703003E-11	-7.32421875E-3	0.00000000E+0	0.00000000E+0
-4.88281250E-3	-1.96373993E-11	-1.96373993E-11	-4.88281250E-3	0.00000000E+0	0.00000000E+0
-2.44140625E-3	-1.16444996E-11	-1.16444996E-11	-2.44140625E-3	0.00000000E+0	0.00000000E+0
0.00000000E+0	-2.02094001E-11	-2.02094001E-11	0.00000000E+0	0.00000000E+0	0.00000000E+0
