Date: do 28 mrt 2013, Material: Au, Temp: 4.2 K
AO1 - module gain: 1.0E+0, R_out: 0.0
AO2 - module gain: 1.0E+2
MUX1 - ADC gain: 4, logarithmic amplifier: D:\LabVIEW Data\Lithographic MCBJ\MED24_070412.TXT, R_in: 0.000
MUX2 - ADC gain: 4, linear amplifier: 1.000000 x 1e10 V/A, R_in: 1.000
Breaking trace: 15 0
Axis position: -881.868564
Vbias (V)	<I> and Ii MUX1 (A)	Vbias (V)	<I> and Ii MUX2 (A)
@
0.00000000E+0	-2.89655011E-9	-2.89655011E-9	0.00000000E+0	0.00000000E+0	0.00000000E+0
2.44140625E-3	1.12149003E-7	1.12149003E-7	2.44140625E-3	0.00000000E+0	0.00000000E+0
4.88281250E-3	3.26692998E-7	3.26692998E-7	4.88281250E-3	0.00000000E+0	0.00000000E+0
7.32421875E-3	5.34865990E-7	5.34865990E-7	7.32421875E-3	0.00000000E+0	0.00000000E+0
9.76562500E-3	7.50867002E-7	7.50867002E-7	9.76562500E-3	0.00000000E+0	0.00000000E+0
1.22070313E-2	9.58504984E-7	9.58504984E-7	1.22070313E-2	0.00000000E+0	0.00000000E+0
1.46484375E-2	1.17371997E-6	1.17371997E-6	1.46484375E-2	0.00000000E+0	0.00000000E+0
1.70898438E-2	1.38225005E-6	1.38225005E-6	1.70898438E-2	0.00000000E+0	0.00000000E+0
1.95312500E-2	1.59978003E-6	1.59978003E-6	1.95312500E-2	0.00000000E+0	0.00000000E+0
2.19726563E-2	1.80586005E-6	1.80586005E-6	2.19726563E-2	0.00000000E+0	0.00000000E+0
2.44140625E-2	2.01957005E-6	2.01957005E-6	2.44140625E-2	0.00000000E+0	0.00000000E+0
2.68554688E-2	2.22983999E-6	2.22983999E-6	2.68554688E-2	0.00000000E+0	0.00000000E+0
2.92968750E-2	2.44774992E-6	2.44774992E-6	2.92968750E-2	0.00000000E+0	0.00000000E+0
3.17382813E-2	2.65383005E-6	2.65383005E-6	3.17382813E-2	0.00000000E+0	0.00000000E+0
3.41796875E-2	2.87211992E-6	2.87211992E-6	3.41796875E-2	0.00000000E+0	0.00000000E+0
3.66210938E-2	3.08239009E-6	3.08239009E-6	3.66210938E-2	0.00000000E+0	0.00000000E+0
3.90625000E-2	3.30258990E-6	3.30258990E-6	3.90625000E-2	0.00000000E+0	0.00000000E+0
4.15039063E-2	3.51095991E-6	3.51095991E-6	4.15039063E-2	0.00000000E+0	0.00000000E+0
4.39453125E-2	3.72695990E-6	3.72695990E-6	4.39453125E-2	0.00000000E+0	0.00000000E+0
4.63867188E-2	3.93608980E-6	3.93608980E-6	4.63867188E-2	0.00000000E+0	0.00000000E+0
4.88281250E-2	4.14980013E-6	4.14980013E-6	4.88281250E-2	0.00000000E+0	0.00000000E+0
5.12695313E-2	4.36121991E-6	4.36121991E-6	5.12695313E-2	0.00000000E+0	0.00000000E+0
5.37109375E-2	4.57570013E-6	4.57570013E-6	5.37109375E-2	0.00000000E+0	0.00000000E+0
5.61523438E-2	4.78711991E-6	4.78711991E-6	5.61523438E-2	0.00000000E+0	0.00000000E+0
5.85937500E-2	5.00311990E-6	5.00311990E-6	5.85937500E-2	0.00000000E+0	0.00000000E+0
6.10351563E-2	5.21606989E-6	5.21606989E-6	6.10351563E-2	0.00000000E+0	0.00000000E+0
6.34765625E-2	5.42595990E-6	5.42595990E-6	6.34765625E-2	0.00000000E+0	0.00000000E+0
6.59179688E-2	5.64044012E-6	5.64044012E-6	6.59179688E-2	0.00000000E+0	0.00000000E+0
6.83593750E-2	5.85873022E-6	5.85873022E-6	6.83593750E-2	0.00000000E+0	0.00000000E+0
7.08007813E-2	6.06633012E-6	6.06633012E-6	7.08007813E-2	0.00000000E+0	0.00000000E+0
7.32421875E-2	6.28385988E-6	6.28385988E-6	7.32421875E-2	0.00000000E+0	0.00000000E+0
7.56835938E-2	6.49679987E-6	6.49679987E-6	7.56835938E-2	0.00000000E+0	0.00000000E+0
7.81250000E-2	6.71357020E-6	6.71357020E-6	7.81250000E-2	0.00000000E+0	0.00000000E+0
8.05664063E-2	6.92346021E-6	6.92346021E-6	8.05664063E-2	0.00000000E+0	0.00000000E+0
8.30078125E-2	7.13793997E-6	7.13793997E-6	8.30078125E-2	0.00000000E+0	0.00000000E+0
8.54492188E-2	7.34630021E-6	7.34630021E-6	8.54492188E-2	0.00000000E+0	0.00000000E+0
8.78906250E-2	7.56153986E-6	7.56153986E-6	8.78906250E-2	0.00000000E+0	0.00000000E+0
9.03320313E-2	7.77028981E-6	7.77028981E-6	9.03320313E-2	0.00000000E+0	0.00000000E+0
9.27734375E-2	7.98743986E-6	7.98743986E-6	9.27734375E-2	0.00000000E+0	0.00000000E+0
9.52148438E-2	8.19808974E-6	8.19808974E-6	9.52148438E-2	0.00000000E+0	0.00000000E+0
9.76562500E-2	8.41332985E-6	8.41332985E-6	9.76562500E-2	0.00000000E+0	0.00000000E+0
1.00097656E-1	8.62207980E-6	8.62207980E-6	1.00097656E-1	0.00000000E+0	0.00000000E+0
1.02539062E-1	8.83617031E-6	8.83617031E-6	1.02539062E-1	0.00000000E+0	0.00000000E+0
1.04980469E-1	9.04797980E-6	9.04797980E-6	1.04980469E-1	0.00000000E+0	0.00000000E+0
1.07421875E-1	9.26511984E-6	9.26511984E-6	1.07421875E-1	0.00000000E+0	0.00000000E+0
1.09863281E-1	9.47424996E-6	9.47424996E-6	1.09863281E-1	0.00000000E+0	0.00000000E+0
1.12304687E-1	9.69101984E-6	9.69101984E-6	1.12304687E-1	0.00000000E+0	0.00000000E+0
1.14746094E-1	9.90691024E-6	9.90691024E-6	1.14746094E-1	0.00000000E+0	0.00000000E+0
1.17187500E-1	1.01223004E-5	1.01223004E-5	1.17187500E-1	0.00000000E+0	0.00000000E+0
1.19628906E-1	1.03355997E-5	1.03355997E-5	1.19628906E-1	0.00000000E+0	0.00000000E+0
1.22070312E-1	1.05478002E-5	1.05478002E-5	1.22070312E-1	0.00000000E+0	0.00000000E+0
1.24511719E-1	1.07609003E-5	1.07609003E-5	1.24511719E-1	0.00000000E+0	0.00000000E+0
1.26953125E-1	1.09750999E-5	1.09750999E-5	1.26953125E-1	0.00000000E+0	0.00000000E+0
1.29394531E-1	1.11888003E-5	1.11888003E-5	1.29394531E-1	0.00000000E+0	0.00000000E+0
1.31835937E-1	1.14018003E-5	1.14018003E-5	1.31835937E-1	0.00000000E+0	0.00000000E+0
1.34277344E-1	1.16153997E-5	1.16153997E-5	1.34277344E-1	0.00000000E+0	0.00000000E+0
1.36718750E-1	1.18284997E-5	1.18284997E-5	1.36718750E-1	0.00000000E+0	0.00000000E+0
1.39160156E-1	1.20328996E-5	1.20328996E-5	1.39160156E-1	0.00000000E+0	0.00000000E+0
1.41601562E-1	1.22504998E-5	1.22504998E-5	1.41601562E-1	0.00000000E+0	0.00000000E+0
1.44042969E-1	1.24672997E-5	1.24672997E-5	1.44042969E-1	0.00000000E+0	0.00000000E+0
1.46484375E-1	1.26819004E-5	1.26819004E-5	1.46484375E-1	0.00000000E+0	0.00000000E+0
1.48925781E-1	1.28903002E-5	1.28903002E-5	1.48925781E-1	0.00000000E+0	0.00000000E+0
1.51367187E-1	1.31077004E-5	1.31077004E-5	1.51367187E-1	0.00000000E+0	0.00000000E+0
1.53808594E-1	1.33213998E-5	1.33213998E-5	1.53808594E-1	0.00000000E+0	0.00000000E+0
1.56250000E-1	1.35427999E-5	1.35427999E-5	1.56250000E-1	0.00000000E+0	0.00000000E+0
1.58691406E-1	1.37488996E-5	1.37488996E-5	1.58691406E-1	0.00000000E+0	0.00000000E+0
1.61132812E-1	1.39627000E-5	1.39627000E-5	1.61132812E-1	0.00000000E+0	0.00000000E+0
1.63574219E-1	1.41687997E-5	1.41687997E-5	1.63574219E-1	0.00000000E+0	0.00000000E+0
1.66015625E-1	1.43875995E-5	1.43875995E-5	1.66015625E-1	0.00000000E+0	0.00000000E+0
1.68457031E-1	1.45924996E-5	1.45924996E-5	1.68457031E-1	0.00000000E+0	0.00000000E+0
1.70898437E-1	1.48176996E-5	1.48176996E-5	1.70898437E-1	0.00000000E+0	0.00000000E+0
1.73339844E-1	1.50186997E-5	1.50186997E-5	1.73339844E-1	0.00000000E+0	0.00000000E+0
1.75781250E-1	1.52414004E-5	1.52414004E-5	1.75781250E-1	0.00000000E+0	0.00000000E+0
1.78222656E-1	1.54564004E-5	1.54564004E-5	1.78222656E-1	0.00000000E+0	0.00000000E+0
1.80664062E-1	1.56689002E-5	1.56689002E-5	1.80664062E-1	0.00000000E+0	0.00000000E+0
1.83105469E-1	1.58762996E-5	1.58762996E-5	1.83105469E-1	0.00000000E+0	0.00000000E+0
1.85546875E-1	1.60887994E-5	1.60887994E-5	1.85546875E-1	0.00000000E+0	0.00000000E+0
1.87988281E-1	1.62962006E-5	1.62962006E-5	1.87988281E-1	0.00000000E+0	0.00000000E+0
1.90429687E-1	1.65048004E-5	1.65048004E-5	1.90429687E-1	0.00000000E+0	0.00000000E+0
1.92871094E-1	1.67236994E-5	1.67236994E-5	1.92871094E-1	0.00000000E+0	0.00000000E+0
1.95312500E-1	1.69476007E-5	1.69476007E-5	1.95312500E-1	0.00000000E+0	0.00000000E+0
1.97753906E-1	1.71512002E-5	1.71512002E-5	1.97753906E-1	0.00000000E+0	0.00000000E+0
2.00195312E-1	1.73699991E-5	1.73699991E-5	2.00195312E-1	0.00000000E+0	0.00000000E+0
2.02636719E-1	1.75787009E-5	1.75787009E-5	2.02636719E-1	0.00000000E+0	0.00000000E+0
2.05078125E-1	1.77988004E-5	1.77988004E-5	2.05078125E-1	0.00000000E+0	0.00000000E+0
2.07519531E-1	1.80036004E-5	1.80036004E-5	2.07519531E-1	0.00000000E+0	0.00000000E+0
2.09960937E-1	1.82071999E-5	1.82071999E-5	2.09960937E-1	0.00000000E+0	0.00000000E+0
2.12402344E-1	1.84210003E-5	1.84210003E-5	2.12402344E-1	0.00000000E+0	0.00000000E+0
2.14843750E-1	1.86424004E-5	1.86424004E-5	2.14843750E-1	0.00000000E+0	0.00000000E+0
2.17285156E-1	1.88484992E-5	1.88484992E-5	2.17285156E-1	0.00000000E+0	0.00000000E+0
2.19726562E-1	1.90621995E-5	1.90621995E-5	2.19726562E-1	0.00000000E+0	0.00000000E+0
2.22167969E-1	1.92645002E-5	1.92645002E-5	2.22167969E-1	0.00000000E+0	0.00000000E+0
2.24609375E-1	1.94783006E-5	1.94783006E-5	2.24609375E-1	0.00000000E+0	0.00000000E+0
2.27050781E-1	1.96919991E-5	1.96919991E-5	2.27050781E-1	0.00000000E+0	0.00000000E+0
2.29492187E-1	1.99095994E-5	1.99095994E-5	2.29492187E-1	0.00000000E+0	0.00000000E+0
2.31933594E-1	2.01081002E-5	2.01081002E-5	2.31933594E-1	0.00000000E+0	0.00000000E+0
2.34375000E-1	2.03346008E-5	2.03346008E-5	2.34375000E-1	0.00000000E+0	0.00000000E+0
2.36816406E-1	2.05355991E-5	2.05355991E-5	2.36816406E-1	0.00000000E+0	0.00000000E+0
2.39257812E-1	2.07519006E-5	2.07519006E-5	2.39257812E-1	0.00000000E+0	0.00000000E+0
2.41699219E-1	2.09452992E-5	2.09452992E-5	2.41699219E-1	0.00000000E+0	0.00000000E+0
2.44140625E-1	2.11692004E-5	2.11692004E-5	2.44140625E-1	0.00000000E+0	0.00000000E+0
2.46582031E-1	2.13714993E-5	2.13714993E-5	2.46582031E-1	0.00000000E+0	0.00000000E+0
2.49023437E-1	2.15966993E-5	2.15966993E-5	2.49023437E-1	0.00000000E+0	0.00000000E+0
2.51464844E-1	2.17977995E-5	2.17977995E-5	2.51464844E-1	0.00000000E+0	0.00000000E+0
2.53906250E-1	2.20242000E-5	2.20242000E-5	2.53906250E-1	0.00000000E+0	0.00000000E+0
2.56347656E-1	2.22074996E-5	2.22074996E-5	2.56347656E-1	0.00000000E+0	0.00000000E+0
2.58789062E-1	2.24211999E-5	2.24211999E-5	2.58789062E-1	0.00000000E+0	0.00000000E+0
2.61230469E-1	2.26350003E-5	2.26350003E-5	2.61230469E-1	0.00000000E+0	0.00000000E+0
2.63671875E-1	2.28563003E-5	2.28563003E-5	2.63671875E-1	0.00000000E+0	0.00000000E+0
2.66113281E-1	2.30586993E-5	2.30586993E-5	2.66113281E-1	0.00000000E+0	0.00000000E+0
2.68554687E-1	2.32723996E-5	2.32723996E-5	2.68554687E-1	0.00000000E+0	0.00000000E+0
2.70996094E-1	2.34823001E-5	2.34823001E-5	2.70996094E-1	0.00000000E+0	0.00000000E+0
2.73437500E-1	2.37114000E-5	2.37114000E-5	2.73437500E-1	0.00000000E+0	0.00000000E+0
2.75878906E-1	2.38945995E-5	2.38945995E-5	2.75878906E-1	0.00000000E+0	0.00000000E+0
2.78320312E-1	2.41134003E-5	2.41134003E-5	2.78320312E-1	0.00000000E+0	0.00000000E+0
2.80761719E-1	2.43334998E-5	2.43334998E-5	2.80761719E-1	0.00000000E+0	0.00000000E+0
2.83203125E-1	2.45435003E-5	2.45435003E-5	2.83203125E-1	0.00000000E+0	0.00000000E+0
2.85644531E-1	2.47495991E-5	2.47495991E-5	2.85644531E-1	0.00000000E+0	0.00000000E+0
2.88085937E-1	2.49556997E-5	2.49556997E-5	2.88085937E-1	0.00000000E+0	0.00000000E+0
2.90527344E-1	2.51770998E-5	2.51770998E-5	2.90527344E-1	0.00000000E+0	0.00000000E+0
2.92968750E-1	2.53832004E-5	2.53832004E-5	2.92968750E-1	0.00000000E+0	0.00000000E+0
2.95410156E-1	2.56046005E-5	2.56046005E-5	2.95410156E-1	0.00000000E+0	0.00000000E+0
2.97851562E-1	2.58106993E-5	2.58106993E-5	2.97851562E-1	0.00000000E+0	0.00000000E+0
3.00292969E-1	2.60092002E-5	2.60092002E-5	3.00292969E-1	0.00000000E+0	0.00000000E+0
3.02734375E-1	2.62230005E-5	2.62230005E-5	3.02734375E-1	0.00000000E+0	0.00000000E+0
3.05175781E-1	2.64405007E-5	2.64405007E-5	3.05175781E-1	0.00000000E+0	0.00000000E+0
3.07617187E-1	2.66580992E-5	2.66580992E-5	3.07617187E-1	0.00000000E+0	0.00000000E+0
3.10058594E-1	2.68679996E-5	2.68679996E-5	3.10058594E-1	0.00000000E+0	0.00000000E+0
3.12500000E-1	2.70855999E-5	2.70855999E-5	3.12500000E-1	0.00000000E+0	0.00000000E+0
3.14941406E-1	2.73032001E-5	2.73032001E-5	3.14941406E-1	0.00000000E+0	0.00000000E+0
3.17382812E-1	2.75131006E-5	2.75131006E-5	3.17382812E-1	0.00000000E+0	0.00000000E+0
3.19824219E-1	2.77115996E-5	2.77115996E-5	3.19824219E-1	0.00000000E+0	0.00000000E+0
3.22265625E-1	2.79559008E-5	2.79559008E-5	3.22265625E-1	0.00000000E+0	0.00000000E+0
3.24707031E-1	2.81391003E-5	2.81391003E-5	3.24707031E-1	0.00000000E+0	0.00000000E+0
3.27148437E-1	2.83529007E-5	2.83529007E-5	3.27148437E-1	0.00000000E+0	0.00000000E+0
3.29589844E-1	2.85589995E-5	2.85589995E-5	3.29589844E-1	0.00000000E+0	0.00000000E+0
3.32031250E-1	2.87803996E-5	2.87803996E-5	3.32031250E-1	0.00000000E+0	0.00000000E+0
3.34472656E-1	2.89940999E-5	2.89940999E-5	3.34472656E-1	0.00000000E+0	0.00000000E+0
3.36914062E-1	2.92079003E-5	2.92079003E-5	3.36914062E-1	0.00000000E+0	0.00000000E+0
3.39355469E-1	2.94216006E-5	2.94216006E-5	3.39355469E-1	0.00000000E+0	0.00000000E+0
3.41796875E-1	2.96430007E-5	2.96430007E-5	3.41796875E-1	0.00000000E+0	0.00000000E+0
3.44238281E-1	2.98873001E-5	2.98873001E-5	3.44238281E-1	0.00000000E+0	0.00000000E+0
3.46679687E-1	3.01011005E-5	3.01011005E-5	3.46679687E-1	0.00000000E+0	0.00000000E+0
3.49121094E-1	3.02956996E-5	3.02956996E-5	3.49121094E-1	0.00000000E+0	0.00000000E+0
3.51562500E-1	3.05208996E-5	3.05208996E-5	3.51562500E-1	0.00000000E+0	0.00000000E+0
3.54003906E-1	3.07232003E-5	3.07232003E-5	3.54003906E-1	0.00000000E+0	0.00000000E+0
3.56445312E-1	3.09407988E-5	3.09407988E-5	3.56445312E-1	0.00000000E+0	0.00000000E+0
3.58886719E-1	3.11469012E-5	3.11469012E-5	3.58886719E-1	0.00000000E+0	0.00000000E+0
3.61328125E-1	3.13911987E-5	3.13911987E-5	3.61328125E-1	0.00000000E+0	0.00000000E+0
3.63769531E-1	3.15897014E-5	3.15897014E-5	3.63769531E-1	0.00000000E+0	0.00000000E+0
3.66210937E-1	3.18111015E-5	3.18111015E-5	3.66210937E-1	0.00000000E+0	0.00000000E+0
3.68652344E-1	3.20133986E-5	3.20133986E-5	3.68652344E-1	0.00000000E+0	0.00000000E+0
3.71093750E-1	3.22386004E-5	3.22386004E-5	3.71093750E-1	0.00000000E+0	0.00000000E+0
3.73535156E-1	3.24524008E-5	3.24524008E-5	3.73535156E-1	0.00000000E+0	0.00000000E+0
3.75976562E-1	3.26660993E-5	3.26660993E-5	3.75976562E-1	0.00000000E+0	0.00000000E+0
3.78417969E-1	3.28645983E-5	3.28645983E-5	3.78417969E-1	0.00000000E+0	0.00000000E+0
3.80859375E-1	3.31088995E-5	3.31088995E-5	3.80859375E-1	0.00000000E+0	0.00000000E+0
3.83300781E-1	3.33073986E-5	3.33073986E-5	3.83300781E-1	0.00000000E+0	0.00000000E+0
3.85742187E-1	3.35402001E-5	3.35402001E-5	3.85742187E-1	0.00000000E+0	0.00000000E+0
3.88183594E-1	3.37577985E-5	3.37577985E-5	3.88183594E-1	0.00000000E+0	0.00000000E+0
3.90625000E-1	3.40096994E-5	3.40096994E-5	3.90625000E-1	0.00000000E+0	0.00000000E+0
3.93066406E-1	3.42349012E-5	3.42349012E-5	3.93066406E-1	0.00000000E+0	0.00000000E+0
3.95507812E-1	3.44676992E-5	3.44676992E-5	3.95507812E-1	0.00000000E+0	0.00000000E+0
3.97949219E-1	3.47273017E-5	3.47273017E-5	3.97949219E-1	0.00000000E+0	0.00000000E+0
4.00390625E-1	3.49639995E-5	3.49639995E-5	4.00390625E-1	0.00000000E+0	0.00000000E+0
4.02832031E-1	3.52081988E-5	3.52081988E-5	4.02832031E-1	0.00000000E+0	0.00000000E+0
4.05273437E-1	3.54334006E-5	3.54334006E-5	4.05273437E-1	0.00000000E+0	0.00000000E+0
4.07714844E-1	3.56281016E-5	3.56281016E-5	4.07714844E-1	0.00000000E+0	0.00000000E+0
4.10156250E-1	3.58799989E-5	3.58799989E-5	4.10156250E-1	0.00000000E+0	0.00000000E+0
4.12597656E-1	3.61013990E-5	3.61013990E-5	4.12597656E-1	0.00000000E+0	0.00000000E+0
4.15039062E-1	3.63305007E-5	3.63305007E-5	4.15039062E-1	0.00000000E+0	0.00000000E+0
4.17480469E-1	3.65441992E-5	3.65441992E-5	4.17480469E-1	0.00000000E+0	0.00000000E+0
4.19921875E-1	3.67579996E-5	3.67579996E-5	4.19921875E-1	0.00000000E+0	0.00000000E+0
4.22363281E-1	3.69793015E-5	3.69793015E-5	4.22363281E-1	0.00000000E+0	0.00000000E+0
4.24804687E-1	3.72044997E-5	3.72044997E-5	4.24804687E-1	0.00000000E+0	0.00000000E+0
4.27246094E-1	3.73992007E-5	3.73992007E-5	4.27246094E-1	0.00000000E+0	0.00000000E+0
4.29687500E-1	3.76282005E-5	3.76282005E-5	4.29687500E-1	0.00000000E+0	0.00000000E+0
4.32128906E-1	3.78572986E-5	3.78572986E-5	4.32128906E-1	0.00000000E+0	0.00000000E+0
4.34570312E-1	3.80404999E-5	3.80404999E-5	4.34570312E-1	0.00000000E+0	0.00000000E+0
4.37011719E-1	3.82848011E-5	3.82848011E-5	4.37011719E-1	0.00000000E+0	0.00000000E+0
4.39453125E-1	3.84812993E-5	3.84812993E-5	4.39453125E-1	0.00000000E+0	0.00000000E+0
4.41894531E-1	3.87198997E-5	3.87198997E-5	4.41894531E-1	0.00000000E+0	0.00000000E+0
4.44335937E-1	3.89222005E-5	3.89222005E-5	4.44335937E-1	0.00000000E+0	0.00000000E+0
4.46777344E-1	3.91473986E-5	3.91473986E-5	4.46777344E-1	0.00000000E+0	0.00000000E+0
4.49218750E-1	3.93763985E-5	3.93763985E-5	4.49218750E-1	0.00000000E+0	0.00000000E+0
4.51660156E-1	3.95673014E-5	3.95673014E-5	4.51660156E-1	0.00000000E+0	0.00000000E+0
4.54101562E-1	3.97887015E-5	3.97887015E-5	4.54101562E-1	0.00000000E+0	0.00000000E+0
4.56542969E-1	3.99948003E-5	3.99948003E-5	4.56542969E-1	0.00000000E+0	0.00000000E+0
4.58984375E-1	4.02391015E-5	4.02391015E-5	4.58984375E-1	0.00000000E+0	0.00000000E+0
4.61425781E-1	4.04605016E-5	4.04605016E-5	4.61425781E-1	0.00000000E+0	0.00000000E+0
4.63867187E-1	4.06742001E-5	4.06742001E-5	4.63867187E-1	0.00000000E+0	0.00000000E+0
4.66308594E-1	4.08956003E-5	4.08956003E-5	4.66308594E-1	0.00000000E+0	0.00000000E+0
4.68750000E-1	4.11207984E-5	4.11207984E-5	4.68750000E-1	0.00000000E+0	0.00000000E+0
4.71191406E-1	4.13460002E-5	4.13460002E-5	4.71191406E-1	0.00000000E+0	0.00000000E+0
4.73632812E-1	4.15903014E-5	4.15903014E-5	4.73632812E-1	0.00000000E+0	0.00000000E+0
4.76074219E-1	4.17734991E-5	4.17734991E-5	4.76074219E-1	0.00000000E+0	0.00000000E+0
4.78515625E-1	4.20026008E-5	4.20026008E-5	4.78515625E-1	0.00000000E+0	0.00000000E+0
4.80957031E-1	4.22125013E-5	4.22125013E-5	4.80957031E-1	0.00000000E+0	0.00000000E+0
4.83398437E-1	4.24376994E-5	4.24376994E-5	4.83398437E-1	0.00000000E+0	0.00000000E+0
4.85839844E-1	4.26590996E-5	4.26590996E-5	4.85839844E-1	0.00000000E+0	0.00000000E+0
4.88281250E-1	4.29110005E-5	4.29110005E-5	4.88281250E-1	0.00000000E+0	0.00000000E+0
4.90722656E-1	4.30941982E-5	4.30941982E-5	4.90722656E-1	0.00000000E+0	0.00000000E+0
4.93164062E-1	4.33327987E-5	4.33327987E-5	4.93164062E-1	0.00000000E+0	0.00000000E+0
4.90722656E-1	4.30941982E-5	4.30941982E-5	4.90722656E-1	0.00000000E+0	0.00000000E+0
4.88281250E-1	4.28690000E-5	4.28690000E-5	4.88281250E-1	0.00000000E+0	0.00000000E+0
4.85839844E-1	4.26381011E-5	4.26381011E-5	4.85839844E-1	0.00000000E+0	0.00000000E+0
4.83398437E-1	4.24376994E-5	4.24376994E-5	4.83398437E-1	0.00000000E+0	0.00000000E+0
4.80957031E-1	4.22125013E-5	4.22125013E-5	4.80957031E-1	0.00000000E+0	0.00000000E+0
4.78515625E-1	4.20026008E-5	4.20026008E-5	4.78515625E-1	0.00000000E+0	0.00000000E+0
4.76074219E-1	4.17734991E-5	4.17734991E-5	4.76074219E-1	0.00000000E+0	0.00000000E+0
4.73632812E-1	4.15903014E-5	4.15903014E-5	4.73632812E-1	0.00000000E+0	0.00000000E+0
4.71191406E-1	4.13460002E-5	4.13460002E-5	4.71191406E-1	0.00000000E+0	0.00000000E+0
4.68750000E-1	4.11475012E-5	4.11475012E-5	4.68750000E-1	0.00000000E+0	0.00000000E+0
4.66308594E-1	4.08956003E-5	4.08956003E-5	4.66308594E-1	0.00000000E+0	0.00000000E+0
4.63867187E-1	4.06742001E-5	4.06742001E-5	4.63867187E-1	0.00000000E+0	0.00000000E+0
4.61425781E-1	4.04605016E-5	4.04605016E-5	4.61425781E-1	0.00000000E+0	0.00000000E+0
4.58984375E-1	4.02391015E-5	4.02391015E-5	4.58984375E-1	0.00000000E+0	0.00000000E+0
4.56542969E-1	4.00329991E-5	4.00329991E-5	4.56542969E-1	0.00000000E+0	0.00000000E+0
4.54101562E-1	3.97887015E-5	3.97887015E-5	4.54101562E-1	0.00000000E+0	0.00000000E+0
4.51660156E-1	3.95673014E-5	3.95673014E-5	4.51660156E-1	0.00000000E+0	0.00000000E+0
4.49218750E-1	3.93763985E-5	3.93763985E-5	4.49218750E-1	0.00000000E+0	0.00000000E+0
4.46777344E-1	3.91665017E-5	3.91665017E-5	4.46777344E-1	0.00000000E+0	0.00000000E+0
4.44335937E-1	3.89222005E-5	3.89222005E-5	4.44335937E-1	0.00000000E+0	0.00000000E+0
4.41894531E-1	3.87198997E-5	3.87198997E-5	4.41894531E-1	0.00000000E+0	0.00000000E+0
4.39453125E-1	3.85062012E-5	3.85062012E-5	4.39453125E-1	0.00000000E+0	0.00000000E+0
4.37011719E-1	3.82848011E-5	3.82848011E-5	4.37011719E-1	0.00000000E+0	0.00000000E+0
4.34570312E-1	3.80786005E-5	3.80786005E-5	4.34570312E-1	0.00000000E+0	0.00000000E+0
4.32128906E-1	3.78572986E-5	3.78572986E-5	4.32128906E-1	0.00000000E+0	0.00000000E+0
4.29687500E-1	3.76434982E-5	3.76434982E-5	4.29687500E-1	0.00000000E+0	0.00000000E+0
4.27246094E-1	3.74373994E-5	3.74373994E-5	4.27246094E-1	0.00000000E+0	0.00000000E+0
4.24804687E-1	3.72044997E-5	3.72044997E-5	4.24804687E-1	0.00000000E+0	0.00000000E+0
4.22363281E-1	3.69793015E-5	3.69793015E-5	4.22363281E-1	0.00000000E+0	0.00000000E+0
4.19921875E-1	3.67579996E-5	3.67579996E-5	4.19921875E-1	0.00000000E+0	0.00000000E+0
4.17480469E-1	3.65441992E-5	3.65441992E-5	4.17480469E-1	0.00000000E+0	0.00000000E+0
4.15039062E-1	3.63151994E-5	3.63151994E-5	4.15039062E-1	0.00000000E+0	0.00000000E+0
4.12597656E-1	3.61013990E-5	3.61013990E-5	4.12597656E-1	0.00000000E+0	0.00000000E+0
4.10156250E-1	3.58610014E-5	3.58610014E-5	4.10156250E-1	0.00000000E+0	0.00000000E+0
4.07714844E-1	3.56281016E-5	3.56281016E-5	4.07714844E-1	0.00000000E+0	0.00000000E+0
4.05273437E-1	3.54143995E-5	3.54143995E-5	4.05273437E-1	0.00000000E+0	0.00000000E+0
4.02832031E-1	3.51394992E-5	3.51394992E-5	4.02832031E-1	0.00000000E+0	0.00000000E+0
4.00390625E-1	3.49258007E-5	3.49258007E-5	4.00390625E-1	0.00000000E+0	0.00000000E+0
3.97949219E-1	3.46738998E-5	3.46738998E-5	3.97949219E-1	0.00000000E+0	0.00000000E+0
3.95507812E-1	3.44487016E-5	3.44487016E-5	3.95507812E-1	0.00000000E+0	0.00000000E+0
3.93066406E-1	3.42234998E-5	3.42234998E-5	3.93066406E-1	0.00000000E+0	0.00000000E+0
3.90625000E-1	3.39944017E-5	3.39944017E-5	3.90625000E-1	0.00000000E+0	0.00000000E+0
3.88183594E-1	3.37577985E-5	3.37577985E-5	3.88183594E-1	0.00000000E+0	0.00000000E+0
3.85742187E-1	3.35402001E-5	3.35402001E-5	3.85742187E-1	0.00000000E+0	0.00000000E+0
3.83300781E-1	3.33073986E-5	3.33073986E-5	3.83300781E-1	0.00000000E+0	0.00000000E+0
3.80859375E-1	3.30936018E-5	3.30936018E-5	3.80859375E-1	0.00000000E+0	0.00000000E+0
3.78417969E-1	3.28645983E-5	3.28645983E-5	3.78417969E-1	0.00000000E+0	0.00000000E+0
3.75976562E-1	3.26355985E-5	3.26355985E-5	3.75976562E-1	0.00000000E+0	0.00000000E+0
3.73535156E-1	3.24218017E-5	3.24218017E-5	3.73535156E-1	0.00000000E+0	0.00000000E+0
3.71093750E-1	3.22386004E-5	3.22386004E-5	3.71093750E-1	0.00000000E+0	0.00000000E+0
3.68652344E-1	3.20133986E-5	3.20133986E-5	3.68652344E-1	0.00000000E+0	0.00000000E+0
3.66210937E-1	3.18111015E-5	3.18111015E-5	3.66210937E-1	0.00000000E+0	0.00000000E+0
3.63769531E-1	3.15744001E-5	3.15744001E-5	3.63769531E-1	0.00000000E+0	0.00000000E+0
3.61328125E-1	3.13911987E-5	3.13911987E-5	3.61328125E-1	0.00000000E+0	0.00000000E+0
3.58886719E-1	3.11469012E-5	3.11469012E-5	3.58886719E-1	0.00000000E+0	0.00000000E+0
3.56445312E-1	3.09407988E-5	3.09407988E-5	3.56445312E-1	0.00000000E+0	0.00000000E+0
3.54003906E-1	3.07232003E-5	3.07232003E-5	3.54003906E-1	0.00000000E+0	0.00000000E+0
3.51562500E-1	3.04980003E-5	3.04980003E-5	3.51562500E-1	0.00000000E+0	0.00000000E+0
3.49121094E-1	3.02956996E-5	3.02956996E-5	3.49121094E-1	0.00000000E+0	0.00000000E+0
3.46679687E-1	3.00704996E-5	3.00704996E-5	3.46679687E-1	0.00000000E+0	0.00000000E+0
3.44238281E-1	2.98873001E-5	2.98873001E-5	3.44238281E-1	0.00000000E+0	0.00000000E+0
3.41796875E-1	2.96430007E-5	2.96430007E-5	3.41796875E-1	0.00000000E+0	0.00000000E+0
3.39355469E-1	2.94216006E-5	2.94216006E-5	3.39355469E-1	0.00000000E+0	0.00000000E+0
3.36914062E-1	2.92079003E-5	2.92079003E-5	3.36914062E-1	0.00000000E+0	0.00000000E+0
3.34472656E-1	2.89940999E-5	2.89940999E-5	3.34472656E-1	0.00000000E+0	0.00000000E+0
3.32031250E-1	2.87803996E-5	2.87803996E-5	3.32031250E-1	0.00000000E+0	0.00000000E+0
3.29589844E-1	2.85589995E-5	2.85589995E-5	3.29589844E-1	0.00000000E+0	0.00000000E+0
3.27148437E-1	2.83529007E-5	2.83529007E-5	3.27148437E-1	0.00000000E+0	0.00000000E+0
3.24707031E-1	2.81391003E-5	2.81391003E-5	3.24707031E-1	0.00000000E+0	0.00000000E+0
3.22265625E-1	2.79559008E-5	2.79559008E-5	3.22265625E-1	0.00000000E+0	0.00000000E+0
3.19824219E-1	2.77115996E-5	2.77115996E-5	3.19824219E-1	0.00000000E+0	0.00000000E+0
3.17382812E-1	2.75131006E-5	2.75131006E-5	3.17382812E-1	0.00000000E+0	0.00000000E+0
3.14941406E-1	2.73032001E-5	2.73032001E-5	3.14941406E-1	0.00000000E+0	0.00000000E+0
3.12500000E-1	2.70855999E-5	2.70855999E-5	3.12500000E-1	0.00000000E+0	0.00000000E+0
3.10058594E-1	2.68679996E-5	2.68679996E-5	3.10058594E-1	0.00000000E+0	0.00000000E+0
3.07617187E-1	2.66734005E-5	2.66734005E-5	3.07617187E-1	0.00000000E+0	0.00000000E+0
3.05175781E-1	2.64405007E-5	2.64405007E-5	3.05175781E-1	0.00000000E+0	0.00000000E+0
3.02734375E-1	2.62458998E-5	2.62458998E-5	3.02734375E-1	0.00000000E+0	0.00000000E+0
3.00292969E-1	2.60244997E-5	2.60244997E-5	3.00292969E-1	0.00000000E+0	0.00000000E+0
2.97851562E-1	2.58209002E-5	2.58209002E-5	2.97851562E-1	0.00000000E+0	0.00000000E+0
2.95410156E-1	2.56161002E-5	2.56161002E-5	2.95410156E-1	0.00000000E+0	0.00000000E+0
2.92968750E-1	2.54137994E-5	2.54137994E-5	2.92968750E-1	0.00000000E+0	0.00000000E+0
2.90527344E-1	2.51770998E-5	2.51770998E-5	2.90527344E-1	0.00000000E+0	0.00000000E+0
2.88085937E-1	2.49748009E-5	2.49748009E-5	2.88085937E-1	0.00000000E+0	0.00000000E+0
2.85644531E-1	2.47495991E-5	2.47495991E-5	2.85644531E-1	0.00000000E+0	0.00000000E+0
2.83203125E-1	2.45435003E-5	2.45435003E-5	2.83203125E-1	0.00000000E+0	0.00000000E+0
2.80761719E-1	2.43334998E-5	2.43334998E-5	2.80761719E-1	0.00000000E+0	0.00000000E+0
2.78320312E-1	2.41261005E-5	2.41261005E-5	2.78320312E-1	0.00000000E+0	0.00000000E+0
2.75878906E-1	2.39175006E-5	2.39175006E-5	2.75878906E-1	0.00000000E+0	0.00000000E+0
2.73437500E-1	2.37114000E-5	2.37114000E-5	2.73437500E-1	0.00000000E+0	0.00000000E+0
2.70996094E-1	2.34823001E-5	2.34823001E-5	2.70996094E-1	0.00000000E+0	0.00000000E+0
2.68554687E-1	2.32723996E-5	2.32723996E-5	2.68554687E-1	0.00000000E+0	0.00000000E+0
2.66113281E-1	2.30586993E-5	2.30586993E-5	2.66113281E-1	0.00000000E+0	0.00000000E+0
2.63671875E-1	2.28563003E-5	2.28563003E-5	2.63671875E-1	0.00000000E+0	0.00000000E+0
2.61230469E-1	2.26350003E-5	2.26350003E-5	2.61230469E-1	0.00000000E+0	0.00000000E+0
2.58789062E-1	2.24364994E-5	2.24364994E-5	2.58789062E-1	0.00000000E+0	0.00000000E+0
2.56347656E-1	2.22074996E-5	2.22074996E-5	2.56347656E-1	0.00000000E+0	0.00000000E+0
2.53906250E-1	2.20242000E-5	2.20242000E-5	2.53906250E-1	0.00000000E+0	0.00000000E+0
2.51464844E-1	2.17977995E-5	2.17977995E-5	2.51464844E-1	0.00000000E+0	0.00000000E+0
2.49023437E-1	2.15966993E-5	2.15966993E-5	2.49023437E-1	0.00000000E+0	0.00000000E+0
2.46582031E-1	2.13714993E-5	2.13714993E-5	2.46582031E-1	0.00000000E+0	0.00000000E+0
2.44140625E-1	2.11692004E-5	2.11692004E-5	2.44140625E-1	0.00000000E+0	0.00000000E+0
2.41699219E-1	2.09452992E-5	2.09452992E-5	2.41699219E-1	0.00000000E+0	0.00000000E+0
2.39257812E-1	2.07519006E-5	2.07519006E-5	2.39257812E-1	0.00000000E+0	0.00000000E+0
2.36816406E-1	2.05355991E-5	2.05355991E-5	2.36816406E-1	0.00000000E+0	0.00000000E+0
2.34375000E-1	2.03346008E-5	2.03346008E-5	2.34375000E-1	0.00000000E+0	0.00000000E+0
2.31933594E-1	2.01081002E-5	2.01081002E-5	2.31933594E-1	0.00000000E+0	0.00000000E+0
2.29492187E-1	1.99095994E-5	1.99095994E-5	2.29492187E-1	0.00000000E+0	0.00000000E+0
2.27050781E-1	1.96919991E-5	1.96919991E-5	2.27050781E-1	0.00000000E+0	0.00000000E+0
2.24609375E-1	1.94783006E-5	1.94783006E-5	2.24609375E-1	0.00000000E+0	0.00000000E+0
2.22167969E-1	1.92645002E-5	1.92645002E-5	2.22167969E-1	0.00000000E+0	0.00000000E+0
2.19726562E-1	1.90621995E-5	1.90621995E-5	2.19726562E-1	0.00000000E+0	0.00000000E+0
2.17285156E-1	1.88484992E-5	1.88484992E-5	2.17285156E-1	0.00000000E+0	0.00000000E+0
2.14843750E-1	1.86424004E-5	1.86424004E-5	2.14843750E-1	0.00000000E+0	0.00000000E+0
2.12402344E-1	1.84210003E-5	1.84210003E-5	2.12402344E-1	0.00000000E+0	0.00000000E+0
2.09960937E-1	1.82071999E-5	1.82071999E-5	2.09960937E-1	0.00000000E+0	0.00000000E+0
2.07519531E-1	1.80036004E-5	1.80036004E-5	2.07519531E-1	0.00000000E+0	0.00000000E+0
2.05078125E-1	1.77873007E-5	1.77873007E-5	2.05078125E-1	0.00000000E+0	0.00000000E+0
2.02636719E-1	1.75660007E-5	1.75660007E-5	2.02636719E-1	0.00000000E+0	0.00000000E+0
2.00195312E-1	1.73699991E-5	1.73699991E-5	2.00195312E-1	0.00000000E+0	0.00000000E+0
1.97753906E-1	1.71383999E-5	1.71383999E-5	1.97753906E-1	0.00000000E+0	0.00000000E+0
1.95312500E-1	1.69476007E-5	1.69476007E-5	1.95312500E-1	0.00000000E+0	0.00000000E+0
1.92871094E-1	1.67236994E-5	1.67236994E-5	1.92871094E-1	0.00000000E+0	0.00000000E+0
1.90429687E-1	1.65048004E-5	1.65048004E-5	1.90429687E-1	0.00000000E+0	0.00000000E+0
1.87988281E-1	1.62962006E-5	1.62962006E-5	1.87988281E-1	0.00000000E+0	0.00000000E+0
1.85546875E-1	1.60887994E-5	1.60887994E-5	1.85546875E-1	0.00000000E+0	0.00000000E+0
1.83105469E-1	1.58635994E-5	1.58635994E-5	1.83105469E-1	0.00000000E+0	0.00000000E+0
1.80664062E-1	1.56574006E-5	1.56574006E-5	1.80664062E-1	0.00000000E+0	0.00000000E+0
1.78222656E-1	1.54437002E-5	1.54437002E-5	1.78222656E-1	0.00000000E+0	0.00000000E+0
1.75781250E-1	1.52414004E-5	1.52414004E-5	1.75781250E-1	0.00000000E+0	0.00000000E+0
1.73339844E-1	1.50186997E-5	1.50186997E-5	1.73339844E-1	0.00000000E+0	0.00000000E+0
1.70898437E-1	1.48061999E-5	1.48061999E-5	1.70898437E-1	0.00000000E+0	0.00000000E+0
1.68457031E-1	1.45828999E-5	1.45828999E-5	1.68457031E-1	0.00000000E+0	0.00000000E+0
1.66015625E-1	1.43774996E-5	1.43774996E-5	1.66015625E-1	0.00000000E+0	0.00000000E+0
1.63574219E-1	1.41611999E-5	1.41611999E-5	1.63574219E-1	0.00000000E+0	0.00000000E+0
1.61132812E-1	1.39550002E-5	1.39550002E-5	1.61132812E-1	0.00000000E+0	0.00000000E+0
1.58691406E-1	1.37488996E-5	1.37488996E-5	1.58691406E-1	0.00000000E+0	0.00000000E+0
1.56250000E-1	1.35427999E-5	1.35427999E-5	1.56250000E-1	0.00000000E+0	0.00000000E+0
1.53808594E-1	1.33213998E-5	1.33213998E-5	1.53808594E-1	0.00000000E+0	0.00000000E+0
1.51367187E-1	1.31018996E-5	1.31018996E-5	1.51367187E-1	0.00000000E+0	0.00000000E+0
1.48925781E-1	1.28903002E-5	1.28903002E-5	1.48925781E-1	0.00000000E+0	0.00000000E+0
1.46484375E-1	1.26819004E-5	1.26819004E-5	1.46484375E-1	0.00000000E+0	0.00000000E+0
1.44042969E-1	1.24592998E-5	1.24592998E-5	1.44042969E-1	0.00000000E+0	0.00000000E+0
1.41601562E-1	1.22504998E-5	1.22504998E-5	1.41601562E-1	0.00000000E+0	0.00000000E+0
1.39160156E-1	1.20328996E-5	1.20328996E-5	1.39160156E-1	0.00000000E+0	0.00000000E+0
1.36718750E-1	1.18284997E-5	1.18284997E-5	1.36718750E-1	0.00000000E+0	0.00000000E+0
1.34277344E-1	1.16058000E-5	1.16058000E-5	1.34277344E-1	0.00000000E+0	0.00000000E+0
1.31835937E-1	1.14018003E-5	1.14018003E-5	1.31835937E-1	0.00000000E+0	0.00000000E+0
1.29394531E-1	1.11888003E-5	1.11888003E-5	1.29394531E-1	0.00000000E+0	0.00000000E+0
1.26953125E-1	1.09750999E-5	1.09750999E-5	1.26953125E-1	0.00000000E+0	0.00000000E+0
1.24511719E-1	1.07609003E-5	1.07609003E-5	1.24511719E-1	0.00000000E+0	0.00000000E+0
1.22070312E-1	1.05478002E-5	1.05478002E-5	1.22070312E-1	0.00000000E+0	0.00000000E+0
1.19628906E-1	1.03355997E-5	1.03355997E-5	1.19628906E-1	0.00000000E+0	0.00000000E+0
1.17187500E-1	1.01223004E-5	1.01223004E-5	1.17187500E-1	0.00000000E+0	0.00000000E+0
1.14746094E-1	9.90691024E-6	9.90691024E-6	1.14746094E-1	0.00000000E+0	0.00000000E+0
1.12304687E-1	9.69101984E-6	9.69101984E-6	1.12304687E-1	0.00000000E+0	0.00000000E+0
1.09863281E-1	9.47424996E-6	9.47424996E-6	1.09863281E-1	0.00000000E+0	0.00000000E+0
1.07421875E-1	9.26511984E-6	9.26511984E-6	1.07421875E-1	0.00000000E+0	0.00000000E+0
1.04980469E-1	9.04797980E-6	9.04797980E-6	1.04980469E-1	0.00000000E+0	0.00000000E+0
1.02539062E-1	8.83617031E-6	8.83617031E-6	1.02539062E-1	0.00000000E+0	0.00000000E+0
1.00097656E-1	8.61596982E-6	8.61596982E-6	1.00097656E-1	0.00000000E+0	0.00000000E+0
9.76562500E-2	8.41332985E-6	8.41332985E-6	9.76562500E-2	0.00000000E+0	0.00000000E+0
9.52148438E-2	8.19313027E-6	8.19313027E-6	9.52148438E-2	0.00000000E+0	0.00000000E+0
9.27734375E-2	7.98361998E-6	7.98361998E-6	9.27734375E-2	0.00000000E+0	0.00000000E+0
9.03320313E-2	7.76457000E-6	7.76457000E-6	9.03320313E-2	0.00000000E+0	0.00000000E+0
8.78906250E-2	7.55696010E-6	7.55696010E-6	8.78906250E-2	0.00000000E+0	0.00000000E+0
8.54492188E-2	7.34096011E-6	7.34096011E-6	8.54492188E-2	0.00000000E+0	0.00000000E+0
8.30078125E-2	7.13336021E-6	7.13336021E-6	8.30078125E-2	0.00000000E+0	0.00000000E+0
8.05664063E-2	6.91849982E-6	6.91849982E-6	8.05664063E-2	0.00000000E+0	0.00000000E+0
7.81250000E-2	6.70974987E-6	6.70974987E-6	7.81250000E-2	0.00000000E+0	0.00000000E+0
7.56835938E-2	6.49069989E-6	6.49069989E-6	7.56835938E-2	0.00000000E+0	0.00000000E+0
7.32421875E-2	6.28004000E-6	6.28004000E-6	7.32421875E-2	0.00000000E+0	0.00000000E+0
7.08007813E-2	6.06328013E-6	6.06328013E-6	7.08007813E-2	0.00000000E+0	0.00000000E+0
6.83593750E-2	5.85415000E-6	5.85415000E-6	6.83593750E-2	0.00000000E+0	0.00000000E+0
6.59179688E-2	5.63585991E-6	5.63585991E-6	6.59179688E-2	0.00000000E+0	0.00000000E+0
6.34765625E-2	5.42595990E-6	5.42595990E-6	6.34765625E-2	0.00000000E+0	0.00000000E+0
6.10351563E-2	5.21225002E-6	5.21225002E-6	6.10351563E-2	0.00000000E+0	0.00000000E+0
5.85937500E-2	5.00082979E-6	5.00082979E-6	5.85937500E-2	0.00000000E+0	0.00000000E+0
5.61523438E-2	4.78330003E-6	4.78330003E-6	5.61523438E-2	0.00000000E+0	0.00000000E+0
5.37109375E-2	4.57265014E-6	4.57265014E-6	5.37109375E-2	0.00000000E+0	0.00000000E+0
5.12695313E-2	4.36121991E-6	4.36121991E-6	5.12695313E-2	0.00000000E+0	0.00000000E+0
4.88281250E-2	4.14827991E-6	4.14827991E-6	4.88281250E-2	0.00000000E+0	0.00000000E+0
4.63867188E-2	3.93608980E-6	3.93608980E-6	4.63867188E-2	0.00000000E+0	0.00000000E+0
4.39453125E-2	3.72542991E-6	3.72542991E-6	4.39453125E-2	0.00000000E+0	0.00000000E+0
4.15039063E-2	3.50867003E-6	3.50867003E-6	4.15039063E-2	0.00000000E+0	0.00000000E+0
3.90625000E-2	3.30258990E-6	3.30258990E-6	3.90625000E-2	0.00000000E+0	0.00000000E+0
3.66210938E-2	3.08239009E-6	3.08239009E-6	3.66210938E-2	0.00000000E+0	0.00000000E+0
3.41796875E-2	2.87211992E-6	2.87211992E-6	3.41796875E-2	0.00000000E+0	0.00000000E+0
3.17382813E-2	2.65383005E-6	2.65383005E-6	3.17382813E-2	0.00000000E+0	0.00000000E+0
2.92968750E-2	2.44774992E-6	2.44774992E-6	2.92968750E-2	0.00000000E+0	0.00000000E+0
2.68554688E-2	2.22983999E-6	2.22983999E-6	2.68554688E-2	0.00000000E+0	0.00000000E+0
2.44140625E-2	2.01957005E-6	2.01957005E-6	2.44140625E-2	0.00000000E+0	0.00000000E+0
2.19726563E-2	1.80586005E-6	1.80586005E-6	2.19726563E-2	0.00000000E+0	0.00000000E+0
1.95312500E-2	1.59978003E-6	1.59978003E-6	1.95312500E-2	0.00000000E+0	0.00000000E+0
1.70898438E-2	1.38225005E-6	1.38225005E-6	1.70898438E-2	0.00000000E+0	0.00000000E+0
1.46484375E-2	1.17371997E-6	1.17371997E-6	1.46484375E-2	0.00000000E+0	0.00000000E+0
1.22070313E-2	9.58504984E-7	9.58504984E-7	1.22070313E-2	0.00000000E+0	0.00000000E+0
9.76562500E-3	7.50867002E-7	7.50867002E-7	9.76562500E-3	0.00000000E+0	0.00000000E+0
7.32421875E-3	5.34408002E-7	5.34408002E-7	7.32421875E-3	0.00000000E+0	0.00000000E+0
4.88281250E-3	3.27609001E-7	3.27609001E-7	4.88281250E-3	0.00000000E+0	0.00000000E+0
2.44140625E-3	1.16646000E-7	1.16646000E-7	2.44140625E-3	0.00000000E+0	0.00000000E+0
0.00000000E+0	-3.00437009E-9	-3.00437009E-9	0.00000000E+0	0.00000000E+0	0.00000000E+0
-2.44140625E-3	-2.64913012E-7	-2.64913012E-7	-2.44140625E-3	0.00000000E+0	0.00000000E+0
-4.88281250E-3	-4.86907993E-7	-4.86907993E-7	-4.88281250E-3	0.00000000E+0	0.00000000E+0
-7.32421875E-3	-7.16006014E-7	-7.16006014E-7	-7.32421875E-3	0.00000000E+0	0.00000000E+0
-9.76562500E-3	-9.37389984E-7	-9.37389984E-7	-9.76562500E-3	0.00000000E+0	0.00000000E+0
-1.22070313E-2	-1.16944000E-6	-1.16944000E-6	-1.22070313E-2	0.00000000E+0	0.00000000E+0
-1.46484375E-2	-1.39235999E-6	-1.39235999E-6	-1.46484375E-2	0.00000000E+0	0.00000000E+0
-1.70898438E-2	-1.62241997E-6	-1.62241997E-6	-1.70898438E-2	0.00000000E+0	0.00000000E+0
-1.95312500E-2	-1.84401995E-6	-1.84401995E-6	-1.95312500E-2	0.00000000E+0	0.00000000E+0
-2.19726563E-2	-2.07604990E-6	-2.07604990E-6	-2.19726563E-2	0.00000000E+0	0.00000000E+0
-2.44140625E-2	-2.30273008E-6	-2.30273008E-6	-2.44140625E-2	0.00000000E+0	0.00000000E+0
-2.68554688E-2	-2.53475991E-6	-2.53475991E-6	-2.68554688E-2	0.00000000E+0	0.00000000E+0
-2.92968750E-2	-2.75800994E-6	-2.75800994E-6	-2.92968750E-2	0.00000000E+0	0.00000000E+0
-3.17382813E-2	-2.99119006E-6	-2.99119006E-6	-3.17382813E-2	0.00000000E+0	0.00000000E+0
-3.41796875E-2	-3.21482003E-6	-3.21482003E-6	-3.41796875E-2	0.00000000E+0	0.00000000E+0
-3.66210938E-2	-3.44379009E-6	-3.44379009E-6	-3.66210938E-2	0.00000000E+0	0.00000000E+0
-3.90625000E-2	-3.66743006E-6	-3.66743006E-6	-3.90625000E-2	0.00000000E+0	0.00000000E+0
-4.15039063E-2	-3.90175001E-6	-3.90175001E-6	-4.15039063E-2	0.00000000E+0	0.00000000E+0
-4.39453125E-2	-4.13149019E-6	-4.13149019E-6	-4.39453125E-2	0.00000000E+0	0.00000000E+0
-4.63867188E-2	-4.36427990E-6	-4.36427990E-6	-4.63867188E-2	0.00000000E+0	0.00000000E+0
-4.88281250E-2	-4.58943987E-6	-4.58943987E-6	-4.88281250E-2	0.00000000E+0	0.00000000E+0
-5.12695313E-2	-4.82528003E-6	-4.82528003E-6	-5.12695313E-2	0.00000000E+0	0.00000000E+0
-5.37109375E-2	-5.04891023E-6	-5.04891023E-6	-5.37109375E-2	0.00000000E+0	0.00000000E+0
-5.61523438E-2	-5.28209011E-6	-5.28209011E-6	-5.61523438E-2	0.00000000E+0	0.00000000E+0
-5.85937500E-2	-5.50686991E-6	-5.50686991E-6	-5.85937500E-2	0.00000000E+0	0.00000000E+0
-6.10351563E-2	-5.74117985E-6	-5.74117985E-6	-6.10351563E-2	0.00000000E+0	0.00000000E+0
-6.34765625E-2	-5.96557993E-6	-5.96557993E-6	-6.34765625E-2	0.00000000E+0	0.00000000E+0
-6.59179688E-2	-6.19952016E-6	-6.19952016E-6	-6.59179688E-2	0.00000000E+0	0.00000000E+0
-6.83593750E-2	-6.42659006E-6	-6.42659006E-6	-6.83593750E-2	0.00000000E+0	0.00000000E+0
-7.08007813E-2	-6.65860989E-6	-6.65860989E-6	-7.08007813E-2	0.00000000E+0	0.00000000E+0
-7.32421875E-2	-6.88148020E-6	-6.88148020E-6	-7.32421875E-2	0.00000000E+0	0.00000000E+0
-7.56835938E-2	-7.11121993E-6	-7.11121993E-6	-7.56835938E-2	0.00000000E+0	0.00000000E+0
-7.81250000E-2	-7.33562001E-6	-7.33562001E-6	-7.81250000E-2	0.00000000E+0	0.00000000E+0
-8.05664063E-2	-7.56573991E-6	-7.56573991E-6	-8.05664063E-2	0.00000000E+0	0.00000000E+0
-8.30078125E-2	-7.79777019E-6	-7.79777019E-6	-8.30078125E-2	0.00000000E+0	0.00000000E+0
-8.54492188E-2	-8.02751038E-6	-8.02751038E-6	-8.54492188E-2	0.00000000E+0	0.00000000E+0
-8.78906250E-2	-8.25076040E-6	-8.25076040E-6	-8.78906250E-2	0.00000000E+0	0.00000000E+0
-9.03320313E-2	-8.48469972E-6	-8.48469972E-6	-9.03320313E-2	0.00000000E+0	0.00000000E+0
-9.27734375E-2	-8.71366956E-6	-8.71366956E-6	-9.27734375E-2	0.00000000E+0	0.00000000E+0
-9.52148438E-2	-8.94417008E-6	-8.94417008E-6	-9.52148438E-2	0.00000000E+0	0.00000000E+0
-9.76562500E-2	-9.16170029E-6	-9.16170029E-6	-9.76562500E-2	0.00000000E+0	0.00000000E+0
-1.00097656E-1	-9.39601978E-6	-9.39601978E-6	-1.00097656E-1	0.00000000E+0	0.00000000E+0
-1.02539062E-1	-9.62117974E-6	-9.62117974E-6	-1.02539062E-1	0.00000000E+0	0.00000000E+0
-1.04980469E-1	-9.85168026E-6	-9.85168026E-6	-1.04980469E-1	0.00000000E+0	0.00000000E+0
-1.07421875E-1	-1.00787001E-5	-1.00787001E-5	-1.07421875E-1	0.00000000E+0	0.00000000E+0
-1.09863281E-1	-1.03037000E-5	-1.03037000E-5	-1.09863281E-1	0.00000000E+0	0.00000000E+0
-1.12304687E-1	-1.05256004E-5	-1.05256004E-5	-1.12304687E-1	0.00000000E+0	0.00000000E+0
-1.14746094E-1	-1.07534997E-5	-1.07534997E-5	-1.14746094E-1	0.00000000E+0	0.00000000E+0
-1.17187500E-1	-1.09787998E-5	-1.09787998E-5	-1.17187500E-1	0.00000000E+0	0.00000000E+0
-1.19628906E-1	-1.12144999E-5	-1.12144999E-5	-1.19628906E-1	0.00000000E+0	0.00000000E+0
-1.22070312E-1	-1.14372997E-5	-1.14372997E-5	-1.22070312E-1	0.00000000E+0	0.00000000E+0
-1.24511719E-1	-1.16731999E-5	-1.16731999E-5	-1.24511719E-1	0.00000000E+0	0.00000000E+0
-1.26953125E-1	-1.18937996E-5	-1.18937996E-5	-1.26953125E-1	0.00000000E+0	0.00000000E+0
-1.29394531E-1	-1.21272997E-5	-1.21272997E-5	-1.29394531E-1	0.00000000E+0	0.00000000E+0
-1.31835937E-1	-1.23440996E-5	-1.23440996E-5	-1.31835937E-1	0.00000000E+0	0.00000000E+0
-1.34277344E-1	-1.25789002E-5	-1.25789002E-5	-1.34277344E-1	0.00000000E+0	0.00000000E+0
-1.36718750E-1	-1.28068996E-5	-1.28068996E-5	-1.36718750E-1	0.00000000E+0	0.00000000E+0
-1.39160156E-1	-1.30356002E-5	-1.30356002E-5	-1.39160156E-1	0.00000000E+0	0.00000000E+0
-1.41601562E-1	-1.32584000E-5	-1.32584000E-5	-1.41601562E-1	0.00000000E+0	0.00000000E+0
-1.44042969E-1	-1.34817001E-5	-1.34817001E-5	-1.44042969E-1	0.00000000E+0	0.00000000E+0
-1.46484375E-1	-1.37108000E-5	-1.37108000E-5	-1.46484375E-1	0.00000000E+0	0.00000000E+0
-1.48925781E-1	-1.39473996E-5	-1.39473996E-5	-1.48925781E-1	0.00000000E+0	0.00000000E+0
-1.51367187E-1	-1.41739001E-5	-1.41739001E-5	-1.51367187E-1	0.00000000E+0	0.00000000E+0
-1.53808594E-1	-1.43978004E-5	-1.43978004E-5	-1.53808594E-1	0.00000000E+0	0.00000000E+0
-1.56250000E-1	-1.46115999E-5	-1.46115999E-5	-1.56250000E-1	0.00000000E+0	0.00000000E+0
-1.58691406E-1	-1.48482004E-5	-1.48482004E-5	-1.58691406E-1	0.00000000E+0	0.00000000E+0
-1.61132812E-1	-1.50773003E-5	-1.50773003E-5	-1.61132812E-1	0.00000000E+0	0.00000000E+0
-1.63574219E-1	-1.53062992E-5	-1.53062992E-5	-1.63574219E-1	0.00000000E+0	0.00000000E+0
-1.66015625E-1	-1.55199996E-5	-1.55199996E-5	-1.66015625E-1	0.00000000E+0	0.00000000E+0
-1.68457031E-1	-1.57623999E-5	-1.57623999E-5	-1.68457031E-1	0.00000000E+0	0.00000000E+0
-1.70898437E-1	-1.59857009E-5	-1.59857009E-5	-1.70898437E-1	0.00000000E+0	0.00000000E+0
-1.73339844E-1	-1.62197994E-5	-1.62197994E-5	-1.73339844E-1	0.00000000E+0	0.00000000E+0
-1.75781250E-1	-1.64361009E-5	-1.64361009E-5	-1.75781250E-1	0.00000000E+0	0.00000000E+0
-1.78222656E-1	-1.66690006E-5	-1.66690006E-5	-1.78222656E-1	0.00000000E+0	0.00000000E+0
-1.80664062E-1	-1.69018003E-5	-1.69018003E-5	-1.80664062E-1	0.00000000E+0	0.00000000E+0
-1.83105469E-1	-1.71155007E-5	-1.71155007E-5	-1.83105469E-1	0.00000000E+0	0.00000000E+0
-1.85546875E-1	-1.73419994E-5	-1.73419994E-5	-1.85546875E-1	0.00000000E+0	0.00000000E+0
-1.87988281E-1	-1.75837995E-5	-1.75837995E-5	-1.87988281E-1	0.00000000E+0	0.00000000E+0
-1.90429687E-1	-1.78064001E-5	-1.78064001E-5	-1.90429687E-1	0.00000000E+0	0.00000000E+0
-1.92871094E-1	-1.80316001E-5	-1.80316001E-5	-1.92871094E-1	0.00000000E+0	0.00000000E+0
-1.95312500E-1	-1.82454005E-5	-1.82454005E-5	-1.95312500E-1	0.00000000E+0	0.00000000E+0
-1.97753906E-1	-1.84782002E-5	-1.84782002E-5	-1.97753906E-1	0.00000000E+0	0.00000000E+0
-2.00195312E-1	-1.87034002E-5	-1.87034002E-5	-2.00195312E-1	0.00000000E+0	0.00000000E+0
-2.02636719E-1	-1.89363000E-5	-1.89363000E-5	-2.02636719E-1	0.00000000E+0	0.00000000E+0
-2.05078125E-1	-1.91614999E-5	-1.91614999E-5	-2.05078125E-1	0.00000000E+0	0.00000000E+0
-2.07519531E-1	-1.93853994E-5	-1.93853994E-5	-2.07519531E-1	0.00000000E+0	0.00000000E+0
-2.09960937E-1	-1.96194997E-5	-1.96194997E-5	-2.09960937E-1	0.00000000E+0	0.00000000E+0
-2.12402344E-1	-1.98434009E-5	-1.98434009E-5	-2.12402344E-1	0.00000000E+0	0.00000000E+0
-2.14843750E-1	-2.00585000E-5	-2.00585000E-5	-2.14843750E-1	0.00000000E+0	0.00000000E+0
-2.17285156E-1	-2.02799001E-5	-2.02799001E-5	-2.17285156E-1	0.00000000E+0	0.00000000E+0
-2.19726562E-1	-2.05051001E-5	-2.05051001E-5	-2.19726562E-1	0.00000000E+0	0.00000000E+0
-2.22167969E-1	-2.07378998E-5	-2.07378998E-5	-2.22167969E-1	0.00000000E+0	0.00000000E+0
-2.24609375E-1	-2.09517002E-5	-2.09517002E-5	-2.24609375E-1	0.00000000E+0	0.00000000E+0
-2.27050781E-1	-2.11769002E-5	-2.11769002E-5	-2.27050781E-1	0.00000000E+0	0.00000000E+0
-2.29492187E-1	-2.13906005E-5	-2.13906005E-5	-2.29492187E-1	0.00000000E+0	0.00000000E+0
-2.31933594E-1	-2.16424996E-5	-2.16424996E-5	-2.31933594E-1	0.00000000E+0	0.00000000E+0
-2.34375000E-1	-2.18410005E-5	-2.18410005E-5	-2.34375000E-1	0.00000000E+0	0.00000000E+0
-2.36816406E-1	-2.20777001E-5	-2.20777001E-5	-2.36816406E-1	0.00000000E+0	0.00000000E+0
-2.39257812E-1	-2.22965009E-5	-2.22965009E-5	-2.39257812E-1	0.00000000E+0	0.00000000E+0
-2.41699219E-1	-2.25255008E-5	-2.25255008E-5	-2.41699219E-1	0.00000000E+0	0.00000000E+0
-2.44140625E-1	-2.27342007E-5	-2.27342007E-5	-2.44140625E-1	0.00000000E+0	0.00000000E+0
-2.46582031E-1	-2.29632005E-5	-2.29632005E-5	-2.46582031E-1	0.00000000E+0	0.00000000E+0
-2.49023437E-1	-2.31922004E-5	-2.31922004E-5	-2.49023437E-1	0.00000000E+0	0.00000000E+0
-2.51464844E-1	-2.34175004E-5	-2.34175004E-5	-2.51464844E-1	0.00000000E+0	0.00000000E+0
-2.53906250E-1	-2.36312007E-5	-2.36312007E-5	-2.53906250E-1	0.00000000E+0	0.00000000E+0
-2.56347656E-1	-2.38640005E-5	-2.38640005E-5	-2.56347656E-1	0.00000000E+0	0.00000000E+0
-2.58789062E-1	-2.40931004E-5	-2.40931004E-5	-2.58789062E-1	0.00000000E+0	0.00000000E+0
-2.61230469E-1	-2.43068007E-5	-2.43068007E-5	-2.61230469E-1	0.00000000E+0	0.00000000E+0
-2.63671875E-1	-2.45358005E-5	-2.45358005E-5	-2.63671875E-1	0.00000000E+0	0.00000000E+0
-2.66113281E-1	-2.47495991E-5	-2.47495991E-5	-2.66113281E-1	0.00000000E+0	0.00000000E+0
-2.68554687E-1	-2.49748009E-5	-2.49748009E-5	-2.68554687E-1	0.00000000E+0	0.00000000E+0
-2.70996094E-1	-2.52076006E-5	-2.52076006E-5	-2.70996094E-1	0.00000000E+0	0.00000000E+0
-2.73437500E-1	-2.54213992E-5	-2.54213992E-5	-2.73437500E-1	0.00000000E+0	0.00000000E+0
-2.75878906E-1	-2.56350995E-5	-2.56350995E-5	-2.75878906E-1	0.00000000E+0	0.00000000E+0
-2.78320312E-1	-2.58488999E-5	-2.58488999E-5	-2.78320312E-1	0.00000000E+0	0.00000000E+0
-2.80761719E-1	-2.60778997E-5	-2.60778997E-5	-2.80761719E-1	0.00000000E+0	0.00000000E+0
-2.83203125E-1	-2.62917001E-5	-2.62917001E-5	-2.83203125E-1	0.00000000E+0	0.00000000E+0
-2.85644531E-1	-2.65054005E-5	-2.65054005E-5	-2.85644531E-1	0.00000000E+0	0.00000000E+0
-2.88085937E-1	-2.67192008E-5	-2.67192008E-5	-2.88085937E-1	0.00000000E+0	0.00000000E+0
-2.90527344E-1	-2.69100001E-5	-2.69100001E-5	-2.90527344E-1	0.00000000E+0	0.00000000E+0
-2.92968750E-1	-2.71314002E-5	-2.71314002E-5	-2.92968750E-1	0.00000000E+0	0.00000000E+0
-2.95410156E-1	-2.73375008E-5	-2.73375008E-5	-2.95410156E-1	0.00000000E+0	0.00000000E+0
-2.97851562E-1	-2.75208004E-5	-2.75208004E-5	-2.97851562E-1	0.00000000E+0	0.00000000E+0
-3.00292969E-1	-2.77268991E-5	-2.77268991E-5	-3.00292969E-1	0.00000000E+0	0.00000000E+0
-3.02734375E-1	-2.79405995E-5	-2.79405995E-5	-3.02734375E-1	0.00000000E+0	0.00000000E+0
-3.05175781E-1	-2.81391003E-5	-2.81391003E-5	-3.05175781E-1	0.00000000E+0	0.00000000E+0
-3.07617187E-1	-2.83375994E-5	-2.83375994E-5	-3.07617187E-1	0.00000000E+0	0.00000000E+0
-3.10058594E-1	-2.85361002E-5	-2.85361002E-5	-3.10058594E-1	0.00000000E+0	0.00000000E+0
-3.12500000E-1	-2.87498005E-5	-2.87498005E-5	-3.12500000E-1	0.00000000E+0	0.00000000E+0
-3.14941406E-1	-2.89635991E-5	-2.89635991E-5	-3.14941406E-1	0.00000000E+0	0.00000000E+0
-3.17382812E-1	-2.91772994E-5	-2.91772994E-5	-3.17382812E-1	0.00000000E+0	0.00000000E+0
-3.19824219E-1	-2.93835001E-5	-2.93835001E-5	-3.19824219E-1	0.00000000E+0	0.00000000E+0
-3.22265625E-1	-2.96162998E-5	-2.96162998E-5	-3.22265625E-1	0.00000000E+0	0.00000000E+0
-3.24707031E-1	-2.98414998E-5	-2.98414998E-5	-3.24707031E-1	0.00000000E+0	0.00000000E+0
-3.27148437E-1	-3.00628999E-5	-3.00628999E-5	-3.27148437E-1	0.00000000E+0	0.00000000E+0
-3.29589844E-1	-3.02880999E-5	-3.02880999E-5	-3.29589844E-1	0.00000000E+0	0.00000000E+0
-3.32031250E-1	-3.04904006E-5	-3.04904006E-5	-3.32031250E-1	0.00000000E+0	0.00000000E+0
-3.34472656E-1	-3.07156006E-5	-3.07156006E-5	-3.34472656E-1	0.00000000E+0	0.00000000E+0
-3.36914062E-1	-3.09255011E-5	-3.09255011E-5	-3.36914062E-1	0.00000000E+0	0.00000000E+0
-3.39355469E-1	-3.11545991E-5	-3.11545991E-5	-3.39355469E-1	0.00000000E+0	0.00000000E+0
-3.41796875E-1	-3.13683013E-5	-3.13683013E-5	-3.41796875E-1	0.00000000E+0	0.00000000E+0
-3.44238281E-1	-3.15897014E-5	-3.15897014E-5	-3.44238281E-1	0.00000000E+0	0.00000000E+0
-3.46679687E-1	-3.18148996E-5	-3.18148996E-5	-3.46679687E-1	0.00000000E+0	0.00000000E+0
-3.49121094E-1	-3.20401014E-5	-3.20401014E-5	-3.49121094E-1	0.00000000E+0	0.00000000E+0
-3.51562500E-1	-3.22232991E-5	-3.22232991E-5	-3.51562500E-1	0.00000000E+0	0.00000000E+0
-3.54003906E-1	-3.24752982E-5	-3.24752982E-5	-3.54003906E-1	0.00000000E+0	0.00000000E+0
-3.56445312E-1	-3.26966001E-5	-3.26966001E-5	-3.56445312E-1	0.00000000E+0	0.00000000E+0
-3.58886719E-1	-3.29217983E-5	-3.29217983E-5	-3.58886719E-1	0.00000000E+0	0.00000000E+0
-3.61328125E-1	-3.31470983E-5	-3.31470983E-5	-3.61328125E-1	0.00000000E+0	0.00000000E+0
-3.63769531E-1	-3.33608004E-5	-3.33608004E-5	-3.63769531E-1	0.00000000E+0	0.00000000E+0
-3.66210937E-1	-3.35746008E-5	-3.35746008E-5	-3.66210937E-1	0.00000000E+0	0.00000000E+0
-3.68652344E-1	-3.37882993E-5	-3.37882993E-5	-3.68652344E-1	0.00000000E+0	0.00000000E+0
-3.71093750E-1	-3.40020997E-5	-3.40020997E-5	-3.71093750E-1	0.00000000E+0	0.00000000E+0
-3.73535156E-1	-3.42464009E-5	-3.42464009E-5	-3.73535156E-1	0.00000000E+0	0.00000000E+0
-3.75976562E-1	-3.44676992E-5	-3.44676992E-5	-3.75976562E-1	0.00000000E+0	0.00000000E+0
-3.78417969E-1	-3.46738998E-5	-3.46738998E-5	-3.78417969E-1	0.00000000E+0	0.00000000E+0
-3.80859375E-1	-3.48952017E-5	-3.48952017E-5	-3.80859375E-1	0.00000000E+0	0.00000000E+0
-3.83300781E-1	-3.51013987E-5	-3.51013987E-5	-3.83300781E-1	0.00000000E+0	0.00000000E+0
-3.85742187E-1	-3.53227988E-5	-3.53227988E-5	-3.85742187E-1	0.00000000E+0	0.00000000E+0
-3.88183594E-1	-3.55670018E-5	-3.55670018E-5	-3.88183594E-1	0.00000000E+0	0.00000000E+0
-3.90625000E-1	-3.57731988E-5	-3.57731988E-5	-3.90625000E-1	0.00000000E+0	0.00000000E+0
-3.93066406E-1	-3.59945989E-5	-3.59945989E-5	-3.93066406E-1	0.00000000E+0	0.00000000E+0
-3.95507812E-1	-3.62007013E-5	-3.62007013E-5	-3.95507812E-1	0.00000000E+0	0.00000000E+0
-3.97949219E-1	-3.64221014E-5	-3.64221014E-5	-3.97949219E-1	0.00000000E+0	0.00000000E+0
-4.00390625E-1	-3.66357999E-5	-3.66357999E-5	-4.00390625E-1	0.00000000E+0	0.00000000E+0
-4.02832031E-1	-3.68572000E-5	-3.68572000E-5	-4.02832031E-1	0.00000000E+0	0.00000000E+0
-4.05273437E-1	-3.70556991E-5	-3.70556991E-5	-4.05273437E-1	0.00000000E+0	0.00000000E+0
-4.07714844E-1	-3.73076000E-5	-3.73076000E-5	-4.07714844E-1	0.00000000E+0	0.00000000E+0
-4.10156250E-1	-3.75290001E-5	-3.75290001E-5	-4.10156250E-1	0.00000000E+0	0.00000000E+0
-4.12597656E-1	-3.77350989E-5	-3.77350989E-5	-4.12597656E-1	0.00000000E+0	0.00000000E+0
-4.15039062E-1	-3.79279008E-5	-3.79279008E-5	-4.15039062E-1	0.00000000E+0	0.00000000E+0
-4.17480469E-1	-3.81550017E-5	-3.81550017E-5	-4.17480469E-1	0.00000000E+0	0.00000000E+0
-4.19921875E-1	-3.83764018E-5	-3.83764018E-5	-4.19921875E-1	0.00000000E+0	0.00000000E+0
-4.22363281E-1	-3.85825006E-5	-3.85825006E-5	-4.22363281E-1	0.00000000E+0	0.00000000E+0
-4.24804687E-1	-3.88039007E-5	-3.88039007E-5	-4.24804687E-1	0.00000000E+0	0.00000000E+0
-4.27246094E-1	-3.90099995E-5	-3.90099995E-5	-4.27246094E-1	0.00000000E+0	0.00000000E+0
-4.29687500E-1	-3.92543006E-5	-3.92543006E-5	-4.29687500E-1	0.00000000E+0	0.00000000E+0
-4.32128906E-1	-3.94603994E-5	-3.94603994E-5	-4.32128906E-1	0.00000000E+0	0.00000000E+0
-4.34570312E-1	-3.97084987E-5	-3.97084987E-5	-4.34570312E-1	0.00000000E+0	0.00000000E+0
-4.37011719E-1	-3.99031996E-5	-3.99031996E-5	-4.37011719E-1	0.00000000E+0	0.00000000E+0
-4.39453125E-1	-4.01284015E-5	-4.01284015E-5	-4.39453125E-1	0.00000000E+0	0.00000000E+0
-4.41894531E-1	-4.03746017E-5	-4.03746017E-5	-4.41894531E-1	0.00000000E+0	0.00000000E+0
-4.44335937E-1	-4.05940991E-5	-4.05940991E-5	-4.44335937E-1	0.00000000E+0	0.00000000E+0
-4.46777344E-1	-4.08269007E-5	-4.08269007E-5	-4.46777344E-1	0.00000000E+0	0.00000000E+0
-4.49218750E-1	-4.10024986E-5	-4.10024986E-5	-4.49218750E-1	0.00000000E+0	0.00000000E+0
-4.51660156E-1	-4.12162008E-5	-4.12162008E-5	-4.51660156E-1	0.00000000E+0	0.00000000E+0
-4.54101562E-1	-4.14376009E-5	-4.14376009E-5	-4.54101562E-1	0.00000000E+0	0.00000000E+0
-4.56542969E-1	-4.16686016E-5	-4.16686016E-5	-4.56542969E-1	0.00000000E+0	0.00000000E+0
-4.58984375E-1	-4.18880009E-5	-4.18880009E-5	-4.58984375E-1	0.00000000E+0	0.00000000E+0
-4.61425781E-1	-4.21018012E-5	-4.21018012E-5	-4.61425781E-1	0.00000000E+0	0.00000000E+0
-4.63867187E-1	-4.23423007E-5	-4.23423007E-5	-4.63867187E-1	0.00000000E+0	0.00000000E+0
-4.66308594E-1	-4.25368999E-5	-4.25368999E-5	-4.66308594E-1	0.00000000E+0	0.00000000E+0
-4.68750000E-1	-4.27679006E-5	-4.27679006E-5	-4.68750000E-1	0.00000000E+0	0.00000000E+0
-4.71191406E-1	-4.29872998E-5	-4.29872998E-5	-4.71191406E-1	0.00000000E+0	0.00000000E+0
-4.73632812E-1	-4.32316010E-5	-4.32316010E-5	-4.73632812E-1	0.00000000E+0	0.00000000E+0
-4.76074219E-1	-4.34530011E-5	-4.34530011E-5	-4.76074219E-1	0.00000000E+0	0.00000000E+0
-4.78515625E-1	-4.36668015E-5	-4.36668015E-5	-4.78515625E-1	0.00000000E+0	0.00000000E+0
-4.80957031E-1	-4.38805000E-5	-4.38805000E-5	-4.80957031E-1	0.00000000E+0	0.00000000E+0
-4.83398437E-1	-4.40943004E-5	-4.40943004E-5	-4.83398437E-1	0.00000000E+0	0.00000000E+0
-4.85839844E-1	-4.43386016E-5	-4.43386016E-5	-4.85839844E-1	0.00000000E+0	0.00000000E+0
-4.88281250E-1	-4.45523001E-5	-4.45523001E-5	-4.88281250E-1	0.00000000E+0	0.00000000E+0
-4.90722656E-1	-4.47583989E-5	-4.47583989E-5	-4.90722656E-1	0.00000000E+0	0.00000000E+0
-4.93164062E-1	-4.49912986E-5	-4.49912986E-5	-4.93164062E-1	0.00000000E+0	0.00000000E+0
-4.90722656E-1	-4.47583989E-5	-4.47583989E-5	-4.90722656E-1	0.00000000E+0	0.00000000E+0
-4.88281250E-1	-4.45523001E-5	-4.45523001E-5	-4.88281250E-1	0.00000000E+0	0.00000000E+0
-4.85839844E-1	-4.43386016E-5	-4.43386016E-5	-4.85839844E-1	0.00000000E+0	0.00000000E+0
-4.83398437E-1	-4.41248012E-5	-4.41248012E-5	-4.83398437E-1	0.00000000E+0	0.00000000E+0
-4.80957031E-1	-4.38805000E-5	-4.38805000E-5	-4.80957031E-1	0.00000000E+0	0.00000000E+0
-4.78515625E-1	-4.36668015E-5	-4.36668015E-5	-4.78515625E-1	0.00000000E+0	0.00000000E+0
-4.76074219E-1	-4.34530011E-5	-4.34530011E-5	-4.76074219E-1	0.00000000E+0	0.00000000E+0
-4.73632812E-1	-4.32316010E-5	-4.32316010E-5	-4.73632812E-1	0.00000000E+0	0.00000000E+0
-4.71191406E-1	-4.30178989E-5	-4.30178989E-5	-4.71191406E-1	0.00000000E+0	0.00000000E+0
-4.68750000E-1	-4.27679006E-5	-4.27679006E-5	-4.68750000E-1	0.00000000E+0	0.00000000E+0
-4.66308594E-1	-4.25522012E-5	-4.25522012E-5	-4.66308594E-1	0.00000000E+0	0.00000000E+0
-4.63867187E-1	-4.23423007E-5	-4.23423007E-5	-4.63867187E-1	0.00000000E+0	0.00000000E+0
-4.61425781E-1	-4.21322984E-5	-4.21322984E-5	-4.61425781E-1	0.00000000E+0	0.00000000E+0
-4.58984375E-1	-4.19261996E-5	-4.19261996E-5	-4.58984375E-1	0.00000000E+0	0.00000000E+0
-4.56542969E-1	-4.16934017E-5	-4.16934017E-5	-4.56542969E-1	0.00000000E+0	0.00000000E+0
-4.54101562E-1	-4.14604983E-5	-4.14604983E-5	-4.54101562E-1	0.00000000E+0	0.00000000E+0
-4.51660156E-1	-4.12543995E-5	-4.12543995E-5	-4.51660156E-1	0.00000000E+0	0.00000000E+0
-4.49218750E-1	-4.10329994E-5	-4.10329994E-5	-4.49218750E-1	0.00000000E+0	0.00000000E+0
-4.46777344E-1	-4.08269007E-5	-4.08269007E-5	-4.46777344E-1	0.00000000E+0	0.00000000E+0
-4.44335937E-1	-4.05940991E-5	-4.05940991E-5	-4.44335937E-1	0.00000000E+0	0.00000000E+0
-4.41894531E-1	-4.03746017E-5	-4.03746017E-5	-4.41894531E-1	0.00000000E+0	0.00000000E+0
-4.39453125E-1	-4.01475008E-5	-4.01475008E-5	-4.39453125E-1	0.00000000E+0	0.00000000E+0
-4.37011719E-1	-3.99337005E-5	-3.99337005E-5	-4.37011719E-1	0.00000000E+0	0.00000000E+0
-4.34570312E-1	-3.97084987E-5	-3.97084987E-5	-4.34570312E-1	0.00000000E+0	0.00000000E+0
-4.32128906E-1	-3.94757008E-5	-3.94757008E-5	-4.32128906E-1	0.00000000E+0	0.00000000E+0
-4.29687500E-1	-3.92543006E-5	-3.92543006E-5	-4.29687500E-1	0.00000000E+0	0.00000000E+0
-4.27246094E-1	-3.90481982E-5	-3.90481982E-5	-4.27246094E-1	0.00000000E+0	0.00000000E+0
-4.24804687E-1	-3.88344015E-5	-3.88344015E-5	-4.24804687E-1	0.00000000E+0	0.00000000E+0
-4.22363281E-1	-3.86206993E-5	-3.86206993E-5	-4.22363281E-1	0.00000000E+0	0.00000000E+0
-4.19921875E-1	-3.83992992E-5	-3.83992992E-5	-4.19921875E-1	0.00000000E+0	0.00000000E+0
-4.17480469E-1	-3.81932005E-5	-3.81932005E-5	-4.17480469E-1	0.00000000E+0	0.00000000E+0
-4.15039062E-1	-3.79488993E-5	-3.79488993E-5	-4.15039062E-1	0.00000000E+0	0.00000000E+0
-4.12597656E-1	-3.77350989E-5	-3.77350989E-5	-4.12597656E-1	0.00000000E+0	0.00000000E+0
-4.10156250E-1	-3.75290001E-5	-3.75290001E-5	-4.10156250E-1	0.00000000E+0	0.00000000E+0
-4.07714844E-1	-3.73076000E-5	-3.73076000E-5	-4.07714844E-1	0.00000000E+0	0.00000000E+0
-4.05273437E-1	-3.70939015E-5	-3.70939015E-5	-4.05273437E-1	0.00000000E+0	0.00000000E+0
-4.02832031E-1	-3.68572000E-5	-3.68572000E-5	-4.02832031E-1	0.00000000E+0	0.00000000E+0
-4.00390625E-1	-3.66357999E-5	-3.66357999E-5	-4.00390625E-1	0.00000000E+0	0.00000000E+0
-3.97949219E-1	-3.64221014E-5	-3.64221014E-5	-3.97949219E-1	0.00000000E+0	0.00000000E+0
-3.95507812E-1	-3.62007013E-5	-3.62007013E-5	-3.95507812E-1	0.00000000E+0	0.00000000E+0
-3.93066406E-1	-3.59945989E-5	-3.59945989E-5	-3.93066406E-1	0.00000000E+0	0.00000000E+0
-3.90625000E-1	-3.57731988E-5	-3.57731988E-5	-3.90625000E-1	0.00000000E+0	0.00000000E+0
-3.88183594E-1	-3.55670018E-5	-3.55670018E-5	-3.88183594E-1	0.00000000E+0	0.00000000E+0
-3.85742187E-1	-3.53342002E-5	-3.53342002E-5	-3.85742187E-1	0.00000000E+0	0.00000000E+0
-3.83300781E-1	-3.51318995E-5	-3.51318995E-5	-3.83300781E-1	0.00000000E+0	0.00000000E+0
-3.80859375E-1	-3.48952017E-5	-3.48952017E-5	-3.80859375E-1	0.00000000E+0	0.00000000E+0
-3.78417969E-1	-3.46738998E-5	-3.46738998E-5	-3.78417969E-1	0.00000000E+0	0.00000000E+0
-3.75976562E-1	-3.44676992E-5	-3.44676992E-5	-3.75976562E-1	0.00000000E+0	0.00000000E+0
-3.73535156E-1	-3.42464009E-5	-3.42464009E-5	-3.73535156E-1	0.00000000E+0	0.00000000E+0
-3.71093750E-1	-3.40211009E-5	-3.40211009E-5	-3.71093750E-1	0.00000000E+0	0.00000000E+0
-3.68652344E-1	-3.37882993E-5	-3.37882993E-5	-3.68652344E-1	0.00000000E+0	0.00000000E+0
-3.66210937E-1	-3.35935983E-5	-3.35935983E-5	-3.66210937E-1	0.00000000E+0	0.00000000E+0
-3.63769531E-1	-3.33608004E-5	-3.33608004E-5	-3.63769531E-1	0.00000000E+0	0.00000000E+0
-3.61328125E-1	-3.31470983E-5	-3.31470983E-5	-3.61328125E-1	0.00000000E+0	0.00000000E+0
-3.58886719E-1	-3.29217983E-5	-3.29217983E-5	-3.58886719E-1	0.00000000E+0	0.00000000E+0
-3.56445312E-1	-3.26966001E-5	-3.26966001E-5	-3.56445312E-1	0.00000000E+0	0.00000000E+0
-3.54003906E-1	-3.24752982E-5	-3.24752982E-5	-3.54003906E-1	0.00000000E+0	0.00000000E+0
-3.51562500E-1	-3.22615015E-5	-3.22615015E-5	-3.51562500E-1	0.00000000E+0	0.00000000E+0
-3.49121094E-1	-3.20401014E-5	-3.20401014E-5	-3.49121094E-1	0.00000000E+0	0.00000000E+0
-3.46679687E-1	-3.18148996E-5	-3.18148996E-5	-3.46679687E-1	0.00000000E+0	0.00000000E+0
-3.44238281E-1	-3.16125988E-5	-3.16125988E-5	-3.44238281E-1	0.00000000E+0	0.00000000E+0
-3.41796875E-1	-3.13683013E-5	-3.13683013E-5	-3.41796875E-1	0.00000000E+0	0.00000000E+0
-3.39355469E-1	-3.11545991E-5	-3.11545991E-5	-3.39355469E-1	0.00000000E+0	0.00000000E+0
-3.36914062E-1	-3.09407988E-5	-3.09407988E-5	-3.36914062E-1	0.00000000E+0	0.00000000E+0
-3.34472656E-1	-3.07347000E-5	-3.07347000E-5	-3.34472656E-1	0.00000000E+0	0.00000000E+0
-3.32031250E-1	-3.04904006E-5	-3.04904006E-5	-3.32031250E-1	0.00000000E+0	0.00000000E+0
-3.29589844E-1	-3.02880999E-5	-3.02880999E-5	-3.29589844E-1	0.00000000E+0	0.00000000E+0
-3.27148437E-1	-3.00628999E-5	-3.00628999E-5	-3.27148437E-1	0.00000000E+0	0.00000000E+0
-3.24707031E-1	-2.98605992E-5	-2.98605992E-5	-3.24707031E-1	0.00000000E+0	0.00000000E+0
-3.22265625E-1	-2.96353992E-5	-2.96353992E-5	-3.22265625E-1	0.00000000E+0	0.00000000E+0
-3.19824219E-1	-2.94331003E-5	-2.94331003E-5	-3.19824219E-1	0.00000000E+0	0.00000000E+0
-3.17382812E-1	-2.92079003E-5	-2.92079003E-5	-3.17382812E-1	0.00000000E+0	0.00000000E+0
-3.14941406E-1	-2.90093994E-5	-2.90093994E-5	-3.14941406E-1	0.00000000E+0	0.00000000E+0
-3.12500000E-1	-2.88109004E-5	-2.88109004E-5	-3.12500000E-1	0.00000000E+0	0.00000000E+0
-3.10058594E-1	-2.85972001E-5	-2.85972001E-5	-3.10058594E-1	0.00000000E+0	0.00000000E+0
-3.07617187E-1	-2.84139005E-5	-2.84139005E-5	-3.07617187E-1	0.00000000E+0	0.00000000E+0
-3.05175781E-1	-2.82192996E-5	-2.82192996E-5	-3.05175781E-1	0.00000000E+0	0.00000000E+0
-3.02734375E-1	-2.80170007E-5	-2.80170007E-5	-3.02734375E-1	0.00000000E+0	0.00000000E+0
-3.00292969E-1	-2.78184998E-5	-2.78184998E-5	-3.00292969E-1	0.00000000E+0	0.00000000E+0
-2.97851562E-1	-2.76046994E-5	-2.76046994E-5	-2.97851562E-1	0.00000000E+0	0.00000000E+0
-2.95410156E-1	-2.73909991E-5	-2.73909991E-5	-2.95410156E-1	0.00000000E+0	0.00000000E+0
-2.92968750E-1	-2.71542995E-5	-2.71542995E-5	-2.92968750E-1	0.00000000E+0	0.00000000E+0
-2.90527344E-1	-2.69635002E-5	-2.69635002E-5	-2.90527344E-1	0.00000000E+0	0.00000000E+0
-2.88085937E-1	-2.67344003E-5	-2.67344003E-5	-2.88085937E-1	0.00000000E+0	0.00000000E+0
-2.85644531E-1	-2.65207000E-5	-2.65207000E-5	-2.85644531E-1	0.00000000E+0	0.00000000E+0
-2.83203125E-1	-2.62917001E-5	-2.62917001E-5	-2.83203125E-1	0.00000000E+0	0.00000000E+0
-2.80761719E-1	-2.60778997E-5	-2.60778997E-5	-2.80761719E-1	0.00000000E+0	0.00000000E+0
-2.78320312E-1	-2.58641994E-5	-2.58641994E-5	-2.78320312E-1	0.00000000E+0	0.00000000E+0
-2.75878906E-1	-2.56350995E-5	-2.56350995E-5	-2.75878906E-1	0.00000000E+0	0.00000000E+0
-2.73437500E-1	-2.54213992E-5	-2.54213992E-5	-2.73437500E-1	0.00000000E+0	0.00000000E+0
-2.70996094E-1	-2.51770998E-5	-2.51770998E-5	-2.70996094E-1	0.00000000E+0	0.00000000E+0
-2.68554687E-1	-2.49556997E-5	-2.49556997E-5	-2.68554687E-1	0.00000000E+0	0.00000000E+0
-2.66113281E-1	-2.47369007E-5	-2.47369007E-5	-2.66113281E-1	0.00000000E+0	0.00000000E+0
-2.63671875E-1	-2.45205993E-5	-2.45205993E-5	-2.63671875E-1	0.00000000E+0	0.00000000E+0
-2.61230469E-1	-2.43068007E-5	-2.43068007E-5	-2.61230469E-1	0.00000000E+0	0.00000000E+0
-2.58789062E-1	-2.40778008E-5	-2.40778008E-5	-2.58789062E-1	0.00000000E+0	0.00000000E+0
-2.56347656E-1	-2.38640005E-5	-2.38640005E-5	-2.56347656E-1	0.00000000E+0	0.00000000E+0
-2.53906250E-1	-2.36312007E-5	-2.36312007E-5	-2.53906250E-1	0.00000000E+0	0.00000000E+0
-2.51464844E-1	-2.34060008E-5	-2.34060008E-5	-2.51464844E-1	0.00000000E+0	0.00000000E+0
-2.49023437E-1	-2.31922004E-5	-2.31922004E-5	-2.49023437E-1	0.00000000E+0	0.00000000E+0
-2.46582031E-1	-2.29632005E-5	-2.29632005E-5	-2.46582031E-1	0.00000000E+0	0.00000000E+0
-2.44140625E-1	-2.27342007E-5	-2.27342007E-5	-2.44140625E-1	0.00000000E+0	0.00000000E+0
-2.41699219E-1	-2.25255008E-5	-2.25255008E-5	-2.41699219E-1	0.00000000E+0	0.00000000E+0
-2.39257812E-1	-2.22965009E-5	-2.22965009E-5	-2.39257812E-1	0.00000000E+0	0.00000000E+0
-2.36816406E-1	-2.20777001E-5	-2.20777001E-5	-2.36816406E-1	0.00000000E+0	0.00000000E+0
-2.34375000E-1	-2.18410005E-5	-2.18410005E-5	-2.34375000E-1	0.00000000E+0	0.00000000E+0
-2.31933594E-1	-2.16235003E-5	-2.16235003E-5	-2.31933594E-1	0.00000000E+0	0.00000000E+0
-2.29492187E-1	-2.13906005E-5	-2.13906005E-5	-2.29492187E-1	0.00000000E+0	0.00000000E+0
-2.27050781E-1	-2.11769002E-5	-2.11769002E-5	-2.27050781E-1	0.00000000E+0	0.00000000E+0
-2.24609375E-1	-2.09517002E-5	-2.09517002E-5	-2.24609375E-1	0.00000000E+0	0.00000000E+0
-2.22167969E-1	-2.07378998E-5	-2.07378998E-5	-2.22167969E-1	0.00000000E+0	0.00000000E+0
-2.19726562E-1	-2.05051001E-5	-2.05051001E-5	-2.19726562E-1	0.00000000E+0	0.00000000E+0
-2.17285156E-1	-2.02799001E-5	-2.02799001E-5	-2.17285156E-1	0.00000000E+0	0.00000000E+0
-2.14843750E-1	-2.00470004E-5	-2.00470004E-5	-2.14843750E-1	0.00000000E+0	0.00000000E+0
-2.12402344E-1	-1.98333000E-5	-1.98333000E-5	-2.12402344E-1	0.00000000E+0	0.00000000E+0
-2.09960937E-1	-1.96194997E-5	-1.96194997E-5	-2.09960937E-1	0.00000000E+0	0.00000000E+0
-2.07519531E-1	-1.93853994E-5	-1.93853994E-5	-2.07519531E-1	0.00000000E+0	0.00000000E+0
-2.05078125E-1	-1.91614999E-5	-1.91614999E-5	-2.05078125E-1	0.00000000E+0	0.00000000E+0
-2.02636719E-1	-1.89363000E-5	-1.89363000E-5	-2.02636719E-1	0.00000000E+0	0.00000000E+0
-2.00195312E-1	-1.87034002E-5	-1.87034002E-5	-2.00195312E-1	0.00000000E+0	0.00000000E+0
-1.97753906E-1	-1.84782002E-5	-1.84782002E-5	-1.97753906E-1	0.00000000E+0	0.00000000E+0
-1.95312500E-1	-1.82454005E-5	-1.82454005E-5	-1.95312500E-1	0.00000000E+0	0.00000000E+0
-1.92871094E-1	-1.80214993E-5	-1.80214993E-5	-1.92871094E-1	0.00000000E+0	0.00000000E+0
-1.90429687E-1	-1.78064001E-5	-1.78064001E-5	-1.90429687E-1	0.00000000E+0	0.00000000E+0
-1.87988281E-1	-1.75736004E-5	-1.75736004E-5	-1.87988281E-1	0.00000000E+0	0.00000000E+0
-1.85546875E-1	-1.73419994E-5	-1.73419994E-5	-1.85546875E-1	0.00000000E+0	0.00000000E+0
-1.83105469E-1	-1.71155007E-5	-1.71155007E-5	-1.83105469E-1	0.00000000E+0	0.00000000E+0
-1.80664062E-1	-1.69018003E-5	-1.69018003E-5	-1.80664062E-1	0.00000000E+0	0.00000000E+0
-1.78222656E-1	-1.66690006E-5	-1.66690006E-5	-1.78222656E-1	0.00000000E+0	0.00000000E+0
-1.75781250E-1	-1.64361009E-5	-1.64361009E-5	-1.75781250E-1	0.00000000E+0	0.00000000E+0
-1.73339844E-1	-1.62197994E-5	-1.62197994E-5	-1.73339844E-1	0.00000000E+0	0.00000000E+0
-1.70898437E-1	-1.59857009E-5	-1.59857009E-5	-1.70898437E-1	0.00000000E+0	0.00000000E+0
-1.68457031E-1	-1.57623999E-5	-1.57623999E-5	-1.68457031E-1	0.00000000E+0	0.00000000E+0
-1.66015625E-1	-1.55199996E-5	-1.55199996E-5	-1.66015625E-1	0.00000000E+0	0.00000000E+0
-1.63574219E-1	-1.53062992E-5	-1.53062992E-5	-1.63574219E-1	0.00000000E+0	0.00000000E+0
-1.61132812E-1	-1.50773003E-5	-1.50773003E-5	-1.61132812E-1	0.00000000E+0	0.00000000E+0
-1.58691406E-1	-1.48482004E-5	-1.48482004E-5	-1.58691406E-1	0.00000000E+0	0.00000000E+0
-1.56250000E-1	-1.46115999E-5	-1.46115999E-5	-1.56250000E-1	0.00000000E+0	0.00000000E+0
-1.53808594E-1	-1.43978004E-5	-1.43978004E-5	-1.53808594E-1	0.00000000E+0	0.00000000E+0
-1.51367187E-1	-1.41739001E-5	-1.41739001E-5	-1.51367187E-1	0.00000000E+0	0.00000000E+0
-1.48925781E-1	-1.39378999E-5	-1.39378999E-5	-1.48925781E-1	0.00000000E+0	0.00000000E+0
-1.46484375E-1	-1.37108000E-5	-1.37108000E-5	-1.46484375E-1	0.00000000E+0	0.00000000E+0
-1.44042969E-1	-1.34817001E-5	-1.34817001E-5	-1.44042969E-1	0.00000000E+0	0.00000000E+0
-1.41601562E-1	-1.32584000E-5	-1.32584000E-5	-1.41601562E-1	0.00000000E+0	0.00000000E+0
-1.39160156E-1	-1.30356002E-5	-1.30356002E-5	-1.39160156E-1	0.00000000E+0	0.00000000E+0
-1.36718750E-1	-1.28068996E-5	-1.28068996E-5	-1.36718750E-1	0.00000000E+0	0.00000000E+0
-1.34277344E-1	-1.25880997E-5	-1.25880997E-5	-1.34277344E-1	0.00000000E+0	0.00000000E+0
-1.31835937E-1	-1.23547998E-5	-1.23547998E-5	-1.31835937E-1	0.00000000E+0	0.00000000E+0
-1.29394531E-1	-1.21272997E-5	-1.21272997E-5	-1.29394531E-1	0.00000000E+0	0.00000000E+0
-1.26953125E-1	-1.18937996E-5	-1.18937996E-5	-1.26953125E-1	0.00000000E+0	0.00000000E+0
-1.24511719E-1	-1.16649999E-5	-1.16649999E-5	-1.24511719E-1	0.00000000E+0	0.00000000E+0
-1.22070312E-1	-1.14422000E-5	-1.14422000E-5	-1.22070312E-1	0.00000000E+0	0.00000000E+0
-1.19628906E-1	-1.12144999E-5	-1.12144999E-5	-1.19628906E-1	0.00000000E+0	0.00000000E+0
-1.17187500E-1	-1.09787998E-5	-1.09787998E-5	-1.17187500E-1	0.00000000E+0	0.00000000E+0
-1.14746094E-1	-1.07633005E-5	-1.07633005E-5	-1.14746094E-1	0.00000000E+0	0.00000000E+0
-1.12304687E-1	-1.05334002E-5	-1.05334002E-5	-1.12304687E-1	0.00000000E+0	0.00000000E+0
-1.09863281E-1	-1.03114999E-5	-1.03114999E-5	-1.09863281E-1	0.00000000E+0	0.00000000E+0
-1.07421875E-1	-1.00787001E-5	-1.00787001E-5	-1.07421875E-1	0.00000000E+0	0.00000000E+0
-1.04980469E-1	-9.85817042E-6	-9.85817042E-6	-1.04980469E-1	0.00000000E+0	0.00000000E+0
-1.02539062E-1	-9.62117974E-6	-9.62117974E-6	-1.02539062E-1	0.00000000E+0	0.00000000E+0
-1.00097656E-1	-9.39601978E-6	-9.39601978E-6	-1.00097656E-1	0.00000000E+0	0.00000000E+0
-9.76562500E-2	-9.16170029E-6	-9.16170029E-6	-9.76562500E-2	0.00000000E+0	0.00000000E+0
-9.52148438E-2	-8.94417008E-6	-8.94417008E-6	-9.52148438E-2	0.00000000E+0	0.00000000E+0
-9.27734375E-2	-8.71366956E-6	-8.71366956E-6	-9.27734375E-2	0.00000000E+0	0.00000000E+0
-9.03320313E-2	-8.48469972E-6	-8.48469972E-6	-9.03320313E-2	0.00000000E+0	0.00000000E+0
-8.78906250E-2	-8.25496045E-6	-8.25496045E-6	-8.78906250E-2	0.00000000E+0	0.00000000E+0
-8.54492188E-2	-8.02751038E-6	-8.02751038E-6	-8.54492188E-2	0.00000000E+0	0.00000000E+0
-8.30078125E-2	-7.79777019E-6	-7.79777019E-6	-8.30078125E-2	0.00000000E+0	0.00000000E+0
-8.05664063E-2	-7.57184989E-6	-7.57184989E-6	-8.05664063E-2	0.00000000E+0	0.00000000E+0
-7.81250000E-2	-7.33562001E-6	-7.33562001E-6	-7.81250000E-2	0.00000000E+0	0.00000000E+0
-7.56835938E-2	-7.11503981E-6	-7.11503981E-6	-7.56835938E-2	0.00000000E+0	0.00000000E+0
-7.32421875E-2	-6.88148020E-6	-6.88148020E-6	-7.32421875E-2	0.00000000E+0	0.00000000E+0
-7.08007813E-2	-6.65860989E-6	-6.65860989E-6	-7.08007813E-2	0.00000000E+0	0.00000000E+0
-6.83593750E-2	-6.42659006E-6	-6.42659006E-6	-6.83593750E-2	0.00000000E+0	0.00000000E+0
-6.59179688E-2	-6.20372020E-6	-6.20372020E-6	-6.59179688E-2	0.00000000E+0	0.00000000E+0
-6.34765625E-2	-5.96787004E-6	-5.96787004E-6	-6.34765625E-2	0.00000000E+0	0.00000000E+0
-6.10351563E-2	-5.74576006E-6	-5.74576006E-6	-6.10351563E-2	0.00000000E+0	0.00000000E+0
-5.85937500E-2	-5.50991990E-6	-5.50991990E-6	-5.85937500E-2	0.00000000E+0	0.00000000E+0
-5.61523438E-2	-5.28533019E-6	-5.28533019E-6	-5.61523438E-2	0.00000000E+0	0.00000000E+0
-5.37109375E-2	-5.05119988E-6	-5.05119988E-6	-5.37109375E-2	0.00000000E+0	0.00000000E+0
-5.12695313E-2	-4.83023996E-6	-4.83023996E-6	-5.12695313E-2	0.00000000E+0	0.00000000E+0
-4.88281250E-2	-4.59553985E-6	-4.59553985E-6	-4.88281250E-2	0.00000000E+0	0.00000000E+0
-4.63867188E-2	-4.36962000E-6	-4.36962000E-6	-4.63867188E-2	0.00000000E+0	0.00000000E+0
-4.39453125E-2	-4.13376983E-6	-4.13376983E-6	-4.39453125E-2	0.00000000E+0	0.00000000E+0
-4.15039063E-2	-3.90709010E-6	-3.90709010E-6	-4.15039063E-2	0.00000000E+0	0.00000000E+0
-3.90625000E-2	-3.66971994E-6	-3.66971994E-6	-3.90625000E-2	0.00000000E+0	0.00000000E+0
-3.66210938E-2	-3.44913997E-6	-3.44913997E-6	-3.66210938E-2	0.00000000E+0	0.00000000E+0
-3.41796875E-2	-3.21710991E-6	-3.21710991E-6	-3.41796875E-2	0.00000000E+0	0.00000000E+0
-3.17382813E-2	-2.99308999E-6	-2.99308999E-6	-3.17382813E-2	0.00000000E+0	0.00000000E+0
-2.92968750E-2	-2.75916000E-6	-2.75916000E-6	-2.92968750E-2	0.00000000E+0	0.00000000E+0
-2.68554688E-2	-2.53628991E-6	-2.53628991E-6	-2.68554688E-2	0.00000000E+0	0.00000000E+0
-2.44140625E-2	-2.30426008E-6	-2.30426008E-6	-2.44140625E-2	0.00000000E+0	0.00000000E+0
-2.19726563E-2	-2.07756989E-6	-2.07756989E-6	-2.19726563E-2	0.00000000E+0	0.00000000E+0
-1.95312500E-2	-1.84605005E-6	-1.84605005E-6	-1.95312500E-2	0.00000000E+0	0.00000000E+0
-1.70898438E-2	-1.62439005E-6	-1.62439005E-6	-1.70898438E-2	0.00000000E+0	0.00000000E+0
-1.46484375E-2	-1.39427004E-6	-1.39427004E-6	-1.46484375E-2	0.00000000E+0	0.00000000E+0
-1.22070313E-2	-1.17183004E-6	-1.17183004E-6	-1.22070313E-2	0.00000000E+0	0.00000000E+0
-9.76562500E-3	-9.39375980E-7	-9.39375980E-7	-9.76562500E-3	0.00000000E+0	0.00000000E+0
-7.32421875E-3	-7.17303976E-7	-7.17303976E-7	-7.32421875E-3	0.00000000E+0	0.00000000E+0
-4.88281250E-3	-4.87443003E-7	-4.87443003E-7	-4.88281250E-3	0.00000000E+0	0.00000000E+0
-2.44140625E-3	-2.65944010E-7	-2.65944010E-7	-2.44140625E-3	0.00000000E+0	0.00000000E+0
0.00000000E+0	-3.68135993E-8	-3.68135993E-8	0.00000000E+0	0.00000000E+0	0.00000000E+0
