Date: do 28 mrt 2013, Material: Au, Temp: 4.2 K
AO1 - module gain: 1.0E+0, R_out: 0.0
AO2 - module gain: 1.0E+2
MUX1 - ADC gain: 4, logarithmic amplifier: D:\LabVIEW Data\Lithographic MCBJ\MED24_070412.TXT, R_in: 0.000
MUX2 - ADC gain: 4, linear amplifier: 1.000000 x 1e10 V/A, R_in: 1.000
Breaking trace: 15 0
Axis position: -881.753049
Vbias (V)	<I> and Ii MUX1 (A)	Vbias (V)	<I> and Ii MUX2 (A)
@
0.00000000E+0	-3.00284997E-9	-3.00284997E-9	0.00000000E+0	0.00000000E+0	0.00000000E+0
2.44140625E-3	1.12233998E-7	1.12233998E-7	2.44140625E-3	0.00000000E+0	0.00000000E+0
4.88281250E-3	3.26921992E-7	3.26921992E-7	4.88281250E-3	0.00000000E+0	0.00000000E+0
7.32421875E-3	5.34865990E-7	5.34865990E-7	7.32421875E-3	0.00000000E+0	0.00000000E+0
9.76562500E-3	7.50867002E-7	7.50867002E-7	9.76562500E-3	0.00000000E+0	0.00000000E+0
1.22070313E-2	9.58504984E-7	9.58504984E-7	1.22070313E-2	0.00000000E+0	0.00000000E+0
1.46484375E-2	1.17371997E-6	1.17371997E-6	1.46484375E-2	0.00000000E+0	0.00000000E+0
1.70898438E-2	1.38149005E-6	1.38149005E-6	1.70898438E-2	0.00000000E+0	0.00000000E+0
1.95312500E-2	1.59978003E-6	1.59978003E-6	1.95312500E-2	0.00000000E+0	0.00000000E+0
2.19726563E-2	1.80586005E-6	1.80586005E-6	2.19726563E-2	0.00000000E+0	0.00000000E+0
2.44140625E-2	2.01957005E-6	2.01957005E-6	2.44140625E-2	0.00000000E+0	0.00000000E+0
2.68554688E-2	2.22983999E-6	2.22983999E-6	2.68554688E-2	0.00000000E+0	0.00000000E+0
2.92968750E-2	2.44774992E-6	2.44774992E-6	2.92968750E-2	0.00000000E+0	0.00000000E+0
3.17382813E-2	2.65383005E-6	2.65383005E-6	3.17382813E-2	0.00000000E+0	0.00000000E+0
3.41796875E-2	2.87211992E-6	2.87211992E-6	3.41796875E-2	0.00000000E+0	0.00000000E+0
3.66210938E-2	3.08353992E-6	3.08353992E-6	3.66210938E-2	0.00000000E+0	0.00000000E+0
3.90625000E-2	3.30411990E-6	3.30411990E-6	3.90625000E-2	0.00000000E+0	0.00000000E+0
4.15039063E-2	3.51095991E-6	3.51095991E-6	4.15039063E-2	0.00000000E+0	0.00000000E+0
4.39453125E-2	3.72695990E-6	3.72695990E-6	4.39453125E-2	0.00000000E+0	0.00000000E+0
4.63867188E-2	3.93608980E-6	3.93608980E-6	4.63867188E-2	0.00000000E+0	0.00000000E+0
4.88281250E-2	4.14980013E-6	4.14980013E-6	4.88281250E-2	0.00000000E+0	0.00000000E+0
5.12695313E-2	4.36121991E-6	4.36121991E-6	5.12695313E-2	0.00000000E+0	0.00000000E+0
5.37109375E-2	4.57951000E-6	4.57951000E-6	5.37109375E-2	0.00000000E+0	0.00000000E+0
5.61523438E-2	4.78711991E-6	4.78711991E-6	5.61523438E-2	0.00000000E+0	0.00000000E+0
5.85937500E-2	5.00311990E-6	5.00311990E-6	5.85937500E-2	0.00000000E+0	0.00000000E+0
6.10351563E-2	5.21606989E-6	5.21606989E-6	6.10351563E-2	0.00000000E+0	0.00000000E+0
6.34765625E-2	5.43091983E-6	5.43091983E-6	6.34765625E-2	0.00000000E+0	0.00000000E+0
6.59179688E-2	5.64044012E-6	5.64044012E-6	6.59179688E-2	0.00000000E+0	0.00000000E+0
6.83593750E-2	5.85873022E-6	5.85873022E-6	6.83593750E-2	0.00000000E+0	0.00000000E+0
7.08007813E-2	6.06633012E-6	6.06633012E-6	7.08007813E-2	0.00000000E+0	0.00000000E+0
7.32421875E-2	6.28919997E-6	6.28919997E-6	7.32421875E-2	0.00000000E+0	0.00000000E+0
7.56835938E-2	6.50253014E-6	6.50253014E-6	7.56835938E-2	0.00000000E+0	0.00000000E+0
7.81250000E-2	6.71814996E-6	6.71814996E-6	7.81250000E-2	0.00000000E+0	0.00000000E+0
8.05664063E-2	6.92346021E-6	6.92346021E-6	8.05664063E-2	0.00000000E+0	0.00000000E+0
8.30078125E-2	7.13793997E-6	7.13793997E-6	8.30078125E-2	0.00000000E+0	0.00000000E+0
8.54492188E-2	7.35012009E-6	7.35012009E-6	8.54492188E-2	0.00000000E+0	0.00000000E+0
8.78906250E-2	7.56687996E-6	7.56687996E-6	8.78906250E-2	0.00000000E+0	0.00000000E+0
9.03320313E-2	7.77525020E-6	7.77525020E-6	9.03320313E-2	0.00000000E+0	0.00000000E+0
9.27734375E-2	7.99353984E-6	7.99353984E-6	9.27734375E-2	0.00000000E+0	0.00000000E+0
9.52148438E-2	8.20306013E-6	8.20306013E-6	9.52148438E-2	0.00000000E+0	0.00000000E+0
9.76562500E-2	8.41943984E-6	8.41943984E-6	9.76562500E-2	0.00000000E+0	0.00000000E+0
1.00097656E-1	8.62779962E-6	8.62779962E-6	1.00097656E-1	0.00000000E+0	0.00000000E+0
1.02539062E-1	8.84265955E-6	8.84265955E-6	1.02539062E-1	0.00000000E+0	0.00000000E+0
1.04980469E-1	9.05369961E-6	9.05369961E-6	1.04980469E-1	0.00000000E+0	0.00000000E+0
1.07421875E-1	9.27161000E-6	9.27161000E-6	1.07421875E-1	0.00000000E+0	0.00000000E+0
1.09863281E-1	9.48238994E-6	9.48238994E-6	1.09863281E-1	0.00000000E+0	0.00000000E+0
1.12304687E-1	9.69889970E-6	9.69889970E-6	1.12304687E-1	0.00000000E+0	0.00000000E+0
1.14746094E-1	9.91197976E-6	9.91197976E-6	1.14746094E-1	0.00000000E+0	0.00000000E+0
1.17187500E-1	1.01311998E-5	1.01311998E-5	1.17187500E-1	0.00000000E+0	0.00000000E+0
1.19628906E-1	1.03394996E-5	1.03394996E-5	1.19628906E-1	0.00000000E+0	0.00000000E+0
1.22070312E-1	1.05613999E-5	1.05613999E-5	1.22070312E-1	0.00000000E+0	0.00000000E+0
1.24511719E-1	1.07675996E-5	1.07675996E-5	1.24511719E-1	0.00000000E+0	0.00000000E+0
1.26953125E-1	1.09885004E-5	1.09885004E-5	1.26953125E-1	0.00000000E+0	0.00000000E+0
1.29394531E-1	1.11955997E-5	1.11955997E-5	1.29394531E-1	0.00000000E+0	0.00000000E+0
1.31835937E-1	1.14083005E-5	1.14083005E-5	1.31835937E-1	0.00000000E+0	0.00000000E+0
1.34277344E-1	1.16240999E-5	1.16240999E-5	1.34277344E-1	0.00000000E+0	0.00000000E+0
1.36718750E-1	1.18367998E-5	1.18367998E-5	1.36718750E-1	0.00000000E+0	0.00000000E+0
1.39160156E-1	1.20505001E-5	1.20505001E-5	1.39160156E-1	0.00000000E+0	0.00000000E+0
1.41601562E-1	1.22642996E-5	1.22642996E-5	1.41601562E-1	0.00000000E+0	0.00000000E+0
1.44042969E-1	1.24746002E-5	1.24746002E-5	1.44042969E-1	0.00000000E+0	0.00000000E+0
1.46484375E-1	1.26980003E-5	1.26980003E-5	1.46484375E-1	0.00000000E+0	0.00000000E+0
1.48925781E-1	1.29081000E-5	1.29081000E-5	1.48925781E-1	0.00000000E+0	0.00000000E+0
1.51367187E-1	1.31172001E-5	1.31172001E-5	1.51367187E-1	0.00000000E+0	0.00000000E+0
1.53808594E-1	1.33290996E-5	1.33290996E-5	1.53808594E-1	0.00000000E+0	0.00000000E+0
1.56250000E-1	1.35503997E-5	1.35503997E-5	1.56250000E-1	0.00000000E+0	0.00000000E+0
1.58691406E-1	1.37566003E-5	1.37566003E-5	1.58691406E-1	0.00000000E+0	0.00000000E+0
1.61132812E-1	1.39702997E-5	1.39702997E-5	1.61132812E-1	0.00000000E+0	0.00000000E+0
1.63574219E-1	1.41764003E-5	1.41764003E-5	1.63574219E-1	0.00000000E+0	0.00000000E+0
1.66015625E-1	1.43978004E-5	1.43978004E-5	1.66015625E-1	0.00000000E+0	0.00000000E+0
1.68457031E-1	1.46020002E-5	1.46020002E-5	1.68457031E-1	0.00000000E+0	0.00000000E+0
1.70898437E-1	1.48272002E-5	1.48272002E-5	1.70898437E-1	0.00000000E+0	0.00000000E+0
1.73339844E-1	1.50390997E-5	1.50390997E-5	1.73339844E-1	0.00000000E+0	0.00000000E+0
1.75781250E-1	1.52605007E-5	1.52605007E-5	1.75781250E-1	0.00000000E+0	0.00000000E+0
1.78222656E-1	1.54691006E-5	1.54691006E-5	1.78222656E-1	0.00000000E+0	0.00000000E+0
1.80664062E-1	1.56802998E-5	1.56802998E-5	1.80664062E-1	0.00000000E+0	0.00000000E+0
1.83105469E-1	1.58889998E-5	1.58889998E-5	1.83105469E-1	0.00000000E+0	0.00000000E+0
1.85546875E-1	1.61002008E-5	1.61002008E-5	1.85546875E-1	0.00000000E+0	0.00000000E+0
1.87988281E-1	1.63089007E-5	1.63089007E-5	1.87988281E-1	0.00000000E+0	0.00000000E+0
1.90429687E-1	1.65276997E-5	1.65276997E-5	1.90429687E-1	0.00000000E+0	0.00000000E+0
1.92871094E-1	1.67363996E-5	1.67363996E-5	1.92871094E-1	0.00000000E+0	0.00000000E+0
1.95312500E-1	1.69629002E-5	1.69629002E-5	1.95312500E-1	0.00000000E+0	0.00000000E+0
1.97753906E-1	1.71639003E-5	1.71639003E-5	1.97753906E-1	0.00000000E+0	0.00000000E+0
2.00195312E-1	1.73802000E-5	1.73802000E-5	2.00195312E-1	0.00000000E+0	0.00000000E+0
2.02636719E-1	1.75913992E-5	1.75913992E-5	2.02636719E-1	0.00000000E+0	0.00000000E+0
2.05078125E-1	1.77988004E-5	1.77988004E-5	2.05078125E-1	0.00000000E+0	0.00000000E+0
2.07519531E-1	1.80036004E-5	1.80036004E-5	2.07519531E-1	0.00000000E+0	0.00000000E+0
2.09960937E-1	1.82224994E-5	1.82224994E-5	2.09960937E-1	0.00000000E+0	0.00000000E+0
2.12402344E-1	1.84400997E-5	1.84400997E-5	2.12402344E-1	0.00000000E+0	0.00000000E+0
2.14843750E-1	1.86538000E-5	1.86538000E-5	2.14843750E-1	0.00000000E+0	0.00000000E+0
2.17285156E-1	1.88611994E-5	1.88611994E-5	2.17285156E-1	0.00000000E+0	0.00000000E+0
2.19726562E-1	1.90724004E-5	1.90724004E-5	2.19726562E-1	0.00000000E+0	0.00000000E+0
2.22167969E-1	1.92759999E-5	1.92759999E-5	2.22167969E-1	0.00000000E+0	0.00000000E+0
2.24609375E-1	1.94974000E-5	1.94974000E-5	2.24609375E-1	0.00000000E+0	0.00000000E+0
2.27050781E-1	1.96919991E-5	1.96919991E-5	2.27050781E-1	0.00000000E+0	0.00000000E+0
2.29492187E-1	1.99249007E-5	1.99249007E-5	2.29492187E-1	0.00000000E+0	0.00000000E+0
2.31933594E-1	2.01309995E-5	2.01309995E-5	2.31933594E-1	0.00000000E+0	0.00000000E+0
2.34375000E-1	2.03472991E-5	2.03472991E-5	2.34375000E-1	0.00000000E+0	0.00000000E+0
2.36816406E-1	2.05470005E-5	2.05470005E-5	2.36816406E-1	0.00000000E+0	0.00000000E+0
2.39257812E-1	2.07519006E-5	2.07519006E-5	2.39257812E-1	0.00000000E+0	0.00000000E+0
2.41699219E-1	2.09555001E-5	2.09555001E-5	2.41699219E-1	0.00000000E+0	0.00000000E+0
2.44140625E-1	2.11819006E-5	2.11819006E-5	2.44140625E-1	0.00000000E+0	0.00000000E+0
2.46582031E-1	2.13906005E-5	2.13906005E-5	2.46582031E-1	0.00000000E+0	0.00000000E+0
2.49023437E-1	2.16069002E-5	2.16069002E-5	2.49023437E-1	0.00000000E+0	0.00000000E+0
2.51464844E-1	2.18079003E-5	2.18079003E-5	2.51464844E-1	0.00000000E+0	0.00000000E+0
2.53906250E-1	2.20370002E-5	2.20370002E-5	2.53906250E-1	0.00000000E+0	0.00000000E+0
2.56347656E-1	2.22265007E-5	2.22265007E-5	2.56347656E-1	0.00000000E+0	0.00000000E+0
2.58789062E-1	2.24364994E-5	2.24364994E-5	2.58789062E-1	0.00000000E+0	0.00000000E+0
2.61230469E-1	2.26501998E-5	2.26501998E-5	2.61230469E-1	0.00000000E+0	0.00000000E+0
2.63671875E-1	2.28678000E-5	2.28678000E-5	2.63671875E-1	0.00000000E+0	0.00000000E+0
2.66113281E-1	2.30701007E-5	2.30701007E-5	2.66113281E-1	0.00000000E+0	0.00000000E+0
2.68554687E-1	2.32915008E-5	2.32915008E-5	2.68554687E-1	0.00000000E+0	0.00000000E+0
2.70996094E-1	2.34975996E-5	2.34975996E-5	2.70996094E-1	0.00000000E+0	0.00000000E+0
2.73437500E-1	2.37265995E-5	2.37265995E-5	2.73437500E-1	0.00000000E+0	0.00000000E+0
2.75878906E-1	2.39175006E-5	2.39175006E-5	2.75878906E-1	0.00000000E+0	0.00000000E+0
2.78320312E-1	2.41261005E-5	2.41261005E-5	2.78320312E-1	0.00000000E+0	0.00000000E+0
2.80761719E-1	2.43449995E-5	2.43449995E-5	2.80761719E-1	0.00000000E+0	0.00000000E+0
2.83203125E-1	2.45586998E-5	2.45586998E-5	2.83203125E-1	0.00000000E+0	0.00000000E+0
2.85644531E-1	2.47725002E-5	2.47725002E-5	2.85644531E-1	0.00000000E+0	0.00000000E+0
2.88085937E-1	2.49748009E-5	2.49748009E-5	2.88085937E-1	0.00000000E+0	0.00000000E+0
2.90527344E-1	2.51923993E-5	2.51923993E-5	2.90527344E-1	0.00000000E+0	0.00000000E+0
2.92968750E-1	2.54137994E-5	2.54137994E-5	2.92968750E-1	0.00000000E+0	0.00000000E+0
2.95410156E-1	2.56161002E-5	2.56161002E-5	2.95410156E-1	0.00000000E+0	0.00000000E+0
2.97851562E-1	2.58310993E-5	2.58310993E-5	2.97851562E-1	0.00000000E+0	0.00000000E+0
3.00292969E-1	2.60244997E-5	2.60244997E-5	3.00292969E-1	0.00000000E+0	0.00000000E+0
3.02734375E-1	2.62458998E-5	2.62458998E-5	3.02734375E-1	0.00000000E+0	0.00000000E+0
3.05175781E-1	2.64596001E-5	2.64596001E-5	3.05175781E-1	0.00000000E+0	0.00000000E+0
3.07617187E-1	2.66734005E-5	2.66734005E-5	3.07617187E-1	0.00000000E+0	0.00000000E+0
3.10058594E-1	2.68871008E-5	2.68871008E-5	3.10058594E-1	0.00000000E+0	0.00000000E+0
3.12500000E-1	2.71008994E-5	2.71008994E-5	3.12500000E-1	0.00000000E+0	0.00000000E+0
3.14941406E-1	2.73032001E-5	2.73032001E-5	3.14941406E-1	0.00000000E+0	0.00000000E+0
3.17382812E-1	2.75284001E-5	2.75284001E-5	3.17382812E-1	0.00000000E+0	0.00000000E+0
3.19824219E-1	2.77421004E-5	2.77421004E-5	3.19824219E-1	0.00000000E+0	0.00000000E+0
3.22265625E-1	2.79559008E-5	2.79559008E-5	3.22265625E-1	0.00000000E+0	0.00000000E+0
3.24707031E-1	2.81391003E-5	2.81391003E-5	3.24707031E-1	0.00000000E+0	0.00000000E+0
3.27148437E-1	2.83833997E-5	2.83833997E-5	3.27148437E-1	0.00000000E+0	0.00000000E+0
3.29589844E-1	2.85972001E-5	2.85972001E-5	3.29589844E-1	0.00000000E+0	0.00000000E+0
3.32031250E-1	2.88109004E-5	2.88109004E-5	3.32031250E-1	0.00000000E+0	0.00000000E+0
3.34472656E-1	2.90247008E-5	2.90247008E-5	3.34472656E-1	0.00000000E+0	0.00000000E+0
3.36914062E-1	2.92079003E-5	2.92079003E-5	3.36914062E-1	0.00000000E+0	0.00000000E+0
3.39355469E-1	2.94521997E-5	2.94521997E-5	3.39355469E-1	0.00000000E+0	0.00000000E+0
3.41796875E-1	2.96430007E-5	2.96430007E-5	3.41796875E-1	0.00000000E+0	0.00000000E+0
3.44238281E-1	2.98873001E-5	2.98873001E-5	3.44238281E-1	0.00000000E+0	0.00000000E+0
3.46679687E-1	3.01011005E-5	3.01011005E-5	3.46679687E-1	0.00000000E+0	0.00000000E+0
3.49121094E-1	3.02956996E-5	3.02956996E-5	3.49121094E-1	0.00000000E+0	0.00000000E+0
3.51562500E-1	3.05208996E-5	3.05208996E-5	3.51562500E-1	0.00000000E+0	0.00000000E+0
3.54003906E-1	3.07232003E-5	3.07232003E-5	3.54003906E-1	0.00000000E+0	0.00000000E+0
3.56445312E-1	3.09561001E-5	3.09561001E-5	3.56445312E-1	0.00000000E+0	0.00000000E+0
3.58886719E-1	3.11621989E-5	3.11621989E-5	3.58886719E-1	0.00000000E+0	0.00000000E+0
3.61328125E-1	3.14065001E-5	3.14065001E-5	3.61328125E-1	0.00000000E+0	0.00000000E+0
3.63769531E-1	3.16049991E-5	3.16049991E-5	3.63769531E-1	0.00000000E+0	0.00000000E+0
3.66210937E-1	3.18302009E-5	3.18302009E-5	3.66210937E-1	0.00000000E+0	0.00000000E+0
3.68652344E-1	3.20629988E-5	3.20629988E-5	3.68652344E-1	0.00000000E+0	0.00000000E+0
3.71093750E-1	3.22997003E-5	3.22997003E-5	3.71093750E-1	0.00000000E+0	0.00000000E+0
3.73535156E-1	3.25440014E-5	3.25440014E-5	3.73535156E-1	0.00000000E+0	0.00000000E+0
3.75976562E-1	3.27577000E-5	3.27577000E-5	3.75976562E-1	0.00000000E+0	0.00000000E+0
3.78417969E-1	3.30096009E-5	3.30096009E-5	3.78417969E-1	0.00000000E+0	0.00000000E+0
3.80859375E-1	3.32462987E-5	3.32462987E-5	3.80859375E-1	0.00000000E+0	0.00000000E+0
3.83300781E-1	3.34905999E-5	3.34905999E-5	3.83300781E-1	0.00000000E+0	0.00000000E+0
3.85742187E-1	3.37158017E-5	3.37158017E-5	3.85742187E-1	0.00000000E+0	0.00000000E+0
3.88183594E-1	3.39409999E-5	3.39409999E-5	3.88183594E-1	0.00000000E+0	0.00000000E+0
3.90625000E-1	3.41624000E-5	3.41624000E-5	3.90625000E-1	0.00000000E+0	0.00000000E+0
3.93066406E-1	3.44067012E-5	3.44067012E-5	3.93066406E-1	0.00000000E+0	0.00000000E+0
3.95507812E-1	3.46127999E-5	3.46127999E-5	3.95507812E-1	0.00000000E+0	0.00000000E+0
3.97949219E-1	3.48342001E-5	3.48342001E-5	3.97949219E-1	0.00000000E+0	0.00000000E+0
4.00390625E-1	3.50556002E-5	3.50556002E-5	4.00390625E-1	0.00000000E+0	0.00000000E+0
4.02832031E-1	3.52692987E-5	3.52692987E-5	4.02832031E-1	0.00000000E+0	0.00000000E+0
4.05273437E-1	3.55135999E-5	3.55135999E-5	4.05273437E-1	0.00000000E+0	0.00000000E+0
4.07714844E-1	3.57196986E-5	3.57196986E-5	4.07714844E-1	0.00000000E+0	0.00000000E+0
4.10156250E-1	3.59410988E-5	3.59410988E-5	4.10156250E-1	0.00000000E+0	0.00000000E+0
4.12597656E-1	3.61167004E-5	3.61167004E-5	4.12597656E-1	0.00000000E+0	0.00000000E+0
4.15039062E-1	3.63305007E-5	3.63305007E-5	4.15039062E-1	0.00000000E+0	0.00000000E+0
4.17480469E-1	3.65595006E-5	3.65595006E-5	4.17480469E-1	0.00000000E+0	0.00000000E+0
4.19921875E-1	3.67961002E-5	3.67961002E-5	4.19921875E-1	0.00000000E+0	0.00000000E+0
4.22363281E-1	3.70021990E-5	3.70021990E-5	4.22363281E-1	0.00000000E+0	0.00000000E+0
4.24804687E-1	3.72235991E-5	3.72235991E-5	4.24804687E-1	0.00000000E+0	0.00000000E+0
4.27246094E-1	3.74373994E-5	3.74373994E-5	4.27246094E-1	0.00000000E+0	0.00000000E+0
4.29687500E-1	3.76739990E-5	3.76739990E-5	4.29687500E-1	0.00000000E+0	0.00000000E+0
4.32128906E-1	3.78762998E-5	3.78762998E-5	4.32128906E-1	0.00000000E+0	0.00000000E+0
4.34570312E-1	3.81015998E-5	3.81015998E-5	4.34570312E-1	0.00000000E+0	0.00000000E+0
4.37011719E-1	3.83000006E-5	3.83000006E-5	4.37011719E-1	0.00000000E+0	0.00000000E+0
4.39453125E-1	3.85062012E-5	3.85062012E-5	4.39453125E-1	0.00000000E+0	0.00000000E+0
4.41894531E-1	3.87352011E-5	3.87352011E-5	4.41894531E-1	0.00000000E+0	0.00000000E+0
4.44335937E-1	3.89412999E-5	3.89412999E-5	4.44335937E-1	0.00000000E+0	0.00000000E+0
4.46777344E-1	3.91856011E-5	3.91856011E-5	4.46777344E-1	0.00000000E+0	0.00000000E+0
4.49218750E-1	3.93916998E-5	3.93916998E-5	4.49218750E-1	0.00000000E+0	0.00000000E+0
4.51660156E-1	3.96055002E-5	3.96055002E-5	4.51660156E-1	0.00000000E+0	0.00000000E+0
4.54101562E-1	3.98191987E-5	3.98191987E-5	4.54101562E-1	0.00000000E+0	0.00000000E+0
4.56542969E-1	4.00329991E-5	4.00329991E-5	4.56542969E-1	0.00000000E+0	0.00000000E+0
4.58984375E-1	4.02773003E-5	4.02773003E-5	4.58984375E-1	0.00000000E+0	0.00000000E+0
4.61425781E-1	4.04833991E-5	4.04833991E-5	4.61425781E-1	0.00000000E+0	0.00000000E+0
4.63867187E-1	4.07047992E-5	4.07047992E-5	4.63867187E-1	0.00000000E+0	0.00000000E+0
4.66308594E-1	4.09185013E-5	4.09185013E-5	4.66308594E-1	0.00000000E+0	0.00000000E+0
4.68750000E-1	4.11475012E-5	4.11475012E-5	4.68750000E-1	0.00000000E+0	0.00000000E+0
4.71191406E-1	4.13460002E-5	4.13460002E-5	4.71191406E-1	0.00000000E+0	0.00000000E+0
4.73632812E-1	4.15903014E-5	4.15903014E-5	4.73632812E-1	0.00000000E+0	0.00000000E+0
4.76074219E-1	4.18041018E-5	4.18041018E-5	4.76074219E-1	0.00000000E+0	0.00000000E+0
4.78515625E-1	4.20331016E-5	4.20331016E-5	4.78515625E-1	0.00000000E+0	0.00000000E+0
4.80957031E-1	4.22316007E-5	4.22316007E-5	4.80957031E-1	0.00000000E+0	0.00000000E+0
4.83398437E-1	4.24758982E-5	4.24758982E-5	4.83398437E-1	0.00000000E+0	0.00000000E+0
4.85839844E-1	4.26590996E-5	4.26590996E-5	4.85839844E-1	0.00000000E+0	0.00000000E+0
4.88281250E-1	4.29110005E-5	4.29110005E-5	4.88281250E-1	0.00000000E+0	0.00000000E+0
4.90722656E-1	4.31248009E-5	4.31248009E-5	4.90722656E-1	0.00000000E+0	0.00000000E+0
4.93164062E-1	4.33575988E-5	4.33575988E-5	4.93164062E-1	0.00000000E+0	0.00000000E+0
4.90722656E-1	4.31248009E-5	4.31248009E-5	4.90722656E-1	0.00000000E+0	0.00000000E+0
4.88281250E-1	4.29110005E-5	4.29110005E-5	4.88281250E-1	0.00000000E+0	0.00000000E+0
4.85839844E-1	4.26590996E-5	4.26590996E-5	4.85839844E-1	0.00000000E+0	0.00000000E+0
4.83398437E-1	4.24376994E-5	4.24376994E-5	4.83398437E-1	0.00000000E+0	0.00000000E+0
4.80957031E-1	4.22316007E-5	4.22316007E-5	4.80957031E-1	0.00000000E+0	0.00000000E+0
4.78515625E-1	4.20331016E-5	4.20331016E-5	4.78515625E-1	0.00000000E+0	0.00000000E+0
4.76074219E-1	4.18041018E-5	4.18041018E-5	4.76074219E-1	0.00000000E+0	0.00000000E+0
4.73632812E-1	4.15903014E-5	4.15903014E-5	4.73632812E-1	0.00000000E+0	0.00000000E+0
4.71191406E-1	4.13460002E-5	4.13460002E-5	4.71191406E-1	0.00000000E+0	0.00000000E+0
4.68750000E-1	4.11475012E-5	4.11475012E-5	4.68750000E-1	0.00000000E+0	0.00000000E+0
4.66308594E-1	4.09185013E-5	4.09185013E-5	4.66308594E-1	0.00000000E+0	0.00000000E+0
4.63867187E-1	4.06742001E-5	4.06742001E-5	4.63867187E-1	0.00000000E+0	0.00000000E+0
4.61425781E-1	4.04605016E-5	4.04605016E-5	4.61425781E-1	0.00000000E+0	0.00000000E+0
4.58984375E-1	4.02391015E-5	4.02391015E-5	4.58984375E-1	0.00000000E+0	0.00000000E+0
4.56542969E-1	4.00329991E-5	4.00329991E-5	4.56542969E-1	0.00000000E+0	0.00000000E+0
4.54101562E-1	3.98191987E-5	3.98191987E-5	4.54101562E-1	0.00000000E+0	0.00000000E+0
4.51660156E-1	3.96055002E-5	3.96055002E-5	4.51660156E-1	0.00000000E+0	0.00000000E+0
4.49218750E-1	3.93916998E-5	3.93916998E-5	4.49218750E-1	0.00000000E+0	0.00000000E+0
4.46777344E-1	3.91665017E-5	3.91665017E-5	4.46777344E-1	0.00000000E+0	0.00000000E+0
4.44335937E-1	3.89412999E-5	3.89412999E-5	4.44335937E-1	0.00000000E+0	0.00000000E+0
4.41894531E-1	3.87198997E-5	3.87198997E-5	4.41894531E-1	0.00000000E+0	0.00000000E+0
4.39453125E-1	3.85062012E-5	3.85062012E-5	4.39453125E-1	0.00000000E+0	0.00000000E+0
4.37011719E-1	3.83000006E-5	3.83000006E-5	4.37011719E-1	0.00000000E+0	0.00000000E+0
4.34570312E-1	3.81015998E-5	3.81015998E-5	4.34570312E-1	0.00000000E+0	0.00000000E+0
4.32128906E-1	3.78762998E-5	3.78762998E-5	4.32128906E-1	0.00000000E+0	0.00000000E+0
4.29687500E-1	3.76434982E-5	3.76434982E-5	4.29687500E-1	0.00000000E+0	0.00000000E+0
4.27246094E-1	3.74373994E-5	3.74373994E-5	4.27246094E-1	0.00000000E+0	0.00000000E+0
4.24804687E-1	3.72235991E-5	3.72235991E-5	4.24804687E-1	0.00000000E+0	0.00000000E+0
4.22363281E-1	3.70021990E-5	3.70021990E-5	4.22363281E-1	0.00000000E+0	0.00000000E+0
4.19921875E-1	3.67961002E-5	3.67961002E-5	4.19921875E-1	0.00000000E+0	0.00000000E+0
4.17480469E-1	3.65595006E-5	3.65595006E-5	4.17480469E-1	0.00000000E+0	0.00000000E+0
4.15039062E-1	3.63610015E-5	3.63610015E-5	4.15039062E-1	0.00000000E+0	0.00000000E+0
4.12597656E-1	3.61167004E-5	3.61167004E-5	4.12597656E-1	0.00000000E+0	0.00000000E+0
4.10156250E-1	3.59029000E-5	3.59029000E-5	4.10156250E-1	0.00000000E+0	0.00000000E+0
4.07714844E-1	3.56892015E-5	3.56892015E-5	4.07714844E-1	0.00000000E+0	0.00000000E+0
4.05273437E-1	3.55135999E-5	3.55135999E-5	4.05273437E-1	0.00000000E+0	0.00000000E+0
4.02832031E-1	3.52692987E-5	3.52692987E-5	4.02832031E-1	0.00000000E+0	0.00000000E+0
4.00390625E-1	3.50556002E-5	3.50556002E-5	4.00390625E-1	0.00000000E+0	0.00000000E+0
3.97949219E-1	3.48342001E-5	3.48342001E-5	3.97949219E-1	0.00000000E+0	0.00000000E+0
3.95507812E-1	3.46127999E-5	3.46127999E-5	3.95507812E-1	0.00000000E+0	0.00000000E+0
3.93066406E-1	3.44067012E-5	3.44067012E-5	3.93066406E-1	0.00000000E+0	0.00000000E+0
3.90625000E-1	3.41624000E-5	3.41624000E-5	3.90625000E-1	0.00000000E+0	0.00000000E+0
3.88183594E-1	3.39409999E-5	3.39409999E-5	3.88183594E-1	0.00000000E+0	0.00000000E+0
3.85742187E-1	3.37158017E-5	3.37158017E-5	3.85742187E-1	0.00000000E+0	0.00000000E+0
3.83300781E-1	3.34905999E-5	3.34905999E-5	3.83300781E-1	0.00000000E+0	0.00000000E+0
3.80859375E-1	3.32767995E-5	3.32767995E-5	3.80859375E-1	0.00000000E+0	0.00000000E+0
3.78417969E-1	3.30211005E-5	3.30211005E-5	3.78417969E-1	0.00000000E+0	0.00000000E+0
3.75976562E-1	3.27882990E-5	3.27882990E-5	3.75976562E-1	0.00000000E+0	0.00000000E+0
3.73535156E-1	3.25440014E-5	3.25440014E-5	3.73535156E-1	0.00000000E+0	0.00000000E+0
3.71093750E-1	3.23148997E-5	3.23148997E-5	3.71093750E-1	0.00000000E+0	0.00000000E+0
3.68652344E-1	3.20629988E-5	3.20629988E-5	3.68652344E-1	0.00000000E+0	0.00000000E+0
3.66210937E-1	3.18493003E-5	3.18493003E-5	3.66210937E-1	0.00000000E+0	0.00000000E+0
3.63769531E-1	3.16049991E-5	3.16049991E-5	3.63769531E-1	0.00000000E+0	0.00000000E+0
3.61328125E-1	3.14065001E-5	3.14065001E-5	3.61328125E-1	0.00000000E+0	0.00000000E+0
3.58886719E-1	3.11621989E-5	3.11621989E-5	3.58886719E-1	0.00000000E+0	0.00000000E+0
3.56445312E-1	3.09561001E-5	3.09561001E-5	3.56445312E-1	0.00000000E+0	0.00000000E+0
3.54003906E-1	3.07232003E-5	3.07232003E-5	3.54003906E-1	0.00000000E+0	0.00000000E+0
3.51562500E-1	3.05208996E-5	3.05208996E-5	3.51562500E-1	0.00000000E+0	0.00000000E+0
3.49121094E-1	3.02956996E-5	3.02956996E-5	3.49121094E-1	0.00000000E+0	0.00000000E+0
3.46679687E-1	3.00704996E-5	3.00704996E-5	3.46679687E-1	0.00000000E+0	0.00000000E+0
3.44238281E-1	2.98873001E-5	2.98873001E-5	3.44238281E-1	0.00000000E+0	0.00000000E+0
3.41796875E-1	2.96430007E-5	2.96430007E-5	3.41796875E-1	0.00000000E+0	0.00000000E+0
3.39355469E-1	2.94216006E-5	2.94216006E-5	3.39355469E-1	0.00000000E+0	0.00000000E+0
3.36914062E-1	2.92079003E-5	2.92079003E-5	3.36914062E-1	0.00000000E+0	0.00000000E+0
3.34472656E-1	2.89940999E-5	2.89940999E-5	3.34472656E-1	0.00000000E+0	0.00000000E+0
3.32031250E-1	2.88109004E-5	2.88109004E-5	3.32031250E-1	0.00000000E+0	0.00000000E+0
3.29589844E-1	2.85589995E-5	2.85589995E-5	3.29589844E-1	0.00000000E+0	0.00000000E+0
3.27148437E-1	2.83529007E-5	2.83529007E-5	3.27148437E-1	0.00000000E+0	0.00000000E+0
3.24707031E-1	2.81391003E-5	2.81391003E-5	3.24707031E-1	0.00000000E+0	0.00000000E+0
3.22265625E-1	2.79559008E-5	2.79559008E-5	3.22265625E-1	0.00000000E+0	0.00000000E+0
3.19824219E-1	2.77115996E-5	2.77115996E-5	3.19824219E-1	0.00000000E+0	0.00000000E+0
3.17382812E-1	2.75131006E-5	2.75131006E-5	3.17382812E-1	0.00000000E+0	0.00000000E+0
3.14941406E-1	2.73032001E-5	2.73032001E-5	3.14941406E-1	0.00000000E+0	0.00000000E+0
3.12500000E-1	2.70855999E-5	2.70855999E-5	3.12500000E-1	0.00000000E+0	0.00000000E+0
3.10058594E-1	2.68679996E-5	2.68679996E-5	3.10058594E-1	0.00000000E+0	0.00000000E+0
3.07617187E-1	2.66734005E-5	2.66734005E-5	3.07617187E-1	0.00000000E+0	0.00000000E+0
3.05175781E-1	2.64596001E-5	2.64596001E-5	3.05175781E-1	0.00000000E+0	0.00000000E+0
3.02734375E-1	2.62764006E-5	2.62764006E-5	3.02734375E-1	0.00000000E+0	0.00000000E+0
3.00292969E-1	2.60244997E-5	2.60244997E-5	3.00292969E-1	0.00000000E+0	0.00000000E+0
2.97851562E-1	2.58310993E-5	2.58310993E-5	2.97851562E-1	0.00000000E+0	0.00000000E+0
2.95410156E-1	2.56161002E-5	2.56161002E-5	2.95410156E-1	0.00000000E+0	0.00000000E+0
2.92968750E-1	2.54137994E-5	2.54137994E-5	2.92968750E-1	0.00000000E+0	0.00000000E+0
2.90527344E-1	2.51923993E-5	2.51923993E-5	2.90527344E-1	0.00000000E+0	0.00000000E+0
2.88085937E-1	2.49748009E-5	2.49748009E-5	2.88085937E-1	0.00000000E+0	0.00000000E+0
2.85644531E-1	2.47725002E-5	2.47725002E-5	2.85644531E-1	0.00000000E+0	0.00000000E+0
2.83203125E-1	2.45586998E-5	2.45586998E-5	2.83203125E-1	0.00000000E+0	0.00000000E+0
2.80761719E-1	2.43449995E-5	2.43449995E-5	2.80761719E-1	0.00000000E+0	0.00000000E+0
2.78320312E-1	2.41261005E-5	2.41261005E-5	2.78320312E-1	0.00000000E+0	0.00000000E+0
2.75878906E-1	2.39175006E-5	2.39175006E-5	2.75878906E-1	0.00000000E+0	0.00000000E+0
2.73437500E-1	2.37265995E-5	2.37265995E-5	2.73437500E-1	0.00000000E+0	0.00000000E+0
2.70996094E-1	2.34975996E-5	2.34975996E-5	2.70996094E-1	0.00000000E+0	0.00000000E+0
2.68554687E-1	2.32915008E-5	2.32915008E-5	2.68554687E-1	0.00000000E+0	0.00000000E+0
2.66113281E-1	2.30701007E-5	2.30701007E-5	2.66113281E-1	0.00000000E+0	0.00000000E+0
2.63671875E-1	2.28678000E-5	2.28678000E-5	2.63671875E-1	0.00000000E+0	0.00000000E+0
2.61230469E-1	2.26501998E-5	2.26501998E-5	2.61230469E-1	0.00000000E+0	0.00000000E+0
2.58789062E-1	2.24517007E-5	2.24517007E-5	2.58789062E-1	0.00000000E+0	0.00000000E+0
2.56347656E-1	2.22456001E-5	2.22456001E-5	2.56347656E-1	0.00000000E+0	0.00000000E+0
2.53906250E-1	2.20370002E-5	2.20370002E-5	2.53906250E-1	0.00000000E+0	0.00000000E+0
2.51464844E-1	2.18079003E-5	2.18079003E-5	2.51464844E-1	0.00000000E+0	0.00000000E+0
2.49023437E-1	2.16069002E-5	2.16069002E-5	2.49023437E-1	0.00000000E+0	0.00000000E+0
2.46582031E-1	2.13906005E-5	2.13906005E-5	2.46582031E-1	0.00000000E+0	0.00000000E+0
2.44140625E-1	2.11819006E-5	2.11819006E-5	2.44140625E-1	0.00000000E+0	0.00000000E+0
2.41699219E-1	2.09555001E-5	2.09555001E-5	2.41699219E-1	0.00000000E+0	0.00000000E+0
2.39257812E-1	2.07620997E-5	2.07620997E-5	2.39257812E-1	0.00000000E+0	0.00000000E+0
2.36816406E-1	2.05585002E-5	2.05585002E-5	2.36816406E-1	0.00000000E+0	0.00000000E+0
2.34375000E-1	2.03472991E-5	2.03472991E-5	2.34375000E-1	0.00000000E+0	0.00000000E+0
2.31933594E-1	2.01309995E-5	2.01309995E-5	2.31933594E-1	0.00000000E+0	0.00000000E+0
2.29492187E-1	1.99249007E-5	1.99249007E-5	2.29492187E-1	0.00000000E+0	0.00000000E+0
2.27050781E-1	1.97035006E-5	1.97035006E-5	2.27050781E-1	0.00000000E+0	0.00000000E+0
2.24609375E-1	1.94974000E-5	1.94974000E-5	2.24609375E-1	0.00000000E+0	0.00000000E+0
2.22167969E-1	1.92759999E-5	1.92759999E-5	2.22167969E-1	0.00000000E+0	0.00000000E+0
2.19726562E-1	1.90724004E-5	1.90724004E-5	2.19726562E-1	0.00000000E+0	0.00000000E+0
2.17285156E-1	1.88611994E-5	1.88611994E-5	2.17285156E-1	0.00000000E+0	0.00000000E+0
2.14843750E-1	1.86538000E-5	1.86538000E-5	2.14843750E-1	0.00000000E+0	0.00000000E+0
2.12402344E-1	1.84400997E-5	1.84400997E-5	2.12402344E-1	0.00000000E+0	0.00000000E+0
2.09960937E-1	1.82224994E-5	1.82224994E-5	2.09960937E-1	0.00000000E+0	0.00000000E+0
2.07519531E-1	1.80137995E-5	1.80137995E-5	2.07519531E-1	0.00000000E+0	0.00000000E+0
2.05078125E-1	1.78102000E-5	1.78102000E-5	2.05078125E-1	0.00000000E+0	0.00000000E+0
2.02636719E-1	1.75913992E-5	1.75913992E-5	2.02636719E-1	0.00000000E+0	0.00000000E+0
2.00195312E-1	1.73802000E-5	1.73802000E-5	2.00195312E-1	0.00000000E+0	0.00000000E+0
1.97753906E-1	1.71639003E-5	1.71639003E-5	1.97753906E-1	0.00000000E+0	0.00000000E+0
1.95312500E-1	1.69629002E-5	1.69629002E-5	1.95312500E-1	0.00000000E+0	0.00000000E+0
1.92871094E-1	1.67363996E-5	1.67363996E-5	1.92871094E-1	0.00000000E+0	0.00000000E+0
1.90429687E-1	1.65163001E-5	1.65163001E-5	1.90429687E-1	0.00000000E+0	0.00000000E+0
1.87988281E-1	1.63089007E-5	1.63089007E-5	1.87988281E-1	0.00000000E+0	0.00000000E+0
1.85546875E-1	1.61002008E-5	1.61002008E-5	1.85546875E-1	0.00000000E+0	0.00000000E+0
1.83105469E-1	1.58889998E-5	1.58889998E-5	1.83105469E-1	0.00000000E+0	0.00000000E+0
1.80664062E-1	1.56802998E-5	1.56802998E-5	1.80664062E-1	0.00000000E+0	0.00000000E+0
1.78222656E-1	1.54691006E-5	1.54691006E-5	1.78222656E-1	0.00000000E+0	0.00000000E+0
1.75781250E-1	1.52605007E-5	1.52605007E-5	1.75781250E-1	0.00000000E+0	0.00000000E+0
1.73339844E-1	1.50390997E-5	1.50390997E-5	1.73339844E-1	0.00000000E+0	0.00000000E+0
1.70898437E-1	1.48272002E-5	1.48272002E-5	1.70898437E-1	0.00000000E+0	0.00000000E+0
1.68457031E-1	1.46020002E-5	1.46020002E-5	1.68457031E-1	0.00000000E+0	0.00000000E+0
1.66015625E-1	1.44080004E-5	1.44080004E-5	1.66015625E-1	0.00000000E+0	0.00000000E+0
1.63574219E-1	1.41764003E-5	1.41764003E-5	1.63574219E-1	0.00000000E+0	0.00000000E+0
1.61132812E-1	1.39779004E-5	1.39779004E-5	1.61132812E-1	0.00000000E+0	0.00000000E+0
1.58691406E-1	1.37667002E-5	1.37667002E-5	1.58691406E-1	0.00000000E+0	0.00000000E+0
1.56250000E-1	1.35503997E-5	1.35503997E-5	1.56250000E-1	0.00000000E+0	0.00000000E+0
1.53808594E-1	1.33392004E-5	1.33392004E-5	1.53808594E-1	0.00000000E+0	0.00000000E+0
1.51367187E-1	1.31172001E-5	1.31172001E-5	1.51367187E-1	0.00000000E+0	0.00000000E+0
1.48925781E-1	1.29081000E-5	1.29081000E-5	1.48925781E-1	0.00000000E+0	0.00000000E+0
1.46484375E-1	1.26980003E-5	1.26980003E-5	1.46484375E-1	0.00000000E+0	0.00000000E+0
1.44042969E-1	1.24746002E-5	1.24746002E-5	1.44042969E-1	0.00000000E+0	0.00000000E+0
1.41601562E-1	1.22642996E-5	1.22642996E-5	1.41601562E-1	0.00000000E+0	0.00000000E+0
1.39160156E-1	1.20505001E-5	1.20505001E-5	1.39160156E-1	0.00000000E+0	0.00000000E+0
1.36718750E-1	1.18451999E-5	1.18451999E-5	1.36718750E-1	0.00000000E+0	0.00000000E+0
1.34277344E-1	1.16240999E-5	1.16240999E-5	1.34277344E-1	0.00000000E+0	0.00000000E+0
1.31835937E-1	1.14160002E-5	1.14160002E-5	1.31835937E-1	0.00000000E+0	0.00000000E+0
1.29394531E-1	1.12026000E-5	1.12026000E-5	1.29394531E-1	0.00000000E+0	0.00000000E+0
1.26953125E-1	1.09885004E-5	1.09885004E-5	1.26953125E-1	0.00000000E+0	0.00000000E+0
1.24511719E-1	1.07733003E-5	1.07733003E-5	1.24511719E-1	0.00000000E+0	0.00000000E+0
1.22070312E-1	1.05613999E-5	1.05613999E-5	1.22070312E-1	0.00000000E+0	0.00000000E+0
1.19628906E-1	1.03470002E-5	1.03470002E-5	1.19628906E-1	0.00000000E+0	0.00000000E+0
1.17187500E-1	1.01374999E-5	1.01374999E-5	1.17187500E-1	0.00000000E+0	0.00000000E+0
1.14746094E-1	9.91885008E-6	9.91885008E-6	1.14746094E-1	0.00000000E+0	0.00000000E+0
1.12304687E-1	9.70628025E-6	9.70628025E-6	1.12304687E-1	0.00000000E+0	0.00000000E+0
1.09863281E-1	9.48989964E-6	9.48989964E-6	1.09863281E-1	0.00000000E+0	0.00000000E+0
1.07421875E-1	9.27810015E-6	9.27810015E-6	1.07421875E-1	0.00000000E+0	0.00000000E+0
1.04980469E-1	9.05827983E-6	9.05827983E-6	1.04980469E-1	0.00000000E+0	0.00000000E+0
1.02539062E-1	8.85295958E-6	8.85295958E-6	1.02539062E-1	0.00000000E+0	0.00000000E+0
1.00097656E-1	8.63428977E-6	8.63428977E-6	1.00097656E-1	0.00000000E+0	0.00000000E+0
9.76562500E-2	8.42591999E-6	8.42591999E-6	9.76562500E-2	0.00000000E+0	0.00000000E+0
9.52148438E-2	8.20877995E-6	8.20877995E-6	9.52148438E-2	0.00000000E+0	0.00000000E+0
9.27734375E-2	7.99812005E-6	7.99812005E-6	9.27734375E-2	0.00000000E+0	0.00000000E+0
9.03320313E-2	7.77945024E-6	7.77945024E-6	9.03320313E-2	0.00000000E+0	0.00000000E+0
8.78906250E-2	7.57069984E-6	7.57069984E-6	8.78906250E-2	0.00000000E+0	0.00000000E+0
8.54492188E-2	7.35469985E-6	7.35469985E-6	8.54492188E-2	0.00000000E+0	0.00000000E+0
8.30078125E-2	7.14213002E-6	7.14213002E-6	8.30078125E-2	0.00000000E+0	0.00000000E+0
8.05664063E-2	6.92652020E-6	6.92652020E-6	8.05664063E-2	0.00000000E+0	0.00000000E+0
7.81250000E-2	6.71814996E-6	6.71814996E-6	7.81250000E-2	0.00000000E+0	0.00000000E+0
7.56835938E-2	6.50253014E-6	6.50253014E-6	7.56835938E-2	0.00000000E+0	0.00000000E+0
7.32421875E-2	6.28919997E-6	6.28919997E-6	7.32421875E-2	0.00000000E+0	0.00000000E+0
7.08007813E-2	6.07129004E-6	6.07129004E-6	7.08007813E-2	0.00000000E+0	0.00000000E+0
6.83593750E-2	5.86101987E-6	5.86101987E-6	6.83593750E-2	0.00000000E+0	0.00000000E+0
6.59179688E-2	5.64425000E-6	5.64425000E-6	6.59179688E-2	0.00000000E+0	0.00000000E+0
6.34765625E-2	5.43435999E-6	5.43435999E-6	6.34765625E-2	0.00000000E+0	0.00000000E+0
6.10351563E-2	5.21836000E-6	5.21836000E-6	6.10351563E-2	0.00000000E+0	0.00000000E+0
5.85937500E-2	5.00884016E-6	5.00884016E-6	5.85937500E-2	0.00000000E+0	0.00000000E+0
5.61523438E-2	4.78941001E-6	4.78941001E-6	5.61523438E-2	0.00000000E+0	0.00000000E+0
5.37109375E-2	4.57951000E-6	4.57951000E-6	5.37109375E-2	0.00000000E+0	0.00000000E+0
5.12695313E-2	4.36427990E-6	4.36427990E-6	5.12695313E-2	0.00000000E+0	0.00000000E+0
4.88281250E-2	4.15286013E-6	4.15286013E-6	4.88281250E-2	0.00000000E+0	0.00000000E+0
4.63867188E-2	3.93800019E-6	3.93800019E-6	4.63867188E-2	0.00000000E+0	0.00000000E+0
4.39453125E-2	3.72695990E-6	3.72695990E-6	4.39453125E-2	0.00000000E+0	0.00000000E+0
4.15039063E-2	3.51095991E-6	3.51095991E-6	4.15039063E-2	0.00000000E+0	0.00000000E+0
3.90625000E-2	3.30411990E-6	3.30411990E-6	3.90625000E-2	0.00000000E+0	0.00000000E+0
3.66210938E-2	3.08353992E-6	3.08353992E-6	3.66210938E-2	0.00000000E+0	0.00000000E+0
3.41796875E-2	2.87364992E-6	2.87364992E-6	3.41796875E-2	0.00000000E+0	0.00000000E+0
3.17382813E-2	2.65536005E-6	2.65536005E-6	3.17382813E-2	0.00000000E+0	0.00000000E+0
2.92968750E-2	2.44876992E-6	2.44876992E-6	2.92968750E-2	0.00000000E+0	0.00000000E+0
2.68554688E-2	2.23174993E-6	2.23174993E-6	2.68554688E-2	0.00000000E+0	0.00000000E+0
2.44140625E-2	2.02146998E-6	2.02146998E-6	2.44140625E-2	0.00000000E+0	0.00000000E+0
2.19726563E-2	1.80713005E-6	1.80713005E-6	2.19726563E-2	0.00000000E+0	0.00000000E+0
1.95312500E-2	1.59978003E-6	1.59978003E-6	1.95312500E-2	0.00000000E+0	0.00000000E+0
1.70898438E-2	1.38225005E-6	1.38225005E-6	1.70898438E-2	0.00000000E+0	0.00000000E+0
1.46484375E-2	1.17371997E-6	1.17371997E-6	1.46484375E-2	0.00000000E+0	0.00000000E+0
1.22070313E-2	9.58504984E-7	9.58504984E-7	1.22070313E-2	0.00000000E+0	0.00000000E+0
9.76562500E-3	7.50867002E-7	7.50867002E-7	9.76562500E-3	0.00000000E+0	0.00000000E+0
7.32421875E-3	5.34865990E-7	5.34865990E-7	7.32421875E-3	0.00000000E+0	0.00000000E+0
4.88281250E-3	3.27304008E-7	3.27304008E-7	4.88281250E-3	0.00000000E+0	0.00000000E+0
2.44140625E-3	1.16338001E-7	1.16338001E-7	2.44140625E-3	0.00000000E+0	0.00000000E+0
0.00000000E+0	-3.05143999E-9	-3.05143999E-9	0.00000000E+0	0.00000000E+0	0.00000000E+0
-2.44140625E-3	-2.65066006E-7	-2.65066006E-7	-2.44140625E-3	0.00000000E+0	0.00000000E+0
-4.88281250E-3	-4.86603028E-7	-4.86603028E-7	-4.88281250E-3	0.00000000E+0	0.00000000E+0
-7.32421875E-3	-7.16006014E-7	-7.16006014E-7	-7.32421875E-3	0.00000000E+0	0.00000000E+0
-9.76562500E-3	-9.37389984E-7	-9.37389984E-7	-9.76562500E-3	0.00000000E+0	0.00000000E+0
-1.22070313E-2	-1.16985996E-6	-1.16985996E-6	-1.22070313E-2	0.00000000E+0	0.00000000E+0
-1.46484375E-2	-1.39235999E-6	-1.39235999E-6	-1.46484375E-2	0.00000000E+0	0.00000000E+0
-1.70898438E-2	-1.62241997E-6	-1.62241997E-6	-1.70898438E-2	0.00000000E+0	0.00000000E+0
-1.95312500E-2	-1.84503995E-6	-1.84503995E-6	-1.95312500E-2	0.00000000E+0	0.00000000E+0
-2.19726563E-2	-2.07604990E-6	-2.07604990E-6	-2.19726563E-2	0.00000000E+0	0.00000000E+0
-2.44140625E-2	-2.30273008E-6	-2.30273008E-6	-2.44140625E-2	0.00000000E+0	0.00000000E+0
-2.68554688E-2	-2.53475991E-6	-2.53475991E-6	-2.68554688E-2	0.00000000E+0	0.00000000E+0
-2.92968750E-2	-2.75800994E-6	-2.75800994E-6	-2.92968750E-2	0.00000000E+0	0.00000000E+0
-3.17382813E-2	-2.99119006E-6	-2.99119006E-6	-3.17382813E-2	0.00000000E+0	0.00000000E+0
-3.41796875E-2	-3.21482003E-6	-3.21482003E-6	-3.41796875E-2	0.00000000E+0	0.00000000E+0
-3.66210938E-2	-3.44685009E-6	-3.44685009E-6	-3.66210938E-2	0.00000000E+0	0.00000000E+0
-3.90625000E-2	-3.66743006E-6	-3.66743006E-6	-3.90625000E-2	0.00000000E+0	0.00000000E+0
-4.15039063E-2	-3.90480000E-6	-3.90480000E-6	-4.15039063E-2	0.00000000E+0	0.00000000E+0
-4.39453125E-2	-4.13149019E-6	-4.13149019E-6	-4.39453125E-2	0.00000000E+0	0.00000000E+0
-4.63867188E-2	-4.36657001E-6	-4.36657001E-6	-4.63867188E-2	0.00000000E+0	0.00000000E+0
-4.88281250E-2	-4.59248986E-6	-4.59248986E-6	-4.88281250E-2	0.00000000E+0	0.00000000E+0
-5.12695313E-2	-4.82528003E-6	-4.82528003E-6	-5.12695313E-2	0.00000000E+0	0.00000000E+0
-5.37109375E-2	-5.05119988E-6	-5.05119988E-6	-5.37109375E-2	0.00000000E+0	0.00000000E+0
-5.61523438E-2	-5.28533019E-6	-5.28533019E-6	-5.61523438E-2	0.00000000E+0	0.00000000E+0
-5.85937500E-2	-5.50686991E-6	-5.50686991E-6	-5.85937500E-2	0.00000000E+0	0.00000000E+0
-6.10351563E-2	-5.74117985E-6	-5.74117985E-6	-6.10351563E-2	0.00000000E+0	0.00000000E+0
-6.34765625E-2	-5.96787004E-6	-5.96787004E-6	-6.34765625E-2	0.00000000E+0	0.00000000E+0
-6.59179688E-2	-6.20372020E-6	-6.20372020E-6	-6.59179688E-2	0.00000000E+0	0.00000000E+0
-6.83593750E-2	-6.42659006E-6	-6.42659006E-6	-6.83593750E-2	0.00000000E+0	0.00000000E+0
-7.08007813E-2	-6.65860989E-6	-6.65860989E-6	-7.08007813E-2	0.00000000E+0	0.00000000E+0
-7.32421875E-2	-6.88148020E-6	-6.88148020E-6	-7.32421875E-2	0.00000000E+0	0.00000000E+0
-7.56835938E-2	-7.11121993E-6	-7.11121993E-6	-7.56835938E-2	0.00000000E+0	0.00000000E+0
-7.81250000E-2	-7.33562001E-6	-7.33562001E-6	-7.81250000E-2	0.00000000E+0	0.00000000E+0
-8.05664063E-2	-7.57184989E-6	-7.57184989E-6	-8.05664063E-2	0.00000000E+0	0.00000000E+0
-8.30078125E-2	-7.79777019E-6	-7.79777019E-6	-8.30078125E-2	0.00000000E+0	0.00000000E+0
-8.54492188E-2	-8.02751038E-6	-8.02751038E-6	-8.54492188E-2	0.00000000E+0	0.00000000E+0
-8.78906250E-2	-8.25496045E-6	-8.25496045E-6	-8.78906250E-2	0.00000000E+0	0.00000000E+0
-9.03320313E-2	-8.48469972E-6	-8.48469972E-6	-9.03320313E-2	0.00000000E+0	0.00000000E+0
-9.27734375E-2	-8.71366956E-6	-8.71366956E-6	-9.27734375E-2	0.00000000E+0	0.00000000E+0
-9.52148438E-2	-8.94417008E-6	-8.94417008E-6	-9.52148438E-2	0.00000000E+0	0.00000000E+0
-9.76562500E-2	-9.16170029E-6	-9.16170029E-6	-9.76562500E-2	0.00000000E+0	0.00000000E+0
-1.00097656E-1	-9.39601978E-6	-9.39601978E-6	-1.00097656E-1	0.00000000E+0	0.00000000E+0
-1.02539062E-1	-9.62117974E-6	-9.62117974E-6	-1.02539062E-1	0.00000000E+0	0.00000000E+0
-1.04980469E-1	-9.85168026E-6	-9.85168026E-6	-1.04980469E-1	0.00000000E+0	0.00000000E+0
-1.07421875E-1	-1.00787001E-5	-1.00787001E-5	-1.07421875E-1	0.00000000E+0	0.00000000E+0
-1.09863281E-1	-1.03037000E-5	-1.03037000E-5	-1.09863281E-1	0.00000000E+0	0.00000000E+0
-1.12304687E-1	-1.05256004E-5	-1.05256004E-5	-1.12304687E-1	0.00000000E+0	0.00000000E+0
-1.14746094E-1	-1.07534997E-5	-1.07534997E-5	-1.14746094E-1	0.00000000E+0	0.00000000E+0
-1.17187500E-1	-1.09787998E-5	-1.09787998E-5	-1.17187500E-1	0.00000000E+0	0.00000000E+0
-1.19628906E-1	-1.12068001E-5	-1.12068001E-5	-1.19628906E-1	0.00000000E+0	0.00000000E+0
-1.22070312E-1	-1.14372997E-5	-1.14372997E-5	-1.22070312E-1	0.00000000E+0	0.00000000E+0
-1.24511719E-1	-1.16649999E-5	-1.16649999E-5	-1.24511719E-1	0.00000000E+0	0.00000000E+0
-1.26953125E-1	-1.18937996E-5	-1.18937996E-5	-1.26953125E-1	0.00000000E+0	0.00000000E+0
-1.29394531E-1	-1.21272997E-5	-1.21272997E-5	-1.29394531E-1	0.00000000E+0	0.00000000E+0
-1.31835937E-1	-1.23440996E-5	-1.23440996E-5	-1.31835937E-1	0.00000000E+0	0.00000000E+0
-1.34277344E-1	-1.25789002E-5	-1.25789002E-5	-1.34277344E-1	0.00000000E+0	0.00000000E+0
-1.36718750E-1	-1.27977000E-5	-1.27977000E-5	-1.36718750E-1	0.00000000E+0	0.00000000E+0
-1.39160156E-1	-1.30285998E-5	-1.30285998E-5	-1.39160156E-1	0.00000000E+0	0.00000000E+0
-1.41601562E-1	-1.32489004E-5	-1.32489004E-5	-1.41601562E-1	0.00000000E+0	0.00000000E+0
-1.44042969E-1	-1.34817001E-5	-1.34817001E-5	-1.44042969E-1	0.00000000E+0	0.00000000E+0
-1.46484375E-1	-1.37108000E-5	-1.37108000E-5	-1.46484375E-1	0.00000000E+0	0.00000000E+0
-1.48925781E-1	-1.39378999E-5	-1.39378999E-5	-1.48925781E-1	0.00000000E+0	0.00000000E+0
-1.51367187E-1	-1.41637001E-5	-1.41637001E-5	-1.51367187E-1	0.00000000E+0	0.00000000E+0
-1.53808594E-1	-1.43875995E-5	-1.43875995E-5	-1.53808594E-1	0.00000000E+0	0.00000000E+0
-1.56250000E-1	-1.46039001E-5	-1.46039001E-5	-1.56250000E-1	0.00000000E+0	0.00000000E+0
-1.58691406E-1	-1.48482004E-5	-1.48482004E-5	-1.58691406E-1	0.00000000E+0	0.00000000E+0
-1.61132812E-1	-1.50773003E-5	-1.50773003E-5	-1.61132812E-1	0.00000000E+0	0.00000000E+0
-1.63574219E-1	-1.53062992E-5	-1.53062992E-5	-1.63574219E-1	0.00000000E+0	0.00000000E+0
-1.66015625E-1	-1.55199996E-5	-1.55199996E-5	-1.66015625E-1	0.00000000E+0	0.00000000E+0
-1.68457031E-1	-1.57623999E-5	-1.57623999E-5	-1.68457031E-1	0.00000000E+0	0.00000000E+0
-1.70898437E-1	-1.59857009E-5	-1.59857009E-5	-1.70898437E-1	0.00000000E+0	0.00000000E+0
-1.73339844E-1	-1.62197994E-5	-1.62197994E-5	-1.73339844E-1	0.00000000E+0	0.00000000E+0
-1.75781250E-1	-1.64361009E-5	-1.64361009E-5	-1.75781250E-1	0.00000000E+0	0.00000000E+0
-1.78222656E-1	-1.66690006E-5	-1.66690006E-5	-1.78222656E-1	0.00000000E+0	0.00000000E+0
-1.80664062E-1	-1.68903007E-5	-1.68903007E-5	-1.80664062E-1	0.00000000E+0	0.00000000E+0
-1.83105469E-1	-1.71155007E-5	-1.71155007E-5	-1.83105469E-1	0.00000000E+0	0.00000000E+0
-1.85546875E-1	-1.73419994E-5	-1.73419994E-5	-1.85546875E-1	0.00000000E+0	0.00000000E+0
-1.87988281E-1	-1.75736004E-5	-1.75736004E-5	-1.87988281E-1	0.00000000E+0	0.00000000E+0
-1.90429687E-1	-1.77950005E-5	-1.77950005E-5	-1.90429687E-1	0.00000000E+0	0.00000000E+0
-1.92871094E-1	-1.80214993E-5	-1.80214993E-5	-1.92871094E-1	0.00000000E+0	0.00000000E+0
-1.95312500E-1	-1.82339008E-5	-1.82339008E-5	-1.95312500E-1	0.00000000E+0	0.00000000E+0
-1.97753906E-1	-1.84782002E-5	-1.84782002E-5	-1.97753906E-1	0.00000000E+0	0.00000000E+0
-2.00195312E-1	-1.86931993E-5	-1.86931993E-5	-2.00195312E-1	0.00000000E+0	0.00000000E+0
-2.02636719E-1	-1.89172006E-5	-1.89172006E-5	-2.02636719E-1	0.00000000E+0	0.00000000E+0
-2.05078125E-1	-1.91513009E-5	-1.91513009E-5	-2.05078125E-1	0.00000000E+0	0.00000000E+0
-2.07519531E-1	-1.93752003E-5	-1.93752003E-5	-2.07519531E-1	0.00000000E+0	0.00000000E+0
-2.09960937E-1	-1.96067995E-5	-1.96067995E-5	-2.09960937E-1	0.00000000E+0	0.00000000E+0
-2.12402344E-1	-1.98180005E-5	-1.98180005E-5	-2.12402344E-1	0.00000000E+0	0.00000000E+0
-2.14843750E-1	-2.00470004E-5	-2.00470004E-5	-2.14843750E-1	0.00000000E+0	0.00000000E+0
-2.17285156E-1	-2.02608007E-5	-2.02608007E-5	-2.17285156E-1	0.00000000E+0	0.00000000E+0
-2.19726562E-1	-2.04898006E-5	-2.04898006E-5	-2.19726562E-1	0.00000000E+0	0.00000000E+0
-2.22167969E-1	-2.07264002E-5	-2.07264002E-5	-2.22167969E-1	0.00000000E+0	0.00000000E+0
-2.24609375E-1	-2.09517002E-5	-2.09517002E-5	-2.24609375E-1	0.00000000E+0	0.00000000E+0
-2.27050781E-1	-2.11654005E-5	-2.11654005E-5	-2.27050781E-1	0.00000000E+0	0.00000000E+0
-2.29492187E-1	-2.13906005E-5	-2.13906005E-5	-2.29492187E-1	0.00000000E+0	0.00000000E+0
-2.31933594E-1	-2.16235003E-5	-2.16235003E-5	-2.31933594E-1	0.00000000E+0	0.00000000E+0
-2.34375000E-1	-2.18334008E-5	-2.18334008E-5	-2.34375000E-1	0.00000000E+0	0.00000000E+0
-2.36816406E-1	-2.20777001E-5	-2.20777001E-5	-2.36816406E-1	0.00000000E+0	0.00000000E+0
-2.39257812E-1	-2.22863000E-5	-2.22863000E-5	-2.39257812E-1	0.00000000E+0	0.00000000E+0
-2.41699219E-1	-2.24898995E-5	-2.24898995E-5	-2.41699219E-1	0.00000000E+0	0.00000000E+0
-2.44140625E-1	-2.27138007E-5	-2.27138007E-5	-2.44140625E-1	0.00000000E+0	0.00000000E+0
-2.46582031E-1	-2.29479992E-5	-2.29479992E-5	-2.46582031E-1	0.00000000E+0	0.00000000E+0
-2.49023437E-1	-2.31515005E-5	-2.31515005E-5	-2.49023437E-1	0.00000000E+0	0.00000000E+0
-2.51464844E-1	-2.33868996E-5	-2.33868996E-5	-2.51464844E-1	0.00000000E+0	0.00000000E+0
-2.53906250E-1	-2.36006999E-5	-2.36006999E-5	-2.53906250E-1	0.00000000E+0	0.00000000E+0
-2.56347656E-1	-2.38334997E-5	-2.38334997E-5	-2.56347656E-1	0.00000000E+0	0.00000000E+0
-2.58789062E-1	-2.40320005E-5	-2.40320005E-5	-2.58789062E-1	0.00000000E+0	0.00000000E+0
-2.61230469E-1	-2.42610004E-5	-2.42610004E-5	-2.61230469E-1	0.00000000E+0	0.00000000E+0
-2.63671875E-1	-2.44441999E-5	-2.44441999E-5	-2.63671875E-1	0.00000000E+0	0.00000000E+0
-2.66113281E-1	-2.46770996E-5	-2.46770996E-5	-2.66113281E-1	0.00000000E+0	0.00000000E+0
-2.68554687E-1	-2.48717006E-5	-2.48717006E-5	-2.68554687E-1	0.00000000E+0	0.00000000E+0
-2.70996094E-1	-2.50854991E-5	-2.50854991E-5	-2.70996094E-1	0.00000000E+0	0.00000000E+0
-2.73437500E-1	-2.52687005E-5	-2.52687005E-5	-2.73437500E-1	0.00000000E+0	0.00000000E+0
-2.75878906E-1	-2.54747993E-5	-2.54747993E-5	-2.75878906E-1	0.00000000E+0	0.00000000E+0
-2.78320312E-1	-2.56961994E-5	-2.56961994E-5	-2.78320312E-1	0.00000000E+0	0.00000000E+0
-2.80761719E-1	-2.58947002E-5	-2.58947002E-5	-2.80761719E-1	0.00000000E+0	0.00000000E+0
-2.83203125E-1	-2.61085006E-5	-2.61085006E-5	-2.83203125E-1	0.00000000E+0	0.00000000E+0
-2.85644531E-1	-2.63221991E-5	-2.63221991E-5	-2.85644531E-1	0.00000000E+0	0.00000000E+0
-2.88085937E-1	-2.65207000E-5	-2.65207000E-5	-2.88085937E-1	0.00000000E+0	0.00000000E+0
-2.90527344E-1	-2.67496998E-5	-2.67496998E-5	-2.90527344E-1	0.00000000E+0	0.00000000E+0
-2.92968750E-1	-2.69635002E-5	-2.69635002E-5	-2.92968750E-1	0.00000000E+0	0.00000000E+0
-2.95410156E-1	-2.71734007E-5	-2.71734007E-5	-2.95410156E-1	0.00000000E+0	0.00000000E+0
-2.97851562E-1	-2.73909991E-5	-2.73909991E-5	-2.97851562E-1	0.00000000E+0	0.00000000E+0
-3.00292969E-1	-2.76200008E-5	-2.76200008E-5	-3.00292969E-1	0.00000000E+0	0.00000000E+0
-3.02734375E-1	-2.78337993E-5	-2.78337993E-5	-3.02734375E-1	0.00000000E+0	0.00000000E+0
-3.05175781E-1	-2.80627992E-5	-2.80627992E-5	-3.05175781E-1	0.00000000E+0	0.00000000E+0
-3.07617187E-1	-2.82764995E-5	-2.82764995E-5	-3.07617187E-1	0.00000000E+0	0.00000000E+0
-3.10058594E-1	-2.84902999E-5	-2.84902999E-5	-3.10058594E-1	0.00000000E+0	0.00000000E+0
-3.12500000E-1	-2.87268995E-5	-2.87268995E-5	-3.12500000E-1	0.00000000E+0	0.00000000E+0
-3.14941406E-1	-2.89482996E-5	-2.89482996E-5	-3.14941406E-1	0.00000000E+0	0.00000000E+0
-3.17382812E-1	-2.91468004E-5	-2.91468004E-5	-3.17382812E-1	0.00000000E+0	0.00000000E+0
-3.19824219E-1	-2.93835001E-5	-2.93835001E-5	-3.19824219E-1	0.00000000E+0	0.00000000E+0
-3.22265625E-1	-2.96162998E-5	-2.96162998E-5	-3.22265625E-1	0.00000000E+0	0.00000000E+0
-3.24707031E-1	-2.98414998E-5	-2.98414998E-5	-3.24707031E-1	0.00000000E+0	0.00000000E+0
-3.27148437E-1	-3.00324009E-5	-3.00324009E-5	-3.27148437E-1	0.00000000E+0	0.00000000E+0
-3.29589844E-1	-3.02690005E-5	-3.02690005E-5	-3.29589844E-1	0.00000000E+0	0.00000000E+0
-3.32031250E-1	-3.04904006E-5	-3.04904006E-5	-3.32031250E-1	0.00000000E+0	0.00000000E+0
-3.34472656E-1	-3.07156006E-5	-3.07156006E-5	-3.34472656E-1	0.00000000E+0	0.00000000E+0
-3.36914062E-1	-3.09255011E-5	-3.09255011E-5	-3.36914062E-1	0.00000000E+0	0.00000000E+0
-3.39355469E-1	-3.11545991E-5	-3.11545991E-5	-3.39355469E-1	0.00000000E+0	0.00000000E+0
-3.41796875E-1	-3.13683013E-5	-3.13683013E-5	-3.41796875E-1	0.00000000E+0	0.00000000E+0
-3.44238281E-1	-3.15897014E-5	-3.15897014E-5	-3.44238281E-1	0.00000000E+0	0.00000000E+0
-3.46679687E-1	-3.17958002E-5	-3.17958002E-5	-3.46679687E-1	0.00000000E+0	0.00000000E+0
-3.49121094E-1	-3.20401014E-5	-3.20401014E-5	-3.49121094E-1	0.00000000E+0	0.00000000E+0
-3.51562500E-1	-3.22232991E-5	-3.22232991E-5	-3.51562500E-1	0.00000000E+0	0.00000000E+0
-3.54003906E-1	-3.24752982E-5	-3.24752982E-5	-3.54003906E-1	0.00000000E+0	0.00000000E+0
-3.56445312E-1	-3.26966001E-5	-3.26966001E-5	-3.56445312E-1	0.00000000E+0	0.00000000E+0
-3.58886719E-1	-3.29217983E-5	-3.29217983E-5	-3.58886719E-1	0.00000000E+0	0.00000000E+0
-3.61328125E-1	-3.31470983E-5	-3.31470983E-5	-3.61328125E-1	0.00000000E+0	0.00000000E+0
-3.63769531E-1	-3.33608004E-5	-3.33608004E-5	-3.63769531E-1	0.00000000E+0	0.00000000E+0
-3.66210937E-1	-3.35746008E-5	-3.35746008E-5	-3.66210937E-1	0.00000000E+0	0.00000000E+0
-3.68652344E-1	-3.37882993E-5	-3.37882993E-5	-3.68652344E-1	0.00000000E+0	0.00000000E+0
-3.71093750E-1	-3.40211009E-5	-3.40211009E-5	-3.71093750E-1	0.00000000E+0	0.00000000E+0
-3.73535156E-1	-3.42464009E-5	-3.42464009E-5	-3.73535156E-1	0.00000000E+0	0.00000000E+0
-3.75976562E-1	-3.44676992E-5	-3.44676992E-5	-3.75976562E-1	0.00000000E+0	0.00000000E+0
-3.78417969E-1	-3.46738998E-5	-3.46738998E-5	-3.78417969E-1	0.00000000E+0	0.00000000E+0
-3.80859375E-1	-3.48952017E-5	-3.48952017E-5	-3.80859375E-1	0.00000000E+0	0.00000000E+0
-3.83300781E-1	-3.51318995E-5	-3.51318995E-5	-3.83300781E-1	0.00000000E+0	0.00000000E+0
-3.85742187E-1	-3.53342002E-5	-3.53342002E-5	-3.85742187E-1	0.00000000E+0	0.00000000E+0
-3.88183594E-1	-3.55670018E-5	-3.55670018E-5	-3.88183594E-1	0.00000000E+0	0.00000000E+0
-3.90625000E-1	-3.57731988E-5	-3.57731988E-5	-3.90625000E-1	0.00000000E+0	0.00000000E+0
-3.93066406E-1	-3.59945989E-5	-3.59945989E-5	-3.93066406E-1	0.00000000E+0	0.00000000E+0
-3.95507812E-1	-3.62007013E-5	-3.62007013E-5	-3.95507812E-1	0.00000000E+0	0.00000000E+0
-3.97949219E-1	-3.64221014E-5	-3.64221014E-5	-3.97949219E-1	0.00000000E+0	0.00000000E+0
-4.00390625E-1	-3.66357999E-5	-3.66357999E-5	-4.00390625E-1	0.00000000E+0	0.00000000E+0
-4.02832031E-1	-3.68572000E-5	-3.68572000E-5	-4.02832031E-1	0.00000000E+0	0.00000000E+0
-4.05273437E-1	-3.70939015E-5	-3.70939015E-5	-4.05273437E-1	0.00000000E+0	0.00000000E+0
-4.07714844E-1	-3.73076000E-5	-3.73076000E-5	-4.07714844E-1	0.00000000E+0	0.00000000E+0
-4.10156250E-1	-3.75290001E-5	-3.75290001E-5	-4.10156250E-1	0.00000000E+0	0.00000000E+0
-4.12597656E-1	-3.77350989E-5	-3.77350989E-5	-4.12597656E-1	0.00000000E+0	0.00000000E+0
-4.15039062E-1	-3.79488993E-5	-3.79488993E-5	-4.15039062E-1	0.00000000E+0	0.00000000E+0
-4.17480469E-1	-3.81932005E-5	-3.81932005E-5	-4.17480469E-1	0.00000000E+0	0.00000000E+0
-4.19921875E-1	-3.83992992E-5	-3.83992992E-5	-4.19921875E-1	0.00000000E+0	0.00000000E+0
-4.22363281E-1	-3.86206993E-5	-3.86206993E-5	-4.22363281E-1	0.00000000E+0	0.00000000E+0
-4.24804687E-1	-3.88344015E-5	-3.88344015E-5	-4.24804687E-1	0.00000000E+0	0.00000000E+0
-4.27246094E-1	-3.90710993E-5	-3.90710993E-5	-4.27246094E-1	0.00000000E+0	0.00000000E+0
-4.29687500E-1	-3.92734000E-5	-3.92734000E-5	-4.29687500E-1	0.00000000E+0	0.00000000E+0
-4.32128906E-1	-3.95062016E-5	-3.95062016E-5	-4.32128906E-1	0.00000000E+0	0.00000000E+0
-4.34570312E-1	-3.97276017E-5	-3.97276017E-5	-4.34570312E-1	0.00000000E+0	0.00000000E+0
-4.37011719E-1	-3.99337005E-5	-3.99337005E-5	-4.37011719E-1	0.00000000E+0	0.00000000E+0
-4.39453125E-1	-4.01475008E-5	-4.01475008E-5	-4.39453125E-1	0.00000000E+0	0.00000000E+0
-4.41894531E-1	-4.03994018E-5	-4.03994018E-5	-4.41894531E-1	0.00000000E+0	0.00000000E+0
-4.44335937E-1	-4.06151012E-5	-4.06151012E-5	-4.44335937E-1	0.00000000E+0	0.00000000E+0
-4.46777344E-1	-4.08498017E-5	-4.08498017E-5	-4.46777344E-1	0.00000000E+0	0.00000000E+0
-4.49218750E-1	-4.10540015E-5	-4.10540015E-5	-4.49218750E-1	0.00000000E+0	0.00000000E+0
-4.51660156E-1	-4.12773006E-5	-4.12773006E-5	-4.51660156E-1	0.00000000E+0	0.00000000E+0
-4.54101562E-1	-4.14987007E-5	-4.14987007E-5	-4.54101562E-1	0.00000000E+0	0.00000000E+0
-4.56542969E-1	-4.17181982E-5	-4.17181982E-5	-4.56542969E-1	0.00000000E+0	0.00000000E+0
-4.58984375E-1	-4.19261996E-5	-4.19261996E-5	-4.58984375E-1	0.00000000E+0	0.00000000E+0
-4.61425781E-1	-4.21705008E-5	-4.21705008E-5	-4.61425781E-1	0.00000000E+0	0.00000000E+0
-4.63867187E-1	-4.23689999E-5	-4.23689999E-5	-4.63867187E-1	0.00000000E+0	0.00000000E+0
-4.66308594E-1	-4.25904000E-5	-4.25904000E-5	-4.66308594E-1	0.00000000E+0	0.00000000E+0
-4.68750000E-1	-4.27927007E-5	-4.27927007E-5	-4.68750000E-1	0.00000000E+0	0.00000000E+0
-4.71191406E-1	-4.30178989E-5	-4.30178989E-5	-4.71191406E-1	0.00000000E+0	0.00000000E+0
-4.73632812E-1	-4.32564011E-5	-4.32564011E-5	-4.73632812E-1	0.00000000E+0	0.00000000E+0
-4.76074219E-1	-4.34836002E-5	-4.34836002E-5	-4.76074219E-1	0.00000000E+0	0.00000000E+0
-4.78515625E-1	-4.36972987E-5	-4.36972987E-5	-4.78515625E-1	0.00000000E+0	0.00000000E+0
-4.80957031E-1	-4.39034011E-5	-4.39034011E-5	-4.80957031E-1	0.00000000E+0	0.00000000E+0
-4.83398437E-1	-4.41248012E-5	-4.41248012E-5	-4.83398437E-1	0.00000000E+0	0.00000000E+0
-4.85839844E-1	-4.43690988E-5	-4.43690988E-5	-4.85839844E-1	0.00000000E+0	0.00000000E+0
-4.88281250E-1	-4.45828991E-5	-4.45828991E-5	-4.88281250E-1	0.00000000E+0	0.00000000E+0
-4.90722656E-1	-4.47966013E-5	-4.47966013E-5	-4.90722656E-1	0.00000000E+0	0.00000000E+0
-4.93164062E-1	-4.50123007E-5	-4.50123007E-5	-4.93164062E-1	0.00000000E+0	0.00000000E+0
-4.90722656E-1	-4.47966013E-5	-4.47966013E-5	-4.90722656E-1	0.00000000E+0	0.00000000E+0
-4.88281250E-1	-4.45828991E-5	-4.45828991E-5	-4.88281250E-1	0.00000000E+0	0.00000000E+0
-4.85839844E-1	-4.43386016E-5	-4.43386016E-5	-4.85839844E-1	0.00000000E+0	0.00000000E+0
-4.83398437E-1	-4.41248012E-5	-4.41248012E-5	-4.83398437E-1	0.00000000E+0	0.00000000E+0
-4.80957031E-1	-4.39034011E-5	-4.39034011E-5	-4.80957031E-1	0.00000000E+0	0.00000000E+0
-4.78515625E-1	-4.36972987E-5	-4.36972987E-5	-4.78515625E-1	0.00000000E+0	0.00000000E+0
-4.76074219E-1	-4.34836002E-5	-4.34836002E-5	-4.76074219E-1	0.00000000E+0	0.00000000E+0
-4.73632812E-1	-4.32564011E-5	-4.32564011E-5	-4.73632812E-1	0.00000000E+0	0.00000000E+0
-4.71191406E-1	-4.30178989E-5	-4.30178989E-5	-4.71191406E-1	0.00000000E+0	0.00000000E+0
-4.68750000E-1	-4.27927007E-5	-4.27927007E-5	-4.68750000E-1	0.00000000E+0	0.00000000E+0
-4.66308594E-1	-4.25904000E-5	-4.25904000E-5	-4.66308594E-1	0.00000000E+0	0.00000000E+0
-4.63867187E-1	-4.23689999E-5	-4.23689999E-5	-4.63867187E-1	0.00000000E+0	0.00000000E+0
-4.61425781E-1	-4.21322984E-5	-4.21322984E-5	-4.61425781E-1	0.00000000E+0	0.00000000E+0
-4.58984375E-1	-4.19261996E-5	-4.19261996E-5	-4.58984375E-1	0.00000000E+0	0.00000000E+0
-4.56542969E-1	-4.17181982E-5	-4.17181982E-5	-4.56542969E-1	0.00000000E+0	0.00000000E+0
-4.54101562E-1	-4.14987007E-5	-4.14987007E-5	-4.54101562E-1	0.00000000E+0	0.00000000E+0
-4.51660156E-1	-4.12773006E-5	-4.12773006E-5	-4.51660156E-1	0.00000000E+0	0.00000000E+0
-4.49218750E-1	-4.10540015E-5	-4.10540015E-5	-4.49218750E-1	0.00000000E+0	0.00000000E+0
-4.46777344E-1	-4.08498017E-5	-4.08498017E-5	-4.46777344E-1	0.00000000E+0	0.00000000E+0
-4.44335937E-1	-4.06151012E-5	-4.06151012E-5	-4.44335937E-1	0.00000000E+0	0.00000000E+0
-4.41894531E-1	-4.03994018E-5	-4.03994018E-5	-4.41894531E-1	0.00000000E+0	0.00000000E+0
-4.39453125E-1	-4.01475008E-5	-4.01475008E-5	-4.39453125E-1	0.00000000E+0	0.00000000E+0
-4.37011719E-1	-3.99337005E-5	-3.99337005E-5	-4.37011719E-1	0.00000000E+0	0.00000000E+0
-4.34570312E-1	-3.97276017E-5	-3.97276017E-5	-4.34570312E-1	0.00000000E+0	0.00000000E+0
-4.32128906E-1	-3.95062016E-5	-3.95062016E-5	-4.32128906E-1	0.00000000E+0	0.00000000E+0
-4.29687500E-1	-3.92734000E-5	-3.92734000E-5	-4.29687500E-1	0.00000000E+0	0.00000000E+0
-4.27246094E-1	-3.90710993E-5	-3.90710993E-5	-4.27246094E-1	0.00000000E+0	0.00000000E+0
-4.24804687E-1	-3.88650005E-5	-3.88650005E-5	-4.24804687E-1	0.00000000E+0	0.00000000E+0
-4.22363281E-1	-3.86206993E-5	-3.86206993E-5	-4.22363281E-1	0.00000000E+0	0.00000000E+0
-4.19921875E-1	-3.84183986E-5	-3.84183986E-5	-4.19921875E-1	0.00000000E+0	0.00000000E+0
-4.17480469E-1	-3.81932005E-5	-3.81932005E-5	-4.17480469E-1	0.00000000E+0	0.00000000E+0
-4.15039062E-1	-3.79794001E-5	-3.79794001E-5	-4.15039062E-1	0.00000000E+0	0.00000000E+0
-4.12597656E-1	-3.77350989E-5	-3.77350989E-5	-4.12597656E-1	0.00000000E+0	0.00000000E+0
-4.10156250E-1	-3.75290001E-5	-3.75290001E-5	-4.10156250E-1	0.00000000E+0	0.00000000E+0
-4.07714844E-1	-3.73229013E-5	-3.73229013E-5	-4.07714844E-1	0.00000000E+0	0.00000000E+0
-4.05273437E-1	-3.70939015E-5	-3.70939015E-5	-4.05273437E-1	0.00000000E+0	0.00000000E+0
-4.02832031E-1	-3.68572000E-5	-3.68572000E-5	-4.02832031E-1	0.00000000E+0	0.00000000E+0
-4.00390625E-1	-3.66357999E-5	-3.66357999E-5	-4.00390625E-1	0.00000000E+0	0.00000000E+0
-3.97949219E-1	-3.64221014E-5	-3.64221014E-5	-3.97949219E-1	0.00000000E+0	0.00000000E+0
-3.95507812E-1	-3.62387982E-5	-3.62387982E-5	-3.95507812E-1	0.00000000E+0	0.00000000E+0
-3.93066406E-1	-3.60097984E-5	-3.60097984E-5	-3.93066406E-1	0.00000000E+0	0.00000000E+0
-3.90625000E-1	-3.57731988E-5	-3.57731988E-5	-3.90625000E-1	0.00000000E+0	0.00000000E+0
-3.88183594E-1	-3.55785014E-5	-3.55785014E-5	-3.88183594E-1	0.00000000E+0	0.00000000E+0
-3.85742187E-1	-3.53342002E-5	-3.53342002E-5	-3.85742187E-1	0.00000000E+0	0.00000000E+0
-3.83300781E-1	-3.51318995E-5	-3.51318995E-5	-3.83300781E-1	0.00000000E+0	0.00000000E+0
-3.80859375E-1	-3.49067013E-5	-3.49067013E-5	-3.80859375E-1	0.00000000E+0	0.00000000E+0
-3.78417969E-1	-3.46738998E-5	-3.46738998E-5	-3.78417969E-1	0.00000000E+0	0.00000000E+0
-3.75976562E-1	-3.44676992E-5	-3.44676992E-5	-3.75976562E-1	0.00000000E+0	0.00000000E+0
-3.73535156E-1	-3.42464009E-5	-3.42464009E-5	-3.73535156E-1	0.00000000E+0	0.00000000E+0
-3.71093750E-1	-3.40211009E-5	-3.40211009E-5	-3.71093750E-1	0.00000000E+0	0.00000000E+0
-3.68652344E-1	-3.37882993E-5	-3.37882993E-5	-3.68652344E-1	0.00000000E+0	0.00000000E+0
-3.66210937E-1	-3.35746008E-5	-3.35746008E-5	-3.66210937E-1	0.00000000E+0	0.00000000E+0
-3.63769531E-1	-3.33608004E-5	-3.33608004E-5	-3.63769531E-1	0.00000000E+0	0.00000000E+0
-3.61328125E-1	-3.31470983E-5	-3.31470983E-5	-3.61328125E-1	0.00000000E+0	0.00000000E+0
-3.58886719E-1	-3.29217983E-5	-3.29217983E-5	-3.58886719E-1	0.00000000E+0	0.00000000E+0
-3.56445312E-1	-3.26966001E-5	-3.26966001E-5	-3.56445312E-1	0.00000000E+0	0.00000000E+0
-3.54003906E-1	-3.24752982E-5	-3.24752982E-5	-3.54003906E-1	0.00000000E+0	0.00000000E+0
-3.51562500E-1	-3.22615015E-5	-3.22615015E-5	-3.51562500E-1	0.00000000E+0	0.00000000E+0
-3.49121094E-1	-3.20401014E-5	-3.20401014E-5	-3.49121094E-1	0.00000000E+0	0.00000000E+0
-3.46679687E-1	-3.18148996E-5	-3.18148996E-5	-3.46679687E-1	0.00000000E+0	0.00000000E+0
-3.44238281E-1	-3.16125988E-5	-3.16125988E-5	-3.44238281E-1	0.00000000E+0	0.00000000E+0
-3.41796875E-1	-3.13683013E-5	-3.13683013E-5	-3.41796875E-1	0.00000000E+0	0.00000000E+0
-3.39355469E-1	-3.11545991E-5	-3.11545991E-5	-3.39355469E-1	0.00000000E+0	0.00000000E+0
-3.36914062E-1	-3.09255011E-5	-3.09255011E-5	-3.36914062E-1	0.00000000E+0	0.00000000E+0
-3.34472656E-1	-3.07156006E-5	-3.07156006E-5	-3.34472656E-1	0.00000000E+0	0.00000000E+0
-3.32031250E-1	-3.04904006E-5	-3.04904006E-5	-3.32031250E-1	0.00000000E+0	0.00000000E+0
-3.29589844E-1	-3.02880999E-5	-3.02880999E-5	-3.29589844E-1	0.00000000E+0	0.00000000E+0
-3.27148437E-1	-3.00628999E-5	-3.00628999E-5	-3.27148437E-1	0.00000000E+0	0.00000000E+0
-3.24707031E-1	-2.98414998E-5	-2.98414998E-5	-3.24707031E-1	0.00000000E+0	0.00000000E+0
-3.22265625E-1	-2.96162998E-5	-2.96162998E-5	-3.22265625E-1	0.00000000E+0	0.00000000E+0
-3.19824219E-1	-2.93835001E-5	-2.93835001E-5	-3.19824219E-1	0.00000000E+0	0.00000000E+0
-3.17382812E-1	-2.91772994E-5	-2.91772994E-5	-3.17382812E-1	0.00000000E+0	0.00000000E+0
-3.14941406E-1	-2.89635991E-5	-2.89635991E-5	-3.14941406E-1	0.00000000E+0	0.00000000E+0
-3.12500000E-1	-2.87268995E-5	-2.87268995E-5	-3.12500000E-1	0.00000000E+0	0.00000000E+0
-3.10058594E-1	-2.85054994E-5	-2.85054994E-5	-3.10058594E-1	0.00000000E+0	0.00000000E+0
-3.07617187E-1	-2.82764995E-5	-2.82764995E-5	-3.07617187E-1	0.00000000E+0	0.00000000E+0
-3.05175781E-1	-2.80627992E-5	-2.80627992E-5	-3.05175781E-1	0.00000000E+0	0.00000000E+0
-3.02734375E-1	-2.78337993E-5	-2.78337993E-5	-3.02734375E-1	0.00000000E+0	0.00000000E+0
-3.00292969E-1	-2.76200008E-5	-2.76200008E-5	-3.00292969E-1	0.00000000E+0	0.00000000E+0
-2.97851562E-1	-2.73909991E-5	-2.73909991E-5	-2.97851562E-1	0.00000000E+0	0.00000000E+0
-2.95410156E-1	-2.71734007E-5	-2.71734007E-5	-2.95410156E-1	0.00000000E+0	0.00000000E+0
-2.92968750E-1	-2.69635002E-5	-2.69635002E-5	-2.92968750E-1	0.00000000E+0	0.00000000E+0
-2.90527344E-1	-2.67344003E-5	-2.67344003E-5	-2.90527344E-1	0.00000000E+0	0.00000000E+0
-2.88085937E-1	-2.65207000E-5	-2.65207000E-5	-2.88085937E-1	0.00000000E+0	0.00000000E+0
-2.85644531E-1	-2.63068996E-5	-2.63068996E-5	-2.85644531E-1	0.00000000E+0	0.00000000E+0
-2.83203125E-1	-2.60931993E-5	-2.60931993E-5	-2.83203125E-1	0.00000000E+0	0.00000000E+0
-2.80761719E-1	-2.59099997E-5	-2.59099997E-5	-2.80761719E-1	0.00000000E+0	0.00000000E+0
-2.78320312E-1	-2.56961994E-5	-2.56961994E-5	-2.78320312E-1	0.00000000E+0	0.00000000E+0
-2.75878906E-1	-2.54747993E-5	-2.54747993E-5	-2.75878906E-1	0.00000000E+0	0.00000000E+0
-2.73437500E-1	-2.52687005E-5	-2.52687005E-5	-2.73437500E-1	0.00000000E+0	0.00000000E+0
-2.70996094E-1	-2.50854991E-5	-2.50854991E-5	-2.70996094E-1	0.00000000E+0	0.00000000E+0
-2.68554687E-1	-2.48411998E-5	-2.48411998E-5	-2.68554687E-1	0.00000000E+0	0.00000000E+0
-2.66113281E-1	-2.46770996E-5	-2.46770996E-5	-2.66113281E-1	0.00000000E+0	0.00000000E+0
-2.63671875E-1	-2.44441999E-5	-2.44441999E-5	-2.63671875E-1	0.00000000E+0	0.00000000E+0
-2.61230469E-1	-2.42610004E-5	-2.42610004E-5	-2.61230469E-1	0.00000000E+0	0.00000000E+0
-2.58789062E-1	-2.40320005E-5	-2.40320005E-5	-2.58789062E-1	0.00000000E+0	0.00000000E+0
-2.56347656E-1	-2.38182001E-5	-2.38182001E-5	-2.56347656E-1	0.00000000E+0	0.00000000E+0
-2.53906250E-1	-2.36006999E-5	-2.36006999E-5	-2.53906250E-1	0.00000000E+0	0.00000000E+0
-2.51464844E-1	-2.33868996E-5	-2.33868996E-5	-2.51464844E-1	0.00000000E+0	0.00000000E+0
-2.49023437E-1	-2.31616996E-5	-2.31616996E-5	-2.49023437E-1	0.00000000E+0	0.00000000E+0
-2.46582031E-1	-2.29479992E-5	-2.29479992E-5	-2.46582031E-1	0.00000000E+0	0.00000000E+0
-2.44140625E-1	-2.27239998E-5	-2.27239998E-5	-2.44140625E-1	0.00000000E+0	0.00000000E+0
-2.41699219E-1	-2.25128006E-5	-2.25128006E-5	-2.41699219E-1	0.00000000E+0	0.00000000E+0
-2.39257812E-1	-2.22863000E-5	-2.22863000E-5	-2.39257812E-1	0.00000000E+0	0.00000000E+0
-2.36816406E-1	-2.20777001E-5	-2.20777001E-5	-2.36816406E-1	0.00000000E+0	0.00000000E+0
-2.34375000E-1	-2.18334008E-5	-2.18334008E-5	-2.34375000E-1	0.00000000E+0	0.00000000E+0
-2.31933594E-1	-2.16235003E-5	-2.16235003E-5	-2.31933594E-1	0.00000000E+0	0.00000000E+0
-2.29492187E-1	-2.13803996E-5	-2.13803996E-5	-2.29492187E-1	0.00000000E+0	0.00000000E+0
-2.27050781E-1	-2.11654005E-5	-2.11654005E-5	-2.27050781E-1	0.00000000E+0	0.00000000E+0
-2.24609375E-1	-2.09517002E-5	-2.09517002E-5	-2.24609375E-1	0.00000000E+0	0.00000000E+0
-2.22167969E-1	-2.07264002E-5	-2.07264002E-5	-2.22167969E-1	0.00000000E+0	0.00000000E+0
-2.19726562E-1	-2.04898006E-5	-2.04898006E-5	-2.19726562E-1	0.00000000E+0	0.00000000E+0
-2.17285156E-1	-2.02608007E-5	-2.02608007E-5	-2.17285156E-1	0.00000000E+0	0.00000000E+0
-2.14843750E-1	-2.00470004E-5	-2.00470004E-5	-2.14843750E-1	0.00000000E+0	0.00000000E+0
-2.12402344E-1	-1.98333000E-5	-1.98333000E-5	-2.12402344E-1	0.00000000E+0	0.00000000E+0
-2.09960937E-1	-1.96067995E-5	-1.96067995E-5	-2.09960937E-1	0.00000000E+0	0.00000000E+0
-2.07519531E-1	-1.93853994E-5	-1.93853994E-5	-2.07519531E-1	0.00000000E+0	0.00000000E+0
-2.05078125E-1	-1.91513009E-5	-1.91513009E-5	-2.05078125E-1	0.00000000E+0	0.00000000E+0
-2.02636719E-1	-1.89172006E-5	-1.89172006E-5	-2.02636719E-1	0.00000000E+0	0.00000000E+0
-2.00195312E-1	-1.86931993E-5	-1.86931993E-5	-2.00195312E-1	0.00000000E+0	0.00000000E+0
-1.97753906E-1	-1.84782002E-5	-1.84782002E-5	-1.97753906E-1	0.00000000E+0	0.00000000E+0
-1.95312500E-1	-1.82339008E-5	-1.82339008E-5	-1.95312500E-1	0.00000000E+0	0.00000000E+0
-1.92871094E-1	-1.80214993E-5	-1.80214993E-5	-1.92871094E-1	0.00000000E+0	0.00000000E+0
-1.90429687E-1	-1.77950005E-5	-1.77950005E-5	-1.90429687E-1	0.00000000E+0	0.00000000E+0
-1.87988281E-1	-1.75736004E-5	-1.75736004E-5	-1.87988281E-1	0.00000000E+0	0.00000000E+0
-1.85546875E-1	-1.73419994E-5	-1.73419994E-5	-1.85546875E-1	0.00000000E+0	0.00000000E+0
-1.83105469E-1	-1.71155007E-5	-1.71155007E-5	-1.83105469E-1	0.00000000E+0	0.00000000E+0
-1.80664062E-1	-1.68903007E-5	-1.68903007E-5	-1.80664062E-1	0.00000000E+0	0.00000000E+0
-1.78222656E-1	-1.66690006E-5	-1.66690006E-5	-1.78222656E-1	0.00000000E+0	0.00000000E+0
-1.75781250E-1	-1.64361009E-5	-1.64361009E-5	-1.75781250E-1	0.00000000E+0	0.00000000E+0
-1.73339844E-1	-1.62197994E-5	-1.62197994E-5	-1.73339844E-1	0.00000000E+0	0.00000000E+0
-1.70898437E-1	-1.59857009E-5	-1.59857009E-5	-1.70898437E-1	0.00000000E+0	0.00000000E+0
-1.68457031E-1	-1.57623999E-5	-1.57623999E-5	-1.68457031E-1	0.00000000E+0	0.00000000E+0
-1.66015625E-1	-1.55199996E-5	-1.55199996E-5	-1.66015625E-1	0.00000000E+0	0.00000000E+0
-1.63574219E-1	-1.53062992E-5	-1.53062992E-5	-1.63574219E-1	0.00000000E+0	0.00000000E+0
-1.61132812E-1	-1.50773003E-5	-1.50773003E-5	-1.61132812E-1	0.00000000E+0	0.00000000E+0
-1.58691406E-1	-1.48482004E-5	-1.48482004E-5	-1.58691406E-1	0.00000000E+0	0.00000000E+0
-1.56250000E-1	-1.46115999E-5	-1.46115999E-5	-1.56250000E-1	0.00000000E+0	0.00000000E+0
-1.53808594E-1	-1.43978004E-5	-1.43978004E-5	-1.53808594E-1	0.00000000E+0	0.00000000E+0
-1.51367187E-1	-1.41637001E-5	-1.41637001E-5	-1.51367187E-1	0.00000000E+0	0.00000000E+0
-1.48925781E-1	-1.39378999E-5	-1.39378999E-5	-1.48925781E-1	0.00000000E+0	0.00000000E+0
-1.46484375E-1	-1.37108000E-5	-1.37108000E-5	-1.46484375E-1	0.00000000E+0	0.00000000E+0
-1.44042969E-1	-1.34817001E-5	-1.34817001E-5	-1.44042969E-1	0.00000000E+0	0.00000000E+0
-1.41601562E-1	-1.32489004E-5	-1.32489004E-5	-1.41601562E-1	0.00000000E+0	0.00000000E+0
-1.39160156E-1	-1.30285998E-5	-1.30285998E-5	-1.39160156E-1	0.00000000E+0	0.00000000E+0
-1.36718750E-1	-1.28068996E-5	-1.28068996E-5	-1.36718750E-1	0.00000000E+0	0.00000000E+0
-1.34277344E-1	-1.25789002E-5	-1.25789002E-5	-1.34277344E-1	0.00000000E+0	0.00000000E+0
-1.31835937E-1	-1.23440996E-5	-1.23440996E-5	-1.31835937E-1	0.00000000E+0	0.00000000E+0
-1.29394531E-1	-1.21272997E-5	-1.21272997E-5	-1.29394531E-1	0.00000000E+0	0.00000000E+0
-1.26953125E-1	-1.18937996E-5	-1.18937996E-5	-1.26953125E-1	0.00000000E+0	0.00000000E+0
-1.24511719E-1	-1.16731999E-5	-1.16731999E-5	-1.24511719E-1	0.00000000E+0	0.00000000E+0
-1.22070312E-1	-1.14422000E-5	-1.14422000E-5	-1.22070312E-1	0.00000000E+0	0.00000000E+0
-1.19628906E-1	-1.12144999E-5	-1.12144999E-5	-1.19628906E-1	0.00000000E+0	0.00000000E+0
-1.17187500E-1	-1.09787998E-5	-1.09787998E-5	-1.17187500E-1	0.00000000E+0	0.00000000E+0
-1.14746094E-1	-1.07633005E-5	-1.07633005E-5	-1.14746094E-1	0.00000000E+0	0.00000000E+0
-1.12304687E-1	-1.05334002E-5	-1.05334002E-5	-1.12304687E-1	0.00000000E+0	0.00000000E+0
-1.09863281E-1	-1.03114999E-5	-1.03114999E-5	-1.09863281E-1	0.00000000E+0	0.00000000E+0
-1.07421875E-1	-1.00787001E-5	-1.00787001E-5	-1.07421875E-1	0.00000000E+0	0.00000000E+0
-1.04980469E-1	-9.85817042E-6	-9.85817042E-6	-1.04980469E-1	0.00000000E+0	0.00000000E+0
-1.02539062E-1	-9.62117974E-6	-9.62117974E-6	-1.02539062E-1	0.00000000E+0	0.00000000E+0
-1.00097656E-1	-9.40250993E-6	-9.40250993E-6	-1.00097656E-1	0.00000000E+0	0.00000000E+0
-9.76562500E-2	-9.16781028E-6	-9.16781028E-6	-9.76562500E-2	0.00000000E+0	0.00000000E+0
-9.52148438E-2	-8.94837012E-6	-8.94837012E-6	-9.52148438E-2	0.00000000E+0	0.00000000E+0
-9.27734375E-2	-8.71366956E-6	-8.71366956E-6	-9.27734375E-2	0.00000000E+0	0.00000000E+0
-9.03320313E-2	-8.49079970E-6	-8.49079970E-6	-9.03320313E-2	0.00000000E+0	0.00000000E+0
-8.78906250E-2	-8.25496045E-6	-8.25496045E-6	-8.78906250E-2	0.00000000E+0	0.00000000E+0
-8.54492188E-2	-8.03246985E-6	-8.03246985E-6	-8.54492188E-2	0.00000000E+0	0.00000000E+0
-8.30078125E-2	-7.80310984E-6	-7.80310984E-6	-8.30078125E-2	0.00000000E+0	0.00000000E+0
-8.05664063E-2	-7.57680982E-6	-7.57680982E-6	-8.05664063E-2	0.00000000E+0	0.00000000E+0
-7.81250000E-2	-7.33942989E-6	-7.33942989E-6	-7.81250000E-2	0.00000000E+0	0.00000000E+0
-7.56835938E-2	-7.11503981E-6	-7.11503981E-6	-7.56835938E-2	0.00000000E+0	0.00000000E+0
-7.32421875E-2	-6.88567980E-6	-6.88567980E-6	-7.32421875E-2	0.00000000E+0	0.00000000E+0
-7.08007813E-2	-6.66395999E-6	-6.66395999E-6	-7.08007813E-2	0.00000000E+0	0.00000000E+0
-6.83593750E-2	-6.43115982E-6	-6.43115982E-6	-6.83593750E-2	0.00000000E+0	0.00000000E+0
-6.59179688E-2	-6.20372020E-6	-6.20372020E-6	-6.59179688E-2	0.00000000E+0	0.00000000E+0
-6.34765625E-2	-5.96787004E-6	-5.96787004E-6	-6.34765625E-2	0.00000000E+0	0.00000000E+0
-6.10351563E-2	-5.74576006E-6	-5.74576006E-6	-6.10351563E-2	0.00000000E+0	0.00000000E+0
-5.85937500E-2	-5.50991990E-6	-5.50991990E-6	-5.85937500E-2	0.00000000E+0	0.00000000E+0
-5.61523438E-2	-5.28857981E-6	-5.28857981E-6	-5.61523438E-2	0.00000000E+0	0.00000000E+0
-5.37109375E-2	-5.05578009E-6	-5.05578009E-6	-5.37109375E-2	0.00000000E+0	0.00000000E+0
-5.12695313E-2	-4.83023996E-6	-4.83023996E-6	-5.12695313E-2	0.00000000E+0	0.00000000E+0
-4.88281250E-2	-4.59553985E-6	-4.59553985E-6	-4.88281250E-2	0.00000000E+0	0.00000000E+0
-4.63867188E-2	-4.36962000E-6	-4.36962000E-6	-4.63867188E-2	0.00000000E+0	0.00000000E+0
-4.39453125E-2	-4.13759017E-6	-4.13759017E-6	-4.39453125E-2	0.00000000E+0	0.00000000E+0
-4.15039063E-2	-3.90709010E-6	-3.90709010E-6	-4.15039063E-2	0.00000000E+0	0.00000000E+0
-3.90625000E-2	-3.67276994E-6	-3.67276994E-6	-3.90625000E-2	0.00000000E+0	0.00000000E+0
-3.66210938E-2	-3.44913997E-6	-3.44913997E-6	-3.66210938E-2	0.00000000E+0	0.00000000E+0
-3.41796875E-2	-3.22093001E-6	-3.22093001E-6	-3.41796875E-2	0.00000000E+0	0.00000000E+0
-3.17382813E-2	-2.99499993E-6	-2.99499993E-6	-3.17382813E-2	0.00000000E+0	0.00000000E+0
-2.92968750E-2	-2.76106994E-6	-2.76106994E-6	-2.92968750E-2	0.00000000E+0	0.00000000E+0
-2.68554688E-2	-2.53780991E-6	-2.53780991E-6	-2.68554688E-2	0.00000000E+0	0.00000000E+0
-2.44140625E-2	-2.30579008E-6	-2.30579008E-6	-2.44140625E-2	0.00000000E+0	0.00000000E+0
-2.19726563E-2	-2.08023994E-6	-2.08023994E-6	-2.19726563E-2	0.00000000E+0	0.00000000E+0
-1.95312500E-2	-1.84707005E-6	-1.84707005E-6	-1.95312500E-2	0.00000000E+0	0.00000000E+0
-1.70898438E-2	-1.62535002E-6	-1.62535002E-6	-1.70898438E-2	0.00000000E+0	0.00000000E+0
-1.46484375E-2	-1.39636995E-6	-1.39636995E-6	-1.46484375E-2	0.00000000E+0	0.00000000E+0
-1.22070313E-2	-1.17229001E-6	-1.17229001E-6	-1.22070313E-2	0.00000000E+0	0.00000000E+0
-9.76562500E-3	-9.40559005E-7	-9.40559005E-7	-9.76562500E-3	0.00000000E+0	0.00000000E+0
-7.32421875E-3	-7.17838020E-7	-7.17838020E-7	-7.32421875E-3	0.00000000E+0	0.00000000E+0
-4.88281250E-3	-4.88358978E-7	-4.88358978E-7	-4.88281250E-3	0.00000000E+0	0.00000000E+0
-2.44140625E-3	-2.66592991E-7	-2.66592991E-7	-2.44140625E-3	0.00000000E+0	0.00000000E+0
0.00000000E+0	-3.72417013E-8	-3.72417013E-8	0.00000000E+0	0.00000000E+0	0.00000000E+0
