Date: do 28 mrt 2013, Material: Au, Temp: 4.2 K
AO1 - module gain: 1.0E+0, R_out: 0.0
AO2 - module gain: 1.0E+2
MUX1 - ADC gain: 4, logarithmic amplifier: D:\LabVIEW Data\Lithographic MCBJ\MED24_070412.TXT, R_in: 0.000
MUX2 - ADC gain: 4, linear amplifier: 1.000000 x 1e10 V/A, R_in: 1.000
Breaking trace: 15 0
Axis position: -885.178523
Vbias (V)	<I> and Ii MUX1 (A)	Vbias (V)	<I> and Ii MUX2 (A)
@
0.00000000E+0	-9.44039014E-11	-9.44039014E-11	0.00000000E+0	0.00000000E+0	0.00000000E+0
2.44140625E-3	3.07890990E-10	3.07890990E-10	2.44140625E-3	0.00000000E+0	0.00000000E+0
4.88281250E-3	8.42338976E-10	8.42338976E-10	4.88281250E-3	0.00000000E+0	0.00000000E+0
7.32421875E-3	1.49420998E-9	1.49420998E-9	7.32421875E-3	0.00000000E+0	0.00000000E+0
9.76562500E-3	2.12211004E-9	2.12211004E-9	9.76562500E-3	0.00000000E+0	0.00000000E+0
1.22070313E-2	2.68699996E-9	2.68699996E-9	1.22070313E-2	0.00000000E+0	0.00000000E+0
1.46484375E-2	3.28301009E-9	3.28301009E-9	1.46484375E-2	0.00000000E+0	0.00000000E+0
1.70898438E-2	3.92343980E-9	3.92343980E-9	1.70898438E-2	0.00000000E+0	0.00000000E+0
1.95312500E-2	4.64472993E-9	4.64472993E-9	1.95312500E-2	0.00000000E+0	0.00000000E+0
2.19726563E-2	5.33376010E-9	5.33376010E-9	2.19726563E-2	0.00000000E+0	0.00000000E+0
2.44140625E-2	6.02658012E-9	6.02658012E-9	2.44140625E-2	0.00000000E+0	0.00000000E+0
2.68554688E-2	6.69585987E-9	6.69585987E-9	2.68554688E-2	0.00000000E+0	0.00000000E+0
2.92968750E-2	7.33894989E-9	7.33894989E-9	2.92968750E-2	0.00000000E+0	0.00000000E+0
3.17382813E-2	7.97798982E-9	7.97798982E-9	3.17382813E-2	0.00000000E+0	0.00000000E+0
3.41796875E-2	8.61752980E-9	8.61752980E-9	3.41796875E-2	0.00000000E+0	0.00000000E+0
3.66210938E-2	9.28111987E-9	9.28111987E-9	3.66210938E-2	0.00000000E+0	0.00000000E+0
3.90625000E-2	9.97014027E-9	9.97014027E-9	3.90625000E-2	0.00000000E+0	0.00000000E+0
4.15039063E-2	1.06391997E-8	1.06391997E-8	4.15039063E-2	0.00000000E+0	0.00000000E+0
4.39453125E-2	1.14017000E-8	1.14017000E-8	4.39453125E-2	0.00000000E+0	0.00000000E+0
4.63867188E-2	9.27466015E-9	9.27466015E-9	4.63867188E-2	0.00000000E+0	0.00000000E+0
4.88281250E-2	1.13381997E-8	1.13381997E-8	4.88281250E-2	0.00000000E+0	0.00000000E+0
5.12695313E-2	1.10093996E-8	1.10093996E-8	5.12695313E-2	0.00000000E+0	0.00000000E+0
5.37109375E-2	1.02064002E-8	1.02064002E-8	5.37109375E-2	0.00000000E+0	0.00000000E+0
5.61523438E-2	9.39690015E-9	9.39690015E-9	5.61523438E-2	0.00000000E+0	0.00000000E+0
5.85937500E-2	8.75494965E-9	8.75494965E-9	5.85937500E-2	0.00000000E+0	0.00000000E+0
6.10351563E-2	8.34458014E-9	8.34458014E-9	6.10351563E-2	0.00000000E+0	0.00000000E+0
6.34765625E-2	7.95697996E-9	7.95697996E-9	6.34765625E-2	0.00000000E+0	0.00000000E+0
6.59179688E-2	7.72009034E-9	7.72009034E-9	6.59179688E-2	0.00000000E+0	0.00000000E+0
6.83593750E-2	7.46384021E-9	7.46384021E-9	6.83593750E-2	0.00000000E+0	0.00000000E+0
7.08007813E-2	7.30630001E-9	7.30630001E-9	7.08007813E-2	0.00000000E+0	0.00000000E+0
7.32421875E-2	7.18747994E-9	7.18747994E-9	7.32421875E-2	0.00000000E+0	0.00000000E+0
7.56835938E-2	7.07548997E-9	7.07548997E-9	7.56835938E-2	0.00000000E+0	0.00000000E+0
7.81250000E-2	7.01056990E-9	7.01056990E-9	7.81250000E-2	0.00000000E+0	0.00000000E+0
8.05664063E-2	6.89819979E-9	6.89819979E-9	8.05664063E-2	0.00000000E+0	0.00000000E+0
8.30078125E-2	6.82037982E-9	6.82037982E-9	8.30078125E-2	0.00000000E+0	0.00000000E+0
8.54492188E-2	6.82948986E-9	6.82948986E-9	8.54492188E-2	0.00000000E+0	0.00000000E+0
8.78906250E-2	6.81544021E-9	6.81544021E-9	8.78906250E-2	0.00000000E+0	0.00000000E+0
9.03320313E-2	6.82454981E-9	6.82454981E-9	9.03320313E-2	0.00000000E+0	0.00000000E+0
9.27734375E-2	6.75166012E-9	6.75166012E-9	9.27734375E-2	0.00000000E+0	0.00000000E+0
9.52148438E-2	6.78506984E-9	6.78506984E-9	9.52148438E-2	0.00000000E+0	0.00000000E+0
9.76562500E-2	6.77595979E-9	6.77595979E-9	9.76562500E-2	0.00000000E+0	0.00000000E+0
1.00097656E-1	6.80102019E-9	6.80102019E-9	1.00097656E-1	0.00000000E+0	0.00000000E+0
1.02539062E-1	6.80102019E-9	6.80102019E-9	1.02539062E-1	0.00000000E+0	0.00000000E+0
1.04980469E-1	6.83365986E-9	6.83365986E-9	1.04980469E-1	0.00000000E+0	0.00000000E+0
1.07421875E-1	6.90238000E-9	6.90238000E-9	1.07421875E-1	0.00000000E+0	0.00000000E+0
1.09863281E-1	6.95097002E-9	6.95097002E-9	1.09863281E-1	0.00000000E+0	0.00000000E+0
1.12304687E-1	7.01475011E-9	7.01475011E-9	1.12304687E-1	0.00000000E+0	0.00000000E+0
1.14746094E-1	7.10168013E-9	7.10168013E-9	1.14746094E-1	0.00000000E+0	0.00000000E+0
1.17187500E-1	7.16660020E-9	7.16660020E-9	1.17187500E-1	0.00000000E+0	0.00000000E+0
1.19628906E-1	7.17153004E-9	7.17153004E-9	1.19628906E-1	0.00000000E+0	0.00000000E+0
1.22070312E-1	7.28124006E-9	7.28124006E-9	1.22070312E-1	0.00000000E+0	0.00000000E+0
1.24511719E-1	7.36780015E-9	7.36780015E-9	1.24511719E-1	0.00000000E+0	0.00000000E+0
1.26953125E-1	7.49724993E-9	7.49724993E-9	1.26953125E-1	0.00000000E+0	0.00000000E+0
1.29394531E-1	7.55570984E-9	7.55570984E-9	1.29394531E-1	0.00000000E+0	0.00000000E+0
1.31835937E-1	7.65593988E-9	7.65593988E-9	1.31835937E-1	0.00000000E+0	0.00000000E+0
1.34277344E-1	7.80929987E-9	7.80929987E-9	1.34277344E-1	0.00000000E+0	0.00000000E+0
1.36718750E-1	7.90914978E-9	7.90914978E-9	1.36718750E-1	0.00000000E+0	0.00000000E+0
1.39160156E-1	8.00026001E-9	8.00026001E-9	1.39160156E-1	0.00000000E+0	0.00000000E+0
1.41601562E-1	8.12250001E-9	8.12250001E-9	1.41601562E-1	0.00000000E+0	0.00000000E+0
1.44042969E-1	8.21968005E-9	8.21968005E-9	1.44042969E-1	0.00000000E+0	0.00000000E+0
1.46484375E-1	8.33849967E-9	8.33849967E-9	1.46484375E-1	0.00000000E+0	0.00000000E+0
1.48925781E-1	8.44555981E-9	8.44555981E-9	1.48925781E-1	0.00000000E+0	0.00000000E+0
1.51367187E-1	8.59172022E-9	8.59172022E-9	1.51367187E-1	0.00000000E+0	0.00000000E+0
1.53808594E-1	8.72269013E-9	8.72269013E-9	1.53808594E-1	0.00000000E+0	0.00000000E+0
1.56250000E-1	8.87061002E-9	8.87061002E-9	1.56250000E-1	0.00000000E+0	0.00000000E+0
1.58691406E-1	8.97438035E-9	8.97438035E-9	1.58691406E-1	0.00000000E+0	0.00000000E+0
1.61132812E-1	9.17103016E-9	9.17103016E-9	1.61132812E-1	0.00000000E+0	0.00000000E+0
1.63574219E-1	9.56127977E-9	9.56127977E-9	1.63574219E-1	0.00000000E+0	0.00000000E+0
1.66015625E-1	9.67478986E-9	9.67478986E-9	1.66015625E-1	0.00000000E+0	0.00000000E+0
1.68457031E-1	9.84145032E-9	9.84145032E-9	1.68457031E-1	0.00000000E+0	0.00000000E+0
1.70898437E-1	9.97062966E-9	9.97062966E-9	1.70898437E-1	0.00000000E+0	0.00000000E+0
1.73339844E-1	1.01522000E-8	1.01522000E-8	1.73339844E-1	0.00000000E+0	0.00000000E+0
1.75781250E-1	1.03133004E-8	1.03133004E-8	1.75781250E-1	0.00000000E+0	0.00000000E+0
1.78222656E-1	1.04850004E-8	1.04850004E-8	1.78222656E-1	0.00000000E+0	0.00000000E+0
1.80664062E-1	1.06464002E-8	1.06464002E-8	1.80664062E-1	0.00000000E+0	0.00000000E+0
1.83105469E-1	1.08227001E-8	1.08227001E-8	1.83105469E-1	0.00000000E+0	0.00000000E+0
1.85546875E-1	1.09779998E-8	1.09779998E-8	1.85546875E-1	0.00000000E+0	0.00000000E+0
1.87988281E-1	1.11352003E-8	1.11352003E-8	1.87988281E-1	0.00000000E+0	0.00000000E+0
1.90429687E-1	1.12742002E-8	1.12742002E-8	1.90429687E-1	0.00000000E+0	0.00000000E+0
1.92871094E-1	1.14947003E-8	1.14947003E-8	1.92871094E-1	0.00000000E+0	0.00000000E+0
1.95312500E-1	1.16834000E-8	1.16834000E-8	1.95312500E-1	0.00000000E+0	0.00000000E+0
1.97753906E-1	1.17737002E-8	1.17737002E-8	1.97753906E-1	0.00000000E+0	0.00000000E+0
2.00195312E-1	1.20759003E-8	1.20759003E-8	2.00195312E-1	0.00000000E+0	0.00000000E+0
2.02636719E-1	1.22274004E-8	1.22274004E-8	2.02636719E-1	0.00000000E+0	0.00000000E+0
2.05078125E-1	1.23471997E-8	1.23471997E-8	2.05078125E-1	0.00000000E+0	0.00000000E+0
2.07519531E-1	1.24464004E-8	1.24464004E-8	2.07519531E-1	0.00000000E+0	0.00000000E+0
2.09960937E-1	1.25903004E-8	1.25903004E-8	2.09960937E-1	0.00000000E+0	0.00000000E+0
2.12402344E-1	1.27327002E-8	1.27327002E-8	2.12402344E-1	0.00000000E+0	0.00000000E+0
2.14843750E-1	1.29597000E-8	1.29597000E-8	2.14843750E-1	0.00000000E+0	0.00000000E+0
2.17285156E-1	1.31275000E-8	1.31275000E-8	2.17285156E-1	0.00000000E+0	0.00000000E+0
2.19726562E-1	1.32498004E-8	1.32498004E-8	2.19726562E-1	0.00000000E+0	0.00000000E+0
2.22167969E-1	1.34563001E-8	1.34563001E-8	2.22167969E-1	0.00000000E+0	0.00000000E+0
2.24609375E-1	1.35517997E-8	1.35517997E-8	2.24609375E-1	0.00000000E+0	0.00000000E+0
2.27050781E-1	1.37849998E-8	1.37849998E-8	2.27050781E-1	0.00000000E+0	0.00000000E+0
2.29492187E-1	1.38615004E-8	1.38615004E-8	2.29492187E-1	0.00000000E+0	0.00000000E+0
2.31933594E-1	1.39915004E-8	1.39915004E-8	2.31933594E-1	0.00000000E+0	0.00000000E+0
2.34375000E-1	1.42387000E-8	1.42387000E-8	2.34375000E-1	0.00000000E+0	0.00000000E+0
2.36816406E-1	1.43278998E-8	1.43278998E-8	2.36816406E-1	0.00000000E+0	0.00000000E+0
2.39257812E-1	1.44807997E-8	1.44807997E-8	2.39257812E-1	0.00000000E+0	0.00000000E+0
2.41699219E-1	1.45954999E-8	1.45954999E-8	2.41699219E-1	0.00000000E+0	0.00000000E+0
2.44140625E-1	1.40015999E-8	1.40015999E-8	2.44140625E-1	0.00000000E+0	0.00000000E+0
2.46582031E-1	1.41137999E-8	1.41137999E-8	2.46582031E-1	0.00000000E+0	0.00000000E+0
2.49023437E-1	1.42387000E-8	1.42387000E-8	2.49023437E-1	0.00000000E+0	0.00000000E+0
2.51464844E-1	1.43432004E-8	1.43432004E-8	2.51464844E-1	0.00000000E+0	0.00000000E+0
2.53906250E-1	1.45209000E-8	1.45209000E-8	2.53906250E-1	0.00000000E+0	0.00000000E+0
2.56347656E-1	1.46514996E-8	1.46514996E-8	2.56347656E-1	0.00000000E+0	0.00000000E+0
2.58789062E-1	1.47866004E-8	1.47866004E-8	2.58789062E-1	0.00000000E+0	0.00000000E+0
2.61230469E-1	1.49165995E-8	1.49165995E-8	2.61230469E-1	0.00000000E+0	0.00000000E+0
2.63671875E-1	1.51154005E-8	1.51154005E-8	2.63671875E-1	0.00000000E+0	0.00000000E+0
2.66113281E-1	1.52046002E-8	1.52046002E-8	2.66113281E-1	0.00000000E+0	0.00000000E+0
2.68554687E-1	1.55090998E-8	1.55090998E-8	2.68554687E-1	0.00000000E+0	0.00000000E+0
2.70996094E-1	1.63386993E-8	1.63386993E-8	2.70996094E-1	0.00000000E+0	0.00000000E+0
2.73437500E-1	1.65297998E-8	1.65297998E-8	2.73437500E-1	0.00000000E+0	0.00000000E+0
2.75878906E-1	1.66330008E-8	1.66330008E-8	2.75878906E-1	0.00000000E+0	0.00000000E+0
2.78320312E-1	1.68127006E-8	1.68127006E-8	2.78320312E-1	0.00000000E+0	0.00000000E+0
2.80761719E-1	1.69503007E-8	1.69503007E-8	2.80761719E-1	0.00000000E+0	0.00000000E+0
2.83203125E-1	1.70623995E-8	1.70623995E-8	2.83203125E-1	0.00000000E+0	0.00000000E+0
2.85644531E-1	1.72236003E-8	1.72236003E-8	2.85644531E-1	0.00000000E+0	0.00000000E+0
2.88085937E-1	1.64877001E-8	1.64877001E-8	2.88085937E-1	0.00000000E+0	0.00000000E+0
2.90527344E-1	1.66904002E-8	1.66904002E-8	2.90527344E-1	0.00000000E+0	0.00000000E+0
2.92968750E-1	1.67871992E-8	1.67871992E-8	2.92968750E-1	0.00000000E+0	0.00000000E+0
2.95410156E-1	1.68687002E-8	1.68687002E-8	2.95410156E-1	0.00000000E+0	0.00000000E+0
2.97851562E-1	1.70930008E-8	1.70930008E-8	2.97851562E-1	0.00000000E+0	0.00000000E+0
3.00292969E-1	1.72663004E-8	1.72663004E-8	3.00292969E-1	0.00000000E+0	0.00000000E+0
3.02734375E-1	1.73555001E-8	1.73555001E-8	3.02734375E-1	0.00000000E+0	0.00000000E+0
3.05175781E-1	1.74854993E-8	1.74854993E-8	3.05175781E-1	0.00000000E+0	0.00000000E+0
3.07617187E-1	1.76639006E-8	1.76639006E-8	3.07617187E-1	0.00000000E+0	0.00000000E+0
3.10058594E-1	1.78270003E-8	1.78270003E-8	3.10058594E-1	0.00000000E+0	0.00000000E+0
3.12500000E-1	1.79671993E-8	1.79671993E-8	3.12500000E-1	0.00000000E+0	0.00000000E+0
3.14941406E-1	1.80971007E-8	1.80971007E-8	3.14941406E-1	0.00000000E+0	0.00000000E+0
3.17382812E-1	1.82806001E-8	1.82806001E-8	3.17382812E-1	0.00000000E+0	0.00000000E+0
3.19824219E-1	1.84436999E-8	1.84436999E-8	3.19824219E-1	0.00000000E+0	0.00000000E+0
3.22265625E-1	1.96186001E-8	1.96186001E-8	3.22265625E-1	0.00000000E+0	0.00000000E+0
3.24707031E-1	1.98020995E-8	1.98020995E-8	3.24707031E-1	0.00000000E+0	0.00000000E+0
3.27148437E-1	1.99779997E-8	1.99779997E-8	3.27148437E-1	0.00000000E+0	0.00000000E+0
3.29589844E-1	2.01806003E-8	2.01806003E-8	3.29589844E-1	0.00000000E+0	0.00000000E+0
3.32031250E-1	2.03525996E-8	2.03525996E-8	3.32031250E-1	0.00000000E+0	0.00000000E+0
3.34472656E-1	2.04749000E-8	2.04749000E-8	3.34472656E-1	0.00000000E+0	0.00000000E+0
3.36914062E-1	2.06202007E-8	2.06202007E-8	3.36914062E-1	0.00000000E+0	0.00000000E+0
3.39355469E-1	2.07731006E-8	2.07731006E-8	3.39355469E-1	0.00000000E+0	0.00000000E+0
3.41796875E-1	2.09464002E-8	2.09464002E-8	3.41796875E-1	0.00000000E+0	0.00000000E+0
3.44238281E-1	2.11285993E-8	2.11285993E-8	3.44238281E-1	0.00000000E+0	0.00000000E+0
3.46679687E-1	2.01206998E-8	2.01206998E-8	3.46679687E-1	0.00000000E+0	0.00000000E+0
3.49121094E-1	2.02722994E-8	2.02722994E-8	3.49121094E-1	0.00000000E+0	0.00000000E+0
3.51562500E-1	2.03831991E-8	2.03831991E-8	3.51562500E-1	0.00000000E+0	0.00000000E+0
3.54003906E-1	2.05475992E-8	2.05475992E-8	3.54003906E-1	0.00000000E+0	0.00000000E+0
3.56445312E-1	2.06813997E-8	2.06813997E-8	3.56445312E-1	0.00000000E+0	0.00000000E+0
3.58886719E-1	2.08342996E-8	2.08342996E-8	3.58886719E-1	0.00000000E+0	0.00000000E+0
3.61328125E-1	2.09871995E-8	2.09871995E-8	3.61328125E-1	0.00000000E+0	0.00000000E+0
3.63769531E-1	2.19810996E-8	2.19810996E-8	3.63769531E-1	0.00000000E+0	0.00000000E+0
3.66210937E-1	2.19505001E-8	2.19505001E-8	3.66210937E-1	0.00000000E+0	0.00000000E+0
3.68652344E-1	2.26691999E-8	2.26691999E-8	3.68652344E-1	0.00000000E+0	0.00000000E+0
3.71093750E-1	2.28603998E-8	2.28603998E-8	3.71093750E-1	0.00000000E+0	0.00000000E+0
3.73535156E-1	2.29942003E-8	2.29942003E-8	3.73535156E-1	0.00000000E+0	0.00000000E+0
3.75976562E-1	2.21264003E-8	2.21264003E-8	3.75976562E-1	0.00000000E+0	0.00000000E+0
3.78417969E-1	2.20270007E-8	2.20270007E-8	3.78417969E-1	0.00000000E+0	0.00000000E+0
3.80859375E-1	2.18626006E-8	2.18626006E-8	3.80859375E-1	0.00000000E+0	0.00000000E+0
3.83300781E-1	2.21799006E-8	2.21799006E-8	3.83300781E-1	0.00000000E+0	0.00000000E+0
3.85742187E-1	2.24857004E-8	2.24857004E-8	3.85742187E-1	0.00000000E+0	0.00000000E+0
3.88183594E-1	2.38580995E-8	2.38580995E-8	3.88183594E-1	0.00000000E+0	0.00000000E+0
3.90625000E-1	2.40301006E-8	2.40301006E-8	3.90625000E-1	0.00000000E+0	0.00000000E+0
3.93066406E-1	2.41218991E-8	2.41218991E-8	3.93066406E-1	0.00000000E+0	0.00000000E+0
3.95507812E-1	2.31203003E-8	2.31203003E-8	3.95507812E-1	0.00000000E+0	0.00000000E+0
3.97949219E-1	2.29444996E-8	2.29444996E-8	3.97949219E-1	0.00000000E+0	0.00000000E+0
4.00390625E-1	2.29636008E-8	2.29636008E-8	4.00390625E-1	0.00000000E+0	0.00000000E+0
4.02832031E-1	2.32272992E-8	2.32272992E-8	4.02832031E-1	0.00000000E+0	0.00000000E+0
4.05273437E-1	2.35332003E-8	2.35332003E-8	4.05273437E-1	0.00000000E+0	0.00000000E+0
4.07714844E-1	2.36975009E-8	2.36975009E-8	4.07714844E-1	0.00000000E+0	0.00000000E+0
4.10156250E-1	2.52075996E-8	2.52075996E-8	4.10156250E-1	0.00000000E+0	0.00000000E+0
4.12597656E-1	2.42976999E-8	2.42976999E-8	4.12597656E-1	0.00000000E+0	0.00000000E+0
4.15039062E-1	2.54292996E-8	2.54292996E-8	4.15039062E-1	0.00000000E+0	0.00000000E+0
4.17480469E-1	2.56356998E-8	2.56356998E-8	4.17480469E-1	0.00000000E+0	0.00000000E+0
4.19921875E-1	2.43895002E-8	2.43895002E-8	4.19921875E-1	0.00000000E+0	0.00000000E+0
4.22363281E-1	2.42671003E-8	2.42671003E-8	4.22363281E-1	0.00000000E+0	0.00000000E+0
4.24804687E-1	2.45844003E-8	2.45844003E-8	4.24804687E-1	0.00000000E+0	0.00000000E+0
4.27246094E-1	2.48023007E-8	2.48023007E-8	4.27246094E-1	0.00000000E+0	0.00000000E+0
4.29687500E-1	2.49628993E-8	2.49628993E-8	4.29687500E-1	0.00000000E+0	0.00000000E+0
4.32128906E-1	2.63696993E-8	2.63696993E-8	4.32128906E-1	0.00000000E+0	0.00000000E+0
4.34570312E-1	2.52267007E-8	2.52267007E-8	4.34570312E-1	0.00000000E+0	0.00000000E+0
4.37011719E-1	2.68170002E-8	2.68170002E-8	4.37011719E-1	0.00000000E+0	0.00000000E+0
4.39453125E-1	2.57350994E-8	2.57350994E-8	4.39453125E-1	0.00000000E+0	0.00000000E+0
4.41894531E-1	2.62244004E-8	2.62244004E-8	4.41894531E-1	0.00000000E+0	0.00000000E+0
4.44335937E-1	2.72794995E-8	2.72794995E-8	4.44335937E-1	0.00000000E+0	0.00000000E+0
4.46777344E-1	2.74170997E-8	2.74170997E-8	4.46777344E-1	0.00000000E+0	0.00000000E+0
4.49218750E-1	2.76923995E-8	2.76923995E-8	4.49218750E-1	0.00000000E+0	0.00000000E+0
4.51660156E-1	2.68971991E-8	2.68971991E-8	4.51660156E-1	0.00000000E+0	0.00000000E+0
4.54101562E-1	2.65532005E-8	2.65532005E-8	4.54101562E-1	0.00000000E+0	0.00000000E+0
4.56542969E-1	2.65990998E-8	2.65990998E-8	4.56542969E-1	0.00000000E+0	0.00000000E+0
4.58984375E-1	2.68590004E-8	2.68590004E-8	4.58984375E-1	0.00000000E+0	0.00000000E+0
4.61425781E-1	2.69393006E-8	2.69393006E-8	4.61425781E-1	0.00000000E+0	0.00000000E+0
4.63867187E-1	2.70807003E-8	2.70807003E-8	4.63867187E-1	0.00000000E+0	0.00000000E+0
4.66308594E-1	2.72336003E-8	2.72336003E-8	4.66308594E-1	0.00000000E+0	0.00000000E+0
4.68750000E-1	2.72794995E-8	2.72794995E-8	4.68750000E-1	0.00000000E+0	0.00000000E+0
4.71191406E-1	2.80288006E-8	2.80288006E-8	4.71191406E-1	0.00000000E+0	0.00000000E+0
4.73632812E-1	2.92673992E-8	2.92673992E-8	4.73632812E-1	0.00000000E+0	0.00000000E+0
4.76074219E-1	2.77726997E-8	2.77726997E-8	4.76074219E-1	0.00000000E+0	0.00000000E+0
4.78515625E-1	2.83346004E-8	2.83346004E-8	4.78515625E-1	0.00000000E+0	0.00000000E+0
4.80957031E-1	2.95578992E-8	2.95578992E-8	4.80957031E-1	0.00000000E+0	0.00000000E+0
4.83398437E-1	2.96801996E-8	2.96801996E-8	4.83398437E-1	0.00000000E+0	0.00000000E+0
4.85839844E-1	2.91756006E-8	2.91756006E-8	4.85839844E-1	0.00000000E+0	0.00000000E+0
4.88281250E-1	2.85906996E-8	2.85906996E-8	4.88281250E-1	0.00000000E+0	0.00000000E+0
4.90722656E-1	3.04141992E-8	3.04141992E-8	4.90722656E-1	0.00000000E+0	0.00000000E+0
4.93164062E-1	2.89654007E-8	2.89654007E-8	4.93164062E-1	0.00000000E+0	0.00000000E+0
4.90722656E-1	2.96191001E-8	2.96191001E-8	4.90722656E-1	0.00000000E+0	0.00000000E+0
4.88281250E-1	2.86404003E-8	2.86404003E-8	4.88281250E-1	0.00000000E+0	0.00000000E+0
4.85839844E-1	2.97949008E-8	2.97949008E-8	4.85839844E-1	0.00000000E+0	0.00000000E+0
4.83398437E-1	2.88048003E-8	2.88048003E-8	4.83398437E-1	0.00000000E+0	0.00000000E+0
4.80957031E-1	2.80899002E-8	2.80899002E-8	4.80957031E-1	0.00000000E+0	0.00000000E+0
4.78515625E-1	2.90838997E-8	2.90838997E-8	4.78515625E-1	0.00000000E+0	0.00000000E+0
4.76074219E-1	2.77841004E-8	2.77841004E-8	4.76074219E-1	0.00000000E+0	0.00000000E+0
4.73632812E-1	2.76618000E-8	2.76618000E-8	4.73632812E-1	0.00000000E+0	0.00000000E+0
4.71191406E-1	2.74783005E-8	2.74783005E-8	4.71191406E-1	0.00000000E+0	0.00000000E+0
4.68750000E-1	2.89654007E-8	2.89654007E-8	4.68750000E-1	0.00000000E+0	0.00000000E+0
4.66308594E-1	2.88163005E-8	2.88163005E-8	4.66308594E-1	0.00000000E+0	0.00000000E+0
4.63867187E-1	2.69813007E-8	2.69813007E-8	4.63867187E-1	0.00000000E+0	0.00000000E+0
4.61425781E-1	2.68284008E-8	2.68284008E-8	4.61425781E-1	0.00000000E+0	0.00000000E+0
4.58984375E-1	2.67251998E-8	2.67251998E-8	4.58984375E-1	0.00000000E+0	0.00000000E+0
4.56542969E-1	2.81282002E-8	2.81282002E-8	4.56542969E-1	0.00000000E+0	0.00000000E+0
4.54101562E-1	2.79523000E-8	2.79523000E-8	4.54101562E-1	0.00000000E+0	0.00000000E+0
4.51660156E-1	2.76770997E-8	2.76770997E-8	4.51660156E-1	0.00000000E+0	0.00000000E+0
4.49218750E-1	2.75699996E-8	2.75699996E-8	4.49218750E-1	0.00000000E+0	0.00000000E+0
4.46777344E-1	2.58804000E-8	2.58804000E-8	4.46777344E-1	0.00000000E+0	0.00000000E+0
4.44335937E-1	2.57160000E-8	2.57160000E-8	4.44335937E-1	0.00000000E+0	0.00000000E+0
4.41894531E-1	2.55515999E-8	2.55515999E-8	4.41894531E-1	0.00000000E+0	0.00000000E+0
4.39453125E-1	2.52610999E-8	2.52610999E-8	4.39453125E-1	0.00000000E+0	0.00000000E+0
4.37011719E-1	2.67367000E-8	2.67367000E-8	4.37011719E-1	0.00000000E+0	0.00000000E+0
4.34570312E-1	2.66335007E-8	2.66335007E-8	4.34570312E-1	0.00000000E+0	0.00000000E+0
4.32128906E-1	2.64461004E-8	2.64461004E-8	4.32128906E-1	0.00000000E+0	0.00000000E+0
4.29687500E-1	2.63275997E-8	2.63275997E-8	4.29687500E-1	0.00000000E+0	0.00000000E+0
4.27246094E-1	2.61633009E-8	2.61633009E-8	4.27246094E-1	0.00000000E+0	0.00000000E+0
4.24804687E-1	2.60027004E-8	2.60027004E-8	4.24804687E-1	0.00000000E+0	0.00000000E+0
4.22363281E-1	2.57580002E-8	2.57580002E-8	4.22363281E-1	0.00000000E+0	0.00000000E+0
4.19921875E-1	2.56662993E-8	2.56662993E-8	4.19921875E-1	0.00000000E+0	0.00000000E+0
4.17480469E-1	2.50851997E-8	2.50851997E-8	4.17480469E-1	0.00000000E+0	0.00000000E+0
4.15039062E-1	2.53374992E-8	2.53374992E-8	4.15039062E-1	0.00000000E+0	0.00000000E+0
4.12597656E-1	2.52075996E-8	2.52075996E-8	4.12597656E-1	0.00000000E+0	0.00000000E+0
4.10156250E-1	2.50851997E-8	2.50851997E-8	4.10156250E-1	0.00000000E+0	0.00000000E+0
4.07714844E-1	2.49017003E-8	2.49017003E-8	4.07714844E-1	0.00000000E+0	0.00000000E+0
4.05273437E-1	2.47335006E-8	2.47335006E-8	4.05273437E-1	0.00000000E+0	0.00000000E+0
4.02832031E-1	2.45346996E-8	2.45346996E-8	4.02832031E-1	0.00000000E+0	0.00000000E+0
4.00390625E-1	2.36248994E-8	2.36248994E-8	4.00390625E-1	0.00000000E+0	0.00000000E+0
3.97949219E-1	2.43589007E-8	2.43589007E-8	3.97949219E-1	0.00000000E+0	0.00000000E+0
3.95507812E-1	2.41525004E-8	2.41525004E-8	3.95507812E-1	0.00000000E+0	0.00000000E+0
3.93066406E-1	2.40454003E-8	2.40454003E-8	3.93066406E-1	0.00000000E+0	0.00000000E+0
3.90625000E-1	2.39115998E-8	2.39115998E-8	3.90625000E-1	0.00000000E+0	0.00000000E+0
3.88183594E-1	2.37624995E-8	2.37624995E-8	3.88183594E-1	0.00000000E+0	0.00000000E+0
3.85742187E-1	2.35841000E-8	2.35841000E-8	3.85742187E-1	0.00000000E+0	0.00000000E+0
3.83300781E-1	2.26156995E-8	2.26156995E-8	3.83300781E-1	0.00000000E+0	0.00000000E+0
3.80859375E-1	2.20729000E-8	2.20729000E-8	3.80859375E-1	0.00000000E+0	0.00000000E+0
3.78417969E-1	2.19199006E-8	2.19199006E-8	3.78417969E-1	0.00000000E+0	0.00000000E+0
3.75976562E-1	2.17823004E-8	2.17823004E-8	3.75976562E-1	0.00000000E+0	0.00000000E+0
3.73535156E-1	2.16905995E-8	2.16905995E-8	3.73535156E-1	0.00000000E+0	0.00000000E+0
3.71093750E-1	2.15529994E-8	2.15529994E-8	3.71093750E-1	0.00000000E+0	0.00000000E+0
3.68652344E-1	2.14230003E-8	2.14230003E-8	3.68652344E-1	0.00000000E+0	0.00000000E+0
3.66210937E-1	2.12572999E-8	2.12572999E-8	3.66210937E-1	0.00000000E+0	0.00000000E+0
3.63769531E-1	2.22487007E-8	2.22487007E-8	3.63769531E-1	0.00000000E+0	0.00000000E+0
3.61328125E-1	2.21646008E-8	2.21646008E-8	3.61328125E-1	0.00000000E+0	0.00000000E+0
3.58886719E-1	2.07731006E-8	2.07731006E-8	3.58886719E-1	0.00000000E+0	0.00000000E+0
3.56445312E-1	2.18281997E-8	2.18281997E-8	3.56445312E-1	0.00000000E+0	0.00000000E+0
3.54003906E-1	2.16600000E-8	2.16600000E-8	3.54003906E-1	0.00000000E+0	0.00000000E+0
3.51562500E-1	2.15376996E-8	2.15376996E-8	3.51562500E-1	0.00000000E+0	0.00000000E+0
3.49121094E-1	2.14230003E-8	2.14230003E-8	3.49121094E-1	0.00000000E+0	0.00000000E+0
3.46679687E-1	2.11860005E-8	2.11860005E-8	3.46679687E-1	0.00000000E+0	0.00000000E+0
3.44238281E-1	2.10789004E-8	2.10789004E-8	3.44238281E-1	0.00000000E+0	0.00000000E+0
3.41796875E-1	2.09260005E-8	2.09260005E-8	3.41796875E-1	0.00000000E+0	0.00000000E+0
3.39355469E-1	2.07271995E-8	2.07271995E-8	3.39355469E-1	0.00000000E+0	0.00000000E+0
3.36914062E-1	2.05742996E-8	2.05742996E-8	3.36914062E-1	0.00000000E+0	0.00000000E+0
3.34472656E-1	2.04596002E-8	2.04596002E-8	3.34472656E-1	0.00000000E+0	0.00000000E+0
3.32031250E-1	1.99436005E-8	1.99436005E-8	3.32031250E-1	0.00000000E+0	0.00000000E+0
3.29589844E-1	1.89840001E-8	1.89840001E-8	3.29589844E-1	0.00000000E+0	0.00000000E+0
3.27148437E-1	1.88464000E-8	1.88464000E-8	3.27148437E-1	0.00000000E+0	0.00000000E+0
3.24707031E-1	1.87444993E-8	1.87444993E-8	3.24707031E-1	0.00000000E+0	0.00000000E+0
3.22265625E-1	1.96606997E-8	1.96606997E-8	3.22265625E-1	0.00000000E+0	0.00000000E+0
3.19824219E-1	1.94809999E-8	1.94809999E-8	3.19824219E-1	0.00000000E+0	0.00000000E+0
3.17382812E-1	1.85406002E-8	1.85406002E-8	3.17382812E-1	0.00000000E+0	0.00000000E+0
3.14941406E-1	1.80819004E-8	1.80819004E-8	3.14941406E-1	0.00000000E+0	0.00000000E+0
3.12500000E-1	1.79288993E-8	1.79288993E-8	3.12500000E-1	0.00000000E+0	0.00000000E+0
3.10058594E-1	1.77759993E-8	1.77759993E-8	3.10058594E-1	0.00000000E+0	0.00000000E+0
3.07617187E-1	1.76741004E-8	1.76741004E-8	3.07617187E-1	0.00000000E+0	0.00000000E+0
3.05175781E-1	1.85100006E-8	1.85100006E-8	3.05175781E-1	0.00000000E+0	0.00000000E+0
3.02734375E-1	1.75236998E-8	1.75236998E-8	3.02734375E-1	0.00000000E+0	0.00000000E+0
3.00292969E-1	1.71338002E-8	1.71338002E-8	3.00292969E-1	0.00000000E+0	0.00000000E+0
2.97851562E-1	1.69758003E-8	1.69758003E-8	2.97851562E-1	0.00000000E+0	0.00000000E+0
2.95410156E-1	1.68382002E-8	1.68382002E-8	2.95410156E-1	0.00000000E+0	0.00000000E+0
2.92968750E-1	1.67184009E-8	1.67184009E-8	2.92968750E-1	0.00000000E+0	0.00000000E+0
2.90527344E-1	1.64877001E-8	1.64877001E-8	2.90527344E-1	0.00000000E+0	0.00000000E+0
2.88085937E-1	1.63578004E-8	1.63578004E-8	2.88085937E-1	0.00000000E+0	0.00000000E+0
2.85644531E-1	1.61934004E-8	1.61934004E-8	2.85644531E-1	0.00000000E+0	0.00000000E+0
2.83203125E-1	1.60786993E-8	1.60786993E-8	2.83203125E-1	0.00000000E+0	0.00000000E+0
2.80761719E-1	1.62978999E-8	1.62978999E-8	2.80761719E-1	0.00000000E+0	0.00000000E+0
2.78320312E-1	1.67439005E-8	1.67439005E-8	2.78320312E-1	0.00000000E+0	0.00000000E+0
2.75878906E-1	1.61679008E-8	1.61679008E-8	2.75878906E-1	0.00000000E+0	0.00000000E+0
2.73437500E-1	1.64279008E-8	1.64279008E-8	2.73437500E-1	0.00000000E+0	0.00000000E+0
2.70996094E-1	1.62775002E-8	1.62775002E-8	2.70996094E-1	0.00000000E+0	0.00000000E+0
2.68554687E-1	1.60711000E-8	1.60711000E-8	2.68554687E-1	0.00000000E+0	0.00000000E+0
2.66113281E-1	1.59385003E-8	1.59385003E-8	2.66113281E-1	0.00000000E+0	0.00000000E+0
2.63671875E-1	1.57473998E-8	1.57473998E-8	2.63671875E-1	0.00000000E+0	0.00000000E+0
2.61230469E-1	1.56327005E-8	1.56327005E-8	2.61230469E-1	0.00000000E+0	0.00000000E+0
2.58789062E-1	1.54995003E-8	1.54995003E-8	2.58789062E-1	0.00000000E+0	0.00000000E+0
2.56347656E-1	1.53524002E-8	1.53524002E-8	2.56347656E-1	0.00000000E+0	0.00000000E+0
2.53906250E-1	1.52046002E-8	1.52046002E-8	2.53906250E-1	0.00000000E+0	0.00000000E+0
2.51464844E-1	1.50720005E-8	1.50720005E-8	2.51464844E-1	0.00000000E+0	0.00000000E+0
2.49023437E-1	1.41673002E-8	1.41673002E-8	2.49023437E-1	0.00000000E+0	0.00000000E+0
2.46582031E-1	1.39609000E-8	1.39609000E-8	2.46582031E-1	0.00000000E+0	0.00000000E+0
2.44140625E-1	1.38410998E-8	1.38410998E-8	2.44140625E-1	0.00000000E+0	0.00000000E+0
2.41699219E-1	1.37671998E-8	1.37671998E-8	2.41699219E-1	0.00000000E+0	0.00000000E+0
2.39257812E-1	1.43507997E-8	1.43507997E-8	2.39257812E-1	0.00000000E+0	0.00000000E+0
2.36816406E-1	1.42387000E-8	1.42387000E-8	2.36816406E-1	0.00000000E+0	0.00000000E+0
2.34375000E-1	1.41826000E-8	1.41826000E-8	2.34375000E-1	0.00000000E+0	0.00000000E+0
2.31933594E-1	1.39015999E-8	1.39015999E-8	2.31933594E-1	0.00000000E+0	0.00000000E+0
2.29492187E-1	1.37773997E-8	1.37773997E-8	2.29492187E-1	0.00000000E+0	0.00000000E+0
2.27050781E-1	1.36600997E-8	1.36600997E-8	2.27050781E-1	0.00000000E+0	0.00000000E+0
2.24609375E-1	1.35122997E-8	1.35122997E-8	2.24609375E-1	0.00000000E+0	0.00000000E+0
2.22167969E-1	1.33090996E-8	1.33090996E-8	2.22167969E-1	0.00000000E+0	0.00000000E+0
2.19726562E-1	1.31581004E-8	1.31581004E-8	2.19726562E-1	0.00000000E+0	0.00000000E+0
2.17285156E-1	1.29597000E-8	1.29597000E-8	2.17285156E-1	0.00000000E+0	0.00000000E+0
2.14843750E-1	1.27959998E-8	1.27959998E-8	2.14843750E-1	0.00000000E+0	0.00000000E+0
2.12402344E-1	1.26625004E-8	1.26625004E-8	2.12402344E-1	0.00000000E+0	0.00000000E+0
2.09960937E-1	1.25544997E-8	1.25544997E-8	2.09960937E-1	0.00000000E+0	0.00000000E+0
2.07519531E-1	1.24464004E-8	1.24464004E-8	2.07519531E-1	0.00000000E+0	0.00000000E+0
2.05078125E-1	1.22839996E-8	1.22839996E-8	2.05078125E-1	0.00000000E+0	0.00000000E+0
2.02636719E-1	1.21983996E-8	1.21983996E-8	2.02636719E-1	0.00000000E+0	0.00000000E+0
2.00195312E-1	1.20796999E-8	1.20796999E-8	2.00195312E-1	0.00000000E+0	0.00000000E+0
1.97753906E-1	1.19198003E-8	1.19198003E-8	1.97753906E-1	0.00000000E+0	0.00000000E+0
1.95312500E-1	1.17405996E-8	1.17405996E-8	1.95312500E-1	0.00000000E+0	0.00000000E+0
1.92871094E-1	1.14518004E-8	1.14518004E-8	1.92871094E-1	0.00000000E+0	0.00000000E+0
1.90429687E-1	1.12793996E-8	1.12793996E-8	1.90429687E-1	0.00000000E+0	0.00000000E+0
1.87988281E-1	1.11588001E-8	1.11588001E-8	1.87988281E-1	0.00000000E+0	0.00000000E+0
1.85546875E-1	1.10084004E-8	1.10084004E-8	1.85546875E-1	0.00000000E+0	0.00000000E+0
1.83105469E-1	1.08745004E-8	1.08745004E-8	1.83105469E-1	0.00000000E+0	0.00000000E+0
1.80664062E-1	1.06708997E-8	1.06708997E-8	1.80664062E-1	0.00000000E+0	0.00000000E+0
1.78222656E-1	1.05584004E-8	1.05584004E-8	1.78222656E-1	0.00000000E+0	0.00000000E+0
1.75781250E-1	1.04028999E-8	1.04028999E-8	1.75781250E-1	0.00000000E+0	0.00000000E+0
1.73339844E-1	1.02189999E-8	1.02189999E-8	1.73339844E-1	0.00000000E+0	0.00000000E+0
1.70898437E-1	1.00335003E-8	1.00335003E-8	1.70898437E-1	0.00000000E+0	0.00000000E+0
1.68457031E-1	9.85510962E-9	9.85510962E-9	1.68457031E-1	0.00000000E+0	0.00000000E+0
1.66015625E-1	9.72073000E-9	9.72073000E-9	1.66015625E-1	0.00000000E+0	0.00000000E+0
1.63574219E-1	9.59316981E-9	9.59316981E-9	1.63574219E-1	0.00000000E+0	0.00000000E+0
1.61132812E-1	9.44409972E-9	9.44409972E-9	1.61132812E-1	0.00000000E+0	0.00000000E+0
1.58691406E-1	9.28895982E-9	9.28895982E-9	1.58691406E-1	0.00000000E+0	0.00000000E+0
1.56250000E-1	9.12394960E-9	9.12394960E-9	1.56250000E-1	0.00000000E+0	0.00000000E+0
1.53808594E-1	8.96071040E-9	8.96071040E-9	1.53808594E-1	0.00000000E+0	0.00000000E+0
1.51367187E-1	8.81076012E-9	8.81076012E-9	1.51367187E-1	0.00000000E+0	0.00000000E+0
1.48925781E-1	8.66497984E-9	8.66497984E-9	1.48925781E-1	0.00000000E+0	0.00000000E+0
1.46484375E-1	8.51237036E-9	8.51237036E-9	1.46484375E-1	0.00000000E+0	0.00000000E+0
1.44042969E-1	8.37532976E-9	8.37532976E-9	1.44042969E-1	0.00000000E+0	0.00000000E+0
1.41601562E-1	8.25650037E-9	8.25650037E-9	1.41601562E-1	0.00000000E+0	0.00000000E+0
1.39160156E-1	8.08528977E-9	8.08528977E-9	1.39160156E-1	0.00000000E+0	0.00000000E+0
1.36718750E-1	7.99455968E-9	7.99455968E-9	1.36718750E-1	0.00000000E+0	0.00000000E+0
1.34277344E-1	7.82524978E-9	7.82524978E-9	1.34277344E-1	0.00000000E+0	0.00000000E+0
1.31835937E-1	7.70187025E-9	7.70187025E-9	1.31835937E-1	0.00000000E+0	0.00000000E+0
1.29394531E-1	7.65593988E-9	7.65593988E-9	1.29394531E-1	0.00000000E+0	0.00000000E+0
1.26953125E-1	7.55570984E-9	7.55570984E-9	1.26953125E-1	0.00000000E+0	0.00000000E+0
1.24511719E-1	7.43309014E-9	7.43309014E-9	1.24511719E-1	0.00000000E+0	0.00000000E+0
1.22070312E-1	7.30630001E-9	7.30630001E-9	1.22070312E-1	0.00000000E+0	0.00000000E+0
1.19628906E-1	7.20759985E-9	7.20759985E-9	1.19628906E-1	0.00000000E+0	0.00000000E+0
1.17187500E-1	7.10736980E-9	7.10736980E-9	1.17187500E-1	0.00000000E+0	0.00000000E+0
1.14746094E-1	6.99651981E-9	6.99651981E-9	1.14746094E-1	0.00000000E+0	0.00000000E+0
1.12304687E-1	6.89819979E-9	6.89819979E-9	1.12304687E-1	0.00000000E+0	0.00000000E+0
1.09863281E-1	6.82948986E-9	6.82948986E-9	1.09863281E-1	0.00000000E+0	0.00000000E+0
1.07421875E-1	6.73154021E-9	6.73154021E-9	1.07421875E-1	0.00000000E+0	0.00000000E+0
1.04980469E-1	6.68788980E-9	6.68788980E-9	1.04980469E-1	0.00000000E+0	0.00000000E+0
1.02539062E-1	6.61689992E-9	6.61689992E-9	1.02539062E-1	0.00000000E+0	0.00000000E+0
1.00097656E-1	6.57361987E-9	6.57361987E-9	1.00097656E-1	0.00000000E+0	0.00000000E+0
9.76562500E-2	6.51894982E-9	6.51894982E-9	9.76562500E-2	0.00000000E+0	0.00000000E+0
9.52148438E-2	6.48934018E-9	6.48934018E-9	9.52148438E-2	0.00000000E+0	0.00000000E+0
9.27734375E-2	6.46048992E-9	6.46048992E-9	9.27734375E-2	0.00000000E+0	0.00000000E+0
9.03320313E-2	6.44378995E-9	6.44378995E-9	9.03320313E-2	0.00000000E+0	0.00000000E+0
8.78906250E-2	6.44834008E-9	6.44834008E-9	8.78906250E-2	0.00000000E+0	0.00000000E+0
8.54492188E-2	6.44834008E-9	6.44834008E-9	8.54492188E-2	0.00000000E+0	0.00000000E+0
8.30078125E-2	6.40809983E-9	6.40809983E-9	8.30078125E-2	0.00000000E+0	0.00000000E+0
8.05664063E-2	6.42593978E-9	6.42593978E-9	8.05664063E-2	0.00000000E+0	0.00000000E+0
7.81250000E-2	6.48060983E-9	6.48060983E-9	7.81250000E-2	0.00000000E+0	0.00000000E+0
7.56835938E-2	6.53224008E-9	6.53224008E-9	7.56835938E-2	0.00000000E+0	0.00000000E+0
7.32421875E-2	6.58386989E-9	6.58386989E-9	7.32421875E-2	0.00000000E+0	0.00000000E+0
7.08007813E-2	6.71483980E-9	6.71483980E-9	7.08007813E-2	0.00000000E+0	0.00000000E+0
6.83593750E-2	6.78014000E-9	6.78014000E-9	6.83593750E-2	0.00000000E+0	0.00000000E+0
6.59179688E-2	7.01475011E-9	7.01475011E-9	6.59179688E-2	0.00000000E+0	0.00000000E+0
6.34765625E-2	7.19317006E-9	7.19317006E-9	6.34765625E-2	0.00000000E+0	0.00000000E+0
6.10351563E-2	7.54014984E-9	7.54014984E-9	6.10351563E-2	0.00000000E+0	0.00000000E+0
5.85937500E-2	7.91521959E-9	7.91521959E-9	5.85937500E-2	0.00000000E+0	0.00000000E+0
5.61523438E-2	8.51844995E-9	8.51844995E-9	5.61523438E-2	0.00000000E+0	0.00000000E+0
5.37109375E-2	9.30883015E-9	9.30883015E-9	5.37109375E-2	0.00000000E+0	0.00000000E+0
5.12695313E-2	1.02803002E-8	1.02803002E-8	5.12695313E-2	0.00000000E+0	0.00000000E+0
4.88281250E-2	1.09222000E-8	1.09222000E-8	4.88281250E-2	0.00000000E+0	0.00000000E+0
4.63867188E-2	1.08456000E-8	1.08456000E-8	4.63867188E-2	0.00000000E+0	0.00000000E+0
4.39453125E-2	1.01213997E-8	1.01213997E-8	4.39453125E-2	0.00000000E+0	0.00000000E+0
4.15039063E-2	1.11271001E-8	1.11271001E-8	4.15039063E-2	0.00000000E+0	0.00000000E+0
3.90625000E-2	1.04223004E-8	1.04223004E-8	3.90625000E-2	0.00000000E+0	0.00000000E+0
3.66210938E-2	9.67478986E-9	9.67478986E-9	3.66210938E-2	0.00000000E+0	0.00000000E+0
3.41796875E-2	8.99450026E-9	8.99450026E-9	3.41796875E-2	0.00000000E+0	0.00000000E+0
3.17382813E-2	8.25650037E-9	8.25650037E-9	3.17382813E-2	0.00000000E+0	0.00000000E+0
2.92968750E-2	7.56141016E-9	7.56141016E-9	2.92968750E-2	0.00000000E+0	0.00000000E+0
2.68554688E-2	6.84884993E-9	6.84884993E-9	2.68554688E-2	0.00000000E+0	0.00000000E+0
2.44140625E-2	6.19930995E-9	6.19930995E-9	2.44140625E-2	0.00000000E+0	0.00000000E+0
2.19726563E-2	5.54027002E-9	5.54027002E-9	2.19726563E-2	0.00000000E+0	0.00000000E+0
1.95312500E-2	4.88123986E-9	4.88123986E-9	1.95312500E-2	0.00000000E+0	0.00000000E+0
1.70898438E-2	4.13015000E-9	4.13015000E-9	1.70898438E-2	0.00000000E+0	0.00000000E+0
1.46484375E-2	3.40146000E-9	3.40146000E-9	1.46484375E-2	0.00000000E+0	0.00000000E+0
1.22070313E-2	2.68295008E-9	2.68295008E-9	1.22070313E-2	0.00000000E+0	0.00000000E+0
9.76562500E-3	2.10312989E-9	2.10312989E-9	9.76562500E-3	0.00000000E+0	0.00000000E+0
7.32421875E-3	1.56937996E-9	1.56937996E-9	7.32421875E-3	0.00000000E+0	0.00000000E+0
4.88281250E-3	8.80081008E-10	8.80081008E-10	4.88281250E-3	0.00000000E+0	0.00000000E+0
2.44140625E-3	1.93130997E-10	1.93130997E-10	2.44140625E-3	0.00000000E+0	0.00000000E+0
0.00000000E+0	-2.14198007E-10	-2.14198007E-10	0.00000000E+0	0.00000000E+0	0.00000000E+0
-2.44140625E-3	-7.12755022E-10	-7.12755022E-10	-2.44140625E-3	0.00000000E+0	0.00000000E+0
-4.88281250E-3	-1.40633005E-9	-1.40633005E-9	-4.88281250E-3	0.00000000E+0	0.00000000E+0
-7.32421875E-3	-2.11680007E-9	-2.11680007E-9	-7.32421875E-3	0.00000000E+0	0.00000000E+0
-9.76562500E-3	-2.70826006E-9	-2.70826006E-9	-9.76562500E-3	0.00000000E+0	0.00000000E+0
-1.22070313E-2	-3.32857009E-9	-3.32857009E-9	-1.22070313E-2	0.00000000E+0	0.00000000E+0
-1.46484375E-2	-3.97924982E-9	-3.97924982E-9	-1.46484375E-2	0.00000000E+0	0.00000000E+0
-1.70898438E-2	-4.68497996E-9	-4.68497996E-9	-1.70898438E-2	0.00000000E+0	0.00000000E+0
-1.95312500E-2	-5.39222000E-9	-5.39222000E-9	-1.95312500E-2	0.00000000E+0	0.00000000E+0
-2.19726563E-2	-6.08542017E-9	-6.08542017E-9	-2.19726563E-2	0.00000000E+0	0.00000000E+0
-2.44140625E-2	-6.84656998E-9	-6.84656998E-9	-2.44140625E-2	0.00000000E+0	0.00000000E+0
-2.68554688E-2	-7.54964002E-9	-7.54964002E-9	-2.68554688E-2	0.00000000E+0	0.00000000E+0
-2.92968750E-2	-8.23866042E-9	-8.23866042E-9	-2.92968750E-2	0.00000000E+0	0.00000000E+0
-3.17382813E-2	-8.94856012E-9	-8.94856012E-9	-3.17382813E-2	0.00000000E+0	0.00000000E+0
-3.41796875E-2	-9.67289004E-9	-9.67289004E-9	-3.41796875E-2	0.00000000E+0	0.00000000E+0
-3.66210938E-2	-1.03959996E-8	-1.03959996E-8	-3.66210938E-2	0.00000000E+0	0.00000000E+0
-3.90625000E-2	-1.11681997E-8	-1.11681997E-8	-3.90625000E-2	0.00000000E+0	0.00000000E+0
-4.15039063E-2	-1.19927002E-8	-1.19927002E-8	-4.15039063E-2	0.00000000E+0	0.00000000E+0
-4.39453125E-2	-1.12761001E-8	-1.12761001E-8	-4.39453125E-2	0.00000000E+0	0.00000000E+0
-4.63867188E-2	-1.18432002E-8	-1.18432002E-8	-4.63867188E-2	0.00000000E+0	0.00000000E+0
-4.88281250E-2	-1.15859997E-8	-1.15859997E-8	-4.88281250E-2	0.00000000E+0	0.00000000E+0
-5.12695313E-2	-1.08364002E-8	-1.08364002E-8	-5.12695313E-2	0.00000000E+0	0.00000000E+0
-5.37109375E-2	-9.99937022E-9	-9.99937022E-9	-5.37109375E-2	0.00000000E+0	0.00000000E+0
-5.61523438E-2	-9.27466015E-9	-9.27466015E-9	-5.61523438E-2	0.00000000E+0	0.00000000E+0
-5.85937500E-2	-8.76381012E-9	-8.76381012E-9	-5.85937500E-2	0.00000000E+0	0.00000000E+0
-6.10351563E-2	-8.35976000E-9	-8.35976000E-9	-6.10351563E-2	0.00000000E+0	0.00000000E+0
-6.34765625E-2	-8.05910005E-9	-8.05910005E-9	-6.34765625E-2	0.00000000E+0	0.00000000E+0
-6.59179688E-2	-7.77019959E-9	-7.77019959E-9	-6.59179688E-2	0.00000000E+0	0.00000000E+0
-6.83593750E-2	-7.57127960E-9	-7.57127960E-9	-6.83593750E-2	0.00000000E+0	0.00000000E+0
-7.08007813E-2	-7.37159001E-9	-7.37159001E-9	-7.08007813E-2	0.00000000E+0	0.00000000E+0
-7.32421875E-2	-7.29718996E-9	-7.29718996E-9	-7.32421875E-2	0.00000000E+0	0.00000000E+0
-7.56835938E-2	-7.27593008E-9	-7.27593008E-9	-7.56835938E-2	0.00000000E+0	0.00000000E+0
-7.81250000E-2	-7.14989001E-9	-7.14989001E-9	-7.81250000E-2	0.00000000E+0	0.00000000E+0
-8.05664063E-2	-7.09902004E-9	-7.09902004E-9	-8.05664063E-2	0.00000000E+0	0.00000000E+0
-8.30078125E-2	-7.08990999E-9	-7.08990999E-9	-8.30078125E-2	0.00000000E+0	0.00000000E+0
-8.54492188E-2	-7.08990999E-9	-7.08990999E-9	-8.54492188E-2	0.00000000E+0	0.00000000E+0
-8.78906250E-2	-7.13888015E-9	-7.13888015E-9	-8.78906250E-2	0.00000000E+0	0.00000000E+0
-9.03320313E-2	-7.17570980E-9	-7.17570980E-9	-9.03320313E-2	0.00000000E+0	0.00000000E+0
-9.27734375E-2	-7.22998994E-9	-7.22998994E-9	-9.27734375E-2	0.00000000E+0	0.00000000E+0
-9.52148438E-2	-7.28162020E-9	-7.28162020E-9	-9.52148438E-2	0.00000000E+0	0.00000000E+0
-9.76562500E-2	-7.35261008E-9	-7.35261008E-9	-9.76562500E-2	0.00000000E+0	0.00000000E+0
-1.00097656E-1	-7.46650031E-9	-7.46650031E-9	-1.00097656E-1	0.00000000E+0	0.00000000E+0
-1.02539062E-1	-7.55913021E-9	-7.55913021E-9	-1.02539062E-1	0.00000000E+0	0.00000000E+0
-1.04980469E-1	-7.69238007E-9	-7.69238007E-9	-1.04980469E-1	0.00000000E+0	0.00000000E+0
-1.07421875E-1	-7.81955034E-9	-7.81955034E-9	-1.07421875E-1	0.00000000E+0	0.00000000E+0
-1.09863281E-1	-7.96229038E-9	-7.96229038E-9	-1.09863281E-1	0.00000000E+0	0.00000000E+0
-1.12304687E-1	-8.11237033E-9	-8.11237033E-9	-1.12304687E-1	0.00000000E+0	0.00000000E+0
-1.14746094E-1	-8.26941005E-9	-8.26941005E-9	-1.14746094E-1	0.00000000E+0	0.00000000E+0
-1.17187500E-1	-8.42315995E-9	-8.42315995E-9	-1.17187500E-1	0.00000000E+0	0.00000000E+0
-1.19628906E-1	-8.58601990E-9	-8.58601990E-9	-1.19628906E-1	0.00000000E+0	0.00000000E+0
-1.22070312E-1	-8.74432970E-9	-8.74432970E-9	-1.22070312E-1	0.00000000E+0	0.00000000E+0
-1.24511719E-1	-8.91478003E-9	-8.91478003E-9	-1.24511719E-1	0.00000000E+0	0.00000000E+0
-1.26953125E-1	-8.96033026E-9	-8.96033026E-9	-1.26953125E-1	0.00000000E+0	0.00000000E+0
-1.29394531E-1	-9.13116960E-9	-9.13116960E-9	-1.29394531E-1	0.00000000E+0	0.00000000E+0
-1.31835937E-1	-9.29591959E-9	-9.29591959E-9	-1.31835937E-1	0.00000000E+0	0.00000000E+0
-1.34277344E-1	-9.48574019E-9	-9.48574019E-9	-1.34277344E-1	0.00000000E+0	0.00000000E+0
-1.36718750E-1	-9.64670033E-9	-9.64670033E-9	-1.36718750E-1	0.00000000E+0	0.00000000E+0
-1.39160156E-1	-9.81829018E-9	-9.81829018E-9	-1.39160156E-1	0.00000000E+0	0.00000000E+0
-1.41601562E-1	-1.00225002E-8	-1.00225002E-8	-1.41601562E-1	0.00000000E+0	0.00000000E+0
-1.44042969E-1	-1.02301998E-8	-1.02301998E-8	-1.44042969E-1	0.00000000E+0	0.00000000E+0
-1.46484375E-1	-1.03959996E-8	-1.03959996E-8	-1.46484375E-1	0.00000000E+0	0.00000000E+0
-1.48925781E-1	-1.05852997E-8	-1.05852997E-8	-1.48925781E-1	0.00000000E+0	0.00000000E+0
-1.51367187E-1	-1.07618998E-8	-1.07618998E-8	-1.51367187E-1	0.00000000E+0	0.00000000E+0
-1.53808594E-1	-1.09605001E-8	-1.09605001E-8	-1.53808594E-1	0.00000000E+0	0.00000000E+0
-1.56250000E-1	-1.11157004E-8	-1.11157004E-8	-1.56250000E-1	0.00000000E+0	0.00000000E+0
-1.58691406E-1	-1.13513998E-8	-1.13513998E-8	-1.58691406E-1	0.00000000E+0	0.00000000E+0
-1.61132812E-1	-1.15240999E-8	-1.15240999E-8	-1.61132812E-1	0.00000000E+0	0.00000000E+0
-1.63574219E-1	-1.17088002E-8	-1.17088002E-8	-1.63574219E-1	0.00000000E+0	0.00000000E+0
-1.66015625E-1	-1.18610997E-8	-1.18610997E-8	-1.66015625E-1	0.00000000E+0	0.00000000E+0
-1.68457031E-1	-1.20471997E-8	-1.20471997E-8	-1.68457031E-1	0.00000000E+0	0.00000000E+0
-1.70898437E-1	-1.22547998E-8	-1.22547998E-8	-1.70898437E-1	0.00000000E+0	0.00000000E+0
-1.73339844E-1	-1.24485000E-8	-1.24485000E-8	-1.73339844E-1	0.00000000E+0	0.00000000E+0
-1.75781250E-1	-1.26317001E-8	-1.26317001E-8	-1.75781250E-1	0.00000000E+0	0.00000000E+0
-1.78222656E-1	-1.27852999E-8	-1.27852999E-8	-1.78222656E-1	0.00000000E+0	0.00000000E+0
-1.80664062E-1	-1.29593998E-8	-1.29593998E-8	-1.80664062E-1	0.00000000E+0	0.00000000E+0
-1.83105469E-1	-1.32473001E-8	-1.32473001E-8	-1.83105469E-1	0.00000000E+0	0.00000000E+0
-1.85546875E-1	-1.34332998E-8	-1.34332998E-8	-1.85546875E-1	0.00000000E+0	0.00000000E+0
-1.87988281E-1	-1.36627003E-8	-1.36627003E-8	-1.87988281E-1	0.00000000E+0	0.00000000E+0
-1.90429687E-1	-1.38615004E-8	-1.38615004E-8	-1.90429687E-1	0.00000000E+0	0.00000000E+0
-1.92871094E-1	-1.39812997E-8	-1.39812997E-8	-1.92871094E-1	0.00000000E+0	0.00000000E+0
-1.95312500E-1	-1.42361003E-8	-1.42361003E-8	-1.95312500E-1	0.00000000E+0	0.00000000E+0
-1.97753906E-1	-1.44297996E-8	-1.44297996E-8	-1.97753906E-1	0.00000000E+0	0.00000000E+0
-2.00195312E-1	-1.45227999E-8	-1.45227999E-8	-2.00195312E-1	0.00000000E+0	0.00000000E+0
-2.02636719E-1	-1.48349999E-8	-1.48349999E-8	-2.02636719E-1	0.00000000E+0	0.00000000E+0
-2.05078125E-1	-1.51535993E-8	-1.51535993E-8	-2.05078125E-1	0.00000000E+0	0.00000000E+0
-2.07519531E-1	-1.53243001E-8	-1.53243001E-8	-2.07519531E-1	0.00000000E+0	0.00000000E+0
-2.09960937E-1	-1.54389994E-8	-1.54389994E-8	-2.09960937E-1	0.00000000E+0	0.00000000E+0
-2.12402344E-1	-1.52683004E-8	-1.52683004E-8	-2.12402344E-1	0.00000000E+0	0.00000000E+0
-2.14843750E-1	-1.45622998E-8	-1.45622998E-8	-2.14843750E-1	0.00000000E+0	0.00000000E+0
-2.17285156E-1	-1.47049999E-8	-1.47049999E-8	-2.17285156E-1	0.00000000E+0	0.00000000E+0
-2.19726562E-1	-1.49816000E-8	-1.49816000E-8	-2.19726562E-1	0.00000000E+0	0.00000000E+0
-2.22167969E-1	-1.58188005E-8	-1.58188005E-8	-2.22167969E-1	0.00000000E+0	0.00000000E+0
-2.24609375E-1	-1.60405005E-8	-1.60405005E-8	-2.24609375E-1	0.00000000E+0	0.00000000E+0
-2.27050781E-1	-1.62965996E-8	-1.62965996E-8	-2.27050781E-1	0.00000000E+0	0.00000000E+0
-2.29492187E-1	-1.63768998E-8	-1.63768998E-8	-2.29492187E-1	0.00000000E+0	0.00000000E+0
-2.31933594E-1	-1.66623000E-8	-1.66623000E-8	-2.31933594E-1	0.00000000E+0	0.00000000E+0
-2.34375000E-1	-1.66941998E-8	-1.66941998E-8	-2.34375000E-1	0.00000000E+0	0.00000000E+0
-2.36816406E-1	-1.69388006E-8	-1.69388006E-8	-2.36816406E-1	0.00000000E+0	0.00000000E+0
-2.39257812E-1	-1.61551998E-8	-1.61551998E-8	-2.39257812E-1	0.00000000E+0	0.00000000E+0
-2.41699219E-1	-1.63271991E-8	-1.63271991E-8	-2.41699219E-1	0.00000000E+0	0.00000000E+0
-2.44140625E-1	-1.64737006E-8	-1.64737006E-8	-2.44140625E-1	0.00000000E+0	0.00000000E+0
-2.46582031E-1	-1.66521001E-8	-1.66521001E-8	-2.46582031E-1	0.00000000E+0	0.00000000E+0
-2.49023437E-1	-1.68280003E-8	-1.68280003E-8	-2.49023437E-1	0.00000000E+0	0.00000000E+0
-2.51464844E-1	-1.69388006E-8	-1.69388006E-8	-2.51464844E-1	0.00000000E+0	0.00000000E+0
-2.53906250E-1	-1.71515993E-8	-1.71515993E-8	-2.53906250E-1	0.00000000E+0	0.00000000E+0
-2.56347656E-1	-1.72637993E-8	-1.72637993E-8	-2.56347656E-1	0.00000000E+0	0.00000000E+0
-2.58789062E-1	-1.73351005E-8	-1.73351005E-8	-2.58789062E-1	0.00000000E+0	0.00000000E+0
-2.61230469E-1	-1.75389996E-8	-1.75389996E-8	-2.61230469E-1	0.00000000E+0	0.00000000E+0
-2.63671875E-1	-1.82552000E-8	-1.82552000E-8	-2.63671875E-1	0.00000000E+0	0.00000000E+0
-2.66113281E-1	-1.78321002E-8	-1.78321002E-8	-2.66113281E-1	0.00000000E+0	0.00000000E+0
-2.68554687E-1	-1.80283006E-8	-1.80283006E-8	-2.68554687E-1	0.00000000E+0	0.00000000E+0
-2.70996094E-1	-1.90986995E-8	-1.90986995E-8	-2.70996094E-1	0.00000000E+0	0.00000000E+0
-2.73437500E-1	-1.92630996E-8	-1.92630996E-8	-2.73437500E-1	0.00000000E+0	0.00000000E+0
-2.75878906E-1	-1.94772003E-8	-1.94772003E-8	-2.75878906E-1	0.00000000E+0	0.00000000E+0
-2.78320312E-1	-1.95498000E-8	-1.95498000E-8	-2.78320312E-1	0.00000000E+0	0.00000000E+0
-2.80761719E-1	-1.97281995E-8	-1.97281995E-8	-2.80761719E-1	0.00000000E+0	0.00000000E+0
-2.83203125E-1	-1.88922993E-8	-1.88922993E-8	-2.83203125E-1	0.00000000E+0	0.00000000E+0
-2.85644531E-1	-1.89891001E-8	-1.89891001E-8	-2.85644531E-1	0.00000000E+0	0.00000000E+0
-2.88085937E-1	-1.93433998E-8	-1.93433998E-8	-2.88085937E-1	0.00000000E+0	0.00000000E+0
-2.90527344E-1	-2.04138004E-8	-2.04138004E-8	-2.90527344E-1	0.00000000E+0	0.00000000E+0
-2.92968750E-1	-2.05820001E-8	-2.05820001E-8	-2.92968750E-1	0.00000000E+0	0.00000000E+0
-2.95410156E-1	-1.97026999E-8	-1.97026999E-8	-2.95410156E-1	0.00000000E+0	0.00000000E+0
-2.97851562E-1	-2.06202007E-8	-2.06202007E-8	-2.97851562E-1	0.00000000E+0	0.00000000E+0
-3.00292969E-1	-2.10050004E-8	-2.10050004E-8	-3.00292969E-1	0.00000000E+0	0.00000000E+0
-3.02734375E-1	-2.11477005E-8	-2.11477005E-8	-3.02734375E-1	0.00000000E+0	0.00000000E+0
-3.05175781E-1	-2.13542002E-8	-2.13542002E-8	-3.05175781E-1	0.00000000E+0	0.00000000E+0
-3.07617187E-1	-2.14535998E-8	-2.14535998E-8	-3.07617187E-1	0.00000000E+0	0.00000000E+0
-3.10058594E-1	-2.10152002E-8	-2.10152002E-8	-3.10058594E-1	0.00000000E+0	0.00000000E+0
-3.12500000E-1	-2.06583994E-8	-2.06583994E-8	-3.12500000E-1	0.00000000E+0	0.00000000E+0
-3.14941406E-1	-2.11094999E-8	-2.11094999E-8	-3.14941406E-1	0.00000000E+0	0.00000000E+0
-3.17382812E-1	-2.09590993E-8	-2.09590993E-8	-3.17382812E-1	0.00000000E+0	0.00000000E+0
-3.19824219E-1	-2.11477005E-8	-2.11477005E-8	-3.19824219E-1	0.00000000E+0	0.00000000E+0
-3.22265625E-1	-2.24474999E-8	-2.24474999E-8	-3.22265625E-1	0.00000000E+0	0.00000000E+0
-3.24707031E-1	-2.25775008E-8	-2.25775008E-8	-3.24707031E-1	0.00000000E+0	0.00000000E+0
-3.27148437E-1	-2.22180994E-8	-2.22180994E-8	-3.27148437E-1	0.00000000E+0	0.00000000E+0
-3.29589844E-1	-2.16880007E-8	-2.16880007E-8	-3.29589844E-1	0.00000000E+0	0.00000000E+0
-3.32031250E-1	-2.24169003E-8	-2.24169003E-8	-3.32031250E-1	0.00000000E+0	0.00000000E+0
-3.34472656E-1	-2.32119994E-8	-2.32119994E-8	-3.34472656E-1	0.00000000E+0	0.00000000E+0
-3.36914062E-1	-2.33114008E-8	-2.33114008E-8	-3.36914062E-1	0.00000000E+0	0.00000000E+0
-3.39355469E-1	-2.31356001E-8	-2.31356001E-8	-3.39355469E-1	0.00000000E+0	0.00000000E+0
-3.41796875E-1	-2.34338007E-8	-2.34338007E-8	-3.41796875E-1	0.00000000E+0	0.00000000E+0
-3.44238281E-1	-2.38007996E-8	-2.38007996E-8	-3.44238281E-1	0.00000000E+0	0.00000000E+0
-3.46679687E-1	-2.28349002E-8	-2.28349002E-8	-3.46679687E-1	0.00000000E+0	0.00000000E+0
-3.49121094E-1	-2.40835991E-8	-2.40835991E-8	-3.49121094E-1	0.00000000E+0	0.00000000E+0
-3.51562500E-1	-2.41600997E-8	-2.41600997E-8	-3.51562500E-1	0.00000000E+0	0.00000000E+0
-3.54003906E-1	-2.43282994E-8	-2.43282994E-8	-3.54003906E-1	0.00000000E+0	0.00000000E+0
-3.56445312E-1	-2.35611992E-8	-2.35611992E-8	-3.56445312E-1	0.00000000E+0	0.00000000E+0
-3.58886719E-1	-2.33000002E-8	-2.33000002E-8	-3.58886719E-1	0.00000000E+0	0.00000000E+0
-3.61328125E-1	-2.34491004E-8	-2.34491004E-8	-3.61328125E-1	0.00000000E+0	0.00000000E+0
-3.63769531E-1	-2.41906992E-8	-2.41906992E-8	-3.63769531E-1	0.00000000E+0	0.00000000E+0
-3.66210937E-1	-2.50241001E-8	-2.50241001E-8	-3.66210937E-1	0.00000000E+0	0.00000000E+0
-3.68652344E-1	-2.51845993E-8	-2.51845993E-8	-3.68652344E-1	0.00000000E+0	0.00000000E+0
-3.71093750E-1	-2.52305004E-8	-2.52305004E-8	-3.71093750E-1	0.00000000E+0	0.00000000E+0
-3.73535156E-1	-2.52305004E-8	-2.52305004E-8	-3.73535156E-1	0.00000000E+0	0.00000000E+0
-3.75976562E-1	-2.54522003E-8	-2.54522003E-8	-3.75976562E-1	0.00000000E+0	0.00000000E+0
-3.78417969E-1	-2.43092000E-8	-2.43092000E-8	-3.78417969E-1	0.00000000E+0	0.00000000E+0
-3.80859375E-1	-2.44965008E-8	-2.44965008E-8	-3.80859375E-1	0.00000000E+0	0.00000000E+0
-3.83300781E-1	-2.52878003E-8	-2.52878003E-8	-3.83300781E-1	0.00000000E+0	0.00000000E+0
-3.85742187E-1	-2.47565008E-8	-2.47565008E-8	-3.85742187E-1	0.00000000E+0	0.00000000E+0
-3.88183594E-1	-2.49247005E-8	-2.49247005E-8	-3.88183594E-1	0.00000000E+0	0.00000000E+0
-3.90625000E-1	-2.51845993E-8	-2.51845993E-8	-3.90625000E-1	0.00000000E+0	0.00000000E+0
-3.93066406E-1	-2.65302003E-8	-2.65302003E-8	-3.93066406E-1	0.00000000E+0	0.00000000E+0
-3.95507812E-1	-2.55018993E-8	-2.55018993E-8	-3.95507812E-1	0.00000000E+0	0.00000000E+0
-3.97949219E-1	-2.55018993E-8	-2.55018993E-8	-3.97949219E-1	0.00000000E+0	0.00000000E+0
-4.00390625E-1	-2.56241997E-8	-2.56241997E-8	-4.00390625E-1	0.00000000E+0	0.00000000E+0
-4.02832031E-1	-2.57580002E-8	-2.57580002E-8	-4.02832031E-1	0.00000000E+0	0.00000000E+0
-4.05273437E-1	-2.71725007E-8	-2.71725007E-8	-4.05273437E-1	0.00000000E+0	0.00000000E+0
-4.07714844E-1	-2.63696993E-8	-2.63696993E-8	-4.07714844E-1	0.00000000E+0	0.00000000E+0
-4.10156250E-1	-2.64384994E-8	-2.64384994E-8	-4.10156250E-1	0.00000000E+0	0.00000000E+0
-4.12597656E-1	-2.62474007E-8	-2.62474007E-8	-4.12597656E-1	0.00000000E+0	0.00000000E+0
-4.15039062E-1	-2.68971991E-8	-2.68971991E-8	-4.15039062E-1	0.00000000E+0	0.00000000E+0
-4.17480469E-1	-2.75164993E-8	-2.75164993E-8	-4.17480469E-1	0.00000000E+0	0.00000000E+0
-4.19921875E-1	-2.75929999E-8	-2.75929999E-8	-4.19921875E-1	0.00000000E+0	0.00000000E+0
-4.22363281E-1	-2.66831996E-8	-2.66831996E-8	-4.22363281E-1	0.00000000E+0	0.00000000E+0
-4.24804687E-1	-2.68207998E-8	-2.68207998E-8	-4.24804687E-1	0.00000000E+0	0.00000000E+0
-4.27246094E-1	-2.69393006E-8	-2.69393006E-8	-4.27246094E-1	0.00000000E+0	0.00000000E+0
-4.29687500E-1	-2.84264008E-8	-2.84264008E-8	-4.29687500E-1	0.00000000E+0	0.00000000E+0
-4.32128906E-1	-2.73062994E-8	-2.73062994E-8	-4.32128906E-1	0.00000000E+0	0.00000000E+0
-4.34570312E-1	-2.73254006E-8	-2.73254006E-8	-4.34570312E-1	0.00000000E+0	0.00000000E+0
-4.37011719E-1	-2.89386008E-8	-2.89386008E-8	-4.37011719E-1	0.00000000E+0	0.00000000E+0
-4.39453125E-1	-2.74401000E-8	-2.74401000E-8	-4.39453125E-1	0.00000000E+0	0.00000000E+0
-4.41894531E-1	-2.75929999E-8	-2.75929999E-8	-4.41894531E-1	0.00000000E+0	0.00000000E+0
-4.44335937E-1	-2.88851005E-8	-2.88851005E-8	-4.44335937E-1	0.00000000E+0	0.00000000E+0
-4.46777344E-1	-2.89271007E-8	-2.89271007E-8	-4.46777344E-1	0.00000000E+0	0.00000000E+0
-4.49218750E-1	-2.86404003E-8	-2.86404003E-8	-4.49218750E-1	0.00000000E+0	0.00000000E+0
-4.51660156E-1	-2.95272997E-8	-2.95272997E-8	-4.51660156E-1	0.00000000E+0	0.00000000E+0
-4.54101562E-1	-2.90073991E-8	-2.90073991E-8	-4.54101562E-1	0.00000000E+0	0.00000000E+0
-4.56542969E-1	-2.81510992E-8	-2.81510992E-8	-4.56542969E-1	0.00000000E+0	0.00000000E+0
-4.58984375E-1	-2.91603008E-8	-2.91603008E-8	-4.58984375E-1	0.00000000E+0	0.00000000E+0
-4.61425781E-1	-2.94203009E-8	-2.94203009E-8	-4.61425781E-1	0.00000000E+0	0.00000000E+0
-4.63867187E-1	-2.86404003E-8	-2.86404003E-8	-4.63867187E-1	0.00000000E+0	0.00000000E+0
-4.66308594E-1	-3.00166008E-8	-3.00166008E-8	-4.66308594E-1	0.00000000E+0	0.00000000E+0
-4.68750000E-1	-2.87628001E-8	-2.87628001E-8	-4.68750000E-1	0.00000000E+0	0.00000000E+0
-4.71191406E-1	-2.97720000E-8	-2.97720000E-8	-4.71191406E-1	0.00000000E+0	0.00000000E+0
-4.73632812E-1	-3.00587004E-8	-3.00587004E-8	-4.73632812E-1	0.00000000E+0	0.00000000E+0
-4.76074219E-1	-2.91296995E-8	-2.91296995E-8	-4.76074219E-1	0.00000000E+0	0.00000000E+0
-4.78515625E-1	-2.97107992E-8	-2.97107992E-8	-4.78515625E-1	0.00000000E+0	0.00000000E+0
-4.80957031E-1	-2.98140002E-8	-2.98140002E-8	-4.80957031E-1	0.00000000E+0	0.00000000E+0
-4.83398437E-1	-3.00166008E-8	-3.00166008E-8	-4.83398437E-1	0.00000000E+0	0.00000000E+0
-4.85839844E-1	-3.01389989E-8	-3.01389989E-8	-4.85839844E-1	0.00000000E+0	0.00000000E+0
-4.88281250E-1	-3.07735988E-8	-3.07735988E-8	-4.88281250E-1	0.00000000E+0	0.00000000E+0
-4.90722656E-1	-3.10106003E-8	-3.10106003E-8	-4.90722656E-1	0.00000000E+0	0.00000000E+0
-4.93164062E-1	-3.07505985E-8	-3.07505985E-8	-4.93164062E-1	0.00000000E+0	0.00000000E+0
-4.90722656E-1	-3.07735988E-8	-3.07735988E-8	-4.90722656E-1	0.00000000E+0	0.00000000E+0
-4.88281250E-1	-2.98140002E-8	-2.98140002E-8	-4.88281250E-1	0.00000000E+0	0.00000000E+0
-4.85839844E-1	-3.03606988E-8	-3.03606988E-8	-4.85839844E-1	0.00000000E+0	0.00000000E+0
-4.83398437E-1	-3.03989012E-8	-3.03989012E-8	-4.83398437E-1	0.00000000E+0	0.00000000E+0
-4.80957031E-1	-3.04524015E-8	-3.04524015E-8	-4.80957031E-1	0.00000000E+0	0.00000000E+0
-4.78515625E-1	-3.02613010E-8	-3.02613010E-8	-4.78515625E-1	0.00000000E+0	0.00000000E+0
-4.76074219E-1	-3.03148013E-8	-3.03148013E-8	-4.76074219E-1	0.00000000E+0	0.00000000E+0
-4.73632812E-1	-3.02422016E-8	-3.02422016E-8	-4.73632812E-1	0.00000000E+0	0.00000000E+0
-4.71191406E-1	-2.91717992E-8	-2.91717992E-8	-4.71191406E-1	0.00000000E+0	0.00000000E+0
-4.68750000E-1	-2.95885005E-8	-2.95885005E-8	-4.68750000E-1	0.00000000E+0	0.00000000E+0
-4.66308594E-1	-3.00166008E-8	-3.00166008E-8	-4.66308594E-1	0.00000000E+0	0.00000000E+0
-4.63867187E-1	-2.96916998E-8	-2.96916998E-8	-4.63867187E-1	0.00000000E+0	0.00000000E+0
-4.61425781E-1	-2.97567002E-8	-2.97567002E-8	-4.61425781E-1	0.00000000E+0	0.00000000E+0
-4.58984375E-1	-2.93515008E-8	-2.93515008E-8	-4.58984375E-1	0.00000000E+0	0.00000000E+0
-4.56542969E-1	-2.86404003E-8	-2.86404003E-8	-4.56542969E-1	0.00000000E+0	0.00000000E+0
-4.54101562E-1	-2.90991995E-8	-2.90991995E-8	-4.54101562E-1	0.00000000E+0	0.00000000E+0
-4.51660156E-1	-2.85716002E-8	-2.85716002E-8	-4.51660156E-1	0.00000000E+0	0.00000000E+0
-4.49218750E-1	-2.91296995E-8	-2.91296995E-8	-4.49218750E-1	0.00000000E+0	0.00000000E+0
-4.46777344E-1	-2.88010007E-8	-2.88010007E-8	-4.46777344E-1	0.00000000E+0	0.00000000E+0
-4.44335937E-1	-2.88010007E-8	-2.88010007E-8	-4.44335937E-1	0.00000000E+0	0.00000000E+0
-4.41894531E-1	-2.86939006E-8	-2.86939006E-8	-4.41894531E-1	0.00000000E+0	0.00000000E+0
-4.39453125E-1	-2.79370003E-8	-2.79370003E-8	-4.39453125E-1	0.00000000E+0	0.00000000E+0
-4.37011719E-1	-2.77535008E-8	-2.77535008E-8	-4.37011719E-1	0.00000000E+0	0.00000000E+0
-4.34570312E-1	-2.78146999E-8	-2.78146999E-8	-4.34570312E-1	0.00000000E+0	0.00000000E+0
-4.32128906E-1	-2.82045995E-8	-2.82045995E-8	-4.32128906E-1	0.00000000E+0	0.00000000E+0
-4.29687500E-1	-2.70807003E-8	-2.70807003E-8	-4.29687500E-1	0.00000000E+0	0.00000000E+0
-4.27246094E-1	-2.75699996E-8	-2.75699996E-8	-4.27246094E-1	0.00000000E+0	0.00000000E+0
-4.24804687E-1	-2.75929999E-8	-2.75929999E-8	-4.24804687E-1	0.00000000E+0	0.00000000E+0
-4.22363281E-1	-2.78912005E-8	-2.78912005E-8	-4.22363281E-1	0.00000000E+0	0.00000000E+0
-4.19921875E-1	-2.74095004E-8	-2.74095004E-8	-4.19921875E-1	0.00000000E+0	0.00000000E+0
-4.17480469E-1	-2.75318008E-8	-2.75318008E-8	-4.17480469E-1	0.00000000E+0	0.00000000E+0
-4.15039062E-1	-2.74401000E-8	-2.74401000E-8	-4.15039062E-1	0.00000000E+0	0.00000000E+0
-4.12597656E-1	-2.73788991E-8	-2.73788991E-8	-4.12597656E-1	0.00000000E+0	0.00000000E+0
-4.10156250E-1	-2.69928009E-8	-2.69928009E-8	-4.10156250E-1	0.00000000E+0	0.00000000E+0
-4.07714844E-1	-2.71037006E-8	-2.71037006E-8	-4.07714844E-1	0.00000000E+0	0.00000000E+0
-4.05273437E-1	-2.62091007E-8	-2.62091007E-8	-4.05273437E-1	0.00000000E+0	0.00000000E+0
-4.02832031E-1	-2.56892001E-8	-2.56892001E-8	-4.02832031E-1	0.00000000E+0	0.00000000E+0
-4.00390625E-1	-2.66983999E-8	-2.66983999E-8	-4.00390625E-1	0.00000000E+0	0.00000000E+0
-3.97949219E-1	-2.66526001E-8	-2.66526001E-8	-3.97949219E-1	0.00000000E+0	0.00000000E+0
-3.95507812E-1	-2.60217998E-8	-2.60217998E-8	-3.95507812E-1	0.00000000E+0	0.00000000E+0
-3.93066406E-1	-2.51387000E-8	-2.51387000E-8	-3.93066406E-1	0.00000000E+0	0.00000000E+0
-3.90625000E-1	-2.62091007E-8	-2.62091007E-8	-3.90625000E-1	0.00000000E+0	0.00000000E+0
-3.88183594E-1	-2.59033008E-8	-2.59033008E-8	-3.88183594E-1	0.00000000E+0	0.00000000E+0
-3.85742187E-1	-2.49705003E-8	-2.49705003E-8	-3.85742187E-1	0.00000000E+0	0.00000000E+0
-3.83300781E-1	-2.57197996E-8	-2.57197996E-8	-3.83300781E-1	0.00000000E+0	0.00000000E+0
-3.80859375E-1	-2.48787995E-8	-2.48787995E-8	-3.80859375E-1	0.00000000E+0	0.00000000E+0
-3.78417969E-1	-2.54102002E-8	-2.54102002E-8	-3.78417969E-1	0.00000000E+0	0.00000000E+0
-3.75976562E-1	-2.44965008E-8	-2.44965008E-8	-3.75976562E-1	0.00000000E+0	0.00000000E+0
-3.73535156E-1	-2.45729996E-8	-2.45729996E-8	-3.73535156E-1	0.00000000E+0	0.00000000E+0
-3.71093750E-1	-2.41295002E-8	-2.41295002E-8	-3.71093750E-1	0.00000000E+0	0.00000000E+0
-3.68652344E-1	-2.50010999E-8	-2.50010999E-8	-3.68652344E-1	0.00000000E+0	0.00000000E+0
-3.66210937E-1	-2.43895002E-8	-2.43895002E-8	-3.66210937E-1	0.00000000E+0	0.00000000E+0
-3.63769531E-1	-2.42213005E-8	-2.42213005E-8	-3.63769531E-1	0.00000000E+0	0.00000000E+0
-3.61328125E-1	-2.40454003E-8	-2.40454003E-8	-3.61328125E-1	0.00000000E+0	0.00000000E+0
-3.58886719E-1	-2.32387993E-8	-2.32387993E-8	-3.58886719E-1	0.00000000E+0	0.00000000E+0
-3.56445312E-1	-2.41295002E-8	-2.41295002E-8	-3.56445312E-1	0.00000000E+0	0.00000000E+0
-3.54003906E-1	-2.41906992E-8	-2.41906992E-8	-3.54003906E-1	0.00000000E+0	0.00000000E+0
-3.51562500E-1	-2.40644997E-8	-2.40644997E-8	-3.51562500E-1	0.00000000E+0	0.00000000E+0
-3.49121094E-1	-2.29827002E-8	-2.29827002E-8	-3.49121094E-1	0.00000000E+0	0.00000000E+0
-3.46679687E-1	-2.37166997E-8	-2.37166997E-8	-3.46679687E-1	0.00000000E+0	0.00000000E+0
-3.44238281E-1	-2.36670008E-8	-2.36670008E-8	-3.44238281E-1	0.00000000E+0	0.00000000E+0
-3.41796875E-1	-2.34338007E-8	-2.34338007E-8	-3.41796875E-1	0.00000000E+0	0.00000000E+0
-3.39355469E-1	-2.29444996E-8	-2.29444996E-8	-3.39355469E-1	0.00000000E+0	0.00000000E+0
-3.36914062E-1	-2.29827002E-8	-2.29827002E-8	-3.36914062E-1	0.00000000E+0	0.00000000E+0
-3.34472656E-1	-2.24474999E-8	-2.24474999E-8	-3.34472656E-1	0.00000000E+0	0.00000000E+0
-3.32031250E-1	-2.25238992E-8	-2.25238992E-8	-3.32031250E-1	0.00000000E+0	0.00000000E+0
-3.29589844E-1	-2.17899991E-8	-2.17899991E-8	-3.29589844E-1	0.00000000E+0	0.00000000E+0
-3.27148437E-1	-2.26309993E-8	-2.26309993E-8	-3.27148437E-1	0.00000000E+0	0.00000000E+0
-3.24707031E-1	-2.24933991E-8	-2.24933991E-8	-3.24707031E-1	0.00000000E+0	0.00000000E+0
-3.22265625E-1	-2.23556995E-8	-2.23556995E-8	-3.22265625E-1	0.00000000E+0	0.00000000E+0
-3.19824219E-1	-2.22067005E-8	-2.22067005E-8	-3.19824219E-1	0.00000000E+0	0.00000000E+0
-3.17382812E-1	-2.20498997E-8	-2.20498997E-8	-3.17382812E-1	0.00000000E+0	0.00000000E+0
-3.14941406E-1	-2.18715002E-8	-2.18715002E-8	-3.14941406E-1	0.00000000E+0	0.00000000E+0
-3.12500000E-1	-2.16982006E-8	-2.16982006E-8	-3.12500000E-1	0.00000000E+0	0.00000000E+0
-3.10058594E-1	-2.09183995E-8	-2.09183995E-8	-3.10058594E-1	0.00000000E+0	0.00000000E+0
-3.07617187E-1	-2.13796998E-8	-2.13796998E-8	-3.07617187E-1	0.00000000E+0	0.00000000E+0
-3.05175781E-1	-2.10979998E-8	-2.10979998E-8	-3.05175781E-1	0.00000000E+0	0.00000000E+0
-3.02734375E-1	-2.11094999E-8	-2.11094999E-8	-3.02734375E-1	0.00000000E+0	0.00000000E+0
-3.00292969E-1	-2.05972999E-8	-2.05972999E-8	-3.00292969E-1	0.00000000E+0	0.00000000E+0
-2.97851562E-1	-2.08112994E-8	-2.08112994E-8	-2.97851562E-1	0.00000000E+0	0.00000000E+0
-2.95410156E-1	-2.05207993E-8	-2.05207993E-8	-2.95410156E-1	0.00000000E+0	0.00000000E+0
-2.92968750E-1	-1.94466008E-8	-1.94466008E-8	-2.92968750E-1	0.00000000E+0	0.00000000E+0
-2.90527344E-1	-1.93128002E-8	-1.93128002E-8	-2.90527344E-1	0.00000000E+0	0.00000000E+0
-2.88085937E-1	-1.92209999E-8	-1.92209999E-8	-2.88085937E-1	0.00000000E+0	0.00000000E+0
-2.85644531E-1	-2.00009005E-8	-2.00009005E-8	-2.85644531E-1	0.00000000E+0	0.00000000E+0
-2.83203125E-1	-1.98861994E-8	-1.98861994E-8	-2.83203125E-1	0.00000000E+0	0.00000000E+0
-2.80761719E-1	-1.97026999E-8	-1.97026999E-8	-2.80761719E-1	0.00000000E+0	0.00000000E+0
-2.78320312E-1	-1.95294003E-8	-1.95294003E-8	-2.78320312E-1	0.00000000E+0	0.00000000E+0
-2.75878906E-1	-1.93739993E-8	-1.93739993E-8	-2.75878906E-1	0.00000000E+0	0.00000000E+0
-2.73437500E-1	-1.87775999E-8	-1.87775999E-8	-2.73437500E-1	0.00000000E+0	0.00000000E+0
-2.70996094E-1	-1.89891001E-8	-1.89891001E-8	-2.70996094E-1	0.00000000E+0	0.00000000E+0
-2.68554687E-1	-1.89610994E-8	-1.89610994E-8	-2.68554687E-1	0.00000000E+0	0.00000000E+0
-2.66113281E-1	-1.87775999E-8	-1.87775999E-8	-2.66113281E-1	0.00000000E+0	0.00000000E+0
-2.63671875E-1	-1.86196001E-8	-1.86196001E-8	-2.63671875E-1	0.00000000E+0	0.00000000E+0
-2.61230469E-1	-1.75542993E-8	-1.75542993E-8	-2.61230469E-1	0.00000000E+0	0.00000000E+0
-2.58789062E-1	-1.73860997E-8	-1.73860997E-8	-2.58789062E-1	0.00000000E+0	0.00000000E+0
-2.56347656E-1	-1.73555001E-8	-1.73555001E-8	-2.56347656E-1	0.00000000E+0	0.00000000E+0
-2.53906250E-1	-1.79288993E-8	-1.79288993E-8	-2.53906250E-1	0.00000000E+0	0.00000000E+0
-2.51464844E-1	-1.78066006E-8	-1.78066006E-8	-2.51464844E-1	0.00000000E+0	0.00000000E+0
-2.49023437E-1	-1.76307999E-8	-1.76307999E-8	-2.49023437E-1	0.00000000E+0	0.00000000E+0
-2.46582031E-1	-1.73249006E-8	-1.73249006E-8	-2.46582031E-1	0.00000000E+0	0.00000000E+0
-2.44140625E-1	-1.64494995E-8	-1.64494995E-8	-2.44140625E-1	0.00000000E+0	0.00000000E+0
-2.41699219E-1	-1.63157008E-8	-1.63157008E-8	-2.41699219E-1	0.00000000E+0	0.00000000E+0
-2.39257812E-1	-1.68968004E-8	-1.68968004E-8	-2.39257812E-1	0.00000000E+0	0.00000000E+0
-2.36816406E-1	-1.67745000E-8	-1.67745000E-8	-2.36816406E-1	0.00000000E+0	0.00000000E+0
-2.34375000E-1	-1.65680003E-8	-1.65680003E-8	-2.34375000E-1	0.00000000E+0	0.00000000E+0
-2.31933594E-1	-1.64279008E-8	-1.64279008E-8	-2.31933594E-1	0.00000000E+0	0.00000000E+0
-2.29492187E-1	-1.61934004E-8	-1.61934004E-8	-2.29492187E-1	0.00000000E+0	0.00000000E+0
-2.27050781E-1	-1.60711000E-8	-1.60711000E-8	-2.27050781E-1	0.00000000E+0	0.00000000E+0
-2.24609375E-1	-1.58086007E-8	-1.58086007E-8	-2.24609375E-1	0.00000000E+0	0.00000000E+0
-2.22167969E-1	-1.57289008E-8	-1.57289008E-8	-2.22167969E-1	0.00000000E+0	0.00000000E+0
-2.19726562E-1	-1.56352993E-8	-1.56352993E-8	-2.19726562E-1	0.00000000E+0	0.00000000E+0
-2.17285156E-1	-1.50313006E-8	-1.50313006E-8	-2.17285156E-1	0.00000000E+0	0.00000000E+0
-2.14843750E-1	-1.45036996E-8	-1.45036996E-8	-2.14843750E-1	0.00000000E+0	0.00000000E+0
-2.12402344E-1	-1.42973002E-8	-1.42973002E-8	-2.12402344E-1	0.00000000E+0	0.00000000E+0
-2.09960937E-1	-1.40729997E-8	-1.40729997E-8	-2.09960937E-1	0.00000000E+0	0.00000000E+0
-2.07519531E-1	-1.44400003E-8	-1.44400003E-8	-2.07519531E-1	0.00000000E+0	0.00000000E+0
-2.05078125E-1	-1.44400003E-8	-1.44400003E-8	-2.05078125E-1	0.00000000E+0	0.00000000E+0
-2.02636719E-1	-1.42590002E-8	-1.42590002E-8	-2.02636719E-1	0.00000000E+0	0.00000000E+0
-2.00195312E-1	-1.41546002E-8	-1.41546002E-8	-2.00195312E-1	0.00000000E+0	0.00000000E+0
-1.97753906E-1	-1.36398004E-8	-1.36398004E-8	-1.97753906E-1	0.00000000E+0	0.00000000E+0
-1.95312500E-1	-1.29681004E-8	-1.29681004E-8	-1.95312500E-1	0.00000000E+0	0.00000000E+0
-1.92871094E-1	-1.28371997E-8	-1.28371997E-8	-1.92871094E-1	0.00000000E+0	0.00000000E+0
-1.90429687E-1	-1.26600002E-8	-1.26600002E-8	-1.90429687E-1	0.00000000E+0	0.00000000E+0
-1.87988281E-1	-1.32473001E-8	-1.32473001E-8	-1.87988281E-1	0.00000000E+0	0.00000000E+0
-1.85546875E-1	-1.29593998E-8	-1.29593998E-8	-1.85546875E-1	0.00000000E+0	0.00000000E+0
-1.83105469E-1	-1.27852999E-8	-1.27852999E-8	-1.83105469E-1	0.00000000E+0	0.00000000E+0
-1.80664062E-1	-1.26354998E-8	-1.26354998E-8	-1.80664062E-1	0.00000000E+0	0.00000000E+0
-1.78222656E-1	-1.24395996E-8	-1.24395996E-8	-1.78222656E-1	0.00000000E+0	0.00000000E+0
-1.75781250E-1	-1.22957999E-8	-1.22957999E-8	-1.75781250E-1	0.00000000E+0	0.00000000E+0
-1.73339844E-1	-1.20903998E-8	-1.20903998E-8	-1.73339844E-1	0.00000000E+0	0.00000000E+0
-1.70898437E-1	-1.19522001E-8	-1.19522001E-8	-1.70898437E-1	0.00000000E+0	0.00000000E+0
-1.68457031E-1	-1.17535004E-8	-1.17535004E-8	-1.68457031E-1	0.00000000E+0	0.00000000E+0
-1.66015625E-1	-1.15859997E-8	-1.15859997E-8	-1.66015625E-1	0.00000000E+0	0.00000000E+0
-1.63574219E-1	-1.14123004E-8	-1.14123004E-8	-1.63574219E-1	0.00000000E+0	0.00000000E+0
-1.61132812E-1	-1.12274998E-8	-1.12274998E-8	-1.61132812E-1	0.00000000E+0	0.00000000E+0
-1.58691406E-1	-1.10459002E-8	-1.10459002E-8	-1.58691406E-1	0.00000000E+0	0.00000000E+0
-1.56250000E-1	-1.08515996E-8	-1.08515996E-8	-1.56250000E-1	0.00000000E+0	0.00000000E+0
-1.53808594E-1	-1.06778000E-8	-1.06778000E-8	-1.53808594E-1	0.00000000E+0	0.00000000E+0
-1.51367187E-1	-1.04688000E-8	-1.04688000E-8	-1.51367187E-1	0.00000000E+0	0.00000000E+0
-1.48925781E-1	-1.03425002E-8	-1.03425002E-8	-1.48925781E-1	0.00000000E+0	0.00000000E+0
-1.46484375E-1	-1.00966000E-8	-1.00966000E-8	-1.46484375E-1	0.00000000E+0	0.00000000E+0
-1.44042969E-1	-9.92344962E-9	-9.92344962E-9	-1.44042969E-1	0.00000000E+0	0.00000000E+0
-1.41601562E-1	-9.68694014E-9	-9.68694014E-9	-1.41601562E-1	0.00000000E+0	0.00000000E+0
-1.39160156E-1	-9.52003010E-9	-9.52003010E-9	-1.39160156E-1	0.00000000E+0	0.00000000E+0
-1.36718750E-1	-9.40563982E-9	-9.40563982E-9	-1.36718750E-1	0.00000000E+0	0.00000000E+0
-1.34277344E-1	-9.30768973E-9	-9.30768973E-9	-1.34277344E-1	0.00000000E+0	0.00000000E+0
-1.31835937E-1	-9.11940035E-9	-9.11940035E-9	-1.31835937E-1	0.00000000E+0	0.00000000E+0
-1.29394531E-1	-8.92274965E-9	-8.92274965E-9	-1.29394531E-1	0.00000000E+0	0.00000000E+0
-1.26953125E-1	-8.67106031E-9	-8.67106031E-9	-1.26953125E-1	0.00000000E+0	0.00000000E+0
-1.24511719E-1	-8.50060022E-9	-8.50060022E-9	-1.24511719E-1	0.00000000E+0	0.00000000E+0
-1.22070312E-1	-8.35976000E-9	-8.35976000E-9	-1.22070312E-1	0.00000000E+0	0.00000000E+0
-1.19628906E-1	-8.13199019E-9	-8.13199019E-9	-1.19628906E-1	0.00000000E+0	0.00000000E+0
-1.17187500E-1	-7.94597010E-9	-7.94597010E-9	-1.17187500E-1	0.00000000E+0	0.00000000E+0
-1.14746094E-1	-7.78805020E-9	-7.78805020E-9	-1.14746094E-1	0.00000000E+0	0.00000000E+0
-1.12304687E-1	-7.61418040E-9	-7.61418040E-9	-1.12304687E-1	0.00000000E+0	0.00000000E+0
-1.09863281E-1	-7.48017026E-9	-7.48017026E-9	-1.09863281E-1	0.00000000E+0	0.00000000E+0
-1.07421875E-1	-7.33705008E-9	-7.33705008E-9	-1.07421875E-1	0.00000000E+0	0.00000000E+0
-1.04980469E-1	-7.19355020E-9	-7.19355020E-9	-1.04980469E-1	0.00000000E+0	0.00000000E+0
-1.02539062E-1	-7.06865011E-9	-7.06865011E-9	-1.02539062E-1	0.00000000E+0	0.00000000E+0
-1.00097656E-1	-6.95475988E-9	-6.95475988E-9	-1.00097656E-1	0.00000000E+0	0.00000000E+0
-9.76562500E-2	-6.85568002E-9	-6.85568002E-9	-9.76562500E-2	0.00000000E+0	0.00000000E+0
-9.52148438E-2	-6.77938017E-9	-6.77938017E-9	-9.52148438E-2	0.00000000E+0	0.00000000E+0
-9.27734375E-2	-6.68218991E-9	-6.68218991E-9	-9.27734375E-2	0.00000000E+0	0.00000000E+0
-9.03320313E-2	-6.63131994E-9	-6.63131994E-9	-9.03320313E-2	0.00000000E+0	0.00000000E+0
-8.78906250E-2	-6.59716015E-9	-6.59716015E-9	-8.78906250E-2	0.00000000E+0	0.00000000E+0
-8.54492188E-2	-6.57666011E-9	-6.57666011E-9	-8.54492188E-2	0.00000000E+0	0.00000000E+0
-8.30078125E-2	-6.54741994E-9	-6.54741994E-9	-8.30078125E-2	0.00000000E+0	0.00000000E+0
-8.05664063E-2	-6.57666011E-9	-6.57666011E-9	-8.05664063E-2	0.00000000E+0	0.00000000E+0
-7.81250000E-2	-6.60247013E-9	-6.60247013E-9	-7.81250000E-2	0.00000000E+0	0.00000000E+0
-7.56835938E-2	-6.60247013E-9	-6.60247013E-9	-7.56835938E-2	0.00000000E+0	0.00000000E+0
-7.32421875E-2	-6.67270017E-9	-6.67270017E-9	-7.32421875E-2	0.00000000E+0	0.00000000E+0
-7.08007813E-2	-6.73724010E-9	-6.73724010E-9	-7.08007813E-2	0.00000000E+0	0.00000000E+0
-6.83593750E-2	-6.86137991E-9	-6.86137991E-9	-6.83593750E-2	0.00000000E+0	0.00000000E+0
-6.59179688E-2	-6.99197011E-9	-6.99197011E-9	-6.59179688E-2	0.00000000E+0	0.00000000E+0
-6.34765625E-2	-7.20494020E-9	-7.20494020E-9	-6.34765625E-2	0.00000000E+0	0.00000000E+0
-6.10351563E-2	-7.39931005E-9	-7.39931005E-9	-6.10351563E-2	0.00000000E+0	0.00000000E+0
-5.85937500E-2	-7.77652964E-9	-7.77652964E-9	-5.85937500E-2	0.00000000E+0	0.00000000E+0
-5.61523438E-2	-8.26219981E-9	-8.26219981E-9	-5.61523438E-2	0.00000000E+0	0.00000000E+0
-5.37109375E-2	-8.92274965E-9	-8.92274965E-9	-5.37109375E-2	0.00000000E+0	0.00000000E+0
-5.12695313E-2	-9.73691971E-9	-9.73691971E-9	-5.12695313E-2	0.00000000E+0	0.00000000E+0
-4.88281250E-2	-1.07986002E-8	-1.07986002E-8	-4.88281250E-2	0.00000000E+0	0.00000000E+0
-4.63867188E-2	-1.14123004E-8	-1.14123004E-8	-4.63867188E-2	0.00000000E+0	0.00000000E+0
-4.39453125E-2	-1.12586998E-8	-1.12586998E-8	-4.39453125E-2	0.00000000E+0	0.00000000E+0
-4.15039063E-2	-1.13388996E-8	-1.13388996E-8	-4.15039063E-2	0.00000000E+0	0.00000000E+0
-3.90625000E-2	-1.12347003E-8	-1.12347003E-8	-3.90625000E-2	0.00000000E+0	0.00000000E+0
-3.66210938E-2	-1.05003002E-8	-1.05003002E-8	-3.66210938E-2	0.00000000E+0	0.00000000E+0
-3.41796875E-2	-9.67289004E-9	-9.67289004E-9	-3.41796875E-2	0.00000000E+0	0.00000000E+0
-3.17382813E-2	-8.89768970E-9	-8.89768970E-9	-3.17382813E-2	0.00000000E+0	0.00000000E+0
-2.92968750E-2	-8.12477019E-9	-8.12477019E-9	-2.92968750E-2	0.00000000E+0	0.00000000E+0
-2.68554688E-2	-7.43423012E-9	-7.43423012E-9	-2.68554688E-2	0.00000000E+0	0.00000000E+0
-2.44140625E-2	-6.73724010E-9	-6.73724010E-9	-2.44140625E-2	0.00000000E+0	0.00000000E+0
-2.19726563E-2	-6.06946982E-9	-6.06946982E-9	-2.19726563E-2	0.00000000E+0	0.00000000E+0
-1.95312500E-2	-5.39222000E-9	-5.39222000E-9	-1.95312500E-2	0.00000000E+0	0.00000000E+0
-1.70898438E-2	-4.71497019E-9	-4.71497019E-9	-1.70898438E-2	0.00000000E+0	0.00000000E+0
-1.46484375E-2	-3.95723010E-9	-3.95723010E-9	-1.46484375E-2	0.00000000E+0	0.00000000E+0
-1.22070313E-2	-3.24809002E-9	-3.24809002E-9	-1.22070313E-2	0.00000000E+0	0.00000000E+0
-9.76562500E-3	-2.58298005E-9	-2.58298005E-9	-9.76562500E-3	0.00000000E+0	0.00000000E+0
-7.32421875E-3	-2.04239003E-9	-2.04239003E-9	-7.32421875E-3	0.00000000E+0	0.00000000E+0
-4.88281250E-3	-1.40917000E-9	-1.40917000E-9	-4.88281250E-3	0.00000000E+0	0.00000000E+0
-2.44140625E-3	-6.23442020E-10	-6.23442020E-10	-2.44140625E-3	0.00000000E+0	0.00000000E+0
0.00000000E+0	-2.32431002E-11	-2.32431002E-11	0.00000000E+0	0.00000000E+0	0.00000000E+0
